0 199 0.323698 0.455093 0.011979 0.052778 0.000000 1920.000000 1080.000000
0 200 0.323177 0.454167 0.011979 0.052778 0.000000 1920.000000 1080.000000
0 201 0.323177 0.454167 0.011979 0.052778 0.000000 1920.000000 1080.000000
0 202 0.323177 0.454167 0.011979 0.052778 0.000000 1920.000000 1080.000000
0 203 0.323177 0.454167 0.011979 0.052778 0.000000 1920.000000 1080.000000
0 204 0.323177 0.454167 0.011979 0.052778 0.000000 1920.000000 1080.000000
0 205 0.322656 0.454167 0.011979 0.052778 0.000000 1920.000000 1080.000000
0 206 0.322656 0.454167 0.011979 0.052778 0.000000 1920.000000 1080.000000
0 207 0.322656 0.454167 0.011979 0.052778 0.000000 1920.000000 1080.000000
0 208 0.322656 0.454167 0.011979 0.052778 0.000000 1920.000000 1080.000000
0 209 0.322656 0.454167 0.011979 0.052778 0.000000 1920.000000 1080.000000
0 210 0.322656 0.454167 0.011979 0.052778 0.000000 1920.000000 1080.000000
0 211 0.322135 0.454167 0.011979 0.052778 0.000000 1920.000000 1080.000000
0 212 0.322135 0.454167 0.011979 0.052778 0.000000 1920.000000 1080.000000
0 213 0.322135 0.454167 0.011979 0.052778 0.000000 1920.000000 1080.000000
0 214 0.322135 0.454167 0.011979 0.052778 0.000000 1920.000000 1080.000000
0 215 0.322135 0.454167 0.011979 0.052778 0.000000 1920.000000 1080.000000
0 216 0.322135 0.453241 0.011979 0.052778 0.000000 1920.000000 1080.000000
0 217 0.321615 0.453241 0.011979 0.052778 0.000000 1920.000000 1080.000000
0 218 0.321615 0.453241 0.011979 0.052778 0.000000 1920.000000 1080.000000
0 219 0.321615 0.453241 0.011979 0.052778 0.000000 1920.000000 1080.000000
0 220 0.321615 0.453241 0.011979 0.052778 0.000000 1920.000000 1080.000000
0 221 0.321615 0.453241 0.011979 0.052778 0.000000 1920.000000 1080.000000
0 222 0.321094 0.453241 0.011979 0.052778 0.000000 1920.000000 1080.000000
0 223 0.321094 0.453241 0.011979 0.052778 0.000000 1920.000000 1080.000000
0 224 0.321094 0.453241 0.011979 0.052778 0.000000 1920.000000 1080.000000
0 225 0.321094 0.453241 0.011979 0.052778 0.000000 1920.000000 1080.000000
0 226 0.321094 0.453241 0.011979 0.052778 0.000000 1920.000000 1080.000000
0 227 0.321094 0.453241 0.011979 0.052778 0.000000 1920.000000 1080.000000
0 228 0.320573 0.453241 0.011979 0.052778 0.000000 1920.000000 1080.000000
0 229 0.320573 0.453241 0.011979 0.052778 0.000000 1920.000000 1080.000000
0 230 0.320573 0.453241 0.011979 0.052778 0.000000 1920.000000 1080.000000
0 231 0.320573 0.453241 0.011979 0.052778 0.000000 1920.000000 1080.000000
0 232 0.320573 0.452315 0.011979 0.052778 0.000000 1920.000000 1080.000000
0 233 0.320573 0.452315 0.011979 0.052778 0.000000 1920.000000 1080.000000
0 234 0.320052 0.452315 0.011979 0.052778 0.000000 1920.000000 1080.000000
0 235 0.320052 0.452315 0.011979 0.052778 0.000000 1920.000000 1080.000000
0 236 0.320052 0.452315 0.011979 0.052778 0.000000 1920.000000 1080.000000
0 237 0.320052 0.452315 0.011979 0.052778 0.000000 1920.000000 1080.000000
0 238 0.320052 0.452315 0.011979 0.052778 0.000000 1920.000000 1080.000000
0 239 0.320052 0.452315 0.011979 0.052778 0.000000 1920.000000 1080.000000
0 240 0.319531 0.452315 0.011979 0.052778 0.000000 1920.000000 1080.000000
0 241 0.319531 0.452315 0.011979 0.052778 0.000000 1920.000000 1080.000000
0 242 0.319531 0.452315 0.011979 0.052778 0.000000 1920.000000 1080.000000
0 243 0.319531 0.452315 0.011979 0.052778 0.000000 1920.000000 1080.000000
0 244 0.319531 0.452315 0.011979 0.052778 0.000000 1920.000000 1080.000000
0 245 0.319010 0.452315 0.011979 0.052778 0.000000 1920.000000 1080.000000
0 246 0.319010 0.452315 0.011979 0.052778 0.041667 1920.000000 1080.000000
0 247 0.319010 0.452315 0.011979 0.052778 0.125000 1920.000000 1080.000000
0 248 0.319010 0.451389 0.011979 0.052778 0.000000 1920.000000 1080.000000
0 249 0.319010 0.451389 0.011979 0.052778 0.000718 1920.000000 1080.000000
0 250 0.319010 0.451389 0.011979 0.052778 0.000718 1920.000000 1080.000000
0 251 0.318490 0.451389 0.011979 0.052778 0.002155 1920.000000 1080.000000
0 252 0.318490 0.451389 0.011979 0.052778 0.002155 1920.000000 1080.000000
0 253 0.318490 0.451389 0.011979 0.052778 0.002874 1920.000000 1080.000000
0 254 0.318490 0.451389 0.011979 0.052778 0.002874 1920.000000 1080.000000
0 255 0.318490 0.451389 0.011979 0.052778 0.003592 1920.000000 1080.000000
0 256 0.318490 0.451389 0.011979 0.052778 0.003592 1920.000000 1080.000000
0 257 0.317969 0.451389 0.011979 0.052778 0.005029 1920.000000 1080.000000
0 258 0.317969 0.451389 0.011979 0.052778 0.005029 1920.000000 1080.000000
0 259 0.317969 0.451389 0.011979 0.052778 0.005747 1920.000000 1080.000000
0 260 0.317969 0.451389 0.011979 0.052778 0.005747 1920.000000 1080.000000
0 261 0.317969 0.451389 0.011979 0.052778 0.016523 1920.000000 1080.000000
0 262 0.317448 0.451389 0.011979 0.052778 0.005747 1920.000000 1080.000000
0 263 0.317448 0.451389 0.011979 0.052778 0.005747 1920.000000 1080.000000
0 264 0.317448 0.450463 0.011979 0.052778 0.022270 1920.000000 1080.000000
0 265 0.317448 0.450463 0.011979 0.052778 0.022270 1920.000000 1080.000000
0 266 0.317448 0.450463 0.011979 0.052778 0.063218 1920.000000 1080.000000
0 267 0.317448 0.450463 0.011979 0.052778 0.054598 1920.000000 1080.000000
0 268 0.316927 0.450463 0.011979 0.052778 0.094828 1920.000000 1080.000000
0 269 0.316927 0.450463 0.011979 0.052778 0.136490 1920.000000 1080.000000
0 270 0.316927 0.450463 0.011979 0.052778 0.136490 1920.000000 1080.000000
0 271 0.316927 0.450463 0.011979 0.052778 0.176720 1920.000000 1080.000000
0 272 0.316927 0.450463 0.011979 0.052778 0.216950 1920.000000 1080.000000
0 273 0.316927 0.450463 0.011979 0.052778 0.258620 1920.000000 1080.000000
0 274 0.316406 0.450463 0.011979 0.052778 0.300290 1920.000000 1080.000000
0 275 0.316406 0.450463 0.011979 0.052778 0.340520 1920.000000 1080.000000
0 276 0.316406 0.450463 0.011979 0.052778 0.385780 1920.000000 1080.000000
0 277 0.316406 0.450463 0.011979 0.052778 0.426720 1920.000000 1080.000000
0 278 0.316406 0.450463 0.011979 0.052778 0.466950 1920.000000 1080.000000
0 279 0.316406 0.450463 0.011979 0.052778 0.507900 1920.000000 1080.000000
0 280 0.316406 0.450000 0.011979 0.051852 0.548980 1920.000000 1080.000000
0 281 0.316406 0.450000 0.011979 0.051852 0.589180 1920.000000 1080.000000
0 282 0.316406 0.450000 0.011979 0.051852 0.629390 1920.000000 1080.000000
0 283 0.316406 0.450000 0.011979 0.051852 0.669590 1920.000000 1080.000000
0 284 0.316406 0.450000 0.011979 0.051852 0.669590 1920.000000 1080.000000
0 285 0.316406 0.450000 0.011979 0.051852 0.669590 1920.000000 1080.000000
0 286 0.316406 0.450000 0.011979 0.051852 0.669590 1920.000000 1080.000000
0 287 0.316406 0.450000 0.011979 0.051852 0.669590 1920.000000 1080.000000
0 288 0.316406 0.450000 0.011979 0.051852 0.709800 1920.000000 1080.000000
0 289 0.316406 0.450000 0.011979 0.051852 0.709800 1920.000000 1080.000000
0 290 0.316406 0.450000 0.011979 0.051852 0.709800 1920.000000 1080.000000
0 291 0.316406 0.450000 0.011979 0.051852 0.708330 1920.000000 1080.000000
0 292 0.316406 0.450000 0.011979 0.051852 0.709800 1920.000000 1080.000000
0 293 0.316406 0.450000 0.011979 0.051852 0.709800 1920.000000 1080.000000
0 294 0.316406 0.449537 0.011979 0.050926 0.709820 1920.000000 1080.000000
0 295 0.316406 0.449537 0.011979 0.050926 0.750000 1920.000000 1080.000000
0 296 0.316406 0.449537 0.011979 0.050926 0.750000 1920.000000 1080.000000
0 297 0.316406 0.449537 0.011979 0.050926 0.750000 1920.000000 1080.000000
0 298 0.316406 0.449537 0.011979 0.050926 0.750000 1920.000000 1080.000000
0 299 0.316406 0.449537 0.011979 0.050926 0.750000 1920.000000 1080.000000
0 300 0.316406 0.449537 0.011979 0.050926 0.750000 1920.000000 1080.000000
0 301 0.316406 0.449537 0.011979 0.050926 0.750000 1920.000000 1080.000000
0 302 0.316406 0.449537 0.011979 0.050926 0.750000 1920.000000 1080.000000
0 303 0.316406 0.449537 0.011979 0.050926 0.750000 1920.000000 1080.000000
0 304 0.316406 0.449537 0.011979 0.050926 0.750000 1920.000000 1080.000000
0 305 0.316406 0.449537 0.011979 0.050926 0.750000 1920.000000 1080.000000
0 306 0.316406 0.449537 0.011979 0.050926 0.750000 1920.000000 1080.000000
0 307 0.316406 0.449537 0.011979 0.050926 0.750000 1920.000000 1080.000000
0 308 0.316406 0.449074 0.011979 0.050000 0.750000 1920.000000 1080.000000
0 309 0.316406 0.449074 0.011979 0.050000 0.750000 1920.000000 1080.000000
0 310 0.316406 0.449074 0.011979 0.050000 0.750000 1920.000000 1080.000000
0 311 0.316406 0.449074 0.011979 0.050000 0.750000 1920.000000 1080.000000
0 312 0.316406 0.449074 0.011979 0.050000 0.750000 1920.000000 1080.000000
0 313 0.316406 0.449074 0.011979 0.050000 0.750000 1920.000000 1080.000000
0 314 0.316667 0.449074 0.011458 0.050000 0.782610 1920.000000 1080.000000
0 315 0.316667 0.449074 0.011458 0.050000 0.782610 1920.000000 1080.000000
0 316 0.316667 0.449074 0.011458 0.050000 0.782610 1920.000000 1080.000000
0 317 0.316667 0.449074 0.011458 0.050000 0.782610 1920.000000 1080.000000
0 318 0.316667 0.449074 0.011458 0.050000 0.782610 1920.000000 1080.000000
0 319 0.316667 0.449074 0.011458 0.050000 0.782610 1920.000000 1080.000000
0 320 0.316667 0.449074 0.011458 0.050000 0.782610 1920.000000 1080.000000
0 321 0.316667 0.449074 0.011458 0.050000 0.782610 1920.000000 1080.000000
0 322 0.316667 0.448611 0.011458 0.049074 0.782610 1920.000000 1080.000000
0 323 0.316667 0.448611 0.011458 0.049074 0.782610 1920.000000 1080.000000
0 324 0.316667 0.448611 0.011458 0.049074 0.782610 1920.000000 1080.000000
0 325 0.316667 0.448611 0.011458 0.049074 0.782610 1920.000000 1080.000000
0 326 0.316667 0.448611 0.011458 0.049074 0.782610 1920.000000 1080.000000
0 327 0.316667 0.448611 0.011458 0.049074 0.782610 1920.000000 1080.000000
0 328 0.316667 0.448611 0.011458 0.049074 0.739130 1920.000000 1080.000000
0 329 0.316667 0.448611 0.011458 0.049074 0.739130 1920.000000 1080.000000
0 330 0.316667 0.448611 0.011458 0.049074 0.739130 1920.000000 1080.000000
0 331 0.316667 0.448611 0.011458 0.049074 0.739130 1920.000000 1080.000000
0 332 0.316667 0.448611 0.011458 0.049074 0.739130 1920.000000 1080.000000
0 333 0.316667 0.448611 0.011458 0.049074 0.739130 1920.000000 1080.000000
0 334 0.316667 0.448611 0.011458 0.049074 0.739130 1920.000000 1080.000000
0 335 0.316667 0.448611 0.011458 0.049074 0.739130 1920.000000 1080.000000
0 336 0.316667 0.448148 0.011458 0.048148 0.739130 1920.000000 1080.000000
0 337 0.316667 0.448148 0.011458 0.048148 0.739130 1920.000000 1080.000000
0 338 0.316667 0.448148 0.011458 0.048148 0.739130 1920.000000 1080.000000
0 339 0.316667 0.448148 0.011458 0.048148 0.739130 1920.000000 1080.000000
0 340 0.316667 0.448148 0.011458 0.048148 0.739130 1920.000000 1080.000000
0 341 0.316667 0.448148 0.011458 0.048148 0.739130 1920.000000 1080.000000
0 342 0.316667 0.448148 0.011458 0.048148 0.739130 1920.000000 1080.000000
0 343 0.316667 0.448148 0.011458 0.048148 0.739130 1920.000000 1080.000000
0 344 0.316667 0.448148 0.011458 0.048148 0.739130 1920.000000 1080.000000
0 345 0.316667 0.448148 0.011458 0.048148 0.695650 1920.000000 1080.000000
0 346 0.316667 0.448148 0.011458 0.048148 0.695650 1920.000000 1080.000000
0 347 0.316667 0.448148 0.011458 0.048148 0.695650 1920.000000 1080.000000
0 348 0.316667 0.448148 0.011458 0.048148 0.695650 1920.000000 1080.000000
0 349 0.316927 0.448148 0.010937 0.048148 0.727270 1920.000000 1080.000000
0 350 0.316406 0.447222 0.010937 0.048148 0.681820 1920.000000 1080.000000
0 351 0.316406 0.447222 0.010937 0.048148 0.681820 1920.000000 1080.000000
0 352 0.316406 0.447222 0.010937 0.048148 0.681820 1920.000000 1080.000000
0 353 0.316406 0.447222 0.010937 0.048148 0.681820 1920.000000 1080.000000
0 354 0.316406 0.447222 0.010937 0.048148 0.681820 1920.000000 1080.000000
0 355 0.316406 0.447222 0.010937 0.048148 0.681820 1920.000000 1080.000000
0 356 0.316406 0.447222 0.010937 0.048148 0.681820 1920.000000 1080.000000
0 357 0.316406 0.447222 0.010937 0.048148 0.681820 1920.000000 1080.000000
0 358 0.316406 0.447222 0.010937 0.048148 0.681820 1920.000000 1080.000000
0 359 0.316406 0.447222 0.010937 0.048148 0.681820 1920.000000 1080.000000
0 360 0.316406 0.447222 0.010937 0.048148 0.681820 1920.000000 1080.000000
0 361 0.316406 0.447222 0.010937 0.048148 0.636360 1920.000000 1080.000000
0 362 0.316146 0.447222 0.010417 0.048148 0.619050 1920.000000 1080.000000
0 363 0.316146 0.447222 0.010417 0.048148 0.619050 1920.000000 1080.000000
0 364 0.316146 0.447222 0.010417 0.048148 0.619050 1920.000000 1080.000000
0 365 0.316146 0.447222 0.010417 0.048148 0.619050 1920.000000 1080.000000
0 366 0.316146 0.447222 0.010417 0.048148 0.619050 1920.000000 1080.000000
0 367 0.316146 0.447222 0.010417 0.048148 0.619050 1920.000000 1080.000000
0 368 0.316146 0.447222 0.010417 0.048148 0.619050 1920.000000 1080.000000
0 369 0.316146 0.447222 0.010417 0.048148 0.619050 1920.000000 1080.000000
0 370 0.316146 0.447222 0.010417 0.048148 0.619050 1920.000000 1080.000000
0 371 0.316146 0.447222 0.010417 0.048148 0.619050 1920.000000 1080.000000
0 372 0.316146 0.447222 0.010417 0.048148 0.619050 1920.000000 1080.000000
0 373 0.316146 0.447222 0.010417 0.048148 0.285710 1920.000000 1080.000000
0 374 0.315885 0.447222 0.009896 0.048148 0.000000 1920.000000 1080.000000
0 375 0.315885 0.447222 0.009896 0.048148 0.000000 1920.000000 1080.000000
0 376 0.315885 0.447222 0.009896 0.048148 0.000000 1920.000000 1080.000000
0 377 0.315885 0.447222 0.009896 0.048148 0.000000 1920.000000 1080.000000
0 378 0.315885 0.447222 0.009896 0.048148 0.000000 1920.000000 1080.000000
0 379 0.315885 0.447222 0.009896 0.048148 0.000000 1920.000000 1080.000000
0 380 0.315625 0.446759 0.010417 0.049074 0.000000 1920.000000 1080.000000
0 381 0.315625 0.446759 0.010417 0.049074 0.000000 1920.000000 1080.000000
0 382 0.315625 0.446759 0.010417 0.049074 0.000000 1920.000000 1080.000000
0 383 0.315625 0.446759 0.010417 0.049074 0.000000 1920.000000 1080.000000
0 384 0.315625 0.446759 0.010417 0.049074 0.000000 1920.000000 1080.000000
0 385 0.315625 0.446759 0.010417 0.049074 0.000000 1920.000000 1080.000000
0 386 0.315365 0.446759 0.009896 0.049074 0.000000 1920.000000 1080.000000
0 387 0.315365 0.446759 0.009896 0.049074 0.000000 1920.000000 1080.000000
0 388 0.315365 0.446759 0.009896 0.049074 0.000000 1920.000000 1080.000000
0 389 0.315365 0.446759 0.009896 0.049074 0.000000 1920.000000 1080.000000
0 390 0.315365 0.446759 0.009896 0.049074 0.000000 1920.000000 1080.000000
0 391 0.315365 0.446759 0.009896 0.049074 0.000000 1920.000000 1080.000000
0 392 0.315365 0.446759 0.009896 0.049074 0.000000 1920.000000 1080.000000
0 393 0.315365 0.446759 0.009896 0.049074 0.000000 1920.000000 1080.000000
0 394 0.315365 0.446759 0.009896 0.049074 0.000000 1920.000000 1080.000000
0 395 0.315365 0.446759 0.009896 0.049074 0.000000 1920.000000 1080.000000
0 396 0.315365 0.446759 0.009896 0.049074 0.005556 1920.000000 1080.000000
0 397 0.315365 0.446759 0.009896 0.049074 0.059259 1920.000000 1080.000000
0 398 0.315104 0.446759 0.009375 0.049074 0.335280 1920.000000 1080.000000
0 399 0.315104 0.446759 0.009375 0.049074 0.452240 1920.000000 1080.000000
0 400 0.315104 0.446759 0.009375 0.049074 0.452240 1920.000000 1080.000000
0 401 0.315104 0.446759 0.009375 0.049074 0.462960 1920.000000 1080.000000
0 402 0.315104 0.446759 0.009375 0.049074 0.462960 1920.000000 1080.000000
0 403 0.315104 0.446759 0.009375 0.049074 0.462960 1920.000000 1080.000000
0 404 0.315104 0.446759 0.009375 0.049074 0.327490 1920.000000 1080.000000
0 405 0.315104 0.446759 0.009375 0.049074 0.000000 1920.000000 1080.000000
0 406 0.315104 0.446759 0.009375 0.049074 0.000000 1920.000000 1080.000000
0 407 0.315104 0.446759 0.009375 0.049074 0.000000 1920.000000 1080.000000
0 408 0.315104 0.446759 0.009375 0.049074 0.000000 1920.000000 1080.000000
0 409 0.315104 0.446759 0.009375 0.049074 0.000000 1920.000000 1080.000000
0 410 0.314583 0.445833 0.009375 0.049074 0.000000 1920.000000 1080.000000
0 411 0.314583 0.445833 0.009375 0.049074 0.000000 1920.000000 1080.000000
0 412 0.314583 0.445833 0.009375 0.049074 0.000000 1920.000000 1080.000000
0 413 0.314583 0.445833 0.009375 0.049074 0.000000 1920.000000 1080.000000
0 414 0.314583 0.445833 0.009375 0.049074 0.000000 1920.000000 1080.000000
0 415 0.314583 0.445833 0.009375 0.049074 0.000000 1920.000000 1080.000000
0 416 0.314583 0.445370 0.009375 0.048148 0.000000 1920.000000 1080.000000
0 417 0.314583 0.445370 0.009375 0.048148 0.000000 1920.000000 1080.000000
0 418 0.314583 0.445370 0.009375 0.048148 0.000000 1920.000000 1080.000000
0 419 0.314583 0.445370 0.009375 0.048148 0.000000 1920.000000 1080.000000
0 420 0.314583 0.445370 0.009375 0.048148 0.000000 1920.000000 1080.000000
0 421 0.314583 0.445370 0.009375 0.048148 0.000000 1920.000000 1080.000000
0 422 0.314583 0.445370 0.009375 0.048148 0.000000 1920.000000 1080.000000
0 423 0.314583 0.444907 0.009375 0.047222 0.000000 1920.000000 1080.000000
0 424 0.314583 0.444907 0.009375 0.047222 0.000000 1920.000000 1080.000000
0 425 0.314583 0.444907 0.009375 0.047222 0.000000 1920.000000 1080.000000
0 426 0.314583 0.444907 0.009375 0.047222 0.000000 1920.000000 1080.000000
0 427 0.314583 0.444907 0.009375 0.047222 0.000000 1920.000000 1080.000000
0 428 0.314583 0.444907 0.009375 0.047222 0.000000 1920.000000 1080.000000
0 429 0.314583 0.444907 0.009375 0.047222 0.000000 1920.000000 1080.000000
0 430 0.314323 0.443981 0.008854 0.047222 0.000000 1920.000000 1080.000000
0 431 0.314323 0.443981 0.008854 0.047222 0.000000 1920.000000 1080.000000
0 432 0.314323 0.443981 0.008854 0.047222 0.000000 1920.000000 1080.000000
0 433 0.314323 0.443981 0.008854 0.047222 0.000000 1920.000000 1080.000000
0 434 0.314323 0.443981 0.008854 0.047222 0.000000 1920.000000 1080.000000
0 435 0.314323 0.443981 0.008854 0.047222 0.000000 1920.000000 1080.000000
0 436 0.314323 0.443519 0.008854 0.046296 0.000000 1920.000000 1080.000000
0 437 0.314323 0.443519 0.008854 0.046296 0.000000 1920.000000 1080.000000
0 438 0.314323 0.443519 0.008854 0.046296 0.000000 1920.000000 1080.000000
0 439 0.314323 0.443519 0.008854 0.046296 0.000000 1920.000000 1080.000000
0 440 0.314323 0.443519 0.008854 0.046296 0.000000 1920.000000 1080.000000
0 441 0.314323 0.443519 0.008854 0.046296 0.000000 1920.000000 1080.000000
0 442 0.314323 0.443519 0.008854 0.046296 0.000000 1920.000000 1080.000000
0 443 0.314323 0.443056 0.008854 0.045370 0.000000 1920.000000 1080.000000
0 444 0.314323 0.443056 0.008854 0.045370 0.000000 1920.000000 1080.000000
0 445 0.314323 0.443056 0.008854 0.045370 0.001111 1920.000000 1080.000000
0 446 0.314323 0.443056 0.008854 0.045370 0.011111 1920.000000 1080.000000
0 447 0.314323 0.443056 0.008854 0.045370 0.091111 1920.000000 1080.000000
0 448 0.314323 0.443056 0.008854 0.045370 0.091111 1920.000000 1080.000000
0 449 0.314323 0.443056 0.008854 0.045370 0.086667 1920.000000 1080.000000
0 450 0.313802 0.443056 0.008854 0.045370 0.056667 1920.000000 1080.000000
0 451 0.313802 0.443056 0.008854 0.045370 0.000000 1920.000000 1080.000000
0 452 0.313802 0.443056 0.008854 0.045370 0.000000 1920.000000 1080.000000
0 453 0.313281 0.443056 0.008854 0.045370 0.000000 1920.000000 1080.000000
0 454 0.313281 0.443056 0.008854 0.045370 0.000000 1920.000000 1080.000000
0 455 0.313281 0.443056 0.008854 0.045370 0.000000 1920.000000 1080.000000
0 456 0.312760 0.443056 0.008854 0.045370 0.000000 1920.000000 1080.000000
0 457 0.312760 0.443056 0.008854 0.045370 0.000000 1920.000000 1080.000000
0 458 0.312760 0.443056 0.008854 0.045370 0.000000 1920.000000 1080.000000
0 459 0.312500 0.443056 0.009375 0.045370 0.000000 1920.000000 1080.000000
0 460 0.312240 0.443056 0.008854 0.045370 0.000000 1920.000000 1080.000000
0 461 0.312240 0.443056 0.008854 0.045370 0.000000 1920.000000 1080.000000
0 462 0.311979 0.443056 0.009375 0.045370 0.000000 1920.000000 1080.000000
0 463 0.311719 0.443056 0.008854 0.045370 0.000000 1920.000000 1080.000000
0 464 0.311719 0.443056 0.008854 0.045370 0.000000 1920.000000 1080.000000
0 465 0.311458 0.443056 0.009375 0.045370 0.000000 1920.000000 1080.000000
0 466 0.311458 0.443056 0.009375 0.045370 0.000000 1920.000000 1080.000000
0 467 0.311198 0.443056 0.008854 0.045370 0.000000 1920.000000 1080.000000
0 468 0.310937 0.443056 0.009375 0.045370 0.000000 1920.000000 1080.000000
0 469 0.310937 0.443056 0.009375 0.045370 0.002105 1920.000000 1080.000000
0 470 0.310677 0.443519 0.008854 0.044444 0.000000 1920.000000 1080.000000
0 471 0.310677 0.443519 0.008854 0.044444 0.000000 1920.000000 1080.000000
0 472 0.310417 0.443519 0.009375 0.044444 0.000000 1920.000000 1080.000000
0 473 0.310156 0.443519 0.008854 0.044444 0.000000 1920.000000 1080.000000
0 474 0.310156 0.443519 0.008854 0.044444 0.000000 1920.000000 1080.000000
0 475 0.309896 0.443519 0.009375 0.044444 0.000000 1920.000000 1080.000000
0 476 0.309896 0.443519 0.009375 0.044444 0.000000 1920.000000 1080.000000
0 477 0.309635 0.443519 0.008854 0.044444 0.000000 1920.000000 1080.000000
0 478 0.309375 0.443519 0.009375 0.044444 0.000000 1920.000000 1080.000000
0 479 0.309375 0.443519 0.009375 0.044444 0.000000 1920.000000 1080.000000
0 480 0.309115 0.443519 0.008854 0.044444 0.000000 1920.000000 1080.000000
0 481 0.308854 0.443519 0.009375 0.044444 0.000000 1920.000000 1080.000000
0 482 0.308854 0.443519 0.009375 0.044444 0.000000 1920.000000 1080.000000
0 483 0.308854 0.443519 0.009375 0.044444 0.000000 1920.000000 1080.000000
0 484 0.308333 0.443519 0.009375 0.044444 0.000000 1920.000000 1080.000000
0 485 0.308333 0.443519 0.009375 0.044444 0.000000 1920.000000 1080.000000
0 486 0.308333 0.443519 0.009375 0.044444 0.000000 1920.000000 1080.000000
0 487 0.307812 0.443519 0.009375 0.044444 0.000000 1920.000000 1080.000000
0 488 0.307812 0.443519 0.009375 0.044444 0.000000 1920.000000 1080.000000
0 489 0.307812 0.443519 0.009375 0.044444 0.000000 1920.000000 1080.000000
0 490 0.307812 0.444444 0.009375 0.044444 0.000000 1920.000000 1080.000000
0 491 0.307812 0.443519 0.009375 0.044444 0.000000 1920.000000 1080.000000
0 492 0.307812 0.443519 0.009375 0.044444 0.000000 1920.000000 1080.000000
0 493 0.307812 0.443519 0.009375 0.044444 0.000000 1920.000000 1080.000000
0 494 0.307812 0.443056 0.009375 0.043519 0.000000 1920.000000 1080.000000
0 495 0.307812 0.442593 0.009375 0.044444 0.020408 1920.000000 1080.000000
0 496 0.307812 0.442593 0.009375 0.044444 0.020408 1920.000000 1080.000000
0 497 0.307812 0.442593 0.009375 0.044444 0.020408 1920.000000 1080.000000
0 498 0.307812 0.442130 0.009375 0.043519 0.020833 1920.000000 1080.000000
0 499 0.307812 0.441667 0.009375 0.044444 0.040816 1920.000000 1080.000000
0 500 0.307812 0.441667 0.009375 0.044444 0.048335 1920.000000 1080.000000
0 501 0.307812 0.441667 0.009375 0.044444 0.048335 1920.000000 1080.000000
0 502 0.307812 0.441204 0.009375 0.043519 0.049342 1920.000000 1080.000000
0 503 0.307812 0.440741 0.009375 0.044444 0.068743 1920.000000 1080.000000
0 504 0.307812 0.440741 0.009375 0.044444 0.068743 1920.000000 1080.000000
0 505 0.307812 0.440741 0.009375 0.044444 0.068743 1920.000000 1080.000000
0 506 0.307812 0.440278 0.009375 0.043519 0.070175 1920.000000 1080.000000
0 507 0.307812 0.440278 0.009375 0.043519 0.077851 1920.000000 1080.000000
0 508 0.307812 0.439815 0.009375 0.044444 0.096670 1920.000000 1080.000000
0 509 0.307812 0.439352 0.009375 0.043519 0.098684 1920.000000 1080.000000
0 510 0.307812 0.439352 0.009375 0.043519 0.098684 1920.000000 1080.000000
0 511 0.307812 0.439352 0.009375 0.043519 0.098684 1920.000000 1080.000000
0 512 0.307812 0.438889 0.009375 0.044444 0.117080 1920.000000 1080.000000
0 513 0.307812 0.438426 0.009375 0.043519 0.119520 1920.000000 1080.000000
0 514 0.307812 0.438426 0.009375 0.043519 0.127190 1920.000000 1080.000000
0 515 0.307812 0.438426 0.009375 0.043519 0.127190 1920.000000 1080.000000
0 516 0.307812 0.437963 0.009375 0.044444 0.145010 1920.000000 1080.000000
0 517 0.307812 0.437500 0.009375 0.043519 0.148030 1920.000000 1080.000000
0 518 0.307812 0.437500 0.009375 0.043519 0.148030 1920.000000 1080.000000
0 519 0.307812 0.437500 0.009375 0.043519 0.148030 1920.000000 1080.000000
0 520 0.308333 0.437500 0.009375 0.043519 0.151320 1920.000000 1080.000000
0 521 0.308333 0.436574 0.009375 0.043519 0.165570 1920.000000 1080.000000
0 522 0.308333 0.436574 0.009375 0.043519 0.165570 1920.000000 1080.000000
0 523 0.308333 0.436574 0.009375 0.043519 0.165570 1920.000000 1080.000000
0 524 0.308333 0.436574 0.009375 0.043519 0.165570 1920.000000 1080.000000
0 525 0.308333 0.436574 0.009375 0.043519 0.165570 1920.000000 1080.000000
0 526 0.308333 0.436574 0.009375 0.043519 0.158990 1920.000000 1080.000000
0 527 0.308333 0.436111 0.009375 0.042593 0.162370 1920.000000 1080.000000
0 528 0.308333 0.436111 0.009375 0.042593 0.162370 1920.000000 1080.000000
0 529 0.308333 0.435648 0.009375 0.043519 0.179820 1920.000000 1080.000000
0 530 0.308333 0.435648 0.009375 0.043519 0.179820 1920.000000 1080.000000
0 531 0.308333 0.435648 0.009375 0.043519 0.173250 1920.000000 1080.000000
0 532 0.308333 0.435648 0.009375 0.043519 0.173250 1920.000000 1080.000000
0 533 0.308333 0.435185 0.009375 0.042593 0.176930 1920.000000 1080.000000
0 534 0.308594 0.435185 0.009896 0.042593 0.176600 1920.000000 1080.000000
0 535 0.308594 0.435185 0.009896 0.042593 0.176600 1920.000000 1080.000000
0 536 0.308854 0.435185 0.009375 0.042593 0.175810 1920.000000 1080.000000
0 537 0.308854 0.434722 0.009375 0.043519 0.192980 1920.000000 1080.000000
0 538 0.308854 0.434722 0.009375 0.043519 0.192980 1920.000000 1080.000000
0 539 0.308854 0.434259 0.009375 0.042593 0.197090 1920.000000 1080.000000
0 540 0.308854 0.434259 0.009375 0.042593 0.197090 1920.000000 1080.000000
0 541 0.308854 0.434259 0.009375 0.042593 0.197090 1920.000000 1080.000000
0 542 0.308854 0.434259 0.009375 0.042593 0.197090 1920.000000 1080.000000
0 543 0.308854 0.434259 0.009375 0.042593 0.197090 1920.000000 1080.000000
0 544 0.308854 0.434259 0.009375 0.042593 0.197090 1920.000000 1080.000000
0 545 0.308854 0.433333 0.009375 0.042593 0.218370 1920.000000 1080.000000
0 546 0.308854 0.433333 0.009375 0.042593 0.218370 1920.000000 1080.000000
0 547 0.309115 0.433333 0.009896 0.042593 0.218090 1920.000000 1080.000000
0 548 0.309115 0.433333 0.009896 0.042593 0.218090 1920.000000 1080.000000
0 549 0.309115 0.433333 0.009896 0.042593 0.218090 1920.000000 1080.000000
0 550 0.309115 0.433333 0.009896 0.042593 0.223400 1920.000000 1080.000000
0 551 0.309115 0.432870 0.009896 0.041667 0.228260 1920.000000 1080.000000
0 552 0.309375 0.432870 0.009375 0.041667 0.226540 1920.000000 1080.000000
0 553 0.309375 0.432407 0.009375 0.042593 0.243000 1920.000000 1080.000000
0 554 0.309375 0.432407 0.009375 0.042593 0.243000 1920.000000 1080.000000
0 555 0.309375 0.432407 0.009375 0.042593 0.243000 1920.000000 1080.000000
0 556 0.309375 0.432407 0.009375 0.042593 0.243000 1920.000000 1080.000000
0 557 0.309375 0.431944 0.009375 0.041667 0.248280 1920.000000 1080.000000
0 558 0.309375 0.431944 0.009375 0.041667 0.248280 1920.000000 1080.000000
0 559 0.309375 0.431944 0.009375 0.041667 0.248280 1920.000000 1080.000000
0 560 0.309635 0.431944 0.009896 0.041667 0.247830 1920.000000 1080.000000
0 561 0.309635 0.431481 0.009896 0.042593 0.280850 1920.000000 1080.000000
0 562 0.309635 0.431481 0.009896 0.042593 0.261700 1920.000000 1080.000000
0 563 0.309635 0.431481 0.009896 0.042593 0.261700 1920.000000 1080.000000
0 564 0.309635 0.431019 0.009896 0.041667 0.267390 1920.000000 1080.000000
0 565 0.309635 0.431019 0.009896 0.041667 0.248910 1920.000000 1080.000000
0 566 0.309635 0.431019 0.009896 0.041667 0.248910 1920.000000 1080.000000
0 567 0.309635 0.431019 0.009896 0.041667 0.248910 1920.000000 1080.000000
0 568 0.309896 0.431019 0.009375 0.041667 0.226540 1920.000000 1080.000000
0 569 0.309896 0.430556 0.009375 0.042593 0.243000 1920.000000 1080.000000
0 570 0.309896 0.430093 0.009375 0.041667 0.248280 1920.000000 1080.000000
0 571 0.309896 0.430093 0.009375 0.041667 0.223110 1920.000000 1080.000000
0 572 0.309896 0.430093 0.009375 0.041667 0.223110 1920.000000 1080.000000
0 573 0.309896 0.430093 0.009375 0.041667 0.223110 1920.000000 1080.000000
0 574 0.310156 0.430093 0.009896 0.041667 0.202170 1920.000000 1080.000000
0 575 0.310156 0.430093 0.009896 0.041667 0.202170 1920.000000 1080.000000
0 576 0.310156 0.429630 0.009896 0.040741 0.206670 1920.000000 1080.000000
0 577 0.310156 0.429167 0.009896 0.041667 0.203260 1920.000000 1080.000000
0 578 0.310156 0.429167 0.009896 0.041667 0.203260 1920.000000 1080.000000
0 579 0.310156 0.429167 0.009896 0.041667 0.203260 1920.000000 1080.000000
0 580 0.310156 0.429167 0.009896 0.041667 0.215220 1920.000000 1080.000000
0 581 0.310156 0.429167 0.009896 0.041667 0.215220 1920.000000 1080.000000
0 582 0.310156 0.428704 0.009896 0.040741 0.218890 1920.000000 1080.000000
0 583 0.310156 0.428704 0.009896 0.040741 0.197780 1920.000000 1080.000000
0 584 0.310417 0.428704 0.009375 0.040741 0.155560 1920.000000 1080.000000
0 585 0.310417 0.428241 0.009375 0.041667 0.173910 1920.000000 1080.000000
0 586 0.310417 0.428241 0.009375 0.041667 0.152170 1920.000000 1080.000000
0 587 0.310677 0.428241 0.009896 0.041667 0.163040 1920.000000 1080.000000
0 588 0.310677 0.427778 0.009896 0.040741 0.166670 1920.000000 1080.000000
0 589 0.310677 0.427778 0.009896 0.040741 0.145560 1920.000000 1080.000000
0 590 0.310677 0.427778 0.009896 0.040741 0.145560 1920.000000 1080.000000
0 591 0.310677 0.427778 0.009896 0.040741 0.145560 1920.000000 1080.000000
0 592 0.310677 0.427778 0.009896 0.040741 0.145560 1920.000000 1080.000000
0 593 0.310677 0.427315 0.009896 0.041667 0.164130 1920.000000 1080.000000
0 594 0.310677 0.426852 0.009896 0.040741 0.167780 1920.000000 1080.000000
0 595 0.310677 0.426852 0.009896 0.040741 0.167780 1920.000000 1080.000000
0 596 0.310677 0.426852 0.009896 0.040741 0.167780 1920.000000 1080.000000
0 597 0.310677 0.426852 0.009896 0.040741 0.167780 1920.000000 1080.000000
0 598 0.310677 0.426852 0.009896 0.040741 0.167780 1920.000000 1080.000000
0 599 0.310677 0.426852 0.009896 0.040741 0.167780 1920.000000 1080.000000
0 600 0.311198 0.426852 0.009896 0.040741 0.180000 1920.000000 1080.000000
