0 426 1.067969 0.786574 0.260937 0.919444 0.176530 1920.000000 1080.000000
0 427 1.039844 0.783796 0.259896 0.923148 0.255600 1920.000000 1080.000000
0 428 1.011979 0.781481 0.259375 0.925926 0.334930 1920.000000 1080.000000
0 429 0.984115 0.779167 0.258854 0.928704 0.414970 1920.000000 1080.000000
0 430 0.956250 0.776852 0.258333 0.931481 0.495700 1920.000000 1080.000000
0 431 0.928385 0.774537 0.257812 0.934259 0.577120 1920.000000 1080.000000
0 432 0.900260 0.771759 0.256771 0.937963 0.660800 1920.000000 1080.000000
0 433 0.872396 0.769444 0.256250 0.940741 0.743820 1920.000000 1080.000000
0 434 0.844531 0.767130 0.255729 0.943519 0.747060 1920.000000 1080.000000
0 435 0.816667 0.764815 0.255208 0.946296 0.748780 1920.000000 1080.000000
0 436 0.788802 0.762963 0.254688 0.950000 0.749760 1920.000000 1080.000000
0 437 0.758073 0.769907 0.244271 0.939815 0.745080 1920.000000 1080.000000
0 438 0.727604 0.777778 0.233333 0.929630 0.739300 1920.000000 1080.000000
0 439 0.696875 0.785185 0.222917 0.920370 0.733670 1920.000000 1080.000000
0 440 0.666667 0.793056 0.212500 0.910185 0.727640 1920.000000 1080.000000
0 441 0.640885 0.790278 0.209896 0.910185 0.730690 1920.000000 1080.000000
0 442 0.615625 0.787500 0.207292 0.910185 0.733740 1920.000000 1080.000000
0 443 0.590104 0.785185 0.205208 0.909259 0.736520 1920.000000 1080.000000
0 444 0.564844 0.782407 0.202604 0.909259 0.739570 1920.000000 1080.000000
0 445 0.539583 0.780556 0.200000 0.909259 0.741610 1920.000000 1080.000000
0 446 0.519792 0.776852 0.200000 0.909259 0.745680 1920.000000 1080.000000
0 447 0.500000 0.773148 0.200000 0.909259 0.749750 1920.000000 1080.000000
0 448 0.480208 0.769444 0.200000 0.909259 0.753810 1920.000000 1080.000000
0 449 0.460677 0.766667 0.199479 0.909259 0.756870 1920.000000 1080.000000
0 450 0.443750 0.772685 0.200000 0.908333 0.750510 1920.000000 1080.000000
0 451 0.427083 0.779167 0.200000 0.906481 0.743880 1920.000000 1080.000000
0 452 0.410417 0.785648 0.200000 0.906481 0.736730 1920.000000 1080.000000
0 453 0.393750 0.792130 0.200000 0.904630 0.730060 1920.000000 1080.000000
0 454 0.377083 0.799074 0.200000 0.903704 0.722620 1920.000000 1080.000000
0 455 0.356771 0.800463 0.200000 0.900926 0.721770 1920.000000 1080.000000
0 456 0.336458 0.801852 0.200000 0.898148 0.720910 1920.000000 1080.000000
0 457 0.316146 0.803241 0.200000 0.895370 0.720040 1920.000000 1080.000000
0 458 0.296354 0.804630 0.200000 0.892593 0.719170 1920.000000 1080.000000
0 459 0.280729 0.800000 0.200000 0.892593 0.724350 1920.000000 1080.000000
0 460 0.265104 0.796296 0.200000 0.892593 0.728500 1920.000000 1080.000000
0 461 0.249479 0.792130 0.200000 0.891667 0.733400 1920.000000 1080.000000
0 462 0.233854 0.788426 0.200000 0.891667 0.737550 1920.000000 1080.000000
0 463 0.218490 0.784722 0.199479 0.891667 0.741700 1920.000000 1080.000000
0 464 0.203646 0.785648 0.203125 0.891667 0.740660 1920.000000 1080.000000
0 465 0.189062 0.786574 0.206250 0.891667 0.739630 1920.000000 1080.000000
0 466 0.174219 0.787500 0.209896 0.891667 0.738590 1920.000000 1080.000000
0 467 0.159635 0.788426 0.213021 0.891667 0.737550 1920.000000 1080.000000
0 468 0.145313 0.789815 0.216667 0.890741 0.736240 1920.000000 1080.000000
0 469 0.131771 0.793519 0.216667 0.888889 0.732570 1920.000000 1080.000000
0 470 0.118229 0.797222 0.216667 0.887037 0.728880 1920.000000 1080.000000
0 471 0.104688 0.800926 0.216667 0.885185 0.711270 1920.000000 1080.000000
0 472 0.091146 0.804630 0.216667 0.883333 0.662640 1920.000000 1080.000000
0 473 0.078125 0.809259 0.216667 0.881481 0.615280 1920.000000 1080.000000
0 474 0.067969 0.806481 0.217188 0.881481 0.583790 1920.000000 1080.000000
0 475 0.058073 0.804167 0.217188 0.882407 0.552900 1920.000000 1080.000000
0 476 0.048177 0.801852 0.217188 0.881481 0.522130 1920.000000 1080.000000
0 477 0.038281 0.799537 0.217188 0.882407 0.490780 1920.000000 1080.000000
0 478 0.028385 0.796759 0.217188 0.882407 0.459690 1920.000000 1080.000000
0 479 0.018490 0.794907 0.217188 0.882407 0.427700 1920.000000 1080.000000
0 480 0.006510 0.794444 0.217188 0.881481 0.387790 1920.000000 1080.000000
0 481 -0.005208 0.794444 0.216667 0.881481 0.348270 1920.000000 1080.000000
0 482 -0.016927 0.794444 0.217188 0.881481 0.308830 1920.000000 1080.000000
0 483 -0.028646 0.794444 0.216667 0.881481 0.269120 1920.000000 1080.000000
0 484 -0.040365 0.794444 0.217188 0.881481 0.229870 1920.000000 1080.000000
0 485 -0.052083 0.794444 0.216667 0.881481 0.189960 1920.000000 1080.000000
0 486 -0.063802 0.794444 0.217188 0.881481 0.150910 1920.000000 1080.000000
0 487 -0.075521 0.794444 0.216667 0.881481 0.110810 1920.000000 1080.000000
