0 1 0.669010 0.553241 0.032813 0.119444 1.000000 1920.000000 1080.000000
0 2 0.670312 0.553241 0.032292 0.117593 0.587300 1920.000000 1080.000000
0 3 0.671615 0.553241 0.031771 0.115741 0.580650 1920.000000 1080.000000
0 4 0.672917 0.553704 0.031250 0.114815 0.573770 1920.000000 1080.000000
0 5 0.674219 0.553704 0.030729 0.112963 0.550000 1920.000000 1080.000000
0 6 0.675781 0.554167 0.029687 0.112037 0.534480 1920.000000 1080.000000
0 7 0.676042 0.554630 0.029167 0.112963 0.561400 1920.000000 1080.000000
0 8 0.676562 0.555093 0.029167 0.113889 0.561400 1920.000000 1080.000000
0 9 0.676823 0.555556 0.028646 0.114815 1.000000 1920.000000 1080.000000
0 10 0.677344 0.556019 0.028646 0.115741 1.000000 1920.000000 1080.000000
0 11 0.678125 0.556481 0.028125 0.116667 1.000000 1920.000000 1080.000000
0 12 0.679427 0.556019 0.027604 0.117593 1.000000 1920.000000 1080.000000
0 13 0.680990 0.556019 0.027604 0.117593 1.000000 1920.000000 1080.000000
0 14 0.682552 0.555556 0.027604 0.118519 1.000000 1920.000000 1080.000000
0 15 0.684115 0.555556 0.027604 0.118519 1.000000 1920.000000 1080.000000
0 16 0.685937 0.556019 0.027083 0.119444 1.000000 1920.000000 1080.000000
0 17 0.686458 0.555093 0.027083 0.119444 1.000000 1920.000000 1080.000000
0 18 0.686979 0.555093 0.027083 0.119444 1.000000 1920.000000 1080.000000
0 19 0.687500 0.555093 0.027083 0.119444 1.000000 1920.000000 1080.000000
0 20 0.688021 0.555093 0.027083 0.119444 1.000000 1920.000000 1080.000000
0 21 0.688542 0.555093 0.027083 0.119444 1.000000 1920.000000 1080.000000
0 22 0.689063 0.555093 0.027083 0.119444 1.000000 1920.000000 1080.000000
0 23 0.690104 0.555093 0.027083 0.119444 1.000000 1920.000000 1080.000000
0 24 0.690625 0.555093 0.027083 0.119444 1.000000 1920.000000 1080.000000
0 25 0.691146 0.555093 0.027083 0.119444 1.000000 1920.000000 1080.000000
0 26 0.691667 0.554630 0.027083 0.120370 1.000000 1920.000000 1080.000000
0 27 0.692187 0.554630 0.027083 0.120370 1.000000 1920.000000 1080.000000
0 28 0.692708 0.554630 0.027083 0.120370 1.000000 1920.000000 1080.000000
0 29 0.693750 0.554630 0.027083 0.120370 1.000000 1920.000000 1080.000000
0 30 0.694271 0.554630 0.027083 0.120370 1.000000 1920.000000 1080.000000
0 31 0.694792 0.554630 0.027083 0.120370 0.452830 1920.000000 1080.000000
0 32 0.695312 0.554630 0.027083 0.120370 0.433960 1920.000000 1080.000000
0 33 0.695833 0.554630 0.027083 0.120370 0.433960 1920.000000 1080.000000
0 34 0.696354 0.554630 0.027083 0.120370 0.415090 1920.000000 1080.000000
0 35 0.697396 0.554630 0.027083 0.120370 0.396230 1920.000000 1080.000000
0 36 0.697135 0.554167 0.026562 0.119444 0.403850 1920.000000 1080.000000
0 37 0.697135 0.554167 0.026562 0.119444 0.423080 1920.000000 1080.000000
0 38 0.697135 0.554167 0.026562 0.119444 0.423080 1920.000000 1080.000000
0 39 0.697135 0.554167 0.026562 0.119444 0.442310 1920.000000 1080.000000
0 40 0.697135 0.554167 0.026562 0.119444 0.442310 1920.000000 1080.000000
0 41 0.697135 0.554167 0.026562 0.119444 0.461540 1920.000000 1080.000000
0 42 0.697135 0.554167 0.026562 0.119444 0.461540 1920.000000 1080.000000
0 43 0.697135 0.554167 0.026562 0.119444 0.480770 1920.000000 1080.000000
0 44 0.697135 0.554167 0.026562 0.119444 0.480770 1920.000000 1080.000000
0 45 0.697135 0.554167 0.026562 0.119444 0.500000 1920.000000 1080.000000
0 46 0.697135 0.554167 0.026562 0.119444 0.500000 1920.000000 1080.000000
0 47 0.697135 0.554167 0.026562 0.119444 0.519230 1920.000000 1080.000000
0 48 0.697135 0.554167 0.026562 0.119444 0.519230 1920.000000 1080.000000
0 49 0.697135 0.554167 0.026562 0.119444 0.538460 1920.000000 1080.000000
0 50 0.697135 0.554167 0.026562 0.119444 0.538460 1920.000000 1080.000000
0 51 0.697135 0.554167 0.026562 0.119444 0.557690 1920.000000 1080.000000
0 52 0.697135 0.554167 0.026562 0.119444 0.538460 1920.000000 1080.000000
0 53 0.697135 0.554167 0.026562 0.119444 0.538460 1920.000000 1080.000000
0 54 0.697135 0.554167 0.026562 0.119444 0.538460 1920.000000 1080.000000
0 55 0.697135 0.554167 0.026562 0.119444 0.538460 1920.000000 1080.000000
0 56 0.697135 0.554167 0.026562 0.119444 0.538460 1920.000000 1080.000000
0 57 0.697135 0.554167 0.026562 0.119444 0.538460 1920.000000 1080.000000
0 58 0.696875 0.553704 0.026042 0.118519 0.549020 1920.000000 1080.000000
0 59 0.696875 0.553704 0.026042 0.118519 0.549020 1920.000000 1080.000000
0 60 0.696875 0.553704 0.026042 0.118519 0.549020 1920.000000 1080.000000
0 61 0.696875 0.553704 0.026042 0.118519 0.549020 1920.000000 1080.000000
0 62 0.696875 0.553704 0.026042 0.118519 0.549020 1920.000000 1080.000000
0 63 0.696875 0.553704 0.026042 0.118519 0.549020 1920.000000 1080.000000
0 64 0.696875 0.553704 0.026042 0.118519 0.529410 1920.000000 1080.000000
0 65 0.696875 0.553704 0.026042 0.118519 0.529410 1920.000000 1080.000000
0 66 0.696875 0.553704 0.026042 0.118519 0.529410 1920.000000 1080.000000
0 67 0.696875 0.553704 0.026042 0.118519 0.529410 1920.000000 1080.000000
0 68 0.696875 0.553704 0.026042 0.118519 0.529410 1920.000000 1080.000000
0 69 0.696875 0.553704 0.026042 0.118519 0.529410 1920.000000 1080.000000
0 70 0.696875 0.553704 0.026042 0.118519 0.529410 1920.000000 1080.000000
0 71 0.696875 0.553704 0.026042 0.118519 0.529410 1920.000000 1080.000000
0 72 0.696875 0.553704 0.026042 0.118519 0.529410 1920.000000 1080.000000
0 73 0.696875 0.553704 0.026042 0.118519 0.529410 1920.000000 1080.000000
0 74 0.696875 0.553704 0.026042 0.118519 0.529410 1920.000000 1080.000000
0 75 0.696875 0.553704 0.026042 0.118519 0.529410 1920.000000 1080.000000
0 76 0.696875 0.553704 0.026042 0.118519 0.509800 1920.000000 1080.000000
0 77 0.696875 0.553704 0.026042 0.118519 0.509800 1920.000000 1080.000000
0 78 0.696875 0.553704 0.026042 0.118519 0.509800 1920.000000 1080.000000
0 79 0.696875 0.553704 0.026042 0.118519 0.509800 1920.000000 1080.000000
0 80 0.697135 0.554167 0.025521 0.117593 0.500000 1920.000000 1080.000000
0 81 0.697135 0.553704 0.025521 0.118519 0.500000 1920.000000 1080.000000
0 82 0.697135 0.553704 0.025521 0.118519 0.500000 1920.000000 1080.000000
0 83 0.697135 0.553704 0.025521 0.118519 0.500000 1920.000000 1080.000000
0 84 0.697396 0.553704 0.026042 0.118519 0.490200 1920.000000 1080.000000
0 85 0.697396 0.554167 0.026042 0.119444 0.490200 1920.000000 1080.000000
0 86 0.697396 0.554167 0.026042 0.119444 0.490200 1920.000000 1080.000000
0 87 0.697396 0.554167 0.026042 0.119444 0.490200 1920.000000 1080.000000
0 88 0.697656 0.554167 0.026562 0.119444 0.461540 1920.000000 1080.000000
0 89 0.697656 0.554167 0.026562 0.119444 0.461540 1920.000000 1080.000000
0 90 0.697656 0.554630 0.026562 0.120370 0.461540 1920.000000 1080.000000
0 91 0.697917 0.554630 0.027083 0.120370 0.452830 1920.000000 1080.000000
0 92 0.697917 0.554630 0.027083 0.120370 0.452830 1920.000000 1080.000000
0 93 0.697917 0.554630 0.027083 0.120370 0.452830 1920.000000 1080.000000
0 94 0.697917 0.554630 0.027083 0.120370 0.452830 1920.000000 1080.000000
0 95 0.698177 0.555093 0.027604 0.121296 0.444440 1920.000000 1080.000000
0 96 0.698177 0.555093 0.027604 0.121296 0.444440 1920.000000 1080.000000
0 97 0.698177 0.555093 0.027604 0.121296 0.444440 1920.000000 1080.000000
0 98 0.698438 0.555093 0.028125 0.121296 0.436360 1920.000000 1080.000000
0 99 0.698438 0.555093 0.028125 0.121296 0.436360 1920.000000 1080.000000
0 100 0.698438 0.555556 0.028125 0.122222 0.436360 1920.000000 1080.000000
0 101 0.698438 0.555556 0.028125 0.122222 0.436360 1920.000000 1080.000000
0 102 0.698698 0.555556 0.028646 0.122222 0.428570 1920.000000 1080.000000
0 103 0.698698 0.555556 0.028646 0.122222 0.428570 1920.000000 1080.000000
0 104 0.698698 0.555556 0.028646 0.122222 0.428570 1920.000000 1080.000000
0 105 0.699219 0.556019 0.028646 0.123148 0.303570 1920.000000 1080.000000
0 106 0.698698 0.556019 0.028646 0.123148 0.196430 1920.000000 1080.000000
0 107 0.698698 0.556019 0.028646 0.123148 0.035714 1920.000000 1080.000000
0 108 0.698698 0.556019 0.028646 0.123148 0.000000 1920.000000 1080.000000
0 109 0.698698 0.556019 0.028646 0.123148 0.000000 1920.000000 1080.000000
0 110 0.698438 0.556019 0.029167 0.123148 0.000000 1920.000000 1080.000000
0 111 0.698438 0.556481 0.029167 0.124074 0.000000 1920.000000 1080.000000
0 112 0.698438 0.556481 0.029167 0.124074 0.000000 1920.000000 1080.000000
0 113 0.698438 0.556481 0.029167 0.124074 0.000000 1920.000000 1080.000000
0 114 0.698438 0.556481 0.029167 0.124074 0.000000 1920.000000 1080.000000
0 115 0.698177 0.556481 0.029687 0.124074 0.000000 1920.000000 1080.000000
0 116 0.698177 0.556944 0.029687 0.125000 0.000000 1920.000000 1080.000000
0 117 0.698177 0.556944 0.029687 0.125000 0.000000 1920.000000 1080.000000
0 118 0.698177 0.556944 0.029687 0.125000 0.000000 1920.000000 1080.000000
0 119 0.697917 0.556944 0.030208 0.125000 0.000000 1920.000000 1080.000000
0 120 0.697917 0.556944 0.030208 0.125000 0.000000 1920.000000 1080.000000
0 121 0.697917 0.557407 0.030208 0.125926 0.000000 1920.000000 1080.000000
0 122 0.697656 0.557407 0.029687 0.125926 0.000000 1920.000000 1080.000000
0 123 0.697656 0.557407 0.029687 0.125926 0.000000 1920.000000 1080.000000
0 124 0.697396 0.557407 0.030208 0.125926 0.000000 1920.000000 1080.000000
0 125 0.697396 0.557407 0.030208 0.125926 0.000000 1920.000000 1080.000000
0 126 0.697396 0.557407 0.030208 0.125926 0.000000 1920.000000 1080.000000
0 127 0.697396 0.557870 0.030208 0.126852 0.000000 1920.000000 1080.000000
0 128 0.697135 0.557870 0.030729 0.126852 0.000000 1920.000000 1080.000000
0 129 0.697135 0.557870 0.030729 0.126852 0.000000 1920.000000 1080.000000
0 130 0.697135 0.557870 0.030729 0.126852 0.000000 1920.000000 1080.000000
0 131 0.697135 0.557870 0.030729 0.126852 0.000000 1920.000000 1080.000000
0 132 0.697135 0.558333 0.030729 0.127778 0.000000 1920.000000 1080.000000
0 133 0.696875 0.558333 0.031250 0.127778 0.000000 1920.000000 1080.000000
0 134 0.696875 0.558333 0.031250 0.127778 0.000000 1920.000000 1080.000000
0 135 0.696875 0.558333 0.031250 0.127778 0.000000 1920.000000 1080.000000
0 136 0.696875 0.558333 0.031250 0.127778 0.000000 1920.000000 1080.000000
0 137 0.696875 0.559259 0.031250 0.127778 0.000000 1920.000000 1080.000000
0 138 0.697396 0.558333 0.031250 0.127778 0.000000 1920.000000 1080.000000
0 139 0.698177 0.557870 0.030729 0.128704 0.000000 1920.000000 1080.000000
0 140 0.698698 0.557407 0.030729 0.129630 0.000000 1920.000000 1080.000000
0 141 0.699740 0.557407 0.030729 0.129630 0.000000 1920.000000 1080.000000
0 142 0.700521 0.556481 0.030208 0.129630 0.000000 1920.000000 1080.000000
0 143 0.701042 0.556019 0.030208 0.130556 0.000000 1920.000000 1080.000000
0 144 0.701823 0.555556 0.029687 0.131481 0.000000 1920.000000 1080.000000
0 145 0.702865 0.555556 0.029687 0.131481 0.000000 1920.000000 1080.000000
0 146 0.702604 0.555556 0.031250 0.131481 0.000000 1920.000000 1080.000000
0 147 0.702604 0.555556 0.032292 0.131481 0.000000 1920.000000 1080.000000
0 148 0.702604 0.556481 0.033333 0.131481 0.000000 1920.000000 1080.000000
0 149 0.702604 0.556481 0.033333 0.131481 0.000000 1920.000000 1080.000000
0 150 0.702865 0.556481 0.033854 0.131481 0.000000 1920.000000 1080.000000
0 151 0.703385 0.556944 0.033854 0.132407 0.000000 1920.000000 1080.000000
0 152 0.703385 0.556944 0.033854 0.132407 0.000000 1920.000000 1080.000000
0 153 0.703906 0.557407 0.033854 0.133333 0.000000 1920.000000 1080.000000
0 154 0.704167 0.557407 0.034375 0.133333 0.000000 1920.000000 1080.000000
0 155 0.704427 0.557407 0.033854 0.133333 0.000000 1920.000000 1080.000000
0 156 0.704688 0.558333 0.034375 0.133333 0.000000 1920.000000 1080.000000
0 157 0.705208 0.558333 0.034375 0.133333 0.000000 1920.000000 1080.000000
0 158 0.705208 0.558796 0.034375 0.134259 0.000000 1920.000000 1080.000000
0 159 0.705729 0.558796 0.034375 0.134259 0.000000 1920.000000 1080.000000
0 160 0.705990 0.558796 0.034896 0.134259 0.000000 1920.000000 1080.000000
0 161 0.705990 0.559259 0.034896 0.135185 0.000000 1920.000000 1080.000000
0 162 0.706510 0.559259 0.034896 0.135185 0.000000 1920.000000 1080.000000
0 163 0.706771 0.560185 0.035417 0.135185 0.000000 1920.000000 1080.000000
0 164 0.707031 0.560185 0.034896 0.135185 0.000000 1920.000000 1080.000000
0 165 0.707292 0.560185 0.035417 0.135185 0.000000 1920.000000 1080.000000
0 166 0.707812 0.560648 0.035417 0.136111 0.000000 1920.000000 1080.000000
0 167 0.707812 0.560648 0.035417 0.136111 0.000000 1920.000000 1080.000000
0 168 0.708333 0.561111 0.035417 0.137037 0.000000 1920.000000 1080.000000
0 169 0.708594 0.561111 0.035937 0.137037 0.000000 1920.000000 1080.000000
0 170 0.709115 0.562037 0.035937 0.137037 0.000000 1920.000000 1080.000000
0 171 0.709635 0.562037 0.035937 0.137037 0.071429 1920.000000 1080.000000
0 172 0.710156 0.562037 0.035937 0.137037 0.271430 1920.000000 1080.000000
0 173 0.710677 0.562963 0.035937 0.137037 0.457140 1920.000000 1080.000000
0 174 0.711458 0.562963 0.035417 0.137037 0.666670 1920.000000 1080.000000
0 175 0.711979 0.563889 0.035417 0.137037 0.855070 1920.000000 1080.000000
0 176 0.712500 0.563889 0.035417 0.137037 1.000000 1920.000000 1080.000000
0 177 0.713021 0.563889 0.035417 0.137037 1.000000 1920.000000 1080.000000
0 178 0.713802 0.564815 0.034896 0.137037 1.000000 1920.000000 1080.000000
0 179 0.714323 0.564815 0.034896 0.137037 1.000000 1920.000000 1080.000000
0 180 0.714844 0.565741 0.034896 0.137037 1.000000 1920.000000 1080.000000
0 181 0.715365 0.565741 0.034896 0.137037 1.000000 1920.000000 1080.000000
0 182 0.716146 0.566667 0.034375 0.137037 1.000000 1920.000000 1080.000000
0 183 0.717187 0.566204 0.034375 0.137963 1.000000 1920.000000 1080.000000
0 184 0.718750 0.566204 0.034375 0.137963 1.000000 1920.000000 1080.000000
0 185 0.720313 0.566667 0.034375 0.138889 1.000000 1920.000000 1080.000000
0 186 0.721875 0.566667 0.034375 0.138889 1.000000 1920.000000 1080.000000
0 187 0.723437 0.567130 0.034375 0.139815 1.000000 1920.000000 1080.000000
0 188 0.724740 0.567130 0.034896 0.139815 1.000000 1920.000000 1080.000000
0 189 0.726042 0.567130 0.034375 0.139815 1.000000 1920.000000 1080.000000
0 190 0.727604 0.567593 0.034375 0.140741 1.000000 1920.000000 1080.000000
0 191 0.729167 0.567593 0.034375 0.140741 1.000000 1920.000000 1080.000000
0 192 0.730729 0.567593 0.034375 0.142593 1.000000 1920.000000 1080.000000
0 193 0.732031 0.567593 0.034896 0.142593 1.000000 1920.000000 1080.000000
0 194 0.733594 0.567593 0.034896 0.142593 1.000000 1920.000000 1080.000000
0 195 0.735156 0.568056 0.034896 0.143519 1.000000 1920.000000 1080.000000
0 196 0.736458 0.568056 0.034375 0.143519 1.000000 1920.000000 1080.000000
0 197 0.738021 0.568519 0.034375 0.144444 1.000000 1920.000000 1080.000000
0 198 0.739583 0.568519 0.034375 0.144444 1.000000 1920.000000 1080.000000
0 199 0.740885 0.568519 0.034896 0.144444 1.000000 1920.000000 1080.000000
0 200 0.742448 0.568981 0.034896 0.145370 1.000000 1920.000000 1080.000000
0 201 0.744010 0.568519 0.034896 0.146296 1.000000 1920.000000 1080.000000
0 202 0.745573 0.568981 0.034896 0.147222 1.000000 1920.000000 1080.000000
0 203 0.746875 0.568981 0.034375 0.147222 1.000000 1920.000000 1080.000000
0 204 0.748177 0.568981 0.034896 0.147222 1.000000 1920.000000 1080.000000
0 205 0.749740 0.569444 0.034896 0.148148 1.000000 1920.000000 1080.000000
0 206 0.751302 0.569444 0.034896 0.148148 1.000000 1920.000000 1080.000000
0 207 0.752865 0.569907 0.034896 0.149074 1.000000 1920.000000 1080.000000
0 208 0.754427 0.569907 0.034896 0.149074 1.000000 1920.000000 1080.000000
0 209 0.755990 0.570370 0.034896 0.150000 1.000000 1920.000000 1080.000000
0 210 0.757031 0.570370 0.034896 0.150000 1.000000 1920.000000 1080.000000
0 211 0.758333 0.571296 0.034375 0.150000 1.000000 1920.000000 1080.000000
0 212 0.759635 0.571759 0.033854 0.150926 1.000000 1920.000000 1080.000000
0 213 0.761198 0.572685 0.033854 0.150926 1.000000 1920.000000 1080.000000
0 214 0.762240 0.573148 0.033854 0.151852 1.000000 1920.000000 1080.000000
0 215 0.763542 0.574074 0.033333 0.151852 1.000000 1920.000000 1080.000000
0 216 0.764844 0.574537 0.032813 0.152778 1.000000 1920.000000 1080.000000
0 217 0.766406 0.575463 0.032813 0.152778 1.000000 1920.000000 1080.000000
0 218 0.767969 0.574537 0.032813 0.152778 1.000000 1920.000000 1080.000000
0 219 0.769792 0.574537 0.033333 0.152778 1.000000 1920.000000 1080.000000
0 220 0.771615 0.574537 0.033854 0.152778 1.000000 1920.000000 1080.000000
0 221 0.773438 0.574074 0.033333 0.153704 1.000000 1920.000000 1080.000000
0 222 0.775260 0.574074 0.033854 0.153704 1.000000 1920.000000 1080.000000
0 223 0.777083 0.574074 0.034375 0.153704 1.000000 1920.000000 1080.000000
0 224 0.778646 0.573611 0.034375 0.154630 1.000000 1920.000000 1080.000000
0 225 0.780729 0.573611 0.034375 0.154630 1.000000 1920.000000 1080.000000
0 226 0.782552 0.573611 0.034896 0.154630 1.000000 1920.000000 1080.000000
0 227 0.784115 0.573148 0.034896 0.155556 1.000000 1920.000000 1080.000000
0 228 0.785937 0.573148 0.035417 0.155556 1.000000 1920.000000 1080.000000
0 229 0.788021 0.573148 0.035417 0.155556 1.000000 1920.000000 1080.000000
0 230 0.789583 0.572685 0.035417 0.156481 1.000000 1920.000000 1080.000000
0 231 0.791406 0.572685 0.035937 0.156481 1.000000 1920.000000 1080.000000
0 232 0.793490 0.572685 0.035937 0.156481 1.000000 1920.000000 1080.000000
0 233 0.796354 0.572222 0.038542 0.157407 1.000000 1920.000000 1080.000000
0 234 0.799740 0.572685 0.041146 0.158333 1.000000 1920.000000 1080.000000
0 235 0.802865 0.572685 0.044271 0.158333 1.000000 1920.000000 1080.000000
0 236 0.806250 0.572685 0.046875 0.160185 1.000000 1920.000000 1080.000000
0 237 0.809375 0.572685 0.050000 0.160185 1.000000 1920.000000 1080.000000
0 238 0.812760 0.573148 0.052604 0.161111 1.000000 1920.000000 1080.000000
0 239 0.816146 0.573611 0.055208 0.162037 1.000000 1920.000000 1080.000000
0 240 0.819531 0.573148 0.053646 0.162963 1.000000 1920.000000 1080.000000
0 241 0.822917 0.573148 0.052083 0.162963 1.000000 1920.000000 1080.000000
0 242 0.826823 0.573611 0.050521 0.163889 1.000000 1920.000000 1080.000000
0 243 0.830208 0.573611 0.048958 0.163889 1.000000 1920.000000 1080.000000
0 244 0.834115 0.574074 0.047396 0.164815 1.000000 1920.000000 1080.000000
0 245 0.836719 0.573611 0.046354 0.165741 1.000000 1920.000000 1080.000000
0 246 0.839583 0.573611 0.044792 0.165741 1.000000 1920.000000 1080.000000
0 247 0.842187 0.573611 0.043750 0.165741 1.000000 1920.000000 1080.000000
0 248 0.845313 0.574074 0.042708 0.166667 1.000000 1920.000000 1080.000000
0 249 0.848177 0.574074 0.041146 0.166667 1.000000 1920.000000 1080.000000
0 250 0.850781 0.574074 0.040104 0.166667 1.000000 1920.000000 1080.000000
0 251 0.853646 0.574074 0.038542 0.166667 1.000000 1920.000000 1080.000000
0 252 0.856771 0.574537 0.037500 0.167593 1.000000 1920.000000 1080.000000
0 253 0.860938 0.574074 0.040625 0.168519 1.000000 1920.000000 1080.000000
0 254 0.865104 0.574537 0.043750 0.169444 1.000000 1920.000000 1080.000000
0 255 0.869271 0.575000 0.046875 0.170370 1.000000 1920.000000 1080.000000
0 256 0.873437 0.575463 0.050000 0.171296 1.000000 1920.000000 1080.000000
0 257 0.878125 0.575926 0.053125 0.172222 1.000000 1920.000000 1080.000000
0 258 0.880469 0.575463 0.051562 0.173148 1.000000 1920.000000 1080.000000
0 259 0.883073 0.575463 0.049479 0.175000 1.000000 1920.000000 1080.000000
0 260 0.885677 0.575000 0.047396 0.175926 1.000000 1920.000000 1080.000000
0 261 0.888281 0.575000 0.045312 0.177778 1.000000 1920.000000 1080.000000
0 262 0.890885 0.574537 0.043229 0.178704 1.000000 1920.000000 1080.000000
0 263 0.893490 0.574537 0.041146 0.180556 1.000000 1920.000000 1080.000000
0 264 0.896094 0.574537 0.042188 0.180556 1.000000 1920.000000 1080.000000
0 265 0.898698 0.575000 0.043229 0.181481 1.000000 1920.000000 1080.000000
0 266 0.901302 0.575463 0.044271 0.180556 1.000000 1920.000000 1080.000000
0 267 0.904167 0.575926 0.045833 0.181481 1.000000 1920.000000 1080.000000
0 268 0.907031 0.576389 0.046354 0.180556 1.000000 1920.000000 1080.000000
0 269 0.909635 0.576852 0.047396 0.181481 1.000000 1920.000000 1080.000000
0 270 0.912500 0.576852 0.048958 0.181481 1.000000 1920.000000 1080.000000
0 271 0.915104 0.577778 0.050000 0.181481 1.000000 1920.000000 1080.000000
0 272 0.917708 0.577778 0.051042 0.181481 1.000000 1920.000000 1080.000000
0 273 0.920833 0.578704 0.052083 0.181481 1.000000 1920.000000 1080.000000
0 274 0.921615 0.578704 0.051562 0.183333 1.000000 1920.000000 1080.000000
0 275 0.922396 0.579630 0.051042 0.185185 1.000000 1920.000000 1080.000000
0 276 0.923177 0.580556 0.050521 0.187037 1.000000 1920.000000 1080.000000
0 277 0.923958 0.581019 0.050000 0.187963 1.000000 1920.000000 1080.000000
0 278 0.924740 0.581944 0.049479 0.189815 1.000000 1920.000000 1080.000000
0 279 0.925521 0.582870 0.048958 0.191667 1.000000 1920.000000 1080.000000
0 280 0.924219 0.582870 0.050521 0.191667 1.000000 1920.000000 1080.000000
0 281 0.922917 0.582870 0.052083 0.191667 1.000000 1920.000000 1080.000000
0 282 0.921615 0.582870 0.053646 0.191667 1.000000 1920.000000 1080.000000
0 283 0.920312 0.582870 0.055208 0.191667 1.000000 1920.000000 1080.000000
0 284 0.919010 0.582870 0.056771 0.191667 1.000000 1920.000000 1080.000000
0 285 0.918229 0.582870 0.058333 0.191667 1.000000 1920.000000 1080.000000
0 286 0.917188 0.581944 0.058333 0.191667 1.000000 1920.000000 1080.000000
0 287 0.916146 0.581944 0.058333 0.191667 1.000000 1920.000000 1080.000000
0 288 0.915104 0.581944 0.058333 0.191667 1.000000 1920.000000 1080.000000
0 289 0.914323 0.581944 0.058854 0.191667 1.000000 1920.000000 1080.000000
0 290 0.913281 0.581019 0.058854 0.191667 1.000000 1920.000000 1080.000000
0 291 0.912240 0.581019 0.058854 0.191667 1.000000 1920.000000 1080.000000
0 292 0.911198 0.581019 0.058854 0.191667 1.000000 1920.000000 1080.000000
0 293 0.910417 0.581019 0.059375 0.191667 1.000000 1920.000000 1080.000000
0 294 0.910156 0.581019 0.058854 0.191667 1.000000 1920.000000 1080.000000
0 295 0.910156 0.581019 0.057813 0.191667 1.000000 1920.000000 1080.000000
0 296 0.910156 0.581019 0.056771 0.191667 1.000000 1920.000000 1080.000000
0 297 0.910156 0.581019 0.055729 0.191667 1.000000 1920.000000 1080.000000
0 298 0.910156 0.581019 0.054688 0.191667 1.000000 1920.000000 1080.000000
0 299 0.910417 0.581019 0.054167 0.191667 1.000000 1920.000000 1080.000000
0 300 0.910417 0.581019 0.053125 0.191667 1.000000 1920.000000 1080.000000
0 301 0.910417 0.581019 0.052083 0.191667 1.000000 1920.000000 1080.000000
0 302 0.910417 0.581019 0.051042 0.191667 1.000000 1920.000000 1080.000000
0 303 0.910417 0.581019 0.050000 0.191667 1.000000 1920.000000 1080.000000
0 304 0.910417 0.581019 0.048958 0.191667 1.000000 1920.000000 1080.000000
0 305 0.910677 0.581019 0.048438 0.191667 1.000000 1920.000000 1080.000000
0 306 0.909896 0.581019 0.048958 0.191667 1.000000 1920.000000 1080.000000
0 307 0.909375 0.581019 0.048958 0.191667 1.000000 1920.000000 1080.000000
0 308 0.908854 0.581019 0.048958 0.191667 1.000000 1920.000000 1080.000000
0 309 0.908594 0.581019 0.049479 0.191667 1.000000 1920.000000 1080.000000
0 310 0.908073 0.581019 0.049479 0.191667 1.000000 1920.000000 1080.000000
0 311 0.907552 0.581944 0.049479 0.191667 1.000000 1920.000000 1080.000000
0 312 0.907031 0.581944 0.049479 0.191667 1.000000 1920.000000 1080.000000
0 313 0.906771 0.581944 0.050000 0.191667 1.000000 1920.000000 1080.000000
0 314 0.906250 0.581944 0.050000 0.191667 1.000000 1920.000000 1080.000000
0 315 0.905729 0.581944 0.050000 0.191667 1.000000 1920.000000 1080.000000
0 316 0.905208 0.581944 0.050000 0.191667 1.000000 1920.000000 1080.000000
0 317 0.904948 0.582870 0.050521 0.191667 1.000000 1920.000000 1080.000000
0 318 0.903906 0.582870 0.051562 0.191667 1.000000 1920.000000 1080.000000
0 319 0.902865 0.582870 0.052604 0.191667 1.000000 1920.000000 1080.000000
0 320 0.902083 0.582870 0.053125 0.191667 1.000000 1920.000000 1080.000000
0 321 0.901042 0.582870 0.054167 0.191667 1.000000 1920.000000 1080.000000
0 322 0.900260 0.583333 0.055729 0.190741 1.000000 1920.000000 1080.000000
0 323 0.899479 0.583333 0.056250 0.190741 1.000000 1920.000000 1080.000000
0 324 0.898438 0.583333 0.057292 0.190741 1.000000 1920.000000 1080.000000
0 325 0.897396 0.583333 0.058333 0.190741 1.000000 1920.000000 1080.000000
0 326 0.896875 0.583796 0.059375 0.189815 1.000000 1920.000000 1080.000000
0 327 0.896615 0.582870 0.057813 0.189815 1.000000 1920.000000 1080.000000
0 328 0.896875 0.582407 0.056250 0.190741 1.000000 1920.000000 1080.000000
0 329 0.897135 0.582407 0.054688 0.190741 1.000000 1920.000000 1080.000000
0 330 0.897396 0.581944 0.053125 0.191667 1.000000 1920.000000 1080.000000
0 331 0.897656 0.581481 0.051562 0.192593 1.000000 1920.000000 1080.000000
0 332 0.897656 0.581481 0.050521 0.192593 1.000000 1920.000000 1080.000000
0 333 0.897917 0.581019 0.048958 0.193519 1.000000 1920.000000 1080.000000
0 334 0.898177 0.580556 0.047396 0.194444 1.000000 1920.000000 1080.000000
0 335 0.898438 0.580556 0.045833 0.194444 1.000000 1920.000000 1080.000000
0 336 0.898698 0.580093 0.044271 0.195370 1.000000 1920.000000 1080.000000
0 337 0.898958 0.580093 0.042708 0.195370 1.000000 1920.000000 1080.000000
0 338 0.898438 0.579630 0.042708 0.194444 1.000000 1920.000000 1080.000000
0 339 0.898177 0.579630 0.043229 0.194444 1.000000 1920.000000 1080.000000
0 340 0.898177 0.580093 0.043229 0.193519 1.000000 1920.000000 1080.000000
0 341 0.897917 0.580093 0.043750 0.193519 1.000000 1920.000000 1080.000000
0 342 0.897656 0.580556 0.044271 0.192593 1.000000 1920.000000 1080.000000
0 343 0.897656 0.580556 0.044271 0.192593 1.000000 1920.000000 1080.000000
0 344 0.897135 0.581019 0.044271 0.191667 1.000000 1920.000000 1080.000000
0 345 0.896875 0.581019 0.044792 0.191667 1.000000 1920.000000 1080.000000
0 346 0.896875 0.581481 0.044792 0.190741 1.000000 1920.000000 1080.000000
0 347 0.896615 0.581481 0.045312 0.190741 1.000000 1920.000000 1080.000000
0 348 0.896354 0.581481 0.045833 0.190741 1.000000 1920.000000 1080.000000
0 349 0.896354 0.581944 0.045833 0.189815 1.000000 1920.000000 1080.000000
0 350 0.895833 0.581944 0.045833 0.189815 1.000000 1920.000000 1080.000000
0 351 0.895573 0.582407 0.046354 0.188889 1.000000 1920.000000 1080.000000
0 352 0.895573 0.582407 0.046354 0.188889 1.000000 1920.000000 1080.000000
0 353 0.895312 0.582870 0.046875 0.187963 1.000000 1920.000000 1080.000000
0 354 0.895052 0.582870 0.047396 0.187963 1.000000 1920.000000 1080.000000
0 355 0.895052 0.583333 0.047396 0.187037 1.000000 1920.000000 1080.000000
0 356 0.896094 0.583333 0.047396 0.188889 1.000000 1920.000000 1080.000000
0 357 0.897396 0.583796 0.046875 0.189815 1.000000 1920.000000 1080.000000
0 358 0.898438 0.584259 0.046875 0.190741 1.000000 1920.000000 1080.000000
0 359 0.900000 0.584722 0.046875 0.191667 1.000000 1920.000000 1080.000000
0 360 0.903646 0.583796 0.048958 0.193519 1.000000 1920.000000 1080.000000
0 361 0.907552 0.583796 0.050521 0.195370 1.000000 1920.000000 1080.000000
0 362 0.911458 0.583333 0.052083 0.196296 1.000000 1920.000000 1080.000000
0 363 0.915625 0.583333 0.054167 0.198148 1.000000 1920.000000 1080.000000
0 364 0.919531 0.582870 0.055729 0.199074 1.000000 1920.000000 1080.000000
0 365 0.923438 0.582870 0.057292 0.200926 1.000000 1920.000000 1080.000000
0 366 0.927344 0.582407 0.058854 0.201852 1.000000 1920.000000 1080.000000
0 367 0.931510 0.582407 0.060937 0.203704 1.000000 1920.000000 1080.000000
0 368 0.935937 0.581944 0.059375 0.204630 1.000000 1920.000000 1080.000000
0 369 0.940885 0.582407 0.057813 0.205556 1.000000 1920.000000 1080.000000
0 370 0.945573 0.582407 0.056771 0.207407 1.000000 1920.000000 1080.000000
0 371 0.950521 0.582870 0.055208 0.208333 1.000000 1920.000000 1080.000000
0 372 0.955208 0.582870 0.054167 0.208333 1.000000 1920.000000 1080.000000
0 373 0.960156 0.582870 0.052604 0.210185 1.000000 1920.000000 1080.000000
0 374 0.964844 0.583333 0.051562 0.211111 1.000000 1920.000000 1080.000000
0 375 0.969792 0.583796 0.050000 0.212037 1.000000 1920.000000 1080.000000
0 376 0.972396 0.583796 0.053125 0.212037 1.000000 1920.000000 1080.000000
0 377 0.975260 0.583796 0.055729 0.212037 0.944440 1920.000000 1080.000000
0 378 0.977865 0.583796 0.058854 0.212037 0.877190 1920.000000 1080.000000
0 379 0.980729 0.583796 0.061458 0.212037 0.815130 1920.000000 1080.000000
0 380 0.986979 0.583796 0.059375 0.212037 0.721740 1920.000000 1080.000000
0 381 0.993229 0.584722 0.057292 0.212037 0.621620 1920.000000 1080.000000
0 382 0.999479 0.585648 0.055208 0.212037 0.514020 1920.000000 1080.000000
