0 1 0.423698 0.507407 0.025521 0.124074 0.618370 1920.000000 1080.000000
0 2 0.423698 0.508333 0.025521 0.124074 0.604740 1920.000000 1080.000000
0 3 0.423698 0.509259 0.025521 0.124074 0.591110 1920.000000 1080.000000
0 4 0.423698 0.510185 0.025521 0.124074 0.595560 1920.000000 1080.000000
0 5 0.423698 0.511111 0.025521 0.124074 0.582070 1920.000000 1080.000000
0 6 0.423698 0.512037 0.025521 0.124074 0.568590 1920.000000 1080.000000
0 7 0.423958 0.513889 0.025000 0.124074 0.559790 1920.000000 1080.000000
0 8 0.423958 0.514815 0.025000 0.124074 0.546030 1920.000000 1080.000000
0 9 0.423958 0.515741 0.025000 0.124074 0.532280 1920.000000 1080.000000
0 10 0.423958 0.516667 0.025000 0.124074 0.537410 1920.000000 1080.000000
0 11 0.423958 0.517593 0.025000 0.124074 0.523810 1920.000000 1080.000000
0 12 0.423958 0.518519 0.025000 0.124074 0.510200 1920.000000 1080.000000
0 13 0.424479 0.520370 0.025000 0.124074 0.496600 1920.000000 1080.000000
0 14 0.424479 0.521296 0.025000 0.124074 0.491010 1920.000000 1080.000000
0 15 0.424479 0.523148 0.025000 0.124074 0.499320 1920.000000 1080.000000
0 16 0.424479 0.524074 0.025000 0.124074 0.499320 1920.000000 1080.000000
0 17 0.424479 0.525926 0.025000 0.124074 0.507940 1920.000000 1080.000000
0 18 0.424479 0.526852 0.025000 0.124074 0.502650 1920.000000 1080.000000
0 19 0.424479 0.528704 0.025000 0.124074 0.511720 1920.000000 1080.000000
0 20 0.424479 0.529630 0.025000 0.124074 0.511720 1920.000000 1080.000000
0 21 0.424479 0.531481 0.025000 0.124074 0.521090 1920.000000 1080.000000
0 22 0.424479 0.532407 0.025000 0.124074 0.526080 1920.000000 1080.000000
0 23 0.424479 0.534259 0.025000 0.124074 0.526080 1920.000000 1080.000000
0 24 0.424479 0.535185 0.025000 0.124074 0.536050 1920.000000 1080.000000
0 25 0.424479 0.537037 0.025000 0.124074 0.536050 1920.000000 1080.000000
0 26 0.424479 0.537963 0.025000 0.124074 0.541040 1920.000000 1080.000000
0 27 0.424479 0.539815 0.025000 0.124074 0.546030 1920.000000 1080.000000
0 28 0.424479 0.540741 0.025000 0.124074 0.551020 1920.000000 1080.000000
0 29 0.425000 0.542593 0.025000 0.124074 0.542550 1920.000000 1080.000000
0 30 0.425000 0.543519 0.025000 0.124074 0.547690 1920.000000 1080.000000
0 31 0.425521 0.545370 0.025000 0.124074 0.534390 1920.000000 1080.000000
0 32 0.425781 0.547222 0.025521 0.124074 0.536000 1920.000000 1080.000000
0 33 0.426042 0.548148 0.025000 0.124074 0.531970 1920.000000 1080.000000
0 34 0.426302 0.550000 0.025521 0.124074 0.534070 1920.000000 1080.000000
0 35 0.426823 0.551852 0.025521 0.124074 0.554070 1920.000000 1080.000000
0 36 0.426823 0.552778 0.025521 0.124074 0.592300 1920.000000 1080.000000
0 37 0.427344 0.554630 0.025521 0.124074 0.613330 1920.000000 1080.000000
0 38 0.427865 0.556481 0.025521 0.124074 0.634960 1920.000000 1080.000000
0 39 0.428385 0.557407 0.025521 0.124074 0.661040 1920.000000 1080.000000
0 40 0.428906 0.559259 0.025521 0.124074 0.683560 1920.000000 1080.000000
0 41 0.429948 0.560185 0.025521 0.124074 0.696740 1920.000000 1080.000000
0 42 0.430469 0.562037 0.025521 0.124074 0.720000 1920.000000 1080.000000
0 43 0.430990 0.562963 0.025521 0.124074 0.746670 1920.000000 1080.000000
0 44 0.432031 0.564815 0.025521 0.124074 0.757330 1920.000000 1080.000000
0 45 0.431771 0.564815 0.026042 0.124074 0.806100 1920.000000 1080.000000
0 46 0.431771 0.565741 0.026042 0.124074 0.806100 1920.000000 1080.000000
0 47 0.431771 0.566667 0.026042 0.124074 0.819030 1920.000000 1080.000000
0 48 0.431771 0.567593 0.026042 0.124074 0.831950 1920.000000 1080.000000
0 49 0.431771 0.567593 0.026042 0.124074 0.848370 1920.000000 1080.000000
0 50 0.431771 0.568519 0.026042 0.124074 0.875090 1920.000000 1080.000000
0 51 0.431771 0.569444 0.026042 0.124074 0.901230 1920.000000 1080.000000
0 52 0.431771 0.570370 0.026042 0.124074 0.926800 1920.000000 1080.000000
0 53 0.431771 0.570370 0.026042 0.124074 0.964270 1920.000000 1080.000000
0 54 0.431771 0.571296 0.026042 0.124074 0.951780 1920.000000 1080.000000
0 55 0.431771 0.572222 0.026042 0.124074 0.951780 1920.000000 1080.000000
0 56 0.431771 0.573148 0.026042 0.124074 0.939720 1920.000000 1080.000000
0 57 0.431771 0.573148 0.026042 0.124074 0.939720 1920.000000 1080.000000
0 58 0.431771 0.574074 0.026042 0.124074 0.927670 1920.000000 1080.000000
0 59 0.431771 0.575000 0.026042 0.124074 0.927670 1920.000000 1080.000000
0 60 0.431771 0.575926 0.026042 0.124074 0.914600 1920.000000 1080.000000
0 61 0.431771 0.575000 0.026042 0.124074 0.916630 1920.000000 1080.000000
0 62 0.432292 0.575000 0.026042 0.124074 0.894120 1920.000000 1080.000000
0 63 0.432552 0.575000 0.026562 0.124074 0.886040 1920.000000 1080.000000
0 64 0.433073 0.575000 0.026562 0.124074 0.897440 1920.000000 1080.000000
0 65 0.433594 0.575000 0.026562 0.124074 0.908830 1920.000000 1080.000000
0 66 0.433594 0.574537 0.026562 0.123148 0.931970 1920.000000 1080.000000
0 67 0.434115 0.574537 0.026562 0.123148 0.943310 1920.000000 1080.000000
0 68 0.434635 0.574537 0.026562 0.123148 0.954650 1920.000000 1080.000000
0 69 0.434896 0.574537 0.027083 0.123148 0.966630 1920.000000 1080.000000
0 70 0.435417 0.574537 0.027083 0.123148 0.988880 1920.000000 1080.000000
0 71 0.435937 0.574537 0.027083 0.123148 1.000000 1920.000000 1080.000000
0 72 0.435417 0.573611 0.027083 0.123148 1.000000 1920.000000 1080.000000
0 73 0.435417 0.573148 0.027083 0.124074 1.000000 1920.000000 1080.000000
0 74 0.435417 0.572685 0.027083 0.123148 1.000000 1920.000000 1080.000000
0 75 0.434896 0.572222 0.027083 0.124074 1.000000 1920.000000 1080.000000
0 76 0.434896 0.571296 0.027083 0.124074 1.000000 1920.000000 1080.000000
0 77 0.434896 0.571296 0.027083 0.124074 1.000000 1920.000000 1080.000000
0 78 0.434896 0.570833 0.027083 0.125000 1.000000 1920.000000 1080.000000
0 79 0.434375 0.569907 0.027083 0.125000 1.000000 1920.000000 1080.000000
0 80 0.434375 0.569907 0.027083 0.125000 1.000000 1920.000000 1080.000000
0 81 0.434375 0.568981 0.027083 0.125000 1.000000 1920.000000 1080.000000
0 82 0.433854 0.568519 0.027083 0.125926 1.000000 1920.000000 1080.000000
0 83 0.433854 0.568056 0.027083 0.125000 1.000000 1920.000000 1080.000000
0 84 0.433854 0.567593 0.027083 0.125926 1.000000 1920.000000 1080.000000
0 85 0.433854 0.567593 0.027083 0.125926 1.000000 1920.000000 1080.000000
0 86 0.433854 0.566667 0.027083 0.125926 1.000000 1920.000000 1080.000000
0 87 0.433854 0.566667 0.027083 0.125926 1.000000 1920.000000 1080.000000
0 88 0.433854 0.566204 0.027083 0.126852 1.000000 1920.000000 1080.000000
0 89 0.433854 0.566204 0.027083 0.126852 1.000000 1920.000000 1080.000000
0 90 0.433854 0.566204 0.027083 0.126852 1.000000 1920.000000 1080.000000
0 91 0.433854 0.565278 0.027083 0.126852 1.000000 1920.000000 1080.000000
0 92 0.433854 0.565278 0.027083 0.126852 1.000000 1920.000000 1080.000000
0 93 0.433854 0.565278 0.027083 0.126852 1.000000 1920.000000 1080.000000
0 94 0.433854 0.564815 0.027083 0.127778 1.000000 1920.000000 1080.000000
0 95 0.433854 0.564815 0.027083 0.127778 1.000000 1920.000000 1080.000000
0 96 0.433854 0.564815 0.027083 0.127778 1.000000 1920.000000 1080.000000
0 97 0.433854 0.563889 0.027083 0.127778 1.000000 1920.000000 1080.000000
0 98 0.433854 0.563889 0.027083 0.127778 1.000000 1920.000000 1080.000000
0 99 0.433854 0.563889 0.027083 0.127778 1.000000 1920.000000 1080.000000
0 100 0.433854 0.563426 0.027083 0.128704 1.000000 1920.000000 1080.000000
0 101 0.433854 0.563426 0.027083 0.128704 1.000000 1920.000000 1080.000000
0 102 0.433854 0.563426 0.027083 0.128704 1.000000 1920.000000 1080.000000
0 103 0.433333 0.563426 0.027083 0.128704 1.000000 1920.000000 1080.000000
0 104 0.433333 0.563426 0.027083 0.128704 1.000000 1920.000000 1080.000000
0 105 0.433333 0.563426 0.027083 0.128704 1.000000 1920.000000 1080.000000
0 106 0.432812 0.563426 0.027083 0.128704 1.000000 1920.000000 1080.000000
0 107 0.432812 0.563426 0.027083 0.128704 1.000000 1920.000000 1080.000000
0 108 0.432812 0.563426 0.027083 0.128704 1.000000 1920.000000 1080.000000
0 109 0.432292 0.563426 0.027083 0.128704 1.000000 1920.000000 1080.000000
0 110 0.432292 0.563426 0.027083 0.128704 1.000000 1920.000000 1080.000000
0 111 0.432292 0.563889 0.027083 0.129630 1.000000 1920.000000 1080.000000
0 112 0.432292 0.563889 0.027083 0.129630 1.000000 1920.000000 1080.000000
0 113 0.431771 0.563889 0.027083 0.129630 1.000000 1920.000000 1080.000000
0 114 0.431771 0.563889 0.027083 0.129630 1.000000 1920.000000 1080.000000
0 115 0.431771 0.563889 0.027083 0.129630 1.000000 1920.000000 1080.000000
0 116 0.431250 0.563889 0.027083 0.129630 1.000000 1920.000000 1080.000000
0 117 0.431250 0.563889 0.027083 0.129630 1.000000 1920.000000 1080.000000
0 118 0.431250 0.563889 0.027083 0.129630 1.000000 1920.000000 1080.000000
0 119 0.430729 0.563889 0.027083 0.129630 1.000000 1920.000000 1080.000000
0 120 0.430729 0.564352 0.027083 0.130556 1.000000 1920.000000 1080.000000
0 121 0.430729 0.564352 0.027083 0.130556 1.000000 1920.000000 1080.000000
0 122 0.430729 0.564352 0.027083 0.130556 1.000000 1920.000000 1080.000000
0 123 0.430208 0.564352 0.027083 0.130556 1.000000 1920.000000 1080.000000
0 124 0.430208 0.564352 0.027083 0.130556 1.000000 1920.000000 1080.000000
0 125 0.430208 0.564352 0.027083 0.130556 1.000000 1920.000000 1080.000000
0 126 0.429688 0.564352 0.027083 0.130556 1.000000 1920.000000 1080.000000
0 127 0.429688 0.564352 0.027083 0.130556 1.000000 1920.000000 1080.000000
0 128 0.429688 0.564352 0.027083 0.130556 1.000000 1920.000000 1080.000000
0 129 0.429688 0.564815 0.027083 0.131481 1.000000 1920.000000 1080.000000
0 130 0.429427 0.564815 0.027604 0.131481 1.000000 1920.000000 1080.000000
0 131 0.429427 0.564815 0.027604 0.131481 1.000000 1920.000000 1080.000000
0 132 0.429427 0.565278 0.027604 0.132407 1.000000 1920.000000 1080.000000
0 133 0.429427 0.565278 0.027604 0.132407 1.000000 1920.000000 1080.000000
0 134 0.429427 0.565741 0.027604 0.131481 1.000000 1920.000000 1080.000000
0 135 0.429427 0.566204 0.027604 0.132407 1.000000 1920.000000 1080.000000
0 136 0.429427 0.566204 0.028646 0.132407 1.000000 1920.000000 1080.000000
0 137 0.429427 0.566204 0.028646 0.132407 1.000000 1920.000000 1080.000000
0 138 0.429427 0.566667 0.028646 0.133333 1.000000 1920.000000 1080.000000
0 139 0.429427 0.567130 0.028646 0.132407 1.000000 1920.000000 1080.000000
0 140 0.429427 0.567593 0.028646 0.133333 1.000000 1920.000000 1080.000000
0 141 0.429427 0.567593 0.028646 0.133333 1.000000 1920.000000 1080.000000
0 142 0.429427 0.567593 0.029687 0.133333 1.000000 1920.000000 1080.000000
0 143 0.429427 0.568056 0.029687 0.134259 1.000000 1920.000000 1080.000000
0 144 0.429427 0.568519 0.029687 0.133333 1.000000 1920.000000 1080.000000
0 145 0.429427 0.568519 0.029687 0.133333 1.000000 1920.000000 1080.000000
0 146 0.429427 0.568981 0.029687 0.134259 1.000000 1920.000000 1080.000000
0 147 0.429427 0.568981 0.029687 0.134259 1.000000 1920.000000 1080.000000
0 148 0.429688 0.569907 0.030208 0.134259 1.000000 1920.000000 1080.000000
0 149 0.429688 0.569907 0.030208 0.134259 1.000000 1920.000000 1080.000000
0 150 0.429688 0.569907 0.030208 0.134259 1.000000 1920.000000 1080.000000
0 151 0.430208 0.570370 0.030208 0.135185 1.000000 1920.000000 1080.000000
0 152 0.430208 0.570833 0.030208 0.134259 1.000000 1920.000000 1080.000000
0 153 0.430729 0.571296 0.030208 0.135185 1.000000 1920.000000 1080.000000
0 154 0.430729 0.571296 0.030208 0.135185 1.000000 1920.000000 1080.000000
0 155 0.430729 0.572222 0.030208 0.135185 1.000000 1920.000000 1080.000000
0 156 0.431250 0.572222 0.030208 0.135185 1.000000 1920.000000 1080.000000
0 157 0.431250 0.572685 0.030208 0.136111 1.000000 1920.000000 1080.000000
0 158 0.431771 0.573148 0.030208 0.135185 1.000000 1920.000000 1080.000000
0 159 0.431771 0.573148 0.030208 0.135185 1.000000 1920.000000 1080.000000
0 160 0.431771 0.573611 0.030208 0.136111 1.000000 1920.000000 1080.000000
0 161 0.432292 0.573611 0.030208 0.136111 1.000000 1920.000000 1080.000000
0 162 0.432292 0.574537 0.030208 0.136111 1.000000 1920.000000 1080.000000
0 163 0.432812 0.574537 0.030208 0.136111 1.000000 1920.000000 1080.000000
0 164 0.432812 0.575000 0.030208 0.137037 1.000000 1920.000000 1080.000000
0 165 0.432812 0.575463 0.030208 0.136111 1.000000 1920.000000 1080.000000
0 166 0.433333 0.575926 0.030208 0.137037 1.000000 1920.000000 1080.000000
0 167 0.433333 0.575926 0.030208 0.137037 1.000000 1920.000000 1080.000000
0 168 0.433854 0.576852 0.030208 0.137037 1.000000 1920.000000 1080.000000
0 169 0.433854 0.576852 0.030208 0.137037 1.000000 1920.000000 1080.000000
0 170 0.433854 0.577778 0.030208 0.137037 1.000000 1920.000000 1080.000000
0 171 0.433854 0.578241 0.030208 0.137963 1.000000 1920.000000 1080.000000
0 172 0.434115 0.578704 0.029687 0.137037 1.000000 1920.000000 1080.000000
0 173 0.434115 0.579630 0.029687 0.137037 1.000000 1920.000000 1080.000000
0 174 0.434375 0.580093 0.030208 0.137963 1.000000 1920.000000 1080.000000
0 175 0.434375 0.581019 0.030208 0.137963 1.000000 1920.000000 1080.000000
0 176 0.434635 0.581481 0.029687 0.137037 1.000000 1920.000000 1080.000000
0 177 0.434635 0.581944 0.029687 0.137963 1.000000 1920.000000 1080.000000
0 178 0.434635 0.582870 0.029687 0.137963 1.000000 1920.000000 1080.000000
0 179 0.435156 0.583796 0.029687 0.137963 1.000000 1920.000000 1080.000000
0 180 0.435677 0.583796 0.029687 0.137963 1.000000 1920.000000 1080.000000
0 181 0.436198 0.584722 0.029687 0.137963 1.000000 1920.000000 1080.000000
0 182 0.437240 0.584722 0.029687 0.137963 1.000000 1920.000000 1080.000000
0 183 0.437760 0.585648 0.029687 0.137963 1.000000 1920.000000 1080.000000
0 184 0.438802 0.585648 0.029687 0.137963 1.000000 1920.000000 1080.000000
0 185 0.439323 0.586574 0.029687 0.137963 1.000000 1920.000000 1080.000000
0 186 0.440365 0.586574 0.029687 0.137963 1.000000 1920.000000 1080.000000
0 187 0.440885 0.587500 0.029687 0.137963 1.000000 1920.000000 1080.000000
0 188 0.441927 0.587500 0.029687 0.137963 1.000000 1920.000000 1080.000000
0 189 0.442448 0.588426 0.029687 0.137963 1.000000 1920.000000 1080.000000
0 190 0.443490 0.589352 0.029687 0.137963 1.000000 1920.000000 1080.000000
0 191 0.443490 0.589352 0.029687 0.137963 1.000000 1920.000000 1080.000000
0 192 0.444010 0.589352 0.029687 0.137963 1.000000 1920.000000 1080.000000
0 193 0.444010 0.589815 0.029687 0.138889 1.000000 1920.000000 1080.000000
0 194 0.444531 0.589815 0.029687 0.138889 1.000000 1920.000000 1080.000000
0 195 0.445052 0.590278 0.029687 0.139815 1.000000 1920.000000 1080.000000
0 196 0.445052 0.590278 0.029687 0.139815 1.000000 1920.000000 1080.000000
0 197 0.445573 0.590741 0.029687 0.140741 1.000000 1920.000000 1080.000000
0 198 0.445573 0.590741 0.029687 0.140741 1.000000 1920.000000 1080.000000
0 199 0.446094 0.591204 0.029687 0.141667 0.982760 1920.000000 1080.000000
0 200 0.446615 0.591204 0.029687 0.141667 0.974140 1920.000000 1080.000000
0 201 0.446615 0.591667 0.029687 0.142593 0.947940 1920.000000 1080.000000
0 202 0.447135 0.591667 0.029687 0.142593 0.946610 1920.000000 1080.000000
0 203 0.447656 0.592130 0.029687 0.143519 0.935790 1920.000000 1080.000000
0 204 0.447656 0.592130 0.029687 0.143519 0.916450 1920.000000 1080.000000
0 205 0.448177 0.592130 0.029687 0.143519 0.904950 1920.000000 1080.000000
0 206 0.448698 0.593056 0.029687 0.143519 0.893020 1920.000000 1080.000000
0 207 0.449219 0.593056 0.029687 0.143519 0.881960 1920.000000 1080.000000
0 208 0.449740 0.593981 0.029687 0.143519 0.869250 1920.000000 1080.000000
0 209 0.450260 0.593981 0.029687 0.143519 0.857650 1920.000000 1080.000000
0 210 0.450521 0.593981 0.030208 0.143519 0.838330 1920.000000 1080.000000
0 211 0.451042 0.594907 0.030208 0.143519 0.816170 1920.000000 1080.000000
0 212 0.451562 0.594907 0.030208 0.143519 0.834850 1920.000000 1080.000000
0 213 0.452083 0.595833 0.030208 0.143519 0.841920 1920.000000 1080.000000
0 214 0.452604 0.595833 0.030208 0.143519 0.862990 1920.000000 1080.000000
0 215 0.453125 0.596759 0.030208 0.143519 0.870930 1920.000000 1080.000000
0 216 0.453125 0.596759 0.030208 0.143519 0.870930 1920.000000 1080.000000
0 217 0.453125 0.596759 0.030208 0.143519 0.858760 1920.000000 1080.000000
0 218 0.453125 0.596759 0.030208 0.143519 0.846370 1920.000000 1080.000000
0 219 0.453125 0.596759 0.030208 0.143519 0.833770 1920.000000 1080.000000
0 220 0.453646 0.596759 0.030208 0.143519 0.832140 1920.000000 1080.000000
0 221 0.453646 0.596759 0.030208 0.143519 0.819210 1920.000000 1080.000000
0 222 0.453646 0.596759 0.030208 0.143519 0.794650 1920.000000 1080.000000
0 223 0.453646 0.596759 0.030208 0.143519 0.792700 1920.000000 1080.000000
0 224 0.454167 0.596759 0.030208 0.143519 0.792700 1920.000000 1080.000000
0 225 0.454167 0.596759 0.030208 0.143519 0.781180 1920.000000 1080.000000
0 226 0.454167 0.596759 0.030208 0.143519 0.779120 1920.000000 1080.000000
0 227 0.454167 0.596759 0.030208 0.143519 0.767490 1920.000000 1080.000000
0 228 0.454688 0.596759 0.030208 0.143519 0.767490 1920.000000 1080.000000
0 229 0.455208 0.596759 0.030208 0.143519 0.767490 1920.000000 1080.000000
0 230 0.455729 0.597222 0.030208 0.144444 0.755150 1920.000000 1080.000000
0 231 0.456250 0.598148 0.030208 0.144444 0.741120 1920.000000 1080.000000
0 232 0.456771 0.598148 0.030208 0.144444 0.729350 1920.000000 1080.000000
0 233 0.457292 0.599074 0.030208 0.144444 0.715000 1920.000000 1080.000000
0 234 0.457813 0.599537 0.030208 0.145370 0.705000 1920.000000 1080.000000
0 235 0.458333 0.600000 0.030208 0.144444 0.715000 1920.000000 1080.000000
0 236 0.458854 0.600463 0.030208 0.145370 0.728600 1920.000000 1080.000000
0 237 0.459375 0.601389 0.030208 0.145370 0.738040 1920.000000 1080.000000
0 238 0.459896 0.601389 0.030208 0.145370 0.752200 1920.000000 1080.000000
0 239 0.460417 0.602315 0.030208 0.145370 0.761850 1920.000000 1080.000000
0 240 0.460938 0.602778 0.030208 0.146296 0.763350 1920.000000 1080.000000
0 241 0.461458 0.603241 0.030208 0.145370 0.807770 1920.000000 1080.000000
0 242 0.461979 0.603704 0.030208 0.146296 0.854170 1920.000000 1080.000000
0 243 0.463021 0.604630 0.030208 0.146296 0.914190 1920.000000 1080.000000
0 244 0.463021 0.605093 0.030208 0.147222 0.950420 1920.000000 1080.000000
0 245 0.463542 0.605556 0.030208 0.148148 1.000000 1920.000000 1080.000000
0 246 0.464062 0.606019 0.030208 0.149074 1.000000 1920.000000 1080.000000
0 247 0.464062 0.606944 0.030208 0.149074 1.000000 1920.000000 1080.000000
0 248 0.464583 0.607407 0.030208 0.150000 1.000000 1920.000000 1080.000000
0 249 0.465104 0.607870 0.030208 0.150926 1.000000 1920.000000 1080.000000
0 250 0.465625 0.608333 0.030208 0.151852 1.000000 1920.000000 1080.000000
0 251 0.465625 0.609259 0.030208 0.151852 1.000000 1920.000000 1080.000000
0 252 0.466146 0.609722 0.030208 0.152778 1.000000 1920.000000 1080.000000
0 253 0.466667 0.610185 0.030208 0.153704 1.000000 1920.000000 1080.000000
0 254 0.467187 0.611574 0.030208 0.154630 1.000000 1920.000000 1080.000000
0 255 0.467187 0.611574 0.030208 0.154630 1.000000 1920.000000 1080.000000
0 256 0.467708 0.612500 0.030208 0.154630 1.000000 1920.000000 1080.000000
0 257 0.468229 0.613426 0.030208 0.154630 1.000000 1920.000000 1080.000000
0 258 0.468229 0.614352 0.030208 0.154630 1.000000 1920.000000 1080.000000
0 259 0.468750 0.614352 0.030208 0.154630 1.000000 1920.000000 1080.000000
0 260 0.469271 0.615278 0.030208 0.154630 1.000000 1920.000000 1080.000000
0 261 0.469271 0.616204 0.030208 0.154630 1.000000 1920.000000 1080.000000
0 262 0.469792 0.617130 0.030208 0.154630 1.000000 1920.000000 1080.000000
0 263 0.470313 0.617130 0.030208 0.154630 1.000000 1920.000000 1080.000000
0 264 0.470313 0.618056 0.030208 0.154630 1.000000 1920.000000 1080.000000
0 265 0.470833 0.618981 0.030208 0.154630 1.000000 1920.000000 1080.000000
0 266 0.471354 0.619907 0.030208 0.154630 1.000000 1920.000000 1080.000000
0 267 0.471875 0.620833 0.030208 0.154630 1.000000 1920.000000 1080.000000
0 268 0.471875 0.621296 0.030208 0.155556 1.000000 1920.000000 1080.000000
0 269 0.472396 0.622222 0.030208 0.155556 1.000000 1920.000000 1080.000000
0 270 0.472396 0.622685 0.030208 0.156481 1.000000 1920.000000 1080.000000
0 271 0.472917 0.623611 0.030208 0.156481 1.000000 1920.000000 1080.000000
0 272 0.472917 0.624074 0.030208 0.157407 1.000000 1920.000000 1080.000000
0 273 0.473438 0.625000 0.030208 0.157407 1.000000 1920.000000 1080.000000
0 274 0.473958 0.625926 0.030208 0.157407 1.000000 1920.000000 1080.000000
0 275 0.473958 0.626389 0.030208 0.158333 1.000000 1920.000000 1080.000000
0 276 0.474479 0.627315 0.030208 0.158333 1.000000 1920.000000 1080.000000
0 277 0.474479 0.627778 0.030208 0.159259 1.000000 1920.000000 1080.000000
0 278 0.475000 0.628704 0.030208 0.159259 1.000000 1920.000000 1080.000000
0 279 0.475521 0.629630 0.030208 0.159259 1.000000 1920.000000 1080.000000
0 280 0.475781 0.629630 0.030729 0.159259 1.000000 1920.000000 1080.000000
0 281 0.476042 0.630556 0.031250 0.159259 1.000000 1920.000000 1080.000000
0 282 0.476302 0.630556 0.031771 0.159259 1.000000 1920.000000 1080.000000
0 283 0.476562 0.631481 0.032292 0.159259 1.000000 1920.000000 1080.000000
0 284 0.476823 0.631481 0.032813 0.159259 1.000000 1920.000000 1080.000000
0 285 0.477083 0.632407 0.033333 0.159259 1.000000 1920.000000 1080.000000
0 286 0.477344 0.632407 0.033854 0.159259 1.000000 1920.000000 1080.000000
0 287 0.477604 0.633333 0.034375 0.159259 1.000000 1920.000000 1080.000000
0 288 0.477865 0.633333 0.034896 0.159259 1.000000 1920.000000 1080.000000
0 289 0.478125 0.634259 0.035417 0.159259 1.000000 1920.000000 1080.000000
0 290 0.478385 0.634259 0.035937 0.159259 1.000000 1920.000000 1080.000000
0 291 0.479167 0.635185 0.036458 0.159259 1.000000 1920.000000 1080.000000
0 292 0.479687 0.635185 0.036458 0.159259 1.000000 1920.000000 1080.000000
0 293 0.480208 0.636111 0.036458 0.159259 1.000000 1920.000000 1080.000000
0 294 0.481250 0.636574 0.036458 0.160185 1.000000 1920.000000 1080.000000
0 295 0.481771 0.637500 0.036458 0.160185 1.000000 1920.000000 1080.000000
0 296 0.482292 0.638426 0.036458 0.160185 1.000000 1920.000000 1080.000000
0 297 0.483333 0.638889 0.036458 0.161111 1.000000 1920.000000 1080.000000
0 298 0.483854 0.639815 0.036458 0.161111 1.000000 1920.000000 1080.000000
0 299 0.484375 0.640278 0.036458 0.160185 1.000000 1920.000000 1080.000000
0 300 0.485417 0.640741 0.036458 0.161111 1.000000 1920.000000 1080.000000
0 301 0.485938 0.641667 0.036458 0.161111 1.000000 1920.000000 1080.000000
0 302 0.486458 0.642593 0.036458 0.161111 1.000000 1920.000000 1080.000000
0 303 0.487500 0.643056 0.036458 0.162037 1.000000 1920.000000 1080.000000
0 304 0.488021 0.643981 0.036458 0.162037 0.964950 1920.000000 1080.000000
0 305 0.489063 0.644907 0.036458 0.162037 0.905890 1920.000000 1080.000000
0 306 0.489583 0.644907 0.036458 0.162037 0.846030 1920.000000 1080.000000
0 307 0.490625 0.645833 0.036458 0.162037 0.785370 1920.000000 1080.000000
0 308 0.491667 0.646759 0.036458 0.162037 0.723910 1920.000000 1080.000000
0 309 0.492708 0.647685 0.036458 0.162037 0.647250 1920.000000 1080.000000
0 310 0.493229 0.648611 0.036458 0.162037 0.595950 1920.000000 1080.000000
0 311 0.494271 0.649537 0.036458 0.162037 0.528650 1920.000000 1080.000000
0 312 0.495312 0.650463 0.036458 0.162037 0.463190 1920.000000 1080.000000
0 313 0.496354 0.650463 0.036458 0.162037 0.388280 1920.000000 1080.000000
0 314 0.497396 0.651389 0.036458 0.162037 0.317220 1920.000000 1080.000000
0 315 0.497917 0.652315 0.036458 0.162037 0.262000 1920.000000 1080.000000
0 316 0.498958 0.653241 0.036458 0.162037 0.188300 1920.000000 1080.000000
0 317 0.500000 0.654167 0.036458 0.162037 0.105470 1920.000000 1080.000000
0 318 0.501042 0.655093 0.036458 0.162037 0.073864 1920.000000 1080.000000
0 319 0.502083 0.656019 0.036458 0.162037 0.062500 1920.000000 1080.000000
0 320 0.504687 0.656019 0.036458 0.162037 0.141730 1920.000000 1080.000000
0 321 0.507292 0.656019 0.036458 0.162037 0.247360 1920.000000 1080.000000
0 322 0.509896 0.656481 0.036458 0.161111 0.345350 1920.000000 1080.000000
0 323 0.512500 0.656481 0.036458 0.161111 0.438870 1920.000000 1080.000000
0 324 0.515104 0.656481 0.036458 0.161111 0.529580 1920.000000 1080.000000
0 325 0.517708 0.657407 0.036458 0.161111 0.634930 1920.000000 1080.000000
0 326 0.520312 0.657407 0.036458 0.161111 0.727970 1920.000000 1080.000000
0 327 0.522917 0.657407 0.036458 0.161111 0.823180 1920.000000 1080.000000
0 328 0.525521 0.657870 0.036458 0.160185 0.849930 1920.000000 1080.000000
0 329 0.528125 0.657870 0.036458 0.160185 0.818680 1920.000000 1080.000000
0 330 0.530729 0.658796 0.036458 0.160185 0.703250 1920.000000 1080.000000
0 331 0.532552 0.658796 0.036979 0.160185 0.606080 1920.000000 1080.000000
0 332 0.534635 0.659722 0.036979 0.160185 0.501280 1920.000000 1080.000000
0 333 0.536979 0.660185 0.037500 0.161111 0.402580 1920.000000 1080.000000
0 334 0.539062 0.660648 0.037500 0.160185 0.319790 1920.000000 1080.000000
0 335 0.541146 0.661111 0.037500 0.161111 0.234290 1920.000000 1080.000000
0 336 0.543490 0.662037 0.038021 0.161111 0.160000 1920.000000 1080.000000
0 337 0.545573 0.662500 0.038021 0.162037 0.153410 1920.000000 1080.000000
0 338 0.547656 0.662963 0.038021 0.161111 0.229110 1920.000000 1080.000000
0 339 0.550000 0.663426 0.038542 0.162037 0.325080 1920.000000 1080.000000
0 340 0.552083 0.664352 0.038542 0.162037 0.424240 1920.000000 1080.000000
0 341 0.554167 0.664815 0.038542 0.162963 0.512770 1920.000000 1080.000000
0 342 0.556510 0.665278 0.039062 0.162037 0.608550 1920.000000 1080.000000
0 343 0.558594 0.665741 0.039062 0.162963 0.710080 1920.000000 1080.000000
0 344 0.560677 0.666667 0.039062 0.162963 0.801590 1920.000000 1080.000000
0 345 0.563021 0.667593 0.039583 0.162963 0.895000 1920.000000 1080.000000
0 346 0.565104 0.668056 0.039583 0.163889 0.988330 1920.000000 1080.000000
0 347 0.567708 0.668981 0.039583 0.163889 1.000000 1920.000000 1080.000000
0 348 0.570312 0.669907 0.039583 0.163889 1.000000 1920.000000 1080.000000
0 349 0.572396 0.670833 0.039583 0.163889 1.000000 1920.000000 1080.000000
0 350 0.575000 0.671759 0.039583 0.163889 0.957970 1920.000000 1080.000000
0 351 0.577604 0.672222 0.039583 0.164815 0.905320 1920.000000 1080.000000
0 352 0.580208 0.673148 0.039583 0.164815 0.862290 1920.000000 1080.000000
0 353 0.582292 0.674074 0.039583 0.164815 0.818690 1920.000000 1080.000000
0 354 0.584896 0.675000 0.039583 0.164815 0.774500 1920.000000 1080.000000
0 355 0.587500 0.675926 0.039583 0.164815 0.718930 1920.000000 1080.000000
0 356 0.590104 0.677315 0.039583 0.165741 0.673160 1920.000000 1080.000000
0 357 0.591667 0.677315 0.039583 0.165741 0.640480 1920.000000 1080.000000
0 358 0.593229 0.678241 0.039583 0.165741 0.616160 1920.000000 1080.000000
0 359 0.595052 0.679167 0.040104 0.165741 0.575000 1920.000000 1080.000000
0 360 0.596615 0.679167 0.040104 0.165741 0.553210 1920.000000 1080.000000
0 361 0.598698 0.680093 0.040104 0.165741 0.506410 1920.000000 1080.000000
0 362 0.600260 0.681019 0.040104 0.165741 0.481130 1920.000000 1080.000000
0 363 0.602083 0.681019 0.040625 0.165741 0.444090 1920.000000 1080.000000
0 364 0.603646 0.681944 0.040625 0.165741 0.418570 1920.000000 1080.000000
0 365 0.605469 0.682870 0.041146 0.165741 0.378540 1920.000000 1080.000000
0 366 0.607292 0.682870 0.040625 0.165741 0.352740 1920.000000 1080.000000
0 367 0.609115 0.683796 0.041146 0.165741 0.313120 1920.000000 1080.000000
0 368 0.610677 0.684722 0.041146 0.165741 0.275830 1920.000000 1080.000000
0 369 0.612500 0.684722 0.041667 0.165741 0.252260 1920.000000 1080.000000
0 370 0.614062 0.685648 0.041667 0.165741 0.214810 1920.000000 1080.000000
0 371 0.616146 0.686574 0.041667 0.165741 0.165980 1920.000000 1080.000000
0 372 0.618750 0.686574 0.041667 0.165741 0.127230 1920.000000 1080.000000
0 373 0.621354 0.686574 0.041667 0.165741 0.123110 1920.000000 1080.000000
0 374 0.623958 0.687500 0.041667 0.165741 0.126950 1920.000000 1080.000000
0 375 0.626563 0.687500 0.041667 0.165741 0.135870 1920.000000 1080.000000
0 376 0.629427 0.687500 0.042188 0.165741 0.144310 1920.000000 1080.000000
0 377 0.632031 0.688426 0.042188 0.165741 0.149390 1920.000000 1080.000000
0 378 0.634635 0.688426 0.042188 0.165741 0.156710 1920.000000 1080.000000
0 379 0.637240 0.688426 0.042188 0.165741 0.168290 1920.000000 1080.000000
0 380 0.640365 0.689352 0.042188 0.165741 0.169440 1920.000000 1080.000000
0 381 0.641927 0.689352 0.042188 0.165741 0.174930 1920.000000 1080.000000
0 382 0.644010 0.689815 0.042188 0.166667 0.181780 1920.000000 1080.000000
0 383 0.645833 0.690278 0.041667 0.165741 0.181820 1920.000000 1080.000000
0 384 0.647917 0.690741 0.041667 0.166667 0.186140 1920.000000 1080.000000
0 385 0.649740 0.691204 0.041146 0.165741 0.180900 1920.000000 1080.000000
0 386 0.651823 0.691667 0.041146 0.166667 0.185080 1920.000000 1080.000000
0 387 0.653646 0.692593 0.040625 0.166667 0.182530 1920.000000 1080.000000
0 388 0.655729 0.692593 0.040625 0.166667 0.187780 1920.000000 1080.000000
0 389 0.657552 0.693519 0.040104 0.166667 0.185370 1920.000000 1080.000000
0 390 0.659635 0.693519 0.040104 0.166667 0.186150 1920.000000 1080.000000
0 391 0.661458 0.694444 0.039583 0.166667 0.183760 1920.000000 1080.000000
0 392 0.663542 0.694907 0.039583 0.167593 0.188530 1920.000000 1080.000000
0 393 0.665365 0.695370 0.039062 0.166667 0.187190 1920.000000 1080.000000
0 394 0.667448 0.695833 0.039062 0.167593 0.188550 1920.000000 1080.000000
0 395 0.669271 0.696296 0.038542 0.166667 0.177090 1920.000000 1080.000000
0 396 0.671354 0.696759 0.038542 0.167593 0.169380 1920.000000 1080.000000
0 397 0.673438 0.697685 0.038542 0.167593 0.159850 1920.000000 1080.000000
0 398 0.675781 0.698148 0.039062 0.168519 0.155310 1920.000000 1080.000000
0 399 0.678125 0.699537 0.039583 0.169444 0.150200 1920.000000 1080.000000
0 400 0.680729 0.700926 0.039583 0.170370 0.149670 1920.000000 1080.000000
0 401 0.683073 0.701389 0.040104 0.171296 0.153430 1920.000000 1080.000000
0 402 0.685417 0.702778 0.040625 0.172222 0.153390 1920.000000 1080.000000
0 403 0.688021 0.704167 0.040625 0.173148 0.159910 1920.000000 1080.000000
0 404 0.690365 0.704630 0.041146 0.174074 0.165740 1920.000000 1080.000000
0 405 0.692708 0.706019 0.041667 0.175000 0.172580 1920.000000 1080.000000
0 406 0.695312 0.707407 0.041667 0.175926 0.178140 1920.000000 1080.000000
0 407 0.696354 0.707407 0.041667 0.175926 0.182790 1920.000000 1080.000000
0 408 0.697656 0.707407 0.041146 0.175926 0.187170 1920.000000 1080.000000
0 409 0.698958 0.707407 0.040625 0.175926 0.189670 1920.000000 1080.000000
0 410 0.700260 0.707407 0.040104 0.175926 0.194460 1920.000000 1080.000000
0 411 0.701562 0.707407 0.039583 0.175926 0.192700 1920.000000 1080.000000
0 412 0.703125 0.707407 0.039583 0.175926 0.199090 1920.000000 1080.000000
0 413 0.704427 0.707407 0.039062 0.175926 0.201160 1920.000000 1080.000000
0 414 0.705729 0.707407 0.038542 0.175926 0.195460 1920.000000 1080.000000
0 415 0.707031 0.707407 0.038021 0.175926 0.190180 1920.000000 1080.000000
0 416 0.708333 0.707407 0.037500 0.175926 0.184750 1920.000000 1080.000000
0 417 0.709896 0.707407 0.037500 0.175926 0.180740 1920.000000 1080.000000
0 418 0.712240 0.707870 0.036979 0.176852 0.185550 1920.000000 1080.000000
0 419 0.714583 0.708796 0.036458 0.176852 0.191460 1920.000000 1080.000000
0 420 0.717187 0.709259 0.036458 0.177778 0.198060 1920.000000 1080.000000
0 421 0.719531 0.710648 0.035937 0.178704 0.206630 1920.000000 1080.000000
0 422 0.722135 0.711111 0.035937 0.179630 0.208940 1920.000000 1080.000000
0 423 0.724479 0.712037 0.035417 0.179630 0.224750 1920.000000 1080.000000
0 424 0.726823 0.712500 0.034896 0.180556 0.231620 1920.000000 1080.000000
0 425 0.729427 0.713889 0.034896 0.181481 0.247460 1920.000000 1080.000000
0 426 0.731771 0.714352 0.034375 0.182407 0.263680 1920.000000 1080.000000
0 427 0.734375 0.715278 0.034375 0.182407 0.273630 1920.000000 1080.000000
0 428 0.736719 0.715741 0.033854 0.183333 0.285670 1920.000000 1080.000000
0 429 0.739323 0.717130 0.033854 0.184259 0.298790 1920.000000 1080.000000
