0 1 0.234896 0.850463 0.054167 0.239815 0.337730 1920.000000 1080.000000
0 2 0.235677 0.849537 0.053646 0.239815 0.333210 1920.000000 1080.000000
0 3 0.236979 0.848611 0.053125 0.239815 0.339810 1920.000000 1080.000000
0 4 0.238281 0.847685 0.052604 0.239815 0.336270 1920.000000 1080.000000
0 5 0.239583 0.846759 0.052083 0.239815 0.342270 1920.000000 1080.000000
0 6 0.240885 0.845833 0.051562 0.239815 0.347770 1920.000000 1080.000000
0 7 0.242188 0.844907 0.051042 0.239815 0.346230 1920.000000 1080.000000
0 8 0.243490 0.843981 0.050521 0.239815 0.350860 1920.000000 1080.000000
0 9 0.244792 0.843056 0.050000 0.239815 0.358760 1920.000000 1080.000000
0 10 0.246094 0.842130 0.049479 0.239815 0.357770 1920.000000 1080.000000
0 11 0.247396 0.842130 0.048958 0.239815 0.360490 1920.000000 1080.000000
0 12 0.248438 0.841204 0.048958 0.239815 0.362830 1920.000000 1080.000000
0 13 0.249740 0.841204 0.049479 0.239815 0.371790 1920.000000 1080.000000
0 14 0.250781 0.840741 0.049479 0.238889 0.370780 1920.000000 1080.000000
0 15 0.252083 0.840741 0.050000 0.238889 0.379490 1920.000000 1080.000000
0 16 0.253125 0.840278 0.050000 0.237963 0.379410 1920.000000 1080.000000
0 17 0.254427 0.840278 0.050521 0.237963 0.386810 1920.000000 1080.000000
0 18 0.255469 0.839815 0.050521 0.237037 0.385490 1920.000000 1080.000000
0 19 0.256771 0.839815 0.051042 0.237037 0.391700 1920.000000 1080.000000
0 20 0.257031 0.839815 0.050521 0.237037 0.373620 1920.000000 1080.000000
0 21 0.257552 0.839815 0.050521 0.237037 0.355200 1920.000000 1080.000000
0 22 0.258073 0.840278 0.050521 0.236111 0.343430 1920.000000 1080.000000
0 23 0.258594 0.840278 0.050521 0.236111 0.334180 1920.000000 1080.000000
0 24 0.259115 0.840741 0.050521 0.235185 0.325210 1920.000000 1080.000000
0 25 0.259635 0.840741 0.050521 0.235185 0.315970 1920.000000 1080.000000
0 26 0.260156 0.840741 0.050521 0.235185 0.306720 1920.000000 1080.000000
0 27 0.260677 0.841204 0.050521 0.234259 0.297770 1920.000000 1080.000000
0 28 0.261198 0.841204 0.050521 0.234259 0.288530 1920.000000 1080.000000
0 29 0.261979 0.842130 0.050000 0.234259 0.281190 1920.000000 1080.000000
0 30 0.263021 0.842130 0.050000 0.232407 0.288010 1920.000000 1080.000000
0 31 0.264583 0.842593 0.050000 0.231481 0.303980 1920.000000 1080.000000
0 32 0.266146 0.843056 0.050000 0.230556 0.310640 1920.000000 1080.000000
0 33 0.267448 0.843519 0.050521 0.229630 0.324320 1920.000000 1080.000000
0 34 0.268750 0.843981 0.050000 0.228704 0.333640 1920.000000 1080.000000
0 35 0.270313 0.844444 0.050000 0.227778 0.340500 1920.000000 1080.000000
0 36 0.271615 0.844907 0.050521 0.226852 0.344570 1920.000000 1080.000000
0 37 0.273177 0.845370 0.050521 0.225926 0.351440 1920.000000 1080.000000
0 38 0.274740 0.846296 0.050521 0.224074 0.358530 1920.000000 1080.000000
0 39 0.276302 0.846296 0.050521 0.224074 0.368100 1920.000000 1080.000000
0 40 0.277865 0.846296 0.050521 0.224074 0.377680 1920.000000 1080.000000
0 41 0.279427 0.846296 0.050521 0.224074 0.389940 1920.000000 1080.000000
0 42 0.280990 0.846296 0.050521 0.224074 0.399470 1920.000000 1080.000000
0 43 0.283073 0.846296 0.050521 0.224074 0.418540 1920.000000 1080.000000
0 44 0.284115 0.845370 0.050521 0.224074 0.414210 1920.000000 1080.000000
0 45 0.285677 0.845370 0.050521 0.224074 0.430590 1920.000000 1080.000000
0 46 0.286979 0.844444 0.051042 0.224074 0.448190 1920.000000 1080.000000
0 47 0.288542 0.844444 0.051042 0.224074 0.466890 1920.000000 1080.000000
0 48 0.290104 0.844444 0.051042 0.224074 0.485600 1920.000000 1080.000000
0 49 0.290625 0.843519 0.051042 0.224074 0.487880 1920.000000 1080.000000
0 50 0.291667 0.843519 0.051042 0.224074 0.494950 1920.000000 1080.000000
0 51 0.292708 0.843519 0.051042 0.224074 0.504300 1920.000000 1080.000000
0 52 0.293750 0.843519 0.051042 0.224074 0.513660 1920.000000 1080.000000
0 53 0.294792 0.843519 0.051042 0.224074 0.520180 1920.000000 1080.000000
0 54 0.295312 0.841667 0.051042 0.224074 0.521680 1920.000000 1080.000000
0 55 0.295833 0.840741 0.051042 0.224074 0.511910 1920.000000 1080.000000
0 56 0.296354 0.839815 0.051042 0.224074 0.497900 1920.000000 1080.000000
0 57 0.296875 0.838889 0.051042 0.224074 0.483890 1920.000000 1080.000000
0 58 0.297917 0.835648 0.051042 0.223148 0.469660 1920.000000 1080.000000
0 59 0.298958 0.832870 0.051042 0.221296 0.465490 1920.000000 1080.000000
0 60 0.300000 0.830556 0.051042 0.220370 0.452260 1920.000000 1080.000000
0 61 0.301042 0.827778 0.051042 0.218519 0.448660 1920.000000 1080.000000
0 62 0.302604 0.825463 0.051042 0.217593 0.457500 1920.000000 1080.000000
0 63 0.304167 0.825463 0.051042 0.217593 0.457070 1920.000000 1080.000000
0 64 0.305729 0.825463 0.051042 0.217593 0.463660 1920.000000 1080.000000
0 65 0.307292 0.825463 0.051042 0.217593 0.463280 1920.000000 1080.000000
0 66 0.308854 0.825463 0.051042 0.217593 0.491270 1920.000000 1080.000000
0 67 0.310417 0.825463 0.051042 0.217593 0.511640 1920.000000 1080.000000
0 68 0.312240 0.825463 0.050521 0.217593 0.537360 1920.000000 1080.000000
0 69 0.314583 0.822685 0.048958 0.217593 0.557940 1920.000000 1080.000000
0 70 0.317188 0.819907 0.047917 0.217593 0.546470 1920.000000 1080.000000
0 71 0.319792 0.817130 0.046875 0.217593 0.536370 1920.000000 1080.000000
0 72 0.322396 0.814352 0.045833 0.217593 0.527710 1920.000000 1080.000000
0 73 0.322917 0.812963 0.045833 0.216667 0.499780 1920.000000 1080.000000
0 74 0.323958 0.812037 0.045833 0.216667 0.473390 1920.000000 1080.000000
0 75 0.324740 0.810648 0.046354 0.215741 0.443490 1920.000000 1080.000000
0 76 0.325781 0.809722 0.046354 0.215741 0.418040 1920.000000 1080.000000
0 77 0.326562 0.808333 0.046875 0.214815 0.380560 1920.000000 1080.000000
0 78 0.327604 0.807407 0.046875 0.214815 0.346790 1920.000000 1080.000000
0 79 0.327604 0.804167 0.046875 0.213889 0.321330 1920.000000 1080.000000
0 80 0.327865 0.801852 0.046354 0.212963 0.291630 1920.000000 1080.000000
0 81 0.327865 0.799537 0.046354 0.212037 0.262560 1920.000000 1080.000000
0 82 0.328125 0.797222 0.045833 0.211111 0.234630 1920.000000 1080.000000
0 83 0.328646 0.794907 0.045833 0.210185 0.217430 1920.000000 1080.000000
0 84 0.329427 0.792593 0.045312 0.209259 0.200590 1920.000000 1080.000000
0 85 0.330469 0.790741 0.045312 0.209259 0.203140 1920.000000 1080.000000
0 86 0.331771 0.788889 0.044792 0.209259 0.213880 1920.000000 1080.000000
0 87 0.332813 0.787037 0.044792 0.209259 0.226800 1920.000000 1080.000000
0 88 0.334115 0.785185 0.044271 0.209259 0.237420 1920.000000 1080.000000
0 89 0.335677 0.783333 0.044271 0.209259 0.251770 1920.000000 1080.000000
0 90 0.337240 0.782407 0.044271 0.209259 0.259450 1920.000000 1080.000000
0 91 0.338802 0.781481 0.044271 0.209259 0.273440 1920.000000 1080.000000
0 92 0.340365 0.780093 0.044271 0.210185 0.285390 1920.000000 1080.000000
0 93 0.341927 0.779167 0.044271 0.210185 0.298650 1920.000000 1080.000000
0 94 0.343750 0.778241 0.044792 0.210185 0.312460 1920.000000 1080.000000
0 95 0.344271 0.776389 0.044792 0.210185 0.323960 1920.000000 1080.000000
0 96 0.344792 0.774537 0.044792 0.210185 0.336510 1920.000000 1080.000000
0 97 0.345833 0.772685 0.044792 0.210185 0.367410 1920.000000 1080.000000
0 98 0.346354 0.770833 0.044792 0.210185 0.394840 1920.000000 1080.000000
0 99 0.346875 0.768981 0.044792 0.210185 0.415410 1920.000000 1080.000000
0 100 0.347917 0.767130 0.044792 0.210185 0.436080 1920.000000 1080.000000
0 101 0.347656 0.765278 0.044271 0.210185 0.444770 1920.000000 1080.000000
0 102 0.347656 0.763889 0.044271 0.209259 0.455590 1920.000000 1080.000000
0 103 0.347396 0.762500 0.043750 0.208333 0.465690 1920.000000 1080.000000
0 104 0.347396 0.761111 0.043750 0.207407 0.482820 1920.000000 1080.000000
0 105 0.347396 0.760185 0.042708 0.207407 0.491620 1920.000000 1080.000000
0 106 0.347396 0.758796 0.042708 0.206481 0.508610 1920.000000 1080.000000
0 107 0.347135 0.757407 0.042188 0.205556 0.514330 1920.000000 1080.000000
0 108 0.347135 0.756019 0.042188 0.204630 0.542130 1920.000000 1080.000000
0 109 0.347396 0.755093 0.041667 0.204630 0.551220 1920.000000 1080.000000
0 110 0.347917 0.754167 0.041667 0.204630 0.565730 1920.000000 1080.000000
0 111 0.348438 0.754167 0.041667 0.204630 0.560060 1920.000000 1080.000000
0 112 0.348958 0.754167 0.041667 0.204630 0.554720 1920.000000 1080.000000
0 113 0.349479 0.754167 0.041667 0.204630 0.552940 1920.000000 1080.000000
0 114 0.350000 0.754167 0.041667 0.204630 0.554720 1920.000000 1080.000000
0 115 0.350521 0.754167 0.041667 0.204630 0.553050 1920.000000 1080.000000
0 116 0.351042 0.754167 0.041667 0.204630 0.553550 1920.000000 1080.000000
0 117 0.351562 0.754167 0.041667 0.204630 0.559890 1920.000000 1080.000000
0 118 0.352604 0.752315 0.041667 0.204630 0.575240 1920.000000 1080.000000
0 119 0.353646 0.751389 0.041667 0.204630 0.588090 1920.000000 1080.000000
0 120 0.354687 0.749537 0.041667 0.204630 0.602050 1920.000000 1080.000000
0 121 0.355729 0.748611 0.041667 0.204630 0.613500 1920.000000 1080.000000
0 122 0.356771 0.746759 0.041667 0.204630 0.629460 1920.000000 1080.000000
0 123 0.357812 0.745833 0.041667 0.204630 0.640310 1920.000000 1080.000000
0 124 0.359375 0.743981 0.041667 0.204630 0.656880 1920.000000 1080.000000
0 125 0.360417 0.743056 0.041667 0.204630 0.668340 1920.000000 1080.000000
0 126 0.361979 0.742130 0.041667 0.204630 0.683850 1920.000000 1080.000000
0 127 0.361979 0.741204 0.041667 0.204630 0.690020 1920.000000 1080.000000
0 128 0.362500 0.740278 0.041667 0.204630 0.700870 1920.000000 1080.000000
0 129 0.363021 0.740278 0.041667 0.204630 0.706600 1920.000000 1080.000000
0 130 0.363542 0.739352 0.041667 0.204630 0.716220 1920.000000 1080.000000
0 131 0.364063 0.739352 0.041667 0.204630 0.720720 1920.000000 1080.000000
0 132 0.364323 0.737037 0.041146 0.203704 0.737560 1920.000000 1080.000000
0 133 0.364844 0.735185 0.041146 0.203704 0.751130 1920.000000 1080.000000
0 134 0.365104 0.733333 0.040625 0.203704 0.764710 1920.000000 1080.000000
0 135 0.365625 0.731944 0.040625 0.202778 0.777270 1920.000000 1080.000000
0 136 0.365885 0.730093 0.040104 0.202778 0.790910 1920.000000 1080.000000
0 137 0.366406 0.728241 0.040104 0.202778 0.804550 1920.000000 1080.000000
0 138 0.367188 0.726852 0.039583 0.201852 0.817350 1920.000000 1080.000000
0 139 0.367188 0.725463 0.039583 0.200926 0.830280 1920.000000 1080.000000
0 140 0.367708 0.724537 0.039583 0.199074 0.842590 1920.000000 1080.000000
0 141 0.368229 0.724074 0.039583 0.198148 0.855810 1920.000000 1080.000000
0 142 0.368229 0.723148 0.039583 0.196296 0.868540 1920.000000 1080.000000
0 143 0.368750 0.722222 0.039583 0.194444 0.881520 1920.000000 1080.000000
0 144 0.369271 0.721759 0.039583 0.193519 0.895240 1920.000000 1080.000000
0 145 0.370312 0.720833 0.039583 0.193519 0.907240 1920.000000 1080.000000
0 146 0.371354 0.719907 0.039583 0.193519 0.924300 1920.000000 1080.000000
0 147 0.372396 0.718981 0.039583 0.193519 0.936920 1920.000000 1080.000000
0 148 0.373958 0.718981 0.039583 0.193519 0.945450 1920.000000 1080.000000
0 149 0.375000 0.718056 0.039583 0.193519 0.959180 1920.000000 1080.000000
0 150 0.376042 0.717130 0.039583 0.193519 0.968830 1920.000000 1080.000000
0 151 0.377604 0.717130 0.039583 0.193519 0.977490 1920.000000 1080.000000
0 152 0.377604 0.716204 0.039583 0.193519 0.936360 1920.000000 1080.000000
0 153 0.378125 0.715278 0.039583 0.193519 0.879160 1920.000000 1080.000000
0 154 0.378646 0.714352 0.039583 0.193519 0.818180 1920.000000 1080.000000
0 155 0.379167 0.713426 0.039583 0.193519 0.751520 1920.000000 1080.000000
0 156 0.379688 0.712963 0.039583 0.192593 0.689430 1920.000000 1080.000000
0 157 0.379688 0.711574 0.039583 0.191667 0.670330 1920.000000 1080.000000
0 158 0.380208 0.710648 0.039583 0.191667 0.650040 1920.000000 1080.000000
0 159 0.380729 0.709259 0.039583 0.190741 0.632410 1920.000000 1080.000000
0 160 0.381250 0.708333 0.039583 0.190741 0.613280 1920.000000 1080.000000
0 161 0.381771 0.707407 0.039583 0.190741 0.599100 1920.000000 1080.000000
0 162 0.382812 0.706481 0.039583 0.190741 0.565220 1920.000000 1080.000000
0 163 0.383854 0.705556 0.039583 0.190741 0.570050 1920.000000 1080.000000
0 164 0.384896 0.704630 0.039583 0.190741 0.602480 1920.000000 1080.000000
0 165 0.385937 0.703704 0.039583 0.190741 0.672500 1920.000000 1080.000000
0 166 0.386979 0.702778 0.039583 0.190741 0.714030 1920.000000 1080.000000
0 167 0.388021 0.702778 0.039583 0.190741 0.746410 1920.000000 1080.000000
0 168 0.388542 0.701852 0.039583 0.190741 0.781350 1920.000000 1080.000000
0 169 0.389583 0.701389 0.039583 0.189815 0.814650 1920.000000 1080.000000
0 170 0.390104 0.700926 0.039583 0.188889 0.847510 1920.000000 1080.000000
0 171 0.391146 0.700463 0.039583 0.187963 0.879930 1920.000000 1080.000000
0 172 0.392188 0.700463 0.039583 0.187963 0.931310 1920.000000 1080.000000
0 173 0.392708 0.699537 0.039583 0.187963 0.979120 1920.000000 1080.000000
0 174 0.393750 0.699074 0.039583 0.187037 1.000000 1920.000000 1080.000000
0 175 0.394792 0.698611 0.039583 0.187963 1.000000 1920.000000 1080.000000
0 176 0.395573 0.698148 0.039062 0.187037 1.000000 1920.000000 1080.000000
0 177 0.396615 0.697685 0.039062 0.187963 1.000000 1920.000000 1080.000000
0 178 0.397656 0.697222 0.039062 0.187037 1.000000 1920.000000 1080.000000
0 179 0.398438 0.696759 0.038542 0.187963 1.000000 1920.000000 1080.000000
0 180 0.399479 0.696296 0.038542 0.187037 1.000000 1920.000000 1080.000000
0 181 0.400521 0.696296 0.038542 0.187037 1.000000 1920.000000 1080.000000
0 182 0.400781 0.695833 0.038021 0.187963 1.000000 1920.000000 1080.000000
0 183 0.401042 0.695833 0.037500 0.187963 1.000000 1920.000000 1080.000000
0 184 0.401302 0.695370 0.036979 0.188889 1.000000 1920.000000 1080.000000
0 185 0.401562 0.695370 0.036458 0.188889 1.000000 1920.000000 1080.000000
0 186 0.401823 0.694907 0.035937 0.189815 1.000000 1920.000000 1080.000000
0 187 0.402604 0.694907 0.035417 0.189815 1.000000 1920.000000 1080.000000
0 188 0.403125 0.693056 0.035417 0.189815 1.000000 1920.000000 1080.000000
0 189 0.403646 0.692130 0.035417 0.189815 1.000000 1920.000000 1080.000000
0 190 0.404427 0.691204 0.035937 0.189815 1.000000 1920.000000 1080.000000
0 191 0.404948 0.690278 0.035937 0.189815 0.946600 1920.000000 1080.000000
0 192 0.405990 0.689352 0.035937 0.189815 0.880370 1920.000000 1080.000000
0 193 0.407031 0.687963 0.035937 0.188889 0.852470 1920.000000 1080.000000
0 194 0.408073 0.687037 0.035937 0.187037 0.827590 1920.000000 1080.000000
0 195 0.409115 0.685648 0.035937 0.186111 0.802830 1920.000000 1080.000000
0 196 0.410156 0.685185 0.035937 0.185185 0.784220 1920.000000 1080.000000
0 197 0.411198 0.684259 0.035937 0.185185 0.727930 1920.000000 1080.000000
0 198 0.412240 0.684259 0.035937 0.185185 0.666670 1920.000000 1080.000000
0 199 0.413542 0.684259 0.036458 0.185185 0.666670 1920.000000 1080.000000
0 200 0.414583 0.684259 0.036458 0.185185 0.656720 1920.000000 1080.000000
0 201 0.416146 0.684259 0.036458 0.185185 0.651740 1920.000000 1080.000000
0 202 0.416927 0.681944 0.035937 0.184259 0.655000 1920.000000 1080.000000
0 203 0.417969 0.680093 0.035937 0.184259 0.694000 1920.000000 1080.000000
0 204 0.419010 0.678704 0.035937 0.183333 0.728930 1920.000000 1080.000000
0 205 0.420052 0.676852 0.035937 0.183333 0.763100 1920.000000 1080.000000
0 206 0.421354 0.675463 0.035417 0.182407 0.795050 1920.000000 1080.000000
0 207 0.422135 0.674537 0.035937 0.182407 0.816450 1920.000000 1080.000000
0 208 0.422917 0.673611 0.036458 0.182407 0.871820 1920.000000 1080.000000
0 209 0.423698 0.672685 0.036979 0.182407 0.921930 1920.000000 1080.000000
0 210 0.424479 0.671759 0.037500 0.182407 0.970670 1920.000000 1080.000000
0 211 0.425521 0.671296 0.038542 0.181481 1.000000 1920.000000 1080.000000
0 212 0.425260 0.670370 0.038021 0.181481 1.000000 1920.000000 1080.000000
0 213 0.425521 0.669907 0.037500 0.182407 1.000000 1920.000000 1080.000000
0 214 0.425260 0.669444 0.036979 0.181481 1.000000 1920.000000 1080.000000
0 215 0.425521 0.668981 0.036458 0.182407 1.000000 1920.000000 1080.000000
0 216 0.425781 0.668981 0.035937 0.182407 1.000000 1920.000000 1080.000000
0 217 0.426302 0.668056 0.035937 0.182407 1.000000 1920.000000 1080.000000
0 218 0.426823 0.667130 0.035937 0.182407 1.000000 1920.000000 1080.000000
0 219 0.427344 0.666204 0.035937 0.182407 1.000000 1920.000000 1080.000000
0 220 0.427865 0.665278 0.035937 0.182407 1.000000 1920.000000 1080.000000
0 221 0.428385 0.664352 0.035937 0.182407 1.000000 1920.000000 1080.000000
0 222 0.429167 0.663426 0.036458 0.182407 1.000000 1920.000000 1080.000000
0 223 0.429167 0.662500 0.036458 0.182407 1.000000 1920.000000 1080.000000
0 224 0.429688 0.662500 0.036458 0.182407 1.000000 1920.000000 1080.000000
0 225 0.430208 0.662500 0.036458 0.182407 1.000000 1920.000000 1080.000000
0 226 0.430469 0.661574 0.035937 0.182407 1.000000 1920.000000 1080.000000
0 227 0.430990 0.661574 0.035937 0.182407 1.000000 1920.000000 1080.000000
0 228 0.431510 0.661574 0.035937 0.182407 1.000000 1920.000000 1080.000000
0 229 0.432031 0.661574 0.035937 0.182407 1.000000 1920.000000 1080.000000
0 230 0.432552 0.660185 0.036979 0.179630 1.000000 1920.000000 1080.000000
0 231 0.433073 0.658796 0.038021 0.176852 1.000000 1920.000000 1080.000000
0 232 0.433854 0.657407 0.038542 0.174074 1.000000 1920.000000 1080.000000
0 233 0.434375 0.656019 0.039583 0.171296 1.000000 1920.000000 1080.000000
0 234 0.435156 0.655556 0.040104 0.168519 1.000000 1920.000000 1080.000000
0 235 0.434375 0.655556 0.041667 0.168519 1.000000 1920.000000 1080.000000
0 236 0.433594 0.656019 0.043229 0.167593 1.000000 1920.000000 1080.000000
0 237 0.433073 0.656481 0.044271 0.168519 1.000000 1920.000000 1080.000000
0 238 0.432292 0.656944 0.045833 0.167593 1.000000 1920.000000 1080.000000
0 239 0.431510 0.656944 0.047396 0.167593 1.000000 1920.000000 1080.000000
0 240 0.431250 0.657870 0.048958 0.167593 1.000000 1920.000000 1080.000000
0 241 0.430208 0.656944 0.047917 0.167593 1.000000 1920.000000 1080.000000
0 242 0.429167 0.656481 0.046875 0.168519 1.000000 1920.000000 1080.000000
0 243 0.428125 0.656481 0.045833 0.168519 1.000000 1920.000000 1080.000000
0 244 0.427344 0.656019 0.044271 0.169444 1.000000 1920.000000 1080.000000
0 245 0.426302 0.656019 0.043229 0.169444 1.000000 1920.000000 1080.000000
0 246 0.425260 0.655556 0.042188 0.170370 1.000000 1920.000000 1080.000000
0 247 0.424740 0.655556 0.041146 0.170370 1.000000 1920.000000 1080.000000
0 248 0.423698 0.654630 0.040104 0.170370 1.000000 1920.000000 1080.000000
0 249 0.422656 0.654167 0.039062 0.171296 1.000000 1920.000000 1080.000000
0 250 0.421615 0.654167 0.038021 0.171296 1.000000 1920.000000 1080.000000
0 251 0.420833 0.653704 0.036458 0.172222 1.000000 1920.000000 1080.000000
0 252 0.419792 0.653704 0.035417 0.172222 1.000000 1920.000000 1080.000000
0 253 0.418750 0.653241 0.034375 0.173148 1.000000 1920.000000 1080.000000
0 254 0.418229 0.653241 0.033333 0.173148 1.000000 1920.000000 1080.000000
0 255 0.416406 0.653241 0.033854 0.173148 1.000000 1920.000000 1080.000000
0 256 0.414583 0.653704 0.034375 0.174074 1.000000 1920.000000 1080.000000
0 257 0.413021 0.654167 0.035417 0.173148 1.000000 1920.000000 1080.000000
0 258 0.411198 0.654630 0.035937 0.174074 1.000000 1920.000000 1080.000000
0 259 0.409375 0.654630 0.036458 0.174074 1.000000 1920.000000 1080.000000
0 260 0.407813 0.655556 0.037500 0.174074 1.000000 1920.000000 1080.000000
0 261 0.406771 0.654630 0.037500 0.174074 1.000000 1920.000000 1080.000000
0 262 0.405729 0.654167 0.037500 0.175000 1.000000 1920.000000 1080.000000
0 263 0.405208 0.653704 0.037500 0.175926 1.000000 1920.000000 1080.000000
0 264 0.404167 0.653241 0.037500 0.176852 1.000000 1920.000000 1080.000000
0 265 0.403646 0.653241 0.037500 0.176852 1.000000 1920.000000 1080.000000
0 266 0.401823 0.652778 0.035937 0.177778 1.000000 1920.000000 1080.000000
0 267 0.400000 0.653241 0.034375 0.178704 1.000000 1920.000000 1080.000000
0 268 0.398698 0.653704 0.032813 0.179630 1.000000 1920.000000 1080.000000
0 269 0.396875 0.654167 0.031250 0.180556 1.000000 1920.000000 1080.000000
0 270 0.395573 0.654630 0.029687 0.181481 1.000000 1920.000000 1080.000000
0 271 0.393229 0.653241 0.032292 0.180556 1.000000 1920.000000 1080.000000
0 272 0.391146 0.652315 0.035417 0.178704 1.000000 1920.000000 1080.000000
0 273 0.389062 0.650926 0.037500 0.177778 1.000000 1920.000000 1080.000000
0 274 0.386979 0.650000 0.040625 0.175926 0.994830 1920.000000 1080.000000
0 275 0.384635 0.648611 0.043229 0.175000 0.988600 1920.000000 1080.000000
0 276 0.382812 0.647685 0.045833 0.173148 0.984100 1920.000000 1080.000000
0 277 0.381510 0.647222 0.044271 0.172222 0.982590 1920.000000 1080.000000
0 278 0.380469 0.647222 0.043229 0.170370 0.982430 1920.000000 1080.000000
0 279 0.379427 0.647222 0.042188 0.170370 0.981150 1920.000000 1080.000000
0 280 0.378385 0.647222 0.041146 0.168519 0.981150 1920.000000 1080.000000
0 281 0.377604 0.647685 0.039583 0.167593 0.981950 1920.000000 1080.000000
0 282 0.375260 0.647685 0.038021 0.167593 0.978760 1920.000000 1080.000000
0 283 0.373177 0.647685 0.036979 0.167593 0.975660 1920.000000 1080.000000
0 284 0.371094 0.647685 0.035937 0.167593 0.972370 1920.000000 1080.000000
0 285 0.368750 0.647685 0.034375 0.167593 0.967530 1920.000000 1080.000000
0 286 0.366667 0.647685 0.033333 0.167593 0.963740 1920.000000 1080.000000
0 287 0.364583 0.647685 0.032292 0.167593 0.959710 1920.000000 1080.000000
0 288 0.362500 0.647685 0.033333 0.167593 0.956300 1920.000000 1080.000000
0 289 0.360938 0.648148 0.034375 0.168519 0.954250 1920.000000 1080.000000
0 290 0.358854 0.648148 0.035417 0.168519 0.951220 1920.000000 1080.000000
0 291 0.357292 0.648611 0.036458 0.169444 0.949480 1920.000000 1080.000000
0 292 0.355729 0.649074 0.037500 0.170370 0.947870 1920.000000 1080.000000
0 293 0.353906 0.648148 0.038021 0.170370 0.936600 1920.000000 1080.000000
0 294 0.352344 0.647685 0.038021 0.169444 0.922150 1920.000000 1080.000000
0 295 0.350781 0.646759 0.038021 0.169444 0.898800 1920.000000 1080.000000
0 296 0.349219 0.646759 0.038021 0.169444 0.882710 1920.000000 1080.000000
0 297 0.347656 0.646296 0.038021 0.168519 0.867010 1920.000000 1080.000000
0 298 0.346094 0.645370 0.038021 0.168519 0.848910 1920.000000 1080.000000
0 299 0.344531 0.645370 0.038021 0.168519 0.829710 1920.000000 1080.000000
0 300 0.342969 0.644444 0.038021 0.168519 0.812950 1920.000000 1080.000000
0 301 0.341406 0.643981 0.038021 0.167593 0.796780 1920.000000 1080.000000
0 302 0.340104 0.643981 0.038542 0.167593 0.783880 1920.000000 1080.000000
0 303 0.338281 0.643981 0.040104 0.167593 0.764580 1920.000000 1080.000000
0 304 0.336458 0.643981 0.041667 0.167593 0.752340 1920.000000 1080.000000
0 305 0.334635 0.643981 0.043229 0.167593 0.735350 1920.000000 1080.000000
0 306 0.333333 0.644907 0.044792 0.167593 0.735880 1920.000000 1080.000000
0 307 0.331771 0.643981 0.044792 0.167593 0.717510 1920.000000 1080.000000
0 308 0.330208 0.643519 0.044792 0.168519 0.700210 1920.000000 1080.000000
0 309 0.328646 0.643519 0.044792 0.168519 0.687140 1920.000000 1080.000000
0 310 0.327083 0.642593 0.044792 0.168519 0.671880 1920.000000 1080.000000
0 311 0.325521 0.642593 0.044792 0.168519 0.659820 1920.000000 1080.000000
0 312 0.323958 0.642130 0.044792 0.169444 0.641930 1920.000000 1080.000000
0 313 0.322396 0.642130 0.044792 0.169444 0.610940 1920.000000 1080.000000
0 314 0.320833 0.641204 0.044792 0.169444 0.578150 1920.000000 1080.000000
0 315 0.319271 0.641204 0.044792 0.169444 0.547410 1920.000000 1080.000000
0 316 0.317708 0.640741 0.044792 0.170370 0.524880 1920.000000 1080.000000
0 317 0.316667 0.640741 0.044792 0.170370 0.507740 1920.000000 1080.000000
0 318 0.314583 0.640278 0.044792 0.171296 0.488200 1920.000000 1080.000000
0 319 0.313021 0.639815 0.044792 0.172222 0.468870 1920.000000 1080.000000
0 320 0.311198 0.639815 0.044271 0.172222 0.454920 1920.000000 1080.000000
0 321 0.309635 0.639352 0.044271 0.173148 0.435680 1920.000000 1080.000000
0 322 0.308073 0.639352 0.044271 0.173148 0.423060 1920.000000 1080.000000
0 323 0.306771 0.638426 0.044792 0.173148 0.402850 1920.000000 1080.000000
0 324 0.305729 0.637500 0.044792 0.173148 0.385060 1920.000000 1080.000000
0 325 0.304688 0.637500 0.044792 0.173148 0.374170 1920.000000 1080.000000
0 326 0.303385 0.636574 0.045312 0.173148 0.354750 1920.000000 1080.000000
0 327 0.302344 0.636574 0.045312 0.173148 0.346650 1920.000000 1080.000000
0 328 0.301563 0.635648 0.045833 0.173148 0.331640 1920.000000 1080.000000
0 329 0.300521 0.635648 0.045833 0.173148 0.313350 1920.000000 1080.000000
0 330 0.299219 0.634722 0.046354 0.173148 0.287770 1920.000000 1080.000000
0 331 0.298177 0.634722 0.046354 0.173148 0.269500 1920.000000 1080.000000
0 332 0.297135 0.633796 0.046354 0.173148 0.252420 1920.000000 1080.000000
0 333 0.296354 0.633796 0.046875 0.173148 0.236030 1920.000000 1080.000000
0 334 0.294271 0.633796 0.046875 0.173148 0.207040 1920.000000 1080.000000
0 335 0.292187 0.634722 0.046875 0.173148 0.181490 1920.000000 1080.000000
0 336 0.290104 0.635648 0.046875 0.173148 0.153500 1920.000000 1080.000000
0 337 0.288021 0.636574 0.046875 0.173148 0.124090 1920.000000 1080.000000
0 338 0.285938 0.637500 0.046875 0.173148 0.097264 1920.000000 1080.000000
0 339 0.283854 0.638426 0.046875 0.173148 0.086860 1920.000000 1080.000000
0 340 0.281771 0.639352 0.046875 0.173148 0.067921 1920.000000 1080.000000
0 341 0.279687 0.639815 0.047917 0.174074 0.053707 1920.000000 1080.000000
0 342 0.277865 0.640741 0.048438 0.175926 0.044336 1920.000000 1080.000000
0 343 0.276042 0.641204 0.048958 0.176852 0.031469 1920.000000 1080.000000
0 344 0.274479 0.642130 0.050000 0.178704 0.065257 1920.000000 1080.000000
0 345 0.272917 0.640741 0.050000 0.177778 0.083489 1920.000000 1080.000000
0 346 0.271354 0.640278 0.050000 0.176852 0.093589 1920.000000 1080.000000
0 347 0.270313 0.639815 0.050000 0.175926 0.101260 1920.000000 1080.000000
0 348 0.268750 0.638889 0.050000 0.175926 0.122960 1920.000000 1080.000000
0 349 0.267188 0.638426 0.050000 0.175000 0.116330 1920.000000 1080.000000
0 350 0.266146 0.637963 0.050000 0.174074 0.116070 1920.000000 1080.000000
0 351 0.264583 0.637963 0.050000 0.174074 0.108820 1920.000000 1080.000000
0 352 0.263281 0.637963 0.050521 0.174074 0.114030 1920.000000 1080.000000
0 353 0.261979 0.637963 0.051042 0.174074 0.105820 1920.000000 1080.000000
0 354 0.260937 0.637963 0.051042 0.174074 0.105020 1920.000000 1080.000000
0 355 0.259896 0.636574 0.051042 0.173148 0.106380 1920.000000 1080.000000
0 356 0.259115 0.635648 0.050521 0.171296 0.108620 1920.000000 1080.000000
0 357 0.258073 0.634722 0.050521 0.169444 0.108970 1920.000000 1080.000000
0 358 0.257292 0.633333 0.050000 0.168519 0.111540 1920.000000 1080.000000
0 359 0.256250 0.632407 0.050000 0.166667 0.111920 1920.000000 1080.000000
0 360 0.255729 0.631944 0.050000 0.165741 0.112540 1920.000000 1080.000000
0 361 0.254167 0.631019 0.050000 0.165741 0.112540 1920.000000 1080.000000
0 362 0.252604 0.631019 0.050000 0.165741 0.112540 1920.000000 1080.000000
0 363 0.251042 0.631019 0.050000 0.165741 0.112540 1920.000000 1080.000000
0 364 0.249479 0.631019 0.050000 0.165741 0.111680 1920.000000 1080.000000
0 365 0.247917 0.630093 0.050000 0.165741 0.111680 1920.000000 1080.000000
0 366 0.246354 0.630093 0.050000 0.165741 0.110820 1920.000000 1080.000000
0 367 0.244792 0.630093 0.050000 0.165741 0.110820 1920.000000 1080.000000
