0 1 0.733073 0.612963 0.033854 0.164815 0.056882 1920.000000 1080.000000
0 2 0.734375 0.613889 0.034375 0.164815 0.074710 1920.000000 1080.000000
0 3 0.735677 0.614815 0.034896 0.164815 0.092014 1920.000000 1080.000000
0 4 0.737240 0.616667 0.034896 0.164815 0.102120 1920.000000 1080.000000
0 5 0.738542 0.617593 0.035417 0.164815 0.118940 1920.000000 1080.000000
0 6 0.740104 0.618981 0.035417 0.165741 0.128500 1920.000000 1080.000000
0 7 0.741667 0.620370 0.036458 0.164815 0.143520 1920.000000 1080.000000
0 8 0.742969 0.621296 0.036979 0.164815 0.159220 1920.000000 1080.000000
0 9 0.744531 0.622685 0.036979 0.165741 0.133100 1920.000000 1080.000000
0 10 0.745833 0.624074 0.037500 0.164815 0.096809 1920.000000 1080.000000
0 11 0.747396 0.625463 0.037500 0.165741 0.052968 1920.000000 1080.000000
0 12 0.748698 0.626389 0.038021 0.165741 0.017417 1920.000000 1080.000000
0 13 0.750521 0.628241 0.038542 0.165741 0.000000 1920.000000 1080.000000
0 14 0.751563 0.628241 0.038542 0.165741 0.000000 1920.000000 1080.000000
0 15 0.752604 0.628241 0.038542 0.165741 0.000000 1920.000000 1080.000000
0 16 0.754167 0.628241 0.038542 0.165741 0.000000 1920.000000 1080.000000
0 17 0.755208 0.628241 0.038542 0.165741 0.000000 1920.000000 1080.000000
0 18 0.756771 0.628241 0.038542 0.165741 0.000000 1920.000000 1080.000000
0 19 0.757812 0.628241 0.038542 0.165741 0.000000 1920.000000 1080.000000
0 20 0.759375 0.628241 0.038542 0.165741 0.000000 1920.000000 1080.000000
0 21 0.760417 0.631019 0.038542 0.167593 0.000000 1920.000000 1080.000000
0 22 0.761719 0.634259 0.039062 0.168519 0.000000 1920.000000 1080.000000
0 23 0.763281 0.637500 0.039062 0.169444 0.000000 1920.000000 1080.000000
0 24 0.764323 0.640741 0.039062 0.170370 0.034708 1920.000000 1080.000000
0 25 0.765625 0.643981 0.039583 0.171296 0.078550 1920.000000 1080.000000
0 26 0.767188 0.647685 0.039583 0.173148 0.133670 1920.000000 1080.000000
0 27 0.768750 0.649074 0.039583 0.172222 0.179180 1920.000000 1080.000000
0 28 0.770312 0.650463 0.039583 0.171296 0.225180 1920.000000 1080.000000
0 29 0.771875 0.651852 0.039583 0.170370 0.254690 1920.000000 1080.000000
0 30 0.773438 0.653241 0.039583 0.169444 0.259460 1920.000000 1080.000000
0 31 0.775000 0.654630 0.039583 0.168519 0.262300 1920.000000 1080.000000
0 32 0.776563 0.656019 0.039583 0.167593 0.266230 1920.000000 1080.000000
0 33 0.778125 0.657407 0.039583 0.166667 0.222360 1920.000000 1080.000000
0 34 0.779687 0.658796 0.039583 0.165741 0.179220 1920.000000 1080.000000
0 35 0.780729 0.660648 0.039583 0.165741 0.144440 1920.000000 1080.000000
0 36 0.781771 0.662500 0.039583 0.165741 0.096392 1920.000000 1080.000000
0 37 0.782813 0.664352 0.039583 0.165741 0.059235 1920.000000 1080.000000
0 38 0.784115 0.666204 0.040104 0.165741 0.021083 1920.000000 1080.000000
0 39 0.785417 0.668981 0.039583 0.165741 0.009019 1920.000000 1080.000000
0 40 0.786458 0.670833 0.039583 0.165741 0.007215 1920.000000 1080.000000
0 41 0.787760 0.672685 0.040104 0.165741 0.005698 1920.000000 1080.000000
0 42 0.788802 0.674537 0.040104 0.165741 0.004701 1920.000000 1080.000000
0 43 0.789844 0.676389 0.040104 0.165741 0.002493 1920.000000 1080.000000
0 44 0.791406 0.679167 0.040104 0.165741 0.000356 1920.000000 1080.000000
0 45 0.791927 0.679167 0.040104 0.165741 0.000000 1920.000000 1080.000000
0 46 0.792969 0.680093 0.040104 0.165741 0.000000 1920.000000 1080.000000
0 47 0.793490 0.681019 0.040104 0.165741 0.000000 1920.000000 1080.000000
0 48 0.794531 0.681944 0.040104 0.165741 0.000000 1920.000000 1080.000000
0 49 0.795573 0.682870 0.040104 0.165741 0.000000 1920.000000 1080.000000
0 50 0.796094 0.682870 0.040104 0.165741 0.031197 1920.000000 1080.000000
0 51 0.797135 0.683796 0.040104 0.165741 0.093590 1920.000000 1080.000000
0 52 0.797656 0.684722 0.040104 0.165741 0.157050 1920.000000 1080.000000
0 53 0.798698 0.685648 0.040104 0.165741 0.207910 1920.000000 1080.000000
0 54 0.799740 0.686574 0.040104 0.165741 0.269800 1920.000000 1080.000000
0 55 0.800260 0.686574 0.040104 0.165741 0.327560 1920.000000 1080.000000
0 56 0.801302 0.687500 0.040104 0.165741 0.378490 1920.000000 1080.000000
0 57 0.801823 0.688426 0.040104 0.165741 0.423930 1920.000000 1080.000000
0 58 0.802865 0.689352 0.040104 0.165741 0.463180 1920.000000 1080.000000
0 59 0.803906 0.690278 0.040104 0.165741 0.452920 1920.000000 1080.000000
0 60 0.804427 0.690741 0.040104 0.166667 0.449640 1920.000000 1080.000000
0 61 0.804948 0.691204 0.040104 0.167593 0.443930 1920.000000 1080.000000
0 62 0.805990 0.692130 0.040104 0.167593 0.434280 1920.000000 1080.000000
0 63 0.806510 0.693056 0.040104 0.169444 0.435900 1920.000000 1080.000000
0 64 0.807552 0.693981 0.040104 0.169444 0.416950 1920.000000 1080.000000
0 65 0.808073 0.694444 0.040104 0.170370 0.402290 1920.000000 1080.000000
0 66 0.808594 0.695370 0.040104 0.172222 0.391610 1920.000000 1080.000000
0 67 0.809635 0.696296 0.040104 0.172222 0.382420 1920.000000 1080.000000
0 68 0.810156 0.696759 0.040104 0.173148 0.408210 1920.000000 1080.000000
0 69 0.811198 0.698148 0.040104 0.174074 0.418460 1920.000000 1080.000000
0 70 0.811719 0.697222 0.040104 0.174074 0.411340 1920.000000 1080.000000
0 71 0.812760 0.696759 0.040104 0.175000 0.392040 1920.000000 1080.000000
0 72 0.813802 0.696759 0.040104 0.175000 0.385360 1920.000000 1080.000000
0 73 0.814323 0.696296 0.040104 0.175926 0.374010 1920.000000 1080.000000
0 74 0.815365 0.696296 0.040104 0.175926 0.356220 1920.000000 1080.000000
0 75 0.816406 0.695833 0.040104 0.176852 0.336200 1920.000000 1080.000000
0 76 0.817448 0.695370 0.040104 0.177778 0.329550 1920.000000 1080.000000
0 77 0.817969 0.695370 0.040104 0.177778 0.318650 1920.000000 1080.000000
0 78 0.819010 0.694907 0.040104 0.178704 0.310070 1920.000000 1080.000000
0 79 0.820052 0.694907 0.040104 0.178704 0.303000 1920.000000 1080.000000
0 80 0.821094 0.694444 0.040104 0.179630 0.280410 1920.000000 1080.000000
0 81 0.821615 0.693981 0.040104 0.180556 0.284340 1920.000000 1080.000000
0 82 0.822656 0.693981 0.040104 0.180556 0.275510 1920.000000 1080.000000
0 83 0.823698 0.693519 0.040104 0.181481 0.257260 1920.000000 1080.000000
0 84 0.824740 0.693519 0.040104 0.181481 0.247880 1920.000000 1080.000000
0 85 0.825260 0.692593 0.040104 0.181481 0.249060 1920.000000 1080.000000
0 86 0.825781 0.692130 0.040104 0.182407 0.242170 1920.000000 1080.000000
0 87 0.826302 0.692130 0.040104 0.182407 0.229410 1920.000000 1080.000000
0 88 0.826823 0.691204 0.040104 0.182407 0.214970 1920.000000 1080.000000
0 89 0.827344 0.691204 0.040104 0.182407 0.196780 1920.000000 1080.000000
0 90 0.827865 0.690741 0.040104 0.183333 0.174780 1920.000000 1080.000000
0 91 0.828385 0.689815 0.040104 0.183333 0.162480 1920.000000 1080.000000
0 92 0.828906 0.689815 0.040104 0.183333 0.162410 1920.000000 1080.000000
0 93 0.829427 0.689352 0.040104 0.184259 0.159490 1920.000000 1080.000000
0 94 0.829948 0.688889 0.040104 0.183333 0.159900 1920.000000 1080.000000
0 95 0.830469 0.688426 0.040104 0.184259 0.163970 1920.000000 1080.000000
0 96 0.830990 0.687963 0.040104 0.185185 0.158310 1920.000000 1080.000000
0 97 0.831510 0.687500 0.040104 0.184259 0.162500 1920.000000 1080.000000
0 98 0.832031 0.687037 0.040104 0.185185 0.163860 1920.000000 1080.000000
0 99 0.832812 0.687037 0.040625 0.185185 0.167080 1920.000000 1080.000000
0 100 0.832812 0.687037 0.040625 0.185185 0.165000 1920.000000 1080.000000
0 101 0.832812 0.687500 0.040625 0.184259 0.165700 1920.000000 1080.000000
0 102 0.833073 0.687963 0.041146 0.185185 0.163000 1920.000000 1080.000000
0 103 0.833073 0.688426 0.041146 0.184259 0.170690 1920.000000 1080.000000
0 104 0.833073 0.688889 0.041146 0.185185 0.221080 1920.000000 1080.000000
0 105 0.833333 0.689352 0.041667 0.184259 0.227280 1920.000000 1080.000000
0 106 0.833333 0.689352 0.041667 0.184259 0.229010 1920.000000 1080.000000
0 107 0.833333 0.690278 0.041667 0.184259 0.227220 1920.000000 1080.000000
0 108 0.833594 0.690278 0.042188 0.184259 0.225850 1920.000000 1080.000000
0 109 0.833594 0.691204 0.042188 0.184259 0.248170 1920.000000 1080.000000
0 110 0.833594 0.691204 0.042188 0.184259 0.282380 1920.000000 1080.000000
0 111 0.834115 0.692130 0.042188 0.184259 0.292320 1920.000000 1080.000000
0 112 0.834635 0.691204 0.042188 0.184259 0.319570 1920.000000 1080.000000
0 113 0.835677 0.691204 0.042188 0.184259 0.323900 1920.000000 1080.000000
0 114 0.836719 0.691204 0.042188 0.184259 0.336340 1920.000000 1080.000000
0 115 0.837240 0.691204 0.042188 0.184259 0.359760 1920.000000 1080.000000
0 116 0.838281 0.691204 0.042188 0.184259 0.361520 1920.000000 1080.000000
0 117 0.839323 0.691204 0.042188 0.184259 0.373480 1920.000000 1080.000000
0 118 0.840365 0.691204 0.042188 0.184259 0.377740 1920.000000 1080.000000
0 119 0.840885 0.690741 0.042188 0.185185 0.403900 1920.000000 1080.000000
0 120 0.841927 0.690741 0.042188 0.185185 0.404500 1920.000000 1080.000000
0 121 0.842969 0.690741 0.042188 0.185185 0.416330 1920.000000 1080.000000
0 122 0.843490 0.690741 0.042188 0.185185 0.441820 1920.000000 1080.000000
0 123 0.844531 0.690741 0.042188 0.185185 0.430650 1920.000000 1080.000000
0 124 0.845573 0.690741 0.042188 0.185185 0.430650 1920.000000 1080.000000
0 125 0.846615 0.690741 0.042188 0.185185 0.422640 1920.000000 1080.000000
0 126 0.847917 0.691204 0.042708 0.186111 0.418350 1920.000000 1080.000000
0 127 0.849740 0.691667 0.043229 0.187037 0.395730 1920.000000 1080.000000
0 128 0.851562 0.692593 0.043750 0.187037 0.378150 1920.000000 1080.000000
0 129 0.853385 0.693056 0.044271 0.187963 0.356760 1920.000000 1080.000000
0 130 0.854688 0.693519 0.044792 0.188889 0.353410 1920.000000 1080.000000
0 131 0.856510 0.694444 0.045312 0.188889 0.329820 1920.000000 1080.000000
0 132 0.858333 0.694907 0.045833 0.189815 0.316620 1920.000000 1080.000000
0 133 0.860156 0.695833 0.046354 0.189815 0.293960 1920.000000 1080.000000
0 134 0.861458 0.696296 0.046875 0.190741 0.291390 1920.000000 1080.000000
0 135 0.863281 0.696759 0.047396 0.191667 0.282820 1920.000000 1080.000000
0 136 0.865104 0.697685 0.047917 0.191667 0.296530 1920.000000 1080.000000
0 137 0.866927 0.698148 0.048438 0.192593 0.313350 1920.000000 1080.000000
0 138 0.868750 0.699074 0.048958 0.192593 0.326620 1920.000000 1080.000000
0 139 0.870313 0.699074 0.048958 0.192593 0.345860 1920.000000 1080.000000
0 140 0.871875 0.699074 0.048958 0.192593 0.374720 1920.000000 1080.000000
0 141 0.873437 0.699537 0.048958 0.193519 0.393680 1920.000000 1080.000000
0 142 0.875000 0.699537 0.048958 0.193519 0.412930 1920.000000 1080.000000
0 143 0.876563 0.700000 0.048958 0.194444 0.431930 1920.000000 1080.000000
0 144 0.878385 0.700463 0.048438 0.193519 0.442710 1920.000000 1080.000000
0 145 0.879948 0.700463 0.048438 0.193519 0.472040 1920.000000 1080.000000
0 146 0.881510 0.700926 0.048438 0.194444 0.491380 1920.000000 1080.000000
0 147 0.883073 0.700926 0.048438 0.194444 0.510940 1920.000000 1080.000000
0 148 0.884635 0.701389 0.048438 0.195370 0.473860 1920.000000 1080.000000
0 149 0.886198 0.701389 0.048438 0.195370 0.384030 1920.000000 1080.000000
0 150 0.888021 0.701852 0.047917 0.194444 0.262600 1920.000000 1080.000000
0 151 0.889583 0.702315 0.047917 0.195370 0.242340 1920.000000 1080.000000
0 152 0.891146 0.702315 0.047917 0.195370 0.242340 1920.000000 1080.000000
0 153 0.892708 0.702778 0.047917 0.196296 0.238830 1920.000000 1080.000000
0 154 0.894271 0.702778 0.047917 0.196296 0.238830 1920.000000 1080.000000
0 155 0.896354 0.703704 0.047917 0.196296 0.230650 1920.000000 1080.000000
0 156 0.898958 0.703704 0.048958 0.196296 0.237510 1920.000000 1080.000000
0 157 0.901823 0.704167 0.050521 0.195370 0.238450 1920.000000 1080.000000
0 158 0.904427 0.704167 0.051562 0.195370 0.335660 1920.000000 1080.000000
0 159 0.907292 0.704630 0.053125 0.194444 0.418350 1920.000000 1080.000000
0 160 0.909896 0.704630 0.054167 0.194444 0.513970 1920.000000 1080.000000
0 161 0.912760 0.705556 0.055729 0.194444 0.482010 1920.000000 1080.000000
0 162 0.915365 0.705556 0.056771 0.194444 0.430070 1920.000000 1080.000000
0 163 0.918229 0.706019 0.058333 0.193519 0.328190 1920.000000 1080.000000
0 164 0.920833 0.706019 0.059375 0.193519 0.340000 1920.000000 1080.000000
0 165 0.923698 0.706481 0.060937 0.192593 0.305810 1920.000000 1080.000000
0 166 0.926562 0.707407 0.062500 0.192593 0.277750 1920.000000 1080.000000
0 167 0.929167 0.707407 0.062500 0.192593 0.233820 1920.000000 1080.000000
0 168 0.932031 0.707407 0.061979 0.192593 0.232060 1920.000000 1080.000000
0 169 0.935156 0.708333 0.061979 0.192593 0.227750 1920.000000 1080.000000
0 170 0.937760 0.708333 0.061979 0.192593 0.226790 1920.000000 1080.000000
0 171 0.940885 0.708333 0.061979 0.192593 0.235960 1920.000000 1080.000000
0 172 0.943750 0.709259 0.061458 0.192593 0.282540 1920.000000 1080.000000
0 173 0.946354 0.709259 0.061458 0.192593 0.330670 1920.000000 1080.000000
0 174 0.949479 0.709259 0.061458 0.192593 0.370350 1920.000000 1080.000000
0 175 0.952344 0.710185 0.060937 0.192593 0.415820 1920.000000 1080.000000
0 176 0.955208 0.710185 0.061458 0.192593 0.460090 1920.000000 1080.000000
0 177 0.958073 0.710185 0.060937 0.192593 0.518250 1920.000000 1080.000000
0 178 0.960938 0.711111 0.060417 0.192593 0.563410 1920.000000 1080.000000
0 179 0.963802 0.711111 0.060937 0.192593 0.595250 1920.000000 1080.000000
0 180 0.966667 0.711111 0.060417 0.192593 0.565450 1920.000000 1080.000000
0 181 0.969792 0.712037 0.060417 0.192593 0.517280 1920.000000 1080.000000
0 182 0.969792 0.712037 0.059375 0.192593 0.485380 1920.000000 1080.000000
0 183 0.970052 0.712037 0.058854 0.192593 0.432720 1920.000000 1080.000000
0 184 0.970313 0.712037 0.058333 0.192593 0.378670 1920.000000 1080.000000
