0 310 0.972656 0.765741 0.052604 0.209259 0.005874 1920.000000 1080.000000
0 311 0.972135 0.765741 0.051562 0.209259 0.002996 1920.000000 1080.000000
0 312 0.971875 0.765741 0.051042 0.209259 0.023183 1920.000000 1080.000000
0 313 0.971615 0.765741 0.049479 0.209259 0.072917 1920.000000 1080.000000
0 314 0.971354 0.765741 0.048958 0.209259 0.147370 1920.000000 1080.000000
0 315 0.971354 0.765741 0.047917 0.209259 0.225810 1920.000000 1080.000000
0 316 0.967187 0.764815 0.048958 0.209259 0.273680 1920.000000 1080.000000
0 317 0.963542 0.764815 0.050000 0.209259 0.329900 1920.000000 1080.000000
0 318 0.959635 0.763889 0.051562 0.209259 0.380000 1920.000000 1080.000000
0 319 0.955990 0.763889 0.052604 0.209259 0.411760 1920.000000 1080.000000
0 320 0.952344 0.763889 0.053646 0.209259 0.394230 1920.000000 1080.000000
0 321 0.948438 0.762963 0.055208 0.209259 0.383180 1920.000000 1080.000000
0 322 0.944792 0.762963 0.056250 0.209259 0.376150 1920.000000 1080.000000
0 323 0.941146 0.762963 0.057292 0.209259 0.360360 1920.000000 1080.000000
0 324 0.938542 0.761574 0.056250 0.210185 0.366970 1920.000000 1080.000000
0 325 0.936198 0.760648 0.054688 0.210185 0.367920 1920.000000 1080.000000
0 326 0.933594 0.759722 0.053646 0.210185 0.375000 1920.000000 1080.000000
0 327 0.931250 0.758796 0.052083 0.210185 0.386140 1920.000000 1080.000000
0 328 0.928906 0.757870 0.050521 0.210185 0.387760 1920.000000 1080.000000
0 329 0.925260 0.756944 0.051562 0.210185 0.380000 1920.000000 1080.000000
0 330 0.921875 0.756019 0.052083 0.210185 0.366340 1920.000000 1080.000000
0 331 0.918750 0.755093 0.053125 0.210185 0.368930 1920.000000 1080.000000
0 332 0.915365 0.754167 0.053646 0.210185 0.368170 1920.000000 1080.000000
0 333 0.911719 0.753241 0.054688 0.210185 0.351910 1920.000000 1080.000000
0 334 0.908594 0.752315 0.055729 0.210185 0.354690 1920.000000 1080.000000
0 335 0.905208 0.751389 0.056250 0.210185 0.345240 1920.000000 1080.000000
0 336 0.902083 0.750463 0.057292 0.210185 0.339180 1920.000000 1080.000000
0 337 0.900781 0.750463 0.056771 0.210185 0.360210 1920.000000 1080.000000
0 338 0.899740 0.750463 0.055729 0.210185 0.382350 1920.000000 1080.000000
0 339 0.898698 0.750463 0.054688 0.210185 0.408270 1920.000000 1080.000000
0 340 0.897656 0.750463 0.053646 0.210185 0.432690 1920.000000 1080.000000
0 341 0.896615 0.750463 0.052604 0.210185 0.460780 1920.000000 1080.000000
0 342 0.895573 0.750463 0.051562 0.210185 0.480000 1920.000000 1080.000000
0 343 0.894531 0.750463 0.050521 0.210185 0.510200 1920.000000 1080.000000
0 344 0.893490 0.750463 0.049479 0.210185 0.541670 1920.000000 1080.000000
0 345 0.892188 0.750463 0.048958 0.210185 0.568420 1920.000000 1080.000000
0 346 0.891146 0.750463 0.047917 0.210185 0.602150 1920.000000 1080.000000
0 347 0.890104 0.750463 0.046875 0.210185 0.637360 1920.000000 1080.000000
0 348 0.889062 0.750463 0.045833 0.210185 0.662920 1920.000000 1080.000000
0 349 0.888021 0.750463 0.044792 0.210185 0.689660 1920.000000 1080.000000
0 350 0.886979 0.750463 0.043750 0.210185 0.705880 1920.000000 1080.000000
0 351 0.885938 0.750463 0.042708 0.210185 0.722890 1920.000000 1080.000000
0 352 0.885156 0.750463 0.042188 0.210185 0.743900 1920.000000 1080.000000
0 353 0.883594 0.749074 0.042188 0.209259 0.743900 1920.000000 1080.000000
0 354 0.882552 0.748148 0.042188 0.209259 0.756100 1920.000000 1080.000000
0 355 0.881250 0.747685 0.041667 0.208333 0.765430 1920.000000 1080.000000
0 356 0.879948 0.746296 0.042188 0.207407 0.768290 1920.000000 1080.000000
0 357 0.878906 0.745370 0.042188 0.207407 0.780490 1920.000000 1080.000000
0 358 0.877604 0.744907 0.041667 0.206481 0.790120 1920.000000 1080.000000
0 359 0.876563 0.743981 0.041667 0.206481 0.802470 1920.000000 1080.000000
0 360 0.875260 0.742593 0.042188 0.205556 0.804880 1920.000000 1080.000000
0 361 0.873958 0.742130 0.041667 0.204630 0.814810 1920.000000 1080.000000
0 362 0.872917 0.741204 0.041667 0.204630 0.827160 1920.000000 1080.000000
0 363 0.871615 0.739815 0.042188 0.203704 0.829270 1920.000000 1080.000000
0 364 0.870313 0.739352 0.041667 0.202778 0.827160 1920.000000 1080.000000
0 365 0.869271 0.738426 0.041667 0.202778 0.814810 1920.000000 1080.000000
0 366 0.868229 0.737963 0.041667 0.201852 0.814810 1920.000000 1080.000000
0 367 0.867708 0.737037 0.041667 0.201852 0.814810 1920.000000 1080.000000
0 368 0.867188 0.737037 0.041667 0.201852 0.827160 1920.000000 1080.000000
0 369 0.866667 0.736111 0.041667 0.201852 0.827160 1920.000000 1080.000000
0 370 0.866146 0.736111 0.041667 0.201852 0.839510 1920.000000 1080.000000
0 371 0.865625 0.735185 0.041667 0.201852 0.839510 1920.000000 1080.000000
0 372 0.865104 0.735185 0.041667 0.201852 0.851850 1920.000000 1080.000000
0 373 0.864583 0.735185 0.041667 0.201852 0.851850 1920.000000 1080.000000
0 374 0.864062 0.734259 0.041667 0.201852 0.851850 1920.000000 1080.000000
0 375 0.863542 0.734259 0.041667 0.201852 0.864200 1920.000000 1080.000000
0 376 0.863021 0.733333 0.041667 0.201852 0.864200 1920.000000 1080.000000
0 377 0.862500 0.733333 0.041667 0.201852 0.864200 1920.000000 1080.000000
0 378 0.861979 0.732407 0.041667 0.201852 0.876540 1920.000000 1080.000000
0 379 0.861458 0.732407 0.041667 0.201852 0.876540 1920.000000 1080.000000
0 380 0.861198 0.732407 0.042188 0.201852 0.878050 1920.000000 1080.000000
0 381 0.859896 0.731019 0.042708 0.200926 0.855420 1920.000000 1080.000000
0 382 0.858594 0.730093 0.043229 0.200926 0.845240 1920.000000 1080.000000
0 383 0.857552 0.729167 0.043229 0.200926 0.833330 1920.000000 1080.000000
0 384 0.856250 0.728241 0.043750 0.200926 0.811760 1920.000000 1080.000000
0 385 0.855208 0.727315 0.043750 0.200926 0.800000 1920.000000 1080.000000
0 386 0.853906 0.726389 0.044271 0.200926 0.790700 1920.000000 1080.000000
0 387 0.853125 0.725463 0.044792 0.200926 0.781610 1920.000000 1080.000000
0 388 0.851823 0.724537 0.045312 0.200926 0.761360 1920.000000 1080.000000
0 389 0.850781 0.723611 0.045312 0.200926 0.750000 1920.000000 1080.000000
0 390 0.849479 0.722685 0.045833 0.200926 0.707870 1920.000000 1080.000000
0 391 0.848437 0.721759 0.045833 0.200926 0.635400 1920.000000 1080.000000
0 392 0.847135 0.720833 0.046354 0.200926 0.547090 1920.000000 1080.000000
0 393 0.846354 0.719907 0.046875 0.200926 0.471720 1920.000000 1080.000000
0 394 0.845573 0.718519 0.046354 0.201852 0.396550 1920.000000 1080.000000
0 395 0.845313 0.717593 0.045833 0.201852 0.330310 1920.000000 1080.000000
0 396 0.844792 0.716667 0.045833 0.201852 0.710640 1920.000000 1080.000000
0 397 0.844531 0.715741 0.045312 0.201852 0.658570 1920.000000 1080.000000
0 398 0.843750 0.714815 0.044792 0.201852 0.625050 1920.000000 1080.000000
0 399 0.843490 0.713889 0.044271 0.201852 0.590740 1920.000000 1080.000000
0 400 0.842969 0.712963 0.044271 0.201852 0.563130 1920.000000 1080.000000
0 401 0.842708 0.712037 0.043750 0.201852 0.517810 1920.000000 1080.000000
0 402 0.841927 0.711111 0.043229 0.201852 0.491740 1920.000000 1080.000000
0 403 0.841667 0.710185 0.042708 0.201852 0.457670 1920.000000 1080.000000
0 404 0.841146 0.709259 0.042708 0.201852 0.055620 1920.000000 1080.000000
0 405 0.840885 0.708333 0.042188 0.201852 0.050897 1920.000000 1080.000000
0 406 0.840104 0.707407 0.041667 0.201852 0.047579 1920.000000 1080.000000
0 407 0.839844 0.706481 0.041146 0.201852 0.044521 1920.000000 1080.000000
0 408 0.839323 0.705556 0.041146 0.201852 0.042808 1920.000000 1080.000000
0 409 0.839063 0.704630 0.040625 0.201852 0.037975 1920.000000 1080.000000
0 410 0.838802 0.703704 0.041146 0.201852 0.039041 1920.000000 1080.000000
0 411 0.838802 0.703704 0.041146 0.201852 0.030651 1920.000000 1080.000000
0 412 0.838802 0.703704 0.041146 0.201852 0.027968 1920.000000 1080.000000
0 413 0.838802 0.703241 0.041146 0.202778 0.024545 1920.000000 1080.000000
0 414 0.838802 0.702778 0.041146 0.201852 0.021233 1920.000000 1080.000000
0 415 0.838802 0.702778 0.041146 0.201852 0.015126 1920.000000 1080.000000
0 416 0.838802 0.702778 0.041146 0.201852 0.012557 1920.000000 1080.000000
0 417 0.838802 0.702315 0.041146 0.202778 0.011193 1920.000000 1080.000000
0 418 0.838802 0.702315 0.041146 0.202778 0.009091 1920.000000 1080.000000
0 419 0.838802 0.701852 0.041146 0.201852 0.004566 1920.000000 1080.000000
0 420 0.838802 0.701389 0.041146 0.202778 0.009091 1920.000000 1080.000000
0 421 0.838802 0.701389 0.041146 0.202778 0.004546 1920.000000 1080.000000
0 422 0.838802 0.701389 0.041146 0.202778 0.010000 1920.000000 1080.000000
0 423 0.838802 0.701389 0.041146 0.202778 0.017841 1920.000000 1080.000000
0 424 0.838802 0.700000 0.041146 0.201852 0.030822 1920.000000 1080.000000
0 425 0.838802 0.699074 0.041146 0.201852 0.040411 1920.000000 1080.000000
0 426 0.838802 0.698148 0.041146 0.201852 0.050285 1920.000000 1080.000000
0 427 0.838802 0.697222 0.041146 0.201852 0.058447 1920.000000 1080.000000
0 428 0.838802 0.696296 0.041146 0.201852 0.066781 1920.000000 1080.000000
0 429 0.839063 0.695370 0.040625 0.201852 0.078666 1920.000000 1080.000000
