0 544 0.323437 0.294444 0.010417 0.046296 1.000000 1920.000000 1080.000000
0 545 0.323437 0.295370 0.010417 0.046296 1.000000 1920.000000 1080.000000
0 546 0.323437 0.296296 0.010417 0.046296 1.000000 1920.000000 1080.000000
0 547 0.323437 0.297222 0.010417 0.046296 1.000000 1920.000000 1080.000000
0 548 0.323698 0.298148 0.010937 0.046296 1.000000 1920.000000 1080.000000
0 549 0.323698 0.299074 0.010937 0.046296 1.000000 1920.000000 1080.000000
0 550 0.323698 0.300000 0.010937 0.046296 1.000000 1920.000000 1080.000000
0 551 0.323698 0.300926 0.010937 0.046296 1.000000 1920.000000 1080.000000
0 552 0.324219 0.302315 0.010937 0.047222 1.000000 1920.000000 1080.000000
0 553 0.322656 0.301389 0.010937 0.047222 1.000000 1920.000000 1080.000000
0 554 0.321354 0.300463 0.010417 0.047222 1.000000 1920.000000 1080.000000
0 555 0.320833 0.299537 0.010417 0.047222 1.000000 1920.000000 1080.000000
0 556 0.320312 0.299537 0.010417 0.047222 1.000000 1920.000000 1080.000000
0 557 0.319792 0.299074 0.010417 0.046296 1.000000 1920.000000 1080.000000
0 558 0.319271 0.299074 0.010417 0.046296 1.000000 1920.000000 1080.000000
0 559 0.319010 0.299074 0.010937 0.046296 1.000000 1920.000000 1080.000000
0 560 0.319010 0.301852 0.010937 0.046296 1.000000 1920.000000 1080.000000
0 561 0.319531 0.304630 0.010937 0.046296 1.000000 1920.000000 1080.000000
0 562 0.320052 0.307407 0.010937 0.046296 1.000000 1920.000000 1080.000000
0 563 0.320573 0.310185 0.010937 0.046296 1.000000 1920.000000 1080.000000
0 564 0.321094 0.313889 0.010937 0.046296 1.000000 1920.000000 1080.000000
0 565 0.323177 0.312963 0.010937 0.046296 1.000000 1920.000000 1080.000000
0 566 0.325260 0.312037 0.010937 0.046296 0.554370 1920.000000 1080.000000
0 567 0.327865 0.311574 0.010937 0.045370 0.636360 1920.000000 1080.000000
0 568 0.329948 0.310648 0.010937 0.045370 0.681820 1920.000000 1080.000000
0 569 0.332552 0.310648 0.010937 0.045370 1.000000 1920.000000 1080.000000
0 570 0.333594 0.309722 0.010937 0.045370 1.000000 1920.000000 1080.000000
0 571 0.334635 0.309259 0.010937 0.046296 1.000000 1920.000000 1080.000000
0 572 0.335677 0.308333 0.010937 0.046296 1.000000 1920.000000 1080.000000
0 573 0.336719 0.307870 0.010937 0.047222 1.000000 1920.000000 1080.000000
0 574 0.338021 0.307870 0.011458 0.047222 0.869570 1920.000000 1080.000000
0 575 0.337760 0.309722 0.011979 0.047222 0.833330 1920.000000 1080.000000
0 576 0.337760 0.312500 0.011979 0.047222 1.000000 1920.000000 1080.000000
0 577 0.337760 0.314352 0.011979 0.047222 1.000000 1920.000000 1080.000000
0 578 0.337760 0.317130 0.011979 0.047222 1.000000 1920.000000 1080.000000
0 579 0.337760 0.319907 0.011979 0.047222 1.000000 1920.000000 1080.000000
0 580 0.336198 0.318056 0.011979 0.047222 1.000000 1920.000000 1080.000000
0 581 0.334896 0.316667 0.011458 0.046296 1.000000 1920.000000 1080.000000
0 582 0.333594 0.315278 0.011979 0.047222 1.000000 1920.000000 1080.000000
0 583 0.332292 0.313889 0.011458 0.046296 0.826090 1920.000000 1080.000000
0 584 0.331250 0.312963 0.011458 0.046296 0.826090 1920.000000 1080.000000
0 585 0.330729 0.314352 0.011458 0.045370 0.913040 1920.000000 1080.000000
0 586 0.330208 0.316204 0.011458 0.045370 1.000000 1920.000000 1080.000000
0 587 0.330208 0.318056 0.011458 0.045370 1.000000 1920.000000 1080.000000
0 588 0.329688 0.319907 0.011458 0.045370 1.000000 1920.000000 1080.000000
0 589 0.329688 0.321759 0.011458 0.045370 1.000000 1920.000000 1080.000000
0 590 0.329688 0.321759 0.011458 0.045370 1.000000 1920.000000 1080.000000
0 591 0.329948 0.322685 0.010937 0.045370 0.863640 1920.000000 1080.000000
0 592 0.330208 0.323611 0.011458 0.045370 0.826090 1920.000000 1080.000000
0 593 0.330469 0.324537 0.010937 0.045370 0.818180 1920.000000 1080.000000
0 594 0.330990 0.325463 0.010937 0.045370 0.818180 1920.000000 1080.000000
0 595 0.331250 0.327315 0.011458 0.045370 0.826090 1920.000000 1080.000000
0 596 0.331771 0.329167 0.011458 0.045370 0.826090 1920.000000 1080.000000
0 597 0.332292 0.331481 0.011458 0.046296 1.000000 1920.000000 1080.000000
0 598 0.332813 0.333333 0.011458 0.046296 0.826090 1920.000000 1080.000000
0 599 0.333333 0.336111 0.011458 0.046296 0.782610 1920.000000 1080.000000
0 600 0.334375 0.339815 0.011458 0.046296 0.782610 1920.000000 1080.000000
0 601 0.335417 0.343519 0.011458 0.046296 0.782610 1920.000000 1080.000000
0 602 0.336719 0.347685 0.011979 0.045370 0.791670 1920.000000 1080.000000
0 603 0.337760 0.351389 0.011979 0.045370 0.791670 1920.000000 1080.000000
0 604 0.339323 0.356019 0.011979 0.045370 0.833330 1920.000000 1080.000000
0 605 0.339844 0.356019 0.011979 0.045370 0.875000 1920.000000 1080.000000
0 606 0.340365 0.356944 0.011979 0.045370 0.916670 1920.000000 1080.000000
0 607 0.340885 0.357870 0.011979 0.045370 0.916670 1920.000000 1080.000000
0 608 0.341406 0.358796 0.011979 0.045370 0.916670 1920.000000 1080.000000
0 609 0.342187 0.359722 0.011458 0.045370 1.000000 1920.000000 1080.000000
0 610 0.342708 0.358796 0.011458 0.045370 1.000000 1920.000000 1080.000000
0 611 0.343490 0.357870 0.011979 0.045370 1.000000 1920.000000 1080.000000
0 612 0.344271 0.356944 0.011458 0.045370 1.000000 1920.000000 1080.000000
0 613 0.345052 0.356019 0.011979 0.045370 0.958330 1920.000000 1080.000000
0 614 0.346094 0.356019 0.011979 0.045370 0.833330 1920.000000 1080.000000
0 615 0.347656 0.356019 0.011979 0.045370 1.000000 1920.000000 1080.000000
0 616 0.349740 0.356019 0.011979 0.045370 0.958330 1920.000000 1080.000000
0 617 0.351302 0.356481 0.011979 0.046296 0.875000 1920.000000 1080.000000
0 618 0.353385 0.356481 0.011979 0.046296 0.833330 1920.000000 1080.000000
0 619 0.355469 0.357407 0.011979 0.046296 0.916670 1920.000000 1080.000000
0 620 0.356510 0.356944 0.011979 0.047222 0.875000 1920.000000 1080.000000
0 621 0.357812 0.356944 0.011458 0.047222 0.869570 1920.000000 1080.000000
0 622 0.359375 0.356944 0.011458 0.047222 0.869570 1920.000000 1080.000000
0 623 0.360677 0.356944 0.010937 0.047222 0.863640 1920.000000 1080.000000
0 624 0.362240 0.356944 0.010937 0.047222 0.863640 1920.000000 1080.000000
0 625 0.363281 0.357870 0.010937 0.047222 0.863640 1920.000000 1080.000000
0 626 0.364323 0.359259 0.010937 0.046296 0.818180 1920.000000 1080.000000
0 627 0.365885 0.360185 0.010937 0.046296 0.863640 1920.000000 1080.000000
0 628 0.366927 0.361574 0.010937 0.045370 0.818180 1920.000000 1080.000000
0 629 0.368490 0.363426 0.010937 0.045370 0.863640 1920.000000 1080.000000
0 630 0.368490 0.362963 0.010937 0.046296 0.727270 1920.000000 1080.000000
0 631 0.368490 0.363426 0.010937 0.047222 0.727270 1920.000000 1080.000000
0 632 0.368750 0.363426 0.011458 0.047222 0.739130 1920.000000 1080.000000
0 633 0.368750 0.363889 0.011458 0.048148 0.739130 1920.000000 1080.000000
0 634 0.369271 0.364352 0.011458 0.049074 0.739130 1920.000000 1080.000000
0 635 0.368229 0.361574 0.011458 0.049074 0.739130 1920.000000 1080.000000
0 636 0.367708 0.358796 0.011458 0.049074 1.000000 1920.000000 1080.000000
0 637 0.366927 0.356019 0.011979 0.049074 1.000000 1920.000000 1080.000000
0 638 0.366406 0.353241 0.011979 0.049074 1.000000 1920.000000 1080.000000
0 639 0.365885 0.351389 0.011979 0.049074 1.000000 1920.000000 1080.000000
0 640 0.365365 0.350463 0.011979 0.049074 1.000000 1920.000000 1080.000000
0 641 0.365104 0.350000 0.012500 0.050000 1.000000 1920.000000 1080.000000
0 642 0.365104 0.349537 0.012500 0.049074 1.000000 1920.000000 1080.000000
0 643 0.364844 0.349074 0.013021 0.050000 1.000000 1920.000000 1080.000000
0 644 0.364844 0.349074 0.013021 0.050000 0.703500 1920.000000 1080.000000
0 645 0.366927 0.349074 0.013021 0.050000 0.735660 1920.000000 1080.000000
0 646 0.369010 0.349074 0.013021 0.050000 0.730770 1920.000000 1080.000000
0 647 0.371615 0.349074 0.013021 0.050000 0.769230 1920.000000 1080.000000
0 648 0.373698 0.349074 0.013021 0.050000 0.769230 1920.000000 1080.000000
0 649 0.376302 0.349074 0.013021 0.050000 0.807690 1920.000000 1080.000000
0 650 0.377865 0.347222 0.013021 0.050000 0.807690 1920.000000 1080.000000
0 651 0.379948 0.345833 0.013021 0.049074 0.807690 1920.000000 1080.000000
0 652 0.381510 0.344444 0.013021 0.050000 0.773430 1920.000000 1080.000000
0 653 0.383594 0.343056 0.013021 0.049074 0.773500 1920.000000 1080.000000
0 654 0.385677 0.342130 0.013021 0.049074 0.777780 1920.000000 1080.000000
