0 530 0.362760 0.310185 0.008854 0.035185 0.222220 1920.000000 1080.000000
0 531 0.361198 0.309722 0.008854 0.034259 0.222220 1920.000000 1080.000000
0 532 0.360156 0.309722 0.008854 0.034259 0.222220 1920.000000 1080.000000
0 533 0.358854 0.309722 0.009375 0.034259 0.263160 1920.000000 1080.000000
0 534 0.357552 0.309722 0.008854 0.034259 0.277780 1920.000000 1080.000000
0 535 0.356250 0.309722 0.009375 0.034259 0.315790 1920.000000 1080.000000
0 536 0.355208 0.309722 0.009375 0.034259 0.315790 1920.000000 1080.000000
0 537 0.354167 0.309722 0.009375 0.034259 0.578950 1920.000000 1080.000000
0 538 0.353125 0.306019 0.009375 0.034259 0.684210 1920.000000 1080.000000
0 539 0.352604 0.302315 0.009375 0.034259 0.473680 1920.000000 1080.000000
0 540 0.352083 0.299074 0.009375 0.035185 0.578950 1920.000000 1080.000000
0 541 0.351562 0.295370 0.009375 0.035185 0.736840 1920.000000 1080.000000
0 542 0.351042 0.291667 0.009375 0.035185 0.789470 1920.000000 1080.000000
0 543 0.350521 0.288889 0.009375 0.035185 0.894740 1920.000000 1080.000000
0 544 0.350521 0.289815 0.009375 0.035185 0.639680 1920.000000 1080.000000
0 545 0.350521 0.290741 0.009375 0.035185 0.947370 1920.000000 1080.000000
0 546 0.350781 0.291667 0.009896 0.035185 0.950000 1920.000000 1080.000000
0 547 0.350781 0.292593 0.009896 0.035185 0.900000 1920.000000 1080.000000
0 548 0.350781 0.293519 0.009896 0.035185 0.900000 1920.000000 1080.000000
0 549 0.351042 0.294444 0.010417 0.035185 0.904760 1920.000000 1080.000000
0 550 0.351042 0.295370 0.010417 0.035185 0.857140 1920.000000 1080.000000
0 551 0.351042 0.296296 0.010417 0.035185 0.857140 1920.000000 1080.000000
0 552 0.351562 0.297222 0.010417 0.035185 0.857140 1920.000000 1080.000000
0 553 0.350521 0.296296 0.010417 0.035185 0.952380 1920.000000 1080.000000
0 554 0.350000 0.295833 0.010417 0.036111 1.000000 1920.000000 1080.000000
0 555 0.348958 0.295370 0.010417 0.035185 1.000000 1920.000000 1080.000000
0 556 0.348438 0.294907 0.010417 0.036111 1.000000 1920.000000 1080.000000
0 557 0.347396 0.294444 0.010417 0.037037 1.000000 1920.000000 1080.000000
0 558 0.346875 0.293981 0.010417 0.036111 1.000000 1920.000000 1080.000000
0 559 0.345833 0.293519 0.010417 0.037037 0.761900 1920.000000 1080.000000
0 560 0.345313 0.293519 0.010417 0.037037 0.428570 1920.000000 1080.000000
0 561 0.346615 0.295370 0.010937 0.037037 0.500000 1920.000000 1080.000000
0 562 0.348177 0.298148 0.010937 0.037037 0.545450 1920.000000 1080.000000
0 563 0.349740 0.300000 0.010937 0.037037 0.645230 1920.000000 1080.000000
0 564 0.351302 0.302778 0.010937 0.037037 0.645230 1920.000000 1080.000000
0 565 0.353125 0.305556 0.011458 0.037037 0.625660 1920.000000 1080.000000
0 566 0.354427 0.305556 0.010937 0.037037 0.681820 1920.000000 1080.000000
0 567 0.355729 0.306481 0.010417 0.037037 1.000000 1920.000000 1080.000000
0 568 0.357292 0.305556 0.010417 0.037037 0.904760 1920.000000 1080.000000
0 569 0.358854 0.304630 0.010417 0.037037 0.857140 1920.000000 1080.000000
0 570 0.360417 0.303704 0.010417 0.037037 0.857140 1920.000000 1080.000000
0 571 0.361979 0.302778 0.010417 0.037037 0.666670 1920.000000 1080.000000
0 572 0.363542 0.302315 0.010417 0.037963 0.672340 1920.000000 1080.000000
0 573 0.364063 0.303241 0.010417 0.037963 0.666670 1920.000000 1080.000000
0 574 0.364583 0.304167 0.010417 0.037963 0.666670 1920.000000 1080.000000
0 575 0.365104 0.305093 0.010417 0.037963 0.714290 1920.000000 1080.000000
0 576 0.365104 0.306944 0.010417 0.037963 0.952380 1920.000000 1080.000000
0 577 0.365104 0.308796 0.010417 0.037963 1.000000 1920.000000 1080.000000
0 578 0.365104 0.311574 0.010417 0.037963 1.000000 1920.000000 1080.000000
0 579 0.363542 0.310648 0.010417 0.037963 1.000000 1920.000000 1080.000000
0 580 0.361979 0.309722 0.010417 0.037963 0.572560 1920.000000 1080.000000
0 581 0.360417 0.309722 0.010417 0.037963 0.666670 1920.000000 1080.000000
0 582 0.358854 0.308796 0.010417 0.037963 0.714290 1920.000000 1080.000000
0 583 0.357292 0.308796 0.010417 0.037963 0.761900 1920.000000 1080.000000
0 584 0.355729 0.307870 0.010417 0.037963 0.809520 1920.000000 1080.000000
0 585 0.354687 0.307870 0.010417 0.037963 0.761900 1920.000000 1080.000000
0 586 0.354687 0.308796 0.010417 0.037963 0.764170 1920.000000 1080.000000
0 587 0.354687 0.310648 0.010417 0.037963 0.714290 1920.000000 1080.000000
0 588 0.355208 0.312500 0.010417 0.037963 0.714290 1920.000000 1080.000000
0 589 0.355208 0.313426 0.010417 0.037963 0.714290 1920.000000 1080.000000
0 590 0.355729 0.315278 0.010417 0.037963 0.666670 1920.000000 1080.000000
0 591 0.355729 0.317130 0.010417 0.037963 0.619050 1920.000000 1080.000000
0 592 0.356250 0.318981 0.010417 0.037963 0.571430 1920.000000 1080.000000
0 593 0.356250 0.319907 0.010417 0.037963 0.571430 1920.000000 1080.000000
0 594 0.356250 0.321759 0.010417 0.037963 0.523810 1920.000000 1080.000000
0 595 0.356771 0.323611 0.010417 0.037963 0.523810 1920.000000 1080.000000
0 596 0.356771 0.325463 0.010417 0.037963 0.476190 1920.000000 1080.000000
0 597 0.356771 0.326389 0.010417 0.037963 0.476190 1920.000000 1080.000000
0 598 0.357292 0.328241 0.010417 0.037963 0.428570 1920.000000 1080.000000
0 599 0.357292 0.330093 0.010417 0.037963 0.428570 1920.000000 1080.000000
0 600 0.357812 0.331944 0.010417 0.037963 0.428570 1920.000000 1080.000000
0 601 0.358854 0.334722 0.010417 0.037963 0.476190 1920.000000 1080.000000
0 602 0.359896 0.338426 0.010417 0.037963 0.476190 1920.000000 1080.000000
0 603 0.361458 0.342130 0.010417 0.037963 0.523810 1920.000000 1080.000000
0 604 0.362500 0.344907 0.010417 0.037963 0.529480 1920.000000 1080.000000
0 605 0.363542 0.348611 0.010417 0.037963 0.577100 1920.000000 1080.000000
0 606 0.365104 0.352315 0.010417 0.037963 0.624720 1920.000000 1080.000000
0 607 0.365625 0.351389 0.010417 0.037963 0.672340 1920.000000 1080.000000
0 608 0.366146 0.351389 0.010417 0.037963 0.666670 1920.000000 1080.000000
0 609 0.367188 0.350463 0.010417 0.037963 0.673470 1920.000000 1080.000000
0 610 0.367708 0.350463 0.010417 0.037963 0.714290 1920.000000 1080.000000
0 611 0.368229 0.350463 0.010417 0.037963 0.714290 1920.000000 1080.000000
0 612 0.369271 0.349537 0.010417 0.037963 0.714290 1920.000000 1080.000000
0 613 0.369792 0.349537 0.010417 0.037963 0.714290 1920.000000 1080.000000
0 614 0.370833 0.349537 0.010417 0.037963 0.714290 1920.000000 1080.000000
0 615 0.372396 0.349537 0.010417 0.037963 0.714290 1920.000000 1080.000000
0 616 0.374479 0.349537 0.010417 0.037963 0.714290 1920.000000 1080.000000
0 617 0.376563 0.349537 0.010417 0.037963 0.714290 1920.000000 1080.000000
0 618 0.378646 0.349537 0.010417 0.037963 0.714290 1920.000000 1080.000000
0 619 0.380729 0.349537 0.010417 0.037963 0.714290 1920.000000 1080.000000
0 620 0.382812 0.350463 0.010417 0.037963 0.619050 1920.000000 1080.000000
0 621 0.383854 0.349537 0.010417 0.037963 0.666670 1920.000000 1080.000000
0 622 0.385417 0.349537 0.010417 0.037963 0.628120 1920.000000 1080.000000
0 623 0.386458 0.348611 0.010417 0.037963 0.682540 1920.000000 1080.000000
0 624 0.388021 0.348611 0.010417 0.037963 0.637190 1920.000000 1080.000000
0 625 0.389062 0.349537 0.010417 0.037963 0.682540 1920.000000 1080.000000
0 626 0.390104 0.351389 0.010417 0.037963 0.628120 1920.000000 1080.000000
0 627 0.391667 0.353241 0.010417 0.037963 0.571430 1920.000000 1080.000000
0 628 0.392188 0.354167 0.010417 0.037963 0.619050 1920.000000 1080.000000
0 629 0.393229 0.356019 0.010417 0.037963 0.571430 1920.000000 1080.000000
0 630 0.394010 0.357870 0.010937 0.037963 1.000000 1920.000000 1080.000000
0 631 0.395052 0.359722 0.010937 0.037963 1.000000 1920.000000 1080.000000
0 632 0.395052 0.358796 0.010937 0.037963 1.000000 1920.000000 1080.000000
0 633 0.395313 0.357870 0.010417 0.037963 1.000000 1920.000000 1080.000000
0 634 0.395833 0.357870 0.010417 0.037963 1.000000 1920.000000 1080.000000
0 635 0.394792 0.355093 0.010417 0.037963 1.000000 1920.000000 1080.000000
0 636 0.393750 0.353241 0.010417 0.037963 1.000000 1920.000000 1080.000000
0 637 0.393229 0.350463 0.010417 0.037963 1.000000 1920.000000 1080.000000
0 638 0.392188 0.348611 0.010417 0.037963 1.000000 1920.000000 1080.000000
0 639 0.391667 0.345833 0.010417 0.037963 1.000000 1920.000000 1080.000000
0 640 0.390625 0.343981 0.010417 0.037963 0.761900 1920.000000 1080.000000
0 641 0.390104 0.342130 0.010417 0.037963 0.863950 1920.000000 1080.000000
0 642 0.390625 0.342130 0.010417 0.037963 0.863950 1920.000000 1080.000000
0 643 0.391667 0.343056 0.010417 0.037963 0.863950 1920.000000 1080.000000
0 644 0.392188 0.343981 0.010417 0.037963 0.860540 1920.000000 1080.000000
0 645 0.393229 0.343981 0.010417 0.037963 0.814060 1920.000000 1080.000000
0 646 0.393750 0.344907 0.010417 0.037963 0.809520 1920.000000 1080.000000
0 647 0.394792 0.345833 0.010417 0.037963 0.809520 1920.000000 1080.000000
0 648 0.396354 0.343981 0.010417 0.037963 0.809520 1920.000000 1080.000000
0 649 0.398438 0.343056 0.010417 0.037963 0.809520 1920.000000 1080.000000
0 650 0.400521 0.342130 0.010417 0.037963 0.809520 1920.000000 1080.000000
0 651 0.402604 0.341204 0.010417 0.037963 0.809520 1920.000000 1080.000000
0 652 0.404687 0.340278 0.010417 0.037963 0.809520 1920.000000 1080.000000
0 653 0.406771 0.340278 0.010417 0.037963 0.809520 1920.000000 1080.000000
0 654 0.408854 0.340278 0.010417 0.037963 1.000000 1920.000000 1080.000000
