0 124 0.035156 0.415741 0.011979 0.059259 0.000000 1920.000000 1080.000000
0 125 0.039844 0.413889 0.011979 0.059259 0.000000 1920.000000 1080.000000
0 126 0.045052 0.412037 0.011979 0.059259 0.000000 1920.000000 1080.000000
0 127 0.050260 0.410185 0.011979 0.059259 0.000000 1920.000000 1080.000000
0 128 0.054948 0.408333 0.011979 0.059259 0.023077 1920.000000 1080.000000
0 129 0.060156 0.406481 0.011979 0.059259 0.094872 1920.000000 1080.000000
0 130 0.065365 0.404630 0.011979 0.059259 0.023077 1920.000000 1080.000000
0 131 0.070052 0.402778 0.011979 0.059259 0.000000 1920.000000 1080.000000
0 132 0.075260 0.400926 0.011979 0.059259 0.000000 1920.000000 1080.000000
0 133 0.080469 0.399074 0.011979 0.059259 0.000000 1920.000000 1080.000000
0 134 0.085677 0.397222 0.011979 0.059259 0.000000 1920.000000 1080.000000
0 135 0.088281 0.394444 0.011979 0.059259 0.000000 1920.000000 1080.000000
0 136 0.090885 0.392593 0.011979 0.059259 0.000000 1920.000000 1080.000000
0 137 0.093490 0.390741 0.011979 0.059259 0.000000 1920.000000 1080.000000
0 138 0.096094 0.388889 0.011979 0.059259 0.018590 1920.000000 1080.000000
0 139 0.099219 0.387037 0.011979 0.059259 0.055769 1920.000000 1080.000000
0 140 0.101823 0.384259 0.011979 0.059259 0.041026 1920.000000 1080.000000
0 141 0.104427 0.382407 0.011979 0.059259 0.044872 1920.000000 1080.000000
0 142 0.107031 0.380556 0.011979 0.059259 0.048718 1920.000000 1080.000000
0 143 0.109635 0.378704 0.011979 0.059259 0.052564 1920.000000 1080.000000
0 144 0.112760 0.376852 0.011979 0.059259 0.072436 1920.000000 1080.000000
0 145 0.115365 0.375926 0.011979 0.059259 0.087821 1920.000000 1080.000000
0 146 0.117969 0.375926 0.011979 0.059259 0.103210 1920.000000 1080.000000
0 147 0.120573 0.375926 0.011979 0.059259 0.103850 1920.000000 1080.000000
0 148 0.123177 0.375926 0.011979 0.059259 0.119230 1920.000000 1080.000000
0 149 0.125781 0.375926 0.011979 0.059259 0.134620 1920.000000 1080.000000
0 150 0.128385 0.375926 0.011979 0.059259 0.076923 1920.000000 1080.000000
0 151 0.130990 0.375926 0.011979 0.059259 0.061538 1920.000000 1080.000000
0 152 0.133594 0.375926 0.011979 0.059259 0.030769 1920.000000 1080.000000
0 153 0.136198 0.375926 0.011979 0.059259 0.050641 1920.000000 1080.000000
0 154 0.138802 0.375926 0.011979 0.059259 0.112180 1920.000000 1080.000000
0 155 0.137240 0.375926 0.011979 0.059259 0.009615 1920.000000 1080.000000
0 156 0.136198 0.375926 0.011979 0.059259 0.000000 1920.000000 1080.000000
0 157 0.134635 0.375926 0.011979 0.059259 0.000000 1920.000000 1080.000000
0 158 0.133594 0.375926 0.011979 0.059259 0.042308 1920.000000 1080.000000
0 159 0.132031 0.375926 0.011979 0.059259 0.143590 1920.000000 1080.000000
0 160 0.130990 0.375926 0.011979 0.059259 0.000000 1920.000000 1080.000000
0 161 0.129427 0.375926 0.011979 0.059259 0.000000 1920.000000 1080.000000
0 162 0.128385 0.375926 0.011979 0.059259 0.009615 1920.000000 1080.000000
0 163 0.126823 0.375926 0.011979 0.059259 0.134620 1920.000000 1080.000000
0 164 0.125781 0.375926 0.011979 0.059259 0.276920 1920.000000 1080.000000
0 165 0.120052 0.375926 0.011979 0.059259 0.237180 1920.000000 1080.000000
0 166 0.114844 0.376852 0.011979 0.059259 0.189740 1920.000000 1080.000000
0 167 0.109115 0.376852 0.011979 0.059259 0.121790 1920.000000 1080.000000
0 168 0.103906 0.377778 0.011979 0.059259 0.073077 1920.000000 1080.000000
0 169 0.098177 0.377778 0.011979 0.059259 0.000000 1920.000000 1080.000000
0 170 0.092969 0.378704 0.011979 0.059259 0.000000 1920.000000 1080.000000
0 171 0.087240 0.378704 0.011979 0.059259 0.000000 1920.000000 1080.000000
0 172 0.082031 0.379630 0.011979 0.059259 0.000000 1920.000000 1080.000000
0 173 0.076302 0.379630 0.011979 0.059259 0.000000 1920.000000 1080.000000
0 174 0.071094 0.380556 0.011979 0.059259 0.000000 1920.000000 1080.000000
0 175 0.069792 0.377778 0.012500 0.059259 0.000000 1920.000000 1080.000000
0 176 0.068750 0.375463 0.012500 0.060185 0.000000 1920.000000 1080.000000
0 177 0.067448 0.373148 0.013021 0.061111 0.014925 1920.000000 1080.000000
0 178 0.066406 0.371296 0.013021 0.061111 0.140640 1920.000000 1080.000000
0 179 0.065104 0.368981 0.013542 0.062037 0.298470 1920.000000 1080.000000
0 180 0.064062 0.366204 0.013542 0.062037 0.289220 1920.000000 1080.000000
0 181 0.062760 0.364352 0.014063 0.062037 0.240550 1920.000000 1080.000000
0 182 0.061719 0.362037 0.014063 0.062963 0.229810 1920.000000 1080.000000
0 183 0.060417 0.359722 0.014583 0.063889 0.198520 1920.000000 1080.000000
0 184 0.059375 0.357870 0.014583 0.063889 0.151230 1920.000000 1080.000000
0 185 0.058854 0.356019 0.014583 0.063889 0.174880 1920.000000 1080.000000
0 186 0.058333 0.355093 0.014583 0.063889 0.213300 1920.000000 1080.000000
0 187 0.057813 0.354167 0.014583 0.063889 0.221180 1920.000000 1080.000000
0 188 0.057813 0.353241 0.014583 0.063889 0.259610 1920.000000 1080.000000
0 189 0.057292 0.352315 0.014583 0.063889 0.267980 1920.000000 1080.000000
0 190 0.056771 0.350463 0.014583 0.063889 0.295070 1920.000000 1080.000000
0 191 0.056771 0.349537 0.014583 0.063889 0.308870 1920.000000 1080.000000
0 192 0.056250 0.348611 0.014583 0.063889 0.314780 1920.000000 1080.000000
0 193 0.055729 0.347685 0.014583 0.063889 0.292120 1920.000000 1080.000000
0 194 0.055729 0.346759 0.014583 0.063889 0.306400 1920.000000 1080.000000
0 195 0.057813 0.348611 0.014583 0.063889 0.368470 1920.000000 1080.000000
0 196 0.060417 0.351389 0.014583 0.063889 0.433500 1920.000000 1080.000000
0 197 0.062500 0.353241 0.014583 0.063889 0.496550 1920.000000 1080.000000
0 198 0.065104 0.356019 0.014583 0.063889 0.557140 1920.000000 1080.000000
0 199 0.067708 0.358796 0.014583 0.063889 0.514290 1920.000000 1080.000000
0 200 0.069792 0.360648 0.014583 0.063889 0.514290 1920.000000 1080.000000
0 201 0.072396 0.363426 0.014583 0.063889 0.448280 1920.000000 1080.000000
0 202 0.074479 0.365278 0.014583 0.063889 0.372410 1920.000000 1080.000000
0 203 0.077083 0.368056 0.014583 0.063889 0.293100 1920.000000 1080.000000
0 204 0.079687 0.370833 0.014583 0.063889 0.224140 1920.000000 1080.000000
0 205 0.083333 0.370833 0.014583 0.063889 0.218720 1920.000000 1080.000000
0 206 0.087500 0.370833 0.014583 0.063889 0.211330 1920.000000 1080.000000
0 207 0.091667 0.370833 0.014583 0.063889 0.206900 1920.000000 1080.000000
0 208 0.095833 0.370833 0.014583 0.063889 0.195070 1920.000000 1080.000000
0 209 0.100000 0.370833 0.014583 0.063889 0.185220 1920.000000 1080.000000
0 210 0.103646 0.370833 0.014583 0.063889 0.226600 1920.000000 1080.000000
0 211 0.107813 0.370833 0.014583 0.063889 0.294580 1920.000000 1080.000000
0 212 0.111979 0.370833 0.014583 0.063889 0.362560 1920.000000 1080.000000
0 213 0.116146 0.370833 0.014583 0.063889 0.399010 1920.000000 1080.000000
0 214 0.120313 0.371759 0.014583 0.063889 0.455170 1920.000000 1080.000000
0 215 0.121875 0.370833 0.014583 0.063889 0.421180 1920.000000 1080.000000
0 216 0.123438 0.369907 0.014583 0.063889 0.354680 1920.000000 1080.000000
0 217 0.125000 0.368981 0.014583 0.063889 0.317240 1920.000000 1080.000000
0 218 0.127083 0.368056 0.014583 0.063889 0.300990 1920.000000 1080.000000
0 219 0.128646 0.367130 0.014583 0.063889 0.236450 1920.000000 1080.000000
0 220 0.130208 0.366204 0.014583 0.063889 0.283740 1920.000000 1080.000000
0 221 0.132292 0.365278 0.014583 0.063889 0.331030 1920.000000 1080.000000
0 222 0.133854 0.364352 0.014583 0.063889 0.354680 1920.000000 1080.000000
0 223 0.135417 0.363426 0.014583 0.063889 0.378330 1920.000000 1080.000000
0 224 0.137500 0.363426 0.014583 0.063889 0.425620 1920.000000 1080.000000
0 225 0.138542 0.362500 0.014583 0.063889 0.449260 1920.000000 1080.000000
0 226 0.140104 0.361574 0.014583 0.063889 0.472910 1920.000000 1080.000000
0 227 0.141667 0.360648 0.014583 0.063889 0.496550 1920.000000 1080.000000
0 228 0.143229 0.359722 0.014583 0.063889 0.520200 1920.000000 1080.000000
0 229 0.144792 0.358796 0.014583 0.063889 0.558130 1920.000000 1080.000000
0 230 0.146354 0.357870 0.014583 0.063889 0.532510 1920.000000 1080.000000
0 231 0.147917 0.356944 0.014583 0.063889 0.509850 1920.000000 1080.000000
0 232 0.149479 0.356019 0.014583 0.063889 0.487190 1920.000000 1080.000000
0 233 0.151042 0.355093 0.014583 0.063889 0.475860 1920.000000 1080.000000
0 234 0.152604 0.355093 0.014583 0.063889 0.422660 1920.000000 1080.000000
0 235 0.153646 0.352315 0.014583 0.063889 0.403450 1920.000000 1080.000000
0 236 0.155208 0.350463 0.014583 0.063889 0.403450 1920.000000 1080.000000
0 237 0.156771 0.348611 0.014583 0.063889 0.393100 1920.000000 1080.000000
0 238 0.157812 0.346759 0.014583 0.063889 0.364530 1920.000000 1080.000000
0 239 0.159375 0.344907 0.014583 0.063889 0.346310 1920.000000 1080.000000
0 240 0.160938 0.342130 0.014583 0.063889 0.393100 1920.000000 1080.000000
0 241 0.161979 0.340278 0.014583 0.063889 0.403450 1920.000000 1080.000000
0 242 0.163542 0.338426 0.014583 0.063889 0.433500 1920.000000 1080.000000
0 243 0.165104 0.336574 0.014583 0.063889 0.464530 1920.000000 1080.000000
0 244 0.166667 0.334722 0.014583 0.063889 0.496550 1920.000000 1080.000000
0 245 0.166667 0.333333 0.014583 0.064815 0.469160 1920.000000 1080.000000
0 246 0.166927 0.332870 0.015104 0.065741 0.427780 1920.000000 1080.000000
0 247 0.166927 0.331944 0.015104 0.065741 0.388890 1920.000000 1080.000000
0 248 0.167187 0.331481 0.015625 0.066667 0.352630 1920.000000 1080.000000
0 249 0.167187 0.331019 0.015625 0.067593 0.311250 1920.000000 1080.000000
0 250 0.167448 0.329630 0.016146 0.068519 0.311670 1920.000000 1080.000000
0 251 0.167448 0.329167 0.016146 0.069444 0.283720 1920.000000 1080.000000
0 252 0.167708 0.328241 0.016667 0.069444 0.288280 1920.000000 1080.000000
0 253 0.167708 0.327778 0.016667 0.070370 0.266430 1920.000000 1080.000000
0 254 0.167969 0.327315 0.017188 0.071296 0.273760 1920.000000 1080.000000
0 255 0.169010 0.326389 0.017188 0.071296 0.286580 1920.000000 1080.000000
0 256 0.170573 0.325463 0.017188 0.071296 0.341250 1920.000000 1080.000000
0 257 0.171615 0.324537 0.017188 0.071296 0.354070 1920.000000 1080.000000
0 258 0.173177 0.323611 0.017188 0.071296 0.410260 1920.000000 1080.000000
0 259 0.174740 0.322685 0.017188 0.071296 0.448720 1920.000000 1080.000000
0 260 0.175781 0.321759 0.017188 0.071296 0.423080 1920.000000 1080.000000
0 261 0.177344 0.320833 0.017188 0.071296 0.429490 1920.000000 1080.000000
0 262 0.178385 0.319907 0.017188 0.071296 0.411010 1920.000000 1080.000000
0 263 0.179948 0.318981 0.017188 0.071296 0.417800 1920.000000 1080.000000
0 264 0.181510 0.318981 0.017188 0.071296 0.411760 1920.000000 1080.000000
0 265 0.180469 0.318981 0.017188 0.071296 0.320510 1920.000000 1080.000000
0 266 0.179948 0.318981 0.017188 0.071296 0.253390 1920.000000 1080.000000
0 267 0.178906 0.318981 0.017188 0.071296 0.173450 1920.000000 1080.000000
0 268 0.178385 0.318981 0.017188 0.071296 0.116140 1920.000000 1080.000000
0 269 0.177344 0.318981 0.017188 0.071296 0.031674 1920.000000 1080.000000
0 270 0.176823 0.318981 0.017188 0.071296 0.110860 1920.000000 1080.000000
0 271 0.175781 0.318981 0.017188 0.071296 0.178360 1920.000000 1080.000000
0 272 0.175260 0.318981 0.017188 0.071296 0.265460 1920.000000 1080.000000
0 273 0.174219 0.318981 0.017188 0.071296 0.297130 1920.000000 1080.000000
0 274 0.173698 0.319907 0.017188 0.071296 0.319760 1920.000000 1080.000000
0 275 0.167969 0.318981 0.017188 0.071296 0.314100 1920.000000 1080.000000
0 276 0.162760 0.318981 0.017188 0.071296 0.271490 1920.000000 1080.000000
0 277 0.157552 0.318981 0.017188 0.071296 0.203240 1920.000000 1080.000000
0 278 0.152344 0.318056 0.017188 0.071296 0.134620 1920.000000 1080.000000
0 279 0.147135 0.318056 0.017188 0.071296 0.039216 1920.000000 1080.000000
0 280 0.141927 0.318056 0.017188 0.071296 0.019608 1920.000000 1080.000000
0 281 0.136719 0.317130 0.017188 0.071296 0.000000 1920.000000 1080.000000
0 282 0.131510 0.317130 0.017188 0.071296 0.000000 1920.000000 1080.000000
0 283 0.126302 0.317130 0.017188 0.071296 0.000000 1920.000000 1080.000000
0 284 0.121094 0.317130 0.017188 0.071296 0.000000 1920.000000 1080.000000
0 285 0.119010 0.315278 0.017188 0.071296 0.020739 1920.000000 1080.000000
0 286 0.116927 0.313426 0.017188 0.071296 0.128960 1920.000000 1080.000000
0 287 0.115365 0.311574 0.017188 0.071296 0.275260 1920.000000 1080.000000
0 288 0.113281 0.309722 0.017188 0.071296 0.410260 1920.000000 1080.000000
0 289 0.111719 0.308796 0.017188 0.071296 0.532430 1920.000000 1080.000000
0 290 0.109635 0.306944 0.017188 0.071296 0.475870 1920.000000 1080.000000
0 291 0.107552 0.305093 0.017188 0.071296 0.403850 1920.000000 1080.000000
0 292 0.105990 0.303241 0.017188 0.071296 0.352190 1920.000000 1080.000000
0 293 0.103906 0.301389 0.017188 0.071296 0.279790 1920.000000 1080.000000
0 294 0.102344 0.300463 0.017188 0.071296 0.222470 1920.000000 1080.000000
0 295 0.100781 0.298611 0.017188 0.071296 0.200230 1920.000000 1080.000000
0 296 0.099219 0.297685 0.017188 0.071296 0.150450 1920.000000 1080.000000
0 297 0.097656 0.295833 0.017188 0.071296 0.107470 1920.000000 1080.000000
0 298 0.096094 0.294907 0.017188 0.071296 0.063348 1920.000000 1080.000000
0 299 0.094531 0.293981 0.017188 0.071296 0.020739 1920.000000 1080.000000
0 300 0.092969 0.292130 0.017188 0.071296 0.082956 1920.000000 1080.000000
0 301 0.091406 0.291204 0.017188 0.071296 0.145170 1920.000000 1080.000000
0 302 0.089844 0.289352 0.017188 0.071296 0.207390 1920.000000 1080.000000
0 303 0.088281 0.288426 0.017188 0.071296 0.269610 1920.000000 1080.000000
0 304 0.087240 0.287500 0.017188 0.071296 0.325790 1920.000000 1080.000000
0 305 0.084115 0.288426 0.017188 0.071296 0.313730 1920.000000 1080.000000
0 306 0.080990 0.290278 0.017188 0.071296 0.289590 1920.000000 1080.000000
0 307 0.077865 0.292130 0.017188 0.071296 0.271490 1920.000000 1080.000000
0 308 0.074740 0.293981 0.017188 0.071296 0.247360 1920.000000 1080.000000
0 309 0.072135 0.295833 0.017188 0.071296 0.229260 1920.000000 1080.000000
0 310 0.069010 0.296759 0.017188 0.071296 0.165910 1920.000000 1080.000000
0 311 0.065885 0.298611 0.017188 0.071296 0.077300 1920.000000 1080.000000
0 312 0.062760 0.300463 0.017188 0.071296 0.000000 1920.000000 1080.000000
0 313 0.059635 0.302315 0.017188 0.071296 0.000000 1920.000000 1080.000000
0 314 0.057031 0.304167 0.017188 0.071296 0.000000 1920.000000 1080.000000
0 315 0.057031 0.303241 0.017188 0.071296 0.000000 1920.000000 1080.000000
0 316 0.057031 0.303241 0.017188 0.071296 0.000000 1920.000000 1080.000000
0 317 0.057552 0.303241 0.017188 0.071296 0.000000 1920.000000 1080.000000
0 318 0.057552 0.302315 0.017188 0.071296 0.000000 1920.000000 1080.000000
0 319 0.058073 0.302315 0.017188 0.071296 0.000000 1920.000000 1080.000000
0 320 0.058073 0.302315 0.017188 0.071296 0.000000 1920.000000 1080.000000
0 321 0.058073 0.301389 0.017188 0.071296 0.000000 1920.000000 1080.000000
0 322 0.058594 0.301389 0.017188 0.071296 0.000000 1920.000000 1080.000000
0 323 0.058594 0.301389 0.017188 0.071296 0.000000 1920.000000 1080.000000
0 324 0.059115 0.301389 0.017188 0.071296 0.000000 1920.000000 1080.000000
0 325 0.058594 0.301389 0.017188 0.071296 0.000000 1920.000000 1080.000000
0 326 0.058594 0.302315 0.017188 0.071296 0.000000 1920.000000 1080.000000
0 327 0.058594 0.302315 0.017188 0.071296 0.000000 1920.000000 1080.000000
0 328 0.058073 0.303241 0.017188 0.071296 0.000000 1920.000000 1080.000000
0 329 0.058073 0.303241 0.017188 0.071296 0.000000 1920.000000 1080.000000
0 330 0.058073 0.304167 0.017188 0.071296 0.000000 1920.000000 1080.000000
0 331 0.057552 0.304167 0.017188 0.071296 0.000000 1920.000000 1080.000000
0 332 0.057552 0.305093 0.017188 0.071296 0.000000 1920.000000 1080.000000
0 333 0.057552 0.305093 0.017188 0.071296 0.000000 1920.000000 1080.000000
0 334 0.057552 0.306019 0.017188 0.071296 0.000000 1920.000000 1080.000000
0 335 0.052604 0.303704 0.016667 0.075926 0.000000 1920.000000 1080.000000
