0 1 0.394531 0.483333 0.039062 0.137500 0.000000 640.000000 480.000000
0 2 0.400781 0.481250 0.039062 0.137500 0.461540 640.000000 480.000000
0 3 0.407031 0.479167 0.039062 0.137500 1.000000 640.000000 480.000000
0 4 0.417969 0.479167 0.039062 0.137500 0.769230 640.000000 480.000000
0 5 0.432031 0.485417 0.035937 0.133333 0.791670 640.000000 480.000000
0 6 0.442188 0.485417 0.037500 0.133333 0.800000 640.000000 480.000000
0 7 0.453125 0.486458 0.037500 0.135417 0.840000 640.000000 480.000000
0 8 0.464062 0.487500 0.037500 0.137500 0.880000 640.000000 480.000000
0 9 0.475000 0.487500 0.037500 0.137500 0.920000 640.000000 480.000000
0 10 0.487500 0.488542 0.037500 0.139583 1.000000 640.000000 480.000000
0 11 0.502344 0.490625 0.039062 0.139583 1.000000 640.000000 480.000000
0 12 0.514844 0.489583 0.039062 0.141667 1.000000 640.000000 480.000000
0 13 0.528906 0.491667 0.039062 0.141667 1.000000 640.000000 480.000000
0 14 0.541406 0.489583 0.039062 0.141667 1.000000 640.000000 480.000000
0 15 0.553125 0.486458 0.040625 0.143750 0.962960 640.000000 480.000000
0 16 0.565625 0.484375 0.040625 0.143750 0.370370 640.000000 480.000000
0 17 0.578125 0.482292 0.040625 0.143750 0.000000 640.000000 480.000000
0 18 0.584375 0.481250 0.040625 0.145833 0.000000 640.000000 480.000000
0 19 0.590625 0.481250 0.040625 0.145833 0.000000 640.000000 480.000000
0 20 0.596875 0.480208 0.040625 0.147917 0.000000 640.000000 480.000000
0 21 0.603125 0.479167 0.040625 0.150000 0.000000 640.000000 480.000000
0 22 0.609375 0.479167 0.040625 0.150000 0.000000 640.000000 480.000000
0 23 0.615625 0.478125 0.040625 0.152083 0.000000 640.000000 480.000000
0 24 0.621875 0.477083 0.040625 0.154167 0.000000 640.000000 480.000000
0 25 0.628125 0.476042 0.040625 0.156250 0.000000 640.000000 480.000000
0 26 0.634375 0.476042 0.040625 0.156250 0.000000 640.000000 480.000000
0 27 0.640625 0.475000 0.040625 0.158333 0.000000 640.000000 480.000000
0 28 0.646875 0.473958 0.040625 0.160417 0.000000 640.000000 480.000000
0 29 0.653125 0.473958 0.040625 0.160417 0.000000 640.000000 480.000000
0 30 0.648438 0.472917 0.040625 0.162500 0.000000 640.000000 480.000000
0 31 0.656250 0.473958 0.040625 0.164583 0.222220 640.000000 480.000000
0 32 0.659375 0.476042 0.040625 0.164583 1.000000 640.000000 480.000000
0 33 0.675000 0.470833 0.040625 0.166667 1.000000 640.000000 480.000000
0 34 0.692187 0.472917 0.040625 0.170833 1.000000 640.000000 480.000000
0 35 0.705469 0.473958 0.042188 0.172917 1.000000 640.000000 480.000000
0 36 0.717969 0.476042 0.042188 0.177083 1.000000 640.000000 480.000000
0 37 0.730469 0.477083 0.042188 0.179167 1.000000 640.000000 480.000000
0 38 0.735156 0.478125 0.042188 0.181250 1.000000 640.000000 480.000000
0 39 0.739062 0.477083 0.043750 0.183333 1.000000 640.000000 480.000000
0 40 0.743750 0.478125 0.043750 0.185417 0.551720 640.000000 480.000000
0 41 0.750000 0.477083 0.043750 0.187500 0.000000 640.000000 480.000000
0 42 0.753906 0.477083 0.045312 0.187500 0.000000 640.000000 480.000000
0 43 0.757031 0.477083 0.045312 0.187500 0.000000 640.000000 480.000000
0 44 0.759375 0.477083 0.046875 0.187500 0.000000 640.000000 480.000000
0 45 0.762500 0.479167 0.046875 0.187500 0.000000 640.000000 480.000000
0 46 0.766406 0.480208 0.048438 0.185417 0.000000 640.000000 480.000000
0 47 0.769531 0.480208 0.048438 0.185417 0.000000 640.000000 480.000000
0 48 0.771875 0.480208 0.050000 0.185417 0.000000 640.000000 480.000000
0 49 0.775000 0.480208 0.050000 0.185417 0.000000 640.000000 480.000000
0 50 0.776563 0.479167 0.050000 0.187500 0.000000 640.000000 480.000000
0 51 0.778906 0.479167 0.051562 0.187500 0.000000 640.000000 480.000000
0 52 0.780469 0.478125 0.051562 0.189583 0.000000 640.000000 480.000000
0 53 0.782031 0.478125 0.051562 0.189583 0.000000 640.000000 480.000000
0 54 0.784375 0.477083 0.053125 0.191667 0.000000 640.000000 480.000000
0 55 0.785937 0.477083 0.053125 0.191667 0.000000 640.000000 480.000000
0 56 0.787500 0.476042 0.053125 0.193750 0.000000 640.000000 480.000000
0 57 0.789844 0.477083 0.054688 0.195833 0.000000 640.000000 480.000000
0 58 0.791406 0.477083 0.054688 0.195833 0.000000 640.000000 480.000000
0 59 0.794531 0.476042 0.054688 0.197917 0.000000 640.000000 480.000000
0 60 0.796094 0.476042 0.054688 0.197917 0.000000 640.000000 480.000000
0 61 0.796875 0.475000 0.056250 0.200000 0.000000 640.000000 480.000000
0 62 0.798438 0.475000 0.056250 0.200000 0.000000 640.000000 480.000000
0 63 0.801562 0.473958 0.056250 0.202083 0.000000 640.000000 480.000000
0 64 0.803906 0.473958 0.057813 0.202083 0.000000 640.000000 480.000000
0 65 0.805469 0.472917 0.057813 0.204167 0.000000 640.000000 480.000000
0 66 0.805469 0.472917 0.057813 0.204167 0.000000 640.000000 480.000000
0 67 0.805469 0.472917 0.057813 0.204167 0.000000 640.000000 480.000000
0 68 0.805469 0.471875 0.057813 0.202083 0.000000 640.000000 480.000000
0 69 0.805469 0.471875 0.057813 0.202083 0.000000 640.000000 480.000000
0 70 0.805469 0.471875 0.057813 0.202083 0.000000 640.000000 480.000000
0 71 0.805469 0.471875 0.057813 0.202083 0.000000 640.000000 480.000000
0 72 0.804688 0.471875 0.056250 0.202083 0.000000 640.000000 480.000000
0 73 0.804688 0.471875 0.056250 0.202083 0.000000 640.000000 480.000000
0 74 0.803125 0.471875 0.056250 0.202083 0.000000 640.000000 480.000000
0 75 0.803125 0.470833 0.056250 0.204167 0.000000 640.000000 480.000000
0 76 0.803906 0.470833 0.054688 0.204167 0.000000 640.000000 480.000000
0 77 0.803906 0.470833 0.054688 0.204167 0.000000 640.000000 480.000000
0 78 0.803906 0.470833 0.054688 0.204167 0.000000 640.000000 480.000000
0 79 0.803906 0.470833 0.054688 0.204167 0.000000 640.000000 480.000000
0 80 0.803906 0.470833 0.054688 0.204167 0.000000 640.000000 480.000000
0 81 0.803906 0.470833 0.054688 0.204167 0.000000 640.000000 480.000000
0 82 0.803906 0.470833 0.054688 0.204167 0.000000 640.000000 480.000000
0 83 0.803906 0.470833 0.054688 0.204167 0.000000 640.000000 480.000000
0 84 0.803906 0.469792 0.054688 0.202083 0.000000 640.000000 480.000000
0 85 0.803906 0.469792 0.054688 0.202083 0.000000 640.000000 480.000000
0 86 0.803906 0.469792 0.054688 0.202083 0.000000 640.000000 480.000000
0 87 0.803906 0.469792 0.054688 0.202083 0.000000 640.000000 480.000000
0 88 0.803906 0.469792 0.054688 0.202083 0.000000 640.000000 480.000000
0 89 0.803906 0.469792 0.054688 0.202083 0.000000 640.000000 480.000000
0 90 0.803906 0.469792 0.054688 0.202083 0.000000 640.000000 480.000000
0 91 0.803906 0.469792 0.054688 0.202083 0.000000 640.000000 480.000000
0 92 0.803906 0.469792 0.054688 0.202083 0.000000 640.000000 480.000000
0 93 0.803906 0.469792 0.054688 0.202083 0.000000 640.000000 480.000000
0 94 0.803906 0.469792 0.054688 0.202083 0.000000 640.000000 480.000000
0 95 0.803906 0.469792 0.054688 0.202083 0.000000 640.000000 480.000000
0 96 0.803906 0.469792 0.054688 0.202083 0.000000 640.000000 480.000000
0 97 0.803906 0.469792 0.054688 0.202083 0.000000 640.000000 480.000000
0 98 0.803906 0.469792 0.054688 0.202083 0.000000 640.000000 480.000000
0 99 0.803906 0.469792 0.054688 0.202083 0.000000 640.000000 480.000000
0 100 0.803906 0.469792 0.054688 0.202083 0.000000 640.000000 480.000000
0 101 0.803906 0.469792 0.054688 0.202083 0.000000 640.000000 480.000000
0 102 0.803906 0.469792 0.054688 0.202083 0.000000 640.000000 480.000000
0 103 0.803906 0.469792 0.054688 0.202083 0.000000 640.000000 480.000000
0 104 0.803906 0.469792 0.054688 0.202083 0.000000 640.000000 480.000000
0 105 0.803906 0.469792 0.054688 0.202083 0.000000 640.000000 480.000000
0 106 0.803906 0.469792 0.054688 0.202083 0.000000 640.000000 480.000000
0 107 0.803906 0.469792 0.054688 0.202083 0.000000 640.000000 480.000000
0 108 0.803906 0.469792 0.054688 0.202083 0.000000 640.000000 480.000000
0 109 0.803906 0.469792 0.054688 0.202083 0.000000 640.000000 480.000000
0 110 0.803906 0.469792 0.054688 0.202083 0.000000 640.000000 480.000000
0 111 0.803906 0.469792 0.054688 0.202083 0.000000 640.000000 480.000000
0 112 0.803906 0.469792 0.054688 0.202083 0.000000 640.000000 480.000000
0 113 0.803906 0.469792 0.054688 0.202083 0.000000 640.000000 480.000000
0 114 0.803906 0.469792 0.054688 0.202083 0.000000 640.000000 480.000000
0 115 0.803906 0.469792 0.054688 0.202083 0.000000 640.000000 480.000000
0 116 0.803906 0.469792 0.054688 0.202083 0.000000 640.000000 480.000000
0 117 0.803906 0.469792 0.054688 0.202083 0.000000 640.000000 480.000000
0 118 0.803906 0.469792 0.054688 0.202083 0.000000 640.000000 480.000000
0 119 0.803906 0.469792 0.054688 0.202083 0.000000 640.000000 480.000000
0 120 0.803906 0.469792 0.054688 0.202083 0.000000 640.000000 480.000000
0 121 0.803906 0.469792 0.054688 0.202083 0.000000 640.000000 480.000000
0 122 0.803906 0.469792 0.054688 0.202083 0.000000 640.000000 480.000000
0 123 0.803906 0.469792 0.054688 0.202083 0.000000 640.000000 480.000000
0 124 0.803125 0.469792 0.053125 0.202083 0.000000 640.000000 480.000000
0 125 0.803125 0.469792 0.053125 0.202083 0.000000 640.000000 480.000000
0 126 0.803125 0.469792 0.053125 0.202083 0.000000 640.000000 480.000000
0 127 0.803125 0.469792 0.053125 0.202083 0.000000 640.000000 480.000000
0 128 0.803125 0.469792 0.053125 0.202083 0.000000 640.000000 480.000000
0 129 0.803125 0.469792 0.053125 0.202083 0.000000 640.000000 480.000000
0 130 0.803125 0.469792 0.053125 0.202083 0.000000 640.000000 480.000000
0 131 0.803125 0.470833 0.053125 0.204167 0.000000 640.000000 480.000000
0 132 0.803125 0.470833 0.053125 0.204167 0.000000 640.000000 480.000000
0 133 0.803125 0.470833 0.053125 0.204167 0.000000 640.000000 480.000000
0 134 0.803125 0.470833 0.053125 0.204167 0.000000 640.000000 480.000000
0 135 0.803125 0.470833 0.053125 0.204167 0.000000 640.000000 480.000000
0 136 0.803125 0.470833 0.053125 0.204167 0.000000 640.000000 480.000000
0 137 0.803125 0.470833 0.053125 0.204167 0.000000 640.000000 480.000000
0 138 0.801562 0.470833 0.053125 0.204167 0.000000 640.000000 480.000000
0 139 0.802344 0.470833 0.054688 0.204167 0.000000 640.000000 480.000000
0 140 0.802344 0.471875 0.054688 0.202083 0.000000 640.000000 480.000000
0 141 0.802344 0.471875 0.054688 0.202083 0.000000 640.000000 480.000000
0 142 0.802344 0.471875 0.054688 0.202083 0.000000 640.000000 480.000000
0 143 0.802344 0.471875 0.054688 0.202083 0.000000 640.000000 480.000000
0 144 0.802344 0.471875 0.054688 0.202083 0.000000 640.000000 480.000000
0 145 0.802344 0.471875 0.054688 0.202083 0.000000 640.000000 480.000000
0 146 0.802344 0.471875 0.054688 0.202083 0.000000 640.000000 480.000000
0 147 0.802344 0.471875 0.054688 0.202083 0.000000 640.000000 480.000000
0 148 0.802344 0.471875 0.054688 0.202083 0.000000 640.000000 480.000000
0 149 0.802344 0.471875 0.054688 0.202083 0.000000 640.000000 480.000000
0 150 0.802344 0.471875 0.054688 0.202083 0.000000 640.000000 480.000000
0 151 0.802344 0.472917 0.054688 0.204167 0.000000 640.000000 480.000000
0 152 0.801562 0.472917 0.053125 0.204167 0.000000 640.000000 480.000000
0 153 0.801562 0.472917 0.053125 0.204167 0.000000 640.000000 480.000000
0 154 0.801562 0.472917 0.053125 0.204167 0.000000 640.000000 480.000000
0 155 0.801562 0.472917 0.053125 0.204167 0.000000 640.000000 480.000000
0 156 0.801562 0.472917 0.053125 0.204167 0.000000 640.000000 480.000000
0 157 0.801562 0.472917 0.053125 0.204167 0.000000 640.000000 480.000000
0 158 0.801562 0.472917 0.053125 0.204167 0.000000 640.000000 480.000000
0 159 0.801562 0.472917 0.053125 0.204167 0.000000 640.000000 480.000000
0 160 0.801562 0.472917 0.053125 0.204167 0.000000 640.000000 480.000000
0 161 0.801562 0.472917 0.053125 0.204167 0.228570 640.000000 480.000000
0 162 0.801562 0.472917 0.053125 0.204167 0.542860 640.000000 480.000000
0 163 0.801562 0.472917 0.053125 0.204167 0.828570 640.000000 480.000000
0 164 0.801562 0.472917 0.053125 0.204167 0.800000 640.000000 480.000000
0 165 0.801562 0.472917 0.053125 0.204167 0.771430 640.000000 480.000000
0 166 0.801562 0.472917 0.053125 0.204167 0.742860 640.000000 480.000000
0 167 0.801562 0.472917 0.053125 0.204167 0.714290 640.000000 480.000000
0 168 0.801562 0.472917 0.053125 0.204167 0.685710 640.000000 480.000000
0 169 0.801562 0.472917 0.053125 0.204167 0.657140 640.000000 480.000000
0 170 0.801562 0.472917 0.053125 0.204167 0.628570 640.000000 480.000000
0 171 0.801562 0.472917 0.053125 0.204167 0.000000 640.000000 480.000000
0 172 0.801562 0.472917 0.053125 0.204167 0.000000 640.000000 480.000000
0 173 0.801562 0.472917 0.053125 0.204167 0.000000 640.000000 480.000000
0 174 0.801562 0.472917 0.053125 0.204167 0.000000 640.000000 480.000000
0 175 0.802344 0.472917 0.054688 0.204167 0.000000 640.000000 480.000000
0 176 0.802344 0.473958 0.054688 0.202083 0.000000 640.000000 480.000000
0 177 0.802344 0.473958 0.054688 0.202083 0.000000 640.000000 480.000000
0 178 0.802344 0.473958 0.054688 0.202083 0.472220 640.000000 480.000000
0 179 0.802344 0.473958 0.054688 0.202083 0.472220 640.000000 480.000000
0 180 0.802344 0.473958 0.054688 0.202083 0.472220 640.000000 480.000000
0 181 0.802344 0.473958 0.054688 0.202083 0.472220 640.000000 480.000000
0 182 0.802344 0.473958 0.054688 0.202083 0.500000 640.000000 480.000000
0 183 0.802344 0.473958 0.054688 0.202083 0.500000 640.000000 480.000000
0 184 0.801562 0.473958 0.053125 0.202083 0.485710 640.000000 480.000000
0 185 0.801562 0.473958 0.053125 0.202083 0.485710 640.000000 480.000000
0 186 0.800000 0.473958 0.053125 0.202083 0.457140 640.000000 480.000000
0 187 0.800000 0.475000 0.053125 0.204167 0.485710 640.000000 480.000000
0 188 0.800000 0.475000 0.053125 0.204167 0.485710 640.000000 480.000000
0 189 0.800000 0.475000 0.053125 0.204167 0.485710 640.000000 480.000000
0 190 0.798438 0.475000 0.053125 0.204167 0.457140 640.000000 480.000000
0 191 0.798438 0.475000 0.053125 0.204167 0.457140 640.000000 480.000000
0 192 0.798438 0.476042 0.053125 0.202083 0.457140 640.000000 480.000000
0 193 0.798438 0.476042 0.053125 0.202083 0.457140 640.000000 480.000000
0 194 0.796875 0.476042 0.053125 0.202083 0.428570 640.000000 480.000000
0 195 0.796875 0.477083 0.053125 0.204167 0.428570 640.000000 480.000000
0 196 0.796875 0.477083 0.053125 0.204167 0.400000 640.000000 480.000000
0 197 0.796875 0.477083 0.053125 0.204167 0.400000 640.000000 480.000000
0 198 0.795312 0.477083 0.053125 0.204167 0.371430 640.000000 480.000000
0 199 0.796094 0.477083 0.054688 0.204167 0.388890 640.000000 480.000000
0 200 0.796094 0.478125 0.054688 0.202083 0.361110 640.000000 480.000000
0 201 0.796094 0.478125 0.054688 0.202083 0.361110 640.000000 480.000000
0 202 0.796094 0.478125 0.054688 0.202083 0.361110 640.000000 480.000000
0 203 0.796094 0.479167 0.054688 0.204167 0.361110 640.000000 480.000000
0 204 0.795312 0.479167 0.053125 0.204167 0.314290 640.000000 480.000000
0 205 0.795312 0.479167 0.053125 0.204167 0.314290 640.000000 480.000000
0 206 0.793750 0.479167 0.053125 0.204167 0.285710 640.000000 480.000000
0 207 0.793750 0.479167 0.053125 0.204167 0.285710 640.000000 480.000000
0 208 0.793750 0.480208 0.053125 0.202083 0.257140 640.000000 480.000000
0 209 0.793750 0.480208 0.053125 0.202083 0.257140 640.000000 480.000000
0 210 0.792188 0.480208 0.053125 0.202083 0.228570 640.000000 480.000000
0 211 0.792188 0.480208 0.053125 0.202083 0.228570 640.000000 480.000000
0 212 0.790625 0.480208 0.053125 0.202083 0.171430 640.000000 480.000000
0 213 0.790625 0.480208 0.053125 0.202083 0.257140 640.000000 480.000000
0 214 0.787500 0.480208 0.053125 0.202083 0.257140 640.000000 480.000000
0 215 0.785937 0.478125 0.053125 0.202083 0.285710 640.000000 480.000000
0 216 0.784375 0.478125 0.053125 0.202083 0.314290 640.000000 480.000000
0 217 0.782813 0.476042 0.053125 0.202083 0.342860 640.000000 480.000000
0 218 0.781250 0.476042 0.053125 0.202083 0.371430 640.000000 480.000000
0 219 0.780469 0.478125 0.054688 0.202083 0.416670 640.000000 480.000000
0 220 0.780469 0.478125 0.054688 0.202083 0.472220 640.000000 480.000000
0 221 0.778906 0.478125 0.054688 0.202083 0.500000 640.000000 480.000000
0 222 0.778906 0.480208 0.054688 0.202083 0.555560 640.000000 480.000000
0 223 0.780469 0.480208 0.054688 0.202083 0.694440 640.000000 480.000000
0 224 0.779687 0.482292 0.053125 0.202083 0.771430 640.000000 480.000000
0 225 0.781250 0.482292 0.053125 0.202083 0.885710 640.000000 480.000000
0 226 0.781250 0.482292 0.053125 0.202083 1.000000 640.000000 480.000000
0 227 0.783594 0.482292 0.054688 0.202083 1.000000 640.000000 480.000000
0 228 0.783594 0.482292 0.054688 0.202083 1.000000 640.000000 480.000000
0 229 0.785156 0.482292 0.054688 0.202083 0.972220 640.000000 480.000000
0 230 0.786719 0.486458 0.051562 0.210417 0.970590 640.000000 480.000000
0 231 0.787500 0.489583 0.050000 0.216667 0.939390 640.000000 480.000000
0 232 0.789844 0.489583 0.048438 0.225000 0.937500 640.000000 480.000000
0 233 0.792969 0.490625 0.048438 0.235417 0.937500 640.000000 480.000000
0 234 0.795312 0.487500 0.056250 0.245833 0.405410 640.000000 480.000000
0 235 0.801562 0.482292 0.059375 0.239583 0.461540 640.000000 480.000000
