0 723 0.155469 0.463542 0.045312 0.156250 0.133330 640.000000 480.000000
0 724 0.164844 0.467708 0.045312 0.156250 0.500000 640.000000 480.000000
0 725 0.164844 0.467708 0.042188 0.152083 0.821430 640.000000 480.000000
0 726 0.160938 0.465625 0.040625 0.152083 0.851850 640.000000 480.000000
0 727 0.158594 0.464583 0.039062 0.150000 1.000000 640.000000 480.000000
0 728 0.154688 0.461458 0.037500 0.147917 1.000000 640.000000 480.000000
0 729 0.152344 0.460417 0.035937 0.145833 1.000000 640.000000 480.000000
0 730 0.147656 0.467708 0.039062 0.152083 1.000000 640.000000 480.000000
0 731 0.141406 0.475000 0.042188 0.158333 1.000000 640.000000 480.000000
0 732 0.136719 0.482292 0.045312 0.164583 1.000000 640.000000 480.000000
0 733 0.130469 0.489583 0.048438 0.170833 1.000000 640.000000 480.000000
0 734 0.122656 0.488542 0.051562 0.172917 1.000000 640.000000 480.000000
0 735 0.114844 0.486458 0.054688 0.172917 1.000000 640.000000 480.000000
0 736 0.106250 0.485417 0.056250 0.175000 1.000000 640.000000 480.000000
0 737 0.100000 0.483333 0.059375 0.175000 1.000000 640.000000 480.000000
0 738 0.090625 0.480208 0.062500 0.181250 1.000000 640.000000 480.000000
0 739 0.082812 0.476042 0.065625 0.189583 1.000000 640.000000 480.000000
0 740 0.075781 0.472917 0.067187 0.195833 1.000000 640.000000 480.000000
0 741 0.067969 0.469792 0.070312 0.202083 1.000000 640.000000 480.000000
0 742 0.060937 0.473958 0.071875 0.218750 1.000000 640.000000 480.000000
0 743 0.054688 0.480208 0.075000 0.235417 0.836730 640.000000 480.000000
0 744 0.049219 0.484375 0.076563 0.252083 0.740000 640.000000 480.000000
0 745 0.043750 0.488542 0.078125 0.268750 0.392160 640.000000 480.000000
0 746 0.040625 0.482292 0.075000 0.260417 0.163270 640.000000 480.000000
0 747 0.039062 0.478125 0.071875 0.252083 0.000000 640.000000 480.000000
0 748 0.038281 0.471875 0.067187 0.243750 0.000000 640.000000 480.000000
0 749 0.036719 0.467708 0.064062 0.235417 0.000000 640.000000 480.000000
0 750 0.035156 0.462500 0.060937 0.225000 0.000000 640.000000 480.000000
0 751 0.033594 0.456250 0.057813 0.216667 0.000000 640.000000 480.000000
0 752 0.031250 0.452083 0.053125 0.208333 0.000000 640.000000 480.000000
0 753 0.019531 0.459375 0.048438 0.235417 0.875000 640.000000 480.000000
0 754 0.007031 0.453125 0.067187 0.247917 0.590910 640.000000 480.000000
0 755 0.002344 0.453125 0.067187 0.260417 0.522730 640.000000 480.000000
0 756 0.003906 0.454167 0.073438 0.254167 0.541670 640.000000 480.000000
