0 773 0.934375 0.512500 0.284375 0.904167 0.000000 640.000000 480.000000
0 774 0.916406 0.497917 0.273438 0.875000 0.000000 640.000000 480.000000
0 775 0.899219 0.483333 0.264062 0.845833 0.000000 640.000000 480.000000
0 776 0.880469 0.468750 0.254688 0.816667 0.000000 640.000000 480.000000
0 777 0.862500 0.454167 0.243750 0.787500 0.000000 640.000000 480.000000
0 778 0.856250 0.461458 0.250000 0.806250 0.000000 640.000000 480.000000
0 779 0.851562 0.470833 0.256250 0.825000 0.000000 640.000000 480.000000
0 780 0.845313 0.478125 0.262500 0.843750 0.000000 640.000000 480.000000
0 781 0.840625 0.485417 0.268750 0.862500 0.000000 640.000000 480.000000
0 782 0.842187 0.493750 0.259375 0.862500 0.000000 640.000000 480.000000
0 783 0.843750 0.505208 0.250000 0.860417 0.000000 640.000000 480.000000
0 784 0.845313 0.513542 0.240625 0.860417 0.000000 640.000000 480.000000
0 785 0.846875 0.522917 0.231250 0.858333 0.000000 640.000000 480.000000
0 786 0.833594 0.516667 0.217188 0.858333 0.000000 640.000000 480.000000
0 787 0.818750 0.512500 0.203125 0.858333 0.000000 640.000000 480.000000
0 788 0.805469 0.507292 0.189062 0.856250 0.000000 640.000000 480.000000
0 789 0.790625 0.501042 0.175000 0.856250 0.006766 640.000000 480.000000
0 790 0.782031 0.506250 0.176563 0.858333 0.008836 640.000000 480.000000
0 791 0.773438 0.511458 0.178125 0.860417 0.009746 640.000000 480.000000
0 792 0.764062 0.516667 0.178125 0.862500 0.012258 640.000000 480.000000
0 793 0.757031 0.521875 0.179688 0.864583 0.030110 640.000000 480.000000
0 794 0.753906 0.519792 0.182812 0.864583 0.635590 640.000000 480.000000
0 795 0.750781 0.515625 0.185938 0.864583 0.650000 640.000000 480.000000
0 796 0.746875 0.513542 0.187500 0.864583 0.030952 640.000000 480.000000
0 797 0.745313 0.509375 0.190625 0.864583 0.073483 640.000000 480.000000
0 798 0.745313 0.512500 0.193750 0.866667 0.162050 640.000000 480.000000
0 799 0.746875 0.515625 0.196875 0.868750 0.154070 640.000000 480.000000
0 800 0.748437 0.516667 0.200000 0.870833 0.682170 640.000000 480.000000
0 801 0.750000 0.519792 0.203125 0.872917 0.679390 640.000000 480.000000
0 802 0.749219 0.504167 0.195312 0.841667 0.698410 640.000000 480.000000
0 803 0.752344 0.494792 0.189062 0.822917 0.125190 640.000000 480.000000
0 804 0.751563 0.510417 0.181250 0.854167 0.123960 640.000000 480.000000
0 805 0.757812 0.525000 0.175000 0.875000 0.034747 640.000000 480.000000
0 806 0.778125 0.518750 0.181250 0.879167 0.023358 640.000000 480.000000
0 807 0.798438 0.513542 0.187500 0.881250 0.103380 640.000000 480.000000
0 808 0.804688 0.520833 0.193750 0.887500 1.000000 640.000000 480.000000
0 809 0.839844 0.502083 0.198437 0.887500 1.000000 640.000000 480.000000
0 810 0.855469 0.508333 0.201563 0.891667 1.000000 640.000000 480.000000
0 811 0.871094 0.514583 0.204687 0.895833 1.000000 640.000000 480.000000
0 812 0.885156 0.519792 0.207813 0.897917 1.000000 640.000000 480.000000
0 813 0.900781 0.526042 0.210938 0.902083 0.183790 640.000000 480.000000
0 814 0.914062 0.532292 0.221875 0.939583 0.240110 640.000000 480.000000
0 815 0.924219 0.529167 0.229687 0.962500 0.269250 640.000000 480.000000
0 816 0.931250 0.517708 0.228125 0.960417 0.309350 640.000000 480.000000
0 817 0.939063 0.496875 0.228125 0.947917 0.283000 640.000000 480.000000
0 818 0.950781 0.483333 0.235937 0.933333 0.259610 640.000000 480.000000
0 819 0.959375 0.495833 0.231250 0.966667 0.256850 640.000000 480.000000
0 820 0.982031 0.514583 0.254688 0.975000 0.237300 640.000000 480.000000
0 821 0.979688 0.495833 0.237500 0.983333 0.196290 640.000000 480.000000
0 822 1.000781 0.506250 0.245312 1.004167 0.326740 640.000000 480.000000
0 823 1.018750 0.533333 0.246875 1.054167 0.403210 640.000000 480.000000
0 824 1.035156 0.523958 0.245312 1.035417 0.346270 640.000000 480.000000
