0 300 0.052344 0.484375 0.098437 0.352083 0.203120 640.000000 480.000000
0 301 0.052344 0.484375 0.095312 0.347917 0.983870 640.000000 480.000000
0 302 0.055469 0.481250 0.101562 0.354167 0.727270 640.000000 480.000000
0 303 0.059375 0.479167 0.106250 0.362500 0.405800 640.000000 480.000000
0 304 0.063281 0.477083 0.110937 0.370833 0.041667 640.000000 480.000000
0 305 0.064844 0.477083 0.117188 0.362500 0.631580 640.000000 480.000000
0 306 0.072656 0.482292 0.104688 0.352083 0.000000 640.000000 480.000000
0 307 0.077344 0.480208 0.101562 0.356250 0.000000 640.000000 480.000000
0 308 0.091406 0.478125 0.101562 0.360417 0.000000 640.000000 480.000000
0 309 0.093750 0.477083 0.096875 0.362500 1.000000 640.000000 480.000000
0 310 0.101562 0.475000 0.087500 0.375000 0.684210 640.000000 480.000000
0 311 0.101562 0.470833 0.112500 0.383333 0.315070 640.000000 480.000000
0 312 0.107813 0.476042 0.118750 0.360417 0.000000 640.000000 480.000000
0 313 0.092969 0.486458 0.142187 0.368750 0.054348 640.000000 480.000000
0 314 0.081250 0.483333 0.146875 0.383333 1.000000 640.000000 480.000000
0 315 0.070312 0.494792 0.134375 0.385417 1.000000 640.000000 480.000000
0 316 0.080469 0.489583 0.104688 0.370833 1.000000 640.000000 480.000000
0 317 0.090625 0.485417 0.096875 0.383333 1.000000 640.000000 480.000000
0 318 0.092188 0.492708 0.106250 0.385417 1.000000 640.000000 480.000000
0 319 0.100000 0.491667 0.118750 0.387500 1.000000 640.000000 480.000000
0 320 0.110156 0.481250 0.117188 0.383333 1.000000 640.000000 480.000000
0 321 0.129688 0.478125 0.118750 0.381250 1.000000 640.000000 480.000000
0 322 0.140625 0.457292 0.118750 0.377083 1.000000 640.000000 480.000000
0 323 0.153906 0.448958 0.117188 0.377083 0.973680 640.000000 480.000000
0 324 0.166406 0.443750 0.117188 0.375000 0.776320 640.000000 480.000000
0 325 0.178125 0.436458 0.115625 0.372917 0.573330 640.000000 480.000000
0 326 0.171094 0.438542 0.120313 0.372917 0.474360 640.000000 480.000000
0 327 0.164062 0.439583 0.125000 0.375000 0.370370 640.000000 480.000000
0 328 0.157031 0.441667 0.129688 0.375000 0.285710 640.000000 480.000000
0 329 0.150000 0.443750 0.134375 0.375000 0.206900 640.000000 480.000000
0 330 0.141406 0.441667 0.126562 0.379167 0.048780 640.000000 480.000000
0 331 0.132812 0.440625 0.118750 0.381250 0.000000 640.000000 480.000000
0 332 0.123438 0.438542 0.109375 0.385417 0.000000 640.000000 480.000000
0 333 0.116406 0.437500 0.101562 0.387500 0.060606 640.000000 480.000000
0 334 0.110156 0.431250 0.101562 0.387500 0.484850 640.000000 480.000000
0 335 0.101562 0.428125 0.103125 0.385417 1.000000 640.000000 480.000000
0 336 0.095312 0.421875 0.103125 0.385417 1.000000 640.000000 480.000000
0 337 0.089063 0.416667 0.103125 0.383333 1.000000 640.000000 480.000000
0 338 0.094531 0.419792 0.104688 0.381250 0.815060 640.000000 480.000000
0 339 0.098437 0.420833 0.106250 0.379167 0.885960 640.000000 480.000000
0 340 0.105469 0.423958 0.107813 0.377083 1.000000 640.000000 480.000000
0 341 0.110156 0.423958 0.110937 0.377083 1.000000 640.000000 480.000000
0 342 0.115625 0.427083 0.112500 0.375000 1.000000 640.000000 480.000000
0 343 0.121094 0.428125 0.114062 0.372917 0.851350 640.000000 480.000000
0 344 0.126562 0.431250 0.115625 0.370833 0.666670 640.000000 480.000000
0 345 0.132031 0.432292 0.117188 0.368750 0.685980 640.000000 480.000000
0 346 0.149219 0.437500 0.120313 0.362500 0.750920 640.000000 480.000000
0 347 0.167969 0.441667 0.123438 0.358333 0.728180 640.000000 480.000000
0 348 0.185156 0.446875 0.126562 0.352083 0.768290 640.000000 480.000000
0 349 0.202344 0.452083 0.129688 0.345833 0.797620 640.000000 480.000000
0 350 0.217969 0.447917 0.123438 0.350000 1.000000 640.000000 480.000000
0 351 0.231250 0.442708 0.118750 0.356250 1.000000 640.000000 480.000000
0 352 0.246875 0.438542 0.112500 0.360417 1.000000 640.000000 480.000000
0 353 0.262500 0.434375 0.106250 0.364583 1.000000 640.000000 480.000000
0 354 0.275000 0.434375 0.109375 0.364583 1.000000 640.000000 480.000000
0 355 0.287500 0.434375 0.112500 0.364583 1.000000 640.000000 480.000000
0 356 0.300000 0.432292 0.115625 0.364583 1.000000 640.000000 480.000000
0 357 0.307031 0.434375 0.123438 0.352083 1.000000 640.000000 480.000000
0 358 0.311719 0.446875 0.120313 0.364583 1.000000 640.000000 480.000000
0 359 0.321094 0.497917 0.089063 0.354167 1.000000 640.000000 480.000000
0 360 0.334375 0.509375 0.084375 0.356250 1.000000 640.000000 480.000000
0 361 0.335156 0.497917 0.089063 0.354167 0.803990 640.000000 480.000000
0 362 0.335156 0.490625 0.089063 0.343750 0.806810 640.000000 480.000000
0 363 0.333594 0.496875 0.098437 0.339583 0.748950 640.000000 480.000000
0 364 0.330469 0.507292 0.098437 0.347917 1.000000 640.000000 480.000000
0 365 0.340625 0.517708 0.087500 0.335417 1.000000 640.000000 480.000000
0 366 0.333594 0.501042 0.085938 0.347917 1.000000 640.000000 480.000000
0 367 0.352344 0.475000 0.098437 0.329167 0.781250 640.000000 480.000000
0 368 0.374219 0.473958 0.098437 0.331250 1.000000 640.000000 480.000000
0 369 0.397656 0.491667 0.107813 0.337500 1.000000 640.000000 480.000000
0 370 0.399219 0.501042 0.110937 0.339583 1.000000 640.000000 480.000000
0 371 0.399219 0.492708 0.107813 0.339583 1.000000 640.000000 480.000000
0 372 0.417187 0.489583 0.100000 0.329167 1.000000 640.000000 480.000000
0 373 0.432031 0.491667 0.085938 0.329167 1.000000 640.000000 480.000000
0 374 0.448437 0.492708 0.087500 0.327083 1.000000 640.000000 480.000000
0 375 0.463281 0.492708 0.092188 0.327083 1.000000 640.000000 480.000000
0 376 0.469531 0.493750 0.092188 0.325000 1.000000 640.000000 480.000000
0 377 0.476562 0.495833 0.093750 0.325000 1.000000 640.000000 480.000000
0 378 0.479687 0.498958 0.090625 0.327083 1.000000 640.000000 480.000000
0 379 0.485156 0.498958 0.085938 0.331250 1.000000 640.000000 480.000000
0 380 0.488281 0.502083 0.082812 0.333333 1.000000 640.000000 480.000000
0 381 0.492188 0.503125 0.078125 0.335417 1.000000 640.000000 480.000000
0 382 0.491406 0.502083 0.082812 0.333333 1.000000 640.000000 480.000000
0 383 0.495312 0.500000 0.100000 0.329167 0.985870 640.000000 480.000000
0 384 0.487500 0.497917 0.093750 0.329167 1.000000 640.000000 480.000000
0 385 0.486719 0.496875 0.098437 0.327083 1.000000 640.000000 480.000000
0 386 0.484375 0.500000 0.096875 0.329167 1.000000 640.000000 480.000000
0 387 0.482812 0.502083 0.093750 0.333333 1.000000 640.000000 480.000000
0 388 0.478125 0.487500 0.090625 0.337500 0.905170 640.000000 480.000000
0 389 0.480469 0.506250 0.089063 0.337500 1.000000 640.000000 480.000000
0 390 0.471875 0.505208 0.087500 0.331250 1.000000 640.000000 480.000000
0 391 0.463281 0.506250 0.085938 0.325000 1.000000 640.000000 480.000000
0 392 0.455469 0.506250 0.082812 0.316667 1.000000 640.000000 480.000000
0 393 0.446875 0.505208 0.081250 0.310417 1.000000 640.000000 480.000000
0 394 0.443750 0.506250 0.084375 0.312500 1.000000 640.000000 480.000000
0 395 0.442188 0.508333 0.087500 0.316667 1.000000 640.000000 480.000000
0 396 0.439063 0.509375 0.090625 0.318750 1.000000 640.000000 480.000000
0 397 0.437500 0.510417 0.093750 0.320833 1.000000 640.000000 480.000000
0 398 0.435156 0.507292 0.089063 0.318750 1.000000 640.000000 480.000000
0 399 0.432031 0.505208 0.085938 0.318750 1.000000 640.000000 480.000000
0 400 0.429688 0.502083 0.081250 0.316667 1.000000 640.000000 480.000000
0 401 0.427344 0.498958 0.076563 0.314583 1.000000 640.000000 480.000000
0 402 0.425781 0.498958 0.082812 0.314583 1.000000 640.000000 480.000000
0 403 0.424219 0.496875 0.089063 0.314583 0.812840 640.000000 480.000000
0 404 0.421875 0.497917 0.093750 0.312500 0.758980 640.000000 480.000000
0 405 0.420312 0.495833 0.100000 0.312500 0.687620 640.000000 480.000000
0 406 0.422656 0.491667 0.095312 0.312500 0.781670 640.000000 480.000000
0 407 0.425000 0.487500 0.090625 0.312500 1.000000 640.000000 480.000000
0 408 0.427344 0.481250 0.085938 0.312500 1.000000 640.000000 480.000000
0 409 0.429688 0.477083 0.081250 0.312500 1.000000 640.000000 480.000000
0 410 0.425781 0.479167 0.079687 0.312500 1.000000 640.000000 480.000000
0 411 0.421094 0.479167 0.076563 0.312500 1.000000 640.000000 480.000000
0 412 0.415625 0.482292 0.075000 0.310417 1.000000 640.000000 480.000000
0 413 0.410938 0.482292 0.071875 0.310417 1.000000 640.000000 480.000000
0 414 0.402344 0.486458 0.073438 0.306250 1.000000 640.000000 480.000000
0 415 0.392969 0.488542 0.073438 0.302083 1.000000 640.000000 480.000000
0 416 0.382812 0.493750 0.075000 0.295833 1.000000 640.000000 480.000000
0 417 0.373437 0.495833 0.075000 0.291667 0.939210 640.000000 480.000000
0 418 0.367188 0.490625 0.075000 0.289583 0.959770 640.000000 480.000000
0 419 0.362500 0.488542 0.075000 0.285417 1.000000 640.000000 480.000000
0 420 0.356250 0.483333 0.075000 0.283333 1.000000 640.000000 480.000000
0 421 0.351562 0.479167 0.075000 0.279167 1.000000 640.000000 480.000000
0 422 0.345313 0.477083 0.075000 0.279167 1.000000 640.000000 480.000000
0 423 0.339844 0.477083 0.073438 0.279167 1.000000 640.000000 480.000000
0 424 0.333594 0.476042 0.073438 0.277083 0.959270 640.000000 480.000000
0 425 0.326562 0.473958 0.071875 0.277083 0.938080 640.000000 480.000000
0 426 0.321094 0.468750 0.070312 0.275000 0.978910 640.000000 480.000000
0 427 0.314063 0.463542 0.068750 0.272917 1.000000 640.000000 480.000000
0 428 0.308594 0.459375 0.067187 0.268750 1.000000 640.000000 480.000000
0 429 0.301563 0.454167 0.065625 0.266667 1.000000 640.000000 480.000000
0 430 0.296875 0.454167 0.068750 0.266667 1.000000 640.000000 480.000000
0 431 0.292187 0.455208 0.071875 0.264583 1.000000 640.000000 480.000000
0 432 0.287500 0.453125 0.075000 0.264583 1.000000 640.000000 480.000000
0 433 0.284375 0.454167 0.078125 0.262500 1.000000 640.000000 480.000000
0 434 0.280469 0.448958 0.076563 0.264583 1.000000 640.000000 480.000000
0 435 0.276562 0.445833 0.075000 0.266667 1.000000 640.000000 480.000000
0 436 0.272656 0.441667 0.073438 0.266667 1.000000 640.000000 480.000000
0 437 0.268750 0.436458 0.071875 0.268750 1.000000 640.000000 480.000000
0 438 0.265625 0.437500 0.071875 0.266667 0.765960 640.000000 480.000000
0 439 0.264844 0.438542 0.070312 0.264583 0.000000 640.000000 480.000000
0 440 0.261719 0.439583 0.070312 0.262500 0.000000 640.000000 480.000000
0 441 0.259375 0.440625 0.068750 0.260417 0.000000 640.000000 480.000000
0 442 0.257812 0.440625 0.068750 0.256250 0.000000 640.000000 480.000000
0 443 0.255469 0.441667 0.067187 0.254167 0.000000 640.000000 480.000000
0 444 0.253906 0.442708 0.067187 0.252083 0.000000 640.000000 480.000000
0 445 0.251563 0.443750 0.065625 0.250000 1.000000 640.000000 480.000000
0 446 0.255469 0.445833 0.064062 0.250000 1.000000 640.000000 480.000000
0 447 0.260156 0.446875 0.060937 0.247917 1.000000 640.000000 480.000000
0 448 0.262500 0.448958 0.059375 0.247917 1.000000 640.000000 480.000000
0 449 0.267188 0.450000 0.056250 0.245833 1.000000 640.000000 480.000000
0 450 0.280469 0.450000 0.057813 0.241667 1.000000 640.000000 480.000000
0 451 0.292187 0.452083 0.059375 0.237500 1.000000 640.000000 480.000000
0 452 0.305469 0.452083 0.060937 0.233333 1.000000 640.000000 480.000000
0 453 0.318750 0.452083 0.062500 0.229167 1.000000 640.000000 480.000000
0 454 0.329688 0.454167 0.062500 0.229167 1.000000 640.000000 480.000000
0 455 0.340625 0.456250 0.062500 0.229167 1.000000 640.000000 480.000000
0 456 0.353906 0.457292 0.060937 0.227083 1.000000 640.000000 480.000000
0 457 0.364844 0.459375 0.060937 0.227083 1.000000 640.000000 480.000000
0 458 0.374219 0.461458 0.060937 0.222917 0.950000 640.000000 480.000000
0 459 0.383594 0.460417 0.060937 0.220833 0.925000 640.000000 480.000000
0 460 0.392188 0.462500 0.059375 0.216667 0.846150 640.000000 480.000000
0 461 0.401562 0.462500 0.059375 0.212500 0.820510 640.000000 480.000000
0 462 0.401562 0.461458 0.059375 0.214583 0.871790 640.000000 480.000000
0 463 0.403125 0.463542 0.059375 0.214583 0.897440 640.000000 480.000000
0 464 0.403125 0.462500 0.059375 0.216667 0.846150 640.000000 480.000000
0 465 0.404687 0.462500 0.059375 0.216667 0.743590 640.000000 480.000000
0 466 0.404687 0.460417 0.056250 0.216667 0.648650 640.000000 480.000000
0 467 0.404687 0.458333 0.053125 0.216667 0.571430 640.000000 480.000000
0 468 0.404687 0.457292 0.050000 0.214583 0.515150 640.000000 480.000000
0 469 0.404687 0.455208 0.046875 0.214583 0.000000 640.000000 480.000000
0 470 0.410156 0.455208 0.048438 0.218750 0.000000 640.000000 480.000000
0 471 0.414062 0.453125 0.050000 0.222917 0.000000 640.000000 480.000000
0 472 0.418750 0.452083 0.050000 0.225000 0.000000 640.000000 480.000000
