0 378 0.831250 0.520833 0.078125 0.354167 0.000000 640.000000 480.000000
0 379 0.849219 0.509375 0.098437 0.343750 0.171880 640.000000 480.000000
0 380 0.850781 0.514583 0.117188 0.350000 0.513160 640.000000 480.000000
0 381 0.849219 0.515625 0.129688 0.347917 0.821430 640.000000 480.000000
0 382 0.853906 0.519792 0.126562 0.364583 1.000000 640.000000 480.000000
0 383 0.858594 0.527083 0.135937 0.379167 1.000000 640.000000 480.000000
0 384 0.860938 0.513542 0.134375 0.389583 1.000000 640.000000 480.000000
0 385 0.863281 0.511458 0.110937 0.397917 1.000000 640.000000 480.000000
0 386 0.866406 0.522917 0.107813 0.429167 1.000000 640.000000 480.000000
0 387 0.872656 0.530208 0.114062 0.456250 1.000000 640.000000 480.000000
0 388 0.876563 0.526042 0.118750 0.481250 1.000000 640.000000 480.000000
0 389 0.878125 0.540625 0.125000 0.510417 1.000000 640.000000 480.000000
0 390 0.871875 0.529167 0.128125 0.533333 1.000000 640.000000 480.000000
0 391 0.868750 0.517708 0.175000 0.572917 1.000000 640.000000 480.000000
0 392 0.871875 0.513542 0.196875 0.585417 1.000000 640.000000 480.000000
0 393 0.883594 0.537500 0.242188 0.650000 0.980770 640.000000 480.000000
0 394 0.892969 0.544792 0.257812 0.677083 0.915660 640.000000 480.000000
0 395 0.900781 0.543750 0.273438 0.720833 0.863640 640.000000 480.000000
0 396 0.904687 0.561458 0.281250 0.768750 0.839780 640.000000 480.000000
0 397 0.917969 0.563542 0.292187 0.814583 0.781910 640.000000 480.000000
0 398 0.937500 0.556250 0.275000 0.875000 0.728810 640.000000 480.000000
0 399 0.960938 0.543750 0.275000 0.925000 0.639730 640.000000 480.000000
0 400 1.010156 0.527083 0.276562 0.970833 0.460300 640.000000 480.000000
0 401 1.019531 0.556250 0.273438 1.016667 0.404440 640.000000 480.000000
