0 1 0.244531 0.504167 0.132812 0.366667 1.000000 640.000000 480.000000
0 2 0.250000 0.504167 0.134375 0.375000 1.000000 640.000000 480.000000
0 3 0.256250 0.506250 0.134375 0.383333 1.000000 640.000000 480.000000
0 4 0.264844 0.506250 0.135937 0.387500 1.000000 640.000000 480.000000
0 5 0.274219 0.507292 0.139063 0.393750 1.000000 640.000000 480.000000
0 6 0.283594 0.508333 0.142187 0.400000 1.000000 640.000000 480.000000
0 7 0.292969 0.509375 0.145313 0.406250 1.000000 640.000000 480.000000
0 8 0.302344 0.510417 0.148438 0.412500 1.000000 640.000000 480.000000
0 9 0.311719 0.511458 0.151562 0.418750 1.000000 640.000000 480.000000
0 10 0.321094 0.512500 0.154688 0.425000 1.000000 640.000000 480.000000
0 11 0.334375 0.512500 0.156250 0.433333 1.000000 640.000000 480.000000
0 12 0.347656 0.513542 0.157812 0.439583 1.000000 640.000000 480.000000
0 13 0.361719 0.515625 0.157812 0.447917 1.000000 640.000000 480.000000
0 14 0.375000 0.516667 0.159375 0.454167 1.000000 640.000000 480.000000
0 15 0.388281 0.517708 0.160938 0.460417 1.000000 640.000000 480.000000
0 16 0.403125 0.519792 0.162500 0.468750 1.000000 640.000000 480.000000
0 17 0.407813 0.516667 0.162500 0.475000 1.000000 640.000000 480.000000
0 18 0.413281 0.514583 0.164062 0.479167 1.000000 640.000000 480.000000
0 19 0.418750 0.513542 0.165625 0.485417 1.000000 640.000000 480.000000
0 20 0.419531 0.510417 0.185938 0.500000 1.000000 640.000000 480.000000
0 21 0.421094 0.513542 0.182812 0.514583 1.000000 640.000000 480.000000
0 22 0.423438 0.517708 0.181250 0.531250 1.000000 640.000000 480.000000
0 23 0.433594 0.532292 0.173437 0.552083 1.000000 640.000000 480.000000
0 24 0.436719 0.532292 0.176563 0.568750 1.000000 640.000000 480.000000
0 25 0.441406 0.534375 0.179688 0.585417 1.000000 640.000000 480.000000
0 26 0.445312 0.536458 0.181250 0.602083 1.000000 640.000000 480.000000
0 27 0.450000 0.537500 0.184375 0.620833 1.000000 640.000000 480.000000
0 28 0.453906 0.539583 0.185938 0.637500 1.000000 640.000000 480.000000
0 29 0.458594 0.541667 0.189062 0.654167 1.000000 640.000000 480.000000
0 30 0.469531 0.543750 0.198437 0.675000 1.000000 640.000000 480.000000
0 31 0.480469 0.545833 0.207813 0.695833 1.000000 640.000000 480.000000
0 32 0.492188 0.547917 0.218750 0.716667 1.000000 640.000000 480.000000
0 33 0.503125 0.551042 0.228125 0.739583 1.000000 640.000000 480.000000
0 34 0.514062 0.553125 0.237500 0.760417 1.000000 640.000000 480.000000
0 35 0.525781 0.556250 0.248438 0.779167 1.000000 640.000000 480.000000
0 36 0.536719 0.558333 0.257812 0.800000 1.000000 640.000000 480.000000
0 37 0.547656 0.561458 0.267188 0.822917 1.000000 640.000000 480.000000
0 38 0.559375 0.563542 0.278125 0.843750 1.000000 640.000000 480.000000
0 39 0.570312 0.565625 0.287500 0.864583 1.000000 640.000000 480.000000
0 40 0.581250 0.567708 0.296875 0.885417 0.988260 640.000000 480.000000
0 41 0.593750 0.571875 0.306250 0.906250 0.972480 640.000000 480.000000
0 42 0.597656 0.569792 0.314063 0.918750 0.968330 640.000000 480.000000
0 43 0.602344 0.569792 0.320312 0.931250 0.962050 640.000000 480.000000
0 44 0.606250 0.569792 0.328125 0.943750 0.955950 640.000000 480.000000
0 45 0.611719 0.569792 0.335938 0.956250 0.950000 640.000000 480.000000
0 46 0.615625 0.569792 0.343750 0.968750 0.944210 640.000000 480.000000
0 47 0.620313 0.569792 0.350000 0.981250 0.938560 640.000000 480.000000
0 48 0.625000 0.568750 0.356250 0.995833 0.933190 640.000000 480.000000
0 49 0.629687 0.568750 0.365625 1.008333 0.927840 640.000000 480.000000
0 50 0.634375 0.568750 0.371875 1.020833 0.922610 640.000000 480.000000
0 51 0.638281 0.568750 0.379688 1.033333 0.917510 640.000000 480.000000
0 52 0.642969 0.568750 0.385937 1.045833 0.912520 640.000000 480.000000
0 53 0.648438 0.568750 0.393750 1.058333 0.907660 640.000000 480.000000
0 54 0.654687 0.568750 0.400000 1.070833 0.902910 640.000000 480.000000
0 55 0.661719 0.568750 0.404687 1.083333 0.898270 640.000000 480.000000
0 56 0.668750 0.568750 0.409375 1.095833 0.893740 640.000000 480.000000
0 57 0.675781 0.569792 0.414062 1.110417 0.887640 640.000000 480.000000
0 58 0.682813 0.569792 0.418750 1.122917 0.883330 640.000000 480.000000
0 59 0.689063 0.569792 0.425000 1.135417 0.879120 640.000000 480.000000
0 60 0.696094 0.570833 0.429688 1.150000 0.867990 640.000000 480.000000
0 61 0.703125 0.570833 0.434375 1.162500 0.858680 640.000000 480.000000
0 62 0.710156 0.570833 0.439063 1.175000 0.849560 640.000000 480.000000
0 63 0.717969 0.571875 0.445312 1.189583 0.839160 640.000000 480.000000
0 64 0.717187 0.571875 0.450000 1.202083 0.830450 640.000000 480.000000
0 65 0.717187 0.571875 0.456250 1.214583 0.821920 640.000000 480.000000
0 66 0.715625 0.571875 0.456250 1.214583 0.821920 640.000000 480.000000
0 67 0.714844 0.571875 0.454688 1.214583 0.821920 640.000000 480.000000
0 68 0.714063 0.572917 0.453125 1.216667 0.820510 640.000000 480.000000
0 69 0.713281 0.572917 0.451562 1.216667 0.820510 640.000000 480.000000
0 70 0.713281 0.573958 0.451562 1.218750 0.819110 640.000000 480.000000
0 71 0.712500 0.573958 0.450000 1.218750 0.819110 640.000000 480.000000
0 72 0.711719 0.573958 0.448437 1.218750 0.819110 640.000000 480.000000
0 73 0.710938 0.575000 0.446875 1.220833 0.817720 640.000000 480.000000
0 74 0.710938 0.575000 0.446875 1.220833 0.817720 640.000000 480.000000
0 75 0.710156 0.576042 0.445312 1.222917 0.816330 640.000000 480.000000
0 76 0.709375 0.576042 0.443750 1.222917 0.816330 640.000000 480.000000
0 77 0.708594 0.576042 0.442188 1.222917 0.816330 640.000000 480.000000
0 78 0.708594 0.578125 0.442188 1.222917 0.816330 640.000000 480.000000
0 79 0.707812 0.578125 0.440625 1.222917 0.816330 640.000000 480.000000
0 80 0.707031 0.579167 0.439063 1.225000 0.814940 640.000000 480.000000
0 81 0.706250 0.579167 0.437500 1.225000 0.814940 640.000000 480.000000
0 82 0.706250 0.579167 0.437500 1.225000 0.814940 640.000000 480.000000
0 83 0.705469 0.580208 0.435937 1.227083 0.813560 640.000000 480.000000
0 84 0.704688 0.580208 0.434375 1.227083 0.813560 640.000000 480.000000
0 85 0.703906 0.581250 0.432812 1.229167 0.812180 640.000000 480.000000
0 86 0.703906 0.581250 0.432812 1.229167 0.812180 640.000000 480.000000
0 87 0.703125 0.581250 0.431250 1.229167 0.812180 640.000000 480.000000
0 88 0.702344 0.582292 0.429688 1.231250 0.810810 640.000000 480.000000
0 89 0.701562 0.582292 0.428125 1.231250 0.810810 640.000000 480.000000
0 90 0.701562 0.584375 0.428125 1.231250 0.810810 640.000000 480.000000
0 91 0.700781 0.584375 0.426563 1.231250 0.810810 640.000000 480.000000
0 92 0.700000 0.584375 0.425000 1.231250 0.810810 640.000000 480.000000
0 93 0.699219 0.585417 0.423438 1.233333 0.809440 640.000000 480.000000
0 94 0.699219 0.585417 0.423438 1.233333 0.809440 640.000000 480.000000
0 95 0.698438 0.586458 0.421875 1.235417 0.808080 640.000000 480.000000
0 96 0.697656 0.586458 0.420312 1.235417 0.808080 640.000000 480.000000
0 97 0.696875 0.586458 0.418750 1.235417 0.808080 640.000000 480.000000
0 98 0.696875 0.587500 0.418750 1.237500 0.806720 640.000000 480.000000
0 99 0.696094 0.587500 0.417187 1.237500 0.806720 640.000000 480.000000
0 100 0.695312 0.588542 0.415625 1.239583 0.805370 640.000000 480.000000
0 101 0.694531 0.588542 0.414062 1.239583 0.805370 640.000000 480.000000
0 102 0.694531 0.590625 0.414062 1.239583 0.805370 640.000000 480.000000
0 103 0.695312 0.588542 0.418750 1.239583 0.805370 640.000000 480.000000
0 104 0.696875 0.587500 0.421875 1.241667 0.804020 640.000000 480.000000
0 105 0.697656 0.586458 0.426563 1.239583 0.805370 640.000000 480.000000
0 106 0.699219 0.585417 0.429688 1.241667 0.804020 640.000000 480.000000
0 107 0.700781 0.583333 0.432812 1.241667 0.804020 640.000000 480.000000
0 108 0.701562 0.583333 0.437500 1.241667 0.804020 640.000000 480.000000
0 109 0.703125 0.581250 0.440625 1.241667 0.804020 640.000000 480.000000
0 110 0.704688 0.580208 0.443750 1.243750 0.802680 640.000000 480.000000
0 111 0.705469 0.579167 0.448437 1.241667 0.804020 640.000000 480.000000
0 112 0.707031 0.578125 0.451562 1.243750 0.802680 640.000000 480.000000
0 113 0.709375 0.578125 0.456250 1.243750 0.802680 640.000000 480.000000
0 114 0.707031 0.576042 0.454688 1.243750 0.802680 640.000000 480.000000
0 115 0.706250 0.575000 0.453125 1.245833 0.801340 640.000000 480.000000
0 116 0.705469 0.575000 0.451562 1.245833 0.801340 640.000000 480.000000
0 117 0.704688 0.573958 0.450000 1.247917 0.800000 640.000000 480.000000
0 118 0.703125 0.573958 0.450000 1.247917 0.800000 640.000000 480.000000
0 119 0.702344 0.572917 0.448437 1.250000 0.798670 640.000000 480.000000
0 120 0.701562 0.571875 0.446875 1.247917 0.800000 640.000000 480.000000
0 121 0.700781 0.570833 0.445312 1.250000 0.798670 640.000000 480.000000
0 122 0.699219 0.570833 0.445312 1.250000 0.798670 640.000000 480.000000
0 123 0.698438 0.569792 0.443750 1.252083 0.797340 640.000000 480.000000
0 124 0.697656 0.568750 0.442188 1.254167 0.796020 640.000000 480.000000
0 125 0.696875 0.568750 0.440625 1.254167 0.796020 640.000000 480.000000
0 126 0.695312 0.567708 0.440625 1.256250 0.794700 640.000000 480.000000
0 127 0.694531 0.566667 0.439063 1.254167 0.796020 640.000000 480.000000
0 128 0.693750 0.565625 0.437500 1.256250 0.794700 640.000000 480.000000
0 129 0.692969 0.565625 0.435937 1.256250 0.794700 640.000000 480.000000
0 130 0.691406 0.564583 0.435937 1.258333 0.793390 640.000000 480.000000
0 131 0.690625 0.564583 0.434375 1.258333 0.793390 640.000000 480.000000
0 132 0.689844 0.563542 0.432812 1.260417 0.792080 640.000000 480.000000
0 133 0.689063 0.563542 0.431250 1.260417 0.792080 640.000000 480.000000
0 134 0.689063 0.561458 0.434375 1.260417 0.792080 640.000000 480.000000
0 135 0.689844 0.560417 0.435937 1.262500 0.790770 640.000000 480.000000
0 136 0.691406 0.560417 0.439063 1.262500 0.790770 640.000000 480.000000
0 137 0.692187 0.559375 0.440625 1.264583 0.789470 640.000000 480.000000
0 138 0.692187 0.559375 0.443750 1.264583 0.789470 640.000000 480.000000
0 139 0.693750 0.558333 0.446875 1.266667 0.788180 640.000000 480.000000
0 140 0.694531 0.558333 0.448437 1.266667 0.788180 640.000000 480.000000
0 141 0.695312 0.557292 0.450000 1.268750 0.786890 640.000000 480.000000
0 142 0.696094 0.557292 0.454688 1.268750 0.786890 640.000000 480.000000
0 143 0.696875 0.556250 0.456250 1.270833 0.785600 640.000000 480.000000
0 144 0.697656 0.555208 0.457813 1.272917 0.784310 640.000000 480.000000
0 145 0.699219 0.555208 0.460938 1.272917 0.784310 640.000000 480.000000
0 146 0.699219 0.554167 0.464062 1.275000 0.783030 640.000000 480.000000
0 147 0.700000 0.554167 0.465625 1.275000 0.783030 640.000000 480.000000
0 148 0.701562 0.553125 0.468750 1.277083 0.781760 640.000000 480.000000
0 149 0.702344 0.553125 0.470313 1.277083 0.781760 640.000000 480.000000
0 150 0.702344 0.552083 0.473438 1.279167 0.780490 640.000000 480.000000
0 151 0.703906 0.552083 0.476562 1.279167 0.780490 640.000000 480.000000
0 152 0.704688 0.551042 0.478125 1.281250 0.779220 640.000000 480.000000
0 153 0.706250 0.551042 0.481250 1.281250 0.779220 640.000000 480.000000
0 154 0.696875 0.548958 0.465625 1.281250 0.779220 640.000000 480.000000
0 155 0.689063 0.546875 0.450000 1.281250 0.779220 640.000000 480.000000
0 156 0.680469 0.546875 0.432812 1.281250 0.779220 640.000000 480.000000
0 157 0.671875 0.544792 0.418750 1.281250 0.779220 640.000000 480.000000
0 158 0.663281 0.544792 0.401562 1.281250 0.779220 640.000000 480.000000
0 159 0.655469 0.542708 0.385937 1.281250 0.779220 640.000000 480.000000
0 160 0.646094 0.540625 0.370312 1.281250 0.779220 640.000000 480.000000
0 161 0.638281 0.540625 0.354687 1.281250 0.779220 640.000000 480.000000
0 162 0.629687 0.538542 0.337500 1.281250 0.779220 640.000000 480.000000
0 163 0.621875 0.538542 0.321875 1.281250 0.779220 640.000000 480.000000
0 164 0.621875 0.537500 0.325000 1.283333 0.777960 640.000000 480.000000
0 165 0.622656 0.536458 0.326562 1.285417 0.776700 640.000000 480.000000
0 166 0.623437 0.536458 0.328125 1.285417 0.776700 640.000000 480.000000
0 167 0.624219 0.535417 0.329688 1.287500 0.775440 640.000000 480.000000
0 168 0.624219 0.535417 0.332813 1.287500 0.775440 640.000000 480.000000
0 169 0.625000 0.534375 0.334375 1.289583 0.774190 640.000000 480.000000
0 170 0.625781 0.534375 0.335938 1.289583 0.774190 640.000000 480.000000
0 171 0.626563 0.533333 0.337500 1.291667 0.772950 640.000000 480.000000
0 172 0.626563 0.533333 0.340625 1.291667 0.772950 640.000000 480.000000
0 173 0.627344 0.532292 0.342187 1.293750 0.771700 640.000000 480.000000
0 174 0.628125 0.532292 0.343750 1.293750 0.771700 640.000000 480.000000
0 175 0.628906 0.531250 0.345313 1.295833 0.770470 640.000000 480.000000
0 176 0.630469 0.531250 0.348438 1.295833 0.770470 640.000000 480.000000
0 177 0.630469 0.529167 0.345313 1.287500 0.775440 640.000000 480.000000
0 178 0.631250 0.529167 0.343750 1.279167 0.780490 640.000000 480.000000
0 179 0.632031 0.528125 0.342187 1.272917 0.784310 640.000000 480.000000
0 180 0.632812 0.528125 0.340625 1.264583 0.789470 640.000000 480.000000
0 181 0.633594 0.527083 0.339062 1.258333 0.793390 640.000000 480.000000
0 182 0.634375 0.527083 0.334375 1.250000 0.798670 640.000000 480.000000
0 183 0.635156 0.526042 0.332813 1.243750 0.802680 640.000000 480.000000
0 184 0.635938 0.526042 0.331250 1.235417 0.808080 640.000000 480.000000
0 185 0.636719 0.525000 0.329688 1.229167 0.812180 640.000000 480.000000
0 186 0.637500 0.525000 0.328125 1.220833 0.817720 640.000000 480.000000
0 187 0.638281 0.523958 0.323437 1.214583 0.821920 640.000000 480.000000
0 188 0.639062 0.523958 0.321875 1.206250 0.827590 640.000000 480.000000
0 189 0.639844 0.522917 0.320312 1.200000 0.831890 640.000000 480.000000
0 190 0.640625 0.522917 0.318750 1.191667 0.837700 640.000000 480.000000
0 191 0.641406 0.521875 0.317188 1.185417 0.842110 640.000000 480.000000
0 192 0.642969 0.521875 0.314063 1.177083 0.848060 640.000000 480.000000
0 193 0.641406 0.521875 0.317188 1.185417 0.842110 640.000000 480.000000
0 194 0.640625 0.522917 0.318750 1.191667 0.837700 640.000000 480.000000
0 195 0.639844 0.522917 0.320312 1.200000 0.831890 640.000000 480.000000
0 196 0.639844 0.523958 0.323437 1.206250 0.827590 640.000000 480.000000
0 197 0.639062 0.525000 0.325000 1.212500 0.823330 640.000000 480.000000
0 198 0.638281 0.525000 0.326562 1.220833 0.817720 640.000000 480.000000
0 199 0.636719 0.526042 0.329688 1.227083 0.813560 640.000000 480.000000
0 200 0.636719 0.527083 0.332813 1.233333 0.809440 640.000000 480.000000
0 201 0.635938 0.527083 0.334375 1.241667 0.804020 640.000000 480.000000
0 202 0.635156 0.528125 0.335938 1.247917 0.800000 640.000000 480.000000
0 203 0.634375 0.529167 0.337500 1.254167 0.796020 640.000000 480.000000
0 204 0.634375 0.529167 0.340625 1.262500 0.790770 640.000000 480.000000
0 205 0.633594 0.530208 0.342187 1.268750 0.786890 640.000000 480.000000
0 206 0.632031 0.531250 0.345313 1.275000 0.783030 640.000000 480.000000
0 207 0.631250 0.531250 0.346875 1.283333 0.777960 640.000000 480.000000
0 208 0.631250 0.532292 0.350000 1.289583 0.774190 640.000000 480.000000
0 209 0.630469 0.533333 0.351562 1.295833 0.770470 640.000000 480.000000
0 210 0.629687 0.533333 0.353125 1.304167 0.765550 640.000000 480.000000
0 211 0.628906 0.534375 0.354687 1.310417 0.761900 640.000000 480.000000
0 212 0.628906 0.536458 0.357812 1.318750 0.757100 640.000000 480.000000
0 213 0.626563 0.545833 0.353125 1.304167 0.765550 640.000000 480.000000
0 214 0.625781 0.556250 0.348438 1.287500 0.775440 640.000000 480.000000
0 215 0.625000 0.566667 0.343750 1.270833 0.785600 640.000000 480.000000
0 216 0.623437 0.577083 0.340625 1.254167 0.796020 640.000000 480.000000
0 217 0.622656 0.587500 0.335938 1.237500 0.806720 640.000000 480.000000
0 218 0.621875 0.596875 0.331250 1.222917 0.816330 640.000000 480.000000
0 219 0.620313 0.607292 0.328125 1.206250 0.825860 640.000000 480.000000
0 220 0.619531 0.617708 0.323437 1.189583 0.821680 640.000000 480.000000
0 221 0.618750 0.628125 0.318750 1.172917 0.817380 640.000000 480.000000
0 222 0.617969 0.639583 0.314063 1.158333 0.811490 640.000000 480.000000
0 223 0.616406 0.633333 0.304688 1.133333 0.823850 640.000000 480.000000
0 224 0.616406 0.627083 0.295312 1.108333 0.836770 640.000000 480.000000
0 225 0.616406 0.621875 0.285938 1.081250 0.850000 640.000000 480.000000
0 226 0.614844 0.615625 0.276562 1.056250 0.864170 640.000000 480.000000
0 227 0.614844 0.610417 0.267188 1.029167 0.878790 640.000000 480.000000
0 228 0.614844 0.604167 0.257812 1.004167 0.894410 640.000000 480.000000
0 229 0.613281 0.597917 0.248438 0.979167 0.910830 640.000000 480.000000
0 230 0.613281 0.592708 0.239063 0.952083 0.927950 640.000000 480.000000
0 231 0.613281 0.586458 0.229687 0.927083 0.946190 640.000000 480.000000
0 232 0.613281 0.581250 0.220312 0.900000 0.965360 640.000000 480.000000
0 233 0.628125 0.579167 0.221875 0.891667 0.972030 640.000000 480.000000
0 234 0.643750 0.578125 0.221875 0.881250 0.978770 640.000000 480.000000
0 235 0.659375 0.577083 0.221875 0.870833 0.985680 640.000000 480.000000
0 236 0.675781 0.575000 0.223438 0.862500 0.992770 640.000000 480.000000
0 237 0.691406 0.573958 0.223438 0.852083 1.000000 640.000000 480.000000
0 238 0.706250 0.572917 0.225000 0.841667 1.000000 640.000000 480.000000
0 239 0.722656 0.570833 0.226562 0.833333 1.000000 640.000000 480.000000
0 240 0.738281 0.569792 0.226562 0.822917 1.000000 640.000000 480.000000
0 241 0.753906 0.568750 0.226562 0.812500 1.000000 640.000000 480.000000
0 242 0.770312 0.567708 0.228125 0.802083 1.000000 640.000000 480.000000
0 243 0.775000 0.563542 0.225000 0.793750 0.993100 640.000000 480.000000
0 244 0.780469 0.561458 0.220312 0.785417 0.845070 640.000000 480.000000
0 245 0.785937 0.557292 0.215625 0.777083 0.690650 640.000000 480.000000
0 246 0.791406 0.555208 0.210938 0.768750 0.536760 640.000000 480.000000
0 247 0.796875 0.553125 0.206250 0.760417 0.466170 640.000000 480.000000
0 248 0.814844 0.554167 0.204687 0.762500 0.333330 640.000000 480.000000
0 249 0.833594 0.555208 0.204687 0.764583 0.196970 640.000000 480.000000
0 250 0.851562 0.557292 0.203125 0.764583 0.160310 640.000000 480.000000
0 251 0.870313 0.558333 0.203125 0.766667 0.122140 640.000000 480.000000
0 252 0.888281 0.559375 0.201563 0.768750 0.084615 640.000000 480.000000
0 253 0.907031 0.562500 0.201563 0.770833 0.007692 640.000000 480.000000
0 254 0.911719 0.565625 0.201563 0.772917 0.007692 640.000000 480.000000
0 255 0.917188 0.570833 0.200000 0.775000 0.000000 640.000000 480.000000
0 256 0.921875 0.575000 0.200000 0.779167 0.000000 640.000000 480.000000
0 257 0.927344 0.580208 0.198437 0.781250 0.000000 640.000000 480.000000
0 258 0.932031 0.584375 0.198437 0.781250 0.000000 640.000000 480.000000
0 259 0.937500 0.588542 0.196875 0.785417 0.000000 640.000000 480.000000
0 260 0.942187 0.593750 0.196875 0.787500 0.000000 640.000000 480.000000
0 261 0.948438 0.598958 0.196875 0.789583 0.000000 640.000000 480.000000
0 262 0.950000 0.591667 0.196875 0.783333 0.000000 640.000000 480.000000
0 263 0.953125 0.585417 0.196875 0.775000 0.000000 640.000000 480.000000
0 264 0.955469 0.580208 0.195312 0.768750 0.000000 640.000000 480.000000
0 265 0.958594 0.573958 0.195312 0.760417 0.000000 640.000000 480.000000
0 266 0.961719 0.566667 0.195312 0.754167 0.000000 640.000000 480.000000
0 267 0.964063 0.561458 0.193750 0.747917 0.000000 640.000000 480.000000
0 268 0.967187 0.555208 0.193750 0.739583 0.000000 640.000000 480.000000
0 269 0.970313 0.550000 0.193750 0.733333 0.000000 640.000000 480.000000
0 270 0.975000 0.497917 0.193750 0.725000 0.000000 640.000000 480.000000
0 271 0.979688 0.446875 0.193750 0.718750 0.000000 640.000000 480.000000
0 272 0.984375 0.395833 0.193750 0.712500 0.000000 640.000000 480.000000
0 273 0.989844 0.345833 0.192188 0.704167 0.000000 640.000000 480.000000
0 274 0.988281 0.363542 0.192188 0.697917 0.000000 640.000000 480.000000
0 275 0.986719 0.382292 0.192188 0.689583 0.064516 640.000000 480.000000
0 276 0.985156 0.400000 0.192188 0.683333 0.129030 640.000000 480.000000
0 277 0.983594 0.418750 0.192188 0.675000 0.193550 640.000000 480.000000
0 278 0.982031 0.436458 0.192188 0.668750 0.258060 640.000000 480.000000
0 279 0.981250 0.456250 0.190625 0.662500 0.325200 640.000000 480.000000
0 280 0.946875 0.452083 0.190625 0.654167 0.390240 640.000000 480.000000
0 281 0.894531 0.439583 0.189062 0.650000 0.401640 640.000000 480.000000
0 282 0.882031 0.486458 0.189062 0.643750 0.393440 640.000000 480.000000
0 283 0.869531 0.535417 0.189062 0.637500 0.196720 640.000000 480.000000
0 284 0.900781 0.558333 0.189062 0.637500 0.229510 640.000000 480.000000
