0 1 0.489063 0.477083 0.018750 0.066667 1.000000 640.000000 480.000000
0 2 0.496875 0.477083 0.018750 0.066667 1.000000 640.000000 480.000000
0 3 0.504687 0.477083 0.018750 0.066667 1.000000 640.000000 480.000000
0 4 0.512500 0.477083 0.018750 0.066667 1.000000 640.000000 480.000000
0 5 0.523438 0.477083 0.018750 0.066667 0.853150 640.000000 480.000000
0 6 0.534375 0.477083 0.018750 0.066667 0.167830 640.000000 480.000000
0 7 0.545312 0.479167 0.018750 0.066667 0.000000 640.000000 480.000000
0 8 0.556250 0.479167 0.018750 0.066667 0.251750 640.000000 480.000000
0 9 0.567187 0.481250 0.018750 0.066667 1.000000 640.000000 480.000000
0 10 0.579688 0.481250 0.018750 0.066667 1.000000 640.000000 480.000000
0 11 0.593750 0.483333 0.018750 0.066667 1.000000 640.000000 480.000000
0 12 0.607812 0.483333 0.018750 0.066667 1.000000 640.000000 480.000000
0 13 0.621875 0.483333 0.018750 0.066667 1.000000 640.000000 480.000000
0 14 0.637500 0.485417 0.018750 0.066667 0.384620 640.000000 480.000000
0 15 0.654687 0.486458 0.018750 0.068750 0.000000 640.000000 480.000000
0 16 0.659375 0.481250 0.018750 0.070833 0.000000 640.000000 480.000000
0 17 0.664062 0.477083 0.018750 0.070833 0.000000 640.000000 480.000000
0 18 0.669531 0.471875 0.020313 0.072917 0.000000 640.000000 480.000000
0 19 0.674219 0.467708 0.020313 0.072917 0.000000 640.000000 480.000000
0 20 0.680469 0.463542 0.020313 0.072917 0.000000 640.000000 480.000000
0 21 0.685156 0.463542 0.020313 0.072917 0.000000 640.000000 480.000000
0 22 0.689844 0.463542 0.020313 0.072917 0.000000 640.000000 480.000000
0 23 0.695312 0.464583 0.021875 0.075000 0.000000 640.000000 480.000000
0 24 0.700000 0.464583 0.021875 0.075000 0.000000 640.000000 480.000000
0 25 0.704688 0.465625 0.021875 0.077083 0.000000 640.000000 480.000000
0 26 0.710938 0.466667 0.021875 0.075000 0.000000 640.000000 480.000000
0 27 0.715625 0.466667 0.021875 0.075000 0.000000 640.000000 480.000000
0 28 0.720313 0.467708 0.021875 0.077083 0.000000 640.000000 480.000000
0 29 0.725781 0.467708 0.023438 0.077083 0.000000 640.000000 480.000000
0 30 0.730469 0.468750 0.023438 0.079167 0.562500 640.000000 480.000000
0 31 0.735156 0.468750 0.023438 0.079167 1.000000 640.000000 480.000000
0 32 0.741406 0.470833 0.023438 0.079167 1.000000 640.000000 480.000000
0 33 0.756250 0.468750 0.025000 0.079167 1.000000 640.000000 480.000000
0 34 0.771875 0.467708 0.025000 0.081250 1.000000 640.000000 480.000000
0 35 0.786719 0.466667 0.026562 0.083333 1.000000 640.000000 480.000000
0 36 0.802344 0.466667 0.026562 0.083333 1.000000 640.000000 480.000000
0 37 0.810156 0.471875 0.026562 0.085417 1.000000 640.000000 480.000000
0 38 0.818750 0.471875 0.028125 0.085417 1.000000 640.000000 480.000000
0 39 0.828125 0.471875 0.028125 0.085417 0.000000 640.000000 480.000000
0 40 0.831250 0.471875 0.028125 0.085417 0.000000 640.000000 480.000000
0 41 0.834375 0.472917 0.028125 0.087500 0.000000 640.000000 480.000000
0 42 0.830469 0.472917 0.029687 0.087500 0.000000 640.000000 480.000000
0 43 0.827344 0.466667 0.029687 0.087500 0.000000 640.000000 480.000000
0 44 0.828125 0.466667 0.031250 0.087500 0.000000 640.000000 480.000000
0 45 0.829688 0.466667 0.031250 0.087500 0.000000 640.000000 480.000000
0 46 0.831250 0.467708 0.031250 0.089583 0.000000 640.000000 480.000000
0 47 0.834375 0.468750 0.031250 0.091667 0.000000 640.000000 480.000000
0 48 0.838281 0.469792 0.032813 0.093750 0.000000 640.000000 480.000000
0 49 0.842969 0.471875 0.032813 0.093750 0.000000 640.000000 480.000000
0 50 0.850000 0.472917 0.034375 0.095833 1.000000 640.000000 480.000000
0 51 0.853125 0.470833 0.034375 0.095833 0.000000 640.000000 480.000000
0 52 0.857812 0.469792 0.034375 0.097917 0.000000 640.000000 480.000000
0 53 0.860938 0.469792 0.034375 0.097917 0.000000 640.000000 480.000000
0 54 0.865625 0.467708 0.034375 0.097917 0.000000 640.000000 480.000000
0 55 0.868750 0.466667 0.034375 0.100000 0.000000 640.000000 480.000000
0 56 0.873437 0.466667 0.034375 0.100000 0.000000 640.000000 480.000000
0 57 0.877344 0.464583 0.035937 0.100000 0.000000 640.000000 480.000000
0 58 0.881250 0.463542 0.034375 0.102083 0.000000 640.000000 480.000000
0 59 0.885156 0.463542 0.035937 0.102083 0.000000 640.000000 480.000000
0 60 0.889062 0.461458 0.034375 0.102083 0.000000 640.000000 480.000000
0 61 0.892969 0.460417 0.035937 0.104167 0.000000 640.000000 480.000000
0 62 0.897656 0.460417 0.035937 0.104167 0.000000 640.000000 480.000000
0 63 0.898438 0.461458 0.037500 0.106250 0.000000 640.000000 480.000000
0 64 0.901563 0.460417 0.037500 0.108333 0.000000 640.000000 480.000000
0 65 0.905469 0.460417 0.039062 0.108333 0.000000 640.000000 480.000000
0 66 0.908594 0.460417 0.039062 0.108333 0.000000 640.000000 480.000000
0 67 0.913281 0.461458 0.039062 0.110417 0.000000 640.000000 480.000000
0 68 0.916406 0.460417 0.039062 0.112500 0.000000 640.000000 480.000000
0 69 0.920312 0.460417 0.040625 0.112500 0.037037 640.000000 480.000000
0 70 0.924219 0.461458 0.039062 0.114583 0.076923 640.000000 480.000000
0 71 0.928125 0.461458 0.040625 0.114583 0.148150 640.000000 480.000000
0 72 0.931250 0.461458 0.040625 0.114583 0.370370 640.000000 480.000000
0 73 0.935937 0.461458 0.040625 0.118750 0.518520 640.000000 480.000000
0 74 0.939063 0.461458 0.040625 0.118750 0.000000 640.000000 480.000000
0 75 0.942969 0.461458 0.042188 0.118750 0.000000 640.000000 480.000000
0 76 0.946094 0.461458 0.042188 0.118750 0.000000 640.000000 480.000000
0 77 0.950781 0.461458 0.042188 0.122917 0.000000 640.000000 480.000000
0 78 0.953906 0.461458 0.042188 0.122917 0.000000 640.000000 480.000000
0 79 0.957812 0.461458 0.043750 0.122917 0.000000 640.000000 480.000000
0 80 0.961719 0.462500 0.042188 0.125000 0.000000 640.000000 480.000000
0 81 0.965625 0.462500 0.043750 0.125000 0.000000 640.000000 480.000000
0 82 0.968750 0.461458 0.043750 0.127083 0.000000 640.000000 480.000000
0 83 0.973437 0.462500 0.043750 0.129167 0.000000 640.000000 480.000000
0 84 0.976562 0.462500 0.043750 0.129167 0.000000 640.000000 480.000000
0 85 0.980469 0.462500 0.045312 0.129167 0.933330 640.000000 480.000000
0 86 0.985156 0.463542 0.045312 0.131250 0.833330 640.000000 480.000000
0 87 0.991406 0.461458 0.045312 0.131250 0.700000 640.000000 480.000000
0 88 0.997656 0.461458 0.045312 0.131250 0.566670 640.000000 480.000000
0 89 1.003906 0.459375 0.045312 0.131250 0.433330 640.000000 480.000000
