0 232 0.502131 0.987500 0.020460 0.027273 0.960000 1173.000000 880.000000
0 233 0.501705 0.985795 0.023018 0.030682 0.964290 1173.000000 880.000000
0 234 0.501705 0.984091 0.026428 0.034091 0.967740 1173.000000 880.000000
0 235 0.501705 0.982386 0.029838 0.037500 0.970590 1173.000000 880.000000
0 236 0.502131 0.980682 0.032396 0.040909 0.972970 1173.000000 880.000000
0 237 0.502131 0.978977 0.035806 0.044318 0.975000 1173.000000 880.000000
0 238 0.502131 0.977273 0.039216 0.047727 0.976740 1173.000000 880.000000
0 239 0.502131 0.975568 0.042626 0.051136 0.978260 1173.000000 880.000000
0 240 0.502558 0.973864 0.045183 0.054545 0.979590 1173.000000 880.000000
0 241 0.501705 0.971591 0.045183 0.059091 0.981130 1173.000000 880.000000
0 242 0.500853 0.969886 0.045183 0.062500 0.982140 1173.000000 880.000000
0 243 0.500426 0.968182 0.046036 0.065909 0.983050 1173.000000 880.000000
0 244 0.500000 0.966477 0.045183 0.069318 0.983870 1173.000000 880.000000
0 245 0.499574 0.964773 0.046036 0.072727 0.984620 1173.000000 880.000000
0 246 0.498721 0.963068 0.046036 0.076136 0.985290 1173.000000 880.000000
0 247 0.498721 0.961364 0.046036 0.079545 0.985920 1173.000000 880.000000
0 248 0.497442 0.959091 0.045183 0.084091 0.986670 1173.000000 880.000000
0 249 0.496590 0.957386 0.045183 0.087500 0.987180 1173.000000 880.000000
0 250 0.495737 0.955682 0.045183 0.090909 0.987650 1173.000000 880.000000
0 251 0.494459 0.953409 0.044331 0.095455 0.988240 1173.000000 880.000000
0 252 0.494032 0.951705 0.043478 0.098864 0.988640 1173.000000 880.000000
0 253 0.493180 0.950000 0.043478 0.102273 0.989010 1173.000000 880.000000
0 254 0.491901 0.947727 0.042626 0.106818 0.989470 1173.000000 880.000000
0 255 0.491049 0.946023 0.042626 0.110227 0.989800 1173.000000 880.000000
0 256 0.490622 0.944318 0.041773 0.113636 0.990100 1173.000000 880.000000
0 257 0.489770 0.942614 0.041773 0.117045 0.990380 1173.000000 880.000000
0 258 0.489344 0.940909 0.042626 0.120455 0.990650 1173.000000 880.000000
0 259 0.488917 0.939773 0.041773 0.122727 0.990830 1173.000000 880.000000
0 260 0.488491 0.938068 0.042626 0.126136 0.991070 1173.000000 880.000000
0 261 0.487639 0.936364 0.042626 0.129545 0.991300 1173.000000 880.000000
0 262 0.487639 0.935227 0.042626 0.131818 0.991450 1173.000000 880.000000
0 263 0.486786 0.933523 0.042626 0.135227 0.991670 1173.000000 880.000000
0 264 0.486786 0.932386 0.042626 0.137500 0.991800 1173.000000 880.000000
0 265 0.485081 0.930682 0.042626 0.140909 0.992000 1173.000000 880.000000
0 266 0.483376 0.928977 0.042626 0.144318 0.992190 1173.000000 880.000000
0 267 0.482523 0.927273 0.042626 0.147727 0.992370 1173.000000 880.000000
0 268 0.480818 0.926136 0.042626 0.150000 0.992480 1173.000000 880.000000
0 269 0.479966 0.924432 0.042626 0.153409 0.992650 1173.000000 880.000000
0 270 0.478261 0.922727 0.042626 0.156818 0.992810 1173.000000 880.000000
0 271 0.476556 0.921591 0.042626 0.159091 0.992910 1173.000000 880.000000
0 272 0.475703 0.919886 0.042626 0.162500 0.993060 1173.000000 880.000000
0 273 0.473998 0.918182 0.042626 0.165909 0.993200 1173.000000 880.000000
0 274 0.473146 0.917045 0.042626 0.168182 0.993290 1173.000000 880.000000
0 275 0.471867 0.912500 0.041773 0.165909 1.000000 1173.000000 880.000000
0 276 0.471014 0.907955 0.041773 0.163636 1.000000 1173.000000 880.000000
0 277 0.470162 0.903409 0.041773 0.161364 1.000000 1173.000000 880.000000
0 278 0.468457 0.901136 0.041773 0.163636 1.000000 1173.000000 880.000000
0 279 0.467178 0.899432 0.040921 0.164773 1.000000 1173.000000 880.000000
0 280 0.465899 0.898295 0.041773 0.167045 1.000000 1173.000000 880.000000
0 281 0.464621 0.896023 0.040921 0.169318 1.000000 1173.000000 880.000000
0 282 0.463342 0.894886 0.041773 0.171591 1.000000 1173.000000 880.000000
0 283 0.462063 0.893182 0.040921 0.172727 1.000000 1173.000000 880.000000
0 284 0.461211 0.892045 0.040921 0.175000 1.000000 1173.000000 880.000000
0 285 0.460358 0.887500 0.040921 0.175000 1.000000 1173.000000 880.000000
0 286 0.459506 0.883523 0.040921 0.173864 1.000000 1173.000000 880.000000
0 287 0.458653 0.879545 0.040921 0.172727 1.000000 1173.000000 880.000000
0 288 0.458227 0.875568 0.041773 0.171591 1.000000 1173.000000 880.000000
0 289 0.457374 0.871591 0.041773 0.170455 1.000000 1173.000000 880.000000
0 290 0.456522 0.867614 0.041773 0.169318 1.000000 1173.000000 880.000000
0 291 0.456095 0.864205 0.042626 0.169318 1.000000 1173.000000 880.000000
0 292 0.454817 0.861932 0.041773 0.169318 1.000000 1173.000000 880.000000
0 293 0.453964 0.860795 0.041773 0.169318 1.000000 1173.000000 880.000000
0 294 0.453112 0.859659 0.041773 0.169318 1.000000 1173.000000 880.000000
0 295 0.452259 0.858523 0.041773 0.169318 1.000000 1173.000000 880.000000
0 296 0.451407 0.857386 0.041773 0.169318 1.000000 1173.000000 880.000000
0 297 0.449702 0.852841 0.041773 0.169318 1.000000 1173.000000 880.000000
0 298 0.447997 0.848864 0.041773 0.168182 1.000000 1173.000000 880.000000
0 299 0.446718 0.844886 0.040921 0.167045 1.000000 1173.000000 880.000000
0 300 0.445013 0.840909 0.040921 0.165909 1.000000 1173.000000 880.000000
0 301 0.444160 0.836932 0.040921 0.164773 1.000000 1173.000000 880.000000
0 302 0.442455 0.833523 0.040921 0.164773 1.000000 1173.000000 880.000000
0 303 0.441176 0.831250 0.041773 0.164773 1.000000 1173.000000 880.000000
0 304 0.440324 0.828409 0.041773 0.163636 1.000000 1173.000000 880.000000
0 305 0.438619 0.825568 0.041773 0.164773 1.000000 1173.000000 880.000000
0 306 0.437766 0.823295 0.041773 0.164773 1.000000 1173.000000 880.000000
0 307 0.436488 0.820455 0.042626 0.163636 1.000000 1173.000000 880.000000
0 308 0.434783 0.818182 0.042626 0.163636 1.000000 1173.000000 880.000000
0 309 0.433930 0.815341 0.042626 0.164773 1.000000 1173.000000 880.000000
0 310 0.432651 0.812500 0.043478 0.163636 1.000000 1173.000000 880.000000
0 311 0.431373 0.810227 0.042626 0.163636 1.000000 1173.000000 880.000000
0 312 0.430094 0.807386 0.043478 0.162500 1.000000 1173.000000 880.000000
0 313 0.428815 0.804545 0.044331 0.163636 1.000000 1173.000000 880.000000
0 314 0.427536 0.802273 0.043478 0.163636 1.000000 1173.000000 880.000000
0 315 0.426257 0.799432 0.044331 0.162500 1.000000 1173.000000 880.000000
0 316 0.425405 0.797159 0.044331 0.162500 1.000000 1173.000000 880.000000
0 317 0.423700 0.794318 0.044331 0.163636 1.000000 1173.000000 880.000000
0 318 0.422421 0.791477 0.045183 0.162500 1.000000 1173.000000 880.000000
0 319 0.421569 0.789205 0.045183 0.162500 1.000000 1173.000000 880.000000
0 320 0.419864 0.786364 0.045183 0.161364 1.000000 1173.000000 880.000000
0 321 0.419011 0.783523 0.045183 0.162500 1.000000 1173.000000 880.000000
0 322 0.417732 0.781250 0.046036 0.162500 1.000000 1173.000000 880.000000
0 323 0.416027 0.778409 0.046036 0.161364 1.000000 1173.000000 880.000000
0 324 0.415175 0.776136 0.046036 0.161364 1.000000 1173.000000 880.000000
0 325 0.413896 0.773295 0.046888 0.162500 1.000000 1173.000000 880.000000
0 326 0.412617 0.770455 0.046036 0.161364 1.000000 1173.000000 880.000000
0 327 0.411338 0.768182 0.046888 0.161364 1.000000 1173.000000 880.000000
0 328 0.410486 0.765909 0.046888 0.161364 1.000000 1173.000000 880.000000
0 329 0.409207 0.763068 0.046036 0.160227 1.000000 1173.000000 880.000000
0 330 0.408355 0.760795 0.046036 0.160227 1.000000 1173.000000 880.000000
0 331 0.407502 0.758523 0.046036 0.160227 1.000000 1173.000000 880.000000
0 332 0.406650 0.756250 0.046036 0.160227 1.000000 1173.000000 880.000000
0 333 0.405371 0.753977 0.045183 0.160227 1.000000 1173.000000 880.000000
0 334 0.404518 0.751705 0.045183 0.160227 1.000000 1173.000000 880.000000
0 335 0.403666 0.749432 0.045183 0.160227 1.000000 1173.000000 880.000000
0 336 0.402813 0.747159 0.045183 0.160227 1.000000 1173.000000 880.000000
0 337 0.401961 0.744886 0.045183 0.160227 1.000000 1173.000000 880.000000
0 338 0.400682 0.742614 0.044331 0.160227 1.000000 1173.000000 880.000000
0 339 0.399829 0.740341 0.044331 0.160227 1.000000 1173.000000 880.000000
0 340 0.399403 0.738068 0.043478 0.160227 1.000000 1173.000000 880.000000
0 341 0.398551 0.735795 0.043478 0.160227 1.000000 1173.000000 880.000000
0 342 0.397272 0.733523 0.042626 0.160227 1.000000 1173.000000 880.000000
0 343 0.396419 0.731250 0.042626 0.160227 1.000000 1173.000000 880.000000
0 344 0.395567 0.728977 0.042626 0.160227 1.000000 1173.000000 880.000000
0 345 0.394714 0.726705 0.042626 0.160227 1.000000 1173.000000 880.000000
0 346 0.393862 0.724432 0.042626 0.160227 1.000000 1173.000000 880.000000
0 347 0.392583 0.722159 0.041773 0.160227 1.000000 1173.000000 880.000000
0 348 0.391731 0.719886 0.041773 0.160227 1.000000 1173.000000 880.000000
0 349 0.390878 0.717614 0.041773 0.160227 1.000000 1173.000000 880.000000
0 350 0.390026 0.715341 0.041773 0.160227 1.000000 1173.000000 880.000000
0 351 0.389599 0.713068 0.040921 0.160227 1.000000 1173.000000 880.000000
0 352 0.388747 0.709659 0.040921 0.157955 1.000000 1173.000000 880.000000
0 353 0.388747 0.706250 0.040921 0.155682 1.000000 1173.000000 880.000000
0 354 0.388321 0.702841 0.041773 0.153409 1.000000 1173.000000 880.000000
0 355 0.388321 0.699432 0.041773 0.151136 1.000000 1173.000000 880.000000
0 356 0.388321 0.696023 0.041773 0.148864 1.000000 1173.000000 880.000000
0 357 0.387894 0.692614 0.042626 0.146591 1.000000 1173.000000 880.000000
0 358 0.387894 0.689205 0.042626 0.144318 1.000000 1173.000000 880.000000
0 359 0.387894 0.685795 0.042626 0.142045 1.000000 1173.000000 880.000000
0 360 0.387042 0.683523 0.042626 0.142045 1.000000 1173.000000 880.000000
0 361 0.387042 0.681818 0.042626 0.143182 1.000000 1173.000000 880.000000
0 362 0.387042 0.679545 0.042626 0.143182 1.000000 1173.000000 880.000000
0 363 0.386616 0.677841 0.041773 0.144318 1.000000 1173.000000 880.000000
0 364 0.386189 0.676136 0.042626 0.145455 1.000000 1173.000000 880.000000
0 365 0.386189 0.673864 0.042626 0.145455 1.000000 1173.000000 880.000000
0 366 0.385763 0.672159 0.041773 0.146591 1.000000 1173.000000 880.000000
0 367 0.385763 0.670455 0.041773 0.147727 1.000000 1173.000000 880.000000
0 368 0.385763 0.668182 0.041773 0.147727 1.000000 1173.000000 880.000000
0 369 0.384910 0.666477 0.041773 0.148864 1.000000 1173.000000 880.000000
0 370 0.384910 0.664773 0.041773 0.150000 1.000000 1173.000000 880.000000
0 371 0.384910 0.663068 0.041773 0.148864 1.000000 1173.000000 880.000000
0 372 0.384910 0.661364 0.041773 0.150000 1.000000 1173.000000 880.000000
0 373 0.384058 0.659659 0.041773 0.151136 1.000000 1173.000000 880.000000
0 374 0.384058 0.657386 0.041773 0.151136 1.000000 1173.000000 880.000000
0 375 0.384058 0.655682 0.041773 0.152273 1.000000 1173.000000 880.000000
0 376 0.383632 0.653977 0.040921 0.153409 1.000000 1173.000000 880.000000
0 377 0.383632 0.651705 0.040921 0.153409 1.000000 1173.000000 880.000000
0 378 0.383205 0.650000 0.041773 0.154545 1.000000 1173.000000 880.000000
0 379 0.382779 0.648295 0.040921 0.155682 1.000000 1173.000000 880.000000
0 380 0.382779 0.646023 0.040921 0.155682 1.000000 1173.000000 880.000000
0 381 0.382779 0.644318 0.040921 0.156818 1.000000 1173.000000 880.000000
0 382 0.382779 0.643182 0.040921 0.156818 1.000000 1173.000000 880.000000
0 383 0.382779 0.639773 0.040921 0.156818 1.000000 1173.000000 880.000000
0 384 0.382779 0.637500 0.040921 0.156818 1.000000 1173.000000 880.000000
0 385 0.382779 0.635227 0.040921 0.156818 1.000000 1173.000000 880.000000
0 386 0.382779 0.632386 0.040921 0.155682 1.000000 1173.000000 880.000000
0 387 0.382779 0.630114 0.040921 0.155682 1.000000 1173.000000 880.000000
0 388 0.382779 0.627841 0.040921 0.155682 1.000000 1173.000000 880.000000
0 389 0.382779 0.625568 0.040921 0.155682 1.000000 1173.000000 880.000000
0 390 0.382779 0.622727 0.040921 0.154545 1.000000 1173.000000 880.000000
0 391 0.382779 0.620455 0.040921 0.154545 1.000000 1173.000000 880.000000
0 392 0.382779 0.617614 0.040921 0.155682 1.000000 1173.000000 880.000000
0 393 0.382779 0.614773 0.040921 0.154545 1.000000 1173.000000 880.000000
0 394 0.382779 0.612500 0.040921 0.154545 1.000000 1173.000000 880.000000
0 395 0.382779 0.610227 0.040921 0.154545 1.000000 1173.000000 880.000000
0 396 0.382779 0.607955 0.040921 0.154545 1.000000 1173.000000 880.000000
0 397 0.382779 0.605114 0.040921 0.153409 1.000000 1173.000000 880.000000
0 398 0.382779 0.602841 0.040921 0.153409 1.000000 1173.000000 880.000000
0 399 0.382779 0.600568 0.040921 0.153409 1.000000 1173.000000 880.000000
0 400 0.382779 0.597727 0.040921 0.152273 1.000000 1173.000000 880.000000
0 401 0.382779 0.594886 0.040921 0.153409 1.000000 1173.000000 880.000000
0 402 0.382779 0.592614 0.040921 0.153409 1.000000 1173.000000 880.000000
0 403 0.382779 0.590341 0.040921 0.153409 1.000000 1173.000000 880.000000
0 404 0.382779 0.587500 0.040921 0.152273 1.000000 1173.000000 880.000000
0 405 0.382779 0.585227 0.040921 0.152273 1.000000 1173.000000 880.000000
0 406 0.382779 0.582955 0.040921 0.152273 1.000000 1173.000000 880.000000
0 407 0.382779 0.580114 0.040921 0.151136 1.000000 1173.000000 880.000000
0 408 0.382779 0.577841 0.040921 0.151136 1.000000 1173.000000 880.000000
0 409 0.382779 0.575568 0.040921 0.151136 1.000000 1173.000000 880.000000
0 410 0.383205 0.573295 0.040068 0.151136 1.000000 1173.000000 880.000000
0 411 0.382779 0.570455 0.039216 0.150000 1.000000 1173.000000 880.000000
0 412 0.382779 0.568182 0.039216 0.147727 1.000000 1173.000000 880.000000
0 413 0.382779 0.566477 0.039216 0.146591 1.000000 1173.000000 880.000000
0 414 0.382779 0.564205 0.039216 0.144318 1.000000 1173.000000 880.000000
0 415 0.382779 0.562500 0.039216 0.143182 1.000000 1173.000000 880.000000
0 416 0.382779 0.559659 0.039216 0.142045 1.000000 1173.000000 880.000000
0 417 0.382779 0.557386 0.039216 0.139773 1.000000 1173.000000 880.000000
0 418 0.382779 0.555682 0.039216 0.138636 1.000000 1173.000000 880.000000
0 419 0.382779 0.553409 0.039216 0.136364 1.000000 1173.000000 880.000000
0 420 0.383205 0.551705 0.038363 0.135227 1.000000 1173.000000 880.000000
0 421 0.383205 0.549432 0.038363 0.135227 1.000000 1173.000000 880.000000
0 422 0.383205 0.547727 0.038363 0.136364 1.000000 1173.000000 880.000000
0 423 0.383632 0.546023 0.039216 0.135227 1.000000 1173.000000 880.000000
0 424 0.383632 0.544318 0.039216 0.136364 1.000000 1173.000000 880.000000
0 425 0.384484 0.543182 0.039216 0.136364 1.000000 1173.000000 880.000000
0 426 0.384484 0.540909 0.039216 0.136364 1.000000 1173.000000 880.000000
0 427 0.384910 0.539205 0.040068 0.137500 1.000000 1173.000000 880.000000
0 428 0.384910 0.538068 0.040068 0.137500 1.000000 1173.000000 880.000000
0 429 0.385763 0.535795 0.040068 0.137500 1.000000 1173.000000 880.000000
0 430 0.385763 0.534659 0.040068 0.137500 1.000000 1173.000000 880.000000
0 431 0.386189 0.532955 0.040921 0.138636 1.000000 1173.000000 880.000000
0 432 0.386189 0.530682 0.040921 0.138636 1.000000 1173.000000 880.000000
0 433 0.387042 0.529545 0.040921 0.138636 1.000000 1173.000000 880.000000
0 434 0.387042 0.527841 0.040921 0.139773 1.000000 1173.000000 880.000000
0 435 0.387468 0.526136 0.041773 0.138636 1.000000 1173.000000 880.000000
0 436 0.387468 0.524432 0.041773 0.139773 1.000000 1173.000000 880.000000
0 437 0.388321 0.523295 0.041773 0.139773 1.000000 1173.000000 880.000000
0 438 0.388321 0.521023 0.041773 0.139773 1.000000 1173.000000 880.000000
0 439 0.388321 0.519886 0.041773 0.139773 1.000000 1173.000000 880.000000
0 440 0.388321 0.517614 0.041773 0.139773 1.000000 1173.000000 880.000000
0 441 0.388321 0.516477 0.041773 0.139773 1.000000 1173.000000 880.000000
0 442 0.388321 0.514205 0.041773 0.139773 1.000000 1173.000000 880.000000
0 443 0.388321 0.513068 0.041773 0.139773 1.000000 1173.000000 880.000000
0 444 0.388321 0.511364 0.041773 0.138636 1.000000 1173.000000 880.000000
0 445 0.388321 0.509659 0.041773 0.139773 1.000000 1173.000000 880.000000
0 446 0.388747 0.508523 0.040921 0.139773 1.000000 1173.000000 880.000000
0 447 0.388747 0.506250 0.040921 0.139773 1.000000 1173.000000 880.000000
0 448 0.388747 0.505114 0.040921 0.139773 1.000000 1173.000000 880.000000
0 449 0.388747 0.503409 0.040921 0.138636 1.000000 1173.000000 880.000000
0 450 0.388747 0.501705 0.040921 0.139773 1.000000 1173.000000 880.000000
0 451 0.388747 0.500000 0.040921 0.138636 1.000000 1173.000000 880.000000
0 452 0.388747 0.498295 0.040921 0.139773 1.000000 1173.000000 880.000000
0 453 0.388747 0.496591 0.040921 0.138636 1.000000 1173.000000 880.000000
0 454 0.389599 0.495455 0.040921 0.138636 1.000000 1173.000000 880.000000
0 455 0.389599 0.493750 0.040921 0.139773 1.000000 1173.000000 880.000000
0 456 0.389599 0.492045 0.040921 0.138636 1.000000 1173.000000 880.000000
0 457 0.389599 0.490341 0.040921 0.139773 1.000000 1173.000000 880.000000
0 458 0.389599 0.488636 0.040921 0.138636 1.000000 1173.000000 880.000000
0 459 0.389599 0.486932 0.040921 0.139773 1.000000 1173.000000 880.000000
0 460 0.389599 0.485227 0.040921 0.138636 1.000000 1173.000000 880.000000
0 461 0.389599 0.484091 0.040921 0.138636 1.000000 1173.000000 880.000000
0 462 0.389599 0.481818 0.040921 0.138636 1.000000 1173.000000 880.000000
0 463 0.390026 0.480682 0.040068 0.138636 1.000000 1173.000000 880.000000
0 464 0.390026 0.478977 0.040068 0.139773 1.000000 1173.000000 880.000000
0 465 0.390026 0.477273 0.040068 0.138636 1.000000 1173.000000 880.000000
0 466 0.390026 0.476136 0.040068 0.138636 1.000000 1173.000000 880.000000
0 467 0.390026 0.473864 0.040068 0.138636 1.000000 1173.000000 880.000000
0 468 0.390026 0.472727 0.040068 0.138636 0.987470 1173.000000 880.000000
0 469 0.390026 0.470455 0.040068 0.138636 0.987640 1173.000000 880.000000
0 470 0.390026 0.469318 0.040068 0.138636 0.975270 1173.000000 880.000000
0 471 0.390878 0.468182 0.040068 0.138636 0.987640 1173.000000 880.000000
0 472 0.390878 0.465909 0.040068 0.138636 0.987800 1173.000000 880.000000
0 473 0.390878 0.464773 0.040068 0.138636 0.975610 1173.000000 880.000000
0 474 0.391304 0.463068 0.039216 0.137500 0.987620 1173.000000 880.000000
0 475 0.391304 0.461364 0.039216 0.138636 0.987720 1173.000000 880.000000
0 476 0.391731 0.459659 0.040068 0.137500 0.976090 1173.000000 880.000000
0 477 0.392157 0.458523 0.039216 0.137500 0.987970 1173.000000 880.000000
0 478 0.392157 0.456250 0.039216 0.137500 0.976280 1173.000000 880.000000
0 479 0.392157 0.455114 0.039216 0.137500 0.976280 1173.000000 880.000000
0 480 0.392583 0.453409 0.038363 0.136364 0.987960 1173.000000 880.000000
0 481 0.393009 0.451705 0.039216 0.137500 0.976630 1173.000000 880.000000
0 482 0.393009 0.450000 0.039216 0.136364 0.976790 1173.000000 880.000000
0 483 0.393436 0.448864 0.038363 0.136364 0.976280 1173.000000 880.000000
0 484 0.393436 0.447159 0.038363 0.137500 0.976480 1173.000000 880.000000
0 485 0.393436 0.445455 0.038363 0.136364 0.976640 1173.000000 880.000000
0 486 0.394288 0.444318 0.038363 0.136364 0.976640 1173.000000 880.000000
0 487 0.394288 0.442045 0.038363 0.136364 0.977360 1173.000000 880.000000
0 488 0.394288 0.440909 0.038363 0.136364 0.966040 1173.000000 880.000000
0 489 0.394714 0.439205 0.037511 0.135227 0.977040 1173.000000 880.000000
0 490 0.394714 0.438068 0.037511 0.135227 0.977040 1173.000000 880.000000
0 491 0.395141 0.435795 0.038363 0.135227 0.966850 1173.000000 880.000000
0 492 0.395567 0.434659 0.037511 0.135227 0.977410 1173.000000 880.000000
0 493 0.395567 0.432955 0.037511 0.134091 0.977590 1173.000000 880.000000
0 494 0.395567 0.431250 0.037511 0.135227 0.966670 1173.000000 880.000000
0 495 0.395993 0.430114 0.036658 0.135227 0.977270 1173.000000 880.000000
0 496 0.396419 0.428409 0.037511 0.134091 0.966950 1173.000000 880.000000
0 497 0.396419 0.426705 0.037511 0.135227 0.967780 1173.000000 880.000000
0 498 0.396846 0.425000 0.036658 0.134091 0.978230 1173.000000 880.000000
0 499 0.396846 0.423864 0.036658 0.134091 0.967340 1173.000000 880.000000
0 500 0.396846 0.421591 0.036658 0.134091 0.967910 1173.000000 880.000000
0 501 0.397698 0.420455 0.036658 0.134091 0.967910 1173.000000 880.000000
0 502 0.397698 0.418750 0.036658 0.132955 0.968220 1173.000000 880.000000
0 503 0.397698 0.417045 0.036658 0.134091 0.968490 1173.000000 880.000000
0 504 0.398124 0.415341 0.035806 0.132955 0.968070 1173.000000 880.000000
0 505 0.398124 0.414205 0.035806 0.132955 0.968070 1173.000000 880.000000
0 506 0.398977 0.413068 0.035806 0.132955 0.968660 1173.000000 880.000000
0 507 0.398977 0.410795 0.035806 0.132955 0.969260 1173.000000 880.000000
0 508 0.398977 0.409659 0.035806 0.132955 0.969260 1173.000000 880.000000
0 509 0.398977 0.408523 0.035806 0.132955 0.959010 1173.000000 880.000000
0 510 0.398977 0.406818 0.035806 0.131818 0.960250 1173.000000 880.000000
0 511 0.398977 0.405682 0.035806 0.131818 0.960250 1173.000000 880.000000
0 512 0.399403 0.404545 0.034953 0.131818 0.959300 1173.000000 880.000000
0 513 0.399403 0.403409 0.034953 0.131818 0.960110 1173.000000 880.000000
0 514 0.399829 0.401705 0.035806 0.130682 0.930030 1173.000000 880.000000
0 515 0.399829 0.400568 0.035806 0.130682 0.930030 1173.000000 880.000000
0 516 0.399829 0.399432 0.035806 0.130682 0.931030 1173.000000 880.000000
0 517 0.400256 0.397159 0.034953 0.130682 0.930620 1173.000000 880.000000
0 518 0.400256 0.396023 0.034953 0.130682 0.930620 1173.000000 880.000000
0 519 0.400256 0.394886 0.034953 0.130682 0.922410 1173.000000 880.000000
0 520 0.400256 0.393750 0.034953 0.130682 0.922410 1173.000000 880.000000
0 521 0.400256 0.392045 0.034953 0.129545 0.945340 1173.000000 880.000000
0 522 0.401108 0.390909 0.034953 0.129545 0.924220 1173.000000 880.000000
0 523 0.401108 0.389773 0.034953 0.129545 0.924220 1173.000000 880.000000
0 524 0.401108 0.388068 0.034953 0.128409 0.916040 1173.000000 880.000000
0 525 0.401108 0.386932 0.034953 0.128409 0.917500 1173.000000 880.000000
0 526 0.401108 0.385795 0.034953 0.128409 0.917500 1173.000000 880.000000
0 527 0.401108 0.384659 0.034953 0.128409 0.908730 1173.000000 880.000000
0 528 0.401535 0.382386 0.034101 0.128409 0.940090 1173.000000 880.000000
0 529 0.401535 0.381250 0.034101 0.128409 0.941590 1173.000000 880.000000
0 530 0.401961 0.380114 0.034953 0.128409 0.912070 1173.000000 880.000000
0 531 0.401961 0.378409 0.034953 0.127273 0.913190 1173.000000 880.000000
0 532 0.401961 0.377273 0.034953 0.127273 0.906870 1173.000000 880.000000
0 533 0.402387 0.376136 0.034101 0.127273 0.912580 1173.000000 880.000000
0 534 0.402387 0.375000 0.034101 0.127273 0.936110 1173.000000 880.000000
0 535 0.402387 0.373295 0.034101 0.126136 0.931400 1173.000000 880.000000
0 536 0.402387 0.372159 0.034101 0.126136 0.931400 1173.000000 880.000000
0 537 0.402387 0.371023 0.034101 0.126136 0.923780 1173.000000 880.000000
0 538 0.403240 0.369886 0.034101 0.126136 0.909410 1173.000000 880.000000
0 539 0.403240 0.368750 0.034101 0.126136 0.909190 1173.000000 880.000000
0 540 0.403240 0.367614 0.034101 0.126136 0.925960 1173.000000 880.000000
0 541 0.403240 0.366477 0.034101 0.126136 0.928140 1173.000000 880.000000
0 542 0.403240 0.365341 0.034101 0.126136 0.920950 1173.000000 880.000000
0 543 0.403240 0.364773 0.034101 0.125000 0.920240 1173.000000 880.000000
0 544 0.403240 0.363636 0.034101 0.125000 0.922650 1173.000000 880.000000
0 545 0.403666 0.362500 0.034953 0.125000 0.893820 1173.000000 880.000000
0 546 0.404092 0.361364 0.034101 0.125000 0.922650 1173.000000 880.000000
0 547 0.404092 0.360795 0.034101 0.123864 0.917520 1173.000000 880.000000
0 548 0.404092 0.359659 0.034101 0.123864 0.917520 1173.000000 880.000000
0 549 0.404092 0.358523 0.034101 0.123864 0.920180 1173.000000 880.000000
0 550 0.404092 0.357386 0.034101 0.123864 0.922840 1173.000000 880.000000
0 551 0.404518 0.356250 0.034953 0.123864 0.894590 1173.000000 880.000000
0 552 0.404518 0.355682 0.034953 0.122727 0.920490 1173.000000 880.000000
0 553 0.404945 0.354545 0.034101 0.122727 0.927500 1173.000000 880.000000
0 554 0.404945 0.353409 0.034101 0.122727 0.921460 1173.000000 880.000000
0 555 0.404945 0.352273 0.034101 0.122727 0.924370 1173.000000 880.000000
0 556 0.404945 0.351705 0.034101 0.121591 0.926600 1173.000000 880.000000
0 557 0.405371 0.350568 0.034953 0.121591 0.922840 1173.000000 880.000000
0 558 0.405371 0.349432 0.034953 0.121591 0.925930 1173.000000 880.000000
0 559 0.405371 0.348295 0.034953 0.121591 0.929010 1173.000000 880.000000
0 560 0.405797 0.347727 0.034101 0.120455 0.926600 1173.000000 880.000000
0 561 0.405797 0.346591 0.034101 0.120455 0.929790 1173.000000 880.000000
0 562 0.405797 0.345455 0.034101 0.120455 0.932980 1173.000000 880.000000
0 563 0.405797 0.344318 0.034101 0.120455 0.928200 1173.000000 880.000000
0 564 0.406223 0.343182 0.034953 0.120455 0.933240 1173.000000 880.000000
0 565 0.406223 0.342614 0.034953 0.119318 0.935980 1173.000000 880.000000
0 566 0.406223 0.341477 0.034953 0.119318 0.935980 1173.000000 880.000000
0 567 0.406223 0.340341 0.034953 0.119318 0.935310 1173.000000 880.000000
0 568 0.406650 0.339205 0.034101 0.119318 0.941330 1173.000000 880.000000
0 569 0.406650 0.338636 0.034101 0.118182 0.940770 1173.000000 880.000000
0 570 0.407076 0.337500 0.034953 0.118182 0.941950 1173.000000 880.000000
0 571 0.407076 0.336364 0.034953 0.118182 0.945580 1173.000000 880.000000
0 572 0.407076 0.335227 0.034953 0.118182 0.945580 1173.000000 880.000000
0 573 0.407076 0.334091 0.034953 0.118182 0.946030 1173.000000 880.000000
0 574 0.407076 0.333523 0.034953 0.117045 0.949400 1173.000000 880.000000
0 575 0.407502 0.332386 0.034101 0.117045 0.951220 1173.000000 880.000000
0 576 0.407928 0.331250 0.034953 0.117045 0.953300 1173.000000 880.000000
0 577 0.407928 0.330114 0.034953 0.117045 0.957190 1173.000000 880.000000
0 578 0.407928 0.329545 0.034953 0.115909 0.956770 1173.000000 880.000000
0 579 0.407928 0.328409 0.034953 0.115909 0.958390 1173.000000 880.000000
0 580 0.407928 0.327273 0.034953 0.115909 0.962550 1173.000000 880.000000
0 581 0.407928 0.326136 0.034953 0.115909 0.962550 1173.000000 880.000000
0 582 0.408781 0.326136 0.034953 0.115909 0.964630 1173.000000 880.000000
0 583 0.408781 0.325000 0.034953 0.115909 0.966710 1173.000000 880.000000
0 584 0.408781 0.323864 0.034953 0.115909 0.966710 1173.000000 880.000000
0 585 0.408781 0.322727 0.034953 0.115909 0.970870 1173.000000 880.000000
0 586 0.408781 0.322159 0.034953 0.114773 0.973390 1173.000000 880.000000
0 587 0.408781 0.321023 0.034953 0.114773 0.973390 1173.000000 880.000000
0 588 0.408781 0.319886 0.034953 0.114773 0.977820 1173.000000 880.000000
0 589 0.408781 0.319318 0.034953 0.115909 0.976880 1173.000000 880.000000
0 590 0.408781 0.318750 0.034953 0.114773 0.976660 1173.000000 880.000000
0 591 0.408781 0.317614 0.034953 0.114773 0.981330 1173.000000 880.000000
0 592 0.408781 0.316477 0.034953 0.114773 0.985290 1173.000000 880.000000
0 593 0.408781 0.315341 0.034953 0.114773 0.985290 1173.000000 880.000000
0 594 0.408781 0.314773 0.034953 0.113636 0.990100 1173.000000 880.000000
0 595 0.408781 0.314205 0.034953 0.114773 0.989730 1173.000000 880.000000
0 596 0.408781 0.313068 0.034953 0.114773 0.989730 1173.000000 880.000000
0 597 0.408781 0.311932 0.034953 0.114773 0.989730 1173.000000 880.000000
0 598 0.408781 0.311364 0.034953 0.113636 0.994810 1173.000000 880.000000
0 599 0.408781 0.310227 0.034953 0.113636 0.994810 1173.000000 880.000000
0 600 0.408781 0.309091 0.034953 0.113636 0.994810 1173.000000 880.000000
0 601 0.408781 0.309091 0.034953 0.113636 0.994580 1173.000000 880.000000
0 602 0.408355 0.307955 0.034101 0.113636 0.994690 1173.000000 880.000000
0 603 0.408355 0.307386 0.034101 0.112500 1.000000 1173.000000 880.000000
0 604 0.408781 0.306818 0.033248 0.111364 1.000000 1173.000000 880.000000
0 605 0.408355 0.306818 0.032396 0.111364 1.000000 1173.000000 880.000000
0 606 0.408355 0.306250 0.032396 0.110227 1.000000 1173.000000 880.000000
0 607 0.408781 0.305114 0.031543 0.110227 1.000000 1173.000000 880.000000
0 608 0.408781 0.304545 0.031543 0.109091 1.000000 1173.000000 880.000000
0 609 0.408355 0.304545 0.030691 0.109091 1.000000 1173.000000 880.000000
0 610 0.408781 0.303977 0.029838 0.107955 1.000000 1173.000000 880.000000
0 611 0.408781 0.303409 0.029838 0.106818 1.000000 1173.000000 880.000000
0 612 0.409207 0.303409 0.028986 0.106818 1.000000 1173.000000 880.000000
0 613 0.408355 0.302273 0.028986 0.106818 1.000000 1173.000000 880.000000
0 614 0.408355 0.301136 0.028986 0.106818 1.000000 1173.000000 880.000000
0 615 0.408355 0.300000 0.028986 0.106818 1.000000 1173.000000 880.000000
0 616 0.408355 0.298864 0.028986 0.106818 1.000000 1173.000000 880.000000
0 617 0.408355 0.297727 0.028986 0.106818 1.000000 1173.000000 880.000000
0 618 0.408355 0.296591 0.028986 0.106818 1.000000 1173.000000 880.000000
0 619 0.408355 0.295455 0.028986 0.106818 1.000000 1173.000000 880.000000
0 620 0.408355 0.294318 0.028986 0.106818 1.000000 1173.000000 880.000000
0 621 0.408355 0.293182 0.028986 0.106818 1.000000 1173.000000 880.000000
0 622 0.408355 0.292045 0.028986 0.106818 1.000000 1173.000000 880.000000
0 623 0.408355 0.290909 0.028986 0.106818 1.000000 1173.000000 880.000000
0 624 0.407928 0.289773 0.028133 0.106818 1.000000 1173.000000 880.000000
0 625 0.407928 0.288636 0.028133 0.106818 1.000000 1173.000000 880.000000
0 626 0.407928 0.287500 0.028133 0.106818 1.000000 1173.000000 880.000000
0 627 0.407928 0.286364 0.028133 0.106818 1.000000 1173.000000 880.000000
0 628 0.407928 0.285227 0.028133 0.106818 1.000000 1173.000000 880.000000
0 629 0.407502 0.284091 0.028986 0.106818 1.000000 1173.000000 880.000000
0 630 0.407502 0.282955 0.028986 0.106818 1.000000 1173.000000 880.000000
0 631 0.407502 0.281818 0.028986 0.106818 1.000000 1173.000000 880.000000
0 632 0.407502 0.280682 0.028986 0.106818 1.000000 1173.000000 880.000000
0 633 0.407502 0.279545 0.028986 0.106818 1.000000 1173.000000 880.000000
0 634 0.407502 0.278409 0.028986 0.106818 1.000000 1173.000000 880.000000
0 635 0.407076 0.277273 0.028133 0.106818 1.000000 1173.000000 880.000000
0 636 0.407076 0.276136 0.028133 0.106818 1.000000 1173.000000 880.000000
0 637 0.407076 0.275000 0.028133 0.106818 1.000000 1173.000000 880.000000
0 638 0.407076 0.273864 0.028133 0.106818 1.000000 1173.000000 880.000000
0 639 0.407076 0.272727 0.028133 0.106818 1.000000 1173.000000 880.000000
0 640 0.407076 0.271591 0.028133 0.106818 1.000000 1173.000000 880.000000
0 641 0.407076 0.270455 0.028133 0.106818 1.000000 1173.000000 880.000000
0 642 0.407076 0.269318 0.028133 0.106818 1.000000 1173.000000 880.000000
0 643 0.407076 0.268182 0.028133 0.106818 1.000000 1173.000000 880.000000
0 644 0.407076 0.267045 0.028133 0.106818 1.000000 1173.000000 880.000000
0 645 0.407076 0.265909 0.028133 0.106818 1.000000 1173.000000 880.000000
0 646 0.406223 0.263636 0.028133 0.106818 1.000000 1173.000000 880.000000
0 647 0.406223 0.261932 0.028133 0.105682 1.000000 1173.000000 880.000000
0 648 0.405797 0.259659 0.028986 0.105682 1.000000 1173.000000 880.000000
0 649 0.405797 0.257955 0.028986 0.104545 1.000000 1173.000000 880.000000
0 650 0.405797 0.256250 0.028986 0.103409 1.000000 1173.000000 880.000000
0 651 0.405797 0.253977 0.028986 0.103409 1.000000 1173.000000 880.000000
0 652 0.405797 0.252841 0.028986 0.103409 1.000000 1173.000000 880.000000
0 653 0.405797 0.251705 0.028986 0.103409 1.000000 1173.000000 880.000000
0 654 0.405797 0.250568 0.028986 0.103409 1.000000 1173.000000 880.000000
0 655 0.405797 0.248864 0.028986 0.102273 1.000000 1173.000000 880.000000
0 656 0.405797 0.247727 0.028986 0.102273 1.000000 1173.000000 880.000000
0 657 0.405797 0.246023 0.028986 0.103409 1.000000 1173.000000 880.000000
0 658 0.406223 0.244886 0.028133 0.103409 1.000000 1173.000000 880.000000
0 659 0.406223 0.243750 0.028133 0.103409 1.000000 1173.000000 880.000000
0 660 0.406223 0.242045 0.028133 0.102273 1.000000 1173.000000 880.000000
0 661 0.406223 0.240909 0.028133 0.102273 1.000000 1173.000000 880.000000
0 662 0.406223 0.239773 0.028133 0.102273 1.000000 1173.000000 880.000000
0 663 0.406223 0.238068 0.028133 0.103409 1.000000 1173.000000 880.000000
0 664 0.406223 0.236932 0.028133 0.103409 1.000000 1173.000000 880.000000
0 665 0.406223 0.235227 0.028133 0.102273 1.000000 1173.000000 880.000000
0 666 0.406650 0.234091 0.027280 0.102273 1.000000 1173.000000 880.000000
0 667 0.406650 0.232955 0.027280 0.102273 1.000000 1173.000000 880.000000
0 668 0.406650 0.231818 0.027280 0.102273 1.000000 1173.000000 880.000000
0 669 0.406650 0.230114 0.027280 0.103409 1.000000 1173.000000 880.000000
0 670 0.406650 0.228409 0.027280 0.102273 1.000000 1173.000000 880.000000
0 671 0.406650 0.227273 0.027280 0.102273 1.000000 1173.000000 880.000000
0 672 0.406650 0.226136 0.027280 0.102273 1.000000 1173.000000 880.000000
0 673 0.406650 0.225000 0.027280 0.102273 1.000000 1173.000000 880.000000
0 674 0.407502 0.223864 0.027280 0.102273 1.000000 1173.000000 880.000000
0 675 0.407502 0.221591 0.027280 0.102273 1.000000 1173.000000 880.000000
0 676 0.407502 0.220455 0.027280 0.102273 1.000000 1173.000000 880.000000
0 677 0.407502 0.219318 0.027280 0.102273 1.000000 1173.000000 880.000000
0 678 0.407502 0.218182 0.027280 0.102273 1.000000 1173.000000 880.000000
0 679 0.407502 0.217045 0.027280 0.102273 1.000000 1173.000000 880.000000
0 680 0.407502 0.215909 0.027280 0.102273 1.000000 1173.000000 880.000000
0 681 0.407502 0.214773 0.027280 0.102273 1.000000 1173.000000 880.000000
0 682 0.407502 0.212500 0.027280 0.102273 1.000000 1173.000000 880.000000
0 683 0.407502 0.211364 0.027280 0.102273 1.000000 1173.000000 880.000000
0 684 0.407502 0.210227 0.027280 0.102273 1.000000 1173.000000 880.000000
0 685 0.407502 0.209091 0.027280 0.102273 1.000000 1173.000000 880.000000
0 686 0.407502 0.207955 0.027280 0.102273 1.000000 1173.000000 880.000000
0 687 0.407502 0.206818 0.027280 0.102273 1.000000 1173.000000 880.000000
0 688 0.407502 0.205682 0.027280 0.102273 1.000000 1173.000000 880.000000
0 689 0.407502 0.204545 0.027280 0.102273 1.000000 1173.000000 880.000000
0 690 0.407502 0.203409 0.027280 0.102273 1.000000 1173.000000 880.000000
0 691 0.407502 0.202273 0.027280 0.102273 1.000000 1173.000000 880.000000
0 692 0.407502 0.202273 0.027280 0.102273 1.000000 1173.000000 880.000000
0 693 0.407502 0.201136 0.027280 0.102273 1.000000 1173.000000 880.000000
0 694 0.407502 0.200000 0.027280 0.102273 1.000000 1173.000000 880.000000
0 695 0.407502 0.198864 0.027280 0.102273 1.000000 1173.000000 880.000000
0 696 0.407502 0.198864 0.027280 0.102273 1.000000 1173.000000 880.000000
0 697 0.407502 0.197727 0.027280 0.102273 1.000000 1173.000000 880.000000
0 698 0.407502 0.196591 0.027280 0.102273 1.000000 1173.000000 880.000000
0 699 0.407502 0.196591 0.027280 0.102273 1.000000 1173.000000 880.000000
0 700 0.407502 0.195455 0.027280 0.102273 1.000000 1173.000000 880.000000
0 701 0.407502 0.194318 0.027280 0.102273 1.000000 1173.000000 880.000000
0 702 0.407502 0.193182 0.027280 0.102273 1.000000 1173.000000 880.000000
0 703 0.407502 0.193182 0.027280 0.102273 1.000000 1173.000000 880.000000
0 704 0.407502 0.192045 0.027280 0.102273 1.000000 1173.000000 880.000000
0 705 0.407502 0.190909 0.027280 0.102273 1.000000 1173.000000 880.000000
0 706 0.407502 0.190909 0.027280 0.102273 1.000000 1173.000000 880.000000
0 707 0.407502 0.189773 0.027280 0.102273 1.000000 1173.000000 880.000000
0 708 0.407502 0.188636 0.027280 0.102273 1.000000 1173.000000 880.000000
0 709 0.407502 0.187500 0.027280 0.102273 1.000000 1173.000000 880.000000
0 710 0.407502 0.186364 0.027280 0.102273 1.000000 1173.000000 880.000000
0 711 0.407502 0.185227 0.027280 0.102273 1.000000 1173.000000 880.000000
0 712 0.407502 0.184091 0.027280 0.102273 1.000000 1173.000000 880.000000
0 713 0.407502 0.182955 0.027280 0.102273 1.000000 1173.000000 880.000000
0 714 0.407502 0.181818 0.027280 0.102273 1.000000 1173.000000 880.000000
0 715 0.407502 0.180682 0.027280 0.102273 1.000000 1173.000000 880.000000
0 716 0.407502 0.179545 0.027280 0.102273 1.000000 1173.000000 880.000000
0 717 0.407502 0.178409 0.027280 0.102273 1.000000 1173.000000 880.000000
0 718 0.407502 0.177273 0.027280 0.102273 1.000000 1173.000000 880.000000
0 719 0.407502 0.176136 0.027280 0.102273 1.000000 1173.000000 880.000000
0 720 0.407502 0.175000 0.027280 0.102273 1.000000 1173.000000 880.000000
0 721 0.407502 0.173864 0.027280 0.102273 1.000000 1173.000000 880.000000
0 722 0.407502 0.172727 0.027280 0.102273 1.000000 1173.000000 880.000000
0 723 0.407502 0.172727 0.027280 0.102273 1.000000 1173.000000 880.000000
0 724 0.406650 0.171591 0.027280 0.102273 1.000000 1173.000000 880.000000
0 725 0.406650 0.171023 0.027280 0.101136 1.000000 1173.000000 880.000000
0 726 0.406650 0.170455 0.027280 0.102273 0.996670 1173.000000 880.000000
0 727 0.406650 0.169886 0.027280 0.101136 0.996630 1173.000000 880.000000
0 728 0.406650 0.169318 0.027280 0.102273 0.993340 1173.000000 880.000000
0 729 0.406650 0.168750 0.027280 0.101136 0.989900 1173.000000 880.000000
0 730 0.406650 0.168750 0.027280 0.101136 0.988890 1173.000000 880.000000
0 731 0.406650 0.167614 0.027280 0.101136 0.985190 1173.000000 880.000000
0 732 0.406650 0.167614 0.027280 0.101136 0.981480 1173.000000 880.000000
0 733 0.406223 0.166477 0.028133 0.101136 0.978430 1173.000000 880.000000
0 734 0.406223 0.166477 0.028133 0.101136 0.972550 1173.000000 880.000000
0 735 0.406223 0.165909 0.028133 0.100000 0.968270 1173.000000 880.000000
0 736 0.406223 0.165341 0.028133 0.101136 0.964710 1173.000000 880.000000
0 737 0.406223 0.164773 0.028133 0.100000 0.964310 1173.000000 880.000000
0 738 0.405797 0.164205 0.027280 0.101136 0.956230 1173.000000 880.000000
0 739 0.405797 0.163636 0.027280 0.100000 0.955740 1173.000000 880.000000
0 740 0.405797 0.163068 0.027280 0.101136 0.948150 1173.000000 880.000000
0 741 0.405797 0.162500 0.027280 0.100000 0.947570 1173.000000 880.000000
0 742 0.405797 0.162500 0.027280 0.100000 0.938710 1173.000000 880.000000
0 743 0.405371 0.161364 0.028133 0.100000 0.939850 1173.000000 880.000000
0 744 0.405371 0.161364 0.028133 0.100000 0.930600 1173.000000 880.000000
0 745 0.405371 0.160227 0.028133 0.100000 0.930600 1173.000000 880.000000
0 746 0.405371 0.160227 0.028133 0.100000 0.920690 1173.000000 880.000000
0 747 0.405371 0.159659 0.028133 0.098864 0.919790 1173.000000 880.000000
0 748 0.405371 0.159091 0.028133 0.100000 0.910110 1173.000000 880.000000
0 749 0.405371 0.158523 0.028133 0.098864 0.914440 1173.000000 880.000000
0 750 0.405371 0.157955 0.028133 0.100000 0.904490 1173.000000 880.000000
0 751 0.405371 0.157386 0.028133 0.098864 0.903410 1173.000000 880.000000
0 752 0.405371 0.157386 0.028133 0.098864 0.891710 1173.000000 880.000000
0 753 0.405371 0.156250 0.028133 0.098864 0.891710 1173.000000 880.000000
0 754 0.405371 0.155114 0.028133 0.098864 0.885700 1173.000000 880.000000
0 755 0.405371 0.155114 0.028133 0.098864 0.879680 1173.000000 880.000000
0 756 0.405371 0.153977 0.028133 0.098864 0.879680 1173.000000 880.000000
0 757 0.405371 0.153977 0.028133 0.098864 0.866640 1173.000000 880.000000
0 758 0.405797 0.152841 0.027280 0.098864 0.862600 1173.000000 880.000000
0 759 0.405797 0.152841 0.027280 0.098864 0.848480 1173.000000 880.000000
0 760 0.405797 0.151705 0.027280 0.098864 0.848480 1173.000000 880.000000
0 761 0.406223 0.151705 0.028133 0.098864 0.838570 1173.000000 880.000000
0 762 0.406223 0.150568 0.028133 0.098864 0.831550 1173.000000 880.000000
0 763 0.406223 0.150568 0.028133 0.098864 0.816180 1173.000000 880.000000
0 764 0.406650 0.149432 0.027280 0.098864 0.818180 1173.000000 880.000000
0 765 0.406650 0.149432 0.027280 0.098864 0.802000 1173.000000 880.000000
0 766 0.406650 0.148295 0.027280 0.098864 0.794080 1173.000000 880.000000
0 767 0.406650 0.148295 0.027280 0.098864 0.776860 1173.000000 880.000000
0 768 0.406650 0.147159 0.027280 0.098864 0.776860 1173.000000 880.000000
0 769 0.407502 0.147159 0.027280 0.098864 0.767560 1173.000000 880.000000
0 770 0.407502 0.146023 0.027280 0.098864 0.758950 1173.000000 880.000000
0 771 0.407502 0.144886 0.027280 0.098864 0.750340 1173.000000 880.000000
0 772 0.407502 0.143750 0.027280 0.098864 0.750340 1173.000000 880.000000
0 773 0.407502 0.142614 0.027280 0.098864 0.750340 1173.000000 880.000000
0 774 0.407502 0.141477 0.027280 0.098864 0.760330 1173.000000 880.000000
0 775 0.407502 0.141477 0.027280 0.098864 0.741740 1173.000000 880.000000
0 776 0.407502 0.140341 0.027280 0.098864 0.741740 1173.000000 880.000000
0 777 0.407928 0.139205 0.028133 0.098864 0.759360 1173.000000 880.000000
0 778 0.407928 0.138068 0.028133 0.098864 0.751340 1173.000000 880.000000
0 779 0.407928 0.136932 0.028133 0.098864 0.751340 1173.000000 880.000000
0 780 0.407928 0.136932 0.028133 0.098864 0.751340 1173.000000 880.000000
0 781 0.407928 0.135795 0.028133 0.098864 0.751340 1173.000000 880.000000
0 782 0.407928 0.134659 0.028133 0.098864 0.743320 1173.000000 880.000000
0 783 0.407928 0.133523 0.028133 0.098864 0.754010 1173.000000 880.000000
0 784 0.408355 0.132386 0.028986 0.098864 0.761040 1173.000000 880.000000
0 785 0.408355 0.131250 0.028986 0.098864 0.764290 1173.000000 880.000000
0 786 0.408355 0.131250 0.028986 0.098864 0.742860 1173.000000 880.000000
0 787 0.408355 0.130114 0.028986 0.098864 0.742860 1173.000000 880.000000
0 788 0.408355 0.128977 0.028986 0.098864 0.664940 1173.000000 880.000000
0 789 0.408355 0.127841 0.028986 0.098864 0.664940 1173.000000 880.000000
0 790 0.408355 0.126705 0.028986 0.098864 0.664940 1173.000000 880.000000
0 791 0.409207 0.126705 0.028986 0.098864 0.634090 1173.000000 880.000000
0 792 0.408355 0.125000 0.028986 0.097727 0.662070 1173.000000 880.000000
0 793 0.408355 0.123864 0.028986 0.097727 0.631200 1173.000000 880.000000
0 794 0.407502 0.122727 0.028986 0.095455 0.656130 1173.000000 880.000000
0 795 0.407502 0.121591 0.028986 0.095455 0.656130 1173.000000 880.000000
0 796 0.406650 0.120455 0.028986 0.095455 0.684710 1173.000000 880.000000
0 797 0.406650 0.119318 0.028986 0.093182 0.689500 1173.000000 880.000000
0 798 0.405797 0.118182 0.028986 0.093182 0.697420 1173.000000 880.000000
0 799 0.405797 0.116477 0.028986 0.092045 0.705230 1173.000000 880.000000
0 800 0.404945 0.115909 0.028986 0.090909 0.730860 1173.000000 880.000000
0 801 0.404945 0.114773 0.028986 0.090909 0.730860 1173.000000 880.000000
0 802 0.404092 0.113068 0.028986 0.089773 0.767500 1173.000000 880.000000
0 803 0.404092 0.112500 0.028986 0.088636 0.764560 1173.000000 880.000000
0 804 0.403240 0.110795 0.028986 0.087500 0.791210 1173.000000 880.000000
0 805 0.403240 0.109659 0.028986 0.087500 0.791210 1173.000000 880.000000
0 806 0.402387 0.109091 0.028986 0.086364 0.795550 1173.000000 880.000000
0 807 0.402387 0.107386 0.028986 0.085227 0.803760 1173.000000 880.000000
0 808 0.401535 0.106250 0.028986 0.085227 0.810530 1173.000000 880.000000
0 809 0.401535 0.105682 0.028986 0.084091 0.818670 1173.000000 880.000000
0 810 0.400682 0.104545 0.028986 0.084091 0.825140 1173.000000 880.000000
0 811 0.400682 0.103409 0.028986 0.084091 0.825140 1173.000000 880.000000
0 812 0.400682 0.103409 0.028986 0.084091 0.814860 1173.000000 880.000000
0 813 0.400682 0.102273 0.028986 0.084091 0.831620 1173.000000 880.000000
0 814 0.400682 0.101136 0.028986 0.084091 0.825140 1173.000000 880.000000
0 815 0.400682 0.101136 0.028986 0.084091 0.814860 1173.000000 880.000000
0 816 0.400682 0.100000 0.028986 0.084091 0.815620 1173.000000 880.000000
0 817 0.400682 0.098864 0.028986 0.084091 0.825140 1173.000000 880.000000
0 818 0.400682 0.098864 0.028986 0.084091 0.822480 1173.000000 880.000000
0 819 0.400682 0.097727 0.028986 0.084091 0.822480 1173.000000 880.000000
0 820 0.400256 0.096591 0.028133 0.084091 0.834120 1173.000000 880.000000
0 821 0.400256 0.096591 0.028133 0.084091 0.831370 1173.000000 880.000000
0 822 0.400256 0.095455 0.028133 0.084091 0.832160 1173.000000 880.000000
0 823 0.400256 0.094318 0.028133 0.084091 0.839220 1173.000000 880.000000
0 824 0.400256 0.094318 0.028133 0.084091 0.839220 1173.000000 880.000000
0 825 0.400256 0.093182 0.028133 0.084091 0.839220 1173.000000 880.000000
0 826 0.400256 0.092045 0.028133 0.084091 0.847060 1173.000000 880.000000
0 827 0.400256 0.092045 0.028133 0.084091 0.823920 1173.000000 880.000000
0 828 0.400256 0.090909 0.028133 0.084091 0.831760 1173.000000 880.000000
0 829 0.400256 0.089773 0.028133 0.084091 0.831760 1173.000000 880.000000
0 830 0.400256 0.089773 0.028133 0.084091 0.838820 1173.000000 880.000000
0 831 0.399403 0.088636 0.028133 0.084091 0.862350 1173.000000 880.000000
0 832 0.399403 0.087500 0.028133 0.084091 0.863530 1173.000000 880.000000
0 833 0.399403 0.086932 0.028133 0.085227 0.864160 1173.000000 880.000000
0 834 0.399403 0.085795 0.028133 0.085227 0.864160 1173.000000 880.000000
0 835 0.399403 0.084659 0.028133 0.085227 0.865330 1173.000000 880.000000
0 836 0.399403 0.084659 0.028133 0.085227 0.864160 1173.000000 880.000000
0 837 0.399403 0.083523 0.028133 0.085227 0.865330 1173.000000 880.000000
0 838 0.399403 0.082386 0.028133 0.085227 0.865330 1173.000000 880.000000
0 839 0.399403 0.081818 0.028133 0.086364 0.860200 1173.000000 880.000000
0 840 0.399403 0.080682 0.028133 0.086364 0.861730 1173.000000 880.000000
0 841 0.399403 0.079545 0.028133 0.086364 0.861730 1173.000000 880.000000
0 842 0.398551 0.079545 0.028133 0.086364 0.863250 1173.000000 880.000000
0 843 0.398551 0.078409 0.028133 0.086364 0.863250 1173.000000 880.000000
0 844 0.398551 0.077273 0.028133 0.086364 0.863250 1173.000000 880.000000
0 845 0.398551 0.076705 0.028133 0.087500 0.865010 1173.000000 880.000000
0 846 0.398551 0.075568 0.028133 0.087500 0.859730 1173.000000 880.000000
0 847 0.398551 0.074432 0.028133 0.087500 0.861990 1173.000000 880.000000
0 848 0.398551 0.074432 0.028133 0.087500 0.859730 1173.000000 880.000000
0 849 0.398551 0.073295 0.028133 0.087500 0.859730 1173.000000 880.000000
0 850 0.398551 0.072159 0.028133 0.087500 0.861990 1173.000000 880.000000
0 851 0.398551 0.071591 0.028133 0.088636 0.855550 1173.000000 880.000000
0 852 0.398551 0.070455 0.028133 0.088636 0.858900 1173.000000 880.000000
0 853 0.398551 0.070455 0.028133 0.088636 0.850340 1173.000000 880.000000
0 854 0.398551 0.069318 0.028133 0.088636 0.850340 1173.000000 880.000000
0 855 0.398551 0.068182 0.028133 0.088636 0.856290 1173.000000 880.000000
0 856 0.398551 0.068182 0.028133 0.088636 0.850340 1173.000000 880.000000
0 857 0.398551 0.067045 0.028133 0.088636 0.845120 1173.000000 880.000000
0 858 0.398551 0.067045 0.028133 0.088636 0.836190 1173.000000 880.000000
0 859 0.398551 0.065909 0.028133 0.088636 0.819810 1173.000000 880.000000
0 860 0.398551 0.065909 0.028133 0.088636 0.836190 1173.000000 880.000000
0 861 0.399403 0.064773 0.028133 0.088636 0.790390 1173.000000 880.000000
0 862 0.399403 0.064773 0.028133 0.088636 0.781830 1173.000000 880.000000
0 863 0.399403 0.063636 0.028133 0.088636 0.781830 1173.000000 880.000000
0 864 0.399403 0.063636 0.028133 0.088636 0.776250 1173.000000 880.000000
0 865 0.399403 0.062500 0.028133 0.088636 0.781830 1173.000000 880.000000
0 866 0.399403 0.062500 0.028133 0.088636 0.773270 1173.000000 880.000000
0 867 0.399403 0.061364 0.028133 0.088636 0.766940 1173.000000 880.000000
0 868 0.400256 0.061364 0.028133 0.088636 0.717050 1173.000000 880.000000
0 869 0.400256 0.060227 0.028133 0.088636 0.717050 1173.000000 880.000000
0 870 0.400256 0.059091 0.028133 0.088636 0.717050 1173.000000 880.000000
0 871 0.401108 0.059091 0.028133 0.088636 0.691360 1173.000000 880.000000
0 872 0.401108 0.057955 0.028133 0.088636 0.687640 1173.000000 880.000000
0 873 0.401535 0.057955 0.028986 0.088636 0.660040 1173.000000 880.000000
0 874 0.401961 0.056818 0.028133 0.088636 0.656740 1173.000000 880.000000
0 875 0.402387 0.056818 0.028986 0.088636 0.632910 1173.000000 880.000000
0 876 0.402813 0.055682 0.028133 0.088636 0.631420 1173.000000 880.000000
0 877 0.402813 0.054545 0.028133 0.088636 0.638870 1173.000000 880.000000
0 878 0.403240 0.054545 0.028986 0.088636 0.610850 1173.000000 880.000000
0 879 0.403666 0.053409 0.028133 0.088636 0.610950 1173.000000 880.000000
0 880 0.404092 0.053409 0.028986 0.088636 0.577220 1173.000000 880.000000
0 881 0.404092 0.052273 0.028986 0.088636 0.579390 1173.000000 880.000000
0 882 0.404945 0.052273 0.028986 0.088636 0.555150 1173.000000 880.000000
0 883 0.404945 0.051136 0.028986 0.088636 0.752260 1173.000000 880.000000
0 884 0.405797 0.051136 0.028986 0.088636 0.738880 1173.000000 880.000000
0 885 0.405797 0.050000 0.028986 0.088636 0.740330 1173.000000 880.000000
0 886 0.405797 0.049432 0.028986 0.087500 0.746150 1173.000000 880.000000
0 887 0.406223 0.049432 0.028133 0.087500 0.729260 1173.000000 880.000000
0 888 0.406223 0.048295 0.028133 0.087500 0.729260 1173.000000 880.000000
0 889 0.406650 0.047727 0.028986 0.086364 0.735060 1173.000000 880.000000
0 890 0.407076 0.047727 0.028133 0.086364 0.722310 1173.000000 880.000000
0 891 0.407076 0.046591 0.028133 0.086364 0.723450 1173.000000 880.000000
0 892 0.407076 0.046023 0.028133 0.085227 0.729880 1173.000000 880.000000
0 893 0.407928 0.046023 0.028133 0.085227 0.715940 1173.000000 880.000000
0 894 0.407928 0.045455 0.028133 0.084091 0.705880 1173.000000 880.000000
0 895 0.407928 0.044318 0.028133 0.084091 0.717650 1173.000000 880.000000
0 896 0.408355 0.044318 0.027280 0.084091 0.703430 1173.000000 880.000000
0 897 0.408781 0.043750 0.028133 0.082955 0.698730 1173.000000 880.000000
0 898 0.408781 0.042614 0.028133 0.082955 0.709860 1173.000000 880.000000
0 899 0.409207 0.042614 0.027280 0.082955 0.695740 1173.000000 880.000000
0 900 0.409207 0.042045 0.027280 0.081818 0.691570 1173.000000 880.000000
0 901 0.410060 0.042045 0.027280 0.081818 0.680780 1173.000000 880.000000
0 902 0.409633 0.040909 0.026428 0.079545 0.679580 1173.000000 880.000000
0 903 0.409633 0.040341 0.026428 0.078409 0.668750 1173.000000 880.000000
0 904 0.409633 0.039205 0.026428 0.076136 0.669120 1173.000000 880.000000
0 905 0.409633 0.038636 0.026428 0.075000 0.664180 1173.000000 880.000000
0 906 0.409633 0.037500 0.026428 0.072727 0.669230 1173.000000 880.000000
0 907 0.409633 0.036932 0.026428 0.071591 0.666020 1173.000000 880.000000
0 908 0.409633 0.036364 0.026428 0.070455 0.660710 1173.000000 880.000000
0 909 0.409633 0.035227 0.026428 0.068182 0.422640 1173.000000 880.000000
0 910 0.409633 0.034659 0.026428 0.067045 0.422400 1173.000000 880.000000
0 911 0.409633 0.033523 0.026428 0.064773 0.429420 1173.000000 880.000000
0 912 0.409633 0.032955 0.026428 0.063636 0.429280 1173.000000 880.000000
0 913 0.410060 0.032386 0.025575 0.062500 0.420510 1173.000000 880.000000
0 914 0.410060 0.031818 0.025575 0.061364 0.419940 1173.000000 880.000000
0 915 0.410060 0.031818 0.025575 0.061364 0.411730 1173.000000 880.000000
0 916 0.410060 0.031818 0.025575 0.061364 0.662760 1173.000000 880.000000
0 917 0.410060 0.031250 0.025575 0.060227 0.431300 1173.000000 880.000000
0 918 0.410060 0.031250 0.025575 0.060227 0.658900 1173.000000 880.000000
0 919 0.410060 0.031250 0.025575 0.060227 0.642770 1173.000000 880.000000
0 920 0.410060 0.030682 0.025575 0.059091 0.636030 1173.000000 880.000000
0 921 0.410060 0.030682 0.025575 0.059091 0.633600 1173.000000 880.000000
0 922 0.410060 0.030682 0.025575 0.059091 0.617160 1173.000000 880.000000
0 923 0.410060 0.030114 0.025575 0.057955 0.638960 1173.000000 880.000000
0 924 0.410060 0.030114 0.025575 0.057955 0.619730 1173.000000 880.000000
0 925 0.410060 0.030114 0.025575 0.057955 0.632130 1173.000000 880.000000
0 926 0.410060 0.029545 0.025575 0.056818 0.652750 1173.000000 880.000000
0 927 0.410060 0.029545 0.025575 0.056818 0.633140 1173.000000 880.000000
