0 1 0.858909 0.458523 0.045183 0.130682 1.000000 1173.000000 880.000000
0 2 0.858056 0.457386 0.045183 0.130682 1.000000 1173.000000 880.000000
0 3 0.857204 0.457386 0.045183 0.130682 1.000000 1173.000000 880.000000
0 4 0.856351 0.456250 0.045183 0.130682 1.000000 1173.000000 880.000000
0 5 0.855499 0.456250 0.045183 0.130682 1.000000 1173.000000 880.000000
0 6 0.854646 0.455114 0.045183 0.130682 1.000000 1173.000000 880.000000
0 7 0.853794 0.455114 0.045183 0.130682 1.000000 1173.000000 880.000000
0 8 0.852941 0.453977 0.045183 0.130682 1.000000 1173.000000 880.000000
0 9 0.852089 0.453977 0.045183 0.130682 1.000000 1173.000000 880.000000
0 10 0.851236 0.452841 0.045183 0.130682 1.000000 1173.000000 880.000000
0 11 0.850384 0.452841 0.045183 0.130682 1.000000 1173.000000 880.000000
0 12 0.849531 0.451705 0.045183 0.130682 1.000000 1173.000000 880.000000
0 13 0.848679 0.451705 0.045183 0.130682 1.000000 1173.000000 880.000000
0 14 0.847826 0.450568 0.045183 0.130682 1.000000 1173.000000 880.000000
0 15 0.846974 0.450568 0.045183 0.130682 1.000000 1173.000000 880.000000
0 16 0.846547 0.449432 0.044331 0.130682 1.000000 1173.000000 880.000000
0 17 0.845695 0.449432 0.044331 0.130682 1.000000 1173.000000 880.000000
0 18 0.844842 0.448295 0.044331 0.130682 1.000000 1173.000000 880.000000
0 19 0.843990 0.448295 0.044331 0.130682 1.000000 1173.000000 880.000000
0 20 0.843137 0.447159 0.044331 0.130682 1.000000 1173.000000 880.000000
0 21 0.842285 0.447159 0.044331 0.130682 1.000000 1173.000000 880.000000
0 22 0.841432 0.446023 0.044331 0.130682 1.000000 1173.000000 880.000000
0 23 0.840580 0.446023 0.044331 0.130682 1.000000 1173.000000 880.000000
0 24 0.839727 0.444886 0.044331 0.130682 1.000000 1173.000000 880.000000
0 25 0.838875 0.444886 0.044331 0.130682 1.000000 1173.000000 880.000000
0 26 0.838022 0.443750 0.044331 0.130682 1.000000 1173.000000 880.000000
0 27 0.837170 0.443750 0.044331 0.130682 1.000000 1173.000000 880.000000
0 28 0.836317 0.442614 0.044331 0.130682 1.000000 1173.000000 880.000000
0 29 0.835465 0.442614 0.044331 0.130682 1.000000 1173.000000 880.000000
0 30 0.834612 0.441477 0.044331 0.130682 1.000000 1173.000000 880.000000
0 31 0.834612 0.441477 0.044331 0.130682 1.000000 1173.000000 880.000000
0 32 0.833760 0.439205 0.044331 0.130682 1.000000 1173.000000 880.000000
0 33 0.833760 0.438068 0.044331 0.130682 1.000000 1173.000000 880.000000
0 34 0.833760 0.436932 0.044331 0.130682 1.000000 1173.000000 880.000000
0 35 0.833760 0.435795 0.044331 0.130682 1.000000 1173.000000 880.000000
0 36 0.833333 0.434659 0.045183 0.130682 1.000000 1173.000000 880.000000
0 37 0.833333 0.433523 0.045183 0.130682 1.000000 1173.000000 880.000000
0 38 0.832907 0.432386 0.044331 0.130682 1.000000 1173.000000 880.000000
0 39 0.832907 0.431250 0.044331 0.130682 1.000000 1173.000000 880.000000
0 40 0.832481 0.430114 0.045183 0.130682 1.000000 1173.000000 880.000000
0 41 0.832481 0.428977 0.045183 0.130682 1.000000 1173.000000 880.000000
0 42 0.832481 0.426705 0.045183 0.130682 1.000000 1173.000000 880.000000
0 43 0.832481 0.425568 0.045183 0.130682 1.000000 1173.000000 880.000000
0 44 0.831628 0.424432 0.045183 0.130682 1.000000 1173.000000 880.000000
0 45 0.831628 0.423295 0.045183 0.130682 1.000000 1173.000000 880.000000
0 46 0.831628 0.422159 0.045183 0.130682 1.000000 1173.000000 880.000000
0 47 0.831628 0.421023 0.045183 0.130682 1.000000 1173.000000 880.000000
0 48 0.831628 0.419886 0.045183 0.130682 1.000000 1173.000000 880.000000
0 49 0.831202 0.418750 0.046036 0.130682 1.000000 1173.000000 880.000000
0 50 0.830776 0.417614 0.045183 0.130682 1.000000 1173.000000 880.000000
0 51 0.830776 0.416477 0.045183 0.130682 1.000000 1173.000000 880.000000
0 52 0.830776 0.414205 0.045183 0.130682 1.000000 1173.000000 880.000000
0 53 0.830350 0.413068 0.046036 0.130682 1.000000 1173.000000 880.000000
0 54 0.830350 0.411932 0.046036 0.130682 1.000000 1173.000000 880.000000
0 55 0.830350 0.410795 0.046036 0.130682 1.000000 1173.000000 880.000000
0 56 0.829923 0.409659 0.045183 0.130682 1.000000 1173.000000 880.000000
0 57 0.829497 0.408523 0.046036 0.130682 1.000000 1173.000000 880.000000
0 58 0.829497 0.407386 0.046036 0.130682 1.000000 1173.000000 880.000000
0 59 0.829497 0.406250 0.046036 0.130682 1.000000 1173.000000 880.000000
0 60 0.829497 0.405114 0.046036 0.130682 1.000000 1173.000000 880.000000
0 61 0.829497 0.403977 0.046036 0.130682 1.000000 1173.000000 880.000000
0 62 0.828645 0.402841 0.046036 0.130682 1.000000 1173.000000 880.000000
0 63 0.828645 0.401705 0.046036 0.130682 1.000000 1173.000000 880.000000
0 64 0.828645 0.400568 0.046036 0.130682 1.000000 1173.000000 880.000000
0 65 0.828645 0.399432 0.046036 0.130682 1.000000 1173.000000 880.000000
0 66 0.828218 0.398295 0.045183 0.130682 1.000000 1173.000000 880.000000
0 67 0.827792 0.397159 0.046036 0.130682 1.000000 1173.000000 880.000000
0 68 0.827792 0.396023 0.046036 0.130682 1.000000 1173.000000 880.000000
0 69 0.827792 0.394886 0.046036 0.130682 1.000000 1173.000000 880.000000
0 70 0.827792 0.393750 0.046036 0.130682 1.000000 1173.000000 880.000000
0 71 0.827366 0.393182 0.045183 0.129545 1.000000 1173.000000 880.000000
0 72 0.826939 0.392045 0.046036 0.129545 1.000000 1173.000000 880.000000
0 73 0.826939 0.390909 0.046036 0.129545 1.000000 1173.000000 880.000000
0 74 0.826939 0.389773 0.046036 0.129545 1.000000 1173.000000 880.000000
0 75 0.826513 0.388636 0.045183 0.129545 1.000000 1173.000000 880.000000
0 76 0.826513 0.387500 0.045183 0.129545 1.000000 1173.000000 880.000000
0 77 0.826087 0.386364 0.046036 0.129545 1.000000 1173.000000 880.000000
0 78 0.826087 0.385227 0.046036 0.129545 1.000000 1173.000000 880.000000
0 79 0.826087 0.384091 0.046036 0.129545 1.000000 1173.000000 880.000000
0 80 0.825661 0.383523 0.045183 0.128409 1.000000 1173.000000 880.000000
0 81 0.825661 0.382386 0.045183 0.128409 1.000000 1173.000000 880.000000
0 82 0.825661 0.381250 0.045183 0.128409 1.000000 1173.000000 880.000000
0 83 0.825234 0.380114 0.046036 0.128409 1.000000 1173.000000 880.000000
0 84 0.825234 0.378977 0.046036 0.128409 1.000000 1173.000000 880.000000
0 85 0.824808 0.377841 0.045183 0.128409 1.000000 1173.000000 880.000000
0 86 0.824808 0.376705 0.045183 0.128409 1.000000 1173.000000 880.000000
0 87 0.824808 0.375568 0.045183 0.128409 1.000000 1173.000000 880.000000
0 88 0.824382 0.374432 0.046036 0.128409 1.000000 1173.000000 880.000000
0 89 0.823956 0.373864 0.045183 0.127273 1.000000 1173.000000 880.000000
0 90 0.823956 0.372727 0.045183 0.127273 1.000000 1173.000000 880.000000
0 91 0.823956 0.371591 0.045183 0.127273 1.000000 1173.000000 880.000000
0 92 0.823956 0.370455 0.045183 0.127273 1.000000 1173.000000 880.000000
0 93 0.823529 0.369318 0.046036 0.127273 1.000000 1173.000000 880.000000
0 94 0.823103 0.368182 0.045183 0.127273 1.000000 1173.000000 880.000000
0 95 0.823103 0.367045 0.045183 0.127273 1.000000 1173.000000 880.000000
0 96 0.823103 0.365909 0.045183 0.127273 1.000000 1173.000000 880.000000
0 97 0.823103 0.364773 0.045183 0.127273 1.000000 1173.000000 880.000000
0 98 0.823103 0.364773 0.045183 0.127273 1.000000 1173.000000 880.000000
0 99 0.823103 0.362500 0.045183 0.127273 1.000000 1173.000000 880.000000
0 100 0.823103 0.361364 0.045183 0.127273 1.000000 1173.000000 880.000000
0 101 0.823103 0.360227 0.045183 0.127273 1.000000 1173.000000 880.000000
0 102 0.823956 0.359091 0.045183 0.127273 1.000000 1173.000000 880.000000
0 103 0.823956 0.357955 0.045183 0.127273 1.000000 1173.000000 880.000000
0 104 0.823956 0.356818 0.045183 0.127273 1.000000 1173.000000 880.000000
0 105 0.823956 0.355682 0.045183 0.127273 1.000000 1173.000000 880.000000
0 106 0.824808 0.353409 0.045183 0.127273 1.000000 1173.000000 880.000000
0 107 0.824808 0.352273 0.045183 0.127273 1.000000 1173.000000 880.000000
0 108 0.824808 0.351136 0.045183 0.127273 1.000000 1173.000000 880.000000
0 109 0.825661 0.350000 0.045183 0.127273 1.000000 1173.000000 880.000000
0 110 0.825661 0.348864 0.045183 0.127273 1.000000 1173.000000 880.000000
0 111 0.825661 0.347727 0.045183 0.127273 1.000000 1173.000000 880.000000
0 112 0.825661 0.346591 0.045183 0.127273 1.000000 1173.000000 880.000000
0 113 0.826513 0.344318 0.045183 0.127273 1.000000 1173.000000 880.000000
0 114 0.826513 0.343182 0.045183 0.127273 1.000000 1173.000000 880.000000
0 115 0.826513 0.342045 0.045183 0.127273 1.000000 1173.000000 880.000000
0 116 0.826513 0.340909 0.045183 0.127273 1.000000 1173.000000 880.000000
0 117 0.827366 0.339773 0.045183 0.127273 1.000000 1173.000000 880.000000
0 118 0.827366 0.338636 0.045183 0.127273 1.000000 1173.000000 880.000000
0 119 0.827366 0.337500 0.045183 0.127273 1.000000 1173.000000 880.000000
0 120 0.828218 0.335227 0.045183 0.127273 1.000000 1173.000000 880.000000
0 121 0.828218 0.334091 0.045183 0.127273 1.000000 1173.000000 880.000000
0 122 0.828218 0.332955 0.045183 0.127273 1.000000 1173.000000 880.000000
0 123 0.828218 0.331818 0.045183 0.127273 1.000000 1173.000000 880.000000
0 124 0.829071 0.330682 0.045183 0.127273 1.000000 1173.000000 880.000000
0 125 0.829071 0.329545 0.045183 0.127273 1.000000 1173.000000 880.000000
0 126 0.829071 0.328409 0.045183 0.127273 1.000000 1173.000000 880.000000
0 127 0.829923 0.327273 0.045183 0.127273 1.000000 1173.000000 880.000000
0 128 0.829923 0.325568 0.045183 0.126136 1.000000 1173.000000 880.000000
0 129 0.829923 0.324432 0.045183 0.126136 1.000000 1173.000000 880.000000
0 130 0.829923 0.323864 0.045183 0.125000 1.000000 1173.000000 880.000000
0 131 0.830776 0.322727 0.045183 0.125000 1.000000 1173.000000 880.000000
0 132 0.830776 0.321591 0.045183 0.125000 1.000000 1173.000000 880.000000
0 133 0.830776 0.321023 0.045183 0.123864 1.000000 1173.000000 880.000000
0 134 0.830776 0.319886 0.045183 0.123864 1.000000 1173.000000 880.000000
0 135 0.831628 0.318750 0.045183 0.123864 1.000000 1173.000000 880.000000
0 136 0.831628 0.318182 0.045183 0.122727 1.000000 1173.000000 880.000000
0 137 0.831628 0.317045 0.045183 0.122727 1.000000 1173.000000 880.000000
0 138 0.832055 0.315909 0.044331 0.122727 1.000000 1173.000000 880.000000
0 139 0.832481 0.315341 0.045183 0.121591 1.000000 1173.000000 880.000000
0 140 0.832481 0.313636 0.045183 0.120455 1.000000 1173.000000 880.000000
0 141 0.832481 0.312500 0.045183 0.120455 1.000000 1173.000000 880.000000
0 142 0.832907 0.311932 0.044331 0.119318 1.000000 1173.000000 880.000000
0 143 0.833333 0.310795 0.045183 0.119318 1.000000 1173.000000 880.000000
0 144 0.833333 0.309659 0.045183 0.119318 1.000000 1173.000000 880.000000
0 145 0.833760 0.309091 0.044331 0.118182 1.000000 1173.000000 880.000000
0 146 0.833760 0.307955 0.044331 0.118182 1.000000 1173.000000 880.000000
0 147 0.834186 0.306818 0.045183 0.118182 1.000000 1173.000000 880.000000
0 148 0.834186 0.306250 0.045183 0.117045 1.000000 1173.000000 880.000000
0 149 0.834612 0.305114 0.044331 0.117045 1.000000 1173.000000 880.000000
0 150 0.834612 0.303977 0.044331 0.117045 1.000000 1173.000000 880.000000
0 151 0.835038 0.303409 0.045183 0.115909 1.000000 1173.000000 880.000000
0 152 0.835038 0.301705 0.045183 0.114773 1.000000 1173.000000 880.000000
0 153 0.835465 0.300568 0.044331 0.114773 1.000000 1173.000000 880.000000
0 154 0.835465 0.300000 0.044331 0.113636 1.000000 1173.000000 880.000000
0 155 0.835891 0.298864 0.045183 0.113636 1.000000 1173.000000 880.000000
0 156 0.836317 0.297727 0.044331 0.113636 1.000000 1173.000000 880.000000
0 157 0.836317 0.297159 0.044331 0.112500 1.000000 1173.000000 880.000000
0 158 0.836317 0.296023 0.044331 0.112500 1.000000 1173.000000 880.000000
0 159 0.836743 0.294886 0.045183 0.112500 1.000000 1173.000000 880.000000
0 160 0.837170 0.294318 0.044331 0.111364 1.000000 1173.000000 880.000000
0 161 0.837170 0.293182 0.044331 0.111364 1.000000 1173.000000 880.000000
0 162 0.837170 0.292045 0.044331 0.111364 1.000000 1173.000000 880.000000
0 163 0.838022 0.291477 0.044331 0.110227 1.000000 1173.000000 880.000000
0 164 0.838022 0.290341 0.044331 0.110227 1.000000 1173.000000 880.000000
0 165 0.838022 0.289205 0.044331 0.110227 1.000000 1173.000000 880.000000
0 166 0.838022 0.288068 0.044331 0.110227 1.000000 1173.000000 880.000000
0 167 0.838875 0.286932 0.044331 0.110227 1.000000 1173.000000 880.000000
0 168 0.838875 0.285795 0.044331 0.110227 1.000000 1173.000000 880.000000
0 169 0.838875 0.284659 0.044331 0.110227 1.000000 1173.000000 880.000000
0 170 0.839727 0.283523 0.044331 0.110227 1.000000 1173.000000 880.000000
0 171 0.839727 0.282386 0.044331 0.110227 1.000000 1173.000000 880.000000
0 172 0.839727 0.281818 0.044331 0.111364 1.000000 1173.000000 880.000000
0 173 0.840153 0.280682 0.045183 0.111364 1.000000 1173.000000 880.000000
0 174 0.840580 0.279545 0.044331 0.111364 1.000000 1173.000000 880.000000
0 175 0.840580 0.278977 0.044331 0.110227 1.000000 1173.000000 880.000000
0 176 0.841006 0.277841 0.045183 0.110227 1.000000 1173.000000 880.000000
0 177 0.841432 0.276705 0.044331 0.110227 1.000000 1173.000000 880.000000
0 178 0.841432 0.275568 0.044331 0.110227 1.000000 1173.000000 880.000000
0 179 0.841858 0.274432 0.045183 0.110227 1.000000 1173.000000 880.000000
0 180 0.841858 0.273295 0.045183 0.110227 1.000000 1173.000000 880.000000
0 181 0.842285 0.272727 0.044331 0.111364 1.000000 1173.000000 880.000000
0 182 0.842285 0.271591 0.044331 0.111364 1.000000 1173.000000 880.000000
0 183 0.842711 0.270455 0.045183 0.111364 1.000000 1173.000000 880.000000
0 184 0.843137 0.269318 0.044331 0.111364 1.000000 1173.000000 880.000000
0 185 0.843137 0.268182 0.044331 0.111364 1.000000 1173.000000 880.000000
0 186 0.843564 0.267045 0.045183 0.111364 1.000000 1173.000000 880.000000
0 187 0.843564 0.266477 0.045183 0.110227 1.000000 1173.000000 880.000000
0 188 0.843990 0.265341 0.044331 0.110227 1.000000 1173.000000 880.000000
0 189 0.844416 0.264205 0.045183 0.110227 1.000000 1173.000000 880.000000
0 190 0.844416 0.263636 0.045183 0.111364 1.000000 1173.000000 880.000000
0 191 0.844842 0.262500 0.044331 0.111364 1.000000 1173.000000 880.000000
0 192 0.845269 0.261364 0.045183 0.111364 1.000000 1173.000000 880.000000
0 193 0.845269 0.260227 0.045183 0.111364 1.000000 1173.000000 880.000000
0 194 0.845269 0.259091 0.045183 0.111364 1.000000 1173.000000 880.000000
0 195 0.846121 0.257955 0.045183 0.111364 1.000000 1173.000000 880.000000
0 196 0.846121 0.256818 0.045183 0.111364 1.000000 1173.000000 880.000000
0 197 0.846121 0.255682 0.045183 0.111364 1.000000 1173.000000 880.000000
0 198 0.846974 0.255682 0.045183 0.111364 1.000000 1173.000000 880.000000
0 199 0.846974 0.254545 0.045183 0.111364 1.000000 1173.000000 880.000000
0 200 0.846974 0.254545 0.045183 0.111364 1.000000 1173.000000 880.000000
0 201 0.846974 0.253409 0.045183 0.111364 1.000000 1173.000000 880.000000
0 202 0.847400 0.253409 0.044331 0.111364 1.000000 1173.000000 880.000000
0 203 0.847826 0.252273 0.045183 0.111364 1.000000 1173.000000 880.000000
0 204 0.847826 0.252273 0.045183 0.111364 1.000000 1173.000000 880.000000
0 205 0.847826 0.251136 0.045183 0.111364 1.000000 1173.000000 880.000000
0 206 0.848252 0.251136 0.044331 0.111364 1.000000 1173.000000 880.000000
0 207 0.848679 0.250000 0.045183 0.111364 1.000000 1173.000000 880.000000
0 208 0.848679 0.250000 0.045183 0.111364 1.000000 1173.000000 880.000000
0 209 0.848679 0.249432 0.045183 0.110227 1.000000 1173.000000 880.000000
0 210 0.849105 0.248864 0.044331 0.111364 1.000000 1173.000000 880.000000
0 211 0.849531 0.248295 0.045183 0.110227 1.000000 1173.000000 880.000000
0 212 0.849531 0.247727 0.045183 0.111364 1.000000 1173.000000 880.000000
0 213 0.849531 0.247159 0.045183 0.110227 1.000000 1173.000000 880.000000
0 214 0.849957 0.246591 0.044331 0.111364 1.000000 1173.000000 880.000000
0 215 0.850384 0.246023 0.045183 0.110227 1.000000 1173.000000 880.000000
0 216 0.850384 0.245455 0.045183 0.111364 1.000000 1173.000000 880.000000
0 217 0.850810 0.245455 0.044331 0.111364 1.000000 1173.000000 880.000000
0 218 0.850810 0.244886 0.044331 0.110227 1.000000 1173.000000 880.000000
0 219 0.850810 0.244318 0.044331 0.111364 1.000000 1173.000000 880.000000
0 220 0.851236 0.243750 0.045183 0.110227 1.000000 1173.000000 880.000000
0 221 0.851662 0.243182 0.044331 0.111364 1.000000 1173.000000 880.000000
0 222 0.851662 0.242614 0.044331 0.110227 1.000000 1173.000000 880.000000
0 223 0.851662 0.242045 0.044331 0.111364 1.000000 1173.000000 880.000000
0 224 0.852089 0.241477 0.045183 0.110227 1.000000 1173.000000 880.000000
0 225 0.852515 0.240909 0.044331 0.111364 1.000000 1173.000000 880.000000
0 226 0.852515 0.240341 0.044331 0.110227 1.000000 1173.000000 880.000000
0 227 0.852515 0.240341 0.044331 0.110227 1.000000 1173.000000 880.000000
0 228 0.852941 0.239205 0.045183 0.110227 1.000000 1173.000000 880.000000
0 229 0.853367 0.239205 0.044331 0.110227 1.000000 1173.000000 880.000000
0 230 0.853367 0.238068 0.044331 0.110227 1.000000 1173.000000 880.000000
0 231 0.853367 0.238068 0.044331 0.110227 1.000000 1173.000000 880.000000
0 232 0.853794 0.236932 0.045183 0.110227 1.000000 1173.000000 880.000000
0 233 0.854220 0.236932 0.044331 0.110227 1.000000 1173.000000 880.000000
0 234 0.854220 0.235795 0.044331 0.110227 1.000000 1173.000000 880.000000
0 235 0.854220 0.235795 0.044331 0.110227 1.000000 1173.000000 880.000000
0 236 0.855072 0.235795 0.044331 0.110227 1.000000 1173.000000 880.000000
0 237 0.855072 0.234659 0.044331 0.110227 1.000000 1173.000000 880.000000
0 238 0.855072 0.233523 0.044331 0.110227 1.000000 1173.000000 880.000000
0 239 0.855072 0.232386 0.044331 0.110227 1.000000 1173.000000 880.000000
0 240 0.855499 0.231818 0.043478 0.111364 1.000000 1173.000000 880.000000
0 241 0.855499 0.231250 0.043478 0.110227 1.000000 1173.000000 880.000000
0 242 0.855499 0.230114 0.043478 0.110227 1.000000 1173.000000 880.000000
0 243 0.855499 0.228977 0.043478 0.110227 1.000000 1173.000000 880.000000
0 244 0.856351 0.228409 0.043478 0.111364 1.000000 1173.000000 880.000000
0 245 0.856351 0.227841 0.043478 0.110227 1.000000 1173.000000 880.000000
0 246 0.856351 0.226705 0.043478 0.110227 1.000000 1173.000000 880.000000
0 247 0.856777 0.226136 0.042626 0.111364 1.000000 1173.000000 880.000000
0 248 0.856777 0.225000 0.042626 0.111364 1.000000 1173.000000 880.000000
0 249 0.856777 0.224432 0.042626 0.110227 1.000000 1173.000000 880.000000
0 250 0.856777 0.223295 0.042626 0.110227 1.000000 1173.000000 880.000000
0 251 0.857630 0.222727 0.042626 0.111364 1.000000 1173.000000 880.000000
0 252 0.857630 0.221591 0.042626 0.111364 1.000000 1173.000000 880.000000
0 253 0.857630 0.221023 0.042626 0.110227 1.000000 1173.000000 880.000000
0 254 0.857630 0.219886 0.042626 0.110227 1.000000 1173.000000 880.000000
0 255 0.858056 0.219318 0.041773 0.111364 1.000000 1173.000000 880.000000
0 256 0.858056 0.218182 0.041773 0.111364 1.000000 1173.000000 880.000000
0 257 0.858056 0.217614 0.041773 0.110227 1.000000 1173.000000 880.000000
0 258 0.858909 0.217045 0.041773 0.111364 1.000000 1173.000000 880.000000
0 259 0.858909 0.215909 0.041773 0.111364 1.000000 1173.000000 880.000000
0 260 0.858909 0.214773 0.041773 0.111364 1.000000 1173.000000 880.000000
0 261 0.858909 0.214205 0.041773 0.110227 1.000000 1173.000000 880.000000
0 262 0.859335 0.213636 0.040921 0.111364 1.000000 1173.000000 880.000000
0 263 0.859335 0.212500 0.040921 0.111364 1.000000 1173.000000 880.000000
0 264 0.859335 0.211364 0.040921 0.111364 1.000000 1173.000000 880.000000
0 265 0.860188 0.211364 0.040921 0.111364 1.000000 1173.000000 880.000000
0 266 0.859335 0.210227 0.040921 0.111364 1.000000 1173.000000 880.000000
0 267 0.859335 0.210227 0.040921 0.111364 1.000000 1173.000000 880.000000
0 268 0.859335 0.209091 0.040921 0.111364 1.000000 1173.000000 880.000000
0 269 0.859335 0.209091 0.040921 0.111364 1.000000 1173.000000 880.000000
0 270 0.859335 0.207955 0.040921 0.111364 1.000000 1173.000000 880.000000
0 271 0.859335 0.207955 0.040921 0.111364 1.000000 1173.000000 880.000000
0 272 0.859335 0.206818 0.040921 0.111364 1.000000 1173.000000 880.000000
0 273 0.859335 0.206818 0.040921 0.111364 1.000000 1173.000000 880.000000
0 274 0.859335 0.205682 0.040921 0.111364 1.000000 1173.000000 880.000000
0 275 0.859335 0.205682 0.040921 0.111364 1.000000 1173.000000 880.000000
0 276 0.859335 0.204545 0.040921 0.111364 1.000000 1173.000000 880.000000
0 277 0.859335 0.204545 0.040921 0.111364 1.000000 1173.000000 880.000000
0 278 0.859335 0.203409 0.040921 0.111364 1.000000 1173.000000 880.000000
0 279 0.859335 0.203409 0.040921 0.111364 1.000000 1173.000000 880.000000
0 280 0.859335 0.202273 0.040921 0.111364 1.000000 1173.000000 880.000000
0 281 0.859335 0.202273 0.040921 0.111364 1.000000 1173.000000 880.000000
0 282 0.859335 0.201136 0.040921 0.111364 1.000000 1173.000000 880.000000
0 283 0.859335 0.201136 0.040921 0.111364 1.000000 1173.000000 880.000000
0 284 0.858909 0.200000 0.041773 0.111364 1.000000 1173.000000 880.000000
0 285 0.858909 0.200000 0.041773 0.111364 1.000000 1173.000000 880.000000
0 286 0.858909 0.198864 0.041773 0.111364 1.000000 1173.000000 880.000000
0 287 0.858909 0.198864 0.041773 0.111364 1.000000 1173.000000 880.000000
0 288 0.858909 0.197727 0.041773 0.111364 1.000000 1173.000000 880.000000
0 289 0.858909 0.197727 0.041773 0.111364 1.000000 1173.000000 880.000000
0 290 0.858909 0.196591 0.041773 0.111364 1.000000 1173.000000 880.000000
0 291 0.858909 0.196591 0.041773 0.111364 1.000000 1173.000000 880.000000
0 292 0.858909 0.195455 0.041773 0.111364 1.000000 1173.000000 880.000000
0 293 0.858909 0.195455 0.041773 0.111364 1.000000 1173.000000 880.000000
0 294 0.858909 0.194318 0.041773 0.111364 1.000000 1173.000000 880.000000
0 295 0.858909 0.194318 0.041773 0.111364 1.000000 1173.000000 880.000000
0 296 0.858909 0.193182 0.041773 0.111364 1.000000 1173.000000 880.000000
0 297 0.858909 0.193182 0.041773 0.111364 1.000000 1173.000000 880.000000
0 298 0.858909 0.192045 0.041773 0.111364 1.000000 1173.000000 880.000000
0 299 0.858909 0.192045 0.041773 0.111364 1.000000 1173.000000 880.000000
0 300 0.858909 0.190909 0.041773 0.111364 1.000000 1173.000000 880.000000
0 301 0.858909 0.190909 0.041773 0.111364 1.000000 1173.000000 880.000000
0 302 0.858483 0.189773 0.040921 0.111364 1.000000 1173.000000 880.000000
0 303 0.858483 0.189773 0.040921 0.111364 1.000000 1173.000000 880.000000
0 304 0.858483 0.189205 0.040921 0.110227 1.000000 1173.000000 880.000000
0 305 0.858483 0.189205 0.040921 0.110227 1.000000 1173.000000 880.000000
0 306 0.858483 0.188068 0.040921 0.110227 1.000000 1173.000000 880.000000
0 307 0.858056 0.188068 0.040068 0.110227 1.000000 1173.000000 880.000000
0 308 0.858056 0.187500 0.040068 0.109091 1.000000 1173.000000 880.000000
0 309 0.858056 0.187500 0.040068 0.109091 1.000000 1173.000000 880.000000
0 310 0.858056 0.186364 0.040068 0.109091 1.000000 1173.000000 880.000000
0 311 0.858056 0.186364 0.040068 0.109091 1.000000 1173.000000 880.000000
0 312 0.857630 0.185795 0.039216 0.107955 1.000000 1173.000000 880.000000
0 313 0.858056 0.185795 0.038363 0.107955 1.000000 1173.000000 880.000000
0 314 0.858056 0.184659 0.038363 0.107955 1.000000 1173.000000 880.000000
0 315 0.858056 0.184659 0.038363 0.107955 1.000000 1173.000000 880.000000
0 316 0.858056 0.184091 0.038363 0.106818 1.000000 1173.000000 880.000000
0 317 0.857630 0.184091 0.037511 0.106818 1.000000 1173.000000 880.000000
0 318 0.857630 0.182955 0.037511 0.106818 1.000000 1173.000000 880.000000
0 319 0.857630 0.182955 0.037511 0.106818 1.000000 1173.000000 880.000000
0 320 0.857630 0.182955 0.037511 0.106818 1.000000 1173.000000 880.000000
0 321 0.857630 0.182386 0.037511 0.105682 1.000000 1173.000000 880.000000
0 322 0.857204 0.181818 0.036658 0.106818 1.000000 1173.000000 880.000000
0 323 0.857204 0.181250 0.036658 0.105682 1.000000 1173.000000 880.000000
0 324 0.857204 0.181250 0.036658 0.105682 1.000000 1173.000000 880.000000
0 325 0.857630 0.180682 0.035806 0.104545 1.000000 1173.000000 880.000000
0 326 0.857630 0.180114 0.035806 0.105682 1.000000 1173.000000 880.000000
0 327 0.857204 0.179545 0.034953 0.104545 1.000000 1173.000000 880.000000
0 328 0.857204 0.179545 0.034953 0.104545 1.000000 1173.000000 880.000000
0 329 0.857204 0.178977 0.034953 0.103409 1.000000 1173.000000 880.000000
0 330 0.857204 0.178409 0.034953 0.104545 1.000000 1173.000000 880.000000
0 331 0.857204 0.177841 0.034953 0.103409 1.000000 1173.000000 880.000000
0 332 0.856777 0.177841 0.034101 0.103409 1.000000 1173.000000 880.000000
0 333 0.856777 0.177273 0.034101 0.102273 1.000000 1173.000000 880.000000
0 334 0.856777 0.176705 0.034101 0.103409 1.000000 1173.000000 880.000000
0 335 0.856777 0.176136 0.034101 0.102273 1.000000 1173.000000 880.000000
0 336 0.856777 0.176136 0.034101 0.102273 1.000000 1173.000000 880.000000
0 337 0.857204 0.176136 0.033248 0.102273 1.000000 1173.000000 880.000000
0 338 0.856351 0.175000 0.033248 0.102273 1.000000 1173.000000 880.000000
0 339 0.856351 0.173864 0.033248 0.102273 1.000000 1173.000000 880.000000
0 340 0.855499 0.173864 0.033248 0.102273 1.000000 1173.000000 880.000000
0 341 0.855499 0.172727 0.033248 0.102273 1.000000 1173.000000 880.000000
0 342 0.854646 0.171591 0.033248 0.102273 1.000000 1173.000000 880.000000
0 343 0.854646 0.171591 0.033248 0.102273 1.000000 1173.000000 880.000000
0 344 0.853794 0.170455 0.033248 0.102273 1.000000 1173.000000 880.000000
0 345 0.853794 0.169318 0.033248 0.102273 1.000000 1173.000000 880.000000
0 346 0.853794 0.169318 0.033248 0.102273 1.000000 1173.000000 880.000000
0 347 0.852941 0.168182 0.033248 0.102273 1.000000 1173.000000 880.000000
0 348 0.852941 0.168182 0.033248 0.102273 1.000000 1173.000000 880.000000
0 349 0.852089 0.167045 0.033248 0.102273 1.000000 1173.000000 880.000000
0 350 0.852089 0.165909 0.033248 0.102273 1.000000 1173.000000 880.000000
0 351 0.851236 0.165909 0.033248 0.102273 1.000000 1173.000000 880.000000
0 352 0.851236 0.164773 0.033248 0.102273 1.000000 1173.000000 880.000000
0 353 0.851236 0.163636 0.033248 0.102273 1.000000 1173.000000 880.000000
0 354 0.850384 0.163636 0.033248 0.102273 1.000000 1173.000000 880.000000
0 355 0.850384 0.162500 0.033248 0.102273 1.000000 1173.000000 880.000000
0 356 0.849531 0.161364 0.033248 0.102273 1.000000 1173.000000 880.000000
0 357 0.849531 0.161364 0.033248 0.102273 1.000000 1173.000000 880.000000
0 358 0.848679 0.160227 0.033248 0.102273 1.000000 1173.000000 880.000000
0 359 0.848679 0.160227 0.033248 0.102273 1.000000 1173.000000 880.000000
0 360 0.848679 0.159091 0.033248 0.102273 1.000000 1173.000000 880.000000
0 361 0.847826 0.157955 0.033248 0.102273 1.000000 1173.000000 880.000000
0 362 0.847826 0.157955 0.033248 0.102273 1.000000 1173.000000 880.000000
0 363 0.846974 0.156818 0.033248 0.102273 1.000000 1173.000000 880.000000
0 364 0.846974 0.155682 0.033248 0.102273 1.000000 1173.000000 880.000000
0 365 0.846121 0.155682 0.033248 0.102273 1.000000 1173.000000 880.000000
0 366 0.846121 0.154545 0.033248 0.102273 1.000000 1173.000000 880.000000
0 367 0.846121 0.154545 0.033248 0.102273 1.000000 1173.000000 880.000000
0 368 0.845269 0.153409 0.033248 0.102273 1.000000 1173.000000 880.000000
0 369 0.845269 0.152841 0.033248 0.101136 1.000000 1173.000000 880.000000
0 370 0.845269 0.151705 0.033248 0.101136 1.000000 1173.000000 880.000000
0 371 0.844416 0.151136 0.033248 0.100000 1.000000 1173.000000 880.000000
0 372 0.844416 0.150568 0.033248 0.101136 1.000000 1173.000000 880.000000
0 373 0.844416 0.150000 0.033248 0.100000 1.000000 1173.000000 880.000000
0 374 0.843990 0.148864 0.032396 0.100000 1.000000 1173.000000 880.000000
0 375 0.843564 0.148295 0.033248 0.098864 1.000000 1173.000000 880.000000
0 376 0.843564 0.147159 0.033248 0.098864 1.000000 1173.000000 880.000000
0 377 0.843137 0.147159 0.032396 0.098864 1.000000 1173.000000 880.000000
0 378 0.842711 0.146023 0.033248 0.098864 1.000000 1173.000000 880.000000
0 379 0.842711 0.145455 0.033248 0.097727 1.000000 1173.000000 880.000000
0 380 0.842285 0.144318 0.032396 0.097727 1.000000 1173.000000 880.000000
0 381 0.842285 0.143750 0.032396 0.096591 1.000000 1173.000000 880.000000
0 382 0.841858 0.143182 0.033248 0.097727 1.000000 1173.000000 880.000000
0 383 0.841432 0.142614 0.032396 0.096591 1.000000 1173.000000 880.000000
0 384 0.841432 0.141477 0.032396 0.096591 1.000000 1173.000000 880.000000
0 385 0.841006 0.140909 0.033248 0.095455 1.000000 1173.000000 880.000000
0 386 0.840580 0.139773 0.032396 0.095455 1.000000 1173.000000 880.000000
0 387 0.840580 0.139773 0.032396 0.095455 1.000000 1173.000000 880.000000
0 388 0.840580 0.138636 0.032396 0.095455 1.000000 1173.000000 880.000000
0 389 0.839727 0.138068 0.032396 0.094318 1.000000 1173.000000 880.000000
0 390 0.839727 0.136932 0.032396 0.094318 1.000000 1173.000000 880.000000
0 391 0.839727 0.136364 0.032396 0.093182 1.000000 1173.000000 880.000000
0 392 0.839727 0.136364 0.032396 0.093182 1.000000 1173.000000 880.000000
0 393 0.838875 0.135227 0.032396 0.093182 1.000000 1173.000000 880.000000
0 394 0.838875 0.134091 0.032396 0.093182 1.000000 1173.000000 880.000000
0 395 0.838875 0.134091 0.032396 0.093182 1.000000 1173.000000 880.000000
0 396 0.838875 0.132955 0.032396 0.093182 1.000000 1173.000000 880.000000
0 397 0.838448 0.131818 0.033248 0.093182 1.000000 1173.000000 880.000000
0 398 0.838022 0.131818 0.032396 0.093182 1.000000 1173.000000 880.000000
0 399 0.838022 0.130682 0.032396 0.093182 1.000000 1173.000000 880.000000
0 400 0.838022 0.130682 0.032396 0.093182 1.000000 1173.000000 880.000000
0 401 0.838022 0.129545 0.032396 0.093182 1.000000 1173.000000 880.000000
0 402 0.837596 0.128409 0.033248 0.093182 1.000000 1173.000000 880.000000
0 403 0.837170 0.128409 0.032396 0.093182 1.000000 1173.000000 880.000000
0 404 0.837170 0.127273 0.032396 0.093182 1.000000 1173.000000 880.000000
0 405 0.837170 0.127273 0.032396 0.093182 1.000000 1173.000000 880.000000
0 406 0.837170 0.126136 0.032396 0.093182 1.000000 1173.000000 880.000000
0 407 0.836743 0.125000 0.033248 0.093182 1.000000 1173.000000 880.000000
0 408 0.836743 0.125000 0.033248 0.093182 1.000000 1173.000000 880.000000
0 409 0.836317 0.123864 0.032396 0.093182 1.000000 1173.000000 880.000000
0 410 0.836317 0.123864 0.032396 0.093182 1.000000 1173.000000 880.000000
0 411 0.836317 0.122727 0.032396 0.093182 1.000000 1173.000000 880.000000
0 412 0.835891 0.121591 0.033248 0.093182 1.000000 1173.000000 880.000000
0 413 0.835891 0.121591 0.033248 0.093182 1.000000 1173.000000 880.000000
0 414 0.835465 0.120455 0.032396 0.093182 1.000000 1173.000000 880.000000
0 415 0.835465 0.120455 0.032396 0.093182 1.000000 1173.000000 880.000000
0 416 0.835038 0.119318 0.033248 0.093182 1.000000 1173.000000 880.000000
0 417 0.835038 0.118182 0.033248 0.093182 1.000000 1173.000000 880.000000
0 418 0.835038 0.118182 0.033248 0.093182 1.000000 1173.000000 880.000000
0 419 0.835038 0.117045 0.033248 0.093182 1.000000 1173.000000 880.000000
0 420 0.834612 0.117045 0.032396 0.093182 1.000000 1173.000000 880.000000
0 421 0.834186 0.115909 0.033248 0.093182 1.000000 1173.000000 880.000000
0 422 0.834186 0.114773 0.033248 0.093182 1.000000 1173.000000 880.000000
0 423 0.834186 0.114773 0.033248 0.093182 1.000000 1173.000000 880.000000
0 424 0.834186 0.113636 0.033248 0.093182 1.000000 1173.000000 880.000000
0 425 0.833760 0.113636 0.032396 0.093182 1.000000 1173.000000 880.000000
0 426 0.833333 0.112500 0.033248 0.093182 1.000000 1173.000000 880.000000
0 427 0.833333 0.111364 0.033248 0.093182 1.000000 1173.000000 880.000000
0 428 0.833333 0.111364 0.033248 0.093182 1.000000 1173.000000 880.000000
0 429 0.833333 0.110227 0.033248 0.093182 1.000000 1173.000000 880.000000
0 430 0.833333 0.110227 0.033248 0.093182 1.000000 1173.000000 880.000000
0 431 0.832481 0.109091 0.033248 0.093182 1.000000 1173.000000 880.000000
0 432 0.832481 0.108523 0.033248 0.092045 1.000000 1173.000000 880.000000
0 433 0.832055 0.107955 0.032396 0.093182 1.000000 1173.000000 880.000000
0 434 0.832055 0.107386 0.032396 0.092045 1.000000 1173.000000 880.000000
0 435 0.831628 0.107386 0.033248 0.092045 1.000000 1173.000000 880.000000
0 436 0.831202 0.106250 0.032396 0.092045 1.000000 1173.000000 880.000000
0 437 0.831202 0.106250 0.032396 0.092045 1.000000 1173.000000 880.000000
0 438 0.830776 0.105114 0.031543 0.092045 1.000000 1173.000000 880.000000
0 439 0.830350 0.105114 0.032396 0.092045 1.000000 1173.000000 880.000000
0 440 0.830350 0.104545 0.032396 0.090909 1.000000 1173.000000 880.000000
0 441 0.829923 0.103977 0.031543 0.092045 1.000000 1173.000000 880.000000
0 442 0.829923 0.103409 0.031543 0.090909 1.000000 1173.000000 880.000000
0 443 0.829497 0.102841 0.030691 0.092045 1.000000 1173.000000 880.000000
0 444 0.829071 0.102273 0.031543 0.090909 1.000000 1173.000000 880.000000
0 445 0.829071 0.102273 0.031543 0.090909 1.000000 1173.000000 880.000000
0 446 0.828645 0.101136 0.030691 0.090909 1.000000 1173.000000 880.000000
0 447 0.828645 0.101136 0.030691 0.090909 1.000000 1173.000000 880.000000
0 448 0.828218 0.100568 0.031543 0.089773 1.000000 1173.000000 880.000000
0 449 0.827792 0.100000 0.030691 0.090909 1.000000 1173.000000 880.000000
0 450 0.827792 0.099432 0.030691 0.089773 1.000000 1173.000000 880.000000
0 451 0.827366 0.098864 0.029838 0.090909 1.000000 1173.000000 880.000000
0 452 0.827366 0.098295 0.029838 0.089773 1.000000 1173.000000 880.000000
0 453 0.826939 0.098295 0.030691 0.089773 1.000000 1173.000000 880.000000
0 454 0.826513 0.097159 0.029838 0.089773 1.000000 1173.000000 880.000000
0 455 0.826513 0.097159 0.029838 0.089773 1.000000 1173.000000 880.000000
0 456 0.826087 0.096023 0.028986 0.089773 1.000000 1173.000000 880.000000
0 457 0.825661 0.096023 0.029838 0.089773 1.000000 1173.000000 880.000000
0 458 0.825661 0.095455 0.029838 0.088636 1.000000 1173.000000 880.000000
0 459 0.825234 0.094886 0.028986 0.089773 1.000000 1173.000000 880.000000
0 460 0.825234 0.094318 0.028986 0.088636 1.000000 1173.000000 880.000000
0 461 0.825234 0.094318 0.028986 0.088636 1.000000 1173.000000 880.000000
0 462 0.825234 0.093182 0.028986 0.088636 1.000000 1173.000000 880.000000
0 463 0.825234 0.093182 0.028986 0.088636 1.000000 1173.000000 880.000000
0 464 0.825234 0.092045 0.028986 0.088636 1.000000 1173.000000 880.000000
0 465 0.825234 0.092045 0.028986 0.088636 1.000000 1173.000000 880.000000
0 466 0.825234 0.090909 0.028986 0.088636 1.000000 1173.000000 880.000000
0 467 0.825234 0.090909 0.028986 0.088636 1.000000 1173.000000 880.000000
0 468 0.825234 0.089773 0.028986 0.088636 1.000000 1173.000000 880.000000
0 469 0.825234 0.089773 0.028986 0.088636 1.000000 1173.000000 880.000000
0 470 0.825234 0.088636 0.028986 0.088636 1.000000 1173.000000 880.000000
0 471 0.825234 0.088636 0.028986 0.088636 1.000000 1173.000000 880.000000
0 472 0.825234 0.087500 0.028986 0.088636 1.000000 1173.000000 880.000000
0 473 0.825234 0.087500 0.028986 0.088636 1.000000 1173.000000 880.000000
0 474 0.825234 0.086364 0.028986 0.088636 1.000000 1173.000000 880.000000
0 475 0.825234 0.086364 0.028986 0.088636 1.000000 1173.000000 880.000000
0 476 0.825234 0.085227 0.028986 0.088636 1.000000 1173.000000 880.000000
0 477 0.825234 0.085227 0.028986 0.088636 1.000000 1173.000000 880.000000
0 478 0.825234 0.084091 0.028986 0.088636 1.000000 1173.000000 880.000000
0 479 0.825234 0.084091 0.028986 0.088636 1.000000 1173.000000 880.000000
0 480 0.825234 0.082955 0.028986 0.088636 1.000000 1173.000000 880.000000
0 481 0.825234 0.082955 0.028986 0.088636 1.000000 1173.000000 880.000000
0 482 0.825234 0.081818 0.028986 0.088636 1.000000 1173.000000 880.000000
0 483 0.825234 0.081818 0.028986 0.088636 1.000000 1173.000000 880.000000
0 484 0.825234 0.080682 0.028986 0.088636 1.000000 1173.000000 880.000000
0 485 0.825234 0.080682 0.028986 0.088636 1.000000 1173.000000 880.000000
0 486 0.825234 0.080682 0.028986 0.088636 1.000000 1173.000000 880.000000
0 487 0.825234 0.079545 0.028986 0.088636 1.000000 1173.000000 880.000000
0 488 0.825234 0.079545 0.028986 0.088636 1.000000 1173.000000 880.000000
0 489 0.825234 0.078409 0.028986 0.088636 1.000000 1173.000000 880.000000
0 490 0.826087 0.078409 0.028986 0.088636 1.000000 1173.000000 880.000000
0 491 0.826087 0.078409 0.028986 0.088636 1.000000 1173.000000 880.000000
0 492 0.826087 0.077273 0.028986 0.088636 1.000000 1173.000000 880.000000
0 493 0.826087 0.077273 0.028986 0.088636 1.000000 1173.000000 880.000000
0 494 0.826939 0.077273 0.028986 0.088636 1.000000 1173.000000 880.000000
0 495 0.826939 0.076136 0.028986 0.088636 1.000000 1173.000000 880.000000
0 496 0.826939 0.076136 0.028986 0.088636 1.000000 1173.000000 880.000000
0 497 0.826939 0.076136 0.028986 0.088636 1.000000 1173.000000 880.000000
0 498 0.827792 0.075000 0.028986 0.088636 1.000000 1173.000000 880.000000
0 499 0.827792 0.075000 0.028986 0.088636 1.000000 1173.000000 880.000000
0 500 0.827792 0.075000 0.028986 0.088636 1.000000 1173.000000 880.000000
0 501 0.827792 0.073864 0.028986 0.088636 1.000000 1173.000000 880.000000
0 502 0.828645 0.073864 0.028986 0.088636 1.000000 1173.000000 880.000000
0 503 0.828645 0.073864 0.028986 0.088636 1.000000 1173.000000 880.000000
0 504 0.828645 0.072727 0.028986 0.088636 1.000000 1173.000000 880.000000
0 505 0.828645 0.072727 0.028986 0.088636 1.000000 1173.000000 880.000000
0 506 0.829497 0.072727 0.028986 0.088636 1.000000 1173.000000 880.000000
0 507 0.829497 0.071591 0.028986 0.088636 1.000000 1173.000000 880.000000
0 508 0.829497 0.071591 0.028986 0.088636 1.000000 1173.000000 880.000000
0 509 0.829497 0.071591 0.028986 0.088636 1.000000 1173.000000 880.000000
0 510 0.830350 0.070455 0.028986 0.088636 1.000000 1173.000000 880.000000
0 511 0.830350 0.070455 0.028986 0.088636 1.000000 1173.000000 880.000000
0 512 0.830350 0.070455 0.028986 0.088636 1.000000 1173.000000 880.000000
0 513 0.830350 0.069318 0.028986 0.088636 1.000000 1173.000000 880.000000
0 514 0.831202 0.069318 0.028986 0.088636 1.000000 1173.000000 880.000000
0 515 0.831202 0.069318 0.028986 0.088636 1.000000 1173.000000 880.000000
0 516 0.831202 0.068182 0.028986 0.088636 1.000000 1173.000000 880.000000
0 517 0.831202 0.068182 0.028986 0.088636 1.000000 1173.000000 880.000000
0 518 0.832055 0.068182 0.028986 0.088636 1.000000 1173.000000 880.000000
0 519 0.832055 0.067614 0.028986 0.087500 1.000000 1173.000000 880.000000
0 520 0.832907 0.067614 0.028986 0.087500 1.000000 1173.000000 880.000000
0 521 0.833760 0.067614 0.028986 0.087500 1.000000 1173.000000 880.000000
0 522 0.834612 0.067614 0.028986 0.087500 1.000000 1173.000000 880.000000
0 523 0.835465 0.067614 0.028986 0.087500 1.000000 1173.000000 880.000000
0 524 0.836317 0.067614 0.028986 0.087500 1.000000 1173.000000 880.000000
0 525 0.836743 0.067614 0.028133 0.087500 1.000000 1173.000000 880.000000
0 526 0.837596 0.067614 0.028133 0.087500 1.000000 1173.000000 880.000000
0 527 0.838022 0.067045 0.028986 0.086364 1.000000 1173.000000 880.000000
0 528 0.838875 0.067045 0.028986 0.086364 1.000000 1173.000000 880.000000
0 529 0.839727 0.067045 0.028986 0.086364 1.000000 1173.000000 880.000000
0 530 0.840580 0.067045 0.028986 0.086364 1.000000 1173.000000 880.000000
0 531 0.841006 0.067045 0.028133 0.086364 1.000000 1173.000000 880.000000
0 532 0.841858 0.067045 0.028133 0.086364 1.000000 1173.000000 880.000000
0 533 0.842711 0.067045 0.028133 0.086364 1.000000 1173.000000 880.000000
0 534 0.843564 0.067045 0.028133 0.086364 1.000000 1173.000000 880.000000
0 535 0.843990 0.066477 0.028986 0.085227 1.000000 1173.000000 880.000000
0 536 0.844842 0.066477 0.028986 0.085227 1.000000 1173.000000 880.000000
0 537 0.845695 0.066477 0.028986 0.085227 1.000000 1173.000000 880.000000
0 538 0.846121 0.066477 0.028133 0.085227 1.000000 1173.000000 880.000000
0 539 0.846974 0.066477 0.028133 0.085227 1.000000 1173.000000 880.000000
0 540 0.847826 0.066477 0.028133 0.085227 1.000000 1173.000000 880.000000
0 541 0.848679 0.066477 0.028133 0.085227 1.000000 1173.000000 880.000000
0 542 0.849531 0.066477 0.028133 0.085227 1.000000 1173.000000 880.000000
0 543 0.849957 0.065909 0.028986 0.084091 1.000000 1173.000000 880.000000
0 544 0.850384 0.065909 0.028133 0.084091 1.000000 1173.000000 880.000000
0 545 0.851236 0.065909 0.028133 0.084091 1.000000 1173.000000 880.000000
0 546 0.852089 0.065909 0.028133 0.084091 1.000000 1173.000000 880.000000
0 547 0.852941 0.065909 0.028133 0.084091 1.000000 1173.000000 880.000000
0 548 0.853794 0.065909 0.028133 0.084091 1.000000 1173.000000 880.000000
0 549 0.854646 0.065909 0.028133 0.084091 1.000000 1173.000000 880.000000
0 550 0.855499 0.065909 0.028133 0.084091 1.000000 1173.000000 880.000000
0 551 0.856351 0.065909 0.028133 0.084091 1.000000 1173.000000 880.000000
0 552 0.857204 0.065909 0.028133 0.084091 1.000000 1173.000000 880.000000
0 553 0.858909 0.065909 0.028133 0.084091 1.000000 1173.000000 880.000000
0 554 0.859761 0.065909 0.028133 0.084091 1.000000 1173.000000 880.000000
0 555 0.861466 0.065909 0.028133 0.084091 1.000000 1173.000000 880.000000
0 556 0.862319 0.065909 0.028133 0.084091 1.000000 1173.000000 880.000000
0 557 0.864024 0.067045 0.028133 0.084091 1.000000 1173.000000 880.000000
0 558 0.864876 0.067045 0.028133 0.084091 1.000000 1173.000000 880.000000
0 559 0.865729 0.067045 0.028133 0.084091 1.000000 1173.000000 880.000000
0 560 0.867434 0.067045 0.028133 0.084091 1.000000 1173.000000 880.000000
0 561 0.868286 0.067045 0.028133 0.084091 1.000000 1173.000000 880.000000
0 562 0.869991 0.067045 0.028133 0.084091 1.000000 1173.000000 880.000000
0 563 0.870844 0.068182 0.028133 0.084091 1.000000 1173.000000 880.000000
0 564 0.872549 0.068182 0.028133 0.084091 1.000000 1173.000000 880.000000
0 565 0.873402 0.068182 0.028133 0.084091 1.000000 1173.000000 880.000000
0 566 0.875107 0.068182 0.028133 0.084091 1.000000 1173.000000 880.000000
0 567 0.875959 0.068182 0.028133 0.084091 1.000000 1173.000000 880.000000
0 568 0.876812 0.068182 0.028133 0.084091 1.000000 1173.000000 880.000000
0 569 0.878517 0.069318 0.028133 0.084091 1.000000 1173.000000 880.000000
0 570 0.879369 0.069318 0.028133 0.084091 1.000000 1173.000000 880.000000
0 571 0.881074 0.069318 0.028133 0.084091 1.000000 1173.000000 880.000000
0 572 0.881927 0.069318 0.028133 0.084091 1.000000 1173.000000 880.000000
0 573 0.883632 0.069318 0.028133 0.084091 1.000000 1173.000000 880.000000
0 574 0.884484 0.069318 0.028133 0.084091 1.000000 1173.000000 880.000000
0 575 0.886189 0.070455 0.028133 0.084091 1.000000 1173.000000 880.000000
0 576 0.887468 0.070455 0.028986 0.084091 1.000000 1173.000000 880.000000
0 577 0.889173 0.070455 0.028986 0.084091 1.000000 1173.000000 880.000000
0 578 0.890878 0.070455 0.028986 0.084091 1.000000 1173.000000 880.000000
0 579 0.892583 0.070455 0.028986 0.084091 1.000000 1173.000000 880.000000
0 580 0.893862 0.070455 0.029838 0.084091 1.000000 1173.000000 880.000000
0 581 0.895567 0.071591 0.029838 0.084091 1.000000 1173.000000 880.000000
0 582 0.897272 0.071591 0.029838 0.084091 1.000000 1173.000000 880.000000
0 583 0.898977 0.071591 0.029838 0.084091 1.000000 1173.000000 880.000000
0 584 0.900256 0.071591 0.030691 0.084091 1.000000 1173.000000 880.000000
0 585 0.901961 0.071591 0.030691 0.084091 1.000000 1173.000000 880.000000
0 586 0.903666 0.072727 0.030691 0.084091 1.000000 1173.000000 880.000000
0 587 0.905371 0.072727 0.030691 0.084091 1.000000 1173.000000 880.000000
0 588 0.907076 0.072727 0.030691 0.084091 1.000000 1173.000000 880.000000
0 589 0.908355 0.072727 0.031543 0.084091 1.000000 1173.000000 880.000000
0 590 0.910060 0.072727 0.031543 0.084091 1.000000 1173.000000 880.000000
0 591 0.911765 0.073864 0.031543 0.084091 1.000000 1173.000000 880.000000
0 592 0.913470 0.073864 0.031543 0.084091 1.000000 1173.000000 880.000000
0 593 0.914749 0.073864 0.032396 0.084091 1.000000 1173.000000 880.000000
0 594 0.916454 0.073864 0.032396 0.084091 1.000000 1173.000000 880.000000
0 595 0.918159 0.073864 0.032396 0.084091 1.000000 1173.000000 880.000000
0 596 0.919864 0.075000 0.032396 0.084091 1.000000 1173.000000 880.000000
0 597 0.921142 0.075000 0.033248 0.084091 1.000000 1173.000000 880.000000
0 598 0.922847 0.075000 0.033248 0.084091 1.000000 1173.000000 880.000000
0 599 0.924552 0.075000 0.033248 0.084091 1.000000 1173.000000 880.000000
0 600 0.926257 0.075000 0.033248 0.084091 1.000000 1173.000000 880.000000
0 601 0.927962 0.076136 0.033248 0.084091 1.000000 1173.000000 880.000000
0 602 0.928815 0.075000 0.033248 0.084091 1.000000 1173.000000 880.000000
0 603 0.930520 0.074432 0.033248 0.085227 1.000000 1173.000000 880.000000
0 604 0.931799 0.073864 0.034101 0.086364 1.000000 1173.000000 880.000000
0 605 0.933504 0.073295 0.034101 0.087500 1.000000 1173.000000 880.000000
0 606 0.934783 0.072727 0.034953 0.088636 1.000000 1173.000000 880.000000
0 607 0.936488 0.071591 0.034953 0.088636 1.000000 1173.000000 880.000000
0 608 0.937766 0.071023 0.035806 0.089773 1.000000 1173.000000 880.000000
0 609 0.939471 0.070455 0.035806 0.090909 1.000000 1173.000000 880.000000
0 610 0.940750 0.069886 0.036658 0.092045 1.000000 1173.000000 880.000000
0 611 0.942455 0.069318 0.036658 0.093182 1.000000 1173.000000 880.000000
0 612 0.944160 0.069318 0.036658 0.093182 1.000000 1173.000000 880.000000
0 613 0.945013 0.069318 0.036658 0.093182 1.000000 1173.000000 880.000000
0 614 0.946292 0.069318 0.037511 0.093182 1.000000 1173.000000 880.000000
0 615 0.947570 0.069318 0.036658 0.093182 1.000000 1173.000000 880.000000
0 616 0.948849 0.070455 0.037511 0.093182 1.000000 1173.000000 880.000000
0 617 0.950128 0.070455 0.036658 0.093182 1.000000 1173.000000 880.000000
0 618 0.951407 0.070455 0.037511 0.093182 1.000000 1173.000000 880.000000
0 619 0.952685 0.070455 0.038363 0.093182 1.000000 1173.000000 880.000000
0 620 0.953964 0.071591 0.037511 0.093182 1.000000 1173.000000 880.000000
0 621 0.955243 0.071591 0.038363 0.093182 1.000000 1173.000000 880.000000
0 622 0.956522 0.071591 0.037511 0.093182 1.000000 1173.000000 880.000000
0 623 0.957801 0.071591 0.038363 0.093182 1.000000 1173.000000 880.000000
0 624 0.959506 0.072727 0.038363 0.093182 1.000000 1173.000000 880.000000
0 625 0.960358 0.072727 0.038363 0.093182 1.000000 1173.000000 880.000000
0 626 0.961637 0.072727 0.037511 0.093182 1.000000 1173.000000 880.000000
0 627 0.962916 0.072727 0.038363 0.093182 1.000000 1173.000000 880.000000
0 628 0.964194 0.072727 0.037511 0.093182 1.000000 1173.000000 880.000000
0 629 0.965473 0.072727 0.038363 0.093182 1.000000 1173.000000 880.000000
0 630 0.966752 0.072727 0.037511 0.093182 1.000000 1173.000000 880.000000
0 631 0.967604 0.072727 0.037511 0.093182 1.000000 1173.000000 880.000000
0 632 0.969309 0.072727 0.037511 0.093182 1.000000 1173.000000 880.000000
0 633 0.970162 0.072727 0.037511 0.093182 1.000000 1173.000000 880.000000
