0 595 0.963768 0.985227 0.033248 0.029545 1.000000 1173.000000 880.000000
0 596 0.961637 0.983523 0.034101 0.032955 1.000000 1173.000000 880.000000
0 597 0.959506 0.982386 0.034953 0.035227 1.000000 1173.000000 880.000000
0 598 0.957801 0.981250 0.036658 0.037500 1.000000 1173.000000 880.000000
0 599 0.955669 0.979545 0.037511 0.040909 1.000000 1173.000000 880.000000
0 600 0.953538 0.978409 0.038363 0.043182 1.000000 1173.000000 880.000000
0 601 0.951833 0.977273 0.040068 0.045455 1.000000 1173.000000 880.000000
0 602 0.949702 0.975568 0.040921 0.048864 1.000000 1173.000000 880.000000
0 603 0.947997 0.973864 0.042626 0.052273 1.000000 1173.000000 880.000000
0 604 0.946292 0.972159 0.044331 0.055682 1.000000 1173.000000 880.000000
0 605 0.945013 0.970455 0.045183 0.059091 1.000000 1173.000000 880.000000
0 606 0.943308 0.969318 0.046888 0.061364 1.000000 1173.000000 880.000000
0 607 0.941603 0.967614 0.048593 0.064773 1.000000 1173.000000 880.000000
0 608 0.940324 0.965909 0.049446 0.068182 1.000000 1173.000000 880.000000
0 609 0.938619 0.964205 0.051151 0.071591 1.000000 1173.000000 880.000000
0 610 0.936914 0.963068 0.052856 0.073864 1.000000 1173.000000 880.000000
0 611 0.935635 0.961364 0.053708 0.077273 1.000000 1173.000000 880.000000
0 612 0.933930 0.959659 0.055413 0.080682 1.000000 1173.000000 880.000000
0 613 0.932225 0.957955 0.057118 0.084091 1.000000 1173.000000 880.000000
0 614 0.930946 0.957386 0.057971 0.087500 0.987180 1173.000000 880.000000
0 615 0.929241 0.955114 0.057971 0.089773 1.000000 1173.000000 880.000000
0 616 0.928389 0.953977 0.057971 0.092045 1.000000 1173.000000 880.000000
0 617 0.926684 0.952841 0.057971 0.094318 1.000000 1173.000000 880.000000
0 618 0.925831 0.951705 0.057971 0.096591 1.000000 1173.000000 880.000000
0 619 0.924126 0.950568 0.057971 0.098864 1.000000 1173.000000 880.000000
0 620 0.923274 0.948864 0.057971 0.100000 1.000000 1173.000000 880.000000
0 621 0.921569 0.947727 0.057971 0.102273 1.000000 1173.000000 880.000000
0 622 0.920716 0.946591 0.057971 0.104545 1.000000 1173.000000 880.000000
0 623 0.919011 0.945455 0.057971 0.106818 1.000000 1173.000000 880.000000
0 624 0.918159 0.944318 0.057971 0.109091 1.000000 1173.000000 880.000000
0 625 0.917306 0.943182 0.057971 0.111364 1.000000 1173.000000 880.000000
0 626 0.915601 0.941477 0.057971 0.114773 1.000000 1173.000000 880.000000
0 627 0.913896 0.939773 0.057971 0.118182 1.000000 1173.000000 880.000000
0 628 0.912191 0.938068 0.057971 0.121591 1.000000 1173.000000 880.000000
0 629 0.910486 0.936364 0.057971 0.125000 1.000000 1173.000000 880.000000
0 630 0.909207 0.935227 0.058824 0.127273 1.000000 1173.000000 880.000000
0 631 0.907502 0.933523 0.058824 0.130682 1.000000 1173.000000 880.000000
0 632 0.905797 0.932386 0.058824 0.135227 1.000000 1173.000000 880.000000
0 633 0.904092 0.930682 0.058824 0.138636 1.000000 1173.000000 880.000000
0 634 0.902387 0.928977 0.058824 0.142045 1.000000 1173.000000 880.000000
0 635 0.901108 0.927841 0.059676 0.144318 1.000000 1173.000000 880.000000
0 636 0.899403 0.926136 0.059676 0.147727 1.000000 1173.000000 880.000000
0 637 0.897698 0.924432 0.059676 0.151136 0.991800 1173.000000 880.000000
0 638 0.895993 0.922727 0.059676 0.154545 0.975630 1173.000000 880.000000
0 639 0.895141 0.922159 0.059676 0.157955 0.959860 1173.000000 880.000000
0 640 0.893436 0.918750 0.059676 0.157955 0.949900 1173.000000 880.000000
0 641 0.892583 0.915341 0.059676 0.157955 0.941550 1173.000000 880.000000
0 642 0.891731 0.913068 0.059676 0.157955 0.933200 1173.000000 880.000000
0 643 0.890878 0.909659 0.059676 0.157955 0.924850 1173.000000 880.000000
0 644 0.890026 0.907386 0.059676 0.157955 0.915490 1173.000000 880.000000
0 645 0.889173 0.903977 0.059676 0.157955 0.908150 1173.000000 880.000000
0 646 0.888321 0.901705 0.059676 0.157955 0.898590 1173.000000 880.000000
0 647 0.887468 0.898295 0.059676 0.157955 0.890140 1173.000000 880.000000
0 648 0.886616 0.896023 0.059676 0.157955 0.881690 1173.000000 880.000000
0 649 0.885763 0.892614 0.059676 0.157955 0.890140 1173.000000 880.000000
0 650 0.884910 0.890341 0.059676 0.157955 0.898590 1173.000000 880.000000
0 651 0.883205 0.886932 0.059676 0.157955 0.890140 1173.000000 880.000000
0 652 0.881500 0.884659 0.059676 0.157955 0.890140 1173.000000 880.000000
0 653 0.880648 0.881250 0.059676 0.157955 0.891450 1173.000000 880.000000
0 654 0.878943 0.878977 0.059676 0.157955 0.890140 1173.000000 880.000000
0 655 0.878090 0.876705 0.059676 0.157955 0.896780 1173.000000 880.000000
0 656 0.876385 0.873295 0.059676 0.157955 0.890140 1173.000000 880.000000
0 657 0.875533 0.871023 0.059676 0.157955 0.896480 1173.000000 880.000000
0 658 0.873828 0.868750 0.059676 0.157955 0.888030 1173.000000 880.000000
0 659 0.872123 0.865341 0.059676 0.157955 0.880890 1173.000000 880.000000
0 660 0.871270 0.863068 0.059676 0.157955 0.872330 1173.000000 880.000000
0 661 0.869565 0.859659 0.059676 0.157955 0.857240 1173.000000 880.000000
0 662 0.868713 0.857386 0.059676 0.157955 0.848890 1173.000000 880.000000
0 663 0.867008 0.855114 0.059676 0.157955 0.829780 1173.000000 880.000000
0 664 0.866155 0.851705 0.059676 0.157955 0.826260 1173.000000 880.000000
0 665 0.864450 0.849432 0.059676 0.157955 0.807340 1173.000000 880.000000
0 666 0.863598 0.847159 0.059676 0.157955 0.801610 1173.000000 880.000000
0 667 0.862319 0.844318 0.058824 0.156818 0.808220 1173.000000 880.000000
0 668 0.861466 0.842045 0.058824 0.156818 0.805550 1173.000000 880.000000
0 669 0.860188 0.839205 0.057971 0.155682 0.814740 1173.000000 880.000000
0 670 0.859335 0.836932 0.057971 0.155682 0.809700 1173.000000 880.000000
0 671 0.858483 0.834091 0.057971 0.154545 0.821640 1173.000000 880.000000
0 672 0.857204 0.831818 0.057118 0.154545 0.819130 1173.000000 880.000000
0 673 0.856351 0.828977 0.057118 0.153409 0.817690 1173.000000 880.000000
0 674 0.855499 0.826705 0.057118 0.153409 0.826230 1173.000000 880.000000
0 675 0.854646 0.823864 0.055413 0.152273 0.833670 1173.000000 880.000000
0 676 0.853794 0.821591 0.055413 0.152273 0.837490 1173.000000 880.000000
0 677 0.852941 0.818750 0.055413 0.151136 0.841250 1173.000000 880.000000
0 678 0.851662 0.816477 0.054561 0.151136 0.838810 1173.000000 880.000000
0 679 0.850810 0.813636 0.054561 0.150000 0.839680 1173.000000 880.000000
0 680 0.849957 0.811364 0.054561 0.150000 0.832970 1173.000000 880.000000
0 681 0.848679 0.808523 0.053708 0.148864 0.833570 1173.000000 880.000000
0 682 0.847826 0.806250 0.053708 0.148864 0.827180 1173.000000 880.000000
0 683 0.847400 0.804545 0.052856 0.147727 0.825520 1173.000000 880.000000
0 684 0.846547 0.802273 0.052856 0.147727 0.827940 1173.000000 880.000000
0 685 0.845695 0.800000 0.052856 0.147727 0.821880 1173.000000 880.000000
0 686 0.844842 0.797727 0.052856 0.147727 0.816070 1173.000000 880.000000
0 687 0.843990 0.795455 0.052856 0.147727 0.804920 1173.000000 880.000000
0 688 0.843137 0.793182 0.052856 0.147727 0.787960 1173.000000 880.000000
0 689 0.842711 0.791477 0.052003 0.148864 0.771260 1173.000000 880.000000
0 690 0.841858 0.789205 0.052003 0.148864 0.750730 1173.000000 880.000000
0 691 0.841006 0.786932 0.052003 0.148864 0.733140 1173.000000 880.000000
0 692 0.840153 0.784659 0.052003 0.148864 0.733140 1173.000000 880.000000
0 693 0.839301 0.782386 0.052003 0.148864 0.733140 1173.000000 880.000000
0 694 0.838448 0.780114 0.052003 0.148864 0.733140 1173.000000 880.000000
0 695 0.838448 0.778977 0.052003 0.148864 0.735220 1173.000000 880.000000
0 696 0.837596 0.775568 0.052003 0.148864 0.745480 1173.000000 880.000000
0 697 0.836743 0.772159 0.052003 0.148864 0.751960 1173.000000 880.000000
0 698 0.836743 0.768750 0.052003 0.148864 0.763930 1173.000000 880.000000
0 699 0.835891 0.766477 0.052003 0.148864 0.763930 1173.000000 880.000000
0 700 0.835891 0.763068 0.052003 0.148864 0.770770 1173.000000 880.000000
0 701 0.835038 0.759659 0.052003 0.148864 0.774190 1173.000000 880.000000
0 702 0.835038 0.757386 0.052003 0.148864 0.777610 1173.000000 880.000000
0 703 0.834186 0.753977 0.052003 0.148864 0.773220 1173.000000 880.000000
0 704 0.833333 0.750568 0.052003 0.148864 0.780300 1173.000000 880.000000
0 705 0.833333 0.747159 0.052003 0.148864 0.783850 1173.000000 880.000000
0 706 0.832481 0.744886 0.052003 0.148864 0.780060 1173.000000 880.000000
0 707 0.832481 0.741477 0.052003 0.148864 0.790930 1173.000000 880.000000
0 708 0.831628 0.738068 0.052003 0.148864 0.791060 1173.000000 880.000000
0 709 0.831628 0.735795 0.052003 0.148864 0.791060 1173.000000 880.000000
0 710 0.830776 0.733523 0.052003 0.148864 0.794720 1173.000000 880.000000
0 711 0.830776 0.732386 0.052003 0.148864 0.791060 1173.000000 880.000000
0 712 0.829923 0.731250 0.052003 0.148864 0.784090 1173.000000 880.000000
0 713 0.829923 0.728977 0.052003 0.148864 0.777130 1173.000000 880.000000
0 714 0.829071 0.727841 0.052003 0.148864 0.759040 1173.000000 880.000000
0 715 0.829071 0.726705 0.052003 0.148864 0.747680 1173.000000 880.000000
0 716 0.828218 0.724432 0.052003 0.148864 0.747680 1173.000000 880.000000
0 717 0.828218 0.723295 0.052003 0.148864 0.743400 1173.000000 880.000000
0 718 0.828218 0.722159 0.052003 0.148864 0.750730 1173.000000 880.000000
0 719 0.827366 0.719886 0.052003 0.148864 0.743400 1173.000000 880.000000
0 720 0.827366 0.718750 0.052003 0.148864 0.750730 1173.000000 880.000000
0 721 0.826513 0.717614 0.052003 0.148864 0.739130 1173.000000 880.000000
0 722 0.826513 0.715341 0.052003 0.148864 0.746580 1173.000000 880.000000
0 723 0.825661 0.714205 0.052003 0.148864 0.739130 1173.000000 880.000000
0 724 0.825661 0.713068 0.052003 0.148864 0.742420 1173.000000 880.000000
0 725 0.824808 0.710795 0.052003 0.148864 0.739130 1173.000000 880.000000
0 726 0.824808 0.709659 0.052003 0.148864 0.742420 1173.000000 880.000000
0 727 0.824808 0.708523 0.052003 0.148864 0.742420 1173.000000 880.000000
0 728 0.823956 0.706250 0.052003 0.148864 0.739130 1173.000000 880.000000
0 729 0.823103 0.704545 0.052003 0.147727 0.726670 1173.000000 880.000000
0 730 0.822677 0.702273 0.051151 0.147727 0.719430 1173.000000 880.000000
0 731 0.822251 0.700568 0.052003 0.146591 0.719350 1173.000000 880.000000
0 732 0.821824 0.698295 0.051151 0.146591 0.712480 1173.000000 880.000000
0 733 0.820972 0.696591 0.051151 0.145455 0.701110 1173.000000 880.000000
0 734 0.820546 0.694318 0.050298 0.145455 0.701550 1173.000000 880.000000
0 735 0.820119 0.692614 0.051151 0.144318 0.695700 1173.000000 880.000000
0 736 0.819693 0.690909 0.050298 0.143182 0.687010 1173.000000 880.000000
0 737 0.818841 0.688636 0.050298 0.143182 0.686090 1173.000000 880.000000
0 738 0.818414 0.686932 0.051151 0.142045 0.681500 1173.000000 880.000000
0 739 0.817988 0.684659 0.050298 0.142045 0.675930 1173.000000 880.000000
0 740 0.817136 0.682955 0.050298 0.140909 0.673330 1173.000000 880.000000
0 741 0.816709 0.680682 0.049446 0.140909 0.668070 1173.000000 880.000000
0 742 0.816283 0.678977 0.050298 0.139773 0.665190 1173.000000 880.000000
0 743 0.815857 0.676705 0.049446 0.139773 0.660470 1173.000000 880.000000
0 744 0.815004 0.675000 0.049446 0.138636 0.651370 1173.000000 880.000000
0 745 0.815004 0.673295 0.049446 0.137500 0.656150 1173.000000 880.000000
0 746 0.814152 0.671023 0.049446 0.137500 0.656150 1173.000000 880.000000
0 747 0.814152 0.669318 0.049446 0.138636 0.658950 1173.000000 880.000000
0 748 0.813299 0.667614 0.049446 0.137500 0.656150 1173.000000 880.000000
0 749 0.813299 0.665909 0.049446 0.138636 0.665150 1173.000000 880.000000
0 750 0.813299 0.664205 0.049446 0.137500 0.662410 1173.000000 880.000000
0 751 0.812447 0.662500 0.049446 0.138636 0.665150 1173.000000 880.000000
0 752 0.812447 0.660795 0.049446 0.137500 0.662410 1173.000000 880.000000
0 753 0.812447 0.659091 0.049446 0.138636 0.665150 1173.000000 880.000000
0 754 0.811594 0.657386 0.049446 0.137500 0.676020 1173.000000 880.000000
0 755 0.811594 0.655682 0.049446 0.138636 0.671350 1173.000000 880.000000
0 756 0.811594 0.654545 0.049446 0.138636 0.677550 1173.000000 880.000000
0 757 0.810742 0.652273 0.049446 0.138636 0.683750 1173.000000 880.000000
0 758 0.810742 0.650000 0.049446 0.138636 0.696840 1173.000000 880.000000
0 759 0.809889 0.648864 0.049446 0.138636 0.696160 1173.000000 880.000000
0 760 0.809889 0.646591 0.049446 0.138636 0.708970 1173.000000 880.000000
0 761 0.809463 0.644318 0.048593 0.138636 0.710120 1173.000000 880.000000
0 762 0.809037 0.643182 0.049446 0.138636 0.721100 1173.000000 880.000000
0 763 0.808610 0.640909 0.048593 0.138636 0.716290 1173.000000 880.000000
0 764 0.808184 0.638636 0.049446 0.138636 0.715030 1173.000000 880.000000
0 765 0.807758 0.637500 0.048593 0.138636 0.703530 1173.000000 880.000000
0 766 0.807758 0.635227 0.048593 0.138636 0.710120 1173.000000 880.000000
0 767 0.806905 0.632955 0.048593 0.138636 0.710120 1173.000000 880.000000
0 768 0.806905 0.631818 0.048593 0.138636 0.697220 1173.000000 880.000000
0 769 0.806053 0.629545 0.048593 0.138636 0.703530 1173.000000 880.000000
0 770 0.806053 0.627273 0.048593 0.138636 0.703950 1173.000000 880.000000
0 771 0.806053 0.626136 0.048593 0.138636 0.697220 1173.000000 880.000000
0 772 0.804348 0.623864 0.048593 0.138636 0.703530 1173.000000 880.000000
0 773 0.803495 0.621591 0.048593 0.138636 0.709840 1173.000000 880.000000
0 774 0.802643 0.620455 0.048593 0.138636 0.709840 1173.000000 880.000000
0 775 0.801790 0.618182 0.048593 0.138636 0.716150 1173.000000 880.000000
0 776 0.800512 0.615909 0.049446 0.138636 0.727160 1173.000000 880.000000
0 777 0.799659 0.614773 0.049446 0.138636 0.721100 1173.000000 880.000000
0 778 0.798380 0.612500 0.048593 0.138636 0.728760 1173.000000 880.000000
0 779 0.797528 0.610227 0.048593 0.138636 0.728760 1173.000000 880.000000
0 780 0.796675 0.609091 0.048593 0.138636 0.728760 1173.000000 880.000000
0 781 0.795396 0.606818 0.049446 0.138636 0.739290 1173.000000 880.000000
0 782 0.794544 0.604545 0.049446 0.138636 0.751140 1173.000000 880.000000
0 783 0.793691 0.603409 0.049446 0.138636 0.745350 1173.000000 880.000000
0 784 0.792413 0.601136 0.048593 0.138636 0.758900 1173.000000 880.000000
0 785 0.791134 0.598864 0.049446 0.138636 0.768500 1173.000000 880.000000
0 786 0.790281 0.597727 0.049446 0.138636 0.769330 1173.000000 880.000000
0 787 0.789429 0.595455 0.049446 0.138636 0.759820 1173.000000 880.000000
0 788 0.788576 0.593182 0.049446 0.138636 0.761890 1173.000000 880.000000
0 789 0.787724 0.592045 0.049446 0.138636 0.752510 1173.000000 880.000000
0 790 0.786871 0.589773 0.049446 0.138636 0.755130 1173.000000 880.000000
0 791 0.786019 0.588636 0.049446 0.138636 0.749760 1173.000000 880.000000
0 792 0.785166 0.586364 0.049446 0.138636 0.751550 1173.000000 880.000000
0 793 0.784314 0.585227 0.049446 0.138636 0.747970 1173.000000 880.000000
0 794 0.783461 0.582955 0.049446 0.138636 0.750170 1173.000000 880.000000
0 795 0.782609 0.581818 0.049446 0.138636 0.742040 1173.000000 880.000000
0 796 0.781756 0.580682 0.049446 0.138636 0.737630 1173.000000 880.000000
0 797 0.780904 0.578409 0.049446 0.138636 0.741490 1173.000000 880.000000
0 798 0.780051 0.577273 0.049446 0.138636 0.734460 1173.000000 880.000000
0 799 0.779199 0.575000 0.049446 0.138636 0.735430 1173.000000 880.000000
0 800 0.778346 0.573864 0.049446 0.138636 0.731020 1173.000000 880.000000
0 801 0.777494 0.571591 0.049446 0.138636 0.736250 1173.000000 880.000000
0 802 0.776641 0.570455 0.049446 0.138636 0.733770 1173.000000 880.000000
0 803 0.775789 0.569318 0.049446 0.138636 0.730470 1173.000000 880.000000
0 804 0.774936 0.567045 0.049446 0.138636 0.735150 1173.000000 880.000000
0 805 0.774084 0.565909 0.049446 0.138636 0.732120 1173.000000 880.000000
0 806 0.773231 0.563636 0.049446 0.138636 0.740110 1173.000000 880.000000
0 807 0.772379 0.562500 0.049446 0.138636 0.741770 1173.000000 880.000000
0 808 0.771526 0.560227 0.049446 0.138636 0.746310 1173.000000 880.000000
0 809 0.770673 0.559091 0.049446 0.138636 0.742590 1173.000000 880.000000
0 810 0.770673 0.557955 0.049446 0.138636 0.742590 1173.000000 880.000000
0 811 0.770673 0.555682 0.049446 0.138636 0.749900 1173.000000 880.000000
0 812 0.770673 0.554545 0.049446 0.138636 0.754860 1173.000000 880.000000
0 813 0.770673 0.552273 0.049446 0.138636 0.759130 1173.000000 880.000000
0 814 0.770673 0.551136 0.049446 0.138636 0.756240 1173.000000 880.000000
0 815 0.770673 0.548864 0.049446 0.138636 0.763400 1173.000000 880.000000
0 816 0.770673 0.547727 0.049446 0.138636 0.760510 1173.000000 880.000000
0 817 0.770673 0.545455 0.049446 0.138636 0.764780 1173.000000 880.000000
0 818 0.770673 0.544318 0.049446 0.138636 0.764780 1173.000000 880.000000
0 819 0.770673 0.542045 0.049446 0.138636 0.769050 1173.000000 880.000000
0 820 0.770673 0.540909 0.049446 0.138636 0.769050 1173.000000 880.000000
0 821 0.770673 0.538636 0.049446 0.138636 0.771940 1173.000000 880.000000
0 822 0.770673 0.537500 0.049446 0.138636 0.775940 1173.000000 880.000000
0 823 0.770673 0.535227 0.049446 0.138636 0.781730 1173.000000 880.000000
0 824 0.770673 0.534091 0.049446 0.138636 0.778830 1173.000000 880.000000
0 825 0.768968 0.531818 0.049446 0.138636 0.786690 1173.000000 880.000000
0 826 0.768116 0.530114 0.049446 0.137500 0.796610 1173.000000 880.000000
0 827 0.766837 0.527841 0.048593 0.137500 0.801870 1173.000000 880.000000
0 828 0.765985 0.526705 0.048593 0.137500 0.799180 1173.000000 880.000000
0 829 0.764706 0.525000 0.049446 0.136364 0.805010 1173.000000 880.000000
0 830 0.763427 0.522727 0.048593 0.136364 0.803650 1173.000000 880.000000
0 831 0.762575 0.521591 0.048593 0.136364 0.795380 1173.000000 880.000000
0 832 0.761722 0.519318 0.048593 0.136364 0.792960 1173.000000 880.000000
0 833 0.760017 0.517614 0.048593 0.135227 0.796550 1173.000000 880.000000
0 834 0.759165 0.516477 0.048593 0.135227 0.786640 1173.000000 880.000000
0 835 0.758312 0.514205 0.048593 0.135227 0.790950 1173.000000 880.000000
0 836 0.757033 0.512500 0.047741 0.134091 0.791540 1173.000000 880.000000
0 837 0.755754 0.510227 0.048593 0.134091 0.788470 1173.000000 880.000000
0 838 0.754902 0.509091 0.048593 0.134091 0.788470 1173.000000 880.000000
0 839 0.753623 0.507386 0.047741 0.132955 0.792450 1173.000000 880.000000
0 840 0.752771 0.505114 0.047741 0.132955 0.804040 1173.000000 880.000000
0 841 0.751492 0.503977 0.048593 0.132955 0.802750 1173.000000 880.000000
0 842 0.750213 0.501705 0.047741 0.132955 0.815190 1173.000000 880.000000
0 843 0.749361 0.500000 0.047741 0.131818 0.725150 1173.000000 880.000000
0 844 0.748508 0.498864 0.047741 0.131818 0.808670 1173.000000 880.000000
0 845 0.747656 0.496591 0.047741 0.131818 0.811220 1173.000000 880.000000
0 846 0.747656 0.494318 0.047741 0.131818 0.815710 1173.000000 880.000000
0 847 0.746803 0.493182 0.047741 0.131818 0.809120 1173.000000 880.000000
0 848 0.746803 0.490909 0.047741 0.131818 0.807020 1173.000000 880.000000
0 849 0.745951 0.489773 0.047741 0.131818 0.804470 1173.000000 880.000000
0 850 0.745951 0.487500 0.047741 0.131818 0.808370 1173.000000 880.000000
0 851 0.745098 0.485227 0.047741 0.131818 0.820360 1173.000000 880.000000
0 852 0.745098 0.484091 0.047741 0.131818 0.820360 1173.000000 880.000000
0 853 0.744246 0.481818 0.047741 0.131818 0.828310 1173.000000 880.000000
0 854 0.744246 0.480682 0.047741 0.131818 0.828310 1173.000000 880.000000
0 855 0.743393 0.478409 0.047741 0.131818 0.839860 1173.000000 880.000000
0 856 0.743393 0.476136 0.047741 0.131818 0.847650 1173.000000 880.000000
0 857 0.742540 0.475000 0.047741 0.131818 0.854400 1173.000000 880.000000
0 858 0.742540 0.472727 0.047741 0.131818 0.862200 1173.000000 880.000000
0 859 0.741688 0.471591 0.047741 0.131818 0.865500 1173.000000 880.000000
0 860 0.741688 0.469318 0.047741 0.131818 0.870000 1173.000000 880.000000
0 861 0.741688 0.468182 0.047741 0.131818 0.870000 1173.000000 880.000000
0 862 0.740835 0.465909 0.047741 0.131818 0.880790 1173.000000 880.000000
0 863 0.740835 0.464773 0.047741 0.131818 0.884540 1173.000000 880.000000
0 864 0.739983 0.463636 0.047741 0.131818 0.880790 1173.000000 880.000000
0 865 0.739983 0.462500 0.047741 0.131818 0.874040 1173.000000 880.000000
0 866 0.739130 0.460227 0.047741 0.131818 0.884540 1173.000000 880.000000
0 867 0.739130 0.459091 0.047741 0.131818 0.877040 1173.000000 880.000000
0 868 0.738278 0.457955 0.047741 0.131818 0.873290 1173.000000 880.000000
0 869 0.738278 0.456818 0.047741 0.131818 0.873290 1173.000000 880.000000
0 870 0.738278 0.455682 0.047741 0.131818 0.865950 1173.000000 880.000000
0 871 0.737425 0.453409 0.047741 0.131818 0.876290 1173.000000 880.000000
0 872 0.737425 0.452273 0.047741 0.131818 0.876290 1173.000000 880.000000
0 873 0.737425 0.451136 0.047741 0.131818 0.876290 1173.000000 880.000000
0 874 0.736573 0.448864 0.047741 0.131818 0.879290 1173.000000 880.000000
0 875 0.736573 0.447727 0.047741 0.131818 0.879290 1173.000000 880.000000
0 876 0.736573 0.446591 0.047741 0.131818 0.879290 1173.000000 880.000000
0 877 0.736573 0.444318 0.047741 0.131818 0.886040 1173.000000 880.000000
0 878 0.735720 0.443182 0.047741 0.131818 0.889040 1173.000000 880.000000
0 879 0.735720 0.442045 0.047741 0.131818 0.882290 1173.000000 880.000000
0 880 0.735720 0.439773 0.047741 0.131818 0.889190 1173.000000 880.000000
0 881 0.734868 0.438636 0.047741 0.131818 0.892040 1173.000000 880.000000
0 882 0.734868 0.437500 0.047741 0.131818 0.892040 1173.000000 880.000000
0 883 0.734868 0.435227 0.047741 0.131818 0.898790 1173.000000 880.000000
0 884 0.734868 0.434091 0.047741 0.131818 0.901030 1173.000000 880.000000
0 885 0.734015 0.432955 0.047741 0.131818 0.898790 1173.000000 880.000000
0 886 0.734015 0.430682 0.047741 0.131818 0.905530 1173.000000 880.000000
0 887 0.734015 0.429545 0.047741 0.131818 0.905530 1173.000000 880.000000
0 888 0.734015 0.428409 0.047741 0.131818 0.905530 1173.000000 880.000000
0 889 0.733163 0.426705 0.047741 0.130682 0.911520 1173.000000 880.000000
0 890 0.732310 0.425000 0.047741 0.129545 0.917620 1173.000000 880.000000
0 891 0.731458 0.423295 0.047741 0.128409 0.916900 1173.000000 880.000000
0 892 0.730605 0.422159 0.047741 0.126136 0.922460 1173.000000 880.000000
0 893 0.729753 0.420455 0.047741 0.125000 0.928880 1173.000000 880.000000
0 894 0.728900 0.418750 0.047741 0.123864 0.928230 1173.000000 880.000000
0 895 0.728900 0.418182 0.047741 0.122727 0.927570 1173.000000 880.000000
0 896 0.728048 0.416477 0.047741 0.121591 0.934210 1173.000000 880.000000
0 897 0.727195 0.414773 0.047741 0.120455 0.940970 1173.000000 880.000000
0 898 0.726343 0.413636 0.047741 0.118182 0.939850 1173.000000 880.000000
0 899 0.725490 0.411932 0.047741 0.117045 0.946860 1173.000000 880.000000
0 900 0.724638 0.410227 0.047741 0.115909 0.954010 1173.000000 880.000000
0 901 0.724638 0.409659 0.047741 0.114773 0.953560 1173.000000 880.000000
0 902 0.723785 0.407955 0.046036 0.113636 0.959500 1173.000000 880.000000
0 903 0.723359 0.406818 0.045183 0.113636 0.957830 1173.000000 880.000000
0 904 0.722933 0.405114 0.044331 0.112500 0.964530 1173.000000 880.000000
0 905 0.722080 0.403977 0.042626 0.112500 0.972940 1173.000000 880.000000
0 906 0.721654 0.402273 0.041773 0.111364 0.981410 1173.000000 880.000000
0 907 0.721228 0.401136 0.040921 0.111364 0.981030 1173.000000 880.000000
0 908 0.720375 0.399432 0.039216 0.110227 0.990010 1173.000000 880.000000
0 909 0.719949 0.398295 0.038363 0.110227 1.000000 1173.000000 880.000000
0 910 0.719523 0.396591 0.037511 0.109091 1.000000 1173.000000 880.000000
0 911 0.718670 0.395455 0.035806 0.109091 1.000000 1173.000000 880.000000
0 912 0.718244 0.393750 0.034953 0.107955 0.952380 1173.000000 880.000000
0 913 0.717818 0.392614 0.034101 0.107955 0.951220 1173.000000 880.000000
0 914 0.716965 0.390341 0.034101 0.107955 0.951220 1173.000000 880.000000
0 915 0.716113 0.389205 0.034101 0.107955 0.951220 1173.000000 880.000000
0 916 0.715260 0.388068 0.034101 0.107955 0.951220 1173.000000 880.000000
0 917 0.714408 0.386932 0.034101 0.107955 0.951220 1173.000000 880.000000
0 918 0.714408 0.385795 0.034101 0.107955 0.926830 1173.000000 880.000000
0 919 0.713555 0.384659 0.034101 0.107955 0.926830 1173.000000 880.000000
0 920 0.712702 0.383523 0.034101 0.107955 0.951220 1173.000000 880.000000
0 921 0.711850 0.382386 0.034101 0.107955 0.951220 1173.000000 880.000000
0 922 0.711850 0.381250 0.034101 0.107955 0.926830 1173.000000 880.000000
0 923 0.710997 0.380114 0.034101 0.107955 0.926830 1173.000000 880.000000
0 924 0.710145 0.378977 0.034101 0.107955 0.951220 1173.000000 880.000000
0 925 0.709292 0.376705 0.034101 0.107955 0.926830 1173.000000 880.000000
0 926 0.708440 0.375568 0.034101 0.107955 0.902440 1173.000000 880.000000
0 927 0.708440 0.374432 0.034101 0.107955 0.878050 1173.000000 880.000000
0 928 0.707587 0.373295 0.034101 0.107955 0.878050 1173.000000 880.000000
0 929 0.706735 0.372159 0.034101 0.107955 0.853660 1173.000000 880.000000
0 930 0.705882 0.371023 0.034101 0.107955 0.829270 1173.000000 880.000000
0 931 0.705882 0.369886 0.034101 0.107955 0.804880 1173.000000 880.000000
0 932 0.705030 0.368750 0.034101 0.107955 0.780490 1173.000000 880.000000
0 933 0.704177 0.367614 0.034101 0.107955 0.756100 1173.000000 880.000000
0 934 0.703325 0.366477 0.034101 0.107955 0.731710 1173.000000 880.000000
0 935 0.703325 0.365341 0.034101 0.107955 0.707320 1173.000000 880.000000
0 936 0.702472 0.364205 0.034101 0.107955 0.682930 1173.000000 880.000000
0 937 0.701620 0.363068 0.034101 0.107955 0.658540 1173.000000 880.000000
0 938 0.700767 0.361932 0.034101 0.107955 0.658540 1173.000000 880.000000
0 939 0.699915 0.360795 0.034101 0.107955 0.609760 1173.000000 880.000000
0 940 0.699062 0.359659 0.034101 0.107955 0.609760 1173.000000 880.000000
0 941 0.698210 0.358523 0.034101 0.107955 0.585370 1173.000000 880.000000
0 942 0.697357 0.357386 0.034101 0.107955 0.560980 1173.000000 880.000000
0 943 0.696505 0.356250 0.034101 0.107955 0.512200 1173.000000 880.000000
0 944 0.695652 0.355114 0.034101 0.107955 0.487800 1173.000000 880.000000
0 945 0.694800 0.353977 0.034101 0.107955 0.463410 1173.000000 880.000000
0 946 0.693947 0.352841 0.034101 0.107955 0.439020 1173.000000 880.000000
0 947 0.693095 0.351705 0.034101 0.107955 0.414630 1173.000000 880.000000
0 948 0.692242 0.350568 0.034101 0.107955 0.390240 1173.000000 880.000000
0 949 0.691390 0.349432 0.034101 0.107955 0.365850 1173.000000 880.000000
0 950 0.690537 0.348295 0.034101 0.107955 0.341460 1173.000000 880.000000
0 951 0.690537 0.347159 0.034101 0.107955 0.341460 1173.000000 880.000000
0 952 0.689258 0.344886 0.033248 0.107955 0.300000 1173.000000 880.000000
0 953 0.688406 0.343750 0.033248 0.107955 0.275000 1173.000000 880.000000
0 954 0.687553 0.342614 0.033248 0.107955 0.250000 1173.000000 880.000000
0 955 0.686701 0.340341 0.033248 0.107955 0.225000 1173.000000 880.000000
0 956 0.685848 0.339205 0.033248 0.107955 0.200000 1173.000000 880.000000
0 957 0.684996 0.338068 0.033248 0.107955 0.175000 1173.000000 880.000000
0 958 0.684143 0.336932 0.033248 0.107955 0.150000 1173.000000 880.000000
0 959 0.683291 0.334659 0.033248 0.107955 0.125000 1173.000000 880.000000
0 960 0.682438 0.333523 0.033248 0.107955 0.100000 1173.000000 880.000000
0 961 0.681586 0.332386 0.033248 0.107955 0.075000 1173.000000 880.000000
0 962 0.680733 0.331250 0.033248 0.107955 0.050000 1173.000000 880.000000
0 963 0.679881 0.328977 0.033248 0.107955 0.025000 1173.000000 880.000000
0 964 0.679028 0.327841 0.033248 0.107955 0.000000 1173.000000 880.000000
0 965 0.678176 0.326705 0.033248 0.107955 0.000000 1173.000000 880.000000
