0 268 0.955669 0.983523 0.040921 0.035227 0.968750 1173.000000 880.000000
0 269 0.953538 0.982386 0.041773 0.037500 0.970590 1173.000000 880.000000
0 270 0.951833 0.981250 0.041773 0.039773 0.972220 1173.000000 880.000000
0 271 0.949702 0.980114 0.042626 0.042045 0.973680 1173.000000 880.000000
0 272 0.947997 0.978977 0.042626 0.044318 0.975000 1173.000000 880.000000
0 273 0.945865 0.977841 0.043478 0.046591 0.976190 1173.000000 880.000000
0 274 0.944160 0.977273 0.043478 0.047727 0.976740 1173.000000 880.000000
0 275 0.942029 0.976136 0.044331 0.050000 0.977780 1173.000000 880.000000
0 276 0.940324 0.975000 0.044331 0.052273 0.978720 1173.000000 880.000000
0 277 0.938193 0.973864 0.045183 0.054545 0.979590 1173.000000 880.000000
0 278 0.936488 0.972727 0.045183 0.056818 0.980390 1173.000000 880.000000
0 279 0.934356 0.972159 0.046036 0.057955 0.980770 1173.000000 880.000000
0 280 0.932651 0.971023 0.046036 0.060227 0.981480 1173.000000 880.000000
0 281 0.930520 0.969886 0.046888 0.062500 0.982140 1173.000000 880.000000
0 282 0.928815 0.968750 0.046888 0.064773 0.982760 1173.000000 880.000000
0 283 0.926684 0.967614 0.047741 0.067045 0.983330 1173.000000 880.000000
0 284 0.924979 0.967045 0.047741 0.068182 0.983610 1173.000000 880.000000
0 285 0.922421 0.965909 0.047741 0.070455 0.984130 1173.000000 880.000000
0 286 0.920716 0.964773 0.047741 0.072727 0.984620 1173.000000 880.000000
0 287 0.919011 0.963636 0.047741 0.075000 0.985070 1173.000000 880.000000
0 288 0.917306 0.962500 0.047741 0.077273 0.985510 1173.000000 880.000000
0 289 0.915601 0.961364 0.047741 0.079545 0.985920 1173.000000 880.000000
0 290 0.913896 0.960227 0.047741 0.081818 0.986300 1173.000000 880.000000
0 291 0.912191 0.959091 0.047741 0.084091 0.986670 1173.000000 880.000000
0 292 0.910486 0.957955 0.047741 0.086364 0.987010 1173.000000 880.000000
0 293 0.907928 0.957386 0.047741 0.087500 0.987180 1173.000000 880.000000
0 294 0.906223 0.956250 0.047741 0.089773 0.828290 1173.000000 880.000000
0 295 0.904518 0.955114 0.047741 0.092045 0.827770 1173.000000 880.000000
0 296 0.902813 0.953977 0.047741 0.094318 0.841900 1173.000000 880.000000
0 297 0.901108 0.952841 0.047741 0.096591 0.843530 1173.000000 880.000000
0 298 0.899403 0.951705 0.047741 0.098864 0.843100 1173.000000 880.000000
0 299 0.897698 0.950568 0.047741 0.101136 0.857310 1173.000000 880.000000
0 300 0.895993 0.949432 0.047741 0.103409 0.856980 1173.000000 880.000000
0 301 0.894288 0.948864 0.047741 0.104545 0.856820 1173.000000 880.000000
0 302 0.892157 0.946591 0.046888 0.106818 0.864660 1173.000000 880.000000
0 303 0.890452 0.945455 0.046888 0.109091 0.864140 1173.000000 880.000000
0 304 0.888747 0.944318 0.046888 0.111364 0.863640 1173.000000 880.000000
0 305 0.887042 0.943182 0.046888 0.113636 0.847950 1173.000000 880.000000
0 306 0.885337 0.942045 0.046888 0.115909 0.847430 1173.000000 880.000000
0 307 0.883632 0.940909 0.046888 0.118182 0.846940 1173.000000 880.000000
0 308 0.881927 0.939773 0.046888 0.120455 0.846460 1173.000000 880.000000
0 309 0.880222 0.938636 0.046888 0.122727 0.830600 1173.000000 880.000000
0 310 0.878517 0.937500 0.046888 0.125000 0.831890 1173.000000 880.000000
0 311 0.876812 0.936364 0.046888 0.127273 0.831380 1173.000000 880.000000
0 312 0.875107 0.935227 0.046888 0.129545 0.830900 1173.000000 880.000000
0 313 0.873402 0.934091 0.046888 0.131818 0.815020 1173.000000 880.000000
0 314 0.871697 0.932386 0.046888 0.132955 0.814770 1173.000000 880.000000
0 315 0.869991 0.931250 0.046888 0.135227 0.814290 1173.000000 880.000000
0 316 0.868286 0.930682 0.046888 0.136364 0.796640 1173.000000 880.000000
0 317 0.867008 0.929545 0.046036 0.138636 0.808430 1173.000000 880.000000
0 318 0.865303 0.928409 0.046036 0.140909 0.808000 1173.000000 880.000000
0 319 0.863598 0.927841 0.046036 0.142045 0.807790 1173.000000 880.000000
0 320 0.861893 0.926705 0.046036 0.144318 0.791340 1173.000000 880.000000
0 321 0.861040 0.926136 0.046036 0.145455 0.805500 1173.000000 880.000000
0 322 0.859335 0.924432 0.046036 0.146591 0.805310 1173.000000 880.000000
0 323 0.857630 0.923295 0.046036 0.148864 0.804960 1173.000000 880.000000
0 324 0.855925 0.921591 0.046036 0.150000 0.788520 1173.000000 880.000000
0 325 0.854220 0.920455 0.046036 0.152273 0.788150 1173.000000 880.000000
0 326 0.852515 0.919318 0.046036 0.152273 0.684580 1173.000000 880.000000
0 327 0.850810 0.918182 0.046036 0.154545 0.668080 1173.000000 880.000000
0 328 0.849531 0.917045 0.045183 0.156818 0.684790 1173.000000 880.000000
0 329 0.847826 0.915341 0.045183 0.157955 0.695240 1173.000000 880.000000
0 330 0.846121 0.914205 0.045183 0.160227 0.682060 1173.000000 880.000000
0 331 0.844416 0.913068 0.045183 0.160227 0.876760 1173.000000 880.000000
0 332 0.842711 0.911932 0.045183 0.162500 0.878340 1173.000000 880.000000
0 333 0.841006 0.910227 0.045183 0.163636 0.879570 1173.000000 880.000000
0 334 0.839301 0.909091 0.045183 0.165909 0.877170 1173.000000 880.000000
0 335 0.838022 0.908523 0.044331 0.167045 0.880670 1173.000000 880.000000
0 336 0.836317 0.906250 0.044331 0.167045 0.887300 1173.000000 880.000000
0 337 0.834612 0.905114 0.044331 0.167045 0.890620 1173.000000 880.000000
0 338 0.833760 0.903977 0.044331 0.167045 0.896740 1173.000000 880.000000
0 339 0.832055 0.901705 0.044331 0.167045 0.900050 1173.000000 880.000000
0 340 0.831202 0.900568 0.044331 0.167045 0.894700 1173.000000 880.000000
0 341 0.829497 0.899432 0.044331 0.167045 0.889470 1173.000000 880.000000
0 342 0.828218 0.897159 0.045183 0.167045 0.891270 1173.000000 880.000000
0 343 0.826939 0.896023 0.044331 0.167045 0.886920 1173.000000 880.000000
0 344 0.825661 0.894886 0.045183 0.167045 0.877880 1173.000000 880.000000
0 345 0.824382 0.892614 0.044331 0.167045 0.870220 1173.000000 880.000000
0 346 0.823103 0.891477 0.045183 0.167045 0.859980 1173.000000 880.000000
0 347 0.821398 0.890341 0.045183 0.167045 0.849100 1173.000000 880.000000
0 348 0.820546 0.888068 0.045183 0.167045 0.840970 1173.000000 880.000000
0 349 0.818841 0.886932 0.045183 0.167045 0.836340 1173.000000 880.000000
0 350 0.817988 0.885795 0.045183 0.167045 0.821070 1173.000000 880.000000
0 351 0.816283 0.882386 0.045183 0.167045 0.829580 1173.000000 880.000000
0 352 0.815004 0.880114 0.046036 0.167045 0.819410 1173.000000 880.000000
0 353 0.814152 0.877273 0.046036 0.165909 0.818060 1173.000000 880.000000
0 354 0.812447 0.875000 0.046036 0.165909 0.818550 1173.000000 880.000000
0 355 0.811168 0.871591 0.046888 0.165909 0.817780 1173.000000 880.000000
0 356 0.810315 0.869318 0.046888 0.165909 0.814500 1173.000000 880.000000
0 357 0.808610 0.866477 0.046888 0.164773 0.818250 1173.000000 880.000000
0 358 0.807332 0.864205 0.047741 0.164773 0.813990 1173.000000 880.000000
0 359 0.806479 0.860795 0.047741 0.164773 0.812060 1173.000000 880.000000
0 360 0.804774 0.858523 0.047741 0.164773 0.808340 1173.000000 880.000000
0 361 0.803922 0.856250 0.047741 0.164773 0.805220 1173.000000 880.000000
0 362 0.802643 0.853409 0.048593 0.163636 0.809750 1173.000000 880.000000
0 363 0.800938 0.851136 0.048593 0.163636 0.805230 1173.000000 880.000000
0 364 0.800085 0.847727 0.048593 0.163636 0.635200 1173.000000 880.000000
0 365 0.798806 0.845455 0.049446 0.163636 0.626420 1173.000000 880.000000
0 366 0.797101 0.842614 0.049446 0.162500 0.629000 1173.000000 880.000000
0 367 0.796249 0.840341 0.049446 0.162500 0.647360 1173.000000 880.000000
0 368 0.794970 0.836932 0.050298 0.162500 0.653360 1173.000000 880.000000
0 369 0.793265 0.834659 0.050298 0.162500 0.645370 1173.000000 880.000000
0 370 0.792413 0.831818 0.050298 0.161364 0.655480 1173.000000 880.000000
0 371 0.791134 0.829545 0.051151 0.161364 0.653100 1173.000000 880.000000
0 372 0.790281 0.827273 0.051151 0.161364 0.659290 1173.000000 880.000000
0 373 0.789855 0.824432 0.050298 0.160227 0.679340 1173.000000 880.000000
0 374 0.789429 0.822159 0.049446 0.160227 0.688110 1173.000000 880.000000
0 375 0.789429 0.819886 0.049446 0.160227 0.705900 1173.000000 880.000000
0 376 0.789003 0.817614 0.048593 0.160227 0.707380 1173.000000 880.000000
0 377 0.788576 0.815909 0.047741 0.159091 0.720290 1173.000000 880.000000
0 378 0.788576 0.813636 0.047741 0.159091 0.738710 1173.000000 880.000000
0 379 0.788150 0.811364 0.046888 0.159091 0.752790 1173.000000 880.000000
0 380 0.788150 0.809091 0.046888 0.159091 0.771530 1173.000000 880.000000
0 381 0.787724 0.807386 0.046036 0.157955 0.784940 1173.000000 880.000000
0 382 0.787298 0.805114 0.045183 0.157955 0.801590 1173.000000 880.000000
0 383 0.787298 0.802841 0.045183 0.157955 0.818520 1173.000000 880.000000
0 384 0.786871 0.800568 0.044331 0.157955 0.822640 1173.000000 880.000000
0 385 0.786871 0.798864 0.044331 0.156818 0.841460 1173.000000 880.000000
0 386 0.786019 0.796591 0.044331 0.156818 0.846070 1173.000000 880.000000
0 387 0.786019 0.795455 0.044331 0.156818 0.863450 1173.000000 880.000000
0 388 0.786019 0.793182 0.044331 0.156818 0.883670 1173.000000 880.000000
0 389 0.786019 0.792045 0.044331 0.156818 0.901860 1173.000000 880.000000
0 390 0.786019 0.789773 0.044331 0.156818 0.922360 1173.000000 880.000000
0 391 0.786019 0.788636 0.044331 0.156818 0.941500 1173.000000 880.000000
0 392 0.786019 0.786364 0.044331 0.156818 0.949910 1173.000000 880.000000
0 393 0.786019 0.785227 0.044331 0.156818 0.969590 1173.000000 880.000000
0 394 0.785592 0.784091 0.045183 0.156818 0.969220 1173.000000 880.000000
0 395 0.785592 0.781818 0.045183 0.156818 0.973620 1173.000000 880.000000
0 396 0.785592 0.780682 0.045183 0.156818 0.978020 1173.000000 880.000000
0 397 0.785592 0.778409 0.045183 0.156818 0.986810 1173.000000 880.000000
0 398 0.785592 0.777273 0.045183 0.156818 0.990940 1173.000000 880.000000
0 399 0.785592 0.775000 0.045183 0.156818 0.995470 1173.000000 880.000000
0 400 0.785592 0.773864 0.045183 0.156818 1.000000 1173.000000 880.000000
0 401 0.785592 0.772727 0.045183 0.156818 1.000000 1173.000000 880.000000
0 402 0.785592 0.769886 0.045183 0.155682 1.000000 1173.000000 880.000000
0 403 0.786445 0.767045 0.045183 0.154545 1.000000 1173.000000 880.000000
0 404 0.786445 0.764773 0.045183 0.154545 1.000000 1173.000000 880.000000
0 405 0.787298 0.761932 0.045183 0.153409 1.000000 1173.000000 880.000000
0 406 0.787724 0.759659 0.044331 0.153409 1.000000 1173.000000 880.000000
0 407 0.788150 0.756818 0.045183 0.152273 1.000000 1173.000000 880.000000
0 408 0.788576 0.753977 0.044331 0.151136 1.000000 1173.000000 880.000000
0 409 0.789003 0.751705 0.045183 0.151136 1.000000 1173.000000 880.000000
0 410 0.789429 0.748864 0.044331 0.150000 1.000000 1173.000000 880.000000
0 411 0.790281 0.747159 0.044331 0.148864 1.000000 1173.000000 880.000000
0 412 0.790281 0.744886 0.044331 0.148864 1.000000 1173.000000 880.000000
0 413 0.790281 0.742614 0.044331 0.148864 1.000000 1173.000000 880.000000
0 414 0.790281 0.740341 0.044331 0.148864 1.000000 1173.000000 880.000000
0 415 0.790281 0.738068 0.044331 0.148864 1.000000 1173.000000 880.000000
0 416 0.790281 0.735795 0.044331 0.148864 1.000000 1173.000000 880.000000
0 417 0.790281 0.733523 0.044331 0.148864 1.000000 1173.000000 880.000000
0 418 0.790281 0.732386 0.044331 0.148864 1.000000 1173.000000 880.000000
0 419 0.790281 0.730114 0.044331 0.148864 1.000000 1173.000000 880.000000
0 420 0.790281 0.727841 0.044331 0.148864 1.000000 1173.000000 880.000000
0 421 0.790281 0.725568 0.044331 0.148864 1.000000 1173.000000 880.000000
0 422 0.790281 0.723295 0.044331 0.148864 1.000000 1173.000000 880.000000
0 423 0.790281 0.721023 0.044331 0.148864 1.000000 1173.000000 880.000000
0 424 0.790281 0.719886 0.044331 0.148864 1.000000 1173.000000 880.000000
0 425 0.790281 0.717614 0.044331 0.148864 1.000000 1173.000000 880.000000
0 426 0.790281 0.716477 0.044331 0.148864 1.000000 1173.000000 880.000000
0 427 0.790281 0.715341 0.044331 0.148864 1.000000 1173.000000 880.000000
0 428 0.791134 0.713068 0.044331 0.148864 1.000000 1173.000000 880.000000
0 429 0.791134 0.711932 0.044331 0.148864 1.000000 1173.000000 880.000000
0 430 0.791134 0.710795 0.044331 0.148864 1.000000 1173.000000 880.000000
0 431 0.791560 0.709659 0.045183 0.148864 1.000000 1173.000000 880.000000
0 432 0.791986 0.707386 0.044331 0.148864 1.000000 1173.000000 880.000000
0 433 0.791986 0.706250 0.044331 0.148864 1.000000 1173.000000 880.000000
0 434 0.792413 0.705114 0.045183 0.148864 1.000000 1173.000000 880.000000
0 435 0.792839 0.703977 0.044331 0.148864 1.000000 1173.000000 880.000000
0 436 0.792839 0.701705 0.044331 0.148864 1.000000 1173.000000 880.000000
0 437 0.793265 0.700568 0.045183 0.148864 1.000000 1173.000000 880.000000
0 438 0.793265 0.699432 0.045183 0.148864 1.000000 1173.000000 880.000000
0 439 0.793691 0.697159 0.044331 0.148864 1.000000 1173.000000 880.000000
0 440 0.794118 0.696023 0.045183 0.148864 1.000000 1173.000000 880.000000
0 441 0.794118 0.694886 0.045183 0.148864 1.000000 1173.000000 880.000000
0 442 0.794118 0.693750 0.045183 0.148864 1.000000 1173.000000 880.000000
0 443 0.794970 0.691477 0.045183 0.148864 1.000000 1173.000000 880.000000
0 444 0.794970 0.690341 0.045183 0.148864 1.000000 1173.000000 880.000000
0 445 0.794970 0.689205 0.045183 0.148864 1.000000 1173.000000 880.000000
0 446 0.795823 0.688068 0.045183 0.148864 1.000000 1173.000000 880.000000
0 447 0.795823 0.685795 0.045183 0.148864 1.000000 1173.000000 880.000000
0 448 0.795823 0.684091 0.045183 0.147727 1.000000 1173.000000 880.000000
0 449 0.795823 0.682386 0.045183 0.146591 1.000000 1173.000000 880.000000
0 450 0.796249 0.680682 0.046036 0.147727 1.000000 1173.000000 880.000000
0 451 0.796675 0.678977 0.045183 0.146591 1.000000 1173.000000 880.000000
0 452 0.796675 0.677273 0.045183 0.145455 1.000000 1173.000000 880.000000
0 453 0.797101 0.675000 0.046036 0.145455 1.000000 1173.000000 880.000000
0 454 0.797101 0.673864 0.046036 0.145455 1.000000 1173.000000 880.000000
0 455 0.797101 0.672159 0.046036 0.144318 1.000000 1173.000000 880.000000
0 456 0.797954 0.670455 0.046036 0.143182 1.000000 1173.000000 880.000000
0 457 0.797954 0.668182 0.046036 0.143182 1.000000 1173.000000 880.000000
0 458 0.797954 0.667045 0.046036 0.143182 1.000000 1173.000000 880.000000
0 459 0.797954 0.665341 0.046036 0.142045 1.000000 1173.000000 880.000000
0 460 0.798380 0.663068 0.046888 0.142045 1.000000 1173.000000 880.000000
0 461 0.798806 0.661364 0.046036 0.140909 1.000000 1173.000000 880.000000
0 462 0.798806 0.660227 0.046036 0.140909 1.000000 1173.000000 880.000000
0 463 0.799233 0.657955 0.046888 0.140909 1.000000 1173.000000 880.000000
0 464 0.799233 0.656250 0.046888 0.139773 1.000000 1173.000000 880.000000
0 465 0.799233 0.654545 0.046888 0.138636 1.000000 1173.000000 880.000000
0 466 0.800085 0.653409 0.046888 0.138636 1.000000 1173.000000 880.000000
0 467 0.799659 0.651136 0.046036 0.138636 1.000000 1173.000000 880.000000
0 468 0.799659 0.650000 0.046036 0.138636 1.000000 1173.000000 880.000000
0 469 0.799659 0.648864 0.046036 0.138636 1.000000 1173.000000 880.000000
0 470 0.799659 0.647727 0.046036 0.138636 1.000000 1173.000000 880.000000
0 471 0.799659 0.646591 0.046036 0.138636 0.994680 1173.000000 880.000000
0 472 0.799659 0.645455 0.046036 0.138636 0.989060 1173.000000 880.000000
0 473 0.800085 0.643750 0.045183 0.137500 0.988460 1173.000000 880.000000
0 474 0.800085 0.642614 0.045183 0.137500 0.982240 1173.000000 880.000000
0 475 0.800085 0.641477 0.045183 0.137500 0.975710 1173.000000 880.000000
0 476 0.800085 0.640341 0.045183 0.137500 0.968880 1173.000000 880.000000
0 477 0.800085 0.638636 0.045183 0.138636 0.968380 1173.000000 880.000000
0 478 0.800085 0.637500 0.045183 0.138636 0.961160 1173.000000 880.000000
0 479 0.800085 0.636364 0.045183 0.138636 0.953630 1173.000000 880.000000
0 480 0.800512 0.634659 0.044331 0.137500 0.951280 1173.000000 880.000000
0 481 0.800512 0.633523 0.044331 0.137500 0.943090 1173.000000 880.000000
0 482 0.800512 0.632386 0.044331 0.137500 0.934580 1173.000000 880.000000
0 483 0.800512 0.631250 0.044331 0.137500 0.925770 1173.000000 880.000000
0 484 0.800512 0.630114 0.044331 0.137500 0.916640 1173.000000 880.000000
0 485 0.800512 0.628977 0.044331 0.137500 0.907210 1173.000000 880.000000
0 486 0.800512 0.627841 0.044331 0.137500 0.897460 1173.000000 880.000000
0 487 0.800938 0.625568 0.043478 0.137500 0.903530 1173.000000 880.000000
0 488 0.800938 0.624432 0.043478 0.137500 0.893440 1173.000000 880.000000
0 489 0.800938 0.623295 0.043478 0.137500 0.885250 1173.000000 880.000000
0 490 0.800938 0.622159 0.043478 0.137500 0.877050 1173.000000 880.000000
0 491 0.800938 0.621023 0.043478 0.137500 0.877050 1173.000000 880.000000
0 492 0.800938 0.619886 0.043478 0.137500 0.868850 1173.000000 880.000000
0 493 0.800938 0.618750 0.043478 0.137500 0.860660 1173.000000 880.000000
0 494 0.801364 0.617045 0.042626 0.136364 0.859500 1173.000000 880.000000
0 495 0.801364 0.615909 0.042626 0.136364 0.859500 1173.000000 880.000000
0 496 0.801364 0.614773 0.042626 0.136364 0.851240 1173.000000 880.000000
0 497 0.801364 0.613068 0.042626 0.137500 0.844260 1173.000000 880.000000
0 498 0.801364 0.611932 0.042626 0.137500 0.844260 1173.000000 880.000000
0 499 0.801364 0.610795 0.042626 0.137500 0.836070 1173.000000 880.000000
0 500 0.801364 0.609659 0.042626 0.137500 0.827870 1173.000000 880.000000
0 501 0.801790 0.607955 0.041773 0.136364 0.826450 1173.000000 880.000000
0 502 0.801790 0.606818 0.041773 0.136364 0.826450 1173.000000 880.000000
0 503 0.801790 0.605682 0.041773 0.136364 0.818180 1173.000000 880.000000
0 504 0.801790 0.604545 0.041773 0.136364 0.809920 1173.000000 880.000000
0 505 0.801790 0.603409 0.041773 0.136364 0.801650 1173.000000 880.000000
0 506 0.801790 0.602273 0.041773 0.136364 0.801650 1173.000000 880.000000
0 507 0.802217 0.601136 0.040921 0.136364 0.793390 1173.000000 880.000000
0 508 0.802217 0.598864 0.040921 0.136364 0.793390 1173.000000 880.000000
0 509 0.802217 0.597727 0.040921 0.136364 0.793390 1173.000000 880.000000
0 510 0.802217 0.596591 0.040921 0.136364 0.785120 1173.000000 880.000000
0 511 0.802217 0.595455 0.040921 0.136364 0.745490 1173.000000 880.000000
0 512 0.802217 0.594318 0.040921 0.136364 0.683590 1173.000000 880.000000
0 513 0.802217 0.593182 0.040921 0.136364 0.626080 1173.000000 880.000000
0 514 0.802217 0.592045 0.040921 0.136364 0.559960 1173.000000 880.000000
0 515 0.802217 0.590909 0.040921 0.136364 0.496040 1173.000000 880.000000
0 516 0.802217 0.589773 0.040921 0.136364 0.427390 1173.000000 880.000000
0 517 0.802217 0.588636 0.040921 0.136364 0.359760 1173.000000 880.000000
0 518 0.802217 0.587500 0.040921 0.136364 0.286890 1173.000000 880.000000
0 519 0.802217 0.586364 0.040921 0.136364 0.219600 1173.000000 880.000000
0 520 0.802217 0.585227 0.040921 0.136364 0.212350 1173.000000 880.000000
0 521 0.802217 0.584091 0.040921 0.136364 0.240010 1173.000000 880.000000
0 522 0.802217 0.581818 0.040921 0.136364 0.296170 1173.000000 880.000000
0 523 0.802217 0.580682 0.040921 0.136364 0.335810 1173.000000 880.000000
0 524 0.802217 0.579545 0.040921 0.136364 0.383710 1173.000000 880.000000
0 525 0.802217 0.578409 0.040921 0.136364 0.423340 1173.000000 880.000000
0 526 0.802217 0.577273 0.040921 0.136364 0.467870 1173.000000 880.000000
0 527 0.802217 0.576136 0.040921 0.136364 0.510880 1173.000000 880.000000
0 528 0.802217 0.575000 0.040921 0.136364 0.556750 1173.000000 880.000000
0 529 0.802217 0.573864 0.040921 0.136364 0.598410 1173.000000 880.000000
0 530 0.802217 0.572727 0.040921 0.136364 0.694210 1173.000000 880.000000
0 531 0.802217 0.571591 0.040921 0.136364 0.685950 1173.000000 880.000000
0 532 0.802217 0.570455 0.040921 0.136364 0.685950 1173.000000 880.000000
0 533 0.802217 0.569318 0.040921 0.136364 0.677690 1173.000000 880.000000
0 534 0.802217 0.568182 0.040921 0.136364 0.677690 1173.000000 880.000000
0 535 0.802217 0.567045 0.040921 0.136364 0.669420 1173.000000 880.000000
0 536 0.801364 0.565341 0.040921 0.135227 0.675000 1173.000000 880.000000
0 537 0.801364 0.564205 0.040921 0.135227 0.675000 1173.000000 880.000000
0 538 0.801364 0.562500 0.040921 0.134091 0.672270 1173.000000 880.000000
0 539 0.801364 0.561932 0.040921 0.132955 0.669490 1173.000000 880.000000
0 540 0.800938 0.560795 0.040068 0.132955 0.661020 1173.000000 880.000000
0 541 0.800512 0.559091 0.040921 0.131818 0.666670 1173.000000 880.000000
0 542 0.800512 0.558523 0.040921 0.130682 0.655170 1173.000000 880.000000
0 543 0.800512 0.557386 0.040921 0.130682 0.655170 1173.000000 880.000000
0 544 0.800085 0.555682 0.040068 0.129545 0.652170 1173.000000 880.000000
0 545 0.800085 0.555114 0.040068 0.128409 0.649120 1173.000000 880.000000
0 546 0.800085 0.553977 0.040068 0.128409 0.640350 1173.000000 880.000000
0 547 0.799659 0.552273 0.040921 0.127273 0.646020 1173.000000 880.000000
0 548 0.799659 0.551705 0.040921 0.126136 0.633930 1173.000000 880.000000
0 549 0.799233 0.550000 0.040068 0.125000 0.639640 1173.000000 880.000000
0 550 0.799233 0.548864 0.040068 0.125000 0.630630 1173.000000 880.000000
0 551 0.799233 0.548295 0.040068 0.123864 0.627270 1173.000000 880.000000
0 552 0.798806 0.546591 0.040921 0.122727 0.633400 1173.000000 880.000000
0 553 0.798380 0.545455 0.040068 0.122727 0.624430 1173.000000 880.000000
0 554 0.798380 0.544886 0.040068 0.121591 0.620950 1173.000000 880.000000
0 555 0.798380 0.543182 0.040068 0.120455 0.626750 1173.000000 880.000000
0 556 0.798380 0.542045 0.040068 0.120455 0.626750 1173.000000 880.000000
0 557 0.798380 0.541477 0.040068 0.119318 0.623230 1173.000000 880.000000
0 558 0.797528 0.540341 0.040068 0.119318 0.623820 1173.000000 880.000000
0 559 0.797528 0.539205 0.040068 0.119318 0.623820 1173.000000 880.000000
0 560 0.796675 0.539205 0.040068 0.119318 0.614980 1173.000000 880.000000
0 561 0.796675 0.538068 0.040068 0.119318 0.614980 1173.000000 880.000000
0 562 0.795823 0.536932 0.040068 0.119318 0.616160 1173.000000 880.000000
0 563 0.795823 0.536932 0.040068 0.119318 0.606720 1173.000000 880.000000
0 564 0.794970 0.535795 0.040068 0.119318 0.607310 1173.000000 880.000000
0 565 0.794970 0.534659 0.040068 0.119318 0.607310 1173.000000 880.000000
0 566 0.794118 0.534659 0.040068 0.119318 0.598470 1173.000000 880.000000
0 567 0.794118 0.533523 0.040068 0.119318 0.598470 1173.000000 880.000000
0 568 0.793265 0.532386 0.040068 0.119318 0.599060 1173.000000 880.000000
0 569 0.793265 0.532386 0.040068 0.119318 0.589620 1173.000000 880.000000
0 570 0.792413 0.531250 0.040068 0.119318 0.590210 1173.000000 880.000000
0 571 0.792413 0.530114 0.040068 0.119318 0.583330 1173.000000 880.000000
0 572 0.791560 0.530114 0.040068 0.119318 0.574690 1173.000000 880.000000
0 573 0.791560 0.528977 0.040068 0.119318 0.574690 1173.000000 880.000000
0 574 0.790708 0.527841 0.040068 0.119318 0.575470 1173.000000 880.000000
0 575 0.790708 0.527841 0.040068 0.119318 0.566040 1173.000000 880.000000
0 576 0.789855 0.526705 0.040068 0.119318 0.566820 1173.000000 880.000000
0 577 0.789855 0.525568 0.040068 0.119318 0.566820 1173.000000 880.000000
0 578 0.789003 0.525568 0.040068 0.119318 0.558180 1173.000000 880.000000
0 579 0.789003 0.524432 0.040068 0.119318 0.558180 1173.000000 880.000000
0 580 0.788150 0.523295 0.040068 0.119318 0.559750 1173.000000 880.000000
0 581 0.788150 0.523295 0.040068 0.119318 0.550310 1173.000000 880.000000
0 582 0.787298 0.522159 0.040068 0.119318 0.551100 1173.000000 880.000000
0 583 0.787298 0.521023 0.040068 0.119318 0.551100 1173.000000 880.000000
0 584 0.786445 0.521023 0.040068 0.119318 0.542450 1173.000000 880.000000
0 585 0.786445 0.519886 0.040068 0.119318 0.542450 1173.000000 880.000000
0 586 0.786445 0.519886 0.040068 0.119318 0.533020 1173.000000 880.000000
0 587 0.785592 0.518750 0.040068 0.119318 0.533810 1173.000000 880.000000
0 588 0.784740 0.517614 0.040068 0.119318 0.534590 1173.000000 880.000000
0 589 0.784740 0.516477 0.040068 0.119318 0.535380 1173.000000 880.000000
0 590 0.783887 0.515341 0.040068 0.119318 0.530070 1173.000000 880.000000
0 591 0.783887 0.514205 0.040068 0.119318 0.530070 1173.000000 880.000000
0 592 0.783035 0.513068 0.040068 0.119318 0.530070 1173.000000 880.000000
0 593 0.782182 0.511932 0.040068 0.119318 0.525940 1173.000000 880.000000
0 594 0.782182 0.511932 0.040068 0.119318 0.515330 1173.000000 880.000000
0 595 0.781330 0.510795 0.040068 0.119318 0.516510 1173.000000 880.000000
0 596 0.781330 0.509659 0.040068 0.119318 0.511400 1173.000000 880.000000
0 597 0.780477 0.508523 0.040068 0.119318 0.511400 1173.000000 880.000000
0 598 0.779625 0.507386 0.040068 0.119318 0.512780 1173.000000 880.000000
0 599 0.779625 0.506250 0.040068 0.119318 0.506290 1173.000000 880.000000
0 600 0.778772 0.505114 0.040068 0.119318 0.507860 1173.000000 880.000000
0 601 0.778772 0.505114 0.040068 0.119318 0.502950 1173.000000 880.000000
0 602 0.777920 0.503977 0.040068 0.119318 0.500000 1173.000000 880.000000
0 603 0.777494 0.503409 0.039216 0.120455 0.497710 1173.000000 880.000000
0 604 0.777067 0.502841 0.040068 0.121591 0.496330 1173.000000 880.000000
0 605 0.776641 0.502273 0.039216 0.122727 0.494630 1173.000000 880.000000
0 606 0.775789 0.502273 0.039216 0.122727 0.487800 1173.000000 880.000000
0 607 0.775789 0.501705 0.039216 0.123864 0.487810 1173.000000 880.000000
0 608 0.774936 0.501136 0.039216 0.125000 0.485910 1173.000000 880.000000
0 609 0.774510 0.500000 0.038363 0.125000 0.489620 1173.000000 880.000000
0 610 0.774084 0.499432 0.039216 0.126136 0.491830 1173.000000 880.000000
0 611 0.773657 0.499432 0.038363 0.126136 0.484470 1173.000000 880.000000
0 612 0.772805 0.498864 0.038363 0.127273 0.485960 1173.000000 880.000000
0 613 0.772805 0.498295 0.038363 0.128409 0.484740 1173.000000 880.000000
0 614 0.771952 0.497727 0.038363 0.129545 0.486770 1173.000000 880.000000
0 615 0.771952 0.497727 0.038363 0.129545 0.481290 1173.000000 880.000000
0 616 0.770247 0.495455 0.038363 0.129545 0.491870 1173.000000 880.000000
0 617 0.769395 0.494318 0.038363 0.129545 0.495090 1173.000000 880.000000
0 618 0.768542 0.493182 0.038363 0.129545 0.488470 1173.000000 880.000000
0 619 0.767263 0.492045 0.037511 0.129545 0.489280 1173.000000 880.000000
0 620 0.765985 0.490909 0.038363 0.129545 0.487520 1173.000000 880.000000
0 621 0.765132 0.489773 0.038363 0.129545 0.486010 1173.000000 880.000000
0 622 0.764280 0.487500 0.038363 0.129545 0.495650 1173.000000 880.000000
0 623 0.763001 0.486364 0.037511 0.129545 0.498360 1173.000000 880.000000
0 624 0.762148 0.485227 0.037511 0.129545 0.495460 1173.000000 880.000000
0 625 0.760870 0.484091 0.038363 0.129545 0.493950 1173.000000 880.000000
0 626 0.759591 0.482955 0.037511 0.129545 0.495650 1173.000000 880.000000
0 627 0.758738 0.481818 0.037511 0.129545 0.495650 1173.000000 880.000000
0 628 0.757886 0.479545 0.037511 0.129545 0.508990 1173.000000 880.000000
0 629 0.756607 0.478409 0.038363 0.129545 0.507940 1173.000000 880.000000
0 630 0.755328 0.477273 0.037511 0.129545 0.512850 1173.000000 880.000000
0 631 0.754476 0.476136 0.037511 0.129545 0.512850 1173.000000 880.000000
0 632 0.753623 0.475000 0.037511 0.129545 0.517290 1173.000000 880.000000
0 633 0.752771 0.473864 0.037511 0.129545 0.522320 1173.000000 880.000000
0 634 0.751066 0.471591 0.037511 0.129545 0.534690 1173.000000 880.000000
0 635 0.750213 0.470455 0.037511 0.129545 0.533330 1173.000000 880.000000
0 636 0.749361 0.469318 0.037511 0.129545 0.533330 1173.000000 880.000000
0 637 0.747656 0.467045 0.037511 0.129545 0.540680 1173.000000 880.000000
0 638 0.746803 0.465909 0.037511 0.129545 0.540680 1173.000000 880.000000
0 639 0.745951 0.464773 0.037511 0.129545 0.551300 1173.000000 880.000000
0 640 0.745098 0.463636 0.037511 0.129545 0.551300 1173.000000 880.000000
0 641 0.743393 0.461364 0.037511 0.129545 0.568890 1173.000000 880.000000
0 642 0.742540 0.460227 0.037511 0.129545 0.566380 1173.000000 880.000000
0 643 0.741688 0.459091 0.037511 0.129545 0.566380 1173.000000 880.000000
0 644 0.740835 0.457955 0.037511 0.129545 0.563860 1173.000000 880.000000
0 645 0.739130 0.455682 0.037511 0.129545 0.590720 1173.000000 880.000000
0 646 0.738278 0.454545 0.037511 0.129545 0.582800 1173.000000 880.000000
0 647 0.737425 0.453409 0.037511 0.129545 0.581840 1173.000000 880.000000
0 648 0.736573 0.452273 0.037511 0.129545 0.573910 1173.000000 880.000000
0 649 0.735720 0.450000 0.037511 0.129545 0.580870 1173.000000 880.000000
0 650 0.734868 0.448295 0.037511 0.128409 0.577190 1173.000000 880.000000
0 651 0.734015 0.446591 0.037511 0.127273 0.580530 1173.000000 880.000000
0 652 0.733163 0.444886 0.037511 0.126136 0.577180 1173.000000 880.000000
0 653 0.732310 0.443182 0.037511 0.125000 0.580180 1173.000000 880.000000
0 654 0.731458 0.442045 0.037511 0.125000 0.572170 1173.000000 880.000000
0 655 0.730605 0.440341 0.037511 0.123864 0.575350 1173.000000 880.000000
0 656 0.729753 0.438068 0.037511 0.123864 0.575350 1173.000000 880.000000
0 657 0.728900 0.436364 0.037511 0.122727 0.578800 1173.000000 880.000000
0 658 0.728048 0.434659 0.037511 0.121591 0.574690 1173.000000 880.000000
0 659 0.727195 0.433523 0.037511 0.121591 0.572840 1173.000000 880.000000
0 660 0.726343 0.431818 0.037511 0.120455 0.569470 1173.000000 880.000000
0 661 0.725490 0.430114 0.037511 0.119318 0.572750 1173.000000 880.000000
0 662 0.724638 0.428409 0.037511 0.118182 0.568680 1173.000000 880.000000
0 663 0.723785 0.426136 0.037511 0.118182 0.576080 1173.000000 880.000000
0 664 0.722933 0.424432 0.037511 0.117045 0.589740 1173.000000 880.000000
0 665 0.722080 0.423295 0.037511 0.117045 0.589740 1173.000000 880.000000
0 666 0.721228 0.421591 0.037511 0.115909 0.594390 1173.000000 880.000000
0 667 0.720375 0.419886 0.037511 0.114773 0.609150 1173.000000 880.000000
0 668 0.719523 0.418182 0.037511 0.113636 0.613860 1173.000000 880.000000
0 669 0.718670 0.416477 0.037511 0.112500 0.618670 1173.000000 880.000000
0 670 0.718670 0.415341 0.037511 0.112500 0.618670 1173.000000 880.000000
0 671 0.716965 0.413068 0.037511 0.112500 0.636890 1173.000000 880.000000
0 672 0.716113 0.411932 0.037511 0.112500 0.636890 1173.000000 880.000000
0 673 0.715260 0.410795 0.037511 0.112500 0.624220 1173.000000 880.000000
0 674 0.714408 0.409659 0.037511 0.112500 0.624220 1173.000000 880.000000
0 675 0.713555 0.407386 0.037511 0.112500 0.610220 1173.000000 880.000000
0 676 0.712702 0.406250 0.037511 0.112500 0.597330 1173.000000 880.000000
0 677 0.711850 0.405114 0.037511 0.112500 0.575110 1173.000000 880.000000
0 678 0.710997 0.403977 0.037511 0.112500 0.562220 1173.000000 880.000000
0 679 0.710145 0.402841 0.037511 0.112500 0.540000 1173.000000 880.000000
0 680 0.708440 0.400568 0.037511 0.112500 0.528890 1173.000000 880.000000
0 681 0.707587 0.399432 0.037511 0.112500 0.522670 1173.000000 880.000000
0 682 0.706735 0.398295 0.037511 0.112500 0.516000 1173.000000 880.000000
0 683 0.705882 0.397159 0.037511 0.112500 0.508890 1173.000000 880.000000
0 684 0.705030 0.394886 0.037511 0.112500 0.500000 1173.000000 880.000000
0 685 0.704177 0.393750 0.037511 0.112500 0.485560 1173.000000 880.000000
0 686 0.703325 0.392614 0.037511 0.112500 0.477330 1173.000000 880.000000
0 687 0.702472 0.391477 0.037511 0.112500 0.468670 1173.000000 880.000000
0 688 0.701620 0.390341 0.037511 0.112500 0.459560 1173.000000 880.000000
0 689 0.700341 0.388636 0.036658 0.111364 0.441460 1173.000000 880.000000
0 690 0.699915 0.387500 0.035806 0.111364 0.441160 1173.000000 880.000000
0 691 0.699062 0.386364 0.035806 0.111364 0.430120 1173.000000 880.000000
0 692 0.698636 0.385227 0.034953 0.111364 0.423280 1173.000000 880.000000
0 693 0.697783 0.384091 0.034953 0.111364 0.411260 1173.000000 880.000000
0 694 0.697357 0.382955 0.034101 0.111364 0.408470 1173.000000 880.000000
0 695 0.696931 0.381818 0.033248 0.111364 0.398740 1173.000000 880.000000
0 696 0.696078 0.380682 0.033248 0.111364 0.384850 1173.000000 880.000000
0 697 0.695652 0.379545 0.032396 0.111364 0.379950 1173.000000 880.000000
0 698 0.694800 0.378409 0.032396 0.111364 0.364670 1173.000000 880.000000
0 699 0.694373 0.377273 0.031543 0.111364 0.353800 1173.000000 880.000000
0 700 0.693521 0.376136 0.031543 0.111364 0.331740 1173.000000 880.000000
0 701 0.693095 0.375000 0.030691 0.111364 0.323510 1173.000000 880.000000
0 702 0.692668 0.374432 0.029838 0.110227 0.313490 1173.000000 880.000000
0 703 0.691816 0.373295 0.029838 0.110227 0.294780 1173.000000 880.000000
0 704 0.691816 0.372159 0.029838 0.110227 0.298470 1173.000000 880.000000
0 705 0.691816 0.371023 0.029838 0.110227 0.302150 1173.000000 880.000000
0 706 0.691816 0.369886 0.029838 0.110227 0.298470 1173.000000 880.000000
0 707 0.691390 0.369886 0.028986 0.110227 0.279880 1173.000000 880.000000
0 708 0.691390 0.368750 0.028986 0.110227 0.279880 1173.000000 880.000000
0 709 0.691390 0.367614 0.028986 0.110227 0.279880 1173.000000 880.000000
0 710 0.691390 0.366477 0.028986 0.110227 0.279880 1173.000000 880.000000
0 711 0.691390 0.366477 0.028986 0.110227 0.276380 1173.000000 880.000000
0 712 0.690537 0.365341 0.028986 0.110227 0.253350 1173.000000 880.000000
0 713 0.690537 0.364205 0.028986 0.110227 0.250150 1173.000000 880.000000
0 714 0.690537 0.363068 0.028986 0.110227 0.250150 1173.000000 880.000000
0 715 0.690537 0.361932 0.028986 0.110227 0.250150 1173.000000 880.000000
0 716 0.690111 0.361932 0.028133 0.110227 0.231090 1173.000000 880.000000
0 717 0.690111 0.360795 0.028133 0.110227 0.231090 1173.000000 880.000000
0 718 0.690111 0.359659 0.028133 0.110227 0.231090 1173.000000 880.000000
0 719 0.690111 0.358523 0.028133 0.110227 0.294120 1173.000000 880.000000
0 720 0.690111 0.358523 0.028133 0.110227 0.294120 1173.000000 880.000000
0 721 0.689258 0.357386 0.028133 0.110227 0.264710 1173.000000 880.000000
0 722 0.689258 0.357386 0.028133 0.110227 0.264710 1173.000000 880.000000
0 723 0.688406 0.356250 0.028133 0.110227 0.235290 1173.000000 880.000000
0 724 0.688406 0.356250 0.028133 0.110227 0.235290 1173.000000 880.000000
0 725 0.687553 0.355114 0.028133 0.110227 0.205880 1173.000000 880.000000
0 726 0.687553 0.355114 0.028133 0.110227 0.205880 1173.000000 880.000000
0 727 0.687127 0.353977 0.028986 0.110227 0.200000 1173.000000 880.000000
0 728 0.686701 0.353977 0.028133 0.110227 0.176470 1173.000000 880.000000
0 729 0.686275 0.352841 0.028986 0.110227 0.171430 1173.000000 880.000000
0 730 0.685848 0.352841 0.028133 0.110227 0.147060 1173.000000 880.000000
0 731 0.685422 0.351705 0.028986 0.110227 0.142860 1173.000000 880.000000
0 732 0.684996 0.351705 0.028133 0.110227 0.117650 1173.000000 880.000000
0 733 0.684569 0.350568 0.028986 0.110227 0.114290 1173.000000 880.000000
0 734 0.684569 0.350568 0.028986 0.110227 0.114290 1173.000000 880.000000
0 735 0.683717 0.349432 0.028986 0.110227 0.085714 1173.000000 880.000000
0 736 0.683717 0.349432 0.028986 0.110227 0.085714 1173.000000 880.000000
0 737 0.682864 0.348295 0.028986 0.110227 0.057143 1173.000000 880.000000
0 738 0.682864 0.348295 0.028986 0.110227 0.057143 1173.000000 880.000000
0 739 0.682012 0.347159 0.028986 0.110227 0.028571 1173.000000 880.000000
0 740 0.682012 0.347159 0.028986 0.110227 0.028571 1173.000000 880.000000
