0 1 0.090367 0.489773 0.047741 0.122727 1.000000 1173.000000 880.000000
0 2 0.090367 0.488636 0.047741 0.122727 1.000000 1173.000000 880.000000
0 3 0.091219 0.488636 0.047741 0.122727 1.000000 1173.000000 880.000000
0 4 0.091219 0.487500 0.047741 0.122727 1.000000 1173.000000 880.000000
0 5 0.092072 0.487500 0.047741 0.122727 1.000000 1173.000000 880.000000
0 6 0.092072 0.486364 0.047741 0.122727 1.000000 1173.000000 880.000000
0 7 0.092924 0.486364 0.047741 0.122727 1.000000 1173.000000 880.000000
0 8 0.092924 0.485227 0.047741 0.122727 1.000000 1173.000000 880.000000
0 9 0.093777 0.485227 0.047741 0.122727 1.000000 1173.000000 880.000000
0 10 0.093777 0.484091 0.047741 0.122727 1.000000 1173.000000 880.000000
0 11 0.094629 0.484091 0.047741 0.122727 1.000000 1173.000000 880.000000
0 12 0.094629 0.483523 0.047741 0.121591 1.000000 1173.000000 880.000000
0 13 0.095482 0.482955 0.047741 0.122727 1.000000 1173.000000 880.000000
0 14 0.095482 0.482386 0.047741 0.121591 1.000000 1173.000000 880.000000
0 15 0.096334 0.481818 0.047741 0.122727 1.000000 1173.000000 880.000000
0 16 0.096334 0.481250 0.047741 0.121591 1.000000 1173.000000 880.000000
0 17 0.097187 0.480682 0.047741 0.122727 1.000000 1173.000000 880.000000
0 18 0.097187 0.480114 0.047741 0.121591 1.000000 1173.000000 880.000000
0 19 0.098039 0.479545 0.047741 0.122727 1.000000 1173.000000 880.000000
0 20 0.098039 0.478977 0.047741 0.121591 1.000000 1173.000000 880.000000
0 21 0.098892 0.478409 0.047741 0.122727 1.000000 1173.000000 880.000000
0 22 0.098892 0.477841 0.047741 0.121591 1.000000 1173.000000 880.000000
0 23 0.099744 0.477841 0.047741 0.121591 1.000000 1173.000000 880.000000
0 24 0.099744 0.476136 0.047741 0.120455 1.000000 1173.000000 880.000000
0 25 0.100597 0.475000 0.047741 0.120455 0.751930 1173.000000 880.000000
0 26 0.101449 0.473864 0.047741 0.120455 0.751930 1173.000000 880.000000
0 27 0.101449 0.472727 0.047741 0.120455 0.740290 1173.000000 880.000000
0 28 0.102302 0.471591 0.047741 0.120455 0.740290 1173.000000 880.000000
0 29 0.103154 0.471023 0.047741 0.119318 0.740810 1173.000000 880.000000
0 30 0.103154 0.469318 0.047741 0.118182 0.723810 1173.000000 880.000000
0 31 0.104007 0.468182 0.047741 0.118182 0.723810 1173.000000 880.000000
0 32 0.104859 0.467045 0.047741 0.118182 0.723810 1173.000000 880.000000
0 33 0.104859 0.465909 0.047741 0.118182 0.709270 1173.000000 880.000000
0 34 0.105712 0.464773 0.047741 0.118182 0.709270 1173.000000 880.000000
0 35 0.106564 0.464205 0.047741 0.117045 0.706480 1173.000000 880.000000
0 36 0.106564 0.462500 0.047741 0.115909 0.692390 1173.000000 880.000000
0 37 0.107417 0.461364 0.047741 0.115909 0.692390 1173.000000 880.000000
0 38 0.108269 0.460227 0.047741 0.115909 0.692390 1173.000000 880.000000
0 39 0.108269 0.459091 0.047741 0.115909 0.677740 1173.000000 880.000000
0 40 0.109122 0.457955 0.047741 0.115909 0.677740 1173.000000 880.000000
0 41 0.109974 0.457386 0.047741 0.114773 0.674580 1173.000000 880.000000
0 42 0.109974 0.456250 0.047741 0.114773 0.659790 1173.000000 880.000000
0 43 0.110827 0.455114 0.047741 0.114773 0.659790 1173.000000 880.000000
0 44 0.111679 0.453977 0.047741 0.114773 0.659790 1173.000000 880.000000
0 45 0.111679 0.452841 0.047741 0.114773 0.644990 1173.000000 880.000000
0 46 0.112532 0.451705 0.047741 0.114773 0.644990 1173.000000 880.000000
0 47 0.113384 0.450568 0.047741 0.114773 0.644990 1173.000000 880.000000
0 48 0.114237 0.449432 0.047741 0.114773 0.644990 1173.000000 880.000000
0 49 0.114237 0.448295 0.047741 0.114773 0.630200 1173.000000 880.000000
0 50 0.115090 0.447159 0.047741 0.114773 0.630200 1173.000000 880.000000
0 51 0.115942 0.446023 0.047741 0.114773 0.630200 1173.000000 880.000000
0 52 0.116795 0.444886 0.047741 0.114773 0.630200 1173.000000 880.000000
0 53 0.116795 0.443750 0.047741 0.114773 0.615410 1173.000000 880.000000
0 54 0.117647 0.442614 0.047741 0.114773 0.619880 1173.000000 880.000000
0 55 0.118500 0.441477 0.047741 0.114773 0.619880 1173.000000 880.000000
0 56 0.118500 0.440341 0.047741 0.114773 0.605260 1173.000000 880.000000
0 57 0.119352 0.439205 0.047741 0.114773 0.590640 1173.000000 880.000000
0 58 0.120205 0.438068 0.047741 0.114773 0.590640 1173.000000 880.000000
0 59 0.121057 0.436932 0.047741 0.114773 0.590640 1173.000000 880.000000
0 60 0.121057 0.435795 0.047741 0.114773 0.581010 1173.000000 880.000000
0 61 0.121910 0.434659 0.047741 0.114773 0.581010 1173.000000 880.000000
0 62 0.122762 0.433523 0.047741 0.114773 0.581010 1173.000000 880.000000
0 63 0.123615 0.432386 0.047741 0.114773 0.581010 1173.000000 880.000000
0 64 0.124467 0.431250 0.047741 0.114773 0.581010 1173.000000 880.000000
0 65 0.125320 0.430114 0.047741 0.114773 0.571720 1173.000000 880.000000
0 66 0.126172 0.428977 0.047741 0.114773 0.581010 1173.000000 880.000000
0 67 0.127025 0.427841 0.047741 0.114773 0.581010 1173.000000 880.000000
0 68 0.127877 0.426705 0.047741 0.114773 0.576020 1173.000000 880.000000
0 69 0.129582 0.425568 0.047741 0.114773 0.590640 1173.000000 880.000000
0 70 0.130435 0.424432 0.047741 0.114773 0.590640 1173.000000 880.000000
0 71 0.131287 0.423295 0.047741 0.114773 0.585830 1173.000000 880.000000
0 72 0.132140 0.422159 0.047741 0.114773 0.585830 1173.000000 880.000000
0 73 0.132992 0.421023 0.047741 0.114773 0.585830 1173.000000 880.000000
0 74 0.133845 0.419886 0.047741 0.114773 0.581010 1173.000000 880.000000
0 75 0.135550 0.418750 0.047741 0.114773 0.595980 1173.000000 880.000000
0 76 0.136402 0.417614 0.047741 0.114773 0.595980 1173.000000 880.000000
0 77 0.137255 0.416477 0.047741 0.114773 0.591330 1173.000000 880.000000
0 78 0.138107 0.415341 0.047741 0.114773 0.591330 1173.000000 880.000000
0 79 0.138960 0.414205 0.047741 0.114773 0.591330 1173.000000 880.000000
0 80 0.139812 0.413068 0.047741 0.114773 0.586690 1173.000000 880.000000
0 81 0.141517 0.411932 0.047741 0.114773 0.602000 1173.000000 880.000000
0 82 0.142370 0.410795 0.047741 0.114773 0.602000 1173.000000 880.000000
0 83 0.143223 0.409659 0.047741 0.114773 0.617300 1173.000000 880.000000
0 84 0.144075 0.408523 0.047741 0.114773 0.617300 1173.000000 880.000000
0 85 0.144928 0.407386 0.047741 0.114773 0.632610 1173.000000 880.000000
0 86 0.145780 0.406250 0.047741 0.114773 0.632610 1173.000000 880.000000
0 87 0.147485 0.405114 0.047741 0.114773 0.663230 1173.000000 880.000000
0 88 0.148338 0.402841 0.047741 0.114773 0.667010 1173.000000 880.000000
0 89 0.149190 0.401705 0.047741 0.114773 0.667010 1173.000000 880.000000
0 90 0.150043 0.400568 0.047741 0.114773 0.682150 1173.000000 880.000000
0 91 0.150895 0.398864 0.047741 0.113636 0.682650 1173.000000 880.000000
0 92 0.151748 0.397727 0.047741 0.113636 0.697760 1173.000000 880.000000
0 93 0.152600 0.396591 0.047741 0.113636 0.697760 1173.000000 880.000000
0 94 0.154305 0.395455 0.047741 0.113636 0.716170 1173.000000 880.000000
0 95 0.155158 0.393182 0.047741 0.113636 0.734240 1173.000000 880.000000
0 96 0.156010 0.392045 0.047741 0.113636 0.734240 1173.000000 880.000000
0 97 0.156863 0.390909 0.047741 0.113636 0.749000 1173.000000 880.000000
0 98 0.157715 0.389205 0.047741 0.112500 0.749470 1173.000000 880.000000
0 99 0.158568 0.388068 0.047741 0.112500 0.764210 1173.000000 880.000000
0 100 0.159420 0.386932 0.047741 0.112500 0.764210 1173.000000 880.000000
0 101 0.161125 0.385795 0.047741 0.112500 0.778950 1173.000000 880.000000
0 102 0.161978 0.383523 0.047741 0.112500 0.796140 1173.000000 880.000000
0 103 0.162830 0.382386 0.047741 0.112500 0.796140 1173.000000 880.000000
0 104 0.163683 0.381250 0.047741 0.112500 0.810700 1173.000000 880.000000
0 105 0.164535 0.379545 0.047741 0.111364 0.811090 1173.000000 880.000000
0 106 0.165388 0.378409 0.047741 0.111364 0.813400 1173.000000 880.000000
0 107 0.166240 0.377273 0.047741 0.111364 0.811090 1173.000000 880.000000
0 108 0.167945 0.376136 0.047741 0.111364 0.825620 1173.000000 880.000000
0 109 0.167945 0.374432 0.047741 0.110227 0.811490 1173.000000 880.000000
0 110 0.168798 0.373295 0.047741 0.110227 0.811490 1173.000000 880.000000
0 111 0.169650 0.372159 0.047741 0.110227 0.811490 1173.000000 880.000000
0 112 0.169650 0.371023 0.047741 0.110227 0.796990 1173.000000 880.000000
0 113 0.170503 0.369886 0.047741 0.110227 0.796990 1173.000000 880.000000
0 114 0.171355 0.368750 0.047741 0.110227 0.794490 1173.000000 880.000000
0 115 0.171355 0.367614 0.047741 0.110227 0.779810 1173.000000 880.000000
0 116 0.172208 0.366477 0.047741 0.110227 0.779810 1173.000000 880.000000
0 117 0.173061 0.365341 0.047741 0.110227 0.779810 1173.000000 880.000000
0 118 0.173061 0.364205 0.047741 0.110227 0.765130 1173.000000 880.000000
0 119 0.173913 0.363068 0.047741 0.110227 0.765130 1173.000000 880.000000
0 120 0.174766 0.361932 0.047741 0.107955 0.763160 1173.000000 880.000000
0 121 0.175618 0.360795 0.047741 0.107955 0.760230 1173.000000 880.000000
0 122 0.175618 0.359659 0.047741 0.107955 0.745250 1173.000000 880.000000
0 123 0.176471 0.358523 0.047741 0.107955 0.745250 1173.000000 880.000000
0 124 0.177323 0.357386 0.047741 0.107955 0.745250 1173.000000 880.000000
0 125 0.177323 0.356250 0.047741 0.107955 0.730260 1173.000000 880.000000
0 126 0.178176 0.355114 0.047741 0.107955 0.730260 1173.000000 880.000000
0 127 0.179028 0.353977 0.047741 0.107955 0.730260 1173.000000 880.000000
0 128 0.179028 0.352841 0.047741 0.107955 0.700290 1173.000000 880.000000
0 129 0.179881 0.351705 0.047741 0.107955 0.715280 1173.000000 880.000000
0 130 0.180733 0.350568 0.047741 0.107955 0.715280 1173.000000 880.000000
0 131 0.181586 0.350000 0.047741 0.106818 0.712280 1173.000000 880.000000
0 132 0.181586 0.348864 0.047741 0.106818 0.697140 1173.000000 880.000000
0 133 0.182438 0.347727 0.047741 0.106818 0.697140 1173.000000 880.000000
0 134 0.183291 0.346591 0.047741 0.106818 0.697140 1173.000000 880.000000
0 135 0.184143 0.346591 0.047741 0.106818 0.693440 1173.000000 880.000000
0 136 0.184996 0.345455 0.047741 0.106818 0.693440 1173.000000 880.000000
0 137 0.185848 0.344318 0.047741 0.106818 0.697140 1173.000000 880.000000
0 138 0.186701 0.343182 0.047741 0.106818 0.697140 1173.000000 880.000000
0 139 0.187553 0.343182 0.047741 0.106818 0.693440 1173.000000 880.000000
0 140 0.187980 0.342045 0.048593 0.106818 0.683670 1173.000000 880.000000
0 141 0.188832 0.340909 0.048593 0.106818 0.683670 1173.000000 880.000000
0 142 0.189685 0.339773 0.048593 0.106818 0.698730 1173.000000 880.000000
0 143 0.190537 0.339773 0.048593 0.106818 0.695100 1173.000000 880.000000
0 144 0.191390 0.338636 0.048593 0.106818 0.695100 1173.000000 880.000000
0 145 0.192242 0.337500 0.048593 0.106818 0.695100 1173.000000 880.000000
0 146 0.193095 0.336364 0.048593 0.106818 0.698730 1173.000000 880.000000
0 147 0.193947 0.336364 0.048593 0.106818 0.695100 1173.000000 880.000000
0 148 0.194373 0.335227 0.049446 0.106818 0.685280 1173.000000 880.000000
0 149 0.195226 0.334091 0.049446 0.106818 0.685280 1173.000000 880.000000
0 150 0.196078 0.332955 0.049446 0.106818 0.685280 1173.000000 880.000000
0 151 0.196931 0.332955 0.049446 0.106818 1.000000 1173.000000 880.000000
0 152 0.197783 0.331818 0.049446 0.106818 1.000000 1173.000000 880.000000
0 153 0.198636 0.330682 0.049446 0.106818 1.000000 1173.000000 880.000000
0 154 0.199488 0.329545 0.049446 0.106818 0.685280 1173.000000 880.000000
0 155 0.200341 0.329545 0.049446 0.106818 1.000000 1173.000000 880.000000
0 156 0.200341 0.328409 0.049446 0.106818 1.000000 1173.000000 880.000000
0 157 0.200767 0.327273 0.048593 0.106818 1.000000 1173.000000 880.000000
0 158 0.201620 0.326136 0.048593 0.106818 0.695100 1173.000000 880.000000
0 159 0.202046 0.325000 0.047741 0.106818 0.705260 1173.000000 880.000000
0 160 0.202472 0.323864 0.048593 0.106818 0.695100 1173.000000 880.000000
0 161 0.202899 0.322727 0.047741 0.106818 0.705260 1173.000000 880.000000
0 162 0.203325 0.321591 0.046888 0.106818 0.703570 1173.000000 880.000000
0 163 0.204177 0.321023 0.046888 0.107955 0.718750 1173.000000 880.000000
0 164 0.204604 0.319886 0.046036 0.107955 0.713640 1173.000000 880.000000
0 165 0.205030 0.318750 0.046888 0.107955 0.718750 1173.000000 880.000000
0 166 0.205456 0.317614 0.046036 0.107955 0.717050 1173.000000 880.000000
0 167 0.206309 0.317045 0.046036 0.106818 0.729950 1173.000000 880.000000
0 168 0.206735 0.315909 0.045183 0.106818 0.724950 1173.000000 880.000000
0 169 0.207161 0.314773 0.044331 0.106818 0.736250 1173.000000 880.000000
0 170 0.207587 0.313636 0.045183 0.106818 0.728270 1173.000000 880.000000
0 171 0.208014 0.313068 0.044331 0.107955 0.738990 1173.000000 880.000000
0 172 0.208866 0.311932 0.044331 0.107955 0.738990 1173.000000 880.000000
0 173 0.209292 0.310795 0.043478 0.107955 0.750600 1173.000000 880.000000
0 174 0.209719 0.309659 0.042626 0.107955 0.748770 1173.000000 880.000000
0 175 0.210145 0.308523 0.043478 0.107955 0.753610 1173.000000 880.000000
0 176 0.210571 0.307386 0.042626 0.107955 0.748770 1173.000000 880.000000
0 177 0.211424 0.306250 0.042626 0.107955 0.765520 1173.000000 880.000000
0 178 0.211850 0.305114 0.041773 0.107955 0.763750 1173.000000 880.000000
0 179 0.212702 0.305114 0.041773 0.107955 0.777920 1173.000000 880.000000
0 180 0.212702 0.303977 0.041773 0.107955 0.760830 1173.000000 880.000000
0 181 0.212702 0.302841 0.041773 0.107955 0.760830 1173.000000 880.000000
0 182 0.213555 0.301705 0.041773 0.107955 0.763750 1173.000000 880.000000
0 183 0.213555 0.301705 0.041773 0.107955 0.760830 1173.000000 880.000000
0 184 0.214408 0.300568 0.041773 0.107955 0.760830 1173.000000 880.000000
0 185 0.214408 0.299432 0.041773 0.107955 0.746870 1173.000000 880.000000
0 186 0.215260 0.298295 0.041773 0.107955 0.763750 1173.000000 880.000000
0 187 0.215260 0.298295 0.041773 0.107955 0.760830 1173.000000 880.000000
0 188 0.215686 0.297159 0.042626 0.107955 0.765520 1173.000000 880.000000
0 189 0.216113 0.296023 0.041773 0.107955 0.780630 1173.000000 880.000000
0 190 0.216539 0.294886 0.042626 0.107955 0.768380 1173.000000 880.000000
0 191 0.216965 0.294886 0.041773 0.107955 0.777920 1173.000000 880.000000
0 192 0.217391 0.293750 0.042626 0.107955 0.782270 1173.000000 880.000000
0 193 0.217818 0.292614 0.041773 0.107955 0.797500 1173.000000 880.000000
0 194 0.218244 0.291477 0.042626 0.107955 0.784930 1173.000000 880.000000
0 195 0.218670 0.291477 0.041773 0.107955 0.795000 1173.000000 880.000000
0 196 0.218670 0.290341 0.041773 0.107955 0.797500 1173.000000 880.000000
0 197 0.219096 0.289205 0.042626 0.107955 0.801470 1173.000000 880.000000
0 198 0.219523 0.288068 0.041773 0.107955 0.797500 1173.000000 880.000000
0 199 0.219949 0.288068 0.042626 0.107955 0.799020 1173.000000 880.000000
0 200 0.220375 0.286932 0.041773 0.107955 0.814370 1173.000000 880.000000
0 201 0.220801 0.285795 0.042626 0.107955 0.818010 1173.000000 880.000000
0 202 0.221228 0.284659 0.041773 0.107955 0.814370 1173.000000 880.000000
0 203 0.221654 0.284659 0.042626 0.107955 0.815770 1173.000000 880.000000
0 204 0.221654 0.283523 0.042626 0.107955 0.818010 1173.000000 880.000000
0 205 0.222506 0.282386 0.042626 0.107955 0.834560 1173.000000 880.000000
0 206 0.222506 0.281250 0.042626 0.107955 0.818010 1173.000000 880.000000
0 207 0.223359 0.281250 0.042626 0.107955 0.834560 1173.000000 880.000000
0 208 0.223359 0.280114 0.042626 0.107955 0.834560 1173.000000 880.000000
0 209 0.224211 0.278977 0.042626 0.107955 0.851100 1173.000000 880.000000
0 210 0.224211 0.277841 0.042626 0.107955 0.834560 1173.000000 880.000000
0 211 0.225064 0.277841 0.042626 0.107955 0.851100 1173.000000 880.000000
0 212 0.225064 0.276705 0.042626 0.107955 0.851100 1173.000000 880.000000
0 213 0.225916 0.275568 0.042626 0.107955 0.867650 1173.000000 880.000000
0 214 0.225916 0.275568 0.042626 0.107955 0.851100 1173.000000 880.000000
0 215 0.226769 0.274432 0.042626 0.107955 0.867650 1173.000000 880.000000
0 216 0.227195 0.274432 0.041773 0.107955 0.863330 1173.000000 880.000000
0 217 0.227621 0.273295 0.042626 0.107955 0.851100 1173.000000 880.000000
0 218 0.228474 0.273295 0.042626 0.107955 0.849260 1173.000000 880.000000
0 219 0.228474 0.272159 0.042626 0.107955 0.832520 1173.000000 880.000000
0 220 0.229327 0.272159 0.042626 0.107955 0.832520 1173.000000 880.000000
0 221 0.229753 0.271023 0.041773 0.107955 0.829170 1173.000000 880.000000
0 222 0.230179 0.271023 0.042626 0.107955 0.813520 1173.000000 880.000000
0 223 0.231032 0.269886 0.042626 0.107955 0.815770 1173.000000 880.000000
0 224 0.231458 0.269886 0.041773 0.107955 0.809790 1173.000000 880.000000
0 225 0.231884 0.268750 0.042626 0.107955 0.813520 1173.000000 880.000000
0 226 0.232310 0.268750 0.041773 0.107955 0.809790 1173.000000 880.000000
0 227 0.232737 0.267614 0.042626 0.107955 0.796570 1173.000000 880.000000
0 228 0.233163 0.267614 0.041773 0.107955 0.790000 1173.000000 880.000000
0 229 0.234015 0.266477 0.041773 0.107955 0.792500 1173.000000 880.000000
0 230 0.234442 0.266477 0.042626 0.107955 0.776960 1173.000000 880.000000
0 231 0.234868 0.265341 0.041773 0.107955 0.775210 1173.000000 880.000000
0 232 0.235720 0.265341 0.041773 0.107955 0.772500 1173.000000 880.000000
0 233 0.235720 0.264205 0.041773 0.107955 0.755000 1173.000000 880.000000
0 234 0.236573 0.264205 0.041773 0.107955 0.755000 1173.000000 880.000000
0 235 0.236999 0.263068 0.042626 0.107955 0.759800 1173.000000 880.000000
0 236 0.237425 0.263068 0.041773 0.107955 0.960830 1173.000000 880.000000
0 237 0.238278 0.261932 0.041773 0.107955 0.755000 1173.000000 880.000000
0 238 0.238278 0.261932 0.041773 0.107955 0.950000 1173.000000 880.000000
0 239 0.239130 0.260795 0.041773 0.107955 0.950000 1173.000000 880.000000
0 240 0.239983 0.260795 0.041773 0.107955 0.950000 1173.000000 880.000000
0 241 0.239983 0.259659 0.041773 0.107955 0.940000 1173.000000 880.000000
0 242 0.240835 0.258523 0.041773 0.107955 0.940000 1173.000000 880.000000
0 243 0.240835 0.257386 0.041773 0.107955 0.702500 1173.000000 880.000000
0 244 0.241688 0.256818 0.041773 0.106818 0.699370 1173.000000 880.000000
0 245 0.242114 0.255682 0.042626 0.106818 0.691640 1173.000000 880.000000
0 246 0.242540 0.254545 0.041773 0.106818 0.702950 1173.000000 880.000000
0 247 0.243393 0.253977 0.041773 0.105682 0.703400 1173.000000 880.000000
0 248 0.243819 0.252841 0.042626 0.105682 0.692120 1173.000000 880.000000
0 249 0.244246 0.251705 0.041773 0.105682 0.707020 1173.000000 880.000000
0 250 0.244672 0.251136 0.042626 0.104545 0.692600 1173.000000 880.000000
0 251 0.245524 0.250000 0.042626 0.104545 0.696390 1173.000000 880.000000
0 252 0.245951 0.248864 0.041773 0.104545 0.707530 1173.000000 880.000000
0 253 0.246377 0.248295 0.042626 0.103409 0.696930 1173.000000 880.000000
0 254 0.246803 0.247159 0.041773 0.103409 0.690870 1173.000000 880.000000
0 255 0.247229 0.246023 0.042626 0.103409 0.700770 1173.000000 880.000000
0 256 0.248082 0.245455 0.042626 0.102273 0.697480 1173.000000 880.000000
0 257 0.248508 0.244318 0.041773 0.102273 0.695380 1173.000000 880.000000
0 258 0.248934 0.243182 0.042626 0.102273 0.705240 1173.000000 880.000000
0 259 0.249787 0.242614 0.042626 0.101136 0.701960 1173.000000 880.000000
0 260 0.249787 0.241477 0.042626 0.101136 0.689540 1173.000000 880.000000
0 261 0.250639 0.240341 0.042626 0.101136 0.705880 1173.000000 880.000000
0 262 0.251492 0.240341 0.042626 0.101136 0.705880 1173.000000 880.000000
0 263 0.251492 0.239205 0.042626 0.101136 0.689540 1173.000000 880.000000
0 264 0.252344 0.239205 0.042626 0.101136 0.705880 1173.000000 880.000000
0 265 0.252344 0.238068 0.042626 0.101136 0.689540 1173.000000 880.000000
0 266 0.253197 0.238068 0.042626 0.101136 0.689540 1173.000000 880.000000
0 267 0.254049 0.238068 0.042626 0.101136 0.701960 1173.000000 880.000000
0 268 0.254049 0.236932 0.042626 0.101136 0.689540 1173.000000 880.000000
0 269 0.254902 0.236932 0.042626 0.101136 0.689540 1173.000000 880.000000
0 270 0.255328 0.236932 0.041773 0.101136 0.696000 1173.000000 880.000000
0 271 0.255754 0.235795 0.042626 0.101136 0.689540 1173.000000 880.000000
0 272 0.256607 0.235795 0.042626 0.101136 0.701960 1173.000000 880.000000
0 273 0.257033 0.235795 0.041773 0.101136 0.696000 1173.000000 880.000000
0 274 0.257460 0.234659 0.042626 0.101136 0.701960 1173.000000 880.000000
0 275 0.257886 0.234659 0.041773 0.101136 0.696000 1173.000000 880.000000
0 276 0.258738 0.234659 0.041773 0.101136 0.712890 1173.000000 880.000000
0 277 0.259165 0.233523 0.042626 0.101136 0.701960 1173.000000 880.000000
0 278 0.259591 0.233523 0.041773 0.101136 0.712890 1173.000000 880.000000
0 279 0.260443 0.233523 0.041773 0.101136 0.709110 1173.000000 880.000000
0 280 0.260443 0.232386 0.041773 0.101136 0.701330 1173.000000 880.000000
0 281 0.261296 0.232386 0.041773 0.101136 0.679560 1173.000000 880.000000
0 282 0.262148 0.232386 0.041773 0.101136 0.672890 1173.000000 880.000000
0 283 0.262148 0.231250 0.041773 0.101136 0.651560 1173.000000 880.000000
0 284 0.263001 0.231250 0.041773 0.101136 0.648000 1173.000000 880.000000
0 285 0.263853 0.231250 0.041773 0.101136 0.628440 1173.000000 880.000000
0 286 0.263853 0.230114 0.041773 0.101136 0.632000 1173.000000 880.000000
0 287 0.264706 0.228977 0.041773 0.101136 0.620000 1173.000000 880.000000
0 288 0.264706 0.228977 0.041773 0.101136 0.613780 1173.000000 880.000000
0 289 0.265558 0.227841 0.041773 0.101136 0.616000 1173.000000 880.000000
0 290 0.265558 0.227841 0.041773 0.101136 0.608890 1173.000000 880.000000
0 291 0.266411 0.226705 0.041773 0.101136 0.627560 1173.000000 880.000000
0 292 0.266411 0.226705 0.041773 0.101136 0.624000 1173.000000 880.000000
0 293 0.267263 0.225568 0.041773 0.101136 0.642670 1173.000000 880.000000
0 294 0.267263 0.224432 0.041773 0.101136 0.650220 1173.000000 880.000000
0 295 0.268116 0.224432 0.041773 0.101136 0.657780 1173.000000 880.000000
0 296 0.268116 0.223295 0.041773 0.101136 0.668890 1173.000000 880.000000
0 297 0.268968 0.223295 0.041773 0.101136 0.680000 1173.000000 880.000000
0 298 0.268968 0.222159 0.041773 0.101136 0.693330 1173.000000 880.000000
0 299 0.269821 0.222159 0.041773 0.101136 0.701330 1173.000000 880.000000
0 300 0.269821 0.221023 0.041773 0.101136 0.713560 1173.000000 880.000000
0 301 0.270673 0.221023 0.041773 0.101136 0.720890 1173.000000 880.000000
0 302 0.270673 0.219886 0.041773 0.101136 0.730220 1173.000000 880.000000
0 303 0.270673 0.219318 0.041773 0.100000 0.726290 1173.000000 880.000000
0 304 0.271526 0.218750 0.041773 0.101136 0.736890 1173.000000 880.000000
0 305 0.271526 0.218182 0.041773 0.100000 0.726520 1173.000000 880.000000
0 306 0.271526 0.218182 0.041773 0.100000 0.711910 1173.000000 880.000000
0 307 0.272379 0.217045 0.041773 0.100000 0.726740 1173.000000 880.000000
0 308 0.272379 0.216477 0.041773 0.098864 0.712730 1173.000000 880.000000
0 309 0.272379 0.215909 0.041773 0.100000 0.715960 1173.000000 880.000000
0 310 0.273231 0.215341 0.041773 0.098864 0.713180 1173.000000 880.000000
0 311 0.273231 0.215341 0.041773 0.098864 0.797050 1173.000000 880.000000
0 312 0.273657 0.214205 0.040921 0.098864 0.807980 1173.000000 880.000000
0 313 0.274084 0.214205 0.041773 0.098864 0.801360 1173.000000 880.000000
0 314 0.274084 0.213068 0.041773 0.098864 0.795450 1173.000000 880.000000
0 315 0.274510 0.212500 0.040921 0.097727 0.799440 1173.000000 880.000000
0 316 0.274936 0.212500 0.041773 0.097727 0.788510 1173.000000 880.000000
0 317 0.274936 0.211364 0.041773 0.097727 0.793100 1173.000000 880.000000
0 318 0.275362 0.211364 0.040921 0.097727 0.784190 1173.000000 880.000000
0 319 0.275789 0.210227 0.041773 0.097727 0.793100 1173.000000 880.000000
0 320 0.275789 0.210227 0.041773 0.097727 0.777930 1173.000000 880.000000
0 321 0.276215 0.209659 0.040921 0.096591 0.775750 1173.000000 880.000000
0 322 0.276641 0.208523 0.041773 0.096591 0.775120 1173.000000 880.000000
0 323 0.277067 0.208523 0.040921 0.096591 0.775750 1173.000000 880.000000
0 324 0.277067 0.207386 0.040921 0.096591 0.770530 1173.000000 880.000000
0 325 0.277494 0.207386 0.041773 0.096591 0.759530 1173.000000 880.000000
0 326 0.277920 0.206818 0.040921 0.095455 0.767830 1173.000000 880.000000
0 327 0.277920 0.206250 0.040921 0.096591 0.754630 1173.000000 880.000000
0 328 0.278346 0.205682 0.041773 0.095455 0.740940 1173.000000 880.000000
0 329 0.278772 0.204545 0.040921 0.095455 0.752220 1173.000000 880.000000
0 330 0.278772 0.204545 0.040921 0.095455 0.735650 1173.000000 880.000000
0 331 0.279199 0.203977 0.041773 0.094318 0.733570 1173.000000 880.000000
0 332 0.279625 0.203409 0.040921 0.095455 0.735650 1173.000000 880.000000
0 333 0.279625 0.202841 0.040921 0.094318 0.728130 1173.000000 880.000000
0 334 0.280477 0.202841 0.040921 0.094318 0.727160 1173.000000 880.000000
0 335 0.280477 0.201705 0.040921 0.094318 0.712100 1173.000000 880.000000
0 336 0.280477 0.200568 0.040921 0.094318 0.716720 1173.000000 880.000000
0 337 0.281330 0.200568 0.040921 0.094318 0.710880 1173.000000 880.000000
0 338 0.281330 0.199432 0.040921 0.094318 0.711370 1173.000000 880.000000
0 339 0.282182 0.199432 0.040921 0.094318 0.710880 1173.000000 880.000000
0 340 0.282182 0.198295 0.040921 0.094318 0.711370 1173.000000 880.000000
0 341 0.282182 0.197159 0.040921 0.094318 0.695340 1173.000000 880.000000
0 342 0.283035 0.197159 0.040921 0.094318 0.699220 1173.000000 880.000000
0 343 0.283035 0.196023 0.040921 0.094318 0.695340 1173.000000 880.000000
0 344 0.283887 0.196023 0.040921 0.094318 0.689260 1173.000000 880.000000
0 345 0.283887 0.194886 0.040921 0.094318 0.674930 1173.000000 880.000000
0 346 0.283887 0.193750 0.040921 0.094318 0.663990 1173.000000 880.000000
0 347 0.284740 0.193750 0.040921 0.094318 0.659380 1173.000000 880.000000
0 348 0.284740 0.192614 0.040921 0.094318 0.654520 1173.000000 880.000000
0 349 0.285592 0.192614 0.040921 0.094318 0.657430 1173.000000 880.000000
0 350 0.285592 0.191477 0.040921 0.094318 0.643340 1173.000000 880.000000
0 351 0.285592 0.190341 0.040921 0.094318 0.627310 1173.000000 880.000000
0 352 0.286445 0.190341 0.040921 0.094318 0.627310 1173.000000 880.000000
0 353 0.286445 0.189205 0.040921 0.094318 0.622690 1173.000000 880.000000
0 354 0.287298 0.189205 0.040921 0.094318 0.618080 1173.000000 880.000000
0 355 0.287298 0.188068 0.040921 0.094318 0.606660 1173.000000 880.000000
0 356 0.287298 0.186932 0.040921 0.094318 0.595240 1173.000000 880.000000
0 357 0.287724 0.186932 0.040068 0.094318 0.581850 1173.000000 880.000000
0 358 0.288150 0.185795 0.040921 0.094318 0.586010 1173.000000 880.000000
0 359 0.288576 0.184659 0.040068 0.094318 0.584570 1173.000000 880.000000
0 360 0.288576 0.184659 0.040068 0.094318 0.560520 1173.000000 880.000000
0 361 0.289003 0.183523 0.040921 0.094318 0.556610 1173.000000 880.000000
0 362 0.289429 0.182386 0.040068 0.094318 0.556550 1173.000000 880.000000
0 363 0.289429 0.182386 0.040068 0.094318 0.544150 1173.000000 880.000000
0 364 0.290281 0.181250 0.040068 0.094318 0.547370 1173.000000 880.000000
0 365 0.290281 0.180682 0.040068 0.093182 0.525600 1173.000000 880.000000
0 366 0.290281 0.180114 0.040068 0.094318 0.513890 1173.000000 880.000000
0 367 0.290708 0.178977 0.039216 0.094318 0.503550 1173.000000 880.000000
0 368 0.291134 0.178409 0.040068 0.093182 0.500750 1173.000000 880.000000
0 369 0.291560 0.177841 0.039216 0.094318 0.503550 1173.000000 880.000000
0 370 0.291560 0.176705 0.039216 0.094318 0.499750 1173.000000 880.000000
0 371 0.291986 0.176136 0.040068 0.093182 0.491970 1173.000000 880.000000
0 372 0.292413 0.175568 0.039216 0.094318 0.494680 1173.000000 880.000000
0 373 0.292413 0.174432 0.039216 0.094318 0.500000 1173.000000 880.000000
0 374 0.293265 0.173864 0.039216 0.093182 0.493980 1173.000000 880.000000
0 375 0.293265 0.173295 0.039216 0.094318 0.491890 1173.000000 880.000000
0 376 0.293265 0.172727 0.039216 0.093182 0.472700 1173.000000 880.000000
0 377 0.293691 0.171591 0.038363 0.093182 0.479310 1173.000000 880.000000
0 378 0.294118 0.171023 0.039216 0.094318 0.491890 1173.000000 880.000000
0 379 0.294544 0.170455 0.038363 0.093182 0.474590 1173.000000 880.000000
0 380 0.294544 0.169318 0.038363 0.093182 0.474590 1173.000000 880.000000
0 381 0.294970 0.168750 0.039216 0.094318 0.488600 1173.000000 880.000000
0 382 0.295396 0.168182 0.038363 0.093182 0.471190 1173.000000 880.000000
0 383 0.295396 0.167045 0.038363 0.093182 0.471190 1173.000000 880.000000
0 384 0.296249 0.167045 0.038363 0.093182 0.466740 1173.000000 880.000000
0 385 0.296249 0.165909 0.038363 0.093182 0.471190 1173.000000 880.000000
0 386 0.296249 0.165909 0.038363 0.093182 0.458620 1173.000000 880.000000
0 387 0.297101 0.164773 0.038363 0.093182 0.463590 1173.000000 880.000000
0 388 0.297101 0.164773 0.038363 0.093182 0.454430 1173.000000 880.000000
0 389 0.297954 0.164205 0.038363 0.094318 0.474640 1173.000000 880.000000
0 390 0.297954 0.163636 0.038363 0.093182 0.454430 1173.000000 880.000000
0 391 0.298806 0.163068 0.038363 0.094318 0.465840 1173.000000 880.000000
0 392 0.298806 0.162500 0.038363 0.093182 0.450240 1173.000000 880.000000
0 393 0.299659 0.162500 0.038363 0.093182 0.459400 1173.000000 880.000000
0 394 0.299659 0.161932 0.038363 0.094318 0.453930 1173.000000 880.000000
0 395 0.300512 0.161364 0.038363 0.093182 0.455470 1173.000000 880.000000
0 396 0.300512 0.160795 0.038363 0.094318 0.450310 1173.000000 880.000000
0 397 0.301364 0.160227 0.038363 0.093182 0.450500 1173.000000 880.000000
0 398 0.301364 0.159659 0.038363 0.094318 0.450310 1173.000000 880.000000
0 399 0.302217 0.159659 0.038363 0.094318 0.441510 1173.000000 880.000000
0 400 0.302217 0.158523 0.038363 0.094318 0.446690 1173.000000 880.000000
0 401 0.303069 0.158523 0.038363 0.094318 0.441510 1173.000000 880.000000
0 402 0.303069 0.157955 0.038363 0.093182 0.419850 1173.000000 880.000000
0 403 0.303922 0.157386 0.038363 0.094318 0.437890 1173.000000 880.000000
0 404 0.303922 0.157386 0.038363 0.094318 0.413820 1173.000000 880.000000
0 405 0.304774 0.156250 0.038363 0.094318 0.417700 1173.000000 880.000000
0 406 0.304774 0.156250 0.038363 0.094318 0.411230 1173.000000 880.000000
0 407 0.305627 0.155114 0.038363 0.094318 0.413820 1173.000000 880.000000
0 408 0.305627 0.155114 0.038363 0.094318 0.402170 1173.000000 880.000000
0 409 0.306479 0.155114 0.038363 0.094318 0.404760 1173.000000 880.000000
0 410 0.306479 0.153977 0.038363 0.094318 0.386650 1173.000000 880.000000
0 411 0.306479 0.152841 0.038363 0.094318 0.389750 1173.000000 880.000000
0 412 0.306479 0.152841 0.038363 0.094318 0.364650 1173.000000 880.000000
0 413 0.306479 0.151705 0.038363 0.094318 0.353000 1173.000000 880.000000
0 414 0.306479 0.151705 0.038363 0.094318 0.348860 1173.000000 880.000000
0 415 0.306479 0.150568 0.038363 0.094318 0.330750 1173.000000 880.000000
0 416 0.306479 0.150568 0.038363 0.094318 0.326600 1173.000000 880.000000
0 417 0.306479 0.149432 0.038363 0.094318 0.314960 1173.000000 880.000000
0 418 0.306479 0.149432 0.038363 0.094318 0.286230 1173.000000 880.000000
0 419 0.306479 0.148295 0.038363 0.094318 0.292440 1173.000000 880.000000
0 420 0.306479 0.148295 0.038363 0.094318 0.265530 1173.000000 880.000000
0 421 0.306905 0.147159 0.039216 0.094318 0.274060 1173.000000 880.000000
0 422 0.306905 0.147159 0.039216 0.094318 0.263170 1173.000000 880.000000
0 423 0.306905 0.146023 0.039216 0.094318 0.247210 1173.000000 880.000000
0 424 0.306905 0.146023 0.039216 0.094318 0.240630 1173.000000 880.000000
0 425 0.306905 0.144886 0.039216 0.094318 0.229230 1173.000000 880.000000
0 426 0.306905 0.144886 0.039216 0.094318 0.208210 1173.000000 880.000000
0 427 0.306905 0.143750 0.039216 0.094318 0.206430 1173.000000 880.000000
0 428 0.306905 0.143750 0.039216 0.094318 0.178320 1173.000000 880.000000
0 429 0.306905 0.142614 0.039216 0.094318 0.190220 1173.000000 880.000000
0 430 0.306905 0.142614 0.039216 0.094318 0.176550 1173.000000 880.000000
0 431 0.306905 0.141477 0.039216 0.094318 0.188450 1173.000000 880.000000
0 432 0.307758 0.141477 0.039216 0.094318 0.178320 1173.000000 880.000000
0 433 0.307758 0.140341 0.039216 0.094318 0.181360 1173.000000 880.000000
0 434 0.308610 0.140341 0.039216 0.094318 0.199590 1173.000000 880.000000
0 435 0.308610 0.140341 0.039216 0.094318 0.187940 1173.000000 880.000000
0 436 0.309463 0.139205 0.039216 0.094318 0.215810 1173.000000 880.000000
0 437 0.309889 0.139205 0.038363 0.094318 0.212990 1173.000000 880.000000
0 438 0.310315 0.139205 0.039216 0.094318 0.222900 1173.000000 880.000000
0 439 0.310742 0.138068 0.038363 0.094318 0.229810 1173.000000 880.000000
0 440 0.311168 0.138068 0.039216 0.094318 0.238860 1173.000000 880.000000
0 441 0.312020 0.138068 0.039216 0.094318 0.249240 1173.000000 880.000000
0 442 0.312447 0.136932 0.038363 0.094318 0.265010 1173.000000 880.000000
0 443 0.312873 0.136932 0.039216 0.094318 0.272290 1173.000000 880.000000
0 444 0.313299 0.136932 0.038363 0.094318 0.269150 1173.000000 880.000000
0 445 0.313725 0.135795 0.039216 0.094318 0.293310 1173.000000 880.000000
0 446 0.314152 0.135795 0.038363 0.094318 0.282610 1173.000000 880.000000
0 447 0.315004 0.135795 0.038363 0.094318 0.297100 1173.000000 880.000000
0 448 0.315004 0.134659 0.038363 0.094318 0.301240 1173.000000 880.000000
0 449 0.315857 0.134659 0.038363 0.094318 0.315480 1173.000000 880.000000
0 450 0.316709 0.134659 0.038363 0.094318 0.329190 1173.000000 880.000000
0 451 0.316709 0.133523 0.038363 0.094318 0.331520 1173.000000 880.000000
0 452 0.316709 0.133523 0.038363 0.094318 0.329190 1173.000000 880.000000
0 453 0.316709 0.132386 0.038363 0.094318 0.336960 1173.000000 880.000000
0 454 0.316709 0.132386 0.038363 0.094318 0.331520 1173.000000 880.000000
0 455 0.317562 0.131250 0.038363 0.094318 0.353000 1173.000000 880.000000
0 456 0.317562 0.131250 0.038363 0.094318 0.347310 1173.000000 880.000000
0 457 0.317562 0.131250 0.038363 0.094318 0.344720 1173.000000 880.000000
0 458 0.317562 0.130114 0.038363 0.094318 0.350410 1173.000000 880.000000
0 459 0.318414 0.130114 0.038363 0.094318 0.360250 1173.000000 880.000000
0 460 0.318414 0.128977 0.038363 0.094318 0.368530 1173.000000 880.000000
0 461 0.318414 0.128977 0.038363 0.094318 0.368530 1173.000000 880.000000
0 462 0.318414 0.127841 0.038363 0.094318 0.368530 1173.000000 880.000000
0 463 0.319267 0.127841 0.038363 0.094318 0.380950 1173.000000 880.000000
0 464 0.319267 0.127841 0.038363 0.094318 0.364390 1173.000000 880.000000
0 465 0.319267 0.126705 0.038363 0.094318 0.364390 1173.000000 880.000000
0 466 0.319267 0.126705 0.038363 0.094318 0.363870 1173.000000 880.000000
0 467 0.320119 0.125568 0.038363 0.094318 0.388720 1173.000000 880.000000
0 468 0.320119 0.125568 0.038363 0.094318 0.378880 1173.000000 880.000000
0 469 0.320119 0.124432 0.038363 0.094318 0.388720 1173.000000 880.000000
0 470 0.320119 0.124432 0.038363 0.094318 0.385350 1173.000000 880.000000
0 471 0.320972 0.124432 0.038363 0.094318 0.390270 1173.000000 880.000000
0 472 0.320972 0.123295 0.038363 0.094318 0.403210 1173.000000 880.000000
0 473 0.320972 0.123295 0.038363 0.094318 0.387680 1173.000000 880.000000
0 474 0.320972 0.122159 0.038363 0.094318 0.387680 1173.000000 880.000000
0 475 0.321824 0.122159 0.038363 0.094318 0.402430 1173.000000 880.000000
0 476 0.321824 0.121023 0.038363 0.094318 0.412530 1173.000000 880.000000
0 477 0.321824 0.121023 0.038363 0.094318 0.405280 1173.000000 880.000000
0 478 0.321824 0.121023 0.038363 0.094318 0.400620 1173.000000 880.000000
0 479 0.322677 0.119886 0.038363 0.094318 0.423400 1173.000000 880.000000
0 480 0.322677 0.119886 0.038363 0.094318 0.415370 1173.000000 880.000000
0 481 0.322677 0.118750 0.038363 0.094318 0.415110 1173.000000 880.000000
0 482 0.322677 0.118750 0.038363 0.094318 0.411490 1173.000000 880.000000
0 483 0.323529 0.118750 0.038363 0.094318 0.417700 1173.000000 880.000000
0 484 0.323529 0.117614 0.038363 0.094318 0.425720 1173.000000 880.000000
0 485 0.323956 0.117045 0.037511 0.093182 0.437750 1173.000000 880.000000
0 486 0.323956 0.116477 0.037511 0.094318 0.432540 1173.000000 880.000000
0 487 0.324382 0.115909 0.036658 0.093182 0.441680 1173.000000 880.000000
0 488 0.324808 0.114773 0.037511 0.093182 0.457030 1173.000000 880.000000
0 489 0.325234 0.114773 0.036658 0.093182 0.449620 1173.000000 880.000000
0 490 0.325234 0.113636 0.036658 0.093182 0.453720 1173.000000 880.000000
0 491 0.325661 0.113636 0.035806 0.093182 0.445780 1173.000000 880.000000
0 492 0.326087 0.112500 0.036658 0.093182 0.465500 1173.000000 880.000000
0 493 0.326513 0.111932 0.035806 0.092045 0.463410 1173.000000 880.000000
0 494 0.326513 0.111364 0.035806 0.093182 0.469880 1173.000000 880.000000
0 495 0.326939 0.110795 0.034953 0.092045 0.472710 1173.000000 880.000000
0 496 0.327792 0.110227 0.034953 0.093182 0.486800 1173.000000 880.000000
0 497 0.327792 0.109659 0.034953 0.092045 0.485480 1173.000000 880.000000
0 498 0.328218 0.108523 0.034101 0.092045 0.490780 1173.000000 880.000000
0 499 0.328218 0.108523 0.034101 0.092045 0.490780 1173.000000 880.000000
0 500 0.328645 0.107386 0.033248 0.092045 0.501520 1173.000000 880.000000
0 501 0.329071 0.106818 0.034101 0.090909 0.476360 1173.000000 880.000000
0 502 0.329497 0.106250 0.033248 0.092045 0.485980 1173.000000 880.000000
0 503 0.329497 0.105682 0.033248 0.090909 0.481480 1173.000000 880.000000
0 504 0.329923 0.105114 0.032396 0.092045 0.493430 1173.000000 880.000000
0 505 0.330350 0.104545 0.033248 0.090909 0.507720 1173.000000 880.000000
0 506 0.330776 0.103409 0.032396 0.090909 0.513770 1173.000000 880.000000
0 507 0.330776 0.103409 0.032396 0.090909 0.512190 1173.000000 880.000000
0 508 0.331202 0.102273 0.031543 0.090909 0.526640 1173.000000 880.000000
0 509 0.332055 0.102273 0.031543 0.090909 0.539960 1173.000000 880.000000
0 510 0.332055 0.101136 0.031543 0.090909 0.547760 1173.000000 880.000000
0 511 0.332055 0.101136 0.031543 0.090909 0.539960 1173.000000 880.000000
0 512 0.332907 0.100000 0.031543 0.090909 0.568550 1173.000000 880.000000
0 513 0.332907 0.100000 0.031543 0.090909 0.561730 1173.000000 880.000000
0 514 0.333760 0.100000 0.031543 0.090909 0.571150 1173.000000 880.000000
0 515 0.333760 0.098864 0.031543 0.090909 0.582520 1173.000000 880.000000
0 516 0.333760 0.098864 0.031543 0.090909 0.569850 1173.000000 880.000000
0 517 0.334612 0.098864 0.031543 0.090909 0.585450 1173.000000 880.000000
0 518 0.334612 0.097727 0.031543 0.090909 0.597790 1173.000000 880.000000
0 519 0.335465 0.097727 0.031543 0.090909 0.602340 1173.000000 880.000000
0 520 0.335465 0.096591 0.031543 0.090909 0.613060 1173.000000 880.000000
0 521 0.335465 0.096591 0.031543 0.090909 0.605260 1173.000000 880.000000
0 522 0.336317 0.096591 0.031543 0.090909 0.617280 1173.000000 880.000000
0 523 0.336317 0.095455 0.031543 0.090909 0.628330 1173.000000 880.000000
0 524 0.337170 0.095455 0.031543 0.090909 0.636130 1173.000000 880.000000
0 525 0.337170 0.095455 0.031543 0.090909 0.632230 1173.000000 880.000000
0 526 0.337170 0.094318 0.031543 0.090909 0.636130 1173.000000 880.000000
0 527 0.338022 0.094318 0.031543 0.090909 0.636130 1173.000000 880.000000
0 528 0.338022 0.094318 0.031543 0.090909 0.632230 1173.000000 880.000000
0 529 0.338875 0.093182 0.031543 0.090909 0.652050 1173.000000 880.000000
0 530 0.338875 0.093182 0.031543 0.090909 0.636130 1173.000000 880.000000
0 531 0.338875 0.092045 0.031543 0.090909 0.644570 1173.000000 880.000000
0 532 0.339727 0.092045 0.031543 0.090909 0.652050 1173.000000 880.000000
0 533 0.339727 0.092045 0.031543 0.090909 0.652050 1173.000000 880.000000
0 534 0.340580 0.090909 0.031543 0.090909 0.652050 1173.000000 880.000000
0 535 0.340580 0.090909 0.031543 0.090909 0.652050 1173.000000 880.000000
0 536 0.340580 0.090909 0.031543 0.090909 0.652050 1173.000000 880.000000
0 537 0.341432 0.089773 0.031543 0.090909 0.660170 1173.000000 880.000000
0 538 0.341432 0.089773 0.031543 0.090909 0.656600 1173.000000 880.000000
0 539 0.342285 0.089773 0.031543 0.090909 0.668620 1173.000000 880.000000
0 540 0.342285 0.089205 0.031543 0.089773 0.676320 1173.000000 880.000000
0 541 0.342285 0.089205 0.031543 0.089773 0.660530 1173.000000 880.000000
0 542 0.342285 0.089205 0.031543 0.089773 0.652300 1173.000000 880.000000
0 543 0.342285 0.089205 0.031543 0.089773 0.652300 1173.000000 880.000000
0 544 0.342285 0.089205 0.031543 0.089773 0.636840 1173.000000 880.000000
0 545 0.342711 0.088636 0.032396 0.088636 0.650440 1173.000000 880.000000
0 546 0.343137 0.088636 0.031543 0.088636 0.661560 1173.000000 880.000000
0 547 0.343137 0.088636 0.031543 0.088636 0.642240 1173.000000 880.000000
0 548 0.343137 0.088636 0.031543 0.088636 0.642240 1173.000000 880.000000
0 549 0.343137 0.088636 0.031543 0.088636 0.642240 1173.000000 880.000000
0 550 0.343564 0.088068 0.032396 0.087500 0.642670 1173.000000 880.000000
0 551 0.343564 0.088068 0.032396 0.087500 0.635770 1173.000000 880.000000
0 552 0.343990 0.088068 0.031543 0.087500 0.651820 1173.000000 880.000000
0 553 0.343990 0.088068 0.031543 0.087500 0.636300 1173.000000 880.000000
0 554 0.343990 0.088068 0.031543 0.087500 0.636300 1173.000000 880.000000
0 555 0.343990 0.088068 0.031543 0.087500 0.636300 1173.000000 880.000000
0 556 0.344416 0.087500 0.032396 0.086364 0.631700 1173.000000 880.000000
0 557 0.344416 0.087500 0.032396 0.086364 0.625710 1173.000000 880.000000
0 558 0.344842 0.087500 0.031543 0.086364 0.636710 1173.000000 880.000000
0 559 0.344842 0.087500 0.031543 0.086364 0.626110 1173.000000 880.000000
0 560 0.344842 0.087500 0.031543 0.086364 0.626110 1173.000000 880.000000
0 561 0.345269 0.086932 0.032396 0.085227 0.641030 1173.000000 880.000000
0 562 0.345269 0.086932 0.032396 0.085227 0.625510 1173.000000 880.000000
0 563 0.345269 0.086932 0.032396 0.085227 0.620450 1173.000000 880.000000
0 564 0.345695 0.086932 0.031543 0.085227 0.631230 1173.000000 880.000000
0 565 0.345695 0.086932 0.031543 0.085227 0.610460 1173.000000 880.000000
0 566 0.346121 0.086364 0.032396 0.084091 0.625300 1173.000000 880.000000
0 567 0.346121 0.086364 0.032396 0.084091 0.630090 1173.000000 880.000000
0 568 0.346121 0.086364 0.032396 0.084091 0.614360 1173.000000 880.000000
0 569 0.346121 0.086364 0.032396 0.084091 0.610260 1173.000000 880.000000
0 570 0.346547 0.086364 0.031543 0.084091 0.621050 1173.000000 880.000000
0 571 0.346547 0.086364 0.031543 0.084091 0.605260 1173.000000 880.000000
0 572 0.346974 0.085795 0.032396 0.082955 0.619540 1173.000000 880.000000
0 573 0.346974 0.085795 0.032396 0.082955 0.619540 1173.000000 880.000000
0 574 0.346974 0.085795 0.032396 0.082955 0.602910 1173.000000 880.000000
0 575 0.346974 0.085795 0.032396 0.082955 0.599790 1173.000000 880.000000
0 576 0.347400 0.085795 0.031543 0.082955 0.610600 1173.000000 880.000000
0 577 0.347826 0.085227 0.032396 0.081818 0.608360 1173.000000 880.000000
0 578 0.347826 0.085227 0.032396 0.081818 0.608360 1173.000000 880.000000
0 579 0.347826 0.085227 0.032396 0.081818 0.608360 1173.000000 880.000000
0 580 0.347826 0.085227 0.032396 0.081818 0.592550 1173.000000 880.000000
0 581 0.347826 0.085227 0.032396 0.081818 0.592550 1173.000000 880.000000
0 582 0.348679 0.085795 0.032396 0.080682 0.610750 1173.000000 880.000000
0 583 0.348679 0.084659 0.032396 0.080682 0.596870 1173.000000 880.000000
0 584 0.348679 0.084659 0.032396 0.080682 0.601850 1173.000000 880.000000
0 585 0.349531 0.084659 0.032396 0.080682 0.622860 1173.000000 880.000000
0 586 0.349531 0.084659 0.032396 0.080682 0.606840 1173.000000 880.000000
0 587 0.350384 0.084659 0.032396 0.080682 0.632120 1173.000000 880.000000
0 588 0.350384 0.084659 0.032396 0.080682 0.632120 1173.000000 880.000000
0 589 0.351236 0.084659 0.032396 0.080682 0.637460 1173.000000 880.000000
0 590 0.351236 0.084659 0.032396 0.080682 0.847930 1173.000000 880.000000
0 591 0.352089 0.084659 0.032396 0.080682 0.868590 1173.000000 880.000000
0 592 0.352089 0.084659 0.032396 0.080682 0.862890 1173.000000 880.000000
0 593 0.352941 0.084659 0.032396 0.080682 0.878210 1173.000000 880.000000
0 594 0.352941 0.084659 0.032396 0.080682 0.866810 1173.000000 880.000000
0 595 0.353794 0.084659 0.032396 0.080682 0.876420 1173.000000 880.000000
0 596 0.353794 0.084659 0.032396 0.080682 0.881050 1173.000000 880.000000
0 597 0.354646 0.084659 0.032396 0.080682 0.886400 1173.000000 880.000000
0 598 0.354646 0.084659 0.032396 0.080682 0.874640 1173.000000 880.000000
0 599 0.355499 0.084659 0.032396 0.080682 0.875000 1173.000000 880.000000
0 600 0.355499 0.084659 0.032396 0.080682 0.875000 1173.000000 880.000000
0 601 0.356351 0.084659 0.032396 0.080682 0.869300 1173.000000 880.000000
0 602 0.356351 0.083523 0.032396 0.080682 0.875360 1173.000000 880.000000
0 603 0.356777 0.083523 0.031543 0.080682 0.878290 1173.000000 880.000000
0 604 0.357204 0.083523 0.030691 0.080682 0.879500 1173.000000 880.000000
0 605 0.357630 0.083523 0.029838 0.080682 0.902780 1173.000000 880.000000
0 606 0.357630 0.083523 0.029838 0.080682 0.902780 1173.000000 880.000000
0 607 0.358056 0.083523 0.028986 0.080682 0.903970 1173.000000 880.000000
0 608 0.358483 0.083523 0.028133 0.080682 0.930560 1173.000000 880.000000
0 609 0.358909 0.083523 0.027280 0.080682 0.928450 1173.000000 880.000000
0 610 0.359761 0.083523 0.027280 0.080682 0.914140 1173.000000 880.000000
0 611 0.359761 0.082386 0.027280 0.080682 0.930560 1173.000000 880.000000
0 612 0.360614 0.081250 0.027280 0.080682 0.561030 1173.000000 880.000000
0 613 0.360614 0.080114 0.027280 0.080682 0.566920 1173.000000 880.000000
0 614 0.361466 0.080114 0.027280 0.080682 0.539140 1173.000000 880.000000
0 615 0.361466 0.078977 0.027280 0.080682 0.521460 1173.000000 880.000000
0 616 0.362319 0.077841 0.027280 0.080682 0.541250 1173.000000 880.000000
0 617 0.362319 0.076705 0.027280 0.080682 0.510940 1173.000000 880.000000
0 618 0.363171 0.076705 0.027280 0.080682 0.497470 1173.000000 880.000000
0 619 0.363171 0.075568 0.027280 0.080682 0.484010 1173.000000 880.000000
0 620 0.364024 0.075568 0.027280 0.080682 0.464230 1173.000000 880.000000
0 621 0.364450 0.075568 0.028133 0.080682 0.460780 1173.000000 880.000000
0 622 0.364876 0.074432 0.027280 0.080682 0.437290 1173.000000 880.000000
0 623 0.365303 0.074432 0.028133 0.080682 0.433820 1173.000000 880.000000
0 624 0.366155 0.074432 0.028133 0.080682 0.410540 1173.000000 880.000000
0 625 0.366155 0.073295 0.028133 0.080682 0.400330 1173.000000 880.000000
0 626 0.367008 0.073295 0.028133 0.080682 0.389710 1173.000000 880.000000
0 627 0.367434 0.073295 0.028986 0.080682 0.372220 1173.000000 880.000000
0 628 0.368286 0.073295 0.028986 0.080682 0.365870 1173.000000 880.000000
0 629 0.368286 0.072159 0.028986 0.080682 0.374600 1173.000000 880.000000
0 630 0.368286 0.071023 0.028986 0.080682 0.376980 1173.000000 880.000000
0 631 0.368713 0.069886 0.028133 0.080682 0.381130 1173.000000 880.000000
0 632 0.369139 0.068750 0.028986 0.080682 0.387300 1173.000000 880.000000
0 633 0.369565 0.068182 0.028133 0.079545 0.388980 1173.000000 880.000000
0 634 0.369565 0.067614 0.028133 0.080682 0.375000 1173.000000 880.000000
0 635 0.369991 0.066477 0.028986 0.080682 0.390080 1173.000000 880.000000
0 636 0.370418 0.065341 0.028133 0.080682 0.391750 1173.000000 880.000000
0 637 0.370418 0.064773 0.028133 0.079545 0.383180 1173.000000 880.000000
0 638 0.370844 0.063636 0.027280 0.079545 0.398210 1173.000000 880.000000
0 639 0.371270 0.062500 0.028133 0.079545 0.390640 1173.000000 880.000000
0 640 0.371270 0.061932 0.028133 0.080682 0.385210 1173.000000 880.000000
0 641 0.371697 0.061364 0.027280 0.079545 0.378570 1173.000000 880.000000
0 642 0.372123 0.060227 0.028133 0.079545 0.393120 1173.000000 880.000000
0 643 0.372549 0.059091 0.027280 0.079545 0.387960 1173.000000 880.000000
0 644 0.372549 0.057955 0.027280 0.079545 0.407600 1173.000000 880.000000
0 645 0.373402 0.057955 0.027280 0.079545 0.413570 1173.000000 880.000000
0 646 0.373402 0.056818 0.027280 0.079545 0.403760 1173.000000 880.000000
0 647 0.373402 0.055682 0.027280 0.079545 0.439180 1173.000000 880.000000
0 648 0.374254 0.055682 0.027280 0.079545 0.436620 1173.000000 880.000000
0 649 0.374254 0.054545 0.027280 0.079545 0.436620 1173.000000 880.000000
0 650 0.374254 0.054545 0.027280 0.079545 0.405890 1173.000000 880.000000
0 651 0.375107 0.053409 0.027280 0.079545 0.412720 1173.000000 880.000000
0 652 0.375107 0.053409 0.027280 0.079545 0.388820 1173.000000 880.000000
0 653 0.375107 0.052273 0.027280 0.079545 0.388820 1173.000000 880.000000
0 654 0.375959 0.052273 0.027280 0.079545 0.358940 1173.000000 880.000000
0 655 0.375959 0.051136 0.027280 0.079545 0.364490 1173.000000 880.000000
0 656 0.376812 0.051136 0.027280 0.079545 0.341440 1173.000000 880.000000
0 657 0.376812 0.050000 0.027280 0.079545 0.347420 1173.000000 880.000000
0 658 0.377664 0.050000 0.027280 0.079545 0.316690 1173.000000 880.000000
0 659 0.378517 0.050000 0.027280 0.079545 0.605630 1173.000000 880.000000
0 660 0.379369 0.048864 0.027280 0.079545 0.610330 1173.000000 880.000000
0 661 0.380222 0.048864 0.027280 0.079545 0.600510 1173.000000 880.000000
0 662 0.380222 0.048864 0.027280 0.079545 0.598380 1173.000000 880.000000
0 663 0.381074 0.047727 0.027280 0.079545 0.596240 1173.000000 880.000000
0 664 0.381927 0.047727 0.027280 0.079545 0.610760 1173.000000 880.000000
0 665 0.382779 0.047727 0.027280 0.079545 0.581310 1173.000000 880.000000
0 666 0.383632 0.047727 0.027280 0.079545 0.569780 1173.000000 880.000000
0 667 0.383632 0.046591 0.027280 0.079545 0.569780 1173.000000 880.000000
0 668 0.383632 0.045455 0.027280 0.079545 0.579600 1173.000000 880.000000
0 669 0.384484 0.044886 0.027280 0.078409 0.571860 1173.000000 880.000000
0 670 0.384484 0.043750 0.027280 0.078409 0.553250 1173.000000 880.000000
0 671 0.385337 0.043182 0.027280 0.077273 0.527890 1173.000000 880.000000
0 672 0.385337 0.042045 0.027280 0.077273 0.538870 1173.000000 880.000000
0 673 0.385337 0.040909 0.027280 0.077273 0.538870 1173.000000 880.000000
0 674 0.386189 0.040341 0.027280 0.076136 0.513370 1173.000000 880.000000
0 675 0.386189 0.039205 0.027280 0.076136 0.494650 1173.000000 880.000000
0 676 0.387042 0.038636 0.027280 0.075000 0.305740 1173.000000 880.000000
0 677 0.387042 0.038068 0.027280 0.073864 0.295220 1173.000000 880.000000
0 678 0.387042 0.038068 0.027280 0.073864 0.280070 1173.000000 880.000000
0 679 0.387042 0.038068 0.027280 0.073864 0.271350 1173.000000 880.000000
0 680 0.387894 0.038068 0.027280 0.073864 0.271350 1173.000000 880.000000
0 681 0.387894 0.038068 0.027280 0.073864 0.375570 1173.000000 880.000000
0 682 0.387894 0.037500 0.027280 0.072727 0.260140 1173.000000 880.000000
0 683 0.387894 0.037500 0.027280 0.072727 0.246150 1173.000000 880.000000
0 684 0.388747 0.037500 0.027280 0.072727 0.347320 1173.000000 880.000000
0 685 0.388747 0.037500 0.027280 0.072727 0.322610 1173.000000 880.000000
0 686 0.388747 0.037500 0.027280 0.072727 0.325410 1173.000000 880.000000
0 687 0.388747 0.036932 0.027280 0.071591 0.315810 1173.000000 880.000000
0 688 0.389599 0.036932 0.027280 0.071591 0.309660 1173.000000 880.000000
0 689 0.389599 0.036932 0.027280 0.071591 0.298300 1173.000000 880.000000
0 690 0.389599 0.036932 0.027280 0.071591 0.298300 1173.000000 880.000000
0 691 0.390452 0.036932 0.027280 0.071591 0.289300 1173.000000 880.000000
0 692 0.390452 0.036364 0.027280 0.070455 0.295820 1173.000000 880.000000
0 693 0.390878 0.036364 0.028133 0.070455 0.286650 1173.000000 880.000000
0 694 0.391304 0.035795 0.027280 0.069318 0.292280 1173.000000 880.000000
0 695 0.391731 0.035795 0.028133 0.069318 0.284630 1173.000000 880.000000
0 696 0.392583 0.035227 0.028133 0.068182 0.294120 1173.000000 880.000000
0 697 0.392583 0.035227 0.028133 0.068182 0.282550 1173.000000 880.000000
0 698 0.393436 0.034659 0.028133 0.067045 0.292160 1173.000000 880.000000
0 699 0.393862 0.034659 0.028986 0.067045 0.284760 1173.000000 880.000000
0 700 0.394288 0.034091 0.028133 0.065909 0.291630 1173.000000 880.000000
0 701 0.394714 0.034091 0.028986 0.065909 0.283290 1173.000000 880.000000
0 702 0.395567 0.034091 0.028986 0.065909 0.279420 1173.000000 880.000000
0 703 0.395567 0.033523 0.028986 0.064773 0.267000 1173.000000 880.000000
0 704 0.395567 0.032955 0.028986 0.063636 0.271680 1173.000000 880.000000
0 705 0.396419 0.032955 0.028986 0.063636 0.260150 1173.000000 880.000000
0 706 0.396419 0.032386 0.028986 0.062500 0.255610 1173.000000 880.000000
0 707 0.397272 0.032386 0.028986 0.062500 0.253060 1173.000000 880.000000
0 708 0.397272 0.031818 0.028986 0.061364 0.248830 1173.000000 880.000000
0 709 0.397272 0.031250 0.028986 0.060227 0.234920 1173.000000 880.000000
0 710 0.398124 0.031250 0.028986 0.060227 0.241800 1173.000000 880.000000
0 711 0.398124 0.030682 0.028986 0.059091 0.227490 1173.000000 880.000000
0 712 0.398977 0.030682 0.028986 0.059091 0.236660 1173.000000 880.000000
0 713 0.398977 0.030114 0.028986 0.057955 0.230770 1173.000000 880.000000
0 714 0.399829 0.030114 0.028986 0.057955 0.240110 1173.000000 880.000000
0 715 0.399829 0.030114 0.028986 0.057955 0.221980 1173.000000 880.000000
0 716 0.400682 0.030114 0.028986 0.057955 0.239010 1173.000000 880.000000
0 717 0.400682 0.030114 0.028986 0.057955 0.240110 1173.000000 880.000000
0 718 0.401535 0.029545 0.028986 0.056818 0.250420 1173.000000 880.000000
0 719 0.401535 0.029545 0.028986 0.056818 0.250420 1173.000000 880.000000
0 720 0.402387 0.029545 0.028986 0.056818 0.268910 1173.000000 880.000000
0 721 0.402387 0.029545 0.028986 0.056818 0.266110 1173.000000 880.000000
0 722 0.403240 0.029545 0.028986 0.056818 0.280670 1173.000000 880.000000
0 723 0.403240 0.028977 0.028986 0.055682 0.294290 1173.000000 880.000000
0 724 0.404092 0.028977 0.028986 0.055682 0.296000 1173.000000 880.000000
0 725 0.404092 0.028977 0.028986 0.055682 0.292000 1173.000000 880.000000
0 726 0.404945 0.028977 0.028986 0.055682 0.300570 1173.000000 880.000000
0 727 0.404945 0.028977 0.028986 0.055682 0.286860 1173.000000 880.000000
0 728 0.405797 0.028977 0.028986 0.055682 0.292570 1173.000000 880.000000
0 729 0.405797 0.028409 0.028986 0.054545 0.291550 1173.000000 880.000000
0 730 0.405797 0.028409 0.028986 0.054545 0.277550 1173.000000 880.000000
0 731 0.405797 0.028409 0.028986 0.054545 0.264140 1173.000000 880.000000
0 732 0.405797 0.028409 0.028986 0.054545 0.244310 1173.000000 880.000000
0 733 0.405797 0.027841 0.028986 0.053409 0.193450 1173.000000 880.000000
0 734 0.405797 0.027841 0.028986 0.053409 0.173210 1173.000000 880.000000
0 735 0.405797 0.027841 0.028986 0.053409 0.150000 1173.000000 880.000000
0 736 0.405797 0.027841 0.028986 0.053409 0.130360 1173.000000 880.000000
0 737 0.405797 0.027841 0.028986 0.053409 0.106550 1173.000000 880.000000
0 738 0.405797 0.027273 0.028986 0.052273 0.097264 1173.000000 880.000000
0 739 0.405797 0.027273 0.028986 0.052273 0.072948 1173.000000 880.000000
0 740 0.405797 0.027273 0.028986 0.052273 0.061398 1173.000000 880.000000
0 741 0.405797 0.027273 0.028986 0.052273 0.049848 1173.000000 880.000000
0 742 0.405797 0.026705 0.028986 0.051136 0.026087 1173.000000 880.000000
0 743 0.405797 0.026705 0.028986 0.051136 0.026087 1173.000000 880.000000
0 744 0.405797 0.026705 0.028986 0.051136 0.026087 1173.000000 880.000000
0 745 0.405797 0.026705 0.028986 0.051136 0.026087 1173.000000 880.000000
