0 1968 0.003410 0.956250 0.005115 0.089773 0.162500 1173.000000 880.000000
0 1969 0.003836 0.955114 0.005968 0.092045 0.158540 1173.000000 880.000000
0 1970 0.004689 0.953977 0.007673 0.094318 0.154760 1173.000000 880.000000
0 1971 0.005541 0.952841 0.009378 0.096591 0.151160 1173.000000 880.000000
0 1972 0.005541 0.951136 0.009378 0.097727 0.149430 1173.000000 880.000000
0 1973 0.005968 0.950568 0.010230 0.098864 0.136360 1173.000000 880.000000
0 1974 0.006394 0.950000 0.011083 0.100000 1.000000 1173.000000 880.000000
0 1975 0.006394 0.949432 0.011083 0.101136 1.000000 1173.000000 880.000000
0 1976 0.006820 0.948864 0.011935 0.102273 1.000000 1173.000000 880.000000
0 1977 0.007246 0.948295 0.012788 0.103409 1.000000 1173.000000 880.000000
0 1978 0.007673 0.947727 0.013640 0.104545 1.000000 1173.000000 880.000000
0 1979 0.007673 0.946591 0.013640 0.106818 1.000000 1173.000000 880.000000
0 1980 0.008099 0.946023 0.014493 0.107955 1.000000 1173.000000 880.000000
0 1981 0.008525 0.945455 0.015345 0.109091 1.000000 1173.000000 880.000000
0 1982 0.008951 0.944886 0.016198 0.110227 1.000000 1173.000000 880.000000
0 1983 0.008951 0.944318 0.016198 0.111364 1.000000 1173.000000 880.000000
0 1984 0.009378 0.943750 0.017050 0.112500 1.000000 1173.000000 880.000000
0 1985 0.009804 0.943182 0.017903 0.113636 1.000000 1173.000000 880.000000
0 1986 0.009804 0.942045 0.017903 0.115909 1.000000 1173.000000 880.000000
0 1987 0.010230 0.941477 0.018755 0.117045 1.000000 1173.000000 880.000000
0 1988 0.010656 0.940909 0.019608 0.118182 1.000000 1173.000000 880.000000
0 1989 0.011083 0.940341 0.020460 0.119318 1.000000 1173.000000 880.000000
0 1990 0.011083 0.939773 0.020460 0.120455 1.000000 1173.000000 880.000000
0 1991 0.011509 0.939205 0.021313 0.121591 1.000000 1173.000000 880.000000
0 1992 0.011935 0.938636 0.022165 0.122727 1.000000 1173.000000 880.000000
0 1993 0.012361 0.938068 0.023018 0.123864 1.000000 1173.000000 880.000000
0 1994 0.013214 0.936932 0.024723 0.126136 1.000000 1173.000000 880.000000
0 1995 0.014066 0.935795 0.026428 0.128409 1.000000 1173.000000 880.000000
0 1996 0.015345 0.934659 0.028986 0.130682 1.000000 1173.000000 880.000000
0 1997 0.016198 0.933523 0.030691 0.132955 1.000000 1173.000000 880.000000
0 1998 0.017050 0.932386 0.032396 0.135227 1.000000 1173.000000 880.000000
0 1999 0.018329 0.931250 0.034953 0.137500 1.000000 1173.000000 880.000000
0 2000 0.017903 0.928977 0.034101 0.139773 1.000000 1173.000000 880.000000
0 2001 0.017903 0.927273 0.034101 0.143182 1.000000 1173.000000 880.000000
0 2002 0.017903 0.925568 0.034101 0.144318 1.000000 1173.000000 880.000000
0 2003 0.017903 0.923864 0.034101 0.147727 1.000000 1173.000000 880.000000
0 2004 0.017477 0.921591 0.033248 0.150000 1.000000 1173.000000 880.000000
0 2005 0.017477 0.920455 0.033248 0.152273 1.000000 1173.000000 880.000000
0 2006 0.017477 0.918182 0.033248 0.154545 1.000000 1173.000000 880.000000
0 2007 0.017477 0.917045 0.033248 0.156818 1.000000 1173.000000 880.000000
0 2008 0.018329 0.913068 0.034953 0.155682 1.000000 1173.000000 880.000000
0 2009 0.019182 0.910227 0.036658 0.154545 1.000000 1173.000000 880.000000
0 2010 0.020034 0.907386 0.038363 0.153409 1.000000 1173.000000 880.000000
0 2011 0.020887 0.903977 0.040068 0.153409 1.000000 1173.000000 880.000000
0 2012 0.021739 0.901136 0.041773 0.152273 1.000000 1173.000000 880.000000
0 2013 0.023018 0.898295 0.044331 0.151136 1.000000 1173.000000 880.000000
0 2014 0.023018 0.894886 0.044331 0.151136 1.000000 1173.000000 880.000000
0 2015 0.023444 0.891477 0.045183 0.151136 1.000000 1173.000000 880.000000
0 2016 0.023870 0.888068 0.046036 0.151136 1.000000 1173.000000 880.000000
0 2017 0.024297 0.884659 0.046888 0.151136 1.000000 1173.000000 880.000000
0 2018 0.024723 0.881250 0.047741 0.151136 1.000000 1173.000000 880.000000
0 2019 0.025149 0.877841 0.048593 0.151136 1.000000 1173.000000 880.000000
0 2020 0.025575 0.875568 0.049446 0.151136 1.000000 1173.000000 880.000000
0 2021 0.026002 0.872159 0.050298 0.151136 1.000000 1173.000000 880.000000
0 2022 0.026428 0.868750 0.051151 0.151136 1.000000 1173.000000 880.000000
0 2023 0.026854 0.865341 0.052003 0.151136 1.000000 1173.000000 880.000000
0 2024 0.027280 0.861932 0.052856 0.151136 1.000000 1173.000000 880.000000
0 2025 0.027707 0.858523 0.053708 0.151136 1.000000 1173.000000 880.000000
0 2026 0.028133 0.855114 0.054561 0.151136 1.000000 1173.000000 880.000000
0 2027 0.028559 0.852841 0.055413 0.151136 1.000000 1173.000000 880.000000
0 2028 0.028986 0.849432 0.056266 0.151136 1.000000 1173.000000 880.000000
0 2029 0.029412 0.846023 0.057118 0.151136 1.000000 1173.000000 880.000000
0 2030 0.029838 0.842614 0.057971 0.151136 1.000000 1173.000000 880.000000
0 2031 0.030264 0.839205 0.058824 0.151136 1.000000 1173.000000 880.000000
0 2032 0.030691 0.835795 0.059676 0.151136 1.000000 1173.000000 880.000000
0 2033 0.031117 0.833523 0.060529 0.151136 1.000000 1173.000000 880.000000
0 2034 0.031543 0.830114 0.061381 0.151136 1.000000 1173.000000 880.000000
0 2035 0.032396 0.826705 0.061381 0.151136 1.000000 1173.000000 880.000000
0 2036 0.033248 0.823295 0.061381 0.151136 1.000000 1173.000000 880.000000
0 2037 0.034101 0.819886 0.061381 0.151136 1.000000 1173.000000 880.000000
0 2038 0.034953 0.816477 0.061381 0.151136 1.000000 1173.000000 880.000000
0 2039 0.035806 0.813068 0.061381 0.151136 1.000000 1173.000000 880.000000
0 2040 0.036658 0.810795 0.061381 0.151136 1.000000 1173.000000 880.000000
0 2041 0.037511 0.807386 0.061381 0.151136 1.000000 1173.000000 880.000000
0 2042 0.038363 0.803977 0.061381 0.151136 1.000000 1173.000000 880.000000
0 2043 0.039216 0.800568 0.061381 0.151136 1.000000 1173.000000 880.000000
0 2044 0.040068 0.797159 0.061381 0.151136 1.000000 1173.000000 880.000000
0 2045 0.040921 0.793750 0.061381 0.151136 1.000000 1173.000000 880.000000
0 2046 0.041773 0.791477 0.061381 0.151136 1.000000 1173.000000 880.000000
0 2047 0.042199 0.788068 0.060529 0.151136 1.000000 1173.000000 880.000000
0 2048 0.043052 0.785227 0.060529 0.150000 1.000000 1173.000000 880.000000
0 2049 0.043905 0.781818 0.060529 0.150000 1.000000 1173.000000 880.000000
0 2050 0.045183 0.778977 0.059676 0.148864 1.000000 1173.000000 880.000000
0 2051 0.046036 0.776705 0.059676 0.148864 1.000000 1173.000000 880.000000
0 2052 0.046888 0.773295 0.059676 0.148864 1.000000 1173.000000 880.000000
0 2053 0.048167 0.770455 0.058824 0.147727 1.000000 1173.000000 880.000000
0 2054 0.048593 0.767045 0.057971 0.147727 1.000000 1173.000000 880.000000
0 2055 0.049446 0.764205 0.057971 0.146591 1.000000 1173.000000 880.000000
0 2056 0.050298 0.761932 0.057971 0.146591 1.000000 1173.000000 880.000000
0 2057 0.051577 0.758523 0.057118 0.146591 1.000000 1173.000000 880.000000
0 2058 0.052430 0.755682 0.057118 0.145455 1.000000 1173.000000 880.000000
0 2059 0.053282 0.752273 0.057118 0.145455 1.000000 1173.000000 880.000000
0 2060 0.054561 0.750000 0.056266 0.145455 1.000000 1173.000000 880.000000
0 2061 0.054987 0.747159 0.055413 0.144318 1.000000 1173.000000 880.000000
0 2062 0.055840 0.743750 0.055413 0.144318 1.000000 1173.000000 880.000000
0 2063 0.056692 0.740909 0.055413 0.143182 1.000000 1173.000000 880.000000
0 2064 0.057971 0.737500 0.054561 0.143182 1.000000 1173.000000 880.000000
0 2065 0.058824 0.735227 0.054561 0.143182 1.000000 1173.000000 880.000000
0 2066 0.059676 0.732386 0.054561 0.142045 1.000000 1173.000000 880.000000
0 2067 0.060955 0.728977 0.053708 0.142045 1.000000 1173.000000 880.000000
0 2068 0.061381 0.726136 0.052856 0.140909 1.000000 1173.000000 880.000000
0 2069 0.062234 0.722727 0.052856 0.140909 1.000000 1173.000000 880.000000
0 2070 0.063086 0.720455 0.052856 0.140909 1.000000 1173.000000 880.000000
0 2071 0.064365 0.717614 0.052003 0.139773 1.000000 1173.000000 880.000000
0 2072 0.065217 0.714205 0.052003 0.139773 1.000000 1173.000000 880.000000
0 2073 0.066070 0.711364 0.052003 0.138636 1.000000 1173.000000 880.000000
0 2074 0.067349 0.709091 0.051151 0.138636 1.000000 1173.000000 880.000000
0 2075 0.067349 0.705682 0.051151 0.138636 1.000000 1173.000000 880.000000
0 2076 0.068201 0.703409 0.051151 0.138636 1.000000 1173.000000 880.000000
0 2077 0.069054 0.701136 0.051151 0.138636 1.000000 1173.000000 880.000000
0 2078 0.069906 0.698864 0.051151 0.138636 1.000000 1173.000000 880.000000
0 2079 0.070759 0.696591 0.051151 0.138636 1.000000 1173.000000 880.000000
0 2080 0.071185 0.694318 0.052003 0.138636 1.000000 1173.000000 880.000000
0 2081 0.072038 0.692045 0.052003 0.138636 1.000000 1173.000000 880.000000
0 2082 0.072890 0.689773 0.052003 0.138636 1.000000 1173.000000 880.000000
0 2083 0.073316 0.686364 0.051151 0.138636 1.000000 1173.000000 880.000000
0 2084 0.074169 0.684091 0.051151 0.138636 1.000000 1173.000000 880.000000
0 2085 0.075021 0.681818 0.051151 0.138636 1.000000 1173.000000 880.000000
0 2086 0.075448 0.679545 0.052003 0.138636 1.000000 1173.000000 880.000000
0 2087 0.076300 0.677273 0.052003 0.138636 1.000000 1173.000000 880.000000
0 2088 0.077153 0.675000 0.052003 0.138636 1.000000 1173.000000 880.000000
0 2089 0.078005 0.672727 0.052003 0.138636 1.000000 1173.000000 880.000000
0 2090 0.078858 0.670455 0.052003 0.138636 1.000000 1173.000000 880.000000
0 2091 0.079710 0.668182 0.052003 0.138636 1.000000 1173.000000 880.000000
0 2092 0.080136 0.664773 0.051151 0.136364 1.000000 1173.000000 880.000000
0 2093 0.080989 0.661932 0.051151 0.135227 1.000000 1173.000000 880.000000
0 2094 0.082268 0.659091 0.050298 0.134091 1.000000 1173.000000 880.000000
0 2095 0.083120 0.656250 0.050298 0.132955 1.000000 1173.000000 880.000000
0 2096 0.084399 0.653409 0.049446 0.131818 1.000000 1173.000000 880.000000
0 2097 0.084825 0.650568 0.048593 0.130682 1.000000 1173.000000 880.000000
0 2098 0.085678 0.647727 0.048593 0.129545 1.000000 1173.000000 880.000000
0 2099 0.086957 0.644886 0.047741 0.128409 1.000000 1173.000000 880.000000
0 2100 0.087809 0.642045 0.047741 0.127273 1.000000 1173.000000 880.000000
0 2101 0.089088 0.639205 0.046888 0.126136 1.000000 1173.000000 880.000000
0 2102 0.090367 0.635795 0.046036 0.126136 1.000000 1173.000000 880.000000
0 2103 0.092072 0.633523 0.046036 0.126136 1.000000 1173.000000 880.000000
0 2104 0.093777 0.631250 0.046036 0.126136 1.000000 1173.000000 880.000000
0 2105 0.095055 0.628409 0.045183 0.127273 1.000000 1173.000000 880.000000
0 2106 0.096760 0.626136 0.045183 0.127273 1.000000 1173.000000 880.000000
0 2107 0.098465 0.623864 0.045183 0.127273 1.000000 1173.000000 880.000000
0 2108 0.100171 0.621023 0.043478 0.128409 1.000000 1173.000000 880.000000
0 2109 0.101876 0.618750 0.043478 0.128409 1.000000 1173.000000 880.000000
0 2110 0.103581 0.616477 0.043478 0.128409 1.000000 1173.000000 880.000000
0 2111 0.104859 0.613636 0.042626 0.129545 1.000000 1173.000000 880.000000
0 2112 0.106564 0.611364 0.042626 0.129545 1.000000 1173.000000 880.000000
0 2113 0.108269 0.609091 0.042626 0.129545 1.000000 1173.000000 880.000000
0 2114 0.110401 0.606818 0.041773 0.129545 1.000000 1173.000000 880.000000
0 2115 0.110401 0.603409 0.041773 0.129545 1.000000 1173.000000 880.000000
0 2116 0.110827 0.600000 0.042626 0.129545 1.000000 1173.000000 880.000000
0 2117 0.111253 0.596591 0.041773 0.129545 1.000000 1173.000000 880.000000
0 2118 0.111679 0.593182 0.042626 0.129545 1.000000 1173.000000 880.000000
0 2119 0.112106 0.589773 0.041773 0.129545 1.000000 1173.000000 880.000000
0 2120 0.112532 0.586364 0.042626 0.129545 1.000000 1173.000000 880.000000
0 2121 0.112532 0.582955 0.042626 0.129545 1.000000 1173.000000 880.000000
0 2122 0.113384 0.579545 0.042626 0.129545 1.000000 1173.000000 880.000000
0 2123 0.113384 0.576136 0.042626 0.129545 1.000000 1173.000000 880.000000
0 2124 0.114237 0.572727 0.042626 0.129545 1.000000 1173.000000 880.000000
0 2125 0.114237 0.569318 0.042626 0.129545 1.000000 1173.000000 880.000000
0 2126 0.115090 0.565909 0.042626 0.129545 1.000000 1173.000000 880.000000
0 2127 0.115942 0.561364 0.042626 0.129545 1.000000 1173.000000 880.000000
0 2128 0.116795 0.556818 0.042626 0.129545 1.000000 1173.000000 880.000000
0 2129 0.117647 0.553409 0.042626 0.129545 1.000000 1173.000000 880.000000
0 2130 0.118500 0.548864 0.042626 0.129545 1.000000 1173.000000 880.000000
0 2131 0.119352 0.545455 0.042626 0.129545 1.000000 1173.000000 880.000000
0 2132 0.120205 0.540909 0.042626 0.129545 1.000000 1173.000000 880.000000
0 2133 0.121483 0.537500 0.041773 0.129545 1.000000 1173.000000 880.000000
0 2134 0.122336 0.532955 0.041773 0.129545 1.000000 1173.000000 880.000000
0 2135 0.123188 0.529545 0.041773 0.129545 1.000000 1173.000000 880.000000
0 2136 0.124467 0.525000 0.042626 0.129545 1.000000 1173.000000 880.000000
0 2137 0.125320 0.520455 0.042626 0.129545 1.000000 1173.000000 880.000000
0 2138 0.126172 0.517045 0.042626 0.129545 1.000000 1173.000000 880.000000
0 2139 0.127025 0.512500 0.042626 0.129545 1.000000 1173.000000 880.000000
0 2140 0.128303 0.509091 0.041773 0.129545 1.000000 1173.000000 880.000000
0 2141 0.129156 0.504545 0.041773 0.129545 1.000000 1173.000000 880.000000
0 2142 0.130009 0.501136 0.041773 0.129545 1.000000 1173.000000 880.000000
0 2143 0.130861 0.496591 0.041773 0.129545 1.000000 1173.000000 880.000000
0 2144 0.131714 0.493182 0.041773 0.129545 1.000000 1173.000000 880.000000
0 2145 0.132566 0.488636 0.041773 0.129545 1.000000 1173.000000 880.000000
0 2146 0.134271 0.485227 0.041773 0.129545 1.000000 1173.000000 880.000000
0 2147 0.134271 0.481818 0.041773 0.129545 1.000000 1173.000000 880.000000
0 2148 0.135124 0.478409 0.041773 0.129545 1.000000 1173.000000 880.000000
0 2149 0.135976 0.475000 0.041773 0.129545 1.000000 1173.000000 880.000000
0 2150 0.136829 0.471591 0.041773 0.129545 1.000000 1173.000000 880.000000
0 2151 0.137681 0.468182 0.041773 0.129545 1.000000 1173.000000 880.000000
0 2152 0.138534 0.464773 0.041773 0.129545 1.000000 1173.000000 880.000000
0 2153 0.138534 0.461364 0.041773 0.129545 1.000000 1173.000000 880.000000
0 2154 0.139386 0.457955 0.041773 0.129545 1.000000 1173.000000 880.000000
0 2155 0.140239 0.454545 0.041773 0.129545 1.000000 1173.000000 880.000000
0 2156 0.141091 0.451705 0.041773 0.128409 1.000000 1173.000000 880.000000
0 2157 0.141944 0.448295 0.041773 0.128409 1.000000 1173.000000 880.000000
0 2158 0.142796 0.444886 0.041773 0.128409 1.000000 1173.000000 880.000000
0 2159 0.142796 0.441477 0.041773 0.128409 1.000000 1173.000000 880.000000
0 2160 0.143649 0.438068 0.041773 0.128409 1.000000 1173.000000 880.000000
0 2161 0.144501 0.434659 0.041773 0.128409 1.000000 1173.000000 880.000000
0 2162 0.145354 0.431250 0.041773 0.128409 1.000000 1173.000000 880.000000
0 2163 0.146206 0.427841 0.041773 0.128409 1.000000 1173.000000 880.000000
0 2164 0.147059 0.424432 0.041773 0.128409 1.000000 1173.000000 880.000000
0 2165 0.147911 0.422159 0.041773 0.128409 1.000000 1173.000000 880.000000
0 2166 0.148764 0.419886 0.041773 0.128409 1.000000 1173.000000 880.000000
0 2167 0.150043 0.418750 0.040921 0.128409 1.000000 1173.000000 880.000000
0 2168 0.151321 0.417045 0.041773 0.127273 1.000000 1173.000000 880.000000
0 2169 0.152600 0.415909 0.040921 0.127273 1.000000 1173.000000 880.000000
0 2170 0.154305 0.414205 0.040921 0.128409 1.000000 1173.000000 880.000000
0 2171 0.155158 0.412500 0.040921 0.127273 1.000000 1173.000000 880.000000
0 2172 0.156863 0.411364 0.040921 0.127273 1.000000 1173.000000 880.000000
0 2173 0.158142 0.410227 0.040068 0.127273 1.000000 1173.000000 880.000000
0 2174 0.159420 0.407955 0.040921 0.127273 1.000000 1173.000000 880.000000
0 2175 0.160699 0.406818 0.040068 0.127273 1.000000 1173.000000 880.000000
0 2176 0.162404 0.405682 0.040068 0.127273 1.000000 1173.000000 880.000000
0 2177 0.163257 0.403977 0.040068 0.126136 1.000000 1173.000000 880.000000
0 2178 0.164962 0.402273 0.040068 0.127273 1.000000 1173.000000 880.000000
0 2179 0.166240 0.401136 0.039216 0.127273 1.000000 1173.000000 880.000000
0 2180 0.167519 0.399432 0.040068 0.126136 1.000000 1173.000000 880.000000
0 2181 0.168798 0.398295 0.039216 0.126136 1.000000 1173.000000 880.000000
0 2182 0.170503 0.396591 0.039216 0.127273 1.000000 1173.000000 880.000000
0 2183 0.171355 0.394886 0.039216 0.126136 1.000000 1173.000000 880.000000
0 2184 0.173061 0.393750 0.039216 0.126136 1.000000 1173.000000 880.000000
0 2185 0.174339 0.392614 0.038363 0.126136 1.000000 1173.000000 880.000000
0 2186 0.175618 0.390341 0.039216 0.126136 1.000000 1173.000000 880.000000
0 2187 0.176897 0.389205 0.038363 0.126136 1.000000 1173.000000 880.000000
0 2188 0.178602 0.388068 0.038363 0.126136 1.000000 1173.000000 880.000000
0 2189 0.179454 0.386364 0.038363 0.125000 1.000000 1173.000000 880.000000
0 2190 0.181159 0.384659 0.038363 0.126136 1.000000 1173.000000 880.000000
0 2191 0.182438 0.383523 0.037511 0.126136 1.000000 1173.000000 880.000000
0 2192 0.183717 0.381818 0.038363 0.125000 1.000000 1173.000000 880.000000
0 2193 0.184996 0.380682 0.037511 0.125000 1.000000 1173.000000 880.000000
0 2194 0.186701 0.379545 0.037511 0.125000 1.000000 1173.000000 880.000000
0 2195 0.187553 0.378409 0.037511 0.125000 1.000000 1173.000000 880.000000
0 2196 0.189258 0.377273 0.037511 0.125000 1.000000 1173.000000 880.000000
0 2197 0.190537 0.376136 0.038363 0.125000 1.000000 1173.000000 880.000000
0 2198 0.192242 0.375568 0.038363 0.123864 1.000000 1173.000000 880.000000
0 2199 0.193521 0.374432 0.037511 0.123864 1.000000 1173.000000 880.000000
0 2200 0.194800 0.373295 0.038363 0.123864 1.000000 1173.000000 880.000000
0 2201 0.196505 0.373295 0.038363 0.123864 1.000000 1173.000000 880.000000
0 2202 0.197783 0.372159 0.039216 0.123864 1.000000 1173.000000 880.000000
0 2203 0.199488 0.371023 0.039216 0.123864 1.000000 1173.000000 880.000000
0 2204 0.200767 0.370455 0.038363 0.122727 1.000000 1173.000000 880.000000
0 2205 0.202046 0.369318 0.039216 0.122727 1.000000 1173.000000 880.000000
0 2206 0.203751 0.368182 0.039216 0.122727 1.000000 1173.000000 880.000000
0 2207 0.205030 0.367045 0.040068 0.122727 1.000000 1173.000000 880.000000
0 2208 0.206735 0.367045 0.040068 0.122727 1.000000 1173.000000 880.000000
0 2209 0.208014 0.365909 0.039216 0.122727 1.000000 1173.000000 880.000000
0 2210 0.209292 0.364773 0.040068 0.122727 1.000000 1173.000000 880.000000
0 2211 0.210997 0.364205 0.040068 0.121591 1.000000 1173.000000 880.000000
0 2212 0.212276 0.363068 0.040921 0.121591 1.000000 1173.000000 880.000000
0 2213 0.213555 0.361932 0.040068 0.121591 1.000000 1173.000000 880.000000
0 2214 0.215260 0.361932 0.040068 0.121591 1.000000 1173.000000 880.000000
0 2215 0.216539 0.360795 0.040921 0.121591 1.000000 1173.000000 880.000000
0 2216 0.218244 0.359659 0.040921 0.121591 1.000000 1173.000000 880.000000
0 2217 0.219523 0.358523 0.041773 0.121591 1.000000 1173.000000 880.000000
0 2218 0.220801 0.357955 0.040921 0.120455 1.000000 1173.000000 880.000000
0 2219 0.222506 0.356818 0.040921 0.120455 1.000000 1173.000000 880.000000
0 2220 0.223785 0.355682 0.041773 0.120455 1.000000 1173.000000 880.000000
0 2221 0.225490 0.355682 0.041773 0.120455 1.000000 1173.000000 880.000000
0 2222 0.226769 0.354545 0.042626 0.120455 1.000000 1173.000000 880.000000
0 2223 0.228048 0.353409 0.041773 0.120455 1.000000 1173.000000 880.000000
0 2224 0.229753 0.352841 0.041773 0.119318 1.000000 1173.000000 880.000000
0 2225 0.231032 0.351705 0.042626 0.119318 1.000000 1173.000000 880.000000
0 2226 0.232737 0.350568 0.042626 0.119318 1.000000 1173.000000 880.000000
0 2227 0.234442 0.350568 0.042626 0.119318 1.000000 1173.000000 880.000000
0 2228 0.235294 0.348295 0.042626 0.119318 1.000000 1173.000000 880.000000
0 2229 0.236999 0.347159 0.042626 0.119318 1.000000 1173.000000 880.000000
0 2230 0.238278 0.346023 0.041773 0.119318 1.000000 1173.000000 880.000000
0 2231 0.239983 0.344886 0.041773 0.119318 1.000000 1173.000000 880.000000
0 2232 0.241262 0.343750 0.040921 0.119318 1.000000 1173.000000 880.000000
0 2233 0.242540 0.341477 0.041773 0.119318 1.000000 1173.000000 880.000000
0 2234 0.243819 0.340341 0.040921 0.119318 1.000000 1173.000000 880.000000
0 2235 0.245524 0.339205 0.040921 0.119318 1.000000 1173.000000 880.000000
0 2236 0.246803 0.338068 0.040068 0.119318 1.000000 1173.000000 880.000000
0 2237 0.248508 0.336932 0.040068 0.119318 1.000000 1173.000000 880.000000
0 2238 0.249361 0.334659 0.040068 0.119318 1.000000 1173.000000 880.000000
0 2239 0.251066 0.333523 0.040068 0.119318 1.000000 1173.000000 880.000000
0 2240 0.252344 0.332386 0.039216 0.119318 1.000000 1173.000000 880.000000
0 2241 0.254049 0.331250 0.039216 0.119318 1.000000 1173.000000 880.000000
0 2242 0.255328 0.330114 0.038363 0.119318 1.000000 1173.000000 880.000000
0 2243 0.256607 0.327841 0.039216 0.119318 1.000000 1173.000000 880.000000
0 2244 0.257886 0.326705 0.038363 0.119318 1.000000 1173.000000 880.000000
0 2245 0.259591 0.325568 0.038363 0.119318 1.000000 1173.000000 880.000000
0 2246 0.260870 0.324432 0.037511 0.119318 1.000000 1173.000000 880.000000
0 2247 0.262575 0.323295 0.037511 0.119318 1.000000 1173.000000 880.000000
0 2248 0.262575 0.321591 0.037511 0.118182 1.000000 1173.000000 880.000000
0 2249 0.263427 0.320455 0.037511 0.118182 0.982860 1173.000000 880.000000
0 2250 0.263427 0.319318 0.037511 0.118182 1.000000 1173.000000 880.000000
0 2251 0.264280 0.318182 0.037511 0.118182 0.982860 1173.000000 880.000000
0 2252 0.264280 0.317045 0.037511 0.118182 1.000000 1173.000000 880.000000
0 2253 0.265132 0.315909 0.037511 0.118182 0.982860 1173.000000 880.000000
0 2254 0.265985 0.314205 0.037511 0.117045 0.982910 1173.000000 880.000000
0 2255 0.265985 0.313068 0.037511 0.117045 0.982910 1173.000000 880.000000
0 2256 0.266837 0.311932 0.037511 0.117045 0.982910 1173.000000 880.000000
0 2257 0.266837 0.310795 0.037511 0.117045 0.982910 1173.000000 880.000000
0 2258 0.267690 0.309659 0.037511 0.117045 0.982910 1173.000000 880.000000
0 2259 0.268116 0.308523 0.036658 0.117045 0.982300 1173.000000 880.000000
0 2260 0.268542 0.306818 0.037511 0.115909 0.982740 1173.000000 880.000000
0 2261 0.269395 0.305682 0.037511 0.115909 0.965480 1173.000000 880.000000
0 2262 0.269395 0.304545 0.037511 0.115909 0.982740 1173.000000 880.000000
0 2263 0.270247 0.303409 0.037511 0.115909 0.965480 1173.000000 880.000000
0 2264 0.270673 0.302273 0.036658 0.115909 0.982350 1173.000000 880.000000
0 2265 0.271100 0.301136 0.037511 0.115909 0.965480 1173.000000 880.000000
0 2266 0.271526 0.299432 0.036658 0.114773 0.982400 1173.000000 880.000000
0 2267 0.271952 0.298295 0.037511 0.114773 0.965580 1173.000000 880.000000
0 2268 0.272805 0.297159 0.037511 0.114773 0.965580 1173.000000 880.000000
0 2269 0.273231 0.296023 0.036658 0.114773 0.964800 1173.000000 880.000000
0 2270 0.273657 0.294886 0.037511 0.114773 0.965580 1173.000000 880.000000
0 2271 0.274084 0.293750 0.036658 0.114773 0.964350 1173.000000 880.000000
0 2272 0.274510 0.292045 0.037511 0.113636 0.965240 1173.000000 880.000000
0 2273 0.274936 0.290909 0.036658 0.113636 0.964450 1173.000000 880.000000
0 2274 0.275789 0.289773 0.036658 0.113636 0.964450 1173.000000 880.000000
0 2275 0.276215 0.288636 0.037511 0.113636 0.947850 1173.000000 880.000000
0 2276 0.276641 0.287500 0.036658 0.113636 0.964450 1173.000000 880.000000
0 2277 0.277067 0.286364 0.037511 0.113636 0.947850 1173.000000 880.000000
0 2278 0.277494 0.284659 0.036658 0.112500 0.964550 1173.000000 880.000000
0 2279 0.278346 0.283523 0.036658 0.112500 0.946820 1173.000000 880.000000
0 2280 0.278346 0.282386 0.036658 0.112500 0.964550 1173.000000 880.000000
0 2281 0.279199 0.281250 0.036658 0.112500 0.946820 1173.000000 880.000000
0 2282 0.279625 0.280114 0.037511 0.112500 0.948000 1173.000000 880.000000
0 2283 0.280051 0.278977 0.036658 0.112500 0.946820 1173.000000 880.000000
0 2284 0.280904 0.277273 0.036658 0.111364 0.946970 1173.000000 880.000000
0 2285 0.280904 0.276136 0.036658 0.111364 0.946970 1173.000000 880.000000
0 2286 0.281756 0.275000 0.036658 0.111364 0.946280 1173.000000 880.000000
0 2287 0.281756 0.273864 0.036658 0.111364 0.946280 1173.000000 880.000000
0 2288 0.282609 0.272727 0.036658 0.111364 0.946280 1173.000000 880.000000
0 2289 0.283461 0.271591 0.036658 0.111364 0.928370 1173.000000 880.000000
0 2290 0.283461 0.270455 0.036658 0.111364 0.946280 1173.000000 880.000000
0 2291 0.284314 0.269318 0.036658 0.111364 0.928370 1173.000000 880.000000
0 2292 0.285166 0.268182 0.036658 0.111364 0.928370 1173.000000 880.000000
0 2293 0.286019 0.267045 0.036658 0.111364 0.910470 1173.000000 880.000000
0 2294 0.286871 0.267045 0.036658 0.111364 0.909320 1173.000000 880.000000
0 2295 0.287724 0.265909 0.036658 0.111364 0.891180 1173.000000 880.000000
0 2296 0.288576 0.264773 0.036658 0.111364 0.891180 1173.000000 880.000000
0 2297 0.289429 0.263636 0.036658 0.111364 0.873050 1173.000000 880.000000
0 2298 0.290281 0.262500 0.036658 0.111364 0.873050 1173.000000 880.000000
0 2299 0.291134 0.262500 0.036658 0.111364 0.853080 1173.000000 880.000000
0 2300 0.291986 0.261364 0.036658 0.111364 0.853080 1173.000000 880.000000
0 2301 0.292839 0.260227 0.036658 0.111364 0.853080 1173.000000 880.000000
0 2302 0.293691 0.259091 0.036658 0.111364 0.834710 1173.000000 880.000000
0 2303 0.294544 0.257955 0.036658 0.111364 0.834710 1173.000000 880.000000
0 2304 0.294544 0.257955 0.036658 0.111364 0.851240 1173.000000 880.000000
0 2305 0.295396 0.256818 0.036658 0.111364 0.851240 1173.000000 880.000000
0 2306 0.296249 0.255682 0.036658 0.111364 0.853080 1173.000000 880.000000
0 2307 0.297101 0.254545 0.036658 0.111364 0.834710 1173.000000 880.000000
0 2308 0.297954 0.253409 0.036658 0.111364 0.834710 1173.000000 880.000000
0 2309 0.298806 0.253409 0.036658 0.111364 0.832640 1173.000000 880.000000
0 2310 0.299659 0.252273 0.036658 0.111364 0.832640 1173.000000 880.000000
0 2311 0.300512 0.251136 0.036658 0.111364 0.834710 1173.000000 880.000000
0 2312 0.301364 0.250000 0.036658 0.111364 0.816350 1173.000000 880.000000
0 2313 0.302217 0.248864 0.036658 0.111364 0.816350 1173.000000 880.000000
0 2314 0.303069 0.248864 0.036658 0.111364 0.814050 1173.000000 880.000000
0 2315 0.303922 0.247727 0.036658 0.111364 0.814050 1173.000000 880.000000
0 2316 0.304774 0.246591 0.036658 0.111364 0.816350 1173.000000 880.000000
0 2317 0.305627 0.245455 0.036658 0.111364 0.797980 1173.000000 880.000000
0 2318 0.306479 0.245455 0.036658 0.111364 0.795450 1173.000000 880.000000
0 2319 0.306479 0.243750 0.036658 0.110227 0.814470 1173.000000 880.000000
0 2320 0.307332 0.242614 0.036658 0.110227 0.814470 1173.000000 880.000000
0 2321 0.308184 0.241477 0.036658 0.110227 0.816790 1173.000000 880.000000
0 2322 0.309037 0.240341 0.036658 0.110227 0.798470 1173.000000 880.000000
0 2323 0.309889 0.239205 0.036658 0.110227 0.798470 1173.000000 880.000000
0 2324 0.310742 0.238068 0.036658 0.110227 0.798470 1173.000000 880.000000
0 2325 0.311168 0.236932 0.037511 0.110227 0.802950 1173.000000 880.000000
0 2326 0.312020 0.235795 0.037511 0.110227 0.805440 1173.000000 880.000000
0 2327 0.312873 0.234659 0.037511 0.110227 0.787760 1173.000000 880.000000
0 2328 0.313299 0.233523 0.036658 0.110227 0.801020 1173.000000 880.000000
0 2329 0.314152 0.232386 0.036658 0.110227 0.801020 1173.000000 880.000000
0 2330 0.315004 0.231250 0.036658 0.110227 0.801020 1173.000000 880.000000
0 2331 0.315857 0.230114 0.036658 0.110227 0.803570 1173.000000 880.000000
0 2332 0.316283 0.228977 0.037511 0.107955 0.788890 1173.000000 880.000000
0 2333 0.317136 0.227841 0.037511 0.107955 0.771300 1173.000000 880.000000
0 2334 0.317988 0.226705 0.037511 0.107955 0.771300 1173.000000 880.000000
0 2335 0.318841 0.225568 0.037511 0.107955 0.753700 1173.000000 880.000000
0 2336 0.319693 0.224432 0.037511 0.107955 0.756940 1173.000000 880.000000
0 2337 0.320119 0.223295 0.036658 0.107955 0.751420 1173.000000 880.000000
0 2338 0.320972 0.222159 0.036658 0.107955 0.733660 1173.000000 880.000000
0 2339 0.321398 0.221023 0.037511 0.107955 0.739580 1173.000000 880.000000
0 2340 0.322251 0.219886 0.037511 0.107955 0.722220 1173.000000 880.000000
0 2341 0.323103 0.218750 0.037511 0.107955 0.725930 1173.000000 880.000000
0 2342 0.323956 0.217614 0.037511 0.107955 0.708800 1173.000000 880.000000
0 2343 0.324808 0.216477 0.037511 0.107955 0.691670 1173.000000 880.000000
0 2344 0.325661 0.215341 0.037511 0.107955 0.691670 1173.000000 880.000000
0 2345 0.326513 0.214773 0.037511 0.106818 0.671110 1173.000000 880.000000
0 2346 0.326513 0.213068 0.037511 0.105682 0.072813 1173.000000 880.000000
0 2347 0.327366 0.211932 0.037511 0.105682 0.072813 1173.000000 880.000000
0 2348 0.327366 0.210795 0.037511 0.105682 0.067612 1173.000000 880.000000
0 2349 0.328218 0.209659 0.037511 0.105682 0.072813 1173.000000 880.000000
0 2350 0.328645 0.207955 0.036658 0.104545 0.069892 1173.000000 880.000000
0 2351 0.329071 0.206818 0.037511 0.104545 0.071446 1173.000000 880.000000
0 2352 0.329497 0.205682 0.036658 0.104545 0.067449 1173.000000 880.000000
0 2353 0.330350 0.204545 0.036658 0.104545 0.067449 1173.000000 880.000000
0 2354 0.330350 0.202841 0.036658 0.103409 0.068182 1173.000000 880.000000
0 2355 0.331202 0.201705 0.036658 0.103409 0.068182 1173.000000 880.000000
0 2356 0.331628 0.201136 0.035806 0.102273 0.064656 1173.000000 880.000000
0 2357 0.332055 0.200000 0.036658 0.102273 0.063187 1173.000000 880.000000
0 2358 0.332481 0.198295 0.035806 0.101136 0.059432 1173.000000 880.000000
0 2359 0.332907 0.197159 0.036658 0.101136 0.063889 1173.000000 880.000000
0 2360 0.333333 0.196023 0.035806 0.101136 0.062016 1173.000000 880.000000
0 2361 0.334186 0.194886 0.035806 0.101136 0.059432 1173.000000 880.000000
0 2362 0.334186 0.193182 0.035806 0.100000 0.054089 1173.000000 880.000000
0 2363 0.335038 0.192045 0.035806 0.100000 0.054089 1173.000000 880.000000
0 2364 0.335465 0.190909 0.034953 0.100000 0.055377 1173.000000 880.000000
0 2365 0.335891 0.189773 0.035806 0.100000 0.054089 1173.000000 880.000000
0 2366 0.336317 0.188068 0.034953 0.098864 0.056006 1173.000000 880.000000
0 2367 0.337170 0.187500 0.034953 0.097727 0.054187 1173.000000 880.000000
0 2368 0.337596 0.186364 0.035806 0.097727 0.058808 1173.000000 880.000000
0 2369 0.338022 0.185227 0.034953 0.097727 0.054187 1173.000000 880.000000
0 2370 0.338448 0.183523 0.035806 0.096591 0.059492 1173.000000 880.000000
0 2371 0.338875 0.182386 0.034953 0.096591 0.054817 1173.000000 880.000000
0 2372 0.339727 0.181250 0.034953 0.096591 0.060908 1173.000000 880.000000
0 2373 0.339727 0.180114 0.034953 0.096591 0.054817 1173.000000 880.000000
0 2374 0.340580 0.178409 0.034953 0.095455 0.061625 1173.000000 880.000000
0 2375 0.341006 0.177273 0.034101 0.095455 0.056815 1173.000000 880.000000
0 2376 0.341432 0.176136 0.034953 0.095455 0.061625 1173.000000 880.000000
0 2377 0.341858 0.175000 0.034101 0.095455 0.056815 1173.000000 880.000000
0 2378 0.342711 0.173864 0.034101 0.093182 0.061710 1173.000000 880.000000
0 2379 0.342711 0.172727 0.034101 0.093182 0.055539 1173.000000 880.000000
0 2380 0.343564 0.171591 0.034101 0.093182 0.058772 1173.000000 880.000000
0 2381 0.343564 0.170455 0.034101 0.093182 0.052895 1173.000000 880.000000
0 2382 0.344416 0.168750 0.034101 0.092045 0.059488 1173.000000 880.000000
0 2383 0.344842 0.167614 0.033248 0.092045 0.054878 1173.000000 880.000000
0 2384 0.345269 0.166477 0.034101 0.092045 0.059488 1173.000000 880.000000
0 2385 0.345695 0.165341 0.033248 0.092045 0.054878 1173.000000 880.000000
0 2386 0.346547 0.163636 0.033248 0.090909 0.061728 1173.000000 880.000000
0 2387 0.346547 0.162500 0.033248 0.090909 0.055556 1173.000000 880.000000
0 2388 0.347400 0.161364 0.033248 0.090909 0.061728 1173.000000 880.000000
0 2389 0.348252 0.160795 0.033248 0.089773 0.059375 1173.000000 880.000000
0 2390 0.348252 0.158523 0.033248 0.089773 0.056250 1173.000000 880.000000
0 2391 0.348252 0.156250 0.033248 0.089773 0.050000 1173.000000 880.000000
0 2392 0.349105 0.154545 0.033248 0.088636 0.050633 1173.000000 880.000000
0 2393 0.349105 0.152841 0.033248 0.089773 0.039375 1173.000000 880.000000
0 2394 0.349531 0.151136 0.032396 0.088636 0.034080 1173.000000 880.000000
0 2395 0.349957 0.148864 0.033248 0.088636 0.034810 1173.000000 880.000000
0 2396 0.349957 0.146591 0.033248 0.088636 0.029114 1173.000000 880.000000
0 2397 0.350384 0.145455 0.032396 0.088636 0.014930 1173.000000 880.000000
0 2398 0.350810 0.143182 0.033248 0.088636 0.015190 1173.000000 880.000000
0 2399 0.351236 0.141477 0.032396 0.087500 0.007890 1173.000000 880.000000
0 2400 0.351236 0.139205 0.032396 0.087500 0.000000 1173.000000 880.000000
0 2401 0.352089 0.138068 0.032396 0.087500 0.025641 1173.000000 880.000000
0 2402 0.354646 0.139205 0.030691 0.087500 0.608450 1173.000000 880.000000
0 2403 0.357204 0.140909 0.028986 0.086364 0.520960 1173.000000 880.000000
0 2404 0.359761 0.142614 0.027280 0.085227 0.389550 1173.000000 880.000000
0 2405 0.362319 0.144318 0.025575 0.084091 0.252470 1173.000000 880.000000
