0 231 0.064791 0.987500 0.023870 0.027273 0.960000 1173.000000 880.000000
0 232 0.064365 0.986364 0.026428 0.029545 0.962960 1173.000000 880.000000
0 233 0.063939 0.985227 0.028986 0.031818 0.965520 1173.000000 880.000000
0 234 0.063939 0.984091 0.032396 0.034091 0.967740 1173.000000 880.000000
0 235 0.063512 0.982955 0.034953 0.036364 0.969700 1173.000000 880.000000
0 236 0.063086 0.981818 0.037511 0.038636 0.971430 1173.000000 880.000000
0 237 0.063086 0.980682 0.040921 0.040909 0.972970 1173.000000 880.000000
0 238 0.062660 0.979545 0.043478 0.043182 0.974360 1173.000000 880.000000
0 239 0.063086 0.978977 0.046036 0.044318 0.975000 1173.000000 880.000000
0 240 0.061807 0.977841 0.046888 0.046591 0.976190 1173.000000 880.000000
0 241 0.060955 0.976705 0.048593 0.048864 0.977270 1173.000000 880.000000
0 242 0.059676 0.975568 0.049446 0.051136 0.978260 1173.000000 880.000000
0 243 0.058824 0.974432 0.051151 0.053409 0.979170 1173.000000 880.000000
0 244 0.057545 0.973295 0.052003 0.055682 0.980000 1173.000000 880.000000
0 245 0.056692 0.972159 0.053708 0.057955 0.980770 1173.000000 880.000000
0 246 0.055840 0.971591 0.055413 0.059091 0.981130 1173.000000 880.000000
0 247 0.054135 0.969886 0.055413 0.062500 0.982140 1173.000000 880.000000
0 248 0.053282 0.968750 0.055413 0.064773 0.982760 1173.000000 880.000000
0 249 0.051577 0.967614 0.055413 0.067045 0.983330 1173.000000 880.000000
0 250 0.050725 0.966477 0.055413 0.069318 0.983870 1173.000000 880.000000
0 251 0.049446 0.964773 0.054561 0.072727 0.975150 1173.000000 880.000000
0 252 0.048167 0.963636 0.055413 0.075000 0.938720 1173.000000 880.000000
0 253 0.046888 0.962500 0.054561 0.077273 0.985510 1173.000000 880.000000
0 254 0.046036 0.961364 0.054561 0.079545 0.985920 1173.000000 880.000000
0 255 0.044757 0.959659 0.055413 0.082955 0.986490 1173.000000 880.000000
0 256 0.043905 0.958523 0.055413 0.085227 0.986840 1173.000000 880.000000
0 257 0.043052 0.957386 0.055413 0.087500 0.987180 1173.000000 880.000000
0 258 0.042199 0.956250 0.055413 0.089773 0.987500 1173.000000 880.000000
0 259 0.041347 0.954545 0.055413 0.093182 0.987950 1173.000000 880.000000
0 260 0.040494 0.953409 0.055413 0.095455 0.988240 1173.000000 880.000000
0 261 0.039642 0.952273 0.055413 0.097727 0.988510 1173.000000 880.000000
0 262 0.038789 0.951136 0.055413 0.100000 0.988760 1173.000000 880.000000
0 263 0.037084 0.950000 0.055413 0.102273 0.989010 1173.000000 880.000000
0 264 0.036232 0.949432 0.055413 0.103409 0.733860 1173.000000 880.000000
0 265 0.035379 0.948864 0.055413 0.104545 0.989250 1173.000000 880.000000
0 266 0.034527 0.948295 0.055413 0.105682 0.989360 1173.000000 880.000000
0 267 0.033674 0.947727 0.055413 0.106818 0.989470 1173.000000 880.000000
0 268 0.031969 0.946591 0.055413 0.109091 0.989690 1173.000000 880.000000
0 269 0.031117 0.946023 0.055413 0.110227 0.989800 1173.000000 880.000000
0 270 0.030264 0.945455 0.055413 0.111364 0.989900 1173.000000 880.000000
0 271 0.029412 0.944886 0.055413 0.112500 0.990000 1173.000000 880.000000
0 272 0.028559 0.944318 0.055413 0.113636 0.990100 1173.000000 880.000000
0 273 0.028133 0.942614 0.054561 0.114773 1.000000 1173.000000 880.000000
0 274 0.027707 0.941477 0.053708 0.117045 1.000000 1173.000000 880.000000
0 275 0.027280 0.940341 0.052856 0.119318 0.486070 1173.000000 880.000000
0 276 0.026854 0.938636 0.052003 0.120455 0.463220 1173.000000 880.000000
0 277 0.026428 0.938068 0.051151 0.121591 0.434430 1173.000000 880.000000
0 278 0.026002 0.936932 0.050298 0.123864 0.403640 1173.000000 880.000000
0 279 0.025575 0.935227 0.049446 0.125000 0.378990 1173.000000 880.000000
0 280 0.025149 0.934091 0.048593 0.127273 0.351540 1173.000000 880.000000
0 281 0.024723 0.932955 0.047741 0.129545 0.317770 1173.000000 880.000000
0 282 0.024297 0.932386 0.046888 0.130682 0.295570 1173.000000 880.000000
0 283 0.023870 0.931250 0.046036 0.132955 0.265020 1173.000000 880.000000
0 284 0.023870 0.930114 0.046036 0.135227 0.255450 1173.000000 880.000000
0 285 0.023444 0.929545 0.045183 0.136364 0.231400 1173.000000 880.000000
0 286 0.023444 0.928409 0.045183 0.138636 0.235770 1173.000000 880.000000
0 287 0.023018 0.927273 0.044331 0.140909 0.232000 1173.000000 880.000000
0 288 0.023018 0.926705 0.044331 0.142045 0.230160 1173.000000 880.000000
0 289 0.022592 0.925568 0.043478 0.144318 0.234380 1173.000000 880.000000
0 290 0.022592 0.924432 0.043478 0.146591 0.238460 1173.000000 880.000000
0 291 0.022592 0.924432 0.043478 0.148864 0.228440 1173.000000 880.000000
0 292 0.021739 0.922727 0.041773 0.150000 0.234590 1173.000000 880.000000
0 293 0.021313 0.921591 0.040921 0.150000 0.234920 1173.000000 880.000000
0 294 0.020887 0.919886 0.040068 0.151136 0.238810 1173.000000 880.000000
0 295 0.020460 0.918750 0.039216 0.151136 0.233880 1173.000000 880.000000
0 296 0.020034 0.917045 0.038363 0.152273 0.237040 1173.000000 880.000000
0 297 0.019182 0.915909 0.036658 0.152273 0.233000 1173.000000 880.000000
0 298 0.018755 0.914205 0.035806 0.153409 0.235290 1173.000000 880.000000
0 299 0.018329 0.913068 0.034953 0.153409 0.232140 1173.000000 880.000000
0 300 0.017903 0.911364 0.034101 0.154545 0.233580 1173.000000 880.000000
0 301 0.017477 0.910227 0.033248 0.154545 0.233580 1173.000000 880.000000
0 302 0.017050 0.907955 0.032396 0.154545 0.233580 1173.000000 880.000000
0 303 0.016624 0.906250 0.031543 0.153409 0.235290 1173.000000 880.000000
0 304 0.016198 0.904545 0.030691 0.154545 0.233580 1173.000000 880.000000
0 305 0.015772 0.902841 0.029838 0.153409 0.235290 1173.000000 880.000000
0 306 0.015345 0.901136 0.028986 0.152273 0.229630 1173.000000 880.000000
0 307 0.014919 0.899432 0.028133 0.153409 0.235290 1173.000000 880.000000
0 308 0.014493 0.897727 0.027280 0.152273 0.252970 1173.000000 880.000000
0 309 0.014066 0.896023 0.026428 0.151136 0.303400 1173.000000 880.000000
0 310 0.014066 0.894318 0.026428 0.152273 0.332410 1173.000000 880.000000
0 311 0.013640 0.892614 0.025575 0.151136 0.380120 1173.000000 880.000000
0 312 0.013214 0.890909 0.024723 0.150000 0.437590 1173.000000 880.000000
0 313 0.012788 0.889205 0.023870 0.151136 0.496400 1173.000000 880.000000
0 314 0.012361 0.887500 0.023018 0.150000 0.561760 1173.000000 880.000000
0 315 0.011935 0.885795 0.022165 0.151136 0.629910 1173.000000 880.000000
0 316 0.011509 0.884091 0.021313 0.150000 0.705030 1173.000000 880.000000
0 317 0.011083 0.882386 0.020460 0.148864 0.785760 1173.000000 880.000000
0 318 0.010656 0.880682 0.019608 0.150000 0.840230 1173.000000 880.000000
0 319 0.010656 0.878977 0.019608 0.148864 0.903410 1173.000000 880.000000
0 320 0.010230 0.877273 0.018755 0.147727 1.000000 1173.000000 880.000000
0 321 0.009804 0.875568 0.017903 0.148864 1.000000 1173.000000 880.000000
0 322 0.009378 0.873864 0.017050 0.147727 1.000000 1173.000000 880.000000
0 323 0.008951 0.872159 0.016198 0.146591 1.000000 1173.000000 880.000000
0 324 0.008525 0.870455 0.015345 0.147727 1.000000 1173.000000 880.000000
0 325 0.008099 0.868750 0.014493 0.146591 1.000000 1173.000000 880.000000
0 326 0.007673 0.867045 0.013640 0.147727 1.000000 1173.000000 880.000000
0 327 0.007246 0.865341 0.012788 0.146591 1.000000 1173.000000 880.000000
0 328 0.007246 0.863636 0.012788 0.145455 1.000000 1173.000000 880.000000
0 329 0.006820 0.861932 0.011935 0.146591 1.000000 1173.000000 880.000000
0 330 0.006394 0.860227 0.011083 0.145455 1.000000 1173.000000 880.000000
0 331 0.005968 0.858523 0.010230 0.144318 1.000000 1173.000000 880.000000
0 332 0.005541 0.856818 0.009378 0.145455 1.000000 1173.000000 880.000000
0 333 0.005115 0.855114 0.008525 0.144318 1.000000 1173.000000 880.000000
0 334 0.004689 0.853409 0.007673 0.143182 1.000000 1173.000000 880.000000
0 335 0.004263 0.851705 0.006820 0.144318 1.000000 1173.000000 880.000000
0 336 0.003836 0.850000 0.005968 0.143182 1.000000 1173.000000 880.000000
0 337 0.003836 0.848864 0.005968 0.143182 1.000000 1173.000000 880.000000
0 338 0.003410 0.846591 0.005115 0.143182 1.000000 1173.000000 880.000000
0 339 0.003410 0.845455 0.005115 0.143182 1.000000 1173.000000 880.000000
0 340 0.002984 0.843182 0.004263 0.143182 1.000000 1173.000000 880.000000
0 341 0.002984 0.842045 0.004263 0.143182 1.000000 1173.000000 880.000000
