0 2149 0.521313 0.985795 0.043478 0.030682 0.964290 1173.000000 880.000000
0 2150 0.520460 0.983523 0.043478 0.032955 1.000000 1173.000000 880.000000
0 2151 0.520034 0.981818 0.044331 0.036364 1.000000 1173.000000 880.000000
0 2152 0.519608 0.980114 0.045183 0.039773 1.000000 1173.000000 880.000000
0 2153 0.519182 0.978409 0.046036 0.043182 0.981820 1173.000000 880.000000
0 2154 0.518755 0.976705 0.046888 0.046591 0.946430 1173.000000 880.000000
0 2155 0.518329 0.975000 0.047741 0.050000 0.929820 1173.000000 880.000000
0 2156 0.517903 0.973295 0.048593 0.053409 0.913790 1173.000000 880.000000
0 2157 0.517477 0.971591 0.049446 0.056818 0.881360 1173.000000 880.000000
0 2158 0.517050 0.969886 0.050298 0.060227 0.866670 1173.000000 880.000000
0 2159 0.516624 0.968182 0.051151 0.063636 0.852460 1173.000000 880.000000
0 2160 0.516198 0.966477 0.052003 0.067045 0.822580 1173.000000 880.000000
0 2161 0.515772 0.964773 0.052856 0.070455 0.809520 1173.000000 880.000000
0 2162 0.515345 0.963068 0.053708 0.073864 0.796880 1173.000000 880.000000
0 2163 0.514919 0.961364 0.054561 0.077273 0.769230 1173.000000 880.000000
0 2164 0.514493 0.959659 0.055413 0.080682 0.757580 1173.000000 880.000000
0 2165 0.514493 0.957955 0.055413 0.084091 0.757580 1173.000000 880.000000
0 2166 0.513640 0.956250 0.055413 0.087500 0.727270 1173.000000 880.000000
0 2167 0.512788 0.955114 0.055413 0.089773 0.712120 1173.000000 880.000000
0 2168 0.512361 0.953977 0.056266 0.092045 0.701490 1173.000000 880.000000
0 2169 0.511935 0.952841 0.055413 0.094318 0.681820 1173.000000 880.000000
0 2170 0.511083 0.951136 0.055413 0.097727 1.000000 1173.000000 880.000000
0 2171 0.510656 0.950000 0.056266 0.100000 1.000000 1173.000000 880.000000
0 2172 0.510230 0.948864 0.055413 0.102273 1.000000 1173.000000 880.000000
0 2173 0.509378 0.947727 0.055413 0.104545 1.000000 1173.000000 880.000000
0 2174 0.508951 0.946591 0.056266 0.106818 0.988690 1173.000000 880.000000
0 2175 0.508525 0.944886 0.055413 0.110227 0.988560 1173.000000 880.000000
0 2176 0.508099 0.943750 0.056266 0.112500 0.977310 1173.000000 880.000000
0 2177 0.507246 0.942614 0.056266 0.114773 0.965760 1173.000000 880.000000
0 2178 0.506820 0.941477 0.055413 0.117045 0.964600 1173.000000 880.000000
0 2179 0.506394 0.940341 0.056266 0.119318 0.953250 1173.000000 880.000000
0 2180 0.505541 0.938636 0.056266 0.122727 0.941800 1173.000000 880.000000
0 2181 0.505115 0.937500 0.055413 0.125000 0.940620 1173.000000 880.000000
0 2182 0.504689 0.936364 0.056266 0.127273 0.929470 1173.000000 880.000000
0 2183 0.503836 0.935227 0.056266 0.129545 0.929140 1173.000000 880.000000
0 2184 0.503836 0.934659 0.056266 0.132955 0.933340 1173.000000 880.000000
0 2185 0.502984 0.932955 0.056266 0.134091 0.941050 1173.000000 880.000000
0 2186 0.502558 0.932386 0.055413 0.135227 0.952020 1173.000000 880.000000
0 2187 0.502131 0.931818 0.056266 0.136364 0.940790 1173.000000 880.000000
0 2188 0.501705 0.931250 0.055413 0.137500 0.951320 1173.000000 880.000000
0 2189 0.501279 0.930682 0.056266 0.138636 0.951950 1173.000000 880.000000
0 2190 0.500853 0.930114 0.055413 0.139773 0.962980 1173.000000 880.000000
0 2191 0.500426 0.929545 0.056266 0.140909 0.951280 1173.000000 880.000000
0 2192 0.500000 0.928977 0.055413 0.142045 0.962840 1173.000000 880.000000
0 2193 0.499574 0.928409 0.056266 0.143182 0.962980 1173.000000 880.000000
0 2194 0.499147 0.927841 0.055413 0.144318 0.974910 1173.000000 880.000000
0 2195 0.498721 0.927273 0.056266 0.145455 0.975010 1173.000000 880.000000
0 2196 0.498295 0.926705 0.055413 0.146591 0.974590 1173.000000 880.000000
0 2197 0.497869 0.926136 0.056266 0.147727 0.974930 1173.000000 880.000000
0 2198 0.497442 0.925000 0.055413 0.147727 0.987160 1173.000000 880.000000
0 2199 0.496590 0.924432 0.055413 0.148864 0.987140 1173.000000 880.000000
0 2200 0.496590 0.923864 0.055413 0.150000 0.980410 1173.000000 880.000000
0 2201 0.495737 0.923295 0.055413 0.151136 0.980210 1173.000000 880.000000
0 2202 0.495737 0.922727 0.055413 0.152273 0.986310 1173.000000 880.000000
0 2203 0.494885 0.922159 0.055413 0.153409 0.985960 1173.000000 880.000000
0 2204 0.494885 0.921591 0.055413 0.154545 0.978770 1173.000000 880.000000
0 2205 0.494032 0.921023 0.055413 0.155682 0.985510 1173.000000 880.000000
0 2206 0.494032 0.920455 0.055413 0.156818 0.977760 1173.000000 880.000000
0 2207 0.493180 0.919886 0.055413 0.157955 0.977600 1173.000000 880.000000
0 2208 0.493180 0.919318 0.055413 0.159091 0.969480 1173.000000 880.000000
0 2209 0.492327 0.918750 0.055413 0.160227 0.968840 1173.000000 880.000000
0 2210 0.492327 0.918182 0.055413 0.161364 0.960800 1173.000000 880.000000
0 2211 0.491475 0.915909 0.055413 0.161364 0.960800 1173.000000 880.000000
0 2212 0.491475 0.913636 0.055413 0.161364 0.961330 1173.000000 880.000000
0 2213 0.491475 0.912500 0.055413 0.161364 0.960800 1173.000000 880.000000
0 2214 0.491475 0.910227 0.055413 0.161364 0.960800 1173.000000 880.000000
0 2215 0.491475 0.907955 0.055413 0.161364 0.960800 1173.000000 880.000000
0 2216 0.491475 0.906818 0.055413 0.161364 0.960270 1173.000000 880.000000
0 2217 0.490622 0.904545 0.055413 0.161364 0.846790 1173.000000 880.000000
0 2218 0.490622 0.903409 0.055413 0.161364 0.838530 1173.000000 880.000000
0 2219 0.490622 0.901136 0.055413 0.161364 0.838530 1173.000000 880.000000
0 2220 0.490622 0.898864 0.055413 0.161364 0.841490 1173.000000 880.000000
0 2221 0.490622 0.897727 0.055413 0.161364 0.835560 1173.000000 880.000000
0 2222 0.490622 0.895455 0.055413 0.161364 0.835980 1173.000000 880.000000
0 2223 0.490622 0.894318 0.055413 0.161364 0.833020 1173.000000 880.000000
0 2224 0.489770 0.892045 0.055413 0.161364 0.841070 1173.000000 880.000000
0 2225 0.489770 0.889773 0.055413 0.161364 0.838530 1173.000000 880.000000
0 2226 0.489770 0.888636 0.055413 0.161364 0.838210 1173.000000 880.000000
0 2227 0.489770 0.886364 0.055413 0.161364 0.838530 1173.000000 880.000000
0 2228 0.489770 0.884091 0.055413 0.161364 0.835980 1173.000000 880.000000
0 2229 0.489770 0.882955 0.055413 0.161364 0.835660 1173.000000 880.000000
0 2230 0.488917 0.880682 0.055413 0.161364 0.841280 1173.000000 880.000000
0 2231 0.488917 0.879545 0.055413 0.161364 0.835130 1173.000000 880.000000
0 2232 0.488917 0.877273 0.055413 0.161364 0.841280 1173.000000 880.000000
0 2233 0.488917 0.875000 0.055413 0.161364 0.838740 1173.000000 880.000000
0 2234 0.488917 0.873864 0.055413 0.161364 0.832490 1173.000000 880.000000
0 2235 0.488917 0.871591 0.055413 0.161364 0.835980 1173.000000 880.000000
0 2236 0.488917 0.870455 0.055413 0.161364 0.829620 1173.000000 880.000000
0 2237 0.488065 0.868182 0.055413 0.161364 0.838100 1173.000000 880.000000
0 2238 0.488065 0.865909 0.055413 0.161364 0.841700 1173.000000 880.000000
0 2239 0.488065 0.864205 0.055413 0.160227 0.840590 1173.000000 880.000000
0 2240 0.488065 0.862500 0.055413 0.161364 0.841600 1173.000000 880.000000
0 2241 0.487212 0.860795 0.055413 0.160227 0.846350 1173.000000 880.000000
0 2242 0.487212 0.858523 0.055413 0.160227 0.840590 1173.000000 880.000000
0 2243 0.487212 0.856818 0.055413 0.159091 0.836880 1173.000000 880.000000
0 2244 0.487212 0.855114 0.055413 0.160227 0.831520 1173.000000 880.000000
0 2245 0.486786 0.853409 0.054561 0.159091 0.840260 1173.000000 880.000000
0 2246 0.486360 0.851136 0.055413 0.159091 0.842680 1173.000000 880.000000
0 2247 0.486360 0.849432 0.055413 0.157955 0.833010 1173.000000 880.000000
0 2248 0.486360 0.847727 0.055413 0.159091 0.827640 1173.000000 880.000000
0 2249 0.485934 0.846023 0.054561 0.157955 0.836480 1173.000000 880.000000
0 2250 0.485507 0.843750 0.055413 0.157955 0.838960 1173.000000 880.000000
0 2251 0.485507 0.842045 0.055413 0.156818 0.835190 1173.000000 880.000000
0 2252 0.485507 0.840341 0.055413 0.157955 0.823590 1173.000000 880.000000
0 2253 0.485081 0.838068 0.054561 0.157955 0.836480 1173.000000 880.000000
0 2254 0.485081 0.836364 0.054561 0.156818 0.832650 1173.000000 880.000000
0 2255 0.484655 0.834091 0.055413 0.156818 0.835190 1173.000000 880.000000
0 2256 0.484655 0.832955 0.055413 0.156818 0.828320 1173.000000 880.000000
0 2257 0.484228 0.830682 0.054561 0.156818 0.832650 1173.000000 880.000000
0 2258 0.484228 0.828977 0.054561 0.155682 0.831440 1173.000000 880.000000
0 2259 0.483802 0.826705 0.055413 0.155682 0.833990 1173.000000 880.000000
0 2260 0.483802 0.825568 0.055413 0.155682 0.827080 1173.000000 880.000000
0 2261 0.483376 0.823295 0.054561 0.155682 0.831440 1173.000000 880.000000
0 2262 0.483376 0.821591 0.054561 0.154545 0.830210 1173.000000 880.000000
0 2263 0.483376 0.819318 0.054561 0.154545 0.832900 1173.000000 880.000000
0 2264 0.482950 0.818182 0.055413 0.154545 0.825810 1173.000000 880.000000
0 2265 0.482523 0.815909 0.054561 0.154545 0.832900 1173.000000 880.000000
0 2266 0.482523 0.814205 0.054561 0.153409 0.831670 1173.000000 880.000000
0 2267 0.482523 0.811932 0.054561 0.153409 0.834390 1173.000000 880.000000
0 2268 0.482523 0.810795 0.054561 0.153409 0.827490 1173.000000 880.000000
0 2269 0.481671 0.808523 0.054561 0.153409 0.834390 1173.000000 880.000000
0 2270 0.481671 0.806818 0.054561 0.152273 0.835900 1173.000000 880.000000
0 2271 0.481671 0.805682 0.054561 0.152273 0.829060 1173.000000 880.000000
0 2272 0.481671 0.803409 0.054561 0.152273 0.831910 1173.000000 880.000000
0 2273 0.481245 0.801705 0.055413 0.151136 0.827450 1173.000000 880.000000
0 2274 0.480818 0.800568 0.054561 0.151136 0.820780 1173.000000 880.000000
0 2275 0.480818 0.798295 0.054561 0.151136 0.820900 1173.000000 880.000000
0 2276 0.480818 0.797159 0.054561 0.151136 0.817220 1173.000000 880.000000
0 2277 0.480392 0.795455 0.055413 0.150000 0.812600 1173.000000 880.000000
0 2278 0.480392 0.793182 0.055413 0.150000 0.815680 1173.000000 880.000000
0 2279 0.480392 0.792045 0.055413 0.150000 0.815450 1173.000000 880.000000
0 2280 0.479966 0.790341 0.054561 0.148864 0.814340 1173.000000 880.000000
0 2281 0.479540 0.788636 0.055413 0.150000 0.805760 1173.000000 880.000000
0 2282 0.479540 0.786932 0.055413 0.148864 0.804640 1173.000000 880.000000
0 2283 0.479540 0.785227 0.055413 0.147727 0.812280 1173.000000 880.000000
0 2284 0.479540 0.783523 0.055413 0.148864 0.813710 1173.000000 880.000000
0 2285 0.478687 0.781818 0.055413 0.147727 0.799680 1173.000000 880.000000
0 2286 0.478687 0.780682 0.055413 0.147727 0.802450 1173.000000 880.000000
0 2287 0.478687 0.778409 0.055413 0.147727 0.802910 1173.000000 880.000000
0 2288 0.478687 0.776705 0.055413 0.146591 0.810260 1173.000000 880.000000
0 2289 0.478261 0.775568 0.056266 0.146591 0.800690 1173.000000 880.000000
0 2290 0.478261 0.773295 0.056266 0.146591 0.790930 1173.000000 880.000000
0 2291 0.477835 0.772159 0.055413 0.146591 0.790440 1173.000000 880.000000
0 2292 0.477835 0.770455 0.055413 0.145455 0.789520 1173.000000 880.000000
0 2293 0.477408 0.768182 0.056266 0.145455 0.776240 1173.000000 880.000000
0 2294 0.477408 0.767045 0.056266 0.145455 0.773230 1173.000000 880.000000
0 2295 0.477408 0.765341 0.056266 0.144318 0.768190 1173.000000 880.000000
0 2296 0.476982 0.763636 0.055413 0.145455 0.768030 1173.000000 880.000000
0 2297 0.476556 0.761932 0.056266 0.144318 0.758400 1173.000000 880.000000
0 2298 0.476556 0.760227 0.056266 0.143182 0.753200 1173.000000 880.000000
0 2299 0.476556 0.758523 0.056266 0.144318 0.751170 1173.000000 880.000000
0 2300 0.476556 0.756818 0.056266 0.143182 0.745800 1173.000000 880.000000
0 2301 0.476556 0.755682 0.056266 0.143182 0.745800 1173.000000 880.000000
0 2302 0.476556 0.753409 0.056266 0.143182 0.745800 1173.000000 880.000000
0 2303 0.476556 0.752273 0.056266 0.143182 0.735930 1173.000000 880.000000
0 2304 0.476982 0.750000 0.055413 0.143182 0.749460 1173.000000 880.000000
0 2305 0.476982 0.748864 0.055413 0.143182 0.744450 1173.000000 880.000000
0 2306 0.477835 0.747727 0.055413 0.143182 0.746960 1173.000000 880.000000
0 2307 0.477835 0.745455 0.055413 0.143182 0.751850 1173.000000 880.000000
0 2308 0.478261 0.744318 0.054561 0.143182 0.745610 1173.000000 880.000000
0 2309 0.478261 0.742614 0.054561 0.142045 0.749940 1173.000000 880.000000
0 2310 0.479113 0.740909 0.054561 0.143182 0.763170 1173.000000 880.000000
0 2311 0.479113 0.739773 0.054561 0.143182 0.748150 1173.000000 880.000000
0 2312 0.479540 0.738068 0.053708 0.142045 0.758930 1173.000000 880.000000
0 2313 0.479540 0.736364 0.053708 0.143182 0.749020 1173.000000 880.000000
0 2314 0.480392 0.734659 0.053708 0.142045 0.761410 1173.000000 880.000000
0 2315 0.480392 0.732955 0.053708 0.143182 0.763290 1173.000000 880.000000
0 2316 0.480818 0.731818 0.052856 0.143182 0.760650 1173.000000 880.000000
0 2317 0.480818 0.730114 0.052856 0.142045 0.760140 1173.000000 880.000000
0 2318 0.481671 0.728409 0.052856 0.143182 0.754660 1173.000000 880.000000
0 2319 0.481671 0.726705 0.052856 0.142045 0.757370 1173.000000 880.000000
0 2320 0.482097 0.725568 0.052003 0.142045 0.762030 1173.000000 880.000000
0 2321 0.482097 0.723864 0.052003 0.143182 0.763780 1173.000000 880.000000
0 2322 0.482950 0.722159 0.052003 0.142045 0.767280 1173.000000 880.000000
0 2323 0.482950 0.721023 0.052003 0.142045 0.762420 1173.000000 880.000000
0 2324 0.483376 0.718750 0.051151 0.142045 0.760080 1173.000000 880.000000
0 2325 0.483376 0.717614 0.051151 0.142045 0.750850 1173.000000 880.000000
0 2326 0.484228 0.716477 0.051151 0.142045 0.753840 1173.000000 880.000000
0 2327 0.485081 0.714205 0.051151 0.142045 0.754880 1173.000000 880.000000
0 2328 0.485934 0.713068 0.051151 0.142045 0.748110 1173.000000 880.000000
0 2329 0.486786 0.711932 0.051151 0.142045 0.745510 1173.000000 880.000000
0 2330 0.487639 0.710795 0.051151 0.142045 0.733540 1173.000000 880.000000
0 2331 0.488491 0.708523 0.051151 0.142045 0.733280 1173.000000 880.000000
0 2332 0.489344 0.707386 0.051151 0.142045 0.719880 1173.000000 880.000000
0 2333 0.490196 0.706250 0.051151 0.142045 0.717930 1173.000000 880.000000
0 2334 0.491049 0.705114 0.051151 0.142045 0.709860 1173.000000 880.000000
0 2335 0.491901 0.702841 0.051151 0.142045 0.703880 1173.000000 880.000000
0 2336 0.492754 0.701705 0.051151 0.142045 0.674210 1173.000000 880.000000
0 2337 0.493606 0.700568 0.051151 0.142045 0.660940 1173.000000 880.000000
0 2338 0.494459 0.699432 0.051151 0.142045 0.647540 1173.000000 880.000000
0 2339 0.495311 0.697159 0.051151 0.142045 0.639860 1173.000000 880.000000
0 2340 0.496164 0.696023 0.051151 0.142045 0.624250 1173.000000 880.000000
0 2341 0.497016 0.694886 0.051151 0.142045 0.616580 1173.000000 880.000000
0 2342 0.497869 0.693750 0.051151 0.142045 0.593290 1173.000000 880.000000
0 2343 0.497869 0.691477 0.051151 0.142045 0.593290 1173.000000 880.000000
0 2344 0.498295 0.689773 0.050298 0.140909 0.595070 1173.000000 880.000000
0 2345 0.498295 0.688068 0.050298 0.142045 0.590340 1173.000000 880.000000
0 2346 0.499147 0.686364 0.050298 0.140909 0.579200 1173.000000 880.000000
0 2347 0.499147 0.684659 0.050298 0.142045 0.582540 1173.000000 880.000000
0 2348 0.499574 0.682955 0.049446 0.140909 0.568000 1173.000000 880.000000
0 2349 0.500000 0.680682 0.050298 0.140909 0.568000 1173.000000 880.000000
0 2350 0.500426 0.679545 0.049446 0.140909 0.560000 1173.000000 880.000000
0 2351 0.500426 0.677273 0.049446 0.140909 0.564470 1173.000000 880.000000
0 2352 0.500853 0.676136 0.048593 0.140909 0.552830 1173.000000 880.000000
0 2353 0.501279 0.673864 0.049446 0.140909 0.556340 1173.000000 880.000000
0 2354 0.501705 0.672727 0.048593 0.140909 0.536280 1173.000000 880.000000
0 2355 0.502131 0.671023 0.047741 0.139773 0.532540 1173.000000 880.000000
0 2356 0.502558 0.668750 0.048593 0.139773 0.528230 1173.000000 880.000000
0 2357 0.502984 0.667614 0.047741 0.139773 0.519950 1173.000000 880.000000
0 2358 0.502984 0.665341 0.047741 0.139773 0.523910 1173.000000 880.000000
0 2359 0.503410 0.664205 0.046888 0.139773 0.511380 1173.000000 880.000000
0 2360 0.503836 0.661932 0.047741 0.139773 0.511040 1173.000000 880.000000
0 2361 0.504263 0.660227 0.046888 0.138636 0.506680 1173.000000 880.000000
0 2362 0.504263 0.658523 0.046888 0.139773 0.497410 1173.000000 880.000000
0 2363 0.505115 0.656818 0.046888 0.138636 0.484320 1173.000000 880.000000
0 2364 0.505115 0.655114 0.046888 0.139773 0.488480 1173.000000 880.000000
0 2365 0.505541 0.653409 0.046036 0.138636 0.479080 1173.000000 880.000000
0 2366 0.506394 0.652273 0.046036 0.138636 0.465040 1173.000000 880.000000
0 2367 0.505541 0.650000 0.046036 0.138636 0.474350 1173.000000 880.000000
0 2368 0.505541 0.648864 0.046036 0.138636 0.474350 1173.000000 880.000000
0 2369 0.505541 0.646591 0.046036 0.138636 0.474350 1173.000000 880.000000
0 2370 0.505541 0.645455 0.046036 0.138636 0.470510 1173.000000 880.000000
0 2371 0.504689 0.643182 0.046036 0.138636 0.470950 1173.000000 880.000000
0 2372 0.504689 0.642045 0.046036 0.138636 0.467260 1173.000000 880.000000
0 2373 0.504689 0.640909 0.046036 0.138636 0.466960 1173.000000 880.000000
0 2374 0.504689 0.638636 0.046036 0.138636 0.466960 1173.000000 880.000000
0 2375 0.504689 0.637500 0.046036 0.138636 0.468440 1173.000000 880.000000
0 2376 0.503836 0.635227 0.046036 0.138636 0.477610 1173.000000 880.000000
0 2377 0.503836 0.634091 0.046036 0.138636 0.477610 1173.000000 880.000000
0 2378 0.503836 0.632955 0.046036 0.138636 0.474800 1173.000000 880.000000
0 2379 0.503836 0.630682 0.046036 0.138636 0.465480 1173.000000 880.000000
0 2380 0.503836 0.629545 0.046036 0.138636 0.462820 1173.000000 880.000000
0 2381 0.502984 0.627273 0.046036 0.138636 0.479530 1173.000000 880.000000
0 2382 0.502984 0.626136 0.046036 0.138636 0.476870 1173.000000 880.000000
0 2383 0.502984 0.623864 0.046036 0.138636 0.481740 1173.000000 880.000000
0 2384 0.502984 0.622727 0.046036 0.138636 0.474650 1173.000000 880.000000
0 2385 0.502984 0.621591 0.046036 0.138636 0.475090 1173.000000 880.000000
0 2386 0.502131 0.619318 0.046036 0.138636 0.493870 1173.000000 880.000000
0 2387 0.502131 0.618182 0.046036 0.138636 0.487070 1173.000000 880.000000
0 2388 0.502131 0.615909 0.046036 0.138636 0.477900 1173.000000 880.000000
0 2389 0.502131 0.614773 0.046036 0.138636 0.477900 1173.000000 880.000000
0 2390 0.502131 0.613636 0.046036 0.138636 0.471100 1173.000000 880.000000
0 2391 0.502131 0.611364 0.046036 0.138636 0.465780 1173.000000 880.000000
0 2392 0.502131 0.609091 0.046036 0.138636 0.460460 1173.000000 880.000000
0 2393 0.502131 0.606818 0.046036 0.138636 0.462380 1173.000000 880.000000
0 2394 0.502131 0.604545 0.046036 0.138636 0.462380 1173.000000 880.000000
0 2395 0.502131 0.602273 0.046036 0.138636 0.457210 1173.000000 880.000000
0 2396 0.502131 0.600000 0.046036 0.138636 0.459570 1173.000000 880.000000
0 2397 0.502131 0.597727 0.046036 0.138636 0.454550 1173.000000 880.000000
0 2398 0.502131 0.595455 0.046036 0.138636 0.454550 1173.000000 880.000000
0 2399 0.502131 0.593182 0.046036 0.138636 0.457350 1173.000000 880.000000
0 2400 0.502131 0.590909 0.046036 0.138636 0.452480 1173.000000 880.000000
0 2401 0.502131 0.588636 0.046036 0.138636 0.466080 1173.000000 880.000000
0 2402 0.502984 0.588068 0.046036 0.142045 0.472580 1173.000000 880.000000
0 2403 0.504689 0.588636 0.046036 0.145455 0.455250 1173.000000 880.000000
0 2404 0.505968 0.589205 0.045183 0.148864 0.442620 1173.000000 880.000000
0 2405 0.507673 0.589773 0.045183 0.152273 0.430450 1173.000000 880.000000
