0 1917 0.426257 0.988636 0.037511 0.025000 0.956520 1173.000000 880.000000
0 1918 0.425831 0.987500 0.038363 0.027273 0.960000 1173.000000 880.000000
0 1919 0.426257 0.986364 0.039216 0.029545 0.962960 1173.000000 880.000000
0 1920 0.426257 0.985227 0.039216 0.031818 0.965520 1173.000000 880.000000
0 1921 0.426684 0.984091 0.040068 0.034091 0.967740 1173.000000 880.000000
0 1922 0.427110 0.983523 0.040921 0.035227 0.968750 1173.000000 880.000000
0 1923 0.427110 0.982386 0.040921 0.037500 0.970590 1173.000000 880.000000
0 1924 0.427536 0.981250 0.041773 0.039773 0.972220 1173.000000 880.000000
0 1925 0.427962 0.980114 0.042626 0.042045 0.973680 1173.000000 880.000000
0 1926 0.427962 0.979545 0.042626 0.043182 0.974360 1173.000000 880.000000
0 1927 0.428389 0.978409 0.043478 0.045455 0.975610 1173.000000 880.000000
0 1928 0.428815 0.977273 0.044331 0.047727 0.976740 1173.000000 880.000000
0 1929 0.428815 0.976136 0.044331 0.050000 0.977780 1173.000000 880.000000
0 1930 0.429241 0.975568 0.045183 0.051136 0.978260 1173.000000 880.000000
0 1931 0.429668 0.974432 0.046036 0.053409 0.979170 1173.000000 880.000000
0 1932 0.429668 0.973295 0.046036 0.055682 0.980000 1173.000000 880.000000
0 1933 0.430094 0.972159 0.046888 0.057955 0.980770 1173.000000 880.000000
0 1934 0.430520 0.971591 0.047741 0.059091 0.981130 1173.000000 880.000000
0 1935 0.430520 0.970455 0.047741 0.061364 0.981820 1173.000000 880.000000
0 1936 0.430946 0.969318 0.048593 0.063636 0.982460 1173.000000 880.000000
0 1937 0.431373 0.968182 0.049446 0.065909 0.983050 1173.000000 880.000000
0 1938 0.431373 0.967614 0.049446 0.067045 0.983330 1173.000000 880.000000
0 1939 0.431799 0.966477 0.050298 0.069318 0.983870 1173.000000 880.000000
0 1940 0.432225 0.965341 0.051151 0.071591 0.984380 1173.000000 880.000000
0 1941 0.432225 0.964205 0.051151 0.073864 0.984850 1173.000000 880.000000
0 1942 0.432651 0.963636 0.052003 0.075000 0.985070 1173.000000 880.000000
0 1943 0.433078 0.962500 0.052856 0.077273 0.985510 1173.000000 880.000000
0 1944 0.433078 0.961364 0.052856 0.079545 0.985920 1173.000000 880.000000
0 1945 0.433504 0.960227 0.053708 0.081818 0.986300 1173.000000 880.000000
0 1946 0.433930 0.959659 0.054561 0.082955 0.986490 1173.000000 880.000000
0 1947 0.433078 0.959091 0.054561 0.084091 0.986670 1173.000000 880.000000
0 1948 0.433078 0.959091 0.054561 0.084091 0.986670 1173.000000 880.000000
0 1949 0.432225 0.959091 0.054561 0.084091 0.986670 1173.000000 880.000000
0 1950 0.432225 0.959091 0.054561 0.084091 0.986670 1173.000000 880.000000
0 1951 0.432225 0.959091 0.054561 0.084091 0.986670 1173.000000 880.000000
0 1952 0.431373 0.958523 0.054561 0.085227 0.986840 1173.000000 880.000000
0 1953 0.431373 0.958523 0.054561 0.085227 0.986840 1173.000000 880.000000
0 1954 0.431373 0.958523 0.054561 0.085227 0.986840 1173.000000 880.000000
0 1955 0.430520 0.958523 0.054561 0.085227 0.986840 1173.000000 880.000000
0 1956 0.430520 0.958523 0.054561 0.085227 0.986840 1173.000000 880.000000
0 1957 0.429668 0.957955 0.054561 0.086364 0.987010 1173.000000 880.000000
0 1958 0.429668 0.957955 0.054561 0.086364 0.850350 1173.000000 880.000000
0 1959 0.429668 0.957955 0.054561 0.086364 0.865530 1173.000000 880.000000
0 1960 0.428815 0.957955 0.054561 0.086364 0.850350 1173.000000 880.000000
0 1961 0.428815 0.957955 0.054561 0.086364 0.850350 1173.000000 880.000000
0 1962 0.428815 0.957955 0.054561 0.086364 0.865530 1173.000000 880.000000
0 1963 0.427962 0.957386 0.054561 0.087500 0.850490 1173.000000 880.000000
0 1964 0.427962 0.957386 0.054561 0.087500 0.850490 1173.000000 880.000000
0 1965 0.427110 0.957386 0.054561 0.087500 0.835310 1173.000000 880.000000
0 1966 0.427110 0.957386 0.054561 0.087500 0.850490 1173.000000 880.000000
0 1967 0.427110 0.957386 0.054561 0.087500 0.850490 1173.000000 880.000000
0 1968 0.426257 0.956818 0.054561 0.088636 0.835440 1173.000000 880.000000
0 1969 0.426257 0.956818 0.054561 0.088636 0.835440 1173.000000 880.000000
0 1970 0.426257 0.956818 0.054561 0.088636 0.850630 1173.000000 880.000000
0 1971 0.425405 0.956818 0.054561 0.088636 0.835440 1173.000000 880.000000
0 1972 0.425405 0.956818 0.054561 0.088636 0.835440 1173.000000 880.000000
0 1973 0.424552 0.956250 0.054561 0.089773 0.835580 1173.000000 880.000000
0 1974 0.424552 0.956250 0.054561 0.089773 0.835580 1173.000000 880.000000
0 1975 0.424552 0.956250 0.054561 0.089773 0.835580 1173.000000 880.000000
0 1976 0.423700 0.956250 0.054561 0.089773 0.835580 1173.000000 880.000000
0 1977 0.423700 0.956250 0.054561 0.089773 0.835580 1173.000000 880.000000
0 1978 0.423700 0.956250 0.054561 0.089773 0.835580 1173.000000 880.000000
0 1979 0.422847 0.955682 0.054561 0.090909 0.835710 1173.000000 880.000000
0 1980 0.422847 0.955682 0.054561 0.090909 0.835710 1173.000000 880.000000
0 1981 0.422847 0.955682 0.054561 0.090909 0.835710 1173.000000 880.000000
0 1982 0.422847 0.955682 0.054561 0.090909 0.835710 1173.000000 880.000000
0 1983 0.422847 0.955682 0.054561 0.090909 0.835710 1173.000000 880.000000
0 1984 0.422847 0.955114 0.054561 0.092045 0.835830 1173.000000 880.000000
0 1985 0.422847 0.955114 0.054561 0.092045 0.835830 1173.000000 880.000000
0 1986 0.422847 0.955114 0.054561 0.092045 0.835830 1173.000000 880.000000
0 1987 0.422847 0.955114 0.054561 0.092045 0.820640 1173.000000 880.000000
0 1988 0.422847 0.955114 0.054561 0.092045 0.820640 1173.000000 880.000000
0 1989 0.422847 0.955114 0.054561 0.092045 0.820640 1173.000000 880.000000
0 1990 0.422421 0.954545 0.055413 0.093182 0.808320 1173.000000 880.000000
0 1991 0.422421 0.954545 0.055413 0.093182 0.808320 1173.000000 880.000000
0 1992 0.422421 0.954545 0.055413 0.093182 0.793360 1173.000000 880.000000
0 1993 0.422421 0.954545 0.055413 0.093182 0.793360 1173.000000 880.000000
0 1994 0.422421 0.954545 0.055413 0.093182 0.793360 1173.000000 880.000000
0 1995 0.422421 0.954545 0.055413 0.093182 0.793360 1173.000000 880.000000
0 1996 0.422421 0.953977 0.055413 0.094318 0.793470 1173.000000 880.000000
0 1997 0.422421 0.953977 0.055413 0.094318 0.778500 1173.000000 880.000000
0 1998 0.422421 0.953977 0.055413 0.094318 0.778500 1173.000000 880.000000
0 1999 0.422421 0.953977 0.055413 0.094318 0.778500 1173.000000 880.000000
0 2000 0.422421 0.953977 0.055413 0.094318 0.778500 1173.000000 880.000000
0 2001 0.421995 0.953409 0.056266 0.095455 0.766990 1173.000000 880.000000
0 2002 0.421995 0.953409 0.056266 0.095455 0.752240 1173.000000 880.000000
0 2003 0.421995 0.953409 0.056266 0.095455 0.766990 1173.000000 880.000000
0 2004 0.421995 0.953409 0.056266 0.095455 0.766990 1173.000000 880.000000
0 2005 0.421995 0.953409 0.056266 0.095455 0.766990 1173.000000 880.000000
0 2006 0.421995 0.953409 0.056266 0.095455 0.766990 1173.000000 880.000000
0 2007 0.421995 0.952841 0.056266 0.096591 0.767090 1173.000000 880.000000
0 2008 0.421995 0.952841 0.056266 0.096591 0.767090 1173.000000 880.000000
0 2009 0.421995 0.952841 0.056266 0.096591 0.767090 1173.000000 880.000000
0 2010 0.421995 0.952841 0.056266 0.096591 0.767090 1173.000000 880.000000
0 2011 0.421995 0.952841 0.056266 0.096591 0.767090 1173.000000 880.000000
0 2012 0.421995 0.952841 0.056266 0.096591 0.767090 1173.000000 880.000000
0 2013 0.421569 0.951705 0.055413 0.098864 0.763950 1173.000000 880.000000
0 2014 0.421995 0.951136 0.054561 0.100000 0.775800 1173.000000 880.000000
0 2015 0.421995 0.950568 0.054561 0.101136 0.775900 1173.000000 880.000000
0 2016 0.422421 0.950000 0.053708 0.102273 0.788120 1173.000000 880.000000
0 2017 0.422421 0.949432 0.053708 0.103409 0.788210 1173.000000 880.000000
0 2018 0.422847 0.948295 0.052856 0.105682 0.800910 1173.000000 880.000000
0 2019 0.422421 0.947727 0.052003 0.106818 0.797960 1173.000000 880.000000
0 2020 0.422847 0.947159 0.051151 0.107955 0.811130 1173.000000 880.000000
0 2021 0.422847 0.946591 0.051151 0.109091 0.811220 1173.000000 880.000000
0 2022 0.423274 0.946023 0.050298 0.110227 0.824830 1173.000000 880.000000
0 2023 0.423700 0.944886 0.049446 0.112500 0.838980 1173.000000 880.000000
0 2024 0.423700 0.944318 0.049446 0.113636 0.839070 1173.000000 880.000000
0 2025 0.424126 0.943750 0.048593 0.114773 0.853620 1173.000000 880.000000
0 2026 0.423700 0.943182 0.047741 0.115909 0.851300 1173.000000 880.000000
0 2027 0.424126 0.942614 0.046888 0.117045 0.866590 1173.000000 880.000000
0 2028 0.424126 0.941477 0.046888 0.119318 0.884430 1173.000000 880.000000
0 2029 0.424552 0.940909 0.046036 0.120455 0.900590 1173.000000 880.000000
0 2030 0.424552 0.940341 0.046036 0.121591 0.990740 1173.000000 880.000000
0 2031 0.424979 0.939773 0.045183 0.122727 0.990830 1173.000000 880.000000
0 2032 0.425405 0.939205 0.044331 0.123864 0.990910 1173.000000 880.000000
0 2033 0.424552 0.936932 0.044331 0.123864 0.943400 1173.000000 880.000000
0 2034 0.424552 0.935795 0.044331 0.123864 0.943400 1173.000000 880.000000
0 2035 0.424552 0.934091 0.044331 0.125000 0.943400 1173.000000 880.000000
0 2036 0.423700 0.932955 0.044331 0.125000 0.924530 1173.000000 880.000000
0 2037 0.423700 0.931250 0.044331 0.126136 0.924530 1173.000000 880.000000
0 2038 0.423700 0.930114 0.044331 0.126136 0.943400 1173.000000 880.000000
0 2039 0.422847 0.928409 0.044331 0.127273 0.924530 1173.000000 880.000000
0 2040 0.422847 0.927273 0.044331 0.127273 0.924530 1173.000000 880.000000
0 2041 0.422847 0.925568 0.044331 0.128409 0.924530 1173.000000 880.000000
0 2042 0.421995 0.924432 0.044331 0.128409 0.905660 1173.000000 880.000000
0 2043 0.421995 0.922727 0.044331 0.129545 0.924530 1173.000000 880.000000
0 2044 0.421995 0.921591 0.044331 0.129545 0.924530 1173.000000 880.000000
0 2045 0.421142 0.920455 0.044331 0.129545 0.905660 1173.000000 880.000000
0 2046 0.421142 0.918750 0.044331 0.130682 0.905660 1173.000000 880.000000
0 2047 0.421142 0.917614 0.044331 0.130682 0.905660 1173.000000 880.000000
0 2048 0.420290 0.915909 0.044331 0.131818 0.905660 1173.000000 880.000000
0 2049 0.420290 0.914773 0.044331 0.131818 0.905660 1173.000000 880.000000
0 2050 0.420290 0.913068 0.044331 0.132955 0.905660 1173.000000 880.000000
0 2051 0.419437 0.911932 0.044331 0.132955 0.905660 1173.000000 880.000000
0 2052 0.419437 0.910227 0.044331 0.134091 0.905660 1173.000000 880.000000
0 2053 0.419437 0.909091 0.044331 0.134091 0.905660 1173.000000 880.000000
0 2054 0.418585 0.907386 0.044331 0.135227 0.905660 1173.000000 880.000000
0 2055 0.418585 0.906250 0.044331 0.135227 0.905660 1173.000000 880.000000
0 2056 0.418585 0.905114 0.044331 0.135227 0.905660 1173.000000 880.000000
0 2057 0.417732 0.902841 0.044331 0.135227 0.886790 1173.000000 880.000000
0 2058 0.417732 0.901705 0.044331 0.135227 0.905660 1173.000000 880.000000
0 2059 0.417732 0.900568 0.044331 0.135227 0.905660 1173.000000 880.000000
0 2060 0.417732 0.899432 0.044331 0.135227 0.905660 1173.000000 880.000000
0 2061 0.417732 0.897159 0.044331 0.135227 0.924530 1173.000000 880.000000
0 2062 0.416880 0.896023 0.044331 0.135227 0.905660 1173.000000 880.000000
0 2063 0.416880 0.894886 0.044331 0.135227 1.000000 1173.000000 880.000000
0 2064 0.416880 0.893750 0.044331 0.135227 1.000000 1173.000000 880.000000
0 2065 0.416880 0.892614 0.044331 0.135227 1.000000 1173.000000 880.000000
0 2066 0.416880 0.890341 0.044331 0.135227 1.000000 1173.000000 880.000000
0 2067 0.416880 0.889205 0.044331 0.135227 1.000000 1173.000000 880.000000
0 2068 0.416027 0.888068 0.044331 0.135227 1.000000 1173.000000 880.000000
0 2069 0.416027 0.886932 0.044331 0.135227 0.994340 1173.000000 880.000000
0 2070 0.416027 0.884659 0.044331 0.135227 0.994340 1173.000000 880.000000
0 2071 0.416027 0.883523 0.044331 0.135227 0.994340 1173.000000 880.000000
0 2072 0.416027 0.882386 0.044331 0.135227 0.988680 1173.000000 880.000000
0 2073 0.416027 0.881250 0.044331 0.135227 0.983020 1173.000000 880.000000
0 2074 0.415175 0.880114 0.044331 0.135227 0.976730 1173.000000 880.000000
0 2075 0.415175 0.877841 0.044331 0.135227 0.976730 1173.000000 880.000000
0 2076 0.415175 0.876705 0.044331 0.135227 0.970910 1173.000000 880.000000
0 2077 0.415175 0.875568 0.044331 0.135227 0.970910 1173.000000 880.000000
0 2078 0.415175 0.874432 0.044331 0.135227 0.965090 1173.000000 880.000000
0 2079 0.415175 0.873295 0.044331 0.135227 0.959280 1173.000000 880.000000
0 2080 0.415175 0.869886 0.044331 0.135227 0.965090 1173.000000 880.000000
0 2081 0.415175 0.867614 0.044331 0.135227 0.965090 1173.000000 880.000000
0 2082 0.415175 0.865341 0.044331 0.135227 0.970910 1173.000000 880.000000
0 2083 0.415175 0.863068 0.044331 0.135227 0.970910 1173.000000 880.000000
0 2084 0.415175 0.860795 0.044331 0.135227 0.970910 1173.000000 880.000000
0 2085 0.415175 0.858523 0.044331 0.135227 0.970910 1173.000000 880.000000
0 2086 0.415175 0.856250 0.044331 0.135227 0.970910 1173.000000 880.000000
0 2087 0.415175 0.853977 0.044331 0.135227 0.976730 1173.000000 880.000000
0 2088 0.415175 0.851705 0.044331 0.135227 0.976730 1173.000000 880.000000
0 2089 0.415175 0.849432 0.044331 0.135227 0.982550 1173.000000 880.000000
0 2090 0.415175 0.847159 0.044331 0.135227 0.988360 1173.000000 880.000000
0 2091 0.415175 0.844886 0.044331 0.135227 0.994030 1173.000000 880.000000
0 2092 0.415175 0.842614 0.044331 0.135227 0.988050 1173.000000 880.000000
0 2093 0.415175 0.840341 0.044331 0.135227 0.988050 1173.000000 880.000000
0 2094 0.415175 0.838068 0.044331 0.135227 0.988050 1173.000000 880.000000
0 2095 0.415175 0.835795 0.044331 0.135227 0.988050 1173.000000 880.000000
0 2096 0.415175 0.833523 0.044331 0.135227 0.988050 1173.000000 880.000000
0 2097 0.415175 0.831250 0.044331 0.135227 0.982080 1173.000000 880.000000
0 2098 0.415175 0.828977 0.044331 0.135227 0.982080 1173.000000 880.000000
0 2099 0.415175 0.826705 0.044331 0.135227 0.779720 1173.000000 880.000000
0 2100 0.415175 0.824432 0.044331 0.135227 0.779720 1173.000000 880.000000
0 2101 0.415175 0.822159 0.044331 0.135227 0.761320 1173.000000 880.000000
0 2102 0.414749 0.819318 0.043478 0.134091 0.756630 1173.000000 880.000000
0 2103 0.414749 0.817045 0.043478 0.134091 0.756140 1173.000000 880.000000
0 2104 0.414749 0.814773 0.043478 0.134091 0.755660 1173.000000 880.000000
0 2105 0.414749 0.812500 0.043478 0.131818 0.760030 1173.000000 880.000000
0 2106 0.414749 0.810227 0.043478 0.131818 0.759700 1173.000000 880.000000
0 2107 0.414749 0.807955 0.043478 0.131818 0.759370 1173.000000 880.000000
0 2108 0.414749 0.805682 0.043478 0.129545 0.758860 1173.000000 880.000000
0 2109 0.414749 0.803409 0.043478 0.129545 0.758860 1173.000000 880.000000
0 2110 0.414749 0.801136 0.043478 0.129545 0.758530 1173.000000 880.000000
0 2111 0.414749 0.798864 0.043478 0.127273 0.763610 1173.000000 880.000000
0 2112 0.414749 0.796591 0.043478 0.127273 0.992170 1173.000000 880.000000
0 2113 0.414749 0.794318 0.043478 0.127273 0.992170 1173.000000 880.000000
0 2114 0.414749 0.792045 0.043478 0.125000 0.991860 1173.000000 880.000000
0 2115 0.414749 0.789773 0.043478 0.125000 0.991680 1173.000000 880.000000
0 2116 0.414749 0.787500 0.043478 0.125000 0.991510 1173.000000 880.000000
0 2117 0.415175 0.785795 0.042626 0.123864 0.991440 1173.000000 880.000000
0 2118 0.415175 0.781250 0.042626 0.123864 1.000000 1173.000000 880.000000
0 2119 0.415175 0.777841 0.042626 0.123864 1.000000 1173.000000 880.000000
0 2120 0.415175 0.773295 0.042626 0.123864 1.000000 1173.000000 880.000000
0 2121 0.415175 0.769886 0.042626 0.123864 1.000000 1173.000000 880.000000
0 2122 0.415175 0.765341 0.042626 0.123864 1.000000 1173.000000 880.000000
0 2123 0.415175 0.761932 0.042626 0.123864 1.000000 1173.000000 880.000000
0 2124 0.415175 0.757386 0.042626 0.123864 1.000000 1173.000000 880.000000
0 2125 0.415175 0.753977 0.042626 0.123864 1.000000 1173.000000 880.000000
0 2126 0.415175 0.750000 0.042626 0.125000 1.000000 1173.000000 880.000000
0 2127 0.415175 0.746023 0.042626 0.123864 0.745100 1173.000000 880.000000
0 2128 0.415175 0.742045 0.042626 0.125000 0.725490 1173.000000 880.000000
0 2129 0.415175 0.738068 0.042626 0.123864 0.725490 1173.000000 880.000000
0 2130 0.415175 0.734091 0.042626 0.125000 0.725490 1173.000000 880.000000
0 2131 0.415175 0.730114 0.042626 0.123864 0.725490 1173.000000 880.000000
0 2132 0.415175 0.726136 0.042626 0.125000 0.725490 1173.000000 880.000000
0 2133 0.415175 0.722159 0.042626 0.123864 0.705880 1173.000000 880.000000
0 2134 0.415175 0.718182 0.042626 0.125000 0.705880 1173.000000 880.000000
0 2135 0.415175 0.714773 0.042626 0.125000 0.705880 1173.000000 880.000000
0 2136 0.415175 0.710227 0.042626 0.125000 0.686270 1173.000000 880.000000
0 2137 0.416027 0.706818 0.042626 0.125000 0.705880 1173.000000 880.000000
0 2138 0.416880 0.703409 0.042626 0.125000 0.705880 1173.000000 880.000000
0 2139 0.416880 0.700000 0.042626 0.125000 0.705880 1173.000000 880.000000
0 2140 0.417732 0.695455 0.042626 0.125000 0.705880 1173.000000 880.000000
0 2141 0.418585 0.692045 0.042626 0.125000 0.725490 1173.000000 880.000000
0 2142 0.418585 0.688636 0.042626 0.125000 0.705880 1173.000000 880.000000
0 2143 0.419437 0.685227 0.042626 0.125000 0.725490 1173.000000 880.000000
0 2144 0.420290 0.681818 0.042626 0.125000 0.725490 1173.000000 880.000000
0 2145 0.420290 0.677273 0.042626 0.125000 0.725490 1173.000000 880.000000
0 2146 0.421142 0.673864 0.042626 0.125000 0.725490 1173.000000 880.000000
0 2147 0.421995 0.670455 0.042626 0.125000 0.745100 1173.000000 880.000000
0 2148 0.421995 0.667045 0.042626 0.125000 0.745100 1173.000000 880.000000
0 2149 0.422847 0.663636 0.042626 0.125000 0.745100 1173.000000 880.000000
0 2150 0.423700 0.659091 0.042626 0.125000 0.764710 1173.000000 880.000000
0 2151 0.423700 0.655682 0.042626 0.125000 0.745100 1173.000000 880.000000
0 2152 0.424552 0.652273 0.042626 0.125000 0.764710 1173.000000 880.000000
0 2153 0.425405 0.648864 0.042626 0.125000 0.764710 1173.000000 880.000000
0 2154 0.425405 0.645455 0.042626 0.125000 0.764710 1173.000000 880.000000
0 2155 0.426257 0.640909 0.042626 0.125000 0.764710 1173.000000 880.000000
0 2156 0.427110 0.637500 0.042626 0.125000 0.784310 1173.000000 880.000000
0 2157 0.427110 0.634091 0.042626 0.125000 0.764710 1173.000000 880.000000
0 2158 0.427962 0.630682 0.042626 0.125000 0.784310 1173.000000 880.000000
0 2159 0.428815 0.627273 0.042626 0.125000 0.784310 1173.000000 880.000000
0 2160 0.428815 0.625000 0.042626 0.125000 0.784310 1173.000000 880.000000
0 2161 0.429241 0.622727 0.041773 0.125000 0.800000 1173.000000 880.000000
0 2162 0.429241 0.620455 0.041773 0.125000 0.780000 1173.000000 880.000000
0 2163 0.430094 0.618182 0.041773 0.125000 0.800000 1173.000000 880.000000
0 2164 0.430520 0.615909 0.040921 0.125000 0.795920 1173.000000 880.000000
0 2165 0.430520 0.613636 0.040921 0.125000 0.795920 1173.000000 880.000000
0 2166 0.431373 0.611364 0.040921 0.125000 0.816330 1173.000000 880.000000
0 2167 0.431799 0.609091 0.040068 0.125000 0.812500 1173.000000 880.000000
0 2168 0.431799 0.606818 0.040068 0.125000 0.812500 1173.000000 880.000000
0 2169 0.432225 0.604545 0.039216 0.125000 0.808510 1173.000000 880.000000
0 2170 0.433078 0.602273 0.039216 0.125000 0.829790 1173.000000 880.000000
0 2171 0.433078 0.600000 0.039216 0.125000 0.808510 1173.000000 880.000000
0 2172 0.433504 0.597727 0.038363 0.125000 0.826090 1173.000000 880.000000
0 2173 0.434356 0.595455 0.038363 0.125000 0.847830 1173.000000 880.000000
0 2174 0.434356 0.593182 0.038363 0.125000 0.826090 1173.000000 880.000000
0 2175 0.434783 0.590909 0.037511 0.125000 0.844440 1173.000000 880.000000
0 2176 0.435635 0.589205 0.037511 0.123864 0.844440 1173.000000 880.000000
0 2177 0.435635 0.587500 0.037511 0.122727 0.844440 1173.000000 880.000000
0 2178 0.435635 0.586364 0.037511 0.122727 0.844440 1173.000000 880.000000
0 2179 0.436061 0.585227 0.038363 0.122727 0.826090 1173.000000 880.000000
0 2180 0.436488 0.584091 0.037511 0.122727 0.844440 1173.000000 880.000000
0 2181 0.436914 0.582955 0.038363 0.122727 0.826090 1173.000000 880.000000
0 2182 0.436914 0.581250 0.038363 0.121591 0.826090 1173.000000 880.000000
0 2183 0.437766 0.580114 0.038363 0.121591 0.826090 1173.000000 880.000000
0 2184 0.437766 0.578977 0.038363 0.121591 0.826090 1173.000000 880.000000
0 2185 0.438193 0.578409 0.039216 0.120455 0.829790 1173.000000 880.000000
0 2186 0.438193 0.577273 0.039216 0.120455 0.829790 1173.000000 880.000000
0 2187 0.438619 0.575568 0.038363 0.119318 0.826090 1173.000000 880.000000
0 2188 0.439045 0.574432 0.039216 0.119318 0.829790 1173.000000 880.000000
0 2189 0.439045 0.573295 0.039216 0.119318 0.829790 1173.000000 880.000000
0 2190 0.439898 0.572159 0.039216 0.119318 0.851060 1173.000000 880.000000
0 2191 0.439898 0.571023 0.039216 0.119318 0.829790 1173.000000 880.000000
0 2192 0.440324 0.569886 0.040068 0.119318 0.833330 1173.000000 880.000000
0 2193 0.440750 0.568182 0.039216 0.118182 0.851060 1173.000000 880.000000
0 2194 0.441176 0.567614 0.040068 0.117045 0.854170 1173.000000 880.000000
0 2195 0.441176 0.566477 0.040068 0.117045 0.833330 1173.000000 880.000000
0 2196 0.441176 0.565341 0.040068 0.117045 0.833330 1173.000000 880.000000
0 2197 0.442029 0.564205 0.040068 0.117045 0.854170 1173.000000 880.000000
0 2198 0.442029 0.562500 0.040068 0.115909 0.854170 1173.000000 880.000000
0 2199 0.442455 0.561364 0.040921 0.115909 0.836730 1173.000000 880.000000
0 2200 0.442882 0.560227 0.040068 0.115909 0.854170 1173.000000 880.000000
0 2201 0.443308 0.559091 0.040921 0.115909 0.857140 1173.000000 880.000000
0 2202 0.443308 0.557955 0.040921 0.115909 0.857140 1173.000000 880.000000
0 2203 0.444160 0.557386 0.040921 0.114773 0.857140 1173.000000 880.000000
0 2204 0.443734 0.556250 0.040068 0.114773 0.854170 1173.000000 880.000000
0 2205 0.443734 0.555114 0.040068 0.114773 0.854170 1173.000000 880.000000
0 2206 0.443308 0.553977 0.039216 0.114773 0.851060 1173.000000 880.000000
0 2207 0.443308 0.553977 0.039216 0.114773 0.829790 1173.000000 880.000000
0 2208 0.442882 0.552841 0.038363 0.114773 0.826090 1173.000000 880.000000
0 2209 0.442882 0.551705 0.038363 0.114773 0.826090 1173.000000 880.000000
0 2210 0.443308 0.551705 0.037511 0.114773 0.822220 1173.000000 880.000000
0 2211 0.443308 0.549432 0.037511 0.114773 0.822220 1173.000000 880.000000
0 2212 0.443308 0.548295 0.037511 0.114773 0.800000 1173.000000 880.000000
0 2213 0.444160 0.547159 0.037511 0.114773 0.822220 1173.000000 880.000000
0 2214 0.444160 0.546023 0.037511 0.114773 0.800000 1173.000000 880.000000
0 2215 0.444160 0.544886 0.037511 0.114773 0.777780 1173.000000 880.000000
0 2216 0.445013 0.543750 0.037511 0.114773 0.800000 1173.000000 880.000000
0 2217 0.445013 0.542614 0.037511 0.114773 0.777780 1173.000000 880.000000
0 2218 0.445013 0.541477 0.037511 0.114773 0.777780 1173.000000 880.000000
0 2219 0.445865 0.540341 0.037511 0.114773 0.777780 1173.000000 880.000000
0 2220 0.445865 0.539205 0.037511 0.114773 0.755560 1173.000000 880.000000
0 2221 0.446718 0.538068 0.037511 0.114773 0.777780 1173.000000 880.000000
0 2222 0.446718 0.535795 0.037511 0.114773 0.755560 1173.000000 880.000000
0 2223 0.446718 0.534659 0.037511 0.114773 0.755560 1173.000000 880.000000
0 2224 0.447570 0.533523 0.037511 0.114773 0.755560 1173.000000 880.000000
0 2225 0.447570 0.532386 0.037511 0.114773 0.733330 1173.000000 880.000000
0 2226 0.447570 0.531250 0.037511 0.114773 0.733330 1173.000000 880.000000
0 2227 0.448423 0.530114 0.037511 0.114773 0.733330 1173.000000 880.000000
0 2228 0.448423 0.528977 0.037511 0.114773 0.733330 1173.000000 880.000000
0 2229 0.448423 0.527841 0.037511 0.114773 0.711110 1173.000000 880.000000
0 2230 0.449275 0.526705 0.037511 0.114773 0.711110 1173.000000 880.000000
0 2231 0.449275 0.525568 0.037511 0.114773 0.711110 1173.000000 880.000000
0 2232 0.450128 0.524432 0.037511 0.114773 0.711110 1173.000000 880.000000
0 2233 0.450980 0.522159 0.037511 0.114773 0.733330 1173.000000 880.000000
0 2234 0.451833 0.521023 0.037511 0.114773 0.733330 1173.000000 880.000000
0 2235 0.452685 0.519886 0.037511 0.114773 0.733330 1173.000000 880.000000
0 2236 0.454390 0.517614 0.037511 0.114773 0.777780 1173.000000 880.000000
0 2237 0.455243 0.516477 0.037511 0.114773 0.777780 1173.000000 880.000000
0 2238 0.456095 0.515341 0.037511 0.114773 0.800000 1173.000000 880.000000
0 2239 0.457801 0.514205 0.037511 0.114773 0.822220 1173.000000 880.000000
0 2240 0.458653 0.511932 0.037511 0.114773 0.822220 1173.000000 880.000000
0 2241 0.459506 0.510795 0.037511 0.114773 0.844440 1173.000000 880.000000
0 2242 0.460358 0.509659 0.037511 0.114773 0.844440 1173.000000 880.000000
0 2243 0.462063 0.507386 0.037511 0.114773 0.888890 1173.000000 880.000000
0 2244 0.462916 0.506250 0.037511 0.114773 0.888890 1173.000000 880.000000
0 2245 0.463768 0.505114 0.037511 0.114773 0.888890 1173.000000 880.000000
0 2246 0.465473 0.503977 0.037511 0.114773 0.933330 1173.000000 880.000000
0 2247 0.466326 0.501705 0.037511 0.114773 0.933330 1173.000000 880.000000
0 2248 0.467178 0.500568 0.037511 0.114773 0.933330 1173.000000 880.000000
0 2249 0.468031 0.499432 0.037511 0.114773 0.955560 1173.000000 880.000000
0 2250 0.469736 0.497159 0.037511 0.114773 0.977780 1173.000000 880.000000
0 2251 0.470588 0.496023 0.037511 0.114773 0.977780 1173.000000 880.000000
0 2252 0.471441 0.494886 0.037511 0.114773 1.000000 1173.000000 880.000000
0 2253 0.473146 0.493750 0.037511 0.114773 1.000000 1173.000000 880.000000
0 2254 0.473146 0.492614 0.037511 0.114773 1.000000 1173.000000 880.000000
0 2255 0.473572 0.491477 0.036658 0.114773 1.000000 1173.000000 880.000000
0 2256 0.473572 0.490341 0.036658 0.114773 1.000000 1173.000000 880.000000
0 2257 0.474425 0.489205 0.036658 0.114773 0.992420 1173.000000 880.000000
0 2258 0.474425 0.488068 0.036658 0.114773 0.961680 1173.000000 880.000000
0 2259 0.474851 0.486932 0.035806 0.114773 0.984040 1173.000000 880.000000
0 2260 0.474851 0.485795 0.035806 0.114773 0.975380 1173.000000 880.000000
0 2261 0.475703 0.484659 0.035806 0.114773 0.967170 1173.000000 880.000000
0 2262 0.476130 0.483523 0.034953 0.114773 0.957980 1173.000000 880.000000
0 2263 0.476130 0.482386 0.034953 0.114773 0.956820 1173.000000 880.000000
0 2264 0.476556 0.481250 0.034101 0.114773 0.946920 1173.000000 880.000000
0 2265 0.476982 0.480114 0.034953 0.114773 0.937910 1173.000000 880.000000
0 2266 0.477408 0.478977 0.034101 0.114773 0.927310 1173.000000 880.000000
0 2267 0.477408 0.477841 0.034101 0.114773 0.927310 1173.000000 880.000000
0 2268 0.477835 0.476705 0.033248 0.114773 0.913970 1173.000000 880.000000
0 2269 0.478687 0.475568 0.033248 0.114773 0.904410 1173.000000 880.000000
0 2270 0.478687 0.473295 0.033248 0.114773 0.906860 1173.000000 880.000000
0 2271 0.478687 0.472159 0.033248 0.114773 0.894850 1173.000000 880.000000
0 2272 0.479540 0.471023 0.033248 0.114773 0.885290 1173.000000 880.000000
0 2273 0.479540 0.468750 0.033248 0.114773 0.875740 1173.000000 880.000000
0 2274 0.480392 0.467614 0.033248 0.114773 0.866180 1173.000000 880.000000
0 2275 0.480392 0.466477 0.033248 0.114773 0.856620 1173.000000 880.000000
0 2276 0.481245 0.464205 0.033248 0.114773 0.847060 1173.000000 880.000000
0 2277 0.481245 0.463068 0.033248 0.114773 0.837500 1173.000000 880.000000
0 2278 0.482097 0.461932 0.033248 0.114773 0.823530 1173.000000 880.000000
0 2279 0.482097 0.459659 0.033248 0.114773 0.818380 1173.000000 880.000000
0 2280 0.482950 0.458523 0.033248 0.114773 0.808820 1173.000000 880.000000
0 2281 0.482950 0.457386 0.033248 0.114773 0.794120 1173.000000 880.000000
0 2282 0.483802 0.455114 0.033248 0.114773 0.789710 1173.000000 880.000000
0 2283 0.483802 0.453977 0.033248 0.114773 0.789710 1173.000000 880.000000
0 2284 0.484655 0.452841 0.033248 0.114773 0.774510 1173.000000 880.000000
0 2285 0.484655 0.450568 0.033248 0.114773 0.780150 1173.000000 880.000000
0 2286 0.485507 0.449432 0.033248 0.114773 0.780150 1173.000000 880.000000
0 2287 0.485507 0.448295 0.033248 0.114773 0.774510 1173.000000 880.000000
0 2288 0.486360 0.446023 0.033248 0.114773 0.770590 1173.000000 880.000000
0 2289 0.486360 0.444886 0.033248 0.114773 0.780150 1173.000000 880.000000
0 2290 0.487212 0.443750 0.033248 0.114773 0.764710 1173.000000 880.000000
0 2291 0.487212 0.441477 0.033248 0.114773 0.780150 1173.000000 880.000000
0 2292 0.488065 0.440341 0.033248 0.114773 0.770590 1173.000000 880.000000
0 2293 0.488065 0.439205 0.033248 0.114773 0.764710 1173.000000 880.000000
0 2294 0.488917 0.438068 0.033248 0.114773 0.764710 1173.000000 880.000000
0 2295 0.488917 0.436932 0.033248 0.114773 0.764710 1173.000000 880.000000
0 2296 0.489770 0.435795 0.033248 0.114773 0.748770 1173.000000 880.000000
0 2297 0.489770 0.434659 0.033248 0.114773 0.758820 1173.000000 880.000000
0 2298 0.490622 0.433523 0.033248 0.114773 0.748770 1173.000000 880.000000
0 2299 0.491475 0.432386 0.033248 0.114773 0.742650 1173.000000 880.000000
0 2300 0.491475 0.431250 0.033248 0.114773 0.742650 1173.000000 880.000000
0 2301 0.492327 0.430114 0.033248 0.114773 0.732350 1173.000000 880.000000
0 2302 0.492327 0.428977 0.033248 0.114773 0.736520 1173.000000 880.000000
0 2303 0.493180 0.428977 0.033248 0.114773 0.719610 1173.000000 880.000000
0 2304 0.494032 0.427841 0.033248 0.114773 0.719610 1173.000000 880.000000
0 2305 0.494032 0.426705 0.033248 0.114773 0.713240 1173.000000 880.000000
0 2306 0.494885 0.425568 0.033248 0.114773 0.713240 1173.000000 880.000000
0 2307 0.495737 0.424432 0.033248 0.114773 0.713240 1173.000000 880.000000
0 2308 0.495737 0.423295 0.033248 0.114773 0.724260 1173.000000 880.000000
0 2309 0.496590 0.422159 0.033248 0.114773 0.718140 1173.000000 880.000000
0 2310 0.496590 0.421023 0.033248 0.114773 0.729410 1173.000000 880.000000
0 2311 0.497442 0.421023 0.033248 0.114773 0.720100 1173.000000 880.000000
0 2312 0.498295 0.419886 0.033248 0.114773 0.720340 1173.000000 880.000000
0 2313 0.498295 0.418750 0.033248 0.114773 0.731860 1173.000000 880.000000
0 2314 0.499147 0.417614 0.033248 0.114773 0.726470 1173.000000 880.000000
0 2315 0.499147 0.416477 0.033248 0.114773 0.738240 1173.000000 880.000000
0 2316 0.500000 0.415341 0.033248 0.114773 0.738240 1173.000000 880.000000
0 2317 0.500853 0.414205 0.033248 0.114773 0.735780 1173.000000 880.000000
0 2318 0.500853 0.413068 0.033248 0.114773 0.747550 1173.000000 880.000000
0 2319 0.501705 0.411932 0.033248 0.114773 0.730390 1173.000000 880.000000
0 2320 0.502558 0.411932 0.033248 0.114773 0.720590 1173.000000 880.000000
0 2321 0.502558 0.410795 0.033248 0.114773 0.722300 1173.000000 880.000000
0 2322 0.503410 0.409659 0.033248 0.114773 0.722060 1173.000000 880.000000
0 2323 0.503410 0.408523 0.033248 0.114773 0.728920 1173.000000 880.000000
0 2324 0.504263 0.407386 0.033248 0.114773 0.727210 1173.000000 880.000000
0 2325 0.505115 0.406250 0.033248 0.114773 0.728430 1173.000000 880.000000
0 2326 0.505115 0.405114 0.033248 0.114773 0.735050 1173.000000 880.000000
0 2327 0.505968 0.403977 0.033248 0.114773 0.728680 1173.000000 880.000000
0 2328 0.506820 0.403977 0.033248 0.114773 0.723530 1173.000000 880.000000
0 2329 0.506820 0.402273 0.033248 0.113636 0.732670 1173.000000 880.000000
0 2330 0.507673 0.401136 0.033248 0.113636 0.729700 1173.000000 880.000000
0 2331 0.508525 0.400000 0.033248 0.113636 0.730200 1173.000000 880.000000
0 2332 0.508951 0.398295 0.032396 0.112500 0.735380 1173.000000 880.000000
0 2333 0.509804 0.397159 0.032396 0.112500 0.736920 1173.000000 880.000000
0 2334 0.510230 0.396023 0.033248 0.112500 0.735250 1173.000000 880.000000
0 2335 0.511083 0.394886 0.033248 0.112500 0.737750 1173.000000 880.000000
0 2336 0.511509 0.393182 0.032396 0.111364 0.749810 1173.000000 880.000000
0 2337 0.512361 0.392045 0.032396 0.111364 0.749810 1173.000000 880.000000
0 2338 0.513214 0.390909 0.032396 0.111364 0.746180 1173.000000 880.000000
0 2339 0.514066 0.390341 0.032396 0.110227 0.743590 1173.000000 880.000000
0 2340 0.514066 0.388636 0.032396 0.109091 0.754160 1173.000000 880.000000
0 2341 0.514919 0.387500 0.032396 0.109091 0.749140 1173.000000 880.000000
0 2342 0.515772 0.386364 0.032396 0.109091 0.749140 1173.000000 880.000000
0 2343 0.516198 0.384659 0.031543 0.107955 0.759870 1173.000000 880.000000
0 2344 0.517050 0.383523 0.031543 0.107955 0.739860 1173.000000 880.000000
0 2345 0.517477 0.382386 0.032396 0.107955 0.738250 1173.000000 880.000000
0 2346 0.518329 0.381250 0.032396 0.107955 0.738250 1173.000000 880.000000
0 2347 0.518755 0.379545 0.031543 0.106818 0.756230 1173.000000 880.000000
0 2348 0.519608 0.378409 0.031543 0.106818 0.741270 1173.000000 880.000000
0 2349 0.520460 0.377273 0.031543 0.106818 0.740170 1173.000000 880.000000
0 2350 0.521313 0.376705 0.031543 0.105682 0.746360 1173.000000 880.000000
0 2351 0.521313 0.374432 0.031543 0.105682 0.756440 1173.000000 880.000000
0 2352 0.522165 0.373295 0.031543 0.105682 0.756440 1173.000000 880.000000
0 2353 0.522165 0.372159 0.031543 0.105682 0.746080 1173.000000 880.000000
0 2354 0.523018 0.371023 0.031543 0.105682 0.755320 1173.000000 880.000000
0 2355 0.523018 0.368750 0.031543 0.105682 0.764560 1173.000000 880.000000
0 2356 0.523870 0.367614 0.031543 0.105682 0.764560 1173.000000 880.000000
0 2357 0.523870 0.366477 0.031543 0.105682 0.769880 1173.000000 880.000000
0 2358 0.524723 0.365341 0.031543 0.105682 0.763160 1173.000000 880.000000
0 2359 0.524723 0.363068 0.031543 0.105682 0.773240 1173.000000 880.000000
0 2360 0.525575 0.361932 0.031543 0.105682 0.771560 1173.000000 880.000000
0 2361 0.525575 0.360795 0.031543 0.105682 0.785830 1173.000000 880.000000
0 2362 0.526428 0.359659 0.031543 0.105682 0.784150 1173.000000 880.000000
0 2363 0.526428 0.357386 0.031543 0.105682 0.776320 1173.000000 880.000000
0 2364 0.527280 0.356250 0.031543 0.105682 0.774360 1173.000000 880.000000
0 2365 0.527280 0.355114 0.031543 0.105682 0.788630 1173.000000 880.000000
0 2366 0.528133 0.353977 0.031543 0.105682 0.769320 1173.000000 880.000000
0 2367 0.528133 0.351705 0.031543 0.105682 0.778840 1173.000000 880.000000
0 2368 0.528986 0.350568 0.031543 0.105682 0.778840 1173.000000 880.000000
0 2369 0.528986 0.349432 0.031543 0.105682 0.763720 1173.000000 880.000000
0 2370 0.529838 0.348295 0.031543 0.105682 0.763720 1173.000000 880.000000
0 2371 0.529838 0.346023 0.031543 0.105682 0.773520 1173.000000 880.000000
0 2372 0.530691 0.344886 0.031543 0.105682 0.756440 1173.000000 880.000000
0 2373 0.530691 0.343750 0.031543 0.105682 0.758120 1173.000000 880.000000
0 2374 0.531543 0.342614 0.031543 0.105682 0.758120 1173.000000 880.000000
0 2375 0.531543 0.340341 0.031543 0.105682 0.768200 1173.000000 880.000000
0 2376 0.531969 0.339205 0.032396 0.105682 0.748230 1173.000000 880.000000
0 2377 0.532396 0.338068 0.031543 0.105682 0.752520 1173.000000 880.000000
0 2378 0.532822 0.335795 0.032396 0.105682 0.755050 1173.000000 880.000000
0 2379 0.533248 0.334659 0.031543 0.105682 0.746360 1173.000000 880.000000
0 2380 0.533674 0.333523 0.032396 0.105682 0.743320 1173.000000 880.000000
0 2381 0.534101 0.331818 0.031543 0.106818 0.749580 1173.000000 880.000000
0 2382 0.534527 0.330114 0.032396 0.105682 0.733770 1173.000000 880.000000
0 2383 0.534953 0.328977 0.031543 0.105682 0.741320 1173.000000 880.000000
0 2384 0.535379 0.327273 0.032396 0.106818 0.731710 1173.000000 880.000000
0 2385 0.535806 0.326136 0.031543 0.106818 0.734070 1173.000000 880.000000
0 2386 0.536232 0.324432 0.032396 0.105682 0.728310 1173.000000 880.000000
0 2387 0.536232 0.322727 0.032396 0.106818 0.734140 1173.000000 880.000000
0 2388 0.537084 0.321591 0.032396 0.106818 0.727400 1173.000000 880.000000
0 2389 0.537084 0.319886 0.032396 0.105682 0.734860 1173.000000 880.000000
0 2390 0.537937 0.318182 0.032396 0.106818 0.730900 1173.000000 880.000000
0 2391 0.537937 0.317045 0.032396 0.106818 0.750610 1173.000000 880.000000
0 2392 0.538789 0.315909 0.032396 0.106818 0.744130 1173.000000 880.000000
0 2393 0.538789 0.313636 0.032396 0.106818 0.745210 1173.000000 880.000000
0 2394 0.539642 0.312500 0.032396 0.106818 0.738460 1173.000000 880.000000
0 2395 0.539642 0.311364 0.032396 0.106818 0.743590 1173.000000 880.000000
0 2396 0.540494 0.310227 0.032396 0.106818 0.736840 1173.000000 880.000000
0 2397 0.541347 0.309091 0.032396 0.106818 0.736840 1173.000000 880.000000
0 2398 0.542199 0.307955 0.032396 0.106818 0.730090 1173.000000 880.000000
0 2399 0.543052 0.306818 0.032396 0.106818 0.730090 1173.000000 880.000000
0 2400 0.543905 0.305682 0.032396 0.106818 0.723350 1173.000000 880.000000
0 2401 0.545183 0.304545 0.031543 0.106818 0.716070 1173.000000 880.000000
0 2402 0.545183 0.301705 0.029838 0.103409 0.720710 1173.000000 880.000000
0 2403 0.545610 0.300000 0.028986 0.100000 0.735150 1173.000000 880.000000
0 2404 0.545610 0.298295 0.027280 0.096591 0.744540 1173.000000 880.000000
0 2405 0.546462 0.296591 0.025575 0.093182 0.766810 1173.000000 880.000000
