0 2320 0.976556 0.252273 0.033248 0.086364 1.000000 1173.000000 880.000000
0 2321 0.976556 0.251136 0.033248 0.086364 1.000000 1173.000000 880.000000
0 2322 0.976556 0.250000 0.033248 0.086364 1.000000 1173.000000 880.000000
0 2323 0.976556 0.248864 0.033248 0.086364 1.000000 1173.000000 880.000000
0 2324 0.976556 0.247727 0.033248 0.086364 1.000000 1173.000000 880.000000
0 2325 0.976556 0.246591 0.033248 0.086364 1.000000 1173.000000 880.000000
0 2326 0.976556 0.245455 0.033248 0.086364 1.000000 1173.000000 880.000000
0 2327 0.976556 0.244318 0.033248 0.086364 1.000000 1173.000000 880.000000
0 2328 0.976982 0.244318 0.034101 0.086364 1.000000 1173.000000 880.000000
0 2329 0.976982 0.243182 0.034101 0.086364 1.000000 1173.000000 880.000000
0 2330 0.976982 0.242045 0.034101 0.086364 1.000000 1173.000000 880.000000
0 2331 0.976982 0.240909 0.034101 0.086364 1.000000 1173.000000 880.000000
0 2332 0.976982 0.239773 0.034101 0.086364 1.000000 1173.000000 880.000000
0 2333 0.976982 0.238636 0.034101 0.086364 1.000000 1173.000000 880.000000
0 2334 0.976982 0.237500 0.034101 0.086364 1.000000 1173.000000 880.000000
0 2335 0.976982 0.236364 0.034101 0.086364 1.000000 1173.000000 880.000000
0 2336 0.977408 0.236364 0.034953 0.086364 1.000000 1173.000000 880.000000
0 2337 0.977408 0.235227 0.034953 0.086364 1.000000 1173.000000 880.000000
0 2338 0.977408 0.234091 0.034953 0.086364 1.000000 1173.000000 880.000000
0 2339 0.977408 0.232955 0.034953 0.086364 1.000000 1173.000000 880.000000
0 2340 0.977408 0.231818 0.034953 0.086364 1.000000 1173.000000 880.000000
0 2341 0.977408 0.230682 0.034953 0.086364 1.000000 1173.000000 880.000000
0 2342 0.977408 0.229545 0.034953 0.086364 1.000000 1173.000000 880.000000
0 2343 0.977408 0.228409 0.034953 0.086364 1.000000 1173.000000 880.000000
0 2344 0.977835 0.228409 0.035806 0.086364 1.000000 1173.000000 880.000000
0 2345 0.976982 0.227273 0.035806 0.086364 1.000000 1173.000000 880.000000
0 2346 0.976130 0.226136 0.035806 0.086364 1.000000 1173.000000 880.000000
0 2347 0.975277 0.225568 0.035806 0.087500 1.000000 1173.000000 880.000000
0 2348 0.974425 0.224432 0.035806 0.087500 1.000000 1173.000000 880.000000
0 2349 0.973572 0.223864 0.035806 0.088636 1.000000 1173.000000 880.000000
0 2350 0.972720 0.222727 0.035806 0.088636 1.000000 1173.000000 880.000000
0 2351 0.972293 0.221591 0.034953 0.088636 1.000000 1173.000000 880.000000
0 2352 0.971441 0.221023 0.034953 0.089773 1.000000 1173.000000 880.000000
0 2353 0.970588 0.219886 0.034953 0.089773 1.000000 1173.000000 880.000000
0 2354 0.969736 0.219318 0.034953 0.090909 1.000000 1173.000000 880.000000
0 2355 0.968883 0.218182 0.034953 0.090909 1.000000 1173.000000 880.000000
0 2356 0.968031 0.217045 0.034953 0.090909 1.000000 1173.000000 880.000000
0 2357 0.968031 0.216477 0.034953 0.092045 1.000000 1173.000000 880.000000
0 2358 0.967178 0.215341 0.034953 0.092045 1.000000 1173.000000 880.000000
0 2359 0.966326 0.214773 0.034953 0.093182 1.000000 1173.000000 880.000000
0 2360 0.965473 0.213636 0.034953 0.093182 1.000000 1173.000000 880.000000
0 2361 0.964621 0.212500 0.034953 0.093182 1.000000 1173.000000 880.000000
0 2362 0.963768 0.211932 0.034953 0.094318 1.000000 1173.000000 880.000000
0 2363 0.963342 0.210795 0.034101 0.094318 1.000000 1173.000000 880.000000
0 2364 0.962489 0.210227 0.034101 0.095455 1.000000 1173.000000 880.000000
0 2365 0.961637 0.209091 0.034101 0.095455 1.000000 1173.000000 880.000000
0 2366 0.960784 0.207955 0.034101 0.095455 1.000000 1173.000000 880.000000
0 2367 0.959932 0.207386 0.034101 0.096591 1.000000 1173.000000 880.000000
0 2368 0.959079 0.206250 0.034101 0.096591 1.000000 1173.000000 880.000000
0 2369 0.959079 0.206250 0.034101 0.096591 1.000000 1173.000000 880.000000
0 2370 0.957374 0.205114 0.034101 0.096591 1.000000 1173.000000 880.000000
0 2371 0.956522 0.203977 0.034101 0.096591 1.000000 1173.000000 880.000000
0 2372 0.955669 0.203409 0.034101 0.097727 1.000000 1173.000000 880.000000
0 2373 0.954817 0.202273 0.034101 0.097727 1.000000 1173.000000 880.000000
0 2374 0.953964 0.201705 0.034101 0.098864 1.000000 1173.000000 880.000000
0 2375 0.953112 0.200568 0.034101 0.098864 1.000000 1173.000000 880.000000
0 2376 0.952259 0.200000 0.034101 0.100000 1.000000 1173.000000 880.000000
0 2377 0.951407 0.198864 0.034101 0.100000 1.000000 1173.000000 880.000000
0 2378 0.950554 0.198295 0.034101 0.101136 1.000000 1173.000000 880.000000
0 2379 0.949702 0.197159 0.034101 0.101136 1.000000 1173.000000 880.000000
0 2380 0.948849 0.196591 0.034101 0.102273 1.000000 1173.000000 880.000000
0 2381 0.947997 0.196023 0.034101 0.101136 1.000000 1173.000000 880.000000
0 2382 0.947144 0.195455 0.034101 0.102273 1.000000 1173.000000 880.000000
0 2383 0.946292 0.194318 0.034101 0.102273 1.000000 1173.000000 880.000000
0 2384 0.945439 0.193750 0.034101 0.103409 1.000000 1173.000000 880.000000
0 2385 0.944587 0.192614 0.034101 0.103409 1.000000 1173.000000 880.000000
0 2386 0.943734 0.192045 0.034101 0.104545 1.000000 1173.000000 880.000000
0 2387 0.942882 0.190909 0.034101 0.104545 1.000000 1173.000000 880.000000
0 2388 0.942029 0.190341 0.034101 0.105682 1.000000 1173.000000 880.000000
0 2389 0.941176 0.189205 0.034101 0.105682 1.000000 1173.000000 880.000000
0 2390 0.940324 0.188636 0.034101 0.106818 1.000000 1173.000000 880.000000
0 2391 0.939471 0.187500 0.034101 0.106818 1.000000 1173.000000 880.000000
0 2392 0.938619 0.187500 0.034101 0.106818 1.000000 1173.000000 880.000000
0 2393 0.937766 0.185227 0.034101 0.106818 1.000000 1173.000000 880.000000
0 2394 0.936914 0.183523 0.034101 0.105682 1.000000 1173.000000 880.000000
0 2395 0.936914 0.181250 0.034101 0.105682 1.000000 1173.000000 880.000000
0 2396 0.936061 0.179545 0.034101 0.104545 1.000000 1173.000000 880.000000
0 2397 0.935635 0.177273 0.034953 0.104545 1.000000 1173.000000 880.000000
0 2398 0.935209 0.175568 0.034101 0.103409 1.000000 1173.000000 880.000000
0 2399 0.934783 0.173295 0.034953 0.103409 1.000000 1173.000000 880.000000
0 2400 0.933930 0.171591 0.034953 0.102273 1.000000 1173.000000 880.000000
0 2401 0.933930 0.170455 0.034953 0.102273 1.000000 1173.000000 880.000000
0 2402 0.932651 0.170455 0.034101 0.102273 1.000000 1173.000000 880.000000
0 2403 0.932225 0.171023 0.033248 0.101136 1.000000 1173.000000 880.000000
0 2404 0.930946 0.171591 0.032396 0.100000 1.000000 1173.000000 880.000000
0 2405 0.930520 0.172727 0.031543 0.100000 1.000000 1173.000000 880.000000
