0 1 0.741688 0.948295 0.052856 0.105682 0.989360 1173.000000 880.000000
0 2 0.738278 0.946591 0.054561 0.109091 0.989690 1173.000000 880.000000
0 3 0.735294 0.944886 0.057118 0.112500 0.990000 1173.000000 880.000000
0 4 0.731884 0.942614 0.058824 0.114773 1.000000 1173.000000 880.000000
0 5 0.728900 0.940909 0.061381 0.118182 1.000000 1173.000000 880.000000
0 6 0.726343 0.939205 0.063086 0.121591 1.000000 1173.000000 880.000000
0 7 0.725064 0.938068 0.063939 0.123864 1.000000 1173.000000 880.000000
0 8 0.724211 0.936932 0.063939 0.126136 1.000000 1173.000000 880.000000
0 9 0.723359 0.935795 0.063939 0.128409 1.000000 1173.000000 880.000000
0 10 0.722506 0.934659 0.063939 0.130682 1.000000 1173.000000 880.000000
0 11 0.721654 0.934659 0.063939 0.132955 0.991530 1173.000000 880.000000
0 12 0.719523 0.933523 0.063086 0.135227 0.991670 1173.000000 880.000000
0 13 0.718244 0.932386 0.062234 0.137500 0.991800 1173.000000 880.000000
0 14 0.716965 0.931250 0.061381 0.139773 0.991940 1173.000000 880.000000
0 15 0.715686 0.930114 0.060529 0.142045 0.992060 1173.000000 880.000000
0 16 0.714408 0.929545 0.059676 0.143182 0.992130 1173.000000 880.000000
0 17 0.712702 0.927273 0.057971 0.147727 0.992370 1173.000000 880.000000
0 18 0.711424 0.925568 0.057118 0.151136 0.992540 1173.000000 880.000000
0 19 0.710571 0.923864 0.055413 0.154545 0.992700 1173.000000 880.000000
0 20 0.708866 0.922727 0.055413 0.156818 0.992810 1173.000000 880.000000
0 21 0.707161 0.922159 0.055413 0.157955 0.992860 1173.000000 880.000000
0 22 0.705456 0.921591 0.055413 0.159091 0.992910 1173.000000 880.000000
0 23 0.702899 0.918750 0.055413 0.160227 1.000000 1173.000000 880.000000
0 24 0.700767 0.916477 0.056266 0.162500 1.000000 1173.000000 880.000000
0 25 0.699062 0.914773 0.056266 0.163636 1.000000 1173.000000 880.000000
0 26 0.696931 0.911932 0.057118 0.164773 1.000000 1173.000000 880.000000
0 27 0.695226 0.910227 0.057118 0.165909 1.000000 1173.000000 880.000000
0 28 0.693095 0.907955 0.057971 0.168182 1.000000 1173.000000 880.000000
0 29 0.691390 0.906250 0.057971 0.169318 1.000000 1173.000000 880.000000
0 30 0.689685 0.904545 0.057971 0.170455 1.000000 1173.000000 880.000000
0 31 0.688406 0.903977 0.058824 0.171591 1.000000 1173.000000 880.000000
0 32 0.687127 0.902841 0.057971 0.173864 1.000000 1173.000000 880.000000
0 33 0.685848 0.902273 0.058824 0.175000 1.000000 1173.000000 880.000000
0 34 0.684143 0.901136 0.058824 0.177273 1.000000 1173.000000 880.000000
0 35 0.683291 0.900568 0.058824 0.178409 1.000000 1173.000000 880.000000
0 36 0.682012 0.896591 0.057971 0.177273 1.000000 1173.000000 880.000000
0 37 0.680733 0.892614 0.057118 0.176136 1.000000 1173.000000 880.000000
0 38 0.679454 0.888636 0.056266 0.175000 1.000000 1173.000000 880.000000
0 39 0.678176 0.884659 0.055413 0.173864 1.000000 1173.000000 880.000000
0 40 0.676897 0.880682 0.054561 0.172727 1.000000 1173.000000 880.000000
0 41 0.675618 0.876705 0.053708 0.171591 1.000000 1173.000000 880.000000
0 42 0.674339 0.872727 0.052856 0.170455 1.000000 1173.000000 880.000000
0 43 0.673487 0.869318 0.052856 0.168182 1.000000 1173.000000 880.000000
0 44 0.671782 0.867614 0.052856 0.169318 1.000000 1173.000000 880.000000
0 45 0.670077 0.865909 0.052856 0.170455 1.000000 1173.000000 880.000000
0 46 0.668798 0.864773 0.052003 0.172727 1.000000 1173.000000 880.000000
0 47 0.667093 0.863068 0.052003 0.173864 1.000000 1173.000000 880.000000
0 48 0.665388 0.861364 0.052003 0.175000 1.000000 1173.000000 880.000000
0 49 0.664535 0.860795 0.052003 0.176136 1.000000 1173.000000 880.000000
0 50 0.661978 0.855682 0.052003 0.172727 1.000000 1173.000000 880.000000
0 51 0.660273 0.851136 0.052003 0.170455 1.000000 1173.000000 880.000000
0 52 0.658142 0.846023 0.051151 0.167045 1.000000 1173.000000 880.000000
0 53 0.656436 0.841477 0.051151 0.164773 1.000000 1173.000000 880.000000
0 54 0.654731 0.837500 0.051151 0.161364 1.000000 1173.000000 880.000000
0 55 0.653879 0.835795 0.051151 0.162500 1.000000 1173.000000 880.000000
0 56 0.653026 0.834091 0.051151 0.163636 1.000000 1173.000000 880.000000
0 57 0.652600 0.832386 0.052003 0.164773 1.000000 1173.000000 880.000000
0 58 0.651748 0.831250 0.052003 0.167045 1.000000 1173.000000 880.000000
0 59 0.650895 0.829545 0.052003 0.168182 1.000000 1173.000000 880.000000
0 60 0.650469 0.827841 0.052856 0.169318 1.000000 1173.000000 880.000000
0 61 0.649616 0.826136 0.052856 0.170455 1.000000 1173.000000 880.000000
0 62 0.649616 0.825568 0.052856 0.171591 1.000000 1173.000000 880.000000
0 63 0.648764 0.819886 0.052856 0.169318 1.000000 1173.000000 880.000000
0 64 0.647911 0.815341 0.052856 0.167045 1.000000 1173.000000 880.000000
0 65 0.647059 0.810227 0.052856 0.165909 1.000000 1173.000000 880.000000
0 66 0.646206 0.805682 0.052856 0.163636 1.000000 1173.000000 880.000000
0 67 0.645780 0.801136 0.052003 0.161364 1.000000 1173.000000 880.000000
0 68 0.643223 0.799432 0.050298 0.162500 1.000000 1173.000000 880.000000
0 69 0.641091 0.798295 0.049446 0.164773 1.000000 1173.000000 880.000000
0 70 0.639386 0.796591 0.047741 0.165909 1.000000 1173.000000 880.000000
0 71 0.637255 0.795455 0.046888 0.168182 1.000000 1173.000000 880.000000
0 72 0.635550 0.794886 0.045183 0.169318 1.000000 1173.000000 880.000000
0 73 0.633845 0.790909 0.045183 0.168182 1.000000 1173.000000 880.000000
0 74 0.632992 0.787500 0.045183 0.165909 1.000000 1173.000000 880.000000
0 75 0.631287 0.784091 0.045183 0.163636 1.000000 1173.000000 880.000000
0 76 0.630435 0.781250 0.045183 0.162500 1.000000 1173.000000 880.000000
0 77 0.628730 0.778977 0.045183 0.162500 1.000000 1173.000000 880.000000
0 78 0.627025 0.776705 0.045183 0.162500 1.000000 1173.000000 880.000000
0 79 0.625320 0.774432 0.045183 0.162500 1.000000 1173.000000 880.000000
0 80 0.623615 0.772159 0.045183 0.162500 1.000000 1173.000000 880.000000
0 81 0.622336 0.769886 0.046036 0.162500 1.000000 1173.000000 880.000000
0 82 0.620631 0.767614 0.046036 0.162500 1.000000 1173.000000 880.000000
0 83 0.619778 0.765341 0.046036 0.162500 1.000000 1173.000000 880.000000
0 84 0.618500 0.763068 0.045183 0.162500 1.000000 1173.000000 880.000000
0 85 0.617647 0.760795 0.045183 0.162500 1.000000 1173.000000 880.000000
0 86 0.616795 0.759091 0.045183 0.161364 1.000000 1173.000000 880.000000
0 87 0.615090 0.755682 0.045183 0.161364 1.000000 1173.000000 880.000000
0 88 0.614237 0.753409 0.045183 0.161364 1.000000 1173.000000 880.000000
0 89 0.613384 0.750000 0.045183 0.161364 1.000000 1173.000000 880.000000
0 90 0.612532 0.747727 0.045183 0.161364 1.000000 1173.000000 880.000000
0 91 0.611253 0.744886 0.046036 0.162500 1.000000 1173.000000 880.000000
0 92 0.610401 0.742045 0.046036 0.161364 1.000000 1173.000000 880.000000
0 93 0.609548 0.739205 0.046036 0.162500 1.000000 1173.000000 880.000000
0 94 0.608696 0.736932 0.046036 0.162500 1.000000 1173.000000 880.000000
0 95 0.606991 0.733523 0.046036 0.162500 1.000000 1173.000000 880.000000
0 96 0.605712 0.730682 0.045183 0.161364 1.000000 1173.000000 880.000000
0 97 0.604859 0.727841 0.045183 0.160227 1.000000 1173.000000 880.000000
0 98 0.603581 0.725000 0.044331 0.159091 1.000000 1173.000000 880.000000
0 99 0.602302 0.721591 0.043478 0.159091 1.000000 1173.000000 880.000000
0 100 0.601449 0.718750 0.043478 0.157955 1.000000 1173.000000 880.000000
0 101 0.600171 0.715909 0.042626 0.156818 1.000000 1173.000000 880.000000
0 102 0.598892 0.713068 0.041773 0.155682 1.000000 1173.000000 880.000000
0 103 0.598039 0.710795 0.041773 0.155682 1.000000 1173.000000 880.000000
0 104 0.597187 0.709659 0.041773 0.155682 1.000000 1173.000000 880.000000
0 105 0.596334 0.708523 0.041773 0.155682 1.000000 1173.000000 880.000000
0 106 0.595482 0.707386 0.041773 0.155682 1.000000 1173.000000 880.000000
0 107 0.594629 0.706250 0.041773 0.155682 1.000000 1173.000000 880.000000
0 108 0.593777 0.705114 0.041773 0.155682 1.000000 1173.000000 880.000000
0 109 0.592924 0.703977 0.041773 0.155682 1.000000 1173.000000 880.000000
0 110 0.592072 0.702841 0.041773 0.155682 1.000000 1173.000000 880.000000
0 111 0.591219 0.702273 0.041773 0.154545 1.000000 1173.000000 880.000000
0 112 0.589514 0.698864 0.041773 0.154545 1.000000 1173.000000 880.000000
0 113 0.587809 0.696591 0.041773 0.154545 1.000000 1173.000000 880.000000
0 114 0.586530 0.693750 0.042626 0.155682 1.000000 1173.000000 880.000000
0 115 0.585251 0.691477 0.041773 0.155682 1.000000 1173.000000 880.000000
0 116 0.583546 0.688636 0.041773 0.154545 1.000000 1173.000000 880.000000
0 117 0.582268 0.685795 0.042626 0.155682 1.000000 1173.000000 880.000000
0 118 0.580563 0.683523 0.042626 0.155682 1.000000 1173.000000 880.000000
0 119 0.579710 0.681250 0.042626 0.155682 1.000000 1173.000000 880.000000
0 120 0.578431 0.677273 0.043478 0.154545 1.000000 1173.000000 880.000000
0 121 0.577579 0.674432 0.043478 0.153409 1.000000 1173.000000 880.000000
0 122 0.576726 0.671591 0.043478 0.152273 1.000000 1173.000000 880.000000
0 123 0.575448 0.667614 0.044331 0.151136 1.000000 1173.000000 880.000000
0 124 0.574595 0.664773 0.044331 0.150000 1.000000 1173.000000 880.000000
0 125 0.574169 0.661932 0.045183 0.148864 1.000000 1173.000000 880.000000
0 126 0.572464 0.659659 0.045183 0.148864 1.000000 1173.000000 880.000000
0 127 0.571611 0.657955 0.045183 0.150000 1.000000 1173.000000 880.000000
0 128 0.570759 0.656250 0.045183 0.151136 1.000000 1173.000000 880.000000
0 129 0.569054 0.653977 0.045183 0.151136 1.000000 1173.000000 880.000000
0 130 0.568201 0.652273 0.045183 0.152273 0.997390 1173.000000 880.000000
0 131 0.567349 0.651136 0.045183 0.152273 0.992590 1173.000000 880.000000
0 132 0.564791 0.650000 0.045183 0.152273 0.991770 1173.000000 880.000000
0 133 0.562660 0.650000 0.046036 0.152273 0.993000 1173.000000 880.000000
0 134 0.560955 0.650000 0.046036 0.152273 0.994070 1173.000000 880.000000
0 135 0.559250 0.646591 0.046036 0.152273 0.991520 1173.000000 880.000000
0 136 0.558397 0.643182 0.046036 0.152273 0.989230 1173.000000 880.000000
0 137 0.557118 0.640341 0.045183 0.151136 0.989220 1173.000000 880.000000
0 138 0.556266 0.637500 0.045183 0.152273 0.989030 1173.000000 880.000000
0 139 0.554987 0.634091 0.046036 0.152273 0.989760 1173.000000 880.000000
0 140 0.553708 0.631250 0.045183 0.151136 0.994200 1173.000000 880.000000
0 141 0.552856 0.627841 0.045183 0.151136 0.996680 1173.000000 880.000000
0 142 0.552003 0.625568 0.045183 0.151136 1.000000 1173.000000 880.000000
0 143 0.550725 0.622727 0.044331 0.150000 1.000000 1173.000000 880.000000
0 144 0.550298 0.621023 0.043478 0.148864 1.000000 1173.000000 880.000000
0 145 0.549446 0.618750 0.043478 0.148864 1.000000 1173.000000 880.000000
0 146 0.549020 0.617045 0.042626 0.147727 1.000000 1173.000000 880.000000
0 147 0.548167 0.614205 0.042626 0.146591 1.000000 1173.000000 880.000000
0 148 0.547741 0.612500 0.041773 0.145455 1.000000 1173.000000 880.000000
0 149 0.546888 0.610227 0.041773 0.145455 1.000000 1173.000000 880.000000
0 150 0.546462 0.608523 0.040921 0.144318 1.000000 1173.000000 880.000000
0 151 0.545610 0.607386 0.040921 0.144318 1.000000 1173.000000 880.000000
0 152 0.545183 0.606250 0.041773 0.144318 1.000000 1173.000000 880.000000
0 153 0.544757 0.605682 0.040921 0.145455 1.000000 1173.000000 880.000000
0 154 0.544331 0.604545 0.041773 0.145455 1.000000 1173.000000 880.000000
0 155 0.543478 0.603409 0.041773 0.145455 1.000000 1173.000000 880.000000
0 156 0.543478 0.603409 0.041773 0.145455 1.000000 1173.000000 880.000000
0 157 0.542626 0.600000 0.041773 0.145455 1.000000 1173.000000 880.000000
0 158 0.542626 0.597727 0.041773 0.145455 1.000000 1173.000000 880.000000
0 159 0.541773 0.594886 0.041773 0.144318 1.000000 1173.000000 880.000000
0 160 0.541773 0.592614 0.041773 0.144318 1.000000 1173.000000 880.000000
0 161 0.540921 0.589773 0.041773 0.143182 1.000000 1173.000000 880.000000
0 162 0.540921 0.587500 0.041773 0.143182 1.000000 1173.000000 880.000000
0 163 0.540068 0.584659 0.041773 0.142045 1.000000 1173.000000 880.000000
0 164 0.540068 0.582386 0.041773 0.142045 1.000000 1173.000000 880.000000
0 165 0.539216 0.580682 0.041773 0.143182 1.000000 1173.000000 880.000000
0 166 0.538363 0.579545 0.041773 0.145455 1.000000 1173.000000 880.000000
0 167 0.537511 0.578409 0.041773 0.145455 1.000000 1173.000000 880.000000
0 168 0.536658 0.577273 0.041773 0.147727 1.000000 1173.000000 880.000000
0 169 0.536658 0.576705 0.041773 0.148864 1.000000 1173.000000 880.000000
0 170 0.535806 0.573295 0.041773 0.146591 1.000000 1173.000000 880.000000
0 171 0.534953 0.571023 0.041773 0.144318 1.000000 1173.000000 880.000000
0 172 0.534953 0.568750 0.041773 0.142045 1.000000 1173.000000 880.000000
0 173 0.534101 0.565341 0.041773 0.139773 1.000000 1173.000000 880.000000
0 174 0.533248 0.563068 0.041773 0.137500 1.000000 1173.000000 880.000000
0 175 0.533248 0.560795 0.041773 0.135227 1.000000 1173.000000 880.000000
0 176 0.533248 0.559659 0.041773 0.135227 1.000000 1173.000000 880.000000
0 177 0.533248 0.558523 0.041773 0.135227 1.000000 1173.000000 880.000000
0 178 0.533248 0.557955 0.041773 0.136364 1.000000 1173.000000 880.000000
0 179 0.533674 0.556818 0.042626 0.136364 1.000000 1173.000000 880.000000
0 180 0.533674 0.555682 0.042626 0.136364 1.000000 1173.000000 880.000000
0 181 0.533674 0.555114 0.042626 0.137500 1.000000 1173.000000 880.000000
0 182 0.533674 0.553977 0.042626 0.137500 1.000000 1173.000000 880.000000
0 183 0.534527 0.553977 0.042626 0.137500 1.000000 1173.000000 880.000000
0 184 0.534953 0.550568 0.043478 0.137500 1.000000 1173.000000 880.000000
0 185 0.535806 0.547159 0.043478 0.137500 1.000000 1173.000000 880.000000
0 186 0.536232 0.543750 0.044331 0.137500 1.000000 1173.000000 880.000000
0 187 0.537084 0.540341 0.044331 0.137500 1.000000 1173.000000 880.000000
0 188 0.538363 0.536932 0.045183 0.137500 1.000000 1173.000000 880.000000
0 189 0.536658 0.534091 0.045183 0.136364 1.000000 1173.000000 880.000000
0 190 0.535806 0.531818 0.045183 0.136364 1.000000 1173.000000 880.000000
0 191 0.534953 0.529545 0.045183 0.136364 1.000000 1173.000000 880.000000
0 192 0.533248 0.527273 0.045183 0.136364 1.000000 1173.000000 880.000000
0 193 0.532396 0.524432 0.045183 0.135227 1.000000 1173.000000 880.000000
0 194 0.531543 0.522159 0.045183 0.135227 1.000000 1173.000000 880.000000
0 195 0.529838 0.519886 0.045183 0.135227 1.000000 1173.000000 880.000000
0 196 0.528986 0.517614 0.045183 0.135227 1.000000 1173.000000 880.000000
0 197 0.528133 0.515341 0.045183 0.135227 1.000000 1173.000000 880.000000
0 198 0.528559 0.513068 0.046036 0.137500 1.000000 1173.000000 880.000000
0 199 0.528986 0.511932 0.046888 0.139773 1.000000 1173.000000 880.000000
0 200 0.529412 0.510795 0.047741 0.142045 1.000000 1173.000000 880.000000
0 201 0.529838 0.509659 0.048593 0.144318 1.000000 1173.000000 880.000000
0 202 0.529412 0.508523 0.049446 0.144318 1.000000 1173.000000 880.000000
0 203 0.528986 0.508523 0.050298 0.144318 1.000000 1173.000000 880.000000
0 204 0.528559 0.507955 0.051151 0.145455 1.000000 1173.000000 880.000000
0 205 0.528133 0.507955 0.052003 0.145455 1.000000 1173.000000 880.000000
0 206 0.528133 0.507955 0.052003 0.145455 1.000000 1173.000000 880.000000
0 207 0.527707 0.504545 0.051151 0.145455 1.000000 1173.000000 880.000000
0 208 0.527707 0.501705 0.049446 0.144318 1.000000 1173.000000 880.000000
0 209 0.528133 0.499432 0.048593 0.144318 1.000000 1173.000000 880.000000
0 210 0.527707 0.496591 0.047741 0.143182 1.000000 1173.000000 880.000000
0 211 0.528133 0.494318 0.046888 0.143182 1.000000 1173.000000 880.000000
0 212 0.528133 0.491477 0.045183 0.142045 1.000000 1173.000000 880.000000
0 213 0.528559 0.489205 0.044331 0.142045 1.000000 1173.000000 880.000000
0 214 0.528133 0.488068 0.045183 0.142045 1.000000 1173.000000 880.000000
0 215 0.528133 0.487500 0.045183 0.140909 1.000000 1173.000000 880.000000
0 216 0.528133 0.486364 0.045183 0.140909 1.000000 1173.000000 880.000000
0 217 0.528133 0.486364 0.045183 0.140909 1.000000 1173.000000 880.000000
0 218 0.526428 0.483523 0.045183 0.139773 1.000000 1173.000000 880.000000
0 219 0.525149 0.480682 0.046036 0.138636 1.000000 1173.000000 880.000000
0 220 0.523870 0.477841 0.046888 0.137500 1.000000 1173.000000 880.000000
0 221 0.522592 0.475000 0.047741 0.136364 1.000000 1173.000000 880.000000
0 222 0.521313 0.473295 0.048593 0.135227 1.000000 1173.000000 880.000000
0 223 0.521313 0.472159 0.048593 0.135227 1.000000 1173.000000 880.000000
0 224 0.521313 0.471591 0.048593 0.134091 1.000000 1173.000000 880.000000
0 225 0.521739 0.471023 0.047741 0.135227 1.000000 1173.000000 880.000000
0 226 0.521739 0.470455 0.047741 0.134091 1.000000 1173.000000 880.000000
0 227 0.521739 0.469318 0.047741 0.134091 1.000000 1173.000000 880.000000
0 228 0.522592 0.469318 0.047741 0.134091 1.000000 1173.000000 880.000000
0 229 0.521739 0.467045 0.047741 0.134091 1.000000 1173.000000 880.000000
0 230 0.521313 0.465909 0.046888 0.134091 1.000000 1173.000000 880.000000
0 231 0.520887 0.463636 0.046036 0.134091 1.000000 1173.000000 880.000000
0 232 0.520460 0.462500 0.045183 0.134091 1.000000 1173.000000 880.000000
0 233 0.520034 0.461364 0.044331 0.134091 1.000000 1173.000000 880.000000
0 234 0.519608 0.459091 0.045183 0.134091 1.000000 1173.000000 880.000000
0 235 0.519182 0.457955 0.044331 0.134091 1.000000 1173.000000 880.000000
0 236 0.518755 0.456818 0.043478 0.134091 1.000000 1173.000000 880.000000
0 237 0.518329 0.454545 0.042626 0.134091 1.000000 1173.000000 880.000000
0 238 0.517903 0.453409 0.041773 0.134091 1.000000 1173.000000 880.000000
0 239 0.517903 0.452273 0.041773 0.134091 1.000000 1173.000000 880.000000
0 240 0.517050 0.450568 0.041773 0.135227 1.000000 1173.000000 880.000000
0 241 0.517050 0.448864 0.041773 0.136364 1.000000 1173.000000 880.000000
0 242 0.516198 0.447159 0.041773 0.137500 1.000000 1173.000000 880.000000
0 243 0.516198 0.445455 0.041773 0.138636 1.000000 1173.000000 880.000000
0 244 0.514493 0.442045 0.041773 0.136364 1.000000 1173.000000 880.000000
0 245 0.513640 0.439205 0.041773 0.135227 0.987000 1173.000000 880.000000
0 246 0.512788 0.436364 0.041773 0.134091 0.961180 1173.000000 880.000000
0 247 0.512788 0.435227 0.041773 0.134091 0.948240 1173.000000 880.000000
0 248 0.513214 0.434091 0.042626 0.134091 0.936560 1173.000000 880.000000
0 249 0.513214 0.433523 0.042626 0.135227 0.922550 1173.000000 880.000000
0 250 0.513640 0.432386 0.043478 0.135227 0.911380 1173.000000 880.000000
0 251 0.514066 0.432386 0.044331 0.135227 0.899370 1173.000000 880.000000
0 252 0.514066 0.430114 0.044331 0.135227 0.886790 1173.000000 880.000000
0 253 0.514493 0.427841 0.045183 0.135227 0.878090 1173.000000 880.000000
0 254 0.514919 0.425568 0.046036 0.135227 0.870000 1173.000000 880.000000
0 255 0.515772 0.424432 0.046036 0.135227 0.868330 1173.000000 880.000000
0 256 0.515772 0.422159 0.046036 0.135227 0.858180 1173.000000 880.000000
0 257 0.516624 0.419886 0.046036 0.135227 0.860000 1173.000000 880.000000
0 258 0.517050 0.417614 0.045183 0.135227 0.857410 1173.000000 880.000000
0 259 0.517903 0.415909 0.045183 0.134091 0.858080 1173.000000 880.000000
0 260 0.517050 0.414773 0.045183 0.134091 0.834420 1173.000000 880.000000
0 261 0.516624 0.414773 0.046036 0.134091 0.811760 1173.000000 880.000000
0 262 0.515772 0.414205 0.046036 0.135227 0.810910 1173.000000 880.000000
0 263 0.515772 0.414205 0.046036 0.135227 0.808480 1173.000000 880.000000
0 264 0.514919 0.411932 0.046036 0.135227 0.799090 1173.000000 880.000000
0 265 0.514493 0.410227 0.045183 0.134091 0.796300 1173.000000 880.000000
0 266 0.514066 0.407955 0.044331 0.134091 0.795150 1173.000000 880.000000
0 267 0.513640 0.406250 0.043478 0.132955 0.804430 1173.000000 880.000000
0 268 0.513214 0.403977 0.042626 0.132955 0.815550 1173.000000 880.000000
0 269 0.512788 0.402273 0.041773 0.131818 0.827690 1173.000000 880.000000
0 270 0.511509 0.401136 0.040921 0.131818 0.824180 1173.000000 880.000000
0 271 0.511083 0.400000 0.040068 0.131818 0.835650 1173.000000 880.000000
0 272 0.510230 0.400000 0.040068 0.131818 0.846150 1173.000000 880.000000
0 273 0.509804 0.398864 0.039216 0.131818 0.869070 1173.000000 880.000000
0 274 0.509378 0.398864 0.038363 0.131818 0.877930 1173.000000 880.000000
0 275 0.508951 0.396591 0.039216 0.131818 0.895250 1173.000000 880.000000
0 276 0.508951 0.394886 0.039216 0.130682 0.921860 1173.000000 880.000000
0 277 0.508951 0.393750 0.039216 0.130682 0.934890 1173.000000 880.000000
0 278 0.508951 0.392045 0.039216 0.129545 0.961150 1173.000000 880.000000
0 279 0.508951 0.390909 0.039216 0.129545 0.987050 1173.000000 880.000000
0 280 0.509378 0.388636 0.040068 0.129545 1.000000 1173.000000 880.000000
0 281 0.509378 0.387500 0.040068 0.129545 1.000000 1173.000000 880.000000
0 282 0.509378 0.385795 0.040068 0.128409 1.000000 1173.000000 880.000000
0 283 0.509378 0.384659 0.040068 0.128409 1.000000 1173.000000 880.000000
0 284 0.509378 0.382955 0.040068 0.127273 1.000000 1173.000000 880.000000
0 285 0.509804 0.381818 0.040921 0.127273 1.000000 1173.000000 880.000000
0 286 0.508951 0.381818 0.040921 0.129545 0.987760 1173.000000 880.000000
0 287 0.508099 0.381818 0.040921 0.131818 0.975580 1173.000000 880.000000
0 288 0.507673 0.381818 0.041773 0.134091 0.963700 1173.000000 880.000000
0 289 0.507673 0.380114 0.041773 0.132955 0.963900 1173.000000 880.000000
0 290 0.508099 0.378409 0.040921 0.131818 0.975580 1173.000000 880.000000
0 291 0.508099 0.376705 0.040921 0.130682 0.975720 1173.000000 880.000000
0 292 0.508951 0.375568 0.040921 0.130682 0.987860 1173.000000 880.000000
0 293 0.508525 0.373864 0.040068 0.129545 0.987680 1173.000000 880.000000
0 294 0.508099 0.372727 0.039216 0.127273 0.975150 1173.000000 880.000000
0 295 0.507673 0.371023 0.038363 0.126136 0.974380 1173.000000 880.000000
0 296 0.507246 0.370455 0.037511 0.125000 0.959760 1173.000000 880.000000
0 297 0.506820 0.368750 0.038363 0.126136 0.934010 1173.000000 880.000000
0 298 0.506394 0.367614 0.039216 0.126136 0.908240 1173.000000 880.000000
0 299 0.505968 0.366477 0.040068 0.126136 0.882810 1173.000000 880.000000
0 300 0.505541 0.365341 0.040921 0.126136 0.857690 1173.000000 880.000000
0 301 0.505541 0.364773 0.040921 0.127273 0.841790 1173.000000 880.000000
0 302 0.505115 0.362500 0.040068 0.127273 0.840710 1173.000000 880.000000
0 303 0.505115 0.361364 0.040068 0.127273 0.840710 1173.000000 880.000000
0 304 0.505541 0.360227 0.039216 0.127273 0.837320 1173.000000 880.000000
0 305 0.505115 0.359091 0.038363 0.127273 0.833780 1173.000000 880.000000
0 306 0.505115 0.357386 0.038363 0.126136 0.836960 1173.000000 880.000000
0 307 0.505541 0.356250 0.037511 0.126136 0.833330 1173.000000 880.000000
0 308 0.505541 0.355114 0.037511 0.126136 0.833330 1173.000000 880.000000
0 309 0.505115 0.353977 0.036658 0.126136 0.829550 1173.000000 880.000000
0 310 0.505541 0.352841 0.035806 0.126136 0.828070 1173.000000 880.000000
0 311 0.505541 0.351136 0.035806 0.125000 0.829040 1173.000000 880.000000
0 312 0.505115 0.350000 0.034953 0.125000 0.810380 1173.000000 880.000000
0 313 0.505541 0.348864 0.034101 0.125000 0.820700 1173.000000 880.000000
0 314 0.505541 0.347727 0.034101 0.125000 0.820700 1173.000000 880.000000
0 315 0.505541 0.346023 0.034101 0.123864 0.809760 1173.000000 880.000000
0 316 0.505541 0.344886 0.032396 0.123864 0.815380 1173.000000 880.000000
0 317 0.505541 0.343750 0.032396 0.123864 0.815380 1173.000000 880.000000
0 318 0.505541 0.342614 0.032396 0.123864 0.800000 1173.000000 880.000000
0 319 0.505968 0.341477 0.031543 0.123864 0.813400 1173.000000 880.000000
0 320 0.505115 0.339773 0.031543 0.122727 0.799130 1173.000000 880.000000
0 321 0.505115 0.338636 0.031543 0.122727 0.783680 1173.000000 880.000000
0 322 0.505115 0.336932 0.031543 0.121591 0.785090 1173.000000 880.000000
0 323 0.505115 0.335795 0.031543 0.121591 0.773390 1173.000000 880.000000
0 324 0.505115 0.334659 0.031543 0.121591 0.773390 1173.000000 880.000000
0 325 0.505115 0.332955 0.031543 0.120455 0.774960 1173.000000 880.000000
0 326 0.505115 0.331818 0.031543 0.120455 0.759960 1173.000000 880.000000
0 327 0.504263 0.330114 0.031543 0.119318 0.746770 1173.000000 880.000000
0 328 0.504263 0.328977 0.031543 0.119318 0.750990 1173.000000 880.000000
0 329 0.504263 0.327841 0.031543 0.119318 0.736350 1173.000000 880.000000
0 330 0.504263 0.326136 0.031543 0.118182 0.738350 1173.000000 880.000000
0 331 0.504263 0.325000 0.031543 0.118182 0.738350 1173.000000 880.000000
0 332 0.504263 0.323295 0.031543 0.117045 0.730770 1173.000000 880.000000
0 333 0.504263 0.322159 0.031543 0.117045 0.730770 1173.000000 880.000000
0 334 0.504263 0.321023 0.031543 0.117045 0.716600 1173.000000 880.000000
0 335 0.503410 0.319886 0.031543 0.114773 0.702010 1173.000000 880.000000
0 336 0.503410 0.318750 0.031543 0.114773 0.702010 1173.000000 880.000000
0 337 0.503410 0.317614 0.031543 0.114773 0.693500 1173.000000 880.000000
0 338 0.503410 0.315909 0.031543 0.113636 0.696200 1173.000000 880.000000
0 339 0.503410 0.314773 0.031543 0.113636 0.696200 1173.000000 880.000000
0 340 0.503410 0.313068 0.031543 0.112500 0.685260 1173.000000 880.000000
0 341 0.503410 0.311932 0.031543 0.112500 0.691320 1173.000000 880.000000
0 342 0.503410 0.310795 0.031543 0.112500 0.691320 1173.000000 880.000000
0 343 0.502558 0.309091 0.031543 0.111364 0.667730 1173.000000 880.000000
0 344 0.502558 0.307955 0.031543 0.111364 0.667730 1173.000000 880.000000
0 345 0.502558 0.306250 0.031543 0.110227 0.664880 1173.000000 880.000000
0 346 0.502558 0.305114 0.031543 0.110227 0.677770 1173.000000 880.000000
0 347 0.502558 0.303977 0.031543 0.110227 0.677770 1173.000000 880.000000
0 348 0.502558 0.302273 0.031543 0.109091 0.693980 1173.000000 880.000000
0 349 0.502558 0.301136 0.031543 0.109091 0.693980 1173.000000 880.000000
0 350 0.502558 0.300568 0.031543 0.107955 0.703670 1173.000000 880.000000
0 351 0.502558 0.298864 0.031543 0.109091 0.706730 1173.000000 880.000000
0 352 0.502558 0.297727 0.031543 0.109091 0.706730 1173.000000 880.000000
0 353 0.502558 0.296591 0.031543 0.109091 0.719480 1173.000000 880.000000
0 354 0.502558 0.295455 0.031543 0.109091 0.719480 1173.000000 880.000000
0 355 0.502558 0.294318 0.031543 0.109091 0.732230 1173.000000 880.000000
0 356 0.502984 0.293182 0.032396 0.109091 0.739100 1173.000000 880.000000
0 357 0.502984 0.292045 0.032396 0.109091 0.739100 1173.000000 880.000000
0 358 0.502984 0.290341 0.032396 0.110227 0.754060 1173.000000 880.000000
0 359 0.502984 0.289205 0.032396 0.110227 0.754060 1173.000000 880.000000
0 360 0.502984 0.288068 0.032396 0.110227 0.766350 1173.000000 880.000000
0 361 0.502984 0.286932 0.032396 0.110227 0.766350 1173.000000 880.000000
0 362 0.503410 0.285795 0.033248 0.110227 0.772190 1173.000000 880.000000
0 363 0.503410 0.284659 0.033248 0.110227 0.784180 1173.000000 880.000000
0 364 0.503410 0.283523 0.033248 0.110227 0.784180 1173.000000 880.000000
0 365 0.503836 0.281818 0.032396 0.111364 0.805230 1173.000000 880.000000
0 366 0.503836 0.280682 0.032396 0.111364 0.805230 1173.000000 880.000000
0 367 0.503836 0.279545 0.032396 0.111364 0.805230 1173.000000 880.000000
0 368 0.504263 0.278409 0.033248 0.111364 0.821970 1173.000000 880.000000
0 369 0.504263 0.277273 0.033248 0.111364 0.821970 1173.000000 880.000000
0 370 0.504263 0.276136 0.033248 0.111364 0.833840 1173.000000 880.000000
0 371 0.504263 0.275000 0.033248 0.111364 0.833840 1173.000000 880.000000
0 372 0.504263 0.273295 0.033248 0.112500 0.835500 1173.000000 880.000000
0 373 0.504263 0.272159 0.033248 0.112500 0.847250 1173.000000 880.000000
0 374 0.504689 0.271023 0.034101 0.112500 0.850980 1173.000000 880.000000
0 375 0.504689 0.269886 0.034101 0.112500 0.862440 1173.000000 880.000000
0 376 0.504689 0.268750 0.034101 0.112500 0.862440 1173.000000 880.000000
0 377 0.504689 0.267614 0.034101 0.112500 0.862440 1173.000000 880.000000
0 378 0.504689 0.266477 0.034101 0.112500 0.873900 1173.000000 880.000000
0 379 0.505541 0.265909 0.034101 0.113636 0.884090 1173.000000 880.000000
0 380 0.505541 0.263636 0.034101 0.113636 0.897850 1173.000000 880.000000
0 381 0.505541 0.262500 0.034101 0.113636 0.897850 1173.000000 880.000000
0 382 0.505541 0.261364 0.034101 0.113636 0.900020 1173.000000 880.000000
0 383 0.505541 0.260227 0.034101 0.113636 0.897850 1173.000000 880.000000
0 384 0.506394 0.259091 0.034101 0.113636 0.909200 1173.000000 880.000000
0 385 0.506394 0.256818 0.034101 0.113636 0.911130 1173.000000 880.000000
0 386 0.506394 0.255682 0.034101 0.113636 0.900020 1173.000000 880.000000
0 387 0.506394 0.254545 0.034101 0.113636 0.900020 1173.000000 880.000000
0 388 0.506394 0.253409 0.034101 0.113636 0.900020 1173.000000 880.000000
0 389 0.507246 0.252273 0.034101 0.113636 0.911130 1173.000000 880.000000
0 390 0.507246 0.250000 0.034101 0.113636 0.902200 1173.000000 880.000000
0 391 0.507246 0.248864 0.034101 0.113636 0.902200 1173.000000 880.000000
0 392 0.507246 0.247727 0.034101 0.113636 0.902200 1173.000000 880.000000
0 393 0.507246 0.246591 0.034101 0.113636 0.902200 1173.000000 880.000000
0 394 0.508099 0.245455 0.034101 0.113636 0.902200 1173.000000 880.000000
0 395 0.508099 0.243182 0.034101 0.113636 0.904370 1173.000000 880.000000
0 396 0.508099 0.242045 0.034101 0.113636 0.904370 1173.000000 880.000000
0 397 0.508099 0.240909 0.034101 0.113636 0.904370 1173.000000 880.000000
0 398 0.508099 0.239773 0.034101 0.113636 0.893750 1173.000000 880.000000
0 399 0.508951 0.238636 0.034101 0.113636 0.904370 1173.000000 880.000000
0 400 0.508951 0.237500 0.034101 0.113636 0.904370 1173.000000 880.000000
0 401 0.508951 0.236364 0.034101 0.113636 0.904370 1173.000000 880.000000
0 402 0.508951 0.235227 0.034101 0.113636 0.893750 1173.000000 880.000000
0 403 0.508951 0.234091 0.034101 0.113636 0.893750 1173.000000 880.000000
0 404 0.508951 0.232955 0.034101 0.113636 0.893750 1173.000000 880.000000
0 405 0.508951 0.231818 0.034101 0.113636 0.893750 1173.000000 880.000000
0 406 0.508951 0.230682 0.034101 0.113636 0.883120 1173.000000 880.000000
0 407 0.508951 0.229545 0.034101 0.113636 0.883120 1173.000000 880.000000
0 408 0.508951 0.228409 0.034101 0.113636 0.883120 1173.000000 880.000000
0 409 0.508951 0.227273 0.034101 0.113636 0.883120 1173.000000 880.000000
0 410 0.509378 0.226136 0.034953 0.113636 0.875530 1173.000000 880.000000
0 411 0.509378 0.225000 0.034953 0.113636 0.875530 1173.000000 880.000000
0 412 0.509378 0.223864 0.034953 0.113636 0.875530 1173.000000 880.000000
0 413 0.509378 0.222727 0.034953 0.113636 0.875530 1173.000000 880.000000
0 414 0.509378 0.221591 0.034953 0.113636 0.865160 1173.000000 880.000000
0 415 0.509804 0.220455 0.034101 0.113636 0.872490 1173.000000 880.000000
0 416 0.509804 0.219318 0.034101 0.113636 0.872490 1173.000000 880.000000
0 417 0.509804 0.218182 0.034101 0.113636 0.872490 1173.000000 880.000000
0 418 0.509804 0.217045 0.034101 0.113636 0.861870 1173.000000 880.000000
0 419 0.509804 0.215909 0.034101 0.113636 0.861870 1173.000000 880.000000
0 420 0.510230 0.214773 0.034953 0.113636 0.865160 1173.000000 880.000000
0 421 0.510230 0.213636 0.034953 0.113636 0.865160 1173.000000 880.000000
0 422 0.510230 0.212500 0.034953 0.113636 0.854790 1173.000000 880.000000
0 423 0.510230 0.211364 0.034953 0.113636 0.854790 1173.000000 880.000000
0 424 0.510230 0.210227 0.034953 0.113636 0.854790 1173.000000 880.000000
0 425 0.510230 0.209091 0.034953 0.113636 0.854790 1173.000000 880.000000
0 426 0.510230 0.207955 0.034953 0.113636 0.844410 1173.000000 880.000000
0 427 0.510230 0.206818 0.034953 0.113636 0.844410 1173.000000 880.000000
0 428 0.510230 0.205682 0.034953 0.113636 0.844410 1173.000000 880.000000
0 429 0.510230 0.204545 0.034953 0.113636 0.834040 1173.000000 880.000000
0 430 0.511083 0.204545 0.034953 0.113636 0.840880 1173.000000 880.000000
0 431 0.511083 0.203409 0.034953 0.113636 0.830270 1173.000000 880.000000
0 432 0.511083 0.202273 0.034953 0.113636 0.823670 1173.000000 880.000000
0 433 0.511935 0.201136 0.034953 0.113636 0.834040 1173.000000 880.000000
0 434 0.511935 0.200568 0.034953 0.112500 0.821900 1173.000000 880.000000
0 435 0.511935 0.199432 0.034953 0.112500 0.815710 1173.000000 880.000000
0 436 0.512788 0.198295 0.034953 0.112500 0.815710 1173.000000 880.000000
0 437 0.512788 0.197727 0.034953 0.111364 0.813850 1173.000000 880.000000
0 438 0.513640 0.196591 0.034953 0.111364 0.818180 1173.000000 880.000000
0 439 0.513640 0.195455 0.034953 0.111364 0.808080 1173.000000 880.000000
0 440 0.513640 0.194886 0.034953 0.110227 0.800780 1173.000000 880.000000
0 441 0.514493 0.193750 0.034953 0.110227 0.810740 1173.000000 880.000000
0 442 0.514493 0.192614 0.034953 0.110227 0.800780 1173.000000 880.000000
0 443 0.515345 0.192045 0.034953 0.109091 0.803630 1173.000000 880.000000
0 444 0.515345 0.190909 0.034953 0.109091 0.803630 1173.000000 880.000000
0 445 0.515345 0.189773 0.034953 0.109091 0.793810 1173.000000 880.000000
0 446 0.516198 0.189773 0.034953 0.109091 0.793810 1173.000000 880.000000
0 447 0.516198 0.188636 0.034953 0.109091 0.784000 1173.000000 880.000000
0 448 0.516198 0.187500 0.034953 0.109091 0.784000 1173.000000 880.000000
0 449 0.517050 0.186932 0.034953 0.107955 0.787200 1173.000000 880.000000
0 450 0.517050 0.185795 0.034953 0.107955 0.777530 1173.000000 880.000000
0 451 0.517903 0.184659 0.034953 0.107955 0.783230 1173.000000 880.000000
0 452 0.517903 0.184091 0.034953 0.106818 0.780950 1173.000000 880.000000
0 453 0.517903 0.182955 0.034953 0.106818 0.771430 1173.000000 880.000000
0 454 0.518755 0.181818 0.034953 0.106818 0.777440 1173.000000 880.000000
0 455 0.518755 0.181250 0.034953 0.105682 0.775080 1173.000000 880.000000
0 456 0.519608 0.180114 0.034953 0.105682 0.775080 1173.000000 880.000000
0 457 0.519608 0.178977 0.034953 0.105682 0.772040 1173.000000 880.000000
0 458 0.519608 0.178409 0.034953 0.104545 0.760370 1173.000000 880.000000
0 459 0.520460 0.177273 0.034953 0.104545 0.769590 1173.000000 880.000000
0 460 0.520460 0.176136 0.034953 0.104545 0.767030 1173.000000 880.000000
0 461 0.521313 0.176136 0.034953 0.104545 0.760370 1173.000000 880.000000
0 462 0.521313 0.175000 0.034953 0.104545 0.758060 1173.000000 880.000000
0 463 0.522165 0.173864 0.034953 0.104545 0.767030 1173.000000 880.000000
0 464 0.522165 0.172727 0.034953 0.104545 0.773680 1173.000000 880.000000
0 465 0.523018 0.172727 0.034953 0.104545 0.767030 1173.000000 880.000000
0 466 0.523018 0.171591 0.034953 0.104545 0.773680 1173.000000 880.000000
0 467 0.523870 0.170455 0.034953 0.104545 0.782390 1173.000000 880.000000
0 468 0.523870 0.170455 0.034953 0.104545 0.773680 1173.000000 880.000000
0 469 0.524723 0.169318 0.034953 0.104545 0.782390 1173.000000 880.000000
0 470 0.524723 0.168182 0.034953 0.104545 0.780340 1173.000000 880.000000
0 471 0.525575 0.168182 0.034953 0.104545 0.788790 1173.000000 880.000000
0 472 0.525575 0.167045 0.034953 0.104545 0.788790 1173.000000 880.000000
0 473 0.526428 0.165909 0.034953 0.104545 0.795190 1173.000000 880.000000
0 474 0.526428 0.165909 0.034953 0.104545 0.788790 1173.000000 880.000000
0 475 0.527280 0.164773 0.034953 0.104545 0.795190 1173.000000 880.000000
0 476 0.527280 0.163636 0.034953 0.104545 0.795190 1173.000000 880.000000
0 477 0.528133 0.162500 0.034953 0.104545 0.809520 1173.000000 880.000000
0 478 0.528133 0.162500 0.034953 0.104545 0.801590 1173.000000 880.000000
0 479 0.528986 0.161364 0.034953 0.104545 0.809520 1173.000000 880.000000
0 480 0.528986 0.160227 0.034953 0.104545 0.807990 1173.000000 880.000000
0 481 0.529838 0.160227 0.034953 0.104545 0.809520 1173.000000 880.000000
0 482 0.529838 0.159091 0.034953 0.104545 0.815670 1173.000000 880.000000
0 483 0.530691 0.157955 0.034953 0.104545 0.815670 1173.000000 880.000000
0 484 0.530691 0.157955 0.034953 0.104545 0.815670 1173.000000 880.000000
0 485 0.531543 0.156818 0.034953 0.104545 0.821810 1173.000000 880.000000
0 486 0.531543 0.155682 0.034953 0.104545 0.829240 1173.000000 880.000000
0 487 0.532396 0.155682 0.034953 0.104545 0.831030 1173.000000 880.000000
0 488 0.532396 0.154545 0.034953 0.104545 0.831030 1173.000000 880.000000
0 489 0.533248 0.153409 0.034953 0.104545 0.838710 1173.000000 880.000000
0 490 0.533248 0.152273 0.034953 0.104545 0.838710 1173.000000 880.000000
0 491 0.534101 0.152273 0.034953 0.104545 0.846390 1173.000000 880.000000
0 492 0.534101 0.151136 0.034953 0.104545 0.846390 1173.000000 880.000000
0 493 0.534953 0.150000 0.034953 0.104545 0.854070 1173.000000 880.000000
0 494 0.534953 0.150000 0.034953 0.104545 0.849210 1173.000000 880.000000
0 495 0.535806 0.148864 0.034953 0.104545 0.857140 1173.000000 880.000000
0 496 0.535806 0.147727 0.034953 0.104545 0.857140 1173.000000 880.000000
0 497 0.536658 0.147727 0.034953 0.104545 0.865080 1173.000000 880.000000
0 498 0.536658 0.146591 0.034953 0.104545 0.865080 1173.000000 880.000000
0 499 0.537511 0.145455 0.034953 0.104545 0.873020 1173.000000 880.000000
0 500 0.538363 0.145455 0.034953 0.104545 0.877110 1173.000000 880.000000
0 501 0.538363 0.144318 0.034953 0.104545 0.877110 1173.000000 880.000000
0 502 0.539216 0.143182 0.034953 0.104545 0.885300 1173.000000 880.000000
0 503 0.539216 0.142045 0.034953 0.104545 0.888890 1173.000000 880.000000
0 504 0.540068 0.142045 0.034953 0.104545 0.893500 1173.000000 880.000000
0 505 0.540921 0.140909 0.034953 0.104545 0.901690 1173.000000 880.000000
0 506 0.540921 0.139773 0.034953 0.104545 0.901690 1173.000000 880.000000
0 507 0.541773 0.138636 0.034953 0.104545 0.909880 1173.000000 880.000000
0 508 0.541773 0.138636 0.034953 0.104545 0.907070 1173.000000 880.000000
0 509 0.542626 0.137500 0.034953 0.104545 0.918070 1173.000000 880.000000
0 510 0.543478 0.136364 0.034953 0.104545 0.926270 1173.000000 880.000000
0 511 0.543478 0.135227 0.034953 0.104545 0.926270 1173.000000 880.000000
0 512 0.544331 0.135227 0.034953 0.104545 0.934460 1173.000000 880.000000
0 513 0.545183 0.134091 0.034953 0.104545 0.942650 1173.000000 880.000000
0 514 0.545183 0.132955 0.034953 0.104545 0.942650 1173.000000 880.000000
0 515 0.546036 0.132955 0.034953 0.104545 0.935230 1173.000000 880.000000
0 516 0.546036 0.131818 0.034953 0.104545 0.935230 1173.000000 880.000000
0 517 0.546888 0.130682 0.034953 0.104545 0.928320 1173.000000 880.000000
0 518 0.547741 0.129545 0.034953 0.104545 0.914230 1173.000000 880.000000
0 519 0.547741 0.129545 0.034953 0.104545 0.912190 1173.000000 880.000000
0 520 0.548593 0.128409 0.034953 0.104545 0.905790 1173.000000 880.000000
0 521 0.548593 0.127273 0.034953 0.104545 0.891450 1173.000000 880.000000
0 522 0.549446 0.126136 0.034953 0.104545 0.885560 1173.000000 880.000000
0 523 0.550298 0.126136 0.034953 0.104545 0.877880 1173.000000 880.000000
0 524 0.550298 0.125000 0.034953 0.104545 0.880180 1173.000000 880.000000
0 525 0.551151 0.123864 0.034953 0.104545 0.858420 1173.000000 880.000000
0 526 0.552003 0.123864 0.034953 0.104545 0.851510 1173.000000 880.000000
0 527 0.552003 0.122727 0.034953 0.104545 0.846130 1173.000000 880.000000
0 528 0.552003 0.122727 0.034953 0.104545 0.845880 1173.000000 880.000000
0 529 0.552003 0.121591 0.034953 0.104545 0.845880 1173.000000 880.000000
0 530 0.552856 0.121591 0.034953 0.104545 0.824880 1173.000000 880.000000
0 531 0.552856 0.120455 0.034953 0.104545 0.827960 1173.000000 880.000000
0 532 0.552856 0.120455 0.034953 0.104545 0.827960 1173.000000 880.000000
0 533 0.553282 0.120455 0.034101 0.104545 0.820610 1173.000000 880.000000
0 534 0.553708 0.119318 0.034953 0.104545 0.813620 1173.000000 880.000000
0 535 0.553708 0.119318 0.034953 0.104545 0.799280 1173.000000 880.000000
0 536 0.554135 0.118182 0.034101 0.104545 0.798060 1173.000000 880.000000
0 537 0.554561 0.118182 0.034953 0.104545 0.784950 1173.000000 880.000000
0 538 0.554561 0.117045 0.034953 0.104545 0.788790 1173.000000 880.000000
0 539 0.554561 0.117045 0.034953 0.104545 0.774710 1173.000000 880.000000
0 540 0.554987 0.117045 0.034101 0.104545 0.769210 1173.000000 880.000000
0 541 0.555413 0.115909 0.034953 0.104545 0.760620 1173.000000 880.000000
0 542 0.555413 0.115909 0.034953 0.104545 0.760620 1173.000000 880.000000
0 543 0.555840 0.114773 0.034101 0.104545 0.759240 1173.000000 880.000000
0 544 0.555840 0.114773 0.034101 0.104545 0.745080 1173.000000 880.000000
0 545 0.556266 0.113636 0.034953 0.104545 0.737330 1173.000000 880.000000
0 546 0.556692 0.113636 0.034101 0.104545 0.730920 1173.000000 880.000000
0 547 0.556692 0.113636 0.034101 0.104545 0.730920 1173.000000 880.000000
0 548 0.557118 0.112500 0.034953 0.104545 0.728620 1173.000000 880.000000
0 549 0.557118 0.112500 0.034953 0.104545 0.709680 1173.000000 880.000000
0 550 0.557545 0.111364 0.034101 0.104545 0.708100 1173.000000 880.000000
0 551 0.557545 0.111364 0.034101 0.104545 0.708100 1173.000000 880.000000
0 552 0.557971 0.110227 0.034953 0.104545 0.696620 1173.000000 880.000000
0 553 0.558397 0.110227 0.034101 0.104545 0.689220 1173.000000 880.000000
0 554 0.558397 0.110227 0.034101 0.104545 0.669810 1173.000000 880.000000
0 555 0.558397 0.109091 0.034101 0.104545 0.675580 1173.000000 880.000000
0 556 0.559250 0.109091 0.034101 0.104545 0.651190 1173.000000 880.000000
0 557 0.559250 0.107955 0.034101 0.104545 0.656960 1173.000000 880.000000
0 558 0.559250 0.107955 0.034101 0.104545 0.651190 1173.000000 880.000000
0 559 0.560102 0.107955 0.034101 0.104545 0.626800 1173.000000 880.000000
0 560 0.560102 0.106818 0.034101 0.104545 0.632570 1173.000000 880.000000
0 561 0.560102 0.106818 0.034101 0.104545 0.632570 1173.000000 880.000000
0 562 0.560102 0.105682 0.034101 0.104545 0.638340 1173.000000 880.000000
0 563 0.560102 0.105682 0.034101 0.104545 0.632570 1173.000000 880.000000
0 564 0.560529 0.105682 0.034953 0.104545 0.617510 1173.000000 880.000000
0 565 0.560955 0.104545 0.034101 0.104545 0.613950 1173.000000 880.000000
0 566 0.560955 0.104545 0.034101 0.104545 0.613950 1173.000000 880.000000
0 567 0.560955 0.103409 0.034101 0.104545 0.619720 1173.000000 880.000000
0 568 0.561381 0.103409 0.034953 0.104545 0.599330 1173.000000 880.000000
0 569 0.561381 0.103409 0.034953 0.104545 0.599330 1173.000000 880.000000
0 570 0.561807 0.102273 0.034101 0.104545 0.582480 1173.000000 880.000000
0 571 0.561807 0.102273 0.034101 0.104545 0.582480 1173.000000 880.000000
0 572 0.561807 0.101136 0.034101 0.104545 0.588510 1173.000000 880.000000
0 573 0.562234 0.101136 0.034953 0.104545 0.568610 1173.000000 880.000000
0 574 0.562234 0.101136 0.034953 0.104545 0.568610 1173.000000 880.000000
0 575 0.562660 0.100000 0.034101 0.104545 0.564120 1173.000000 880.000000
0 576 0.562660 0.100000 0.034101 0.104545 0.564120 1173.000000 880.000000
0 577 0.563086 0.100000 0.034953 0.104545 0.550690 1173.000000 880.000000
0 578 0.563086 0.098864 0.034953 0.104545 0.550690 1173.000000 880.000000
0 579 0.563086 0.098864 0.034953 0.104545 0.550690 1173.000000 880.000000
0 580 0.563512 0.097727 0.034101 0.104545 0.545760 1173.000000 880.000000
0 581 0.563512 0.097727 0.034101 0.104545 0.545760 1173.000000 880.000000
0 582 0.563939 0.097727 0.034953 0.104545 0.526880 1173.000000 880.000000
0 583 0.563939 0.096591 0.034953 0.104545 0.532770 1173.000000 880.000000
0 584 0.563939 0.096591 0.034953 0.104545 0.532770 1173.000000 880.000000
0 585 0.564365 0.095455 0.034101 0.104545 0.527410 1173.000000 880.000000
0 586 0.564791 0.095455 0.034953 0.104545 0.503070 1173.000000 880.000000
0 587 0.564791 0.095455 0.034953 0.104545 0.496930 1173.000000 880.000000
0 588 0.564791 0.094318 0.034953 0.104545 0.503070 1173.000000 880.000000
0 589 0.564791 0.094318 0.034953 0.104545 0.503070 1173.000000 880.000000
0 590 0.565644 0.094318 0.034953 0.104545 0.479260 1173.000000 880.000000
0 591 0.565644 0.093182 0.034953 0.104545 0.485410 1173.000000 880.000000
0 592 0.565644 0.092614 0.034953 0.103409 0.482400 1173.000000 880.000000
0 593 0.565644 0.092614 0.034953 0.103409 0.482400 1173.000000 880.000000
0 594 0.565644 0.092045 0.034953 0.102273 0.485610 1173.000000 880.000000
0 595 0.565644 0.092045 0.034953 0.102273 0.485610 1173.000000 880.000000
0 596 0.566070 0.090909 0.034101 0.102273 0.479500 1173.000000 880.000000
0 597 0.566070 0.090909 0.034101 0.102273 0.473060 1173.000000 880.000000
0 598 0.566070 0.090341 0.034101 0.101136 0.476420 1173.000000 880.000000
0 599 0.566070 0.090341 0.034101 0.101136 0.476420 1173.000000 880.000000
0 600 0.566070 0.089773 0.034101 0.100000 0.479860 1173.000000 880.000000
0 601 0.566922 0.089773 0.034101 0.100000 0.455470 1173.000000 880.000000
0 602 0.566922 0.088636 0.034101 0.097727 0.444350 1173.000000 880.000000
0 603 0.566922 0.088068 0.034101 0.096591 0.448100 1173.000000 880.000000
0 604 0.566922 0.087500 0.034101 0.095455 0.440750 1173.000000 880.000000
0 605 0.567349 0.086932 0.033248 0.094318 0.430950 1173.000000 880.000000
0 606 0.567349 0.086364 0.033248 0.093182 0.424100 1173.000000 880.000000
0 607 0.567775 0.085795 0.034101 0.092045 0.418200 1173.000000 880.000000
0 608 0.567775 0.085227 0.034101 0.090909 0.412230 1173.000000 880.000000
0 609 0.568201 0.084091 0.033248 0.088636 0.407590 1173.000000 880.000000
0 610 0.568201 0.083523 0.033248 0.087500 0.412820 1173.000000 880.000000
0 611 0.568201 0.082955 0.033248 0.086364 0.409090 1173.000000 880.000000
0 612 0.568201 0.082386 0.033248 0.085227 0.414470 1173.000000 880.000000
0 613 0.569054 0.081818 0.033248 0.084091 0.405000 1173.000000 880.000000
0 614 0.569054 0.081250 0.033248 0.082955 0.410470 1173.000000 880.000000
0 615 0.569054 0.080682 0.033248 0.081818 0.416100 1173.000000 880.000000
0 616 0.569054 0.080114 0.033248 0.080682 0.421880 1173.000000 880.000000
0 617 0.569480 0.078977 0.032396 0.078409 0.428570 1173.000000 880.000000
0 618 0.569480 0.078409 0.032396 0.077273 0.434780 1173.000000 880.000000
0 619 0.569906 0.077841 0.033248 0.076136 0.430150 1173.000000 880.000000
0 620 0.569906 0.077273 0.033248 0.075000 0.426870 1173.000000 880.000000
0 621 0.570332 0.076705 0.032396 0.073864 0.427350 1173.000000 880.000000
0 622 0.570332 0.076136 0.032396 0.072727 0.424060 1173.000000 880.000000
0 623 0.570332 0.075568 0.032396 0.071591 0.430690 1173.000000 880.000000
0 624 0.571185 0.075000 0.032396 0.070455 0.410260 1173.000000 880.000000
0 625 0.570759 0.073864 0.031543 0.070455 0.431080 1173.000000 880.000000
0 626 0.570759 0.072727 0.031543 0.070455 0.431080 1173.000000 880.000000
0 627 0.570759 0.072159 0.031543 0.071591 0.434210 1173.000000 880.000000
0 628 0.570759 0.071023 0.031543 0.071591 0.434210 1173.000000 880.000000
0 629 0.570759 0.069886 0.031543 0.071591 0.444080 1173.000000 880.000000
0 630 0.570332 0.069318 0.030691 0.072727 0.449060 1173.000000 880.000000
0 631 0.570332 0.068182 0.030691 0.072727 0.459040 1173.000000 880.000000
0 632 0.570332 0.067045 0.030691 0.072727 0.459040 1173.000000 880.000000
0 633 0.570759 0.066477 0.029838 0.073864 0.454970 1173.000000 880.000000
0 634 0.570759 0.065341 0.029838 0.073864 0.454970 1173.000000 880.000000
0 635 0.570332 0.064205 0.028986 0.073864 0.477920 1173.000000 880.000000
0 636 0.570332 0.063636 0.028986 0.075000 0.470790 1173.000000 880.000000
0 637 0.570332 0.062500 0.028986 0.075000 0.480600 1173.000000 880.000000
0 638 0.570332 0.061364 0.028986 0.075000 0.480600 1173.000000 880.000000
0 639 0.570332 0.060795 0.028986 0.076136 0.483190 1173.000000 880.000000
0 640 0.570332 0.059659 0.028986 0.076136 0.483190 1173.000000 880.000000
0 641 0.569906 0.058523 0.028133 0.076136 0.507350 1173.000000 880.000000
0 642 0.570332 0.057955 0.027280 0.077273 0.492750 1173.000000 880.000000
0 643 0.570332 0.056818 0.027280 0.077273 0.502420 1173.000000 880.000000
0 644 0.570332 0.055682 0.027280 0.077273 0.512080 1173.000000 880.000000
0 645 0.570332 0.055114 0.027280 0.078409 0.504760 1173.000000 880.000000
0 646 0.569906 0.053977 0.026428 0.078409 0.520540 1173.000000 880.000000
0 647 0.569906 0.052841 0.026428 0.078409 0.520540 1173.000000 880.000000
0 648 0.569906 0.052273 0.026428 0.079545 0.513200 1173.000000 880.000000
0 649 0.569906 0.051136 0.026428 0.079545 0.513200 1173.000000 880.000000
0 650 0.569906 0.050000 0.026428 0.079545 0.513200 1173.000000 880.000000
0 651 0.570332 0.049432 0.025575 0.080682 0.498660 1173.000000 880.000000
0 652 0.570332 0.048295 0.025575 0.080682 0.498660 1173.000000 880.000000
0 653 0.570332 0.047727 0.025575 0.079545 0.496140 1173.000000 880.000000
0 654 0.570332 0.047159 0.025575 0.080682 0.489250 1173.000000 880.000000
0 655 0.570332 0.046591 0.025575 0.079545 0.486600 1173.000000 880.000000
0 656 0.570332 0.046591 0.025575 0.079545 0.477060 1173.000000 880.000000
0 657 0.570332 0.045455 0.025575 0.079545 0.477060 1173.000000 880.000000
0 658 0.570332 0.045455 0.025575 0.079545 0.467510 1173.000000 880.000000
0 659 0.570332 0.044886 0.025575 0.078409 0.474190 1173.000000 880.000000
0 660 0.570332 0.044318 0.025575 0.079545 0.467510 1173.000000 880.000000
0 661 0.570332 0.043750 0.025575 0.078409 0.464520 1173.000000 880.000000
0 662 0.570332 0.043182 0.025575 0.077273 0.461430 1173.000000 880.000000
0 663 0.570332 0.042614 0.025575 0.078409 0.454840 1173.000000 880.000000
0 664 0.570332 0.042045 0.025575 0.077273 0.451610 1173.000000 880.000000
0 665 0.570332 0.042045 0.025575 0.077273 0.441800 1173.000000 880.000000
0 666 0.570332 0.040909 0.025575 0.077273 0.441800 1173.000000 880.000000
0 667 0.570332 0.040909 0.025575 0.077273 0.431980 1173.000000 880.000000
0 668 0.570332 0.040341 0.025575 0.076136 0.428370 1173.000000 880.000000
0 669 0.570332 0.039773 0.025575 0.077273 0.422160 1173.000000 880.000000
0 670 0.570332 0.039205 0.025575 0.076136 0.418410 1173.000000 880.000000
0 671 0.570332 0.039205 0.025575 0.076136 0.408440 1173.000000 880.000000
0 672 0.570332 0.038636 0.025575 0.075000 0.404430 1173.000000 880.000000
0 673 0.570332 0.038068 0.025575 0.073864 0.410560 1173.000000 880.000000
0 674 0.570332 0.037500 0.025575 0.072727 0.406450 1173.000000 880.000000
0 675 0.570332 0.037500 0.025575 0.072727 0.406450 1173.000000 880.000000
0 676 0.570332 0.036932 0.025575 0.071591 0.402220 1173.000000 880.000000
0 677 0.570332 0.036364 0.025575 0.070455 0.408600 1173.000000 880.000000
0 678 0.570332 0.036364 0.025575 0.070455 0.408600 1173.000000 880.000000
0 679 0.570332 0.035795 0.025575 0.069318 0.404270 1173.000000 880.000000
0 680 0.570332 0.035227 0.025575 0.068182 0.410890 1173.000000 880.000000
0 681 0.570332 0.035227 0.025575 0.068182 0.399790 1173.000000 880.000000
0 682 0.570332 0.034659 0.025575 0.067045 0.406450 1173.000000 880.000000
0 683 0.570332 0.034091 0.025575 0.065909 0.413340 1173.000000 880.000000
0 684 0.570332 0.034091 0.025575 0.065909 0.401860 1173.000000 880.000000
0 685 0.570332 0.033523 0.025575 0.064773 0.408790 1173.000000 880.000000
0 686 0.570332 0.032955 0.025575 0.063636 0.394450 1173.000000 880.000000
0 687 0.570332 0.032955 0.025575 0.063636 0.393890 1173.000000 880.000000
0 688 0.570332 0.032386 0.025575 0.062500 0.389400 1173.000000 880.000000
0 689 0.570332 0.031818 0.025575 0.061364 0.384160 1173.000000 880.000000
0 690 0.570332 0.031818 0.025575 0.061364 0.371260 1173.000000 880.000000
0 691 0.570332 0.031250 0.025575 0.060227 0.376340 1173.000000 880.000000
0 692 0.570332 0.030682 0.025575 0.059091 0.357880 1173.000000 880.000000
