0 554 0.328645 0.983523 0.028133 0.032955 1.000000 1173.000000 880.000000
0 555 0.329071 0.981818 0.030691 0.034091 1.000000 1173.000000 880.000000
0 556 0.329497 0.980682 0.033248 0.036364 1.000000 1173.000000 880.000000
0 557 0.329923 0.979545 0.035806 0.036364 1.000000 1173.000000 880.000000
0 558 0.330350 0.978409 0.038363 0.038636 1.000000 1173.000000 880.000000
0 559 0.331628 0.977841 0.040921 0.039773 1.000000 1173.000000 880.000000
0 560 0.331202 0.976705 0.041773 0.042045 1.000000 1173.000000 880.000000
0 561 0.330776 0.976136 0.042626 0.043182 1.000000 1173.000000 880.000000
0 562 0.330776 0.975000 0.042626 0.045455 1.000000 1173.000000 880.000000
0 563 0.330350 0.974432 0.043478 0.046591 1.000000 1173.000000 880.000000
0 564 0.329923 0.973295 0.044331 0.048864 1.000000 1173.000000 880.000000
0 565 0.329923 0.972727 0.044331 0.050000 1.000000 1173.000000 880.000000
0 566 0.329923 0.972159 0.046036 0.051136 1.000000 1173.000000 880.000000
0 567 0.329923 0.971023 0.046036 0.053409 1.000000 1173.000000 880.000000
0 568 0.329497 0.971023 0.046888 0.055682 1.000000 1173.000000 880.000000
0 569 0.329071 0.969886 0.047741 0.057955 1.000000 1173.000000 880.000000
0 570 0.329071 0.969318 0.047741 0.059091 1.000000 1173.000000 880.000000
0 571 0.328645 0.968182 0.048593 0.061364 1.000000 1173.000000 880.000000
0 572 0.329071 0.967614 0.049446 0.062500 1.000000 1173.000000 880.000000
0 573 0.328645 0.967045 0.050298 0.063636 1.000000 1173.000000 880.000000
0 574 0.328218 0.965909 0.051151 0.065909 1.000000 1173.000000 880.000000
0 575 0.328218 0.965341 0.051151 0.067045 1.000000 1173.000000 880.000000
0 576 0.327792 0.964205 0.052003 0.069318 1.000000 1173.000000 880.000000
0 577 0.327366 0.964205 0.052856 0.071591 1.000000 1173.000000 880.000000
0 578 0.327366 0.963068 0.052856 0.073864 1.000000 1173.000000 880.000000
0 579 0.327366 0.962500 0.054561 0.075000 1.000000 1173.000000 880.000000
0 580 0.327366 0.961932 0.054561 0.076136 1.000000 1173.000000 880.000000
0 581 0.326939 0.960795 0.055413 0.078409 1.000000 1173.000000 880.000000
0 582 0.326513 0.960227 0.056266 0.079545 1.000000 1173.000000 880.000000
0 583 0.326513 0.959091 0.056266 0.081818 1.000000 1173.000000 880.000000
0 584 0.326087 0.958523 0.057118 0.082955 1.000000 1173.000000 880.000000
0 585 0.326513 0.958523 0.057971 0.085227 0.986840 1173.000000 880.000000
0 586 0.325661 0.957386 0.057971 0.087500 0.987180 1173.000000 880.000000
0 587 0.324808 0.956250 0.057971 0.089773 0.987500 1173.000000 880.000000
0 588 0.324808 0.955682 0.057971 0.090909 0.987650 1173.000000 880.000000
0 589 0.323956 0.954545 0.057971 0.093182 0.987950 1173.000000 880.000000
0 590 0.323529 0.953409 0.058824 0.095455 0.988240 1173.000000 880.000000
0 591 0.323103 0.952841 0.057971 0.096591 0.988370 1173.000000 880.000000
0 592 0.322677 0.951705 0.058824 0.098864 0.988640 1173.000000 880.000000
0 593 0.322251 0.951136 0.057971 0.100000 0.988760 1173.000000 880.000000
0 594 0.321398 0.950000 0.057971 0.102273 0.989010 1173.000000 880.000000
0 595 0.320972 0.948864 0.058824 0.104545 0.989250 1173.000000 880.000000
0 596 0.320546 0.948295 0.057971 0.105682 0.989360 1173.000000 880.000000
0 597 0.320119 0.947159 0.058824 0.107955 0.989580 1173.000000 880.000000
0 598 0.319267 0.946023 0.058824 0.110227 0.989800 1173.000000 880.000000
0 599 0.319267 0.945455 0.058824 0.111364 0.989900 1173.000000 880.000000
0 600 0.318414 0.944318 0.058824 0.113636 0.990100 1173.000000 880.000000
0 601 0.318414 0.943750 0.058824 0.114773 0.990200 1173.000000 880.000000
0 602 0.317562 0.942045 0.058824 0.118182 0.990480 1173.000000 880.000000
0 603 0.316709 0.940909 0.058824 0.120455 0.990650 1173.000000 880.000000
0 604 0.316709 0.939773 0.058824 0.122727 0.990830 1173.000000 880.000000
0 605 0.315857 0.938636 0.058824 0.125000 0.990990 1173.000000 880.000000
0 606 0.315004 0.937500 0.058824 0.127273 0.991150 1173.000000 880.000000
0 607 0.315004 0.936364 0.058824 0.129545 0.991300 1173.000000 880.000000
0 608 0.314152 0.935227 0.058824 0.131818 0.991450 1173.000000 880.000000
0 609 0.313725 0.934091 0.059676 0.134091 0.991600 1173.000000 880.000000
0 610 0.313299 0.932955 0.058824 0.136364 0.991740 1173.000000 880.000000
0 611 0.312447 0.931818 0.058824 0.138636 0.991870 1173.000000 880.000000
0 612 0.312020 0.930682 0.059676 0.140909 0.992000 1173.000000 880.000000
0 613 0.311594 0.929545 0.058824 0.143182 0.992130 1173.000000 880.000000
0 614 0.311168 0.928409 0.059676 0.145455 0.992250 1173.000000 880.000000
0 615 0.310315 0.927273 0.059676 0.147727 0.992370 1173.000000 880.000000
0 616 0.309889 0.926136 0.058824 0.150000 0.992480 1173.000000 880.000000
0 617 0.309463 0.925000 0.059676 0.152273 0.992590 1173.000000 880.000000
0 618 0.308610 0.923864 0.059676 0.154545 0.992700 1173.000000 880.000000
0 619 0.308610 0.922727 0.059676 0.156818 0.992810 1173.000000 880.000000
0 620 0.307758 0.921023 0.059676 0.157955 0.910560 1173.000000 880.000000
0 621 0.307758 0.918750 0.059676 0.157955 0.897790 1173.000000 880.000000
0 622 0.307758 0.916477 0.059676 0.157955 0.885010 1173.000000 880.000000
0 623 0.307758 0.915341 0.059676 0.157955 0.872230 1173.000000 880.000000
0 624 0.307758 0.913068 0.059676 0.157955 0.872230 1173.000000 880.000000
0 625 0.307758 0.910795 0.059676 0.157955 0.860560 1173.000000 880.000000
0 626 0.307332 0.909091 0.058824 0.159091 0.858460 1173.000000 880.000000
0 627 0.307332 0.907386 0.058824 0.157955 0.857450 1173.000000 880.000000
0 628 0.307332 0.905114 0.058824 0.157955 0.845710 1173.000000 880.000000
0 629 0.306905 0.903409 0.059676 0.159091 0.835080 1173.000000 880.000000
0 630 0.306905 0.901136 0.059676 0.159091 0.823790 1173.000000 880.000000
0 631 0.306905 0.899432 0.059676 0.157955 0.822540 1173.000000 880.000000
0 632 0.306479 0.897727 0.058824 0.159091 0.819860 1173.000000 880.000000
0 633 0.306479 0.895455 0.058824 0.159091 0.808510 1173.000000 880.000000
0 634 0.306479 0.893182 0.058824 0.159091 0.808510 1173.000000 880.000000
0 635 0.306479 0.892045 0.058824 0.159091 0.795740 1173.000000 880.000000
0 636 0.306479 0.889773 0.058824 0.159091 0.782980 1173.000000 880.000000
0 637 0.306479 0.887500 0.058824 0.159091 0.784700 1173.000000 880.000000
0 638 0.306479 0.886364 0.058824 0.159091 0.770210 1173.000000 880.000000
0 639 0.306053 0.884091 0.057971 0.159091 0.766880 1173.000000 880.000000
0 640 0.306053 0.881818 0.057971 0.159091 0.753930 1173.000000 880.000000
0 641 0.305627 0.879545 0.057118 0.159091 0.750310 1173.000000 880.000000
0 642 0.305627 0.877273 0.057118 0.159091 0.737170 1173.000000 880.000000
0 643 0.305200 0.875000 0.056266 0.159091 0.733250 1173.000000 880.000000
0 644 0.305200 0.872727 0.056266 0.159091 0.733250 1173.000000 880.000000
0 645 0.304774 0.870455 0.055413 0.159091 0.729210 1173.000000 880.000000
0 646 0.304774 0.868182 0.055413 0.159091 0.715670 1173.000000 880.000000
0 647 0.304348 0.865909 0.054561 0.159091 0.711290 1173.000000 880.000000
0 648 0.304348 0.863636 0.054561 0.159091 0.697550 1173.000000 880.000000
0 649 0.303922 0.861364 0.053708 0.159091 0.692820 1173.000000 880.000000
0 650 0.304348 0.859091 0.052856 0.159091 0.690420 1173.000000 880.000000
0 651 0.303922 0.854545 0.052003 0.159091 0.714020 1173.000000 880.000000
0 652 0.303922 0.851136 0.052003 0.159091 0.726150 1173.000000 880.000000
0 653 0.303922 0.847727 0.052003 0.159091 0.753030 1173.000000 880.000000
0 654 0.303495 0.843182 0.051151 0.159091 0.752940 1173.000000 880.000000
0 655 0.303495 0.839773 0.051151 0.159091 0.754910 1173.000000 880.000000
0 656 0.303495 0.836364 0.051151 0.159091 0.756890 1173.000000 880.000000
0 657 0.303069 0.831818 0.050298 0.159091 0.771160 1173.000000 880.000000
0 658 0.303069 0.828409 0.050298 0.159091 0.773050 1173.000000 880.000000
0 659 0.303495 0.825000 0.049446 0.159091 0.756820 1173.000000 880.000000
0 660 0.302643 0.822159 0.049446 0.157955 0.771430 1173.000000 880.000000
0 661 0.302643 0.820455 0.049446 0.156818 0.769780 1173.000000 880.000000
0 662 0.302643 0.817614 0.049446 0.155682 0.770080 1173.000000 880.000000
0 663 0.302217 0.815909 0.048593 0.154545 0.779130 1173.000000 880.000000
0 664 0.302217 0.813636 0.048593 0.154545 0.779130 1173.000000 880.000000
0 665 0.301790 0.811364 0.049446 0.152273 0.766980 1173.000000 880.000000
0 666 0.301364 0.809091 0.048593 0.152273 0.777780 1173.000000 880.000000
0 667 0.301364 0.806818 0.048593 0.150000 0.776380 1173.000000 880.000000
0 668 0.301364 0.804545 0.048593 0.150000 0.776380 1173.000000 880.000000
0 669 0.301364 0.802841 0.048593 0.148864 0.774690 1173.000000 880.000000
0 670 0.301364 0.801136 0.048593 0.150000 0.774440 1173.000000 880.000000
0 671 0.301364 0.800568 0.048593 0.151136 0.757080 1173.000000 880.000000
0 672 0.301364 0.800000 0.048593 0.152273 0.754790 1173.000000 880.000000
0 673 0.301364 0.798295 0.048593 0.153409 0.754560 1173.000000 880.000000
0 674 0.301364 0.797727 0.048593 0.154545 0.752330 1173.000000 880.000000
0 675 0.301364 0.797159 0.048593 0.155682 0.750120 1173.000000 880.000000
0 676 0.301364 0.795455 0.048593 0.156818 0.749940 1173.000000 880.000000
0 677 0.301364 0.794886 0.048593 0.157955 0.732020 1173.000000 880.000000
0 678 0.301364 0.794318 0.048593 0.159091 1.000000 1173.000000 880.000000
0 679 0.300512 0.792045 0.048593 0.159091 1.000000 1173.000000 880.000000
0 680 0.299659 0.789773 0.048593 0.159091 1.000000 1173.000000 880.000000
0 681 0.299659 0.787500 0.048593 0.159091 1.000000 1173.000000 880.000000
0 682 0.298806 0.786364 0.048593 0.159091 1.000000 1173.000000 880.000000
0 683 0.298806 0.784091 0.048593 0.159091 1.000000 1173.000000 880.000000
0 684 0.297954 0.781818 0.048593 0.159091 1.000000 1173.000000 880.000000
0 685 0.297954 0.780682 0.048593 0.159091 1.000000 1173.000000 880.000000
0 686 0.297101 0.778409 0.048593 0.159091 1.000000 1173.000000 880.000000
0 687 0.297101 0.776136 0.048593 0.159091 1.000000 1173.000000 880.000000
0 688 0.296249 0.775000 0.048593 0.159091 1.000000 1173.000000 880.000000
0 689 0.296249 0.772727 0.048593 0.159091 1.000000 1173.000000 880.000000
0 690 0.295396 0.770455 0.048593 0.159091 1.000000 1173.000000 880.000000
0 691 0.295396 0.768182 0.048593 0.159091 1.000000 1173.000000 880.000000
0 692 0.294544 0.767045 0.048593 0.159091 1.000000 1173.000000 880.000000
0 693 0.294544 0.764773 0.048593 0.159091 1.000000 1173.000000 880.000000
0 694 0.293691 0.762500 0.048593 0.159091 1.000000 1173.000000 880.000000
0 695 0.293691 0.761364 0.048593 0.159091 1.000000 1173.000000 880.000000
0 696 0.292839 0.759091 0.048593 0.159091 1.000000 1173.000000 880.000000
0 697 0.292839 0.756818 0.048593 0.159091 1.000000 1173.000000 880.000000
0 698 0.291986 0.755682 0.048593 0.159091 1.000000 1173.000000 880.000000
0 699 0.291986 0.753409 0.048593 0.159091 1.000000 1173.000000 880.000000
0 700 0.291134 0.751136 0.048593 0.159091 1.000000 1173.000000 880.000000
0 701 0.291134 0.750000 0.048593 0.159091 1.000000 1173.000000 880.000000
0 702 0.290281 0.746591 0.048593 0.159091 1.000000 1173.000000 880.000000
0 703 0.290281 0.744318 0.048593 0.159091 1.000000 1173.000000 880.000000
0 704 0.289429 0.742045 0.048593 0.159091 1.000000 1173.000000 880.000000
0 705 0.289429 0.739773 0.048593 0.159091 1.000000 1173.000000 880.000000
0 706 0.289429 0.737500 0.048593 0.159091 1.000000 1173.000000 880.000000
0 707 0.288576 0.735227 0.048593 0.159091 0.749570 1173.000000 880.000000
0 708 0.288576 0.732955 0.048593 0.159091 0.749570 1173.000000 880.000000
0 709 0.287724 0.730682 0.048593 0.159091 0.751530 1173.000000 880.000000
0 710 0.287724 0.728409 0.048593 0.159091 0.736000 1173.000000 880.000000
0 711 0.287724 0.726136 0.048593 0.159091 0.722670 1173.000000 880.000000
0 712 0.286871 0.723864 0.048593 0.159091 0.740160 1173.000000 880.000000
0 713 0.286871 0.721591 0.048593 0.159091 0.724870 1173.000000 880.000000
0 714 0.286019 0.719318 0.048593 0.159091 0.727070 1173.000000 880.000000
0 715 0.286019 0.717045 0.048593 0.159091 0.729270 1173.000000 880.000000
0 716 0.286019 0.714773 0.048593 0.159091 0.714230 1173.000000 880.000000
0 717 0.285166 0.712500 0.048593 0.159091 0.731470 1173.000000 880.000000
0 718 0.285166 0.710227 0.048593 0.159091 0.716560 1173.000000 880.000000
0 719 0.284314 0.707955 0.048593 0.159091 0.733680 1173.000000 880.000000
0 720 0.284314 0.705682 0.048593 0.159091 0.718880 1173.000000 880.000000
0 721 0.284314 0.703409 0.048593 0.159091 0.721200 1173.000000 880.000000
0 722 0.284314 0.701705 0.048593 0.157955 0.706900 1173.000000 880.000000
0 723 0.284314 0.700568 0.048593 0.157955 0.704430 1173.000000 880.000000
0 724 0.284314 0.700000 0.048593 0.156818 0.687420 1173.000000 880.000000
0 725 0.284314 0.698864 0.048593 0.156818 0.684820 1173.000000 880.000000
0 726 0.284314 0.697727 0.048593 0.156818 0.669810 1173.000000 880.000000
0 727 0.284314 0.697159 0.048593 0.155682 0.667420 1173.000000 880.000000
0 728 0.284314 0.696023 0.048593 0.155682 0.649430 1173.000000 880.000000
0 729 0.284740 0.694886 0.049446 0.155682 0.640380 1173.000000 880.000000
0 730 0.284740 0.694318 0.049446 0.154545 0.619570 1173.000000 880.000000
0 731 0.284740 0.693182 0.049446 0.154545 0.619570 1173.000000 880.000000
0 732 0.284740 0.692045 0.049446 0.154545 0.619570 1173.000000 880.000000
0 733 0.285166 0.691477 0.048593 0.153409 0.607000 1173.000000 880.000000
0 734 0.285166 0.690341 0.048593 0.153409 0.607000 1173.000000 880.000000
0 735 0.285166 0.689205 0.048593 0.153409 0.607000 1173.000000 880.000000
0 736 0.285166 0.688636 0.048593 0.152273 0.612390 1173.000000 880.000000
0 737 0.285592 0.687500 0.049446 0.152273 0.590080 1173.000000 880.000000
0 738 0.285592 0.686364 0.049446 0.152273 0.581290 1173.000000 880.000000
0 739 0.285592 0.685795 0.049446 0.151136 0.576520 1173.000000 880.000000
0 740 0.285592 0.684659 0.049446 0.151136 0.562860 1173.000000 880.000000
0 741 0.285592 0.683523 0.049446 0.151136 0.931700 1173.000000 880.000000
0 742 0.285592 0.682955 0.049446 0.150000 0.922010 1173.000000 880.000000
0 743 0.285592 0.681818 0.049446 0.150000 0.912830 1173.000000 880.000000
0 744 0.286445 0.681250 0.049446 0.148864 0.902930 1173.000000 880.000000
0 745 0.286445 0.678977 0.049446 0.148864 0.896640 1173.000000 880.000000
0 746 0.286445 0.676705 0.049446 0.148864 0.886490 1173.000000 880.000000
0 747 0.286445 0.674432 0.049446 0.148864 0.881360 1173.000000 880.000000
0 748 0.286445 0.672159 0.049446 0.148864 0.876610 1173.000000 880.000000
0 749 0.286445 0.671023 0.049446 0.148864 0.864410 1173.000000 880.000000
0 750 0.286445 0.668750 0.049446 0.148864 0.852080 1173.000000 880.000000
0 751 0.286445 0.666477 0.049446 0.148864 0.839750 1173.000000 880.000000
0 752 0.286445 0.664205 0.049446 0.148864 0.831540 1173.000000 880.000000
0 753 0.286445 0.661932 0.049446 0.148864 0.514890 1173.000000 880.000000
0 754 0.286445 0.660795 0.049446 0.148864 0.800850 1173.000000 880.000000
0 755 0.286445 0.658523 0.049446 0.148864 0.798660 1173.000000 880.000000
0 756 0.286445 0.656250 0.049446 0.148864 0.534030 1173.000000 880.000000
0 757 0.286445 0.653977 0.049446 0.148864 0.551230 1173.000000 880.000000
0 758 0.286445 0.652841 0.049446 0.148864 0.569210 1173.000000 880.000000
0 759 0.286445 0.650568 0.049446 0.148864 0.587060 1173.000000 880.000000
0 760 0.286445 0.648295 0.049446 0.148864 0.593610 1173.000000 880.000000
0 761 0.286445 0.646023 0.049446 0.148864 0.602210 1173.000000 880.000000
0 762 0.286445 0.643750 0.049446 0.148864 0.612480 1173.000000 880.000000
0 763 0.286445 0.642614 0.049446 0.148864 0.609910 1173.000000 880.000000
0 764 0.286445 0.640341 0.049446 0.148864 0.630330 1173.000000 880.000000
0 765 0.286445 0.638068 0.049446 0.148864 0.644580 1173.000000 880.000000
0 766 0.286445 0.635795 0.049446 0.148864 0.650230 1173.000000 880.000000
0 767 0.286445 0.634659 0.049446 0.148864 0.654340 1173.000000 880.000000
0 768 0.286445 0.632386 0.049446 0.148864 0.664230 1173.000000 880.000000
0 769 0.286445 0.631250 0.049446 0.148864 0.662560 1173.000000 880.000000
0 770 0.286445 0.630114 0.049446 0.148864 0.678860 1173.000000 880.000000
0 771 0.287298 0.627841 0.049446 0.148864 0.679250 1173.000000 880.000000
0 772 0.287298 0.626705 0.049446 0.148864 0.682970 1173.000000 880.000000
0 773 0.287298 0.625568 0.049446 0.148864 0.684510 1173.000000 880.000000
0 774 0.287298 0.624432 0.049446 0.148864 0.684900 1173.000000 880.000000
0 775 0.288150 0.622159 0.049446 0.148864 0.685930 1173.000000 880.000000
0 776 0.288150 0.621023 0.049446 0.148864 0.700440 1173.000000 880.000000
0 777 0.288150 0.619886 0.049446 0.148864 0.704030 1173.000000 880.000000
0 778 0.288150 0.618750 0.049446 0.148864 0.705320 1173.000000 880.000000
0 779 0.289003 0.616477 0.049446 0.148864 0.705190 1173.000000 880.000000
0 780 0.289003 0.615341 0.049446 0.148864 0.707630 1173.000000 880.000000
0 781 0.289003 0.614205 0.049446 0.148864 0.710840 1173.000000 880.000000
0 782 0.289855 0.613068 0.049446 0.148864 0.710710 1173.000000 880.000000
0 783 0.289855 0.610795 0.049446 0.148864 0.711860 1173.000000 880.000000
0 784 0.289855 0.609659 0.049446 0.148864 0.709550 1173.000000 880.000000
0 785 0.289855 0.608523 0.049446 0.148864 0.708400 1173.000000 880.000000
0 786 0.290708 0.606250 0.049446 0.148864 0.707760 1173.000000 880.000000
0 787 0.290708 0.605114 0.049446 0.148864 0.707760 1173.000000 880.000000
0 788 0.290708 0.603977 0.049446 0.148864 0.708400 1173.000000 880.000000
0 789 0.290708 0.602841 0.049446 0.148864 0.705700 1173.000000 880.000000
0 790 0.291560 0.600568 0.049446 0.148864 0.708400 1173.000000 880.000000
0 791 0.291560 0.599432 0.049446 0.148864 0.708400 1173.000000 880.000000
0 792 0.291560 0.598295 0.049446 0.148864 0.709040 1173.000000 880.000000
0 793 0.291560 0.597159 0.049446 0.148864 0.707240 1173.000000 880.000000
0 794 0.292413 0.594886 0.049446 0.148864 0.709680 1173.000000 880.000000
0 795 0.292413 0.593750 0.049446 0.148864 0.710320 1173.000000 880.000000
0 796 0.292413 0.592614 0.049446 0.148864 0.710970 1173.000000 880.000000
0 797 0.293265 0.591477 0.049446 0.148864 0.710970 1173.000000 880.000000
0 798 0.293265 0.589205 0.049446 0.148864 0.712250 1173.000000 880.000000
0 799 0.293265 0.587500 0.049446 0.147727 0.715490 1173.000000 880.000000
0 800 0.294118 0.585795 0.049446 0.146591 0.702220 1173.000000 880.000000
0 801 0.294118 0.584659 0.049446 0.146591 0.714860 1173.000000 880.000000
0 802 0.294544 0.582955 0.048593 0.145455 0.710770 1173.000000 880.000000
0 803 0.294970 0.581250 0.049446 0.144318 0.702860 1173.000000 880.000000
0 804 0.295396 0.580114 0.048593 0.144318 0.698140 1173.000000 880.000000
0 805 0.295823 0.578409 0.049446 0.143182 0.702120 1173.000000 880.000000
0 806 0.295823 0.576136 0.049446 0.143182 0.705730 1173.000000 880.000000
0 807 0.296249 0.575000 0.048593 0.143182 0.700790 1173.000000 880.000000
0 808 0.296675 0.573295 0.049446 0.142045 0.692090 1173.000000 880.000000
0 809 0.297101 0.571591 0.048593 0.140909 0.699310 1173.000000 880.000000
0 810 0.297101 0.570455 0.048593 0.140909 0.699310 1173.000000 880.000000
0 811 0.297954 0.568750 0.048593 0.139773 0.684650 1173.000000 880.000000
0 812 0.297954 0.567045 0.048593 0.138636 0.700030 1173.000000 880.000000
0 813 0.298806 0.565909 0.048593 0.138636 0.682090 1173.000000 880.000000
0 814 0.298806 0.564205 0.048593 0.137500 0.682450 1173.000000 880.000000
0 815 0.298806 0.561932 0.048593 0.137500 0.685420 1173.000000 880.000000
0 816 0.299659 0.560795 0.048593 0.137500 0.667330 1173.000000 880.000000
0 817 0.299659 0.559091 0.048593 0.136364 0.667710 1173.000000 880.000000
0 818 0.300512 0.557386 0.048593 0.135227 0.653020 1173.000000 880.000000
0 819 0.300512 0.556250 0.048593 0.135227 0.653020 1173.000000 880.000000
0 820 0.300938 0.554545 0.047741 0.134091 0.643960 1173.000000 880.000000
0 821 0.301364 0.552841 0.048593 0.132955 0.635300 1173.000000 880.000000
0 822 0.301790 0.551705 0.047741 0.132955 0.628900 1173.000000 880.000000
0 823 0.301790 0.549432 0.047741 0.132955 0.647780 1173.000000 880.000000
0 824 0.302217 0.547727 0.048593 0.131818 0.635720 1173.000000 880.000000
0 825 0.302643 0.546591 0.047741 0.131818 0.629330 1173.000000 880.000000
0 826 0.303069 0.544886 0.048593 0.130682 0.620990 1173.000000 880.000000
0 827 0.303495 0.543182 0.047741 0.129545 0.610980 1173.000000 880.000000
0 828 0.303495 0.542045 0.047741 0.129545 0.610980 1173.000000 880.000000
0 829 0.304348 0.540341 0.047741 0.128409 0.595880 1173.000000 880.000000
0 830 0.304348 0.538636 0.047741 0.127273 0.596340 1173.000000 880.000000
0 831 0.305200 0.537500 0.047741 0.127273 0.576620 1173.000000 880.000000
0 832 0.304348 0.535227 0.047741 0.127273 0.596340 1173.000000 880.000000
0 833 0.304348 0.534091 0.047741 0.127273 0.596340 1173.000000 880.000000
0 834 0.304348 0.532955 0.047741 0.127273 0.611860 1173.000000 880.000000
0 835 0.304348 0.531818 0.047741 0.127273 0.611860 1173.000000 880.000000
0 836 0.304348 0.529545 0.047741 0.127273 0.615740 1173.000000 880.000000
0 837 0.304348 0.528409 0.047741 0.127273 0.615740 1173.000000 880.000000
0 838 0.304348 0.527273 0.047741 0.127273 0.615740 1173.000000 880.000000
0 839 0.304348 0.526136 0.047741 0.127273 0.631110 1173.000000 880.000000
0 840 0.304348 0.523864 0.047741 0.127273 0.634840 1173.000000 880.000000
0 841 0.304348 0.522727 0.047741 0.127273 0.634840 1173.000000 880.000000
0 842 0.304348 0.521591 0.047741 0.127273 0.634840 1173.000000 880.000000
0 843 0.304348 0.520455 0.047741 0.127273 0.650050 1173.000000 880.000000
0 844 0.304348 0.519318 0.047741 0.127273 0.650050 1173.000000 880.000000
0 845 0.304348 0.517045 0.047741 0.127273 0.653630 1173.000000 880.000000
0 846 0.304348 0.515909 0.047741 0.127273 0.653630 1173.000000 880.000000
0 847 0.304348 0.514773 0.047741 0.127273 0.653630 1173.000000 880.000000
0 848 0.304348 0.513636 0.047741 0.127273 0.668680 1173.000000 880.000000
0 849 0.304348 0.511364 0.047741 0.127273 0.672100 1173.000000 880.000000
0 850 0.304348 0.510227 0.047741 0.127273 0.672100 1173.000000 880.000000
0 851 0.304348 0.509091 0.047741 0.127273 0.672100 1173.000000 880.000000
0 852 0.304348 0.507955 0.047741 0.127273 0.690270 1173.000000 880.000000
0 853 0.304348 0.505682 0.047741 0.127273 0.675520 1173.000000 880.000000
0 854 0.304348 0.504545 0.047741 0.127273 0.675520 1173.000000 880.000000
0 855 0.304348 0.503409 0.047741 0.127273 0.672100 1173.000000 880.000000
0 856 0.304348 0.502273 0.047741 0.127273 0.672100 1173.000000 880.000000
0 857 0.304348 0.501136 0.047741 0.127273 0.668680 1173.000000 880.000000
0 858 0.303922 0.500000 0.046888 0.127273 0.662770 1173.000000 880.000000
0 859 0.303922 0.498864 0.046888 0.127273 0.659290 1173.000000 880.000000
0 860 0.303922 0.497727 0.046888 0.127273 0.659290 1173.000000 880.000000
0 861 0.303922 0.496591 0.046888 0.127273 0.655820 1173.000000 880.000000
0 862 0.304348 0.495455 0.046036 0.127273 0.649560 1173.000000 880.000000
0 863 0.304348 0.494318 0.046036 0.127273 0.646020 1173.000000 880.000000
0 864 0.304348 0.493182 0.046036 0.127273 0.629930 1173.000000 880.000000
0 865 0.304348 0.492045 0.046036 0.127273 0.626230 1173.000000 880.000000
0 866 0.304774 0.490909 0.045183 0.127273 0.619310 1173.000000 880.000000
0 867 0.304774 0.489773 0.045183 0.127273 0.615540 1173.000000 880.000000
0 868 0.304774 0.488636 0.045183 0.127273 0.615540 1173.000000 880.000000
0 869 0.304348 0.487500 0.044331 0.127273 0.625310 1173.000000 880.000000
0 870 0.304774 0.486364 0.043478 0.127273 0.614360 1173.000000 880.000000
0 871 0.304774 0.485227 0.043478 0.127273 0.614360 1173.000000 880.000000
0 872 0.304774 0.484091 0.043478 0.127273 0.614360 1173.000000 880.000000
0 873 0.304774 0.482955 0.043478 0.127273 0.614360 1173.000000 880.000000
0 874 0.305200 0.482386 0.042626 0.128409 0.624360 1173.000000 880.000000
0 875 0.305200 0.481250 0.042626 0.128409 0.624360 1173.000000 880.000000
0 876 0.305200 0.480114 0.042626 0.128409 0.624360 1173.000000 880.000000
0 877 0.305200 0.478977 0.042626 0.128409 0.624360 1173.000000 880.000000
0 878 0.305627 0.477841 0.041773 0.128409 0.616840 1173.000000 880.000000
0 879 0.305627 0.476705 0.041773 0.128409 0.631580 1173.000000 880.000000
0 880 0.305200 0.475568 0.040921 0.128409 0.642860 1173.000000 880.000000
0 881 0.305200 0.474432 0.040921 0.128409 0.642860 1173.000000 880.000000
0 882 0.305627 0.473295 0.040068 0.128409 0.635420 1173.000000 880.000000
0 883 0.305627 0.472159 0.040068 0.128409 0.635420 1173.000000 880.000000
0 884 0.305627 0.471023 0.040068 0.128409 0.654610 1173.000000 880.000000
0 885 0.305627 0.469886 0.040068 0.128409 0.654610 1173.000000 880.000000
0 886 0.306053 0.468750 0.039216 0.128409 0.647260 1173.000000 880.000000
0 887 0.306053 0.467614 0.039216 0.128409 0.647260 1173.000000 880.000000
0 888 0.306053 0.466477 0.039216 0.128409 0.666850 1173.000000 880.000000
0 889 0.306053 0.465341 0.039216 0.128409 0.647260 1173.000000 880.000000
0 890 0.306479 0.465341 0.038363 0.128409 0.636160 1173.000000 880.000000
0 891 0.305627 0.464205 0.038363 0.128409 0.656370 1173.000000 880.000000
0 892 0.305200 0.463068 0.039216 0.128409 0.663680 1173.000000 880.000000
0 893 0.304774 0.461932 0.038363 0.128409 0.676580 1173.000000 880.000000
0 894 0.304348 0.460795 0.039216 0.128409 0.683460 1173.000000 880.000000
0 895 0.303922 0.459659 0.038363 0.128409 0.696800 1173.000000 880.000000
0 896 0.303495 0.458523 0.039216 0.128409 0.703250 1173.000000 880.000000
0 897 0.303069 0.457386 0.038363 0.128409 0.717010 1173.000000 880.000000
0 898 0.302643 0.456250 0.039216 0.128409 0.723030 1173.000000 880.000000
0 899 0.302217 0.455114 0.038363 0.128409 0.737220 1173.000000 880.000000
0 900 0.301790 0.453977 0.039216 0.128409 0.742810 1173.000000 880.000000
0 901 0.301790 0.452841 0.039216 0.128409 0.742810 1173.000000 880.000000
0 902 0.301364 0.451136 0.038363 0.127273 0.757600 1173.000000 880.000000
0 903 0.300938 0.450000 0.037511 0.125000 0.770970 1173.000000 880.000000
0 904 0.300938 0.448295 0.037511 0.123864 0.771110 1173.000000 880.000000
0 905 0.300512 0.447727 0.036658 0.122727 0.808590 1173.000000 880.000000
0 906 0.300512 0.446023 0.036658 0.121591 0.808710 1173.000000 880.000000
0 907 0.300085 0.444886 0.035806 0.119318 0.824480 1173.000000 880.000000
0 908 0.300085 0.444318 0.035806 0.118182 0.844960 1173.000000 880.000000
0 909 0.299233 0.442614 0.035806 0.117045 0.868520 1173.000000 880.000000
0 910 0.299233 0.441477 0.035806 0.117045 0.868520 1173.000000 880.000000
0 911 0.299233 0.440341 0.035806 0.117045 0.890430 1173.000000 880.000000
0 912 0.299233 0.439205 0.035806 0.117045 0.890430 1173.000000 880.000000
0 913 0.298806 0.438068 0.034953 0.117045 0.911170 1173.000000 880.000000
0 914 0.298806 0.436932 0.034953 0.117045 0.933380 1173.000000 880.000000
0 915 0.298806 0.435795 0.034953 0.117045 0.933380 1173.000000 880.000000
0 916 0.298806 0.434659 0.034953 0.117045 0.933380 1173.000000 880.000000
0 917 0.298806 0.433523 0.034953 0.117045 0.956040 1173.000000 880.000000
0 918 0.297954 0.432386 0.034953 0.117045 0.978020 1173.000000 880.000000
0 919 0.297954 0.431250 0.034953 0.117045 0.978020 1173.000000 880.000000
0 920 0.297954 0.430114 0.034953 0.117045 1.000000 1173.000000 880.000000
0 921 0.297954 0.428977 0.034953 0.117045 1.000000 1173.000000 880.000000
0 922 0.297528 0.427841 0.034101 0.117045 1.000000 1173.000000 880.000000
0 923 0.297528 0.426705 0.034101 0.117045 1.000000 1173.000000 880.000000
0 924 0.297528 0.425568 0.034101 0.117045 1.000000 1173.000000 880.000000
0 925 0.297528 0.424432 0.034101 0.117045 1.000000 1173.000000 880.000000
0 926 0.297528 0.423864 0.034101 0.115909 1.000000 1173.000000 880.000000
0 927 0.297528 0.421591 0.034101 0.115909 1.000000 1173.000000 880.000000
0 928 0.297528 0.420455 0.034101 0.115909 1.000000 1173.000000 880.000000
0 929 0.297528 0.419318 0.034101 0.115909 1.000000 1173.000000 880.000000
0 930 0.297528 0.418182 0.034101 0.115909 1.000000 1173.000000 880.000000
0 931 0.297528 0.417045 0.034101 0.115909 1.000000 1173.000000 880.000000
0 932 0.297528 0.415909 0.034101 0.115909 1.000000 1173.000000 880.000000
0 933 0.297528 0.414773 0.034101 0.115909 1.000000 1173.000000 880.000000
0 934 0.297528 0.413636 0.034101 0.115909 1.000000 1173.000000 880.000000
0 935 0.297528 0.412500 0.034101 0.115909 1.000000 1173.000000 880.000000
0 936 0.298380 0.411364 0.034101 0.115909 1.000000 1173.000000 880.000000
0 937 0.298380 0.410227 0.034101 0.115909 1.000000 1173.000000 880.000000
0 938 0.298380 0.409091 0.034101 0.115909 1.000000 1173.000000 880.000000
0 939 0.298380 0.407955 0.034101 0.115909 1.000000 1173.000000 880.000000
0 940 0.298380 0.406818 0.034101 0.115909 1.000000 1173.000000 880.000000
0 941 0.298380 0.405682 0.034101 0.115909 1.000000 1173.000000 880.000000
0 942 0.298380 0.404545 0.034101 0.115909 1.000000 1173.000000 880.000000
0 943 0.298380 0.403409 0.034101 0.115909 1.000000 1173.000000 880.000000
0 944 0.298380 0.402273 0.034101 0.115909 1.000000 1173.000000 880.000000
0 945 0.298380 0.401136 0.034101 0.115909 1.000000 1173.000000 880.000000
0 946 0.299233 0.400000 0.034101 0.115909 1.000000 1173.000000 880.000000
0 947 0.299233 0.398864 0.034101 0.115909 1.000000 1173.000000 880.000000
0 948 0.299233 0.397727 0.034101 0.115909 1.000000 1173.000000 880.000000
0 949 0.299233 0.396591 0.034101 0.115909 1.000000 1173.000000 880.000000
0 950 0.299233 0.395455 0.034101 0.115909 1.000000 1173.000000 880.000000
0 951 0.299233 0.394318 0.034101 0.115909 1.000000 1173.000000 880.000000
0 952 0.299233 0.393182 0.034101 0.115909 1.000000 1173.000000 880.000000
0 953 0.299233 0.392045 0.034101 0.115909 1.000000 1173.000000 880.000000
0 954 0.299233 0.390909 0.034101 0.115909 1.000000 1173.000000 880.000000
0 955 0.300085 0.389773 0.034101 0.115909 1.000000 1173.000000 880.000000
0 956 0.300085 0.388636 0.034101 0.115909 1.000000 1173.000000 880.000000
0 957 0.300085 0.387500 0.034101 0.115909 1.000000 1173.000000 880.000000
0 958 0.300085 0.386364 0.034101 0.115909 1.000000 1173.000000 880.000000
0 959 0.300085 0.385227 0.034101 0.115909 1.000000 1173.000000 880.000000
0 960 0.300085 0.384091 0.034101 0.115909 1.000000 1173.000000 880.000000
0 961 0.300085 0.382955 0.034101 0.115909 1.000000 1173.000000 880.000000
0 962 0.300085 0.381818 0.034101 0.115909 1.000000 1173.000000 880.000000
0 963 0.300085 0.380682 0.034101 0.115909 1.000000 1173.000000 880.000000
0 964 0.300085 0.379545 0.034101 0.115909 1.000000 1173.000000 880.000000
0 965 0.300938 0.378409 0.034101 0.115909 1.000000 1173.000000 880.000000
0 966 0.300938 0.377273 0.034101 0.115909 1.000000 1173.000000 880.000000
0 967 0.300938 0.376136 0.034101 0.115909 0.977270 1173.000000 880.000000
0 968 0.300938 0.375000 0.034101 0.115909 0.977270 1173.000000 880.000000
0 969 0.300938 0.373864 0.034101 0.115909 0.977270 1173.000000 880.000000
0 970 0.300938 0.372727 0.034101 0.115909 0.954530 1173.000000 880.000000
0 971 0.300938 0.371591 0.034101 0.115909 0.954530 1173.000000 880.000000
0 972 0.300938 0.370455 0.034101 0.115909 0.954530 1173.000000 880.000000
0 973 0.300938 0.369318 0.034101 0.115909 0.931800 1173.000000 880.000000
0 974 0.301790 0.368182 0.034101 0.115909 0.909070 1173.000000 880.000000
0 975 0.301790 0.365909 0.034101 0.115909 0.910020 1173.000000 880.000000
0 976 0.301790 0.364773 0.034101 0.115909 0.910020 1173.000000 880.000000
0 977 0.301790 0.363636 0.034101 0.115909 0.887520 1173.000000 880.000000
0 978 0.301790 0.362500 0.034101 0.115909 0.887520 1173.000000 880.000000
0 979 0.301790 0.361364 0.034101 0.115909 0.887520 1173.000000 880.000000
0 980 0.301790 0.360227 0.034101 0.115909 0.865020 1173.000000 880.000000
0 981 0.301790 0.359091 0.034101 0.115909 0.865020 1173.000000 880.000000
0 982 0.301790 0.357386 0.034101 0.114773 0.865140 1173.000000 880.000000
0 983 0.301790 0.356250 0.034101 0.114773 0.842660 1173.000000 880.000000
0 984 0.301790 0.354545 0.034101 0.115909 0.844190 1173.000000 880.000000
0 985 0.301790 0.353409 0.034101 0.115909 0.844190 1173.000000 880.000000
0 986 0.301790 0.352273 0.034101 0.115909 0.821930 1173.000000 880.000000
0 987 0.301790 0.351136 0.034101 0.115909 0.821930 1173.000000 880.000000
0 988 0.301790 0.350000 0.034101 0.115909 0.821930 1173.000000 880.000000
0 989 0.301790 0.348864 0.034101 0.115909 0.823820 1173.000000 880.000000
0 990 0.301790 0.347159 0.034101 0.114773 0.822090 1173.000000 880.000000
0 991 0.301790 0.346023 0.034101 0.114773 0.822090 1173.000000 880.000000
0 992 0.301790 0.344886 0.034101 0.114773 0.822090 1173.000000 880.000000
0 993 0.301790 0.343182 0.034101 0.115909 0.821930 1173.000000 880.000000
0 994 0.301790 0.342045 0.034101 0.115909 0.821930 1173.000000 880.000000
0 995 0.301790 0.340909 0.034101 0.115909 0.821930 1173.000000 880.000000
0 996 0.301790 0.339773 0.034101 0.115909 0.820030 1173.000000 880.000000
0 997 0.301790 0.338068 0.034101 0.114773 0.820180 1173.000000 880.000000
0 998 0.301790 0.336932 0.034101 0.114773 0.820180 1173.000000 880.000000
0 999 0.301790 0.335795 0.034101 0.114773 0.840990 1173.000000 880.000000
0 1000 0.301790 0.334659 0.034101 0.114773 0.840990 1173.000000 880.000000
0 1001 0.301790 0.333523 0.034101 0.114773 0.840990 1173.000000 880.000000
0 1002 0.301790 0.331818 0.034101 0.115909 0.840870 1173.000000 880.000000
0 1003 0.301790 0.330682 0.034101 0.115909 0.840870 1173.000000 880.000000
0 1004 0.301790 0.329545 0.034101 0.115909 0.840870 1173.000000 880.000000
0 1005 0.301790 0.327841 0.034101 0.114773 0.839310 1173.000000 880.000000
0 1006 0.301790 0.326705 0.034101 0.114773 0.839310 1173.000000 880.000000
0 1007 0.301790 0.325568 0.034101 0.114773 0.839310 1173.000000 880.000000
0 1008 0.301790 0.324432 0.034101 0.114773 1.000000 1173.000000 880.000000
0 1009 0.301790 0.323295 0.034101 0.114773 1.000000 1173.000000 880.000000
0 1010 0.301790 0.322159 0.034101 0.114773 1.000000 1173.000000 880.000000
0 1011 0.301790 0.320455 0.034101 0.115909 1.000000 1173.000000 880.000000
0 1012 0.301790 0.318750 0.034101 0.114773 1.000000 1173.000000 880.000000
0 1013 0.301790 0.317614 0.034101 0.114773 1.000000 1173.000000 880.000000
0 1014 0.301790 0.316477 0.034101 0.114773 1.000000 1173.000000 880.000000
0 1015 0.301790 0.315341 0.034101 0.114773 1.000000 1173.000000 880.000000
0 1016 0.301790 0.314205 0.034101 0.114773 1.000000 1173.000000 880.000000
0 1017 0.301790 0.313068 0.034101 0.114773 1.000000 1173.000000 880.000000
0 1018 0.301790 0.311932 0.034101 0.114773 1.000000 1173.000000 880.000000
0 1019 0.302217 0.310795 0.033248 0.114773 1.000000 1173.000000 880.000000
0 1020 0.302217 0.308523 0.033248 0.114773 1.000000 1173.000000 880.000000
0 1021 0.302217 0.307386 0.033248 0.114773 1.000000 1173.000000 880.000000
0 1022 0.302217 0.306250 0.033248 0.114773 1.000000 1173.000000 880.000000
0 1023 0.302217 0.305114 0.033248 0.114773 1.000000 1173.000000 880.000000
0 1024 0.303069 0.303977 0.033248 0.114773 1.000000 1173.000000 880.000000
0 1025 0.303069 0.301705 0.033248 0.114773 1.000000 1173.000000 880.000000
0 1026 0.303069 0.300568 0.033248 0.114773 1.000000 1173.000000 880.000000
0 1027 0.303069 0.299432 0.033248 0.114773 1.000000 1173.000000 880.000000
0 1028 0.303922 0.298295 0.033248 0.114773 1.000000 1173.000000 880.000000
0 1029 0.303922 0.297159 0.033248 0.114773 1.000000 1173.000000 880.000000
0 1030 0.303922 0.296023 0.033248 0.114773 1.000000 1173.000000 880.000000
0 1031 0.303922 0.293750 0.033248 0.114773 0.858820 1173.000000 880.000000
0 1032 0.304774 0.292614 0.033248 0.114773 0.835290 1173.000000 880.000000
0 1033 0.304774 0.291477 0.033248 0.114773 0.835290 1173.000000 880.000000
0 1034 0.304774 0.290341 0.033248 0.114773 0.835290 1173.000000 880.000000
0 1035 0.304774 0.289205 0.033248 0.114773 0.858820 1173.000000 880.000000
0 1036 0.305627 0.288068 0.033248 0.114773 0.835290 1173.000000 880.000000
0 1037 0.305627 0.285795 0.033248 0.114773 0.837010 1173.000000 880.000000
0 1038 0.305627 0.284659 0.033248 0.114773 0.837010 1173.000000 880.000000
0 1039 0.305627 0.283523 0.033248 0.114773 0.837010 1173.000000 880.000000
0 1040 0.306479 0.282386 0.033248 0.114773 0.813730 1173.000000 880.000000
0 1041 0.306479 0.281250 0.033248 0.114773 0.813730 1173.000000 880.000000
0 1042 0.306479 0.280114 0.033248 0.114773 0.813730 1173.000000 880.000000
0 1043 0.306479 0.277841 0.033248 0.114773 0.838730 1173.000000 880.000000
0 1044 0.307332 0.276705 0.033248 0.114773 0.815690 1173.000000 880.000000
0 1045 0.307332 0.275568 0.033248 0.114773 0.815690 1173.000000 880.000000
0 1046 0.307332 0.274432 0.033248 0.114773 0.815690 1173.000000 880.000000
0 1047 0.307332 0.273295 0.033248 0.114773 0.815690 1173.000000 880.000000
0 1048 0.308184 0.272159 0.033248 0.114773 0.792650 1173.000000 880.000000
0 1049 0.308184 0.270455 0.033248 0.113636 0.792820 1173.000000 880.000000
0 1050 0.308184 0.269318 0.033248 0.113636 0.815840 1173.000000 880.000000
0 1051 0.308184 0.268182 0.033248 0.113636 0.813860 1173.000000 880.000000
0 1052 0.308184 0.267045 0.033248 0.113636 0.813860 1173.000000 880.000000
0 1053 0.308184 0.265909 0.033248 0.113636 0.813860 1173.000000 880.000000
0 1054 0.308184 0.264773 0.033248 0.113636 0.813860 1173.000000 880.000000
0 1055 0.308184 0.263636 0.033248 0.113636 0.837130 1173.000000 880.000000
0 1056 0.308184 0.262500 0.033248 0.113636 0.837130 1173.000000 880.000000
0 1057 0.308184 0.260795 0.033248 0.112500 0.837250 1173.000000 880.000000
0 1058 0.308184 0.259659 0.033248 0.112500 0.837250 1173.000000 880.000000
0 1059 0.308610 0.258523 0.032396 0.112500 0.833080 1173.000000 880.000000
0 1060 0.308610 0.257386 0.032396 0.112500 0.856920 1173.000000 880.000000
0 1061 0.308610 0.256250 0.032396 0.112500 0.856920 1173.000000 880.000000
0 1062 0.308610 0.255114 0.032396 0.112500 0.856920 1173.000000 880.000000
0 1063 0.308610 0.253977 0.032396 0.112500 0.856920 1173.000000 880.000000
0 1064 0.308610 0.252841 0.032396 0.112500 0.856920 1173.000000 880.000000
0 1065 0.308610 0.251705 0.032396 0.110227 0.879640 1173.000000 880.000000
0 1066 0.308610 0.250568 0.032396 0.110227 0.879640 1173.000000 880.000000
0 1067 0.308610 0.249432 0.032396 0.110227 0.879640 1173.000000 880.000000
0 1068 0.308610 0.248295 0.032396 0.110227 0.879640 1173.000000 880.000000
0 1069 0.308610 0.247159 0.032396 0.110227 0.879640 1173.000000 880.000000
0 1070 0.309037 0.246023 0.031543 0.110227 0.901180 1173.000000 880.000000
0 1071 0.309037 0.244886 0.031543 0.110227 0.901180 1173.000000 880.000000
0 1072 0.309037 0.243750 0.031543 0.110227 0.901180 1173.000000 880.000000
0 1073 0.309037 0.242045 0.031543 0.109091 0.901250 1173.000000 880.000000
0 1074 0.309037 0.240909 0.031543 0.109091 0.901250 1173.000000 880.000000
0 1075 0.309037 0.239773 0.031543 0.109091 0.925940 1173.000000 880.000000
0 1076 0.309037 0.238636 0.031543 0.109091 0.925940 1173.000000 880.000000
0 1077 0.309037 0.237500 0.031543 0.109091 0.925940 1173.000000 880.000000
0 1078 0.309037 0.236364 0.031543 0.109091 0.925940 1173.000000 880.000000
0 1079 0.309037 0.235227 0.031543 0.109091 0.925940 1173.000000 880.000000
0 1080 0.309037 0.234091 0.031543 0.109091 0.925940 1173.000000 880.000000
0 1081 0.309889 0.233523 0.031543 0.107955 0.900220 1173.000000 880.000000
0 1082 0.309889 0.232386 0.031543 0.107955 0.900220 1173.000000 880.000000
0 1083 0.309889 0.231250 0.031543 0.107955 0.900220 1173.000000 880.000000
0 1084 0.309889 0.230114 0.031543 0.107955 0.900220 1173.000000 880.000000
0 1085 0.309889 0.228977 0.031543 0.107955 0.900220 1173.000000 880.000000
0 1086 0.310742 0.227841 0.031543 0.107955 0.876640 1173.000000 880.000000
0 1087 0.310742 0.226705 0.031543 0.107955 0.876640 1173.000000 880.000000
0 1088 0.310742 0.225568 0.031543 0.107955 0.876640 1173.000000 880.000000
0 1089 0.310742 0.225568 0.031543 0.107955 0.875270 1173.000000 880.000000
0 1090 0.311168 0.224432 0.032396 0.107955 0.854170 1173.000000 880.000000
0 1091 0.311594 0.223295 0.031543 0.107955 0.850330 1173.000000 880.000000
0 1092 0.311594 0.222159 0.031543 0.107955 0.850330 1173.000000 880.000000
0 1093 0.311594 0.221023 0.031543 0.107955 0.850330 1173.000000 880.000000
0 1094 0.312020 0.219886 0.032396 0.107955 0.829860 1173.000000 880.000000
0 1095 0.312020 0.218750 0.032396 0.107955 0.829860 1173.000000 880.000000
0 1096 0.312447 0.218750 0.031543 0.107955 0.823460 1173.000000 880.000000
0 1097 0.312447 0.217614 0.031543 0.107955 0.825380 1173.000000 880.000000
0 1098 0.312873 0.216477 0.032396 0.107955 0.805560 1173.000000 880.000000
0 1099 0.312873 0.215341 0.032396 0.107955 0.805560 1173.000000 880.000000
0 1100 0.312873 0.214205 0.032396 0.107955 0.805560 1173.000000 880.000000
0 1101 0.313299 0.213068 0.031543 0.107955 0.800440 1173.000000 880.000000
0 1102 0.313725 0.211932 0.032396 0.107955 0.781250 1173.000000 880.000000
0 1103 0.313725 0.211932 0.032396 0.107955 0.778850 1173.000000 880.000000
0 1104 0.313725 0.210795 0.032396 0.107955 0.778850 1173.000000 880.000000
0 1105 0.313725 0.209659 0.032396 0.107955 0.778850 1173.000000 880.000000
0 1106 0.314578 0.208523 0.032396 0.107955 0.754270 1173.000000 880.000000
0 1107 0.314578 0.207386 0.032396 0.107955 0.756940 1173.000000 880.000000
0 1108 0.314578 0.206250 0.032396 0.107955 0.756940 1173.000000 880.000000
0 1109 0.314578 0.205114 0.032396 0.107955 0.756940 1173.000000 880.000000
0 1110 0.315431 0.205114 0.032396 0.107955 0.729700 1173.000000 880.000000
0 1111 0.315431 0.203409 0.032396 0.106818 0.732790 1173.000000 880.000000
0 1112 0.315431 0.202273 0.032396 0.106818 0.732790 1173.000000 880.000000
0 1113 0.315431 0.201136 0.032396 0.106818 0.732790 1173.000000 880.000000
0 1114 0.315431 0.200000 0.032396 0.106818 0.735760 1173.000000 880.000000
0 1115 0.315431 0.198864 0.032396 0.106818 0.735760 1173.000000 880.000000
0 1116 0.315857 0.197727 0.031543 0.106818 0.728810 1173.000000 880.000000
0 1117 0.316283 0.196023 0.032396 0.105682 0.711950 1173.000000 880.000000
0 1118 0.316283 0.194886 0.032396 0.105682 0.715220 1173.000000 880.000000
0 1119 0.316283 0.194318 0.032396 0.104545 0.712160 1173.000000 880.000000
0 1120 0.316283 0.193182 0.032396 0.104545 0.712160 1173.000000 880.000000
0 1121 0.316709 0.192045 0.031543 0.104545 0.707980 1173.000000 880.000000
0 1122 0.316709 0.190909 0.031543 0.104545 0.707980 1173.000000 880.000000
0 1123 0.316709 0.189773 0.031543 0.104545 0.707980 1173.000000 880.000000
0 1124 0.317136 0.188068 0.032396 0.103409 0.695650 1173.000000 880.000000
0 1125 0.317136 0.186932 0.032396 0.103409 0.695650 1173.000000 880.000000
0 1126 0.317136 0.185795 0.032396 0.103409 0.695650 1173.000000 880.000000
0 1127 0.317562 0.185227 0.031543 0.102273 0.684210 1173.000000 880.000000
0 1128 0.317562 0.184091 0.031543 0.102273 0.687970 1173.000000 880.000000
0 1129 0.317562 0.182955 0.031543 0.102273 0.687970 1173.000000 880.000000
0 1130 0.317988 0.181250 0.032396 0.101136 0.672930 1173.000000 880.000000
0 1131 0.317988 0.180114 0.032396 0.101136 0.676920 1173.000000 880.000000
0 1132 0.318414 0.178977 0.031543 0.101136 0.668420 1173.000000 880.000000
0 1133 0.318414 0.177841 0.031543 0.101136 0.668420 1173.000000 880.000000
0 1134 0.318414 0.176705 0.031543 0.101136 0.668420 1173.000000 880.000000
0 1135 0.318414 0.176136 0.031543 0.100000 0.668840 1173.000000 880.000000
0 1136 0.318414 0.175000 0.031543 0.100000 0.668840 1173.000000 880.000000
0 1137 0.318841 0.173295 0.032396 0.098864 0.654720 1173.000000 880.000000
0 1138 0.319267 0.172159 0.031543 0.098864 0.650120 1173.000000 880.000000
0 1139 0.319267 0.171023 0.031543 0.098864 0.650120 1173.000000 880.000000
0 1140 0.319267 0.169886 0.031543 0.098864 0.650120 1173.000000 880.000000
0 1141 0.319267 0.168750 0.031543 0.098864 0.654610 1173.000000 880.000000
0 1142 0.319267 0.167614 0.031543 0.098864 0.654610 1173.000000 880.000000
0 1143 0.320119 0.167045 0.031543 0.097727 0.627340 1173.000000 880.000000
0 1144 0.320119 0.165909 0.031543 0.097727 0.632180 1173.000000 880.000000
0 1145 0.320119 0.165909 0.031543 0.097727 0.627340 1173.000000 880.000000
0 1146 0.320119 0.164773 0.031543 0.097727 0.632180 1173.000000 880.000000
0 1147 0.320119 0.164773 0.031543 0.097727 0.627340 1173.000000 880.000000
0 1148 0.320119 0.163636 0.031543 0.097727 0.632180 1173.000000 880.000000
0 1149 0.320119 0.163636 0.031543 0.097727 0.627340 1173.000000 880.000000
0 1150 0.320119 0.162500 0.031543 0.097727 0.632180 1173.000000 880.000000
0 1151 0.320119 0.162500 0.031543 0.097727 0.650640 1173.000000 880.000000
0 1152 0.320119 0.161364 0.031543 0.097727 0.650640 1173.000000 880.000000
0 1153 0.320119 0.161364 0.031543 0.097727 0.650640 1173.000000 880.000000
0 1154 0.320119 0.160227 0.031543 0.097727 0.650640 1173.000000 880.000000
0 1155 0.320119 0.160227 0.031543 0.097727 0.650640 1173.000000 880.000000
0 1156 0.320119 0.159091 0.031543 0.097727 0.650640 1173.000000 880.000000
0 1157 0.320119 0.159091 0.031543 0.097727 0.650640 1173.000000 880.000000
0 1158 0.320119 0.157955 0.031543 0.097727 0.650640 1173.000000 880.000000
0 1159 0.320119 0.157955 0.031543 0.097727 0.650640 1173.000000 880.000000
0 1160 0.320119 0.156818 0.031543 0.097727 0.650640 1173.000000 880.000000
0 1161 0.320119 0.156818 0.031543 0.097727 0.669690 1173.000000 880.000000
0 1162 0.320546 0.155682 0.032396 0.097727 0.659590 1173.000000 880.000000
0 1163 0.320546 0.155682 0.032396 0.097727 0.655170 1173.000000 880.000000
0 1164 0.320546 0.154545 0.032396 0.097727 0.659590 1173.000000 880.000000
0 1165 0.320546 0.154545 0.032396 0.097727 0.655170 1173.000000 880.000000
0 1166 0.320546 0.153409 0.032396 0.097727 0.659590 1173.000000 880.000000
0 1167 0.320546 0.153409 0.032396 0.097727 0.655170 1173.000000 880.000000
0 1168 0.320546 0.152273 0.032396 0.097727 0.659590 1173.000000 880.000000
0 1169 0.320546 0.152273 0.032396 0.097727 0.655170 1173.000000 880.000000
0 1170 0.320546 0.151136 0.032396 0.097727 0.682290 1173.000000 880.000000
0 1171 0.320546 0.151136 0.032396 0.097727 0.655170 1173.000000 880.000000
0 1172 0.320546 0.150000 0.032396 0.097727 0.655170 1173.000000 880.000000
0 1173 0.320546 0.150000 0.032396 0.097727 0.650750 1173.000000 880.000000
0 1174 0.320546 0.148864 0.032396 0.097727 0.650750 1173.000000 880.000000
0 1175 0.320546 0.148864 0.032396 0.097727 0.650750 1173.000000 880.000000
0 1176 0.320546 0.147727 0.032396 0.097727 0.650750 1173.000000 880.000000
0 1177 0.320546 0.147727 0.032396 0.097727 0.622750 1173.000000 880.000000
0 1178 0.320546 0.146591 0.032396 0.097727 0.622750 1173.000000 880.000000
0 1179 0.320546 0.146591 0.032396 0.097727 0.622750 1173.000000 880.000000
0 1180 0.320546 0.145455 0.032396 0.097727 0.622750 1173.000000 880.000000
0 1181 0.320972 0.145455 0.033248 0.097727 0.604310 1173.000000 880.000000
0 1182 0.320972 0.144318 0.033248 0.097727 0.604310 1173.000000 880.000000
0 1183 0.320972 0.143182 0.033248 0.097727 0.581030 1173.000000 880.000000
0 1184 0.320972 0.142045 0.033248 0.097727 0.586210 1173.000000 880.000000
0 1185 0.320972 0.140909 0.033248 0.097727 0.586210 1173.000000 880.000000
0 1186 0.320972 0.140909 0.033248 0.097727 0.581030 1173.000000 880.000000
0 1187 0.320972 0.139773 0.033248 0.097727 0.581030 1173.000000 880.000000
0 1188 0.320972 0.138636 0.033248 0.097727 0.586210 1173.000000 880.000000
0 1189 0.320972 0.137500 0.033248 0.097727 0.563220 1173.000000 880.000000
0 1190 0.320972 0.136364 0.033248 0.097727 0.563220 1173.000000 880.000000
0 1191 0.320972 0.136364 0.033248 0.097727 0.557760 1173.000000 880.000000
0 1192 0.320972 0.135227 0.033248 0.097727 0.557760 1173.000000 880.000000
0 1193 0.320972 0.134091 0.033248 0.097727 0.563220 1173.000000 880.000000
0 1194 0.320972 0.132955 0.033248 0.097727 0.563220 1173.000000 880.000000
0 1195 0.320972 0.131818 0.033248 0.097727 0.540230 1173.000000 880.000000
0 1196 0.320972 0.131818 0.033248 0.097727 0.534480 1173.000000 880.000000
0 1197 0.320972 0.130682 0.033248 0.097727 0.540230 1173.000000 880.000000
0 1198 0.320972 0.129545 0.033248 0.097727 0.540230 1173.000000 880.000000
0 1199 0.320972 0.128409 0.033248 0.097727 0.540230 1173.000000 880.000000
0 1200 0.320972 0.127273 0.033248 0.097727 0.540230 1173.000000 880.000000
0 1201 0.320972 0.127273 0.033248 0.097727 0.540230 1173.000000 880.000000
0 1202 0.320546 0.126136 0.032396 0.097727 0.552020 1173.000000 880.000000
0 1203 0.320546 0.125000 0.032396 0.097727 0.552020 1173.000000 880.000000
0 1204 0.320546 0.123864 0.032396 0.097727 0.552020 1173.000000 880.000000
0 1205 0.320546 0.122727 0.032396 0.097727 0.557620 1173.000000 880.000000
0 1206 0.320546 0.121591 0.032396 0.097727 0.580900 1173.000000 880.000000
0 1207 0.320546 0.121023 0.032396 0.096591 0.576030 1173.000000 880.000000
0 1208 0.320546 0.120455 0.032396 0.097727 0.580900 1173.000000 880.000000
0 1209 0.320546 0.119318 0.032396 0.097727 0.580900 1173.000000 880.000000
0 1210 0.320546 0.118182 0.032396 0.097727 0.604190 1173.000000 880.000000
0 1211 0.320546 0.117045 0.032396 0.097727 0.604190 1173.000000 880.000000
0 1212 0.320119 0.116477 0.031543 0.096591 0.618120 1173.000000 880.000000
0 1213 0.320119 0.115341 0.031543 0.096591 0.618120 1173.000000 880.000000
0 1214 0.320119 0.114773 0.031543 0.097727 0.641560 1173.000000 880.000000
0 1215 0.320119 0.113636 0.031543 0.097727 0.646100 1173.000000 880.000000
0 1216 0.320119 0.112500 0.031543 0.097727 0.646100 1173.000000 880.000000
0 1217 0.320546 0.111932 0.030691 0.096591 0.632310 1173.000000 880.000000
0 1218 0.320546 0.110795 0.030691 0.096591 0.661220 1173.000000 880.000000
0 1219 0.320546 0.109659 0.030691 0.096591 0.661220 1173.000000 880.000000
0 1220 0.320546 0.108523 0.030691 0.096591 0.661220 1173.000000 880.000000
0 1221 0.320546 0.107955 0.030691 0.097727 0.660760 1173.000000 880.000000
0 1222 0.320546 0.106818 0.030691 0.097727 0.665110 1173.000000 880.000000
0 1223 0.320119 0.106250 0.029838 0.096591 0.701550 1173.000000 880.000000
0 1224 0.320119 0.105114 0.029838 0.096591 0.701550 1173.000000 880.000000
0 1225 0.320119 0.103977 0.029838 0.096591 0.705430 1173.000000 880.000000
0 1226 0.320119 0.102841 0.029838 0.096591 0.705430 1173.000000 880.000000
0 1227 0.320119 0.102273 0.029838 0.097727 0.729570 1173.000000 880.000000
0 1228 0.320119 0.101705 0.029838 0.096591 0.726420 1173.000000 880.000000
0 1229 0.320119 0.100568 0.029838 0.096591 0.729970 1173.000000 880.000000
0 1230 0.320119 0.099432 0.029838 0.096591 0.729970 1173.000000 880.000000
0 1231 0.320119 0.098295 0.029838 0.096591 0.754520 1173.000000 880.000000
0 1232 0.320119 0.097159 0.029838 0.096591 0.757750 1173.000000 880.000000
0 1233 0.320546 0.097159 0.028986 0.096591 0.747510 1173.000000 880.000000
0 1234 0.320546 0.096023 0.028986 0.096591 0.747510 1173.000000 880.000000
0 1235 0.320546 0.094886 0.028986 0.096591 0.775750 1173.000000 880.000000
0 1236 0.321398 0.094886 0.028986 0.096591 0.747510 1173.000000 880.000000
0 1237 0.321398 0.093750 0.028986 0.096591 0.772760 1173.000000 880.000000
0 1238 0.322251 0.093182 0.028986 0.097727 0.747130 1173.000000 880.000000
0 1239 0.322251 0.092614 0.028986 0.096591 0.772760 1173.000000 880.000000
0 1240 0.323103 0.092045 0.028986 0.097727 0.747130 1173.000000 880.000000
0 1241 0.323103 0.091477 0.028986 0.096591 0.769770 1173.000000 880.000000
0 1242 0.323956 0.090341 0.028986 0.096591 0.744190 1173.000000 880.000000
0 1243 0.323956 0.089773 0.028986 0.097727 0.772410 1173.000000 880.000000
0 1244 0.324808 0.089205 0.028986 0.096591 0.744190 1173.000000 880.000000
0 1245 0.324808 0.088636 0.028986 0.097727 0.769460 1173.000000 880.000000
0 1246 0.325661 0.088068 0.028986 0.096591 0.740860 1173.000000 880.000000
0 1247 0.325661 0.087500 0.028986 0.097727 0.769460 1173.000000 880.000000
0 1248 0.326513 0.086364 0.028986 0.097727 0.743840 1173.000000 880.000000
0 1249 0.326513 0.085795 0.028986 0.096591 0.766780 1173.000000 880.000000
0 1250 0.327366 0.085227 0.028986 0.097727 1.000000 1173.000000 880.000000
0 1251 0.327366 0.084659 0.028986 0.096591 1.000000 1173.000000 880.000000
0 1252 0.328218 0.084091 0.028986 0.097727 1.000000 1173.000000 880.000000
0 1253 0.328218 0.082955 0.028986 0.097727 1.000000 1173.000000 880.000000
0 1254 0.329071 0.082955 0.028986 0.097727 1.000000 1173.000000 880.000000
0 1255 0.329071 0.081818 0.028986 0.097727 1.000000 1173.000000 880.000000
0 1256 0.329923 0.081818 0.028986 0.097727 1.000000 1173.000000 880.000000
0 1257 0.329923 0.080114 0.028986 0.096591 1.000000 1173.000000 880.000000
0 1258 0.329923 0.078977 0.028986 0.096591 1.000000 1173.000000 880.000000
0 1259 0.330776 0.077841 0.028986 0.096591 1.000000 1173.000000 880.000000
0 1260 0.330776 0.076705 0.028986 0.096591 1.000000 1173.000000 880.000000
0 1261 0.331628 0.075568 0.028986 0.096591 1.000000 1173.000000 880.000000
0 1262 0.331628 0.073864 0.028986 0.095455 1.000000 1173.000000 880.000000
0 1263 0.332481 0.072727 0.028986 0.095455 1.000000 1173.000000 880.000000
0 1264 0.332481 0.071591 0.028986 0.095455 1.000000 1173.000000 880.000000
0 1265 0.333333 0.070455 0.028986 0.095455 1.000000 1173.000000 880.000000
0 1266 0.333333 0.069318 0.028986 0.095455 1.000000 1173.000000 880.000000
0 1267 0.334186 0.067614 0.028986 0.094318 1.000000 1173.000000 880.000000
0 1268 0.334186 0.066477 0.028986 0.094318 1.000000 1173.000000 880.000000
0 1269 0.335038 0.065341 0.028986 0.094318 1.000000 1173.000000 880.000000
0 1270 0.335038 0.064205 0.028986 0.094318 1.000000 1173.000000 880.000000
0 1271 0.335038 0.063068 0.028986 0.094318 1.000000 1173.000000 880.000000
0 1272 0.335891 0.061364 0.028986 0.093182 0.776940 1173.000000 880.000000
0 1273 0.335891 0.060227 0.028986 0.093182 0.801720 1173.000000 880.000000
0 1274 0.336743 0.059091 0.028986 0.093182 0.776940 1173.000000 880.000000
0 1275 0.336743 0.057955 0.028986 0.093182 0.804480 1173.000000 880.000000
0 1276 0.337596 0.056818 0.028986 0.093182 0.780030 1173.000000 880.000000
0 1277 0.337596 0.055114 0.028986 0.092045 0.780490 1173.000000 880.000000
0 1278 0.338448 0.053977 0.028986 0.092045 0.783620 1173.000000 880.000000
0 1279 0.338448 0.052841 0.028986 0.092045 0.783620 1173.000000 880.000000
0 1280 0.339301 0.051705 0.028986 0.092045 0.783620 1173.000000 880.000000
0 1281 0.339301 0.050568 0.028986 0.092045 0.786760 1173.000000 880.000000
0 1282 0.340153 0.050000 0.028986 0.090909 0.784130 1173.000000 880.000000
0 1283 0.340153 0.048864 0.028986 0.090909 0.784130 1173.000000 880.000000
0 1284 0.341006 0.048295 0.028986 0.089773 0.784640 1173.000000 880.000000
0 1285 0.341006 0.047727 0.028986 0.088636 0.781920 1173.000000 880.000000
0 1286 0.341858 0.047727 0.028986 0.088636 0.781920 1173.000000 880.000000
0 1287 0.341858 0.047159 0.028986 0.087500 0.779120 1173.000000 880.000000
0 1288 0.342711 0.046591 0.028986 0.086364 0.776250 1173.000000 880.000000
0 1289 0.342711 0.045455 0.028986 0.086364 0.779590 1173.000000 880.000000
0 1290 0.343564 0.045455 0.028986 0.086364 0.776250 1173.000000 880.000000
0 1291 0.343564 0.044886 0.028986 0.085227 0.773310 1173.000000 880.000000
0 1292 0.344416 0.044318 0.028986 0.084091 0.773710 1173.000000 880.000000
0 1293 0.344842 0.043750 0.028133 0.082955 0.763910 1173.000000 880.000000
0 1294 0.345269 0.043750 0.028986 0.082955 1.000000 1173.000000 880.000000
0 1295 0.345695 0.043182 0.028133 0.081818 1.000000 1173.000000 880.000000
0 1296 0.346121 0.042045 0.028986 0.081818 1.000000 1173.000000 880.000000
0 1297 0.346547 0.041477 0.028133 0.080682 0.761030 1173.000000 880.000000
0 1298 0.346974 0.041477 0.028986 0.080682 1.000000 1173.000000 880.000000
0 1299 0.347400 0.040909 0.028133 0.079545 1.000000 1173.000000 880.000000
0 1300 0.347826 0.040341 0.028986 0.078409 1.000000 1173.000000 880.000000
0 1301 0.348252 0.039773 0.028133 0.077273 1.000000 1173.000000 880.000000
0 1302 0.349105 0.039773 0.028133 0.077273 1.000000 1173.000000 880.000000
0 1303 0.349105 0.039205 0.028133 0.076136 1.000000 1173.000000 880.000000
0 1304 0.349957 0.038636 0.028133 0.075000 1.000000 1173.000000 880.000000
0 1305 0.349957 0.038068 0.028133 0.073864 1.000000 1173.000000 880.000000
0 1306 0.350810 0.037500 0.028133 0.072727 1.000000 1173.000000 880.000000
0 1307 0.351662 0.036932 0.028133 0.071591 1.000000 1173.000000 880.000000
0 1308 0.351662 0.036364 0.028133 0.070455 1.000000 1173.000000 880.000000
0 1309 0.352515 0.035795 0.028133 0.069318 1.000000 1173.000000 880.000000
0 1310 0.352515 0.035227 0.028133 0.068182 1.000000 1173.000000 880.000000
0 1311 0.353367 0.034659 0.028133 0.067045 0.972060 1173.000000 880.000000
0 1312 0.354220 0.034091 0.028133 0.065909 0.943170 1173.000000 880.000000
0 1313 0.354220 0.033523 0.028133 0.064773 0.943200 1173.000000 880.000000
0 1314 0.355072 0.032955 0.028133 0.063636 0.705880 1173.000000 880.000000
0 1315 0.355925 0.032955 0.028133 0.063636 0.882350 1173.000000 880.000000
0 1316 0.355925 0.032386 0.028133 0.062500 0.882350 1173.000000 880.000000
0 1317 0.356777 0.031818 0.028133 0.061364 0.823530 1173.000000 880.000000
0 1318 0.356777 0.031250 0.028133 0.060227 0.823530 1173.000000 880.000000
0 1319 0.357630 0.030682 0.028133 0.059091 0.735290 1173.000000 880.000000
0 1320 0.358483 0.030114 0.028133 0.057955 0.705880 1173.000000 880.000000
0 1321 0.358483 0.029545 0.028133 0.056818 0.735290 1173.000000 880.000000
0 1322 0.359335 0.028977 0.028133 0.055682 0.735290 1173.000000 880.000000
0 1323 0.359335 0.028409 0.028133 0.054545 0.735290 1173.000000 880.000000
0 1324 0.360188 0.027841 0.028133 0.053409 0.705880 1173.000000 880.000000
0 1325 0.361040 0.027273 0.028133 0.052273 0.647060 1173.000000 880.000000
0 1326 0.361040 0.026705 0.028133 0.051136 0.647060 1173.000000 880.000000
0 1327 0.361893 0.026136 0.028133 0.050000 0.617650 1173.000000 880.000000
0 1328 0.362745 0.026136 0.028133 0.050000 0.588240 1173.000000 880.000000
0 1329 0.362745 0.025568 0.028133 0.048864 0.588240 1173.000000 880.000000
0 1330 0.362745 0.025000 0.028133 0.047727 0.588240 1173.000000 880.000000
0 1331 0.363598 0.024432 0.028133 0.046591 0.558820 1173.000000 880.000000
0 1332 0.363598 0.024432 0.028133 0.046591 0.558820 1173.000000 880.000000
0 1333 0.364450 0.023864 0.028133 0.045455 0.500000 1173.000000 880.000000
0 1334 0.364450 0.023295 0.028133 0.044318 0.500000 1173.000000 880.000000
0 1335 0.365303 0.023295 0.028133 0.044318 0.470590 1173.000000 880.000000
0 1336 0.365303 0.022727 0.028133 0.043182 0.470590 1173.000000 880.000000
0 1337 0.365729 0.022159 0.028986 0.042045 0.457140 1173.000000 880.000000
0 1338 0.366155 0.021591 0.028133 0.040909 0.441180 1173.000000 880.000000
0 1339 0.366581 0.021591 0.028986 0.040909 0.428570 1173.000000 880.000000
0 1340 0.367008 0.021023 0.028133 0.039773 0.411760 1173.000000 880.000000
0 1341 0.367434 0.020455 0.028986 0.038636 0.371430 1173.000000 880.000000
0 1342 0.367860 0.020455 0.028133 0.038636 0.352940 1173.000000 880.000000
0 1343 0.368286 0.019886 0.028986 0.037500 0.342860 1173.000000 880.000000
0 1344 0.368286 0.019318 0.028986 0.036364 0.342860 1173.000000 880.000000
0 1345 0.369139 0.018750 0.028986 0.035227 0.314290 1173.000000 880.000000
0 1346 0.369139 0.018750 0.028986 0.035227 0.314290 1173.000000 880.000000
0 1347 0.369991 0.018182 0.028986 0.034091 0.285710 1173.000000 880.000000
0 1348 0.369991 0.017614 0.028986 0.032955 0.285710 1173.000000 880.000000
0 1349 0.370844 0.017614 0.028986 0.032955 0.257140 1173.000000 880.000000
0 1350 0.370844 0.017045 0.028986 0.031818 0.228570 1173.000000 880.000000
0 1351 0.371697 0.017045 0.028986 0.031818 0.200000 1173.000000 880.000000
0 1352 0.372549 0.016477 0.028986 0.030682 0.171430 1173.000000 880.000000
0 1353 0.373402 0.016477 0.028986 0.030682 0.142860 1173.000000 880.000000
0 1354 0.373402 0.015909 0.028986 0.029545 0.142860 1173.000000 880.000000
0 1355 0.374254 0.015909 0.028986 0.029545 0.114290 1173.000000 880.000000
0 1356 0.375107 0.015341 0.028986 0.028409 0.085714 1173.000000 880.000000
0 1357 0.375959 0.015341 0.028986 0.028409 0.057143 1173.000000 880.000000
0 1358 0.376812 0.014773 0.028986 0.027273 0.028571 1173.000000 880.000000
0 1359 0.376812 0.014773 0.028986 0.027273 0.028571 1173.000000 880.000000
0 1360 0.377664 0.014205 0.028986 0.026136 0.000000 1173.000000 880.000000
0 1361 0.378517 0.014205 0.028986 0.026136 0.000000 1173.000000 880.000000
0 1362 0.379369 0.013636 0.028986 0.025000 0.000000 1173.000000 880.000000
0 1363 0.379369 0.013636 0.028986 0.025000 0.000000 1173.000000 880.000000
0 1364 0.380222 0.013068 0.028986 0.023864 0.000000 1173.000000 880.000000
0 1365 0.381074 0.013068 0.028986 0.023864 0.000000 1173.000000 880.000000
0 1366 0.381927 0.012500 0.028986 0.022727 0.000000 1173.000000 880.000000
0 1367 0.382779 0.012500 0.028986 0.022727 0.000000 1173.000000 880.000000
0 1368 0.382779 0.011932 0.028986 0.021591 0.000000 1173.000000 880.000000
0 1369 0.383632 0.011932 0.028986 0.021591 0.000000 1173.000000 880.000000
0 1370 0.384484 0.011364 0.028986 0.020455 0.000000 1173.000000 880.000000
0 1371 0.385337 0.011364 0.028986 0.020455 0.000000 1173.000000 880.000000
0 1372 0.385337 0.010795 0.028986 0.019318 0.000000 1173.000000 880.000000
0 1373 0.386189 0.010795 0.028986 0.019318 0.000000 1173.000000 880.000000
0 1374 0.387042 0.010227 0.028986 0.018182 0.000000 1173.000000 880.000000
0 1375 0.387894 0.010227 0.028986 0.018182 0.000000 1173.000000 880.000000
0 1376 0.388747 0.009659 0.028986 0.017045 0.000000 1173.000000 880.000000
0 1377 0.388747 0.009659 0.028986 0.017045 0.000000 1173.000000 880.000000
0 1378 0.389599 0.009091 0.028986 0.015909 0.000000 1173.000000 880.000000
0 1379 0.390452 0.009091 0.028986 0.015909 0.000000 1173.000000 880.000000
0 1380 0.391304 0.008523 0.028986 0.014773 0.000000 1173.000000 880.000000
0 1381 0.391304 0.008523 0.028986 0.014773 0.000000 1173.000000 880.000000
0 1382 0.392157 0.007955 0.028986 0.013636 0.000000 1173.000000 880.000000
0 1383 0.393009 0.007955 0.028986 0.013636 0.000000 1173.000000 880.000000
0 1384 0.393862 0.007386 0.028986 0.012500 0.000000 1173.000000 880.000000
