0 1801 0.986786 0.853409 0.026428 0.122727 0.615830 1173.000000 880.000000
0 1802 0.985934 0.850568 0.026428 0.123864 0.638350 1173.000000 880.000000
0 1803 0.985507 0.848295 0.027280 0.123864 0.649310 1173.000000 880.000000
0 1804 0.985081 0.846023 0.028133 0.123864 0.677540 1173.000000 880.000000
0 1805 0.984655 0.843750 0.028986 0.123864 0.691430 1173.000000 880.000000
0 1806 0.984228 0.841477 0.029838 0.123864 0.700000 1173.000000 880.000000
0 1807 0.983802 0.839205 0.030691 0.123864 0.724320 1173.000000 880.000000
0 1808 0.982950 0.836932 0.030691 0.123864 0.724320 1173.000000 880.000000
0 1809 0.982523 0.834659 0.031543 0.123864 0.735650 1173.000000 880.000000
0 1810 0.982097 0.832386 0.032396 0.123864 0.757580 1173.000000 880.000000
0 1811 0.981671 0.830114 0.033248 0.123864 0.763640 1173.000000 880.000000
0 1812 0.981245 0.827841 0.034101 0.123864 0.772950 1173.000000 880.000000
0 1813 0.980818 0.825568 0.034953 0.123864 0.792210 1173.000000 880.000000
0 1814 0.980392 0.823295 0.035806 0.123864 0.810570 1173.000000 880.000000
0 1815 0.979540 0.820455 0.035806 0.125000 0.812280 1173.000000 880.000000
0 1816 0.979113 0.818182 0.036658 0.125000 0.829650 1173.000000 880.000000
0 1817 0.978687 0.815909 0.037511 0.125000 0.846250 1173.000000 880.000000
0 1818 0.978261 0.813636 0.038363 0.125000 0.849590 1173.000000 880.000000
0 1819 0.977835 0.811364 0.039216 0.125000 0.865060 1173.000000 880.000000
0 1820 0.977408 0.809091 0.040068 0.125000 0.869930 1173.000000 880.000000
0 1821 0.976556 0.806818 0.040068 0.125000 0.869930 1173.000000 880.000000
0 1822 0.976130 0.804545 0.040921 0.125000 0.872590 1173.000000 880.000000
0 1823 0.975703 0.802273 0.041773 0.125000 0.863780 1173.000000 880.000000
0 1824 0.975277 0.800000 0.042626 0.125000 0.868570 1173.000000 880.000000
0 1825 0.974851 0.797727 0.043478 0.125000 0.860360 1173.000000 880.000000
0 1826 0.974425 0.795455 0.044331 0.125000 0.863000 1173.000000 880.000000
0 1827 0.974425 0.793182 0.044331 0.125000 0.865200 1173.000000 880.000000
0 1828 0.972720 0.790909 0.044331 0.125000 0.854840 1173.000000 880.000000
0 1829 0.971867 0.789773 0.044331 0.125000 0.841920 1173.000000 880.000000
0 1830 0.971014 0.788068 0.044331 0.126136 0.843330 1173.000000 880.000000
0 1831 0.969309 0.786932 0.044331 0.126136 0.819580 1173.000000 880.000000
0 1832 0.968457 0.785227 0.044331 0.127273 0.818330 1173.000000 880.000000
0 1833 0.967604 0.784091 0.044331 0.127273 0.804640 1173.000000 880.000000
0 1834 0.965899 0.782386 0.044331 0.126136 0.795150 1173.000000 880.000000
0 1835 0.965047 0.780682 0.044331 0.127273 0.782940 1173.000000 880.000000
0 1836 0.964194 0.779545 0.044331 0.127273 0.779600 1173.000000 880.000000
0 1837 0.962489 0.777841 0.044331 0.128409 0.759680 1173.000000 880.000000
0 1838 0.961637 0.776705 0.044331 0.128409 0.756040 1173.000000 880.000000
0 1839 0.960784 0.775568 0.044331 0.128409 0.741150 1173.000000 880.000000
0 1840 0.959079 0.773295 0.044331 0.128409 0.733860 1173.000000 880.000000
0 1841 0.958227 0.772159 0.044331 0.128409 0.718640 1173.000000 880.000000
0 1842 0.957374 0.771023 0.044331 0.128409 0.714500 1173.000000 880.000000
0 1843 0.955669 0.769886 0.044331 0.128409 0.691660 1173.000000 880.000000
0 1844 0.954817 0.768750 0.044331 0.128409 0.687190 1173.000000 880.000000
0 1845 0.953964 0.767614 0.044331 0.128409 0.682720 1173.000000 880.000000
0 1846 0.953112 0.766477 0.044331 0.128409 0.682720 1173.000000 880.000000
0 1847 0.951407 0.765341 0.044331 0.128409 0.666340 1173.000000 880.000000
0 1848 0.950554 0.764205 0.044331 0.128409 0.661700 1173.000000 880.000000
0 1849 0.949702 0.761932 0.044331 0.128409 0.666340 1173.000000 880.000000
0 1850 0.948849 0.760795 0.044331 0.128409 0.661700 1173.000000 880.000000
0 1851 0.947144 0.759659 0.044331 0.128409 0.644820 1173.000000 880.000000
0 1852 0.946292 0.758523 0.044331 0.128409 0.644820 1173.000000 880.000000
0 1853 0.945439 0.757386 0.044331 0.128409 0.640020 1173.000000 880.000000
0 1854 0.944587 0.756250 0.044331 0.128409 0.635220 1173.000000 880.000000
0 1855 0.942882 0.755114 0.044331 0.128409 0.622640 1173.000000 880.000000
0 1856 0.942029 0.753977 0.044331 0.128409 0.617680 1173.000000 880.000000
0 1857 0.941176 0.752841 0.044331 0.128409 0.617680 1173.000000 880.000000
0 1858 0.940324 0.751705 0.044331 0.128409 0.612710 1173.000000 880.000000
0 1859 0.939471 0.749432 0.044331 0.128409 0.612710 1173.000000 880.000000
0 1860 0.938619 0.747159 0.044331 0.128409 0.617680 1173.000000 880.000000
0 1861 0.938193 0.744886 0.045183 0.128409 0.624760 1173.000000 880.000000
0 1862 0.937766 0.742614 0.044331 0.128409 0.630420 1173.000000 880.000000
0 1863 0.936914 0.740341 0.044331 0.128409 0.635220 1173.000000 880.000000
0 1864 0.936488 0.738068 0.045183 0.128409 0.641980 1173.000000 880.000000
0 1865 0.936061 0.735795 0.044331 0.128409 0.647800 1173.000000 880.000000
0 1866 0.935209 0.733523 0.044331 0.128409 0.652430 1173.000000 880.000000
0 1867 0.934783 0.732386 0.045183 0.128409 0.654320 1173.000000 880.000000
0 1868 0.933930 0.730114 0.045183 0.128409 0.658870 1173.000000 880.000000
0 1869 0.933930 0.727841 0.045183 0.128409 0.671050 1173.000000 880.000000
0 1870 0.933078 0.725568 0.045183 0.128409 0.671050 1173.000000 880.000000
0 1871 0.932225 0.723295 0.045183 0.128409 0.671050 1173.000000 880.000000
0 1872 0.932225 0.721023 0.045183 0.128409 0.683240 1173.000000 880.000000
0 1873 0.931373 0.718750 0.045183 0.128409 0.671050 1173.000000 880.000000
0 1874 0.930520 0.716477 0.045183 0.128409 0.671050 1173.000000 880.000000
0 1875 0.930520 0.714205 0.045183 0.128409 0.683240 1173.000000 880.000000
0 1876 0.929668 0.713068 0.045183 0.128409 0.679010 1173.000000 880.000000
0 1877 0.929241 0.710795 0.046036 0.128409 0.684850 1173.000000 880.000000
0 1878 0.928389 0.708523 0.046036 0.128409 0.672730 1173.000000 880.000000
0 1879 0.927962 0.706250 0.045183 0.128409 0.679010 1173.000000 880.000000
0 1880 0.927536 0.703977 0.046036 0.128409 0.684850 1173.000000 880.000000
0 1881 0.926684 0.701705 0.046036 0.128409 0.684850 1173.000000 880.000000
0 1882 0.926257 0.699432 0.045183 0.128409 0.691360 1173.000000 880.000000
0 1883 0.925831 0.697159 0.046036 0.128409 0.684850 1173.000000 880.000000
0 1884 0.924979 0.694886 0.046036 0.128409 0.684850 1173.000000 880.000000
0 1885 0.924979 0.693750 0.046036 0.128409 0.692980 1173.000000 880.000000
0 1886 0.924126 0.691477 0.046036 0.128409 0.692980 1173.000000 880.000000
0 1887 0.924126 0.689205 0.046036 0.128409 0.705260 1173.000000 880.000000
0 1888 0.924126 0.687500 0.046036 0.127273 0.706520 1173.000000 880.000000
0 1889 0.923700 0.685227 0.045183 0.127273 0.713540 1173.000000 880.000000
0 1890 0.923274 0.682955 0.046036 0.127273 0.718740 1173.000000 880.000000
0 1891 0.923274 0.681250 0.046036 0.126136 0.719970 1173.000000 880.000000
0 1892 0.922847 0.678977 0.045183 0.126136 0.727180 1173.000000 880.000000
0 1893 0.922847 0.677841 0.045183 0.126136 0.736110 1173.000000 880.000000
0 1894 0.922847 0.675568 0.045183 0.126136 0.739580 1173.000000 880.000000
0 1895 0.921995 0.673295 0.045183 0.126136 0.739580 1173.000000 880.000000
0 1896 0.921995 0.671591 0.045183 0.125000 0.749750 1173.000000 880.000000
0 1897 0.921995 0.669318 0.045183 0.125000 0.753090 1173.000000 880.000000
0 1898 0.921995 0.667614 0.045183 0.123864 0.763300 1173.000000 880.000000
0 1899 0.921142 0.665341 0.045183 0.123864 0.763300 1173.000000 880.000000
0 1900 0.921142 0.663068 0.045183 0.123864 0.766500 1173.000000 880.000000
0 1901 0.921142 0.661932 0.045183 0.123864 0.775760 1173.000000 880.000000
0 1902 0.920716 0.659659 0.044331 0.123864 0.784220 1173.000000 880.000000
0 1903 0.920716 0.657955 0.044331 0.122727 0.785180 1173.000000 880.000000
0 1904 0.920290 0.655682 0.045183 0.122727 0.789160 1173.000000 880.000000
0 1905 0.919864 0.653409 0.044331 0.122727 0.797820 1173.000000 880.000000
0 1906 0.919864 0.651705 0.044331 0.121591 0.798740 1173.000000 880.000000
0 1907 0.919864 0.649432 0.044331 0.121591 0.811320 1173.000000 880.000000
0 1908 0.919864 0.648295 0.044331 0.121591 0.821450 1173.000000 880.000000
0 1909 0.919011 0.646023 0.044331 0.121591 0.811320 1173.000000 880.000000
0 1910 0.918159 0.644886 0.044331 0.121591 0.808700 1173.000000 880.000000
0 1911 0.918159 0.643750 0.044331 0.121591 0.819010 1173.000000 880.000000
0 1912 0.917306 0.642614 0.044331 0.121591 0.806080 1173.000000 880.000000
0 1913 0.916454 0.641477 0.044331 0.121591 0.803460 1173.000000 880.000000
0 1914 0.916454 0.640341 0.044331 0.121591 0.816560 1173.000000 880.000000
0 1915 0.915601 0.638068 0.044331 0.121591 0.819010 1173.000000 880.000000
0 1916 0.915601 0.636932 0.044331 0.121591 0.831940 1173.000000 880.000000
0 1917 0.914749 0.635795 0.044331 0.121591 0.831940 1173.000000 880.000000
0 1918 0.913896 0.634659 0.044331 0.121591 0.831940 1173.000000 880.000000
0 1919 0.913896 0.633523 0.044331 0.121591 0.844860 1173.000000 880.000000
0 1920 0.913043 0.632386 0.044331 0.121591 0.844860 1173.000000 880.000000
0 1921 0.913043 0.631250 0.044331 0.121591 0.857790 1173.000000 880.000000
0 1922 0.912191 0.628977 0.044331 0.121591 0.859710 1173.000000 880.000000
0 1923 0.911338 0.627841 0.044331 0.121591 0.846960 1173.000000 880.000000
0 1924 0.911338 0.626705 0.044331 0.121591 0.857790 1173.000000 880.000000
0 1925 0.910486 0.625568 0.044331 0.121591 0.857790 1173.000000 880.000000
0 1926 0.909633 0.624432 0.044331 0.121591 0.857790 1173.000000 880.000000
0 1927 0.909633 0.623295 0.044331 0.121591 0.870720 1173.000000 880.000000
0 1928 0.908781 0.621023 0.044331 0.121591 0.872470 1173.000000 880.000000
0 1929 0.908781 0.619886 0.044331 0.121591 0.885220 1173.000000 880.000000
0 1930 0.907928 0.618750 0.044331 0.121591 0.885220 1173.000000 880.000000
0 1931 0.907076 0.617614 0.044331 0.121591 0.885220 1173.000000 880.000000
0 1932 0.907076 0.616477 0.044331 0.121591 0.897970 1173.000000 880.000000
0 1933 0.906223 0.615341 0.044331 0.121591 0.897970 1173.000000 880.000000
0 1934 0.906223 0.614205 0.044331 0.121591 0.897970 1173.000000 880.000000
0 1935 0.905371 0.611932 0.044331 0.121591 0.899370 1173.000000 880.000000
0 1936 0.904518 0.610795 0.044331 0.121591 0.886790 1173.000000 880.000000
0 1937 0.904518 0.609659 0.044331 0.121591 0.900770 1173.000000 880.000000
0 1938 0.903666 0.608523 0.044331 0.121591 0.888360 1173.000000 880.000000
0 1939 0.902813 0.607386 0.044331 0.121591 0.889940 1173.000000 880.000000
0 1940 0.902813 0.606250 0.044331 0.121591 0.889940 1173.000000 880.000000
0 1941 0.901961 0.603977 0.044331 0.121591 0.886090 1173.000000 880.000000
0 1942 0.901961 0.602841 0.044331 0.121591 0.886090 1173.000000 880.000000
0 1943 0.901108 0.601705 0.044331 0.121591 0.880330 1173.000000 880.000000
0 1944 0.900256 0.600568 0.044331 0.121591 0.861460 1173.000000 880.000000
0 1945 0.900256 0.599432 0.044331 0.121591 0.866880 1173.000000 880.000000
0 1946 0.899403 0.598295 0.044331 0.121591 0.848010 1173.000000 880.000000
0 1947 0.899403 0.597159 0.044331 0.121591 0.857440 1173.000000 880.000000
0 1948 0.898551 0.597159 0.044331 0.121591 0.879450 1173.000000 880.000000
0 1949 0.898551 0.597159 0.044331 0.121591 0.885740 1173.000000 880.000000
0 1950 0.897698 0.598295 0.044331 0.121591 0.865480 1173.000000 880.000000
0 1951 0.897698 0.598295 0.044331 0.121591 0.872120 1173.000000 880.000000
0 1952 0.896846 0.599432 0.044331 0.121591 0.851500 1173.000000 880.000000
0 1953 0.896846 0.599432 0.044331 0.121591 0.863730 1173.000000 880.000000
0 1954 0.895993 0.600568 0.044331 0.121591 0.845390 1173.000000 880.000000
0 1955 0.895993 0.600568 0.044331 0.121591 0.857970 1173.000000 880.000000
0 1956 0.895567 0.601705 0.045183 0.121591 0.842250 1173.000000 880.000000
0 1957 0.895141 0.601705 0.044331 0.121591 0.852200 1173.000000 880.000000
0 1958 0.894714 0.602841 0.045183 0.121591 0.836250 1173.000000 880.000000
0 1959 0.894288 0.602841 0.044331 0.121591 0.846440 1173.000000 880.000000
0 1960 0.893862 0.603977 0.045183 0.121591 0.830250 1173.000000 880.000000
0 1961 0.893436 0.603977 0.044331 0.121591 0.840670 1173.000000 880.000000
0 1962 0.893436 0.605114 0.044331 0.121591 0.834910 1173.000000 880.000000
0 1963 0.893009 0.605114 0.045183 0.121591 0.837960 1173.000000 880.000000
0 1964 0.892583 0.605114 0.044331 0.121591 0.833330 1173.000000 880.000000
0 1965 0.892157 0.606250 0.045183 0.121591 0.834880 1173.000000 880.000000
0 1966 0.891731 0.606250 0.044331 0.121591 0.835260 1173.000000 880.000000
0 1967 0.891304 0.607386 0.045183 0.121591 0.822360 1173.000000 880.000000
0 1968 0.890878 0.607386 0.044331 0.121591 0.837700 1173.000000 880.000000
0 1969 0.890452 0.608523 0.045183 0.121591 0.828700 1173.000000 880.000000
0 1970 0.890452 0.608523 0.045183 0.121591 0.836590 1173.000000 880.000000
0 1971 0.889599 0.609659 0.045183 0.121591 0.824590 1173.000000 880.000000
0 1972 0.889599 0.609659 0.045183 0.121591 0.710220 1173.000000 880.000000
0 1973 0.888747 0.610795 0.045183 0.121591 0.691700 1173.000000 880.000000
0 1974 0.888747 0.610795 0.045183 0.121591 0.711420 1173.000000 880.000000
0 1975 0.887894 0.611932 0.045183 0.121591 0.694440 1173.000000 880.000000
0 1976 0.887894 0.611932 0.045183 0.121591 0.713820 1173.000000 880.000000
0 1977 0.887894 0.613068 0.045183 0.121591 0.715020 1173.000000 880.000000
0 1978 0.887894 0.613068 0.045183 0.121591 0.734570 1173.000000 880.000000
0 1979 0.887894 0.614205 0.045183 0.121591 0.734570 1173.000000 880.000000
0 1980 0.887894 0.615341 0.045183 0.121591 0.753090 1173.000000 880.000000
0 1981 0.887894 0.615341 0.045183 0.121591 0.755140 1173.000000 880.000000
0 1982 0.887894 0.616477 0.045183 0.121591 0.771780 1173.000000 880.000000
0 1983 0.887894 0.617614 0.045183 0.121591 0.770580 1173.000000 880.000000
0 1984 0.887894 0.617614 0.045183 0.121591 0.788070 1173.000000 880.000000
0 1985 0.887894 0.618750 0.045183 0.121591 0.788070 1173.000000 880.000000
0 1986 0.887894 0.619886 0.045183 0.121591 0.788580 1173.000000 880.000000
0 1987 0.887894 0.619886 0.045183 0.121591 0.786690 1173.000000 880.000000
0 1988 0.887894 0.621023 0.045183 0.121591 0.769380 1173.000000 880.000000
0 1989 0.887894 0.622159 0.045183 0.121591 0.751030 1173.000000 880.000000
0 1990 0.887894 0.622159 0.045183 0.121591 0.733880 1173.000000 880.000000
0 1991 0.887894 0.623295 0.045183 0.121591 0.716740 1173.000000 880.000000
0 1992 0.887894 0.624432 0.045183 0.121591 0.700270 1173.000000 880.000000
0 1993 0.887894 0.624432 0.045183 0.121591 0.837450 1173.000000 880.000000
0 1994 0.887894 0.625568 0.045183 0.121591 0.836250 1173.000000 880.000000
0 1995 0.887894 0.626705 0.045183 0.121591 0.833330 1173.000000 880.000000
0 1996 0.887894 0.627841 0.045183 0.121591 0.821670 1173.000000 880.000000
0 1997 0.887042 0.626705 0.045183 0.121591 0.810870 1173.000000 880.000000
0 1998 0.887042 0.626705 0.045183 0.121591 0.813100 1173.000000 880.000000
0 1999 0.887042 0.626705 0.045183 0.121591 0.813100 1173.000000 880.000000
0 2000 0.886189 0.626705 0.045183 0.121591 0.804870 1173.000000 880.000000
0 2001 0.886189 0.626705 0.045183 0.121591 0.804870 1173.000000 880.000000
0 2002 0.886189 0.626705 0.045183 0.121591 0.794240 1173.000000 880.000000
0 2003 0.885337 0.626705 0.045183 0.121591 0.781380 1173.000000 880.000000
0 2004 0.885337 0.626705 0.045183 0.121591 0.781380 1173.000000 880.000000
0 2005 0.885337 0.626705 0.045183 0.121591 0.781380 1173.000000 880.000000
0 2006 0.885337 0.625568 0.045183 0.121591 0.708500 1173.000000 880.000000
0 2007 0.884484 0.625568 0.045183 0.121591 0.695820 1173.000000 880.000000
0 2008 0.884484 0.625568 0.045183 0.121591 0.690160 1173.000000 880.000000
0 2009 0.884484 0.625568 0.045183 0.121591 0.701650 1173.000000 880.000000
0 2010 0.883632 0.625568 0.045183 0.121591 0.700620 1173.000000 880.000000
0 2011 0.883632 0.625568 0.045183 0.121591 0.699590 1173.000000 880.000000
0 2012 0.883632 0.625568 0.045183 0.121591 0.711760 1173.000000 880.000000
0 2013 0.882779 0.625568 0.045183 0.121591 0.692390 1173.000000 880.000000
0 2014 0.882779 0.625568 0.045183 0.121591 0.705080 1173.000000 880.000000
0 2015 0.882779 0.624432 0.045183 0.121591 0.705080 1173.000000 880.000000
0 2016 0.882779 0.624432 0.045183 0.121591 0.719990 1173.000000 880.000000
0 2017 0.881927 0.624432 0.045183 0.121591 0.700790 1173.000000 880.000000
0 2018 0.881927 0.624432 0.045183 0.121591 0.710910 1173.000000 880.000000
0 2019 0.881927 0.624432 0.045183 0.121591 0.721540 1173.000000 880.000000
0 2020 0.881074 0.624432 0.045183 0.121591 0.702160 1173.000000 880.000000
0 2021 0.881074 0.624432 0.045183 0.121591 0.713130 1173.000000 880.000000
0 2022 0.881074 0.624432 0.045183 0.121591 0.715190 1173.000000 880.000000
0 2023 0.881074 0.624432 0.045183 0.121591 0.729250 1173.000000 880.000000
0 2024 0.880222 0.622159 0.045183 0.121591 0.714680 1173.000000 880.000000
0 2025 0.880222 0.621023 0.045183 0.121591 0.725650 1173.000000 880.000000
0 2026 0.880222 0.619318 0.045183 0.120455 0.730180 1173.000000 880.000000
0 2027 0.879369 0.618182 0.045183 0.120455 0.721700 1173.000000 880.000000
0 2028 0.879369 0.617045 0.045183 0.120455 0.771200 1173.000000 880.000000
0 2029 0.879369 0.615341 0.045183 0.119318 0.783540 1173.000000 880.000000
0 2030 0.878943 0.614205 0.046036 0.119318 0.782500 1173.000000 880.000000
0 2031 0.878517 0.611932 0.045183 0.119318 0.782150 1173.000000 880.000000
0 2032 0.878517 0.610795 0.045183 0.119318 0.792980 1173.000000 880.000000
0 2033 0.878090 0.609659 0.046036 0.119318 0.780960 1173.000000 880.000000
0 2034 0.877664 0.607955 0.045183 0.118182 0.789420 1173.000000 880.000000
0 2035 0.877664 0.606818 0.045183 0.118182 0.789420 1173.000000 880.000000
0 2036 0.877238 0.605682 0.046036 0.118182 0.791520 1173.000000 880.000000
0 2037 0.877238 0.603977 0.046036 0.117045 0.791610 1173.000000 880.000000
0 2038 0.876812 0.602273 0.045183 0.118182 0.804060 1173.000000 880.000000
0 2039 0.876812 0.600568 0.045183 0.117045 0.804130 1173.000000 880.000000
0 2040 0.876385 0.599432 0.046036 0.117045 0.816080 1173.000000 880.000000
0 2041 0.876385 0.598295 0.046036 0.117045 0.824300 1173.000000 880.000000
0 2042 0.875959 0.596591 0.045183 0.115909 0.835310 1173.000000 880.000000
0 2043 0.875533 0.595455 0.046036 0.115909 0.844310 1173.000000 880.000000
0 2044 0.875533 0.594318 0.046036 0.115909 0.854900 1173.000000 880.000000
0 2045 0.875107 0.592045 0.045183 0.115909 0.866060 1173.000000 880.000000
0 2046 0.874680 0.590909 0.046036 0.115909 0.865840 1173.000000 880.000000
0 2047 0.874680 0.589205 0.046036 0.114773 0.885030 1173.000000 880.000000
0 2048 0.874680 0.588068 0.046036 0.114773 0.898750 1173.000000 880.000000
0 2049 0.873828 0.586932 0.046036 0.114773 0.891270 1173.000000 880.000000
0 2050 0.873828 0.585227 0.046036 0.113636 0.917910 1173.000000 880.000000
0 2051 0.873828 0.584091 0.046036 0.113636 0.914490 1173.000000 880.000000
0 2052 0.873828 0.582955 0.046036 0.113636 0.915750 1173.000000 880.000000
0 2053 0.872975 0.580682 0.046036 0.113636 0.914490 1173.000000 880.000000
0 2054 0.872123 0.579545 0.046036 0.113636 0.870570 1173.000000 880.000000
0 2055 0.871270 0.578409 0.046036 0.113636 0.865890 1173.000000 880.000000
0 2056 0.871270 0.577273 0.046036 0.113636 0.881010 1173.000000 880.000000
0 2057 0.870418 0.575568 0.046036 0.114773 0.903740 1173.000000 880.000000
0 2058 0.869565 0.573864 0.046036 0.113636 0.865890 1173.000000 880.000000
0 2059 0.869565 0.572727 0.046036 0.113636 0.906390 1173.000000 880.000000
0 2060 0.868713 0.571591 0.046036 0.113636 0.901710 1173.000000 880.000000
0 2061 0.867860 0.570455 0.046036 0.113636 0.901710 1173.000000 880.000000
0 2062 0.867008 0.568750 0.046036 0.114773 0.898040 1173.000000 880.000000
0 2063 0.867008 0.567614 0.046036 0.114773 0.894120 1173.000000 880.000000
0 2064 0.866155 0.565909 0.046036 0.113636 0.897030 1173.000000 880.000000
0 2065 0.865303 0.564773 0.046036 0.113636 0.892350 1173.000000 880.000000
0 2066 0.865303 0.563636 0.046036 0.113636 0.892350 1173.000000 880.000000
0 2067 0.864450 0.561932 0.046036 0.114773 0.893400 1173.000000 880.000000
0 2068 0.863598 0.560795 0.046036 0.114773 0.888770 1173.000000 880.000000
0 2069 0.863598 0.559659 0.046036 0.114773 0.888770 1173.000000 880.000000
0 2070 0.862745 0.557955 0.046036 0.113636 0.887670 1173.000000 880.000000
0 2071 0.861893 0.556818 0.046036 0.113636 0.882990 1173.000000 880.000000
0 2072 0.861040 0.555114 0.046036 0.114773 0.879680 1173.000000 880.000000
0 2073 0.861040 0.553977 0.046036 0.114773 0.879680 1173.000000 880.000000
0 2074 0.860188 0.552841 0.046036 0.114773 0.875220 1173.000000 880.000000
0 2075 0.859335 0.551136 0.046036 0.113636 0.873630 1173.000000 880.000000
0 2076 0.859335 0.550000 0.046036 0.113636 0.873990 1173.000000 880.000000
0 2077 0.858483 0.548295 0.046036 0.114773 0.870230 1173.000000 880.000000
0 2078 0.857630 0.547159 0.046036 0.114773 0.865600 1173.000000 880.000000
0 2079 0.856777 0.546023 0.046036 0.114773 0.860430 1173.000000 880.000000
0 2080 0.856777 0.544886 0.046036 0.114773 0.860430 1173.000000 880.000000
0 2081 0.855925 0.543182 0.046036 0.113636 0.859050 1173.000000 880.000000
0 2082 0.855072 0.541477 0.046036 0.114773 0.850270 1173.000000 880.000000
0 2083 0.855072 0.540341 0.046036 0.114773 0.850270 1173.000000 880.000000
0 2084 0.854220 0.539205 0.046036 0.114773 0.845280 1173.000000 880.000000
0 2085 0.853367 0.538068 0.046036 0.114773 0.839750 1173.000000 880.000000
0 2086 0.853367 0.536932 0.046036 0.114773 0.834580 1173.000000 880.000000
0 2087 0.851662 0.535795 0.042626 0.112500 0.829800 1173.000000 880.000000
0 2088 0.850810 0.535795 0.039216 0.110227 0.812420 1173.000000 880.000000
0 2089 0.849531 0.535227 0.034953 0.109091 0.795780 1173.000000 880.000000
0 2090 0.848679 0.535227 0.031543 0.106818 0.780610 1173.000000 880.000000
0 2091 0.847400 0.532955 0.032396 0.106818 0.775440 1173.000000 880.000000
0 2092 0.846547 0.530682 0.032396 0.106818 0.766800 1173.000000 880.000000
0 2093 0.845695 0.528977 0.032396 0.107955 0.760680 1173.000000 880.000000
0 2094 0.844416 0.526705 0.033248 0.107955 0.758330 1173.000000 880.000000
0 2095 0.843564 0.525000 0.033248 0.109091 0.744850 1173.000000 880.000000
0 2096 0.842711 0.523295 0.033248 0.107955 0.742190 1173.000000 880.000000
0 2097 0.841858 0.521591 0.033248 0.109091 0.728350 1173.000000 880.000000
0 2098 0.840580 0.519318 0.034101 0.109091 0.717880 1173.000000 880.000000
0 2099 0.839727 0.517614 0.034101 0.110227 0.712540 1173.000000 880.000000
0 2100 0.838875 0.515341 0.034101 0.110227 0.703830 1173.000000 880.000000
0 2101 0.838448 0.514205 0.034953 0.110227 0.702380 1173.000000 880.000000
0 2102 0.837596 0.511932 0.034953 0.110227 0.702380 1173.000000 880.000000
0 2103 0.836743 0.509659 0.034953 0.110227 0.702380 1173.000000 880.000000
0 2104 0.836743 0.507386 0.034953 0.110227 0.702380 1173.000000 880.000000
0 2105 0.835891 0.505114 0.034953 0.110227 0.702380 1173.000000 880.000000
0 2106 0.835038 0.503409 0.034953 0.109091 0.690720 1173.000000 880.000000
0 2107 0.835038 0.501136 0.034953 0.109091 0.699310 1173.000000 880.000000
0 2108 0.834186 0.498864 0.034953 0.109091 0.699310 1173.000000 880.000000
0 2109 0.833333 0.496591 0.034953 0.109091 0.690720 1173.000000 880.000000
0 2110 0.833333 0.494318 0.034953 0.109091 0.699310 1173.000000 880.000000
0 2111 0.832481 0.492614 0.034953 0.107955 0.330850 1173.000000 880.000000
0 2112 0.832481 0.490341 0.034953 0.107955 0.338790 1173.000000 880.000000
0 2113 0.831628 0.488068 0.034953 0.107955 0.345240 1173.000000 880.000000
0 2114 0.830776 0.485795 0.034953 0.107955 0.347220 1173.000000 880.000000
0 2115 0.830776 0.483523 0.034953 0.107955 0.354170 1173.000000 880.000000
0 2116 0.829923 0.481818 0.034953 0.106818 0.353630 1173.000000 880.000000
0 2117 0.829071 0.479545 0.034953 0.106818 0.354140 1173.000000 880.000000
0 2118 0.829071 0.477273 0.034953 0.106818 0.360150 1173.000000 880.000000
0 2119 0.828218 0.475000 0.034953 0.106818 0.362410 1173.000000 880.000000
0 2120 0.828218 0.473864 0.034953 0.106818 0.357140 1173.000000 880.000000
0 2121 0.827792 0.470455 0.035806 0.106818 0.367200 1173.000000 880.000000
0 2122 0.827792 0.467045 0.035806 0.106818 0.370130 1173.000000 880.000000
0 2123 0.827792 0.463636 0.035806 0.106818 0.370380 1173.000000 880.000000
0 2124 0.827792 0.460227 0.035806 0.106818 0.373320 1173.000000 880.000000
0 2125 0.827792 0.456818 0.035806 0.106818 0.366950 1173.000000 880.000000
0 2126 0.827792 0.453977 0.035806 0.107955 0.354170 1173.000000 880.000000
0 2127 0.827792 0.450568 0.035806 0.107955 0.355380 1173.000000 880.000000
0 2128 0.827792 0.447159 0.035806 0.107955 0.347380 1173.000000 880.000000
0 2129 0.827792 0.443750 0.035806 0.107955 0.345930 1173.000000 880.000000
0 2130 0.827792 0.440341 0.035806 0.107955 0.347380 1173.000000 880.000000
0 2131 0.827792 0.438068 0.035806 0.107955 0.328970 1173.000000 880.000000
0 2132 0.827792 0.434659 0.035806 0.107955 0.331400 1173.000000 880.000000
0 2133 0.828645 0.431250 0.035806 0.107955 0.340600 1173.000000 880.000000
0 2134 0.828645 0.427841 0.035806 0.107955 0.334790 1173.000000 880.000000
0 2135 0.829497 0.424432 0.035806 0.107955 0.348840 1173.000000 880.000000
0 2136 0.830350 0.421023 0.035806 0.107955 0.375000 1173.000000 880.000000
0 2137 0.830350 0.417614 0.035806 0.107955 0.355140 1173.000000 880.000000
0 2138 0.831202 0.414205 0.035806 0.107955 0.372340 1173.000000 880.000000
0 2139 0.831202 0.410795 0.035806 0.107955 0.377910 1173.000000 880.000000
0 2140 0.832055 0.407386 0.035806 0.107955 0.388080 1173.000000 880.000000
0 2141 0.832907 0.403977 0.035806 0.107955 0.404070 1173.000000 880.000000
0 2142 0.832907 0.400568 0.035806 0.107955 0.400680 1173.000000 880.000000
0 2143 0.833760 0.397159 0.035806 0.107955 0.404550 1173.000000 880.000000
0 2144 0.834612 0.393750 0.035806 0.107955 0.418850 1173.000000 880.000000
0 2145 0.834612 0.390341 0.035806 0.107955 0.414240 1173.000000 880.000000
0 2146 0.835465 0.386932 0.035806 0.107955 0.440890 1173.000000 880.000000
0 2147 0.836317 0.383523 0.035806 0.107955 0.461240 1173.000000 880.000000
0 2148 0.837170 0.380114 0.035806 0.107955 0.478200 1173.000000 880.000000
0 2149 0.838022 0.376705 0.035806 0.107955 0.493460 1173.000000 880.000000
0 2150 0.838875 0.373295 0.035806 0.107955 0.519620 1173.000000 880.000000
0 2151 0.839727 0.371023 0.035806 0.107955 0.526650 1173.000000 880.000000
0 2152 0.839727 0.367614 0.035806 0.107955 0.529550 1173.000000 880.000000
0 2153 0.840580 0.364205 0.035806 0.107955 0.546750 1173.000000 880.000000
0 2154 0.841432 0.360795 0.035806 0.107955 0.567100 1173.000000 880.000000
0 2155 0.842285 0.357386 0.035806 0.107955 0.603680 1173.000000 880.000000
0 2156 0.843137 0.353977 0.035806 0.107955 0.624760 1173.000000 880.000000
0 2157 0.843990 0.350568 0.035806 0.107955 0.642200 1173.000000 880.000000
0 2158 0.844842 0.348295 0.035806 0.107955 0.652860 1173.000000 880.000000
0 2159 0.844842 0.346023 0.035806 0.107955 0.638570 1173.000000 880.000000
0 2160 0.845269 0.344886 0.034953 0.107955 0.630210 1173.000000 880.000000
0 2161 0.846121 0.343750 0.034953 0.107955 0.912950 1173.000000 880.000000
0 2162 0.846547 0.341477 0.034101 0.107955 0.940800 1173.000000 880.000000
0 2163 0.846974 0.340341 0.034953 0.107955 0.940970 1173.000000 880.000000
0 2164 0.847400 0.339205 0.034101 0.107955 0.960370 1173.000000 880.000000
0 2165 0.848252 0.337500 0.034101 0.106818 0.973300 1173.000000 880.000000
0 2166 0.848679 0.335795 0.033248 0.107955 0.986200 1173.000000 880.000000
0 2167 0.849531 0.334659 0.033248 0.107955 0.986200 1173.000000 880.000000
0 2168 0.849531 0.332955 0.033248 0.106818 0.986050 1173.000000 880.000000
0 2169 0.850384 0.331818 0.033248 0.106818 0.986050 1173.000000 880.000000
0 2170 0.850810 0.330114 0.032396 0.107955 0.985580 1173.000000 880.000000
0 2171 0.851662 0.328409 0.032396 0.106818 1.000000 1173.000000 880.000000
0 2172 0.852089 0.327273 0.031543 0.106818 1.000000 1173.000000 880.000000
0 2173 0.852515 0.326136 0.032396 0.106818 0.985430 1173.000000 880.000000
0 2174 0.852941 0.323864 0.031543 0.106818 1.000000 1173.000000 880.000000
0 2175 0.853794 0.322727 0.031543 0.106818 1.000000 1173.000000 880.000000
0 2176 0.854220 0.321591 0.030691 0.106818 1.000000 1173.000000 880.000000
0 2177 0.855072 0.320455 0.030691 0.106818 1.000000 1173.000000 880.000000
0 2178 0.855499 0.319318 0.031543 0.106818 1.000000 1173.000000 880.000000
0 2179 0.856351 0.318182 0.031543 0.106818 1.000000 1173.000000 880.000000
0 2180 0.857204 0.317045 0.031543 0.106818 1.000000 1173.000000 880.000000
0 2181 0.858056 0.315909 0.031543 0.106818 1.000000 1173.000000 880.000000
0 2182 0.858909 0.315909 0.031543 0.106818 1.000000 1173.000000 880.000000
0 2183 0.859761 0.314773 0.031543 0.106818 1.000000 1173.000000 880.000000
0 2184 0.860614 0.313636 0.031543 0.106818 1.000000 1173.000000 880.000000
0 2185 0.861040 0.312500 0.032396 0.106818 1.000000 1173.000000 880.000000
0 2186 0.861893 0.311364 0.032396 0.106818 1.000000 1173.000000 880.000000
0 2187 0.862745 0.311364 0.032396 0.106818 1.000000 1173.000000 880.000000
0 2188 0.863598 0.310227 0.032396 0.106818 1.000000 1173.000000 880.000000
0 2189 0.864450 0.309091 0.032396 0.106818 1.000000 1173.000000 880.000000
0 2190 0.865303 0.307955 0.032396 0.106818 1.000000 1173.000000 880.000000
0 2191 0.866155 0.306818 0.032396 0.106818 1.000000 1173.000000 880.000000
0 2192 0.867008 0.306818 0.032396 0.106818 1.000000 1173.000000 880.000000
0 2193 0.867008 0.305682 0.032396 0.106818 1.000000 1173.000000 880.000000
0 2194 0.867860 0.305114 0.032396 0.105682 1.000000 1173.000000 880.000000
0 2195 0.868713 0.305114 0.032396 0.105682 1.000000 1173.000000 880.000000
0 2196 0.868713 0.303977 0.032396 0.105682 1.000000 1173.000000 880.000000
0 2197 0.869565 0.303409 0.032396 0.104545 1.000000 1173.000000 880.000000
0 2198 0.870418 0.303409 0.032396 0.104545 1.000000 1173.000000 880.000000
0 2199 0.870844 0.302273 0.031543 0.104545 1.000000 1173.000000 880.000000
0 2200 0.871270 0.302273 0.032396 0.104545 1.000000 1173.000000 880.000000
0 2201 0.872123 0.301705 0.032396 0.103409 1.000000 1173.000000 880.000000
0 2202 0.872549 0.300568 0.031543 0.103409 1.000000 1173.000000 880.000000
0 2203 0.872975 0.300568 0.032396 0.103409 1.000000 1173.000000 880.000000
0 2204 0.873828 0.300000 0.032396 0.102273 1.000000 1173.000000 880.000000
0 2205 0.874254 0.299432 0.031543 0.103409 1.000000 1173.000000 880.000000
0 2206 0.875107 0.298864 0.031543 0.102273 1.000000 1173.000000 880.000000
0 2207 0.875533 0.298295 0.032396 0.101136 1.000000 1173.000000 880.000000
0 2208 0.875959 0.297727 0.031543 0.102273 1.000000 1173.000000 880.000000
0 2209 0.876812 0.297159 0.031543 0.101136 1.000000 1173.000000 880.000000
0 2210 0.877664 0.297159 0.031543 0.101136 1.000000 1173.000000 880.000000
0 2211 0.877664 0.294886 0.031543 0.101136 1.000000 1173.000000 880.000000
0 2212 0.878517 0.293750 0.031543 0.101136 1.000000 1173.000000 880.000000
0 2213 0.879369 0.292614 0.031543 0.101136 1.000000 1173.000000 880.000000
0 2214 0.880222 0.291477 0.031543 0.101136 1.000000 1173.000000 880.000000
0 2215 0.881074 0.290341 0.031543 0.101136 1.000000 1173.000000 880.000000
0 2216 0.881927 0.288068 0.031543 0.101136 1.000000 1173.000000 880.000000
0 2217 0.882779 0.286932 0.031543 0.101136 1.000000 1173.000000 880.000000
0 2218 0.882779 0.285795 0.031543 0.101136 1.000000 1173.000000 880.000000
0 2219 0.883632 0.284659 0.031543 0.101136 1.000000 1173.000000 880.000000
0 2220 0.884484 0.283523 0.031543 0.101136 1.000000 1173.000000 880.000000
0 2221 0.885337 0.282386 0.031543 0.101136 1.000000 1173.000000 880.000000
0 2222 0.886189 0.280114 0.031543 0.101136 1.000000 1173.000000 880.000000
0 2223 0.887042 0.278977 0.031543 0.101136 1.000000 1173.000000 880.000000
0 2224 0.887894 0.277841 0.031543 0.101136 1.000000 1173.000000 880.000000
0 2225 0.888747 0.276705 0.031543 0.101136 1.000000 1173.000000 880.000000
0 2226 0.888747 0.275568 0.031543 0.101136 1.000000 1173.000000 880.000000
0 2227 0.889599 0.274432 0.031543 0.101136 1.000000 1173.000000 880.000000
0 2228 0.890452 0.272159 0.031543 0.101136 1.000000 1173.000000 880.000000
0 2229 0.891304 0.271023 0.031543 0.101136 1.000000 1173.000000 880.000000
0 2230 0.892157 0.269886 0.031543 0.101136 1.000000 1173.000000 880.000000
0 2231 0.893009 0.268750 0.031543 0.101136 1.000000 1173.000000 880.000000
0 2232 0.893862 0.267614 0.031543 0.101136 1.000000 1173.000000 880.000000
0 2233 0.894714 0.266477 0.031543 0.101136 0.526320 1173.000000 880.000000
0 2234 0.894714 0.265341 0.031543 0.101136 0.500000 1173.000000 880.000000
0 2235 0.895567 0.264205 0.031543 0.101136 0.500000 1173.000000 880.000000
0 2236 0.896419 0.263068 0.031543 0.101136 0.473680 1173.000000 880.000000
0 2237 0.897272 0.261932 0.031543 0.101136 0.473680 1173.000000 880.000000
0 2238 0.898124 0.260795 0.031543 0.101136 0.473680 1173.000000 880.000000
0 2239 0.898551 0.259659 0.030691 0.101136 0.432430 1173.000000 880.000000
0 2240 0.898977 0.258523 0.031543 0.101136 0.447370 1173.000000 880.000000
0 2241 0.899829 0.257386 0.031543 0.101136 0.473680 1173.000000 880.000000
0 2242 0.900682 0.257386 0.031543 0.101136 1.000000 1173.000000 880.000000
0 2243 0.901535 0.256250 0.031543 0.101136 1.000000 1173.000000 880.000000
0 2244 0.901961 0.255114 0.030691 0.101136 1.000000 1173.000000 880.000000
0 2245 0.902813 0.253977 0.030691 0.101136 1.000000 1173.000000 880.000000
0 2246 0.903240 0.252841 0.031543 0.101136 1.000000 1173.000000 880.000000
0 2247 0.904092 0.251705 0.031543 0.101136 1.000000 1173.000000 880.000000
0 2248 0.904945 0.250568 0.031543 0.101136 1.000000 1173.000000 880.000000
0 2249 0.905371 0.249432 0.030691 0.101136 1.000000 1173.000000 880.000000
0 2250 0.906223 0.248295 0.030691 0.101136 1.000000 1173.000000 880.000000
0 2251 0.907076 0.248295 0.030691 0.101136 1.000000 1173.000000 880.000000
0 2252 0.907502 0.247159 0.031543 0.101136 1.000000 1173.000000 880.000000
0 2253 0.908355 0.246023 0.031543 0.101136 1.000000 1173.000000 880.000000
0 2254 0.908781 0.244886 0.030691 0.101136 1.000000 1173.000000 880.000000
0 2255 0.909633 0.243750 0.030691 0.101136 1.000000 1173.000000 880.000000
0 2256 0.910486 0.242614 0.030691 0.101136 1.000000 1173.000000 880.000000
0 2257 0.911338 0.241477 0.030691 0.101136 1.000000 1173.000000 880.000000
0 2258 0.911765 0.240341 0.031543 0.101136 1.000000 1173.000000 880.000000
0 2259 0.912191 0.239205 0.030691 0.101136 1.000000 1173.000000 880.000000
0 2260 0.913043 0.239205 0.030691 0.101136 1.000000 1173.000000 880.000000
0 2261 0.913896 0.238068 0.030691 0.101136 1.000000 1173.000000 880.000000
0 2262 0.914749 0.236932 0.030691 0.101136 1.000000 1173.000000 880.000000
0 2263 0.915601 0.235795 0.030691 0.101136 1.000000 1173.000000 880.000000
0 2264 0.915601 0.234659 0.030691 0.101136 1.000000 1173.000000 880.000000
0 2265 0.916454 0.233523 0.030691 0.101136 1.000000 1173.000000 880.000000
0 2266 0.917306 0.232386 0.030691 0.101136 1.000000 1173.000000 880.000000
0 2267 0.918159 0.231250 0.030691 0.101136 1.000000 1173.000000 880.000000
0 2268 0.919011 0.230114 0.030691 0.101136 1.000000 1173.000000 880.000000
0 2269 0.919864 0.230114 0.030691 0.101136 1.000000 1173.000000 880.000000
0 2270 0.919864 0.228977 0.030691 0.101136 1.000000 1173.000000 880.000000
0 2271 0.919864 0.227841 0.030691 0.101136 1.000000 1173.000000 880.000000
0 2272 0.920716 0.226705 0.030691 0.101136 1.000000 1173.000000 880.000000
0 2273 0.920716 0.225568 0.030691 0.101136 1.000000 1173.000000 880.000000
0 2274 0.920716 0.224432 0.030691 0.101136 1.000000 1173.000000 880.000000
0 2275 0.921569 0.223295 0.030691 0.101136 1.000000 1173.000000 880.000000
0 2276 0.921569 0.222159 0.030691 0.101136 1.000000 1173.000000 880.000000
0 2277 0.921569 0.221023 0.030691 0.101136 1.000000 1173.000000 880.000000
0 2278 0.922421 0.219886 0.030691 0.101136 1.000000 1173.000000 880.000000
0 2279 0.922421 0.218750 0.030691 0.101136 1.000000 1173.000000 880.000000
0 2280 0.922847 0.217614 0.031543 0.101136 1.000000 1173.000000 880.000000
0 2281 0.923274 0.216477 0.030691 0.101136 1.000000 1173.000000 880.000000
0 2282 0.923274 0.215341 0.030691 0.101136 1.000000 1173.000000 880.000000
0 2283 0.923700 0.214205 0.031543 0.101136 1.000000 1173.000000 880.000000
0 2284 0.924126 0.213068 0.030691 0.101136 1.000000 1173.000000 880.000000
0 2285 0.924126 0.211932 0.030691 0.101136 1.000000 1173.000000 880.000000
0 2286 0.924552 0.210795 0.031543 0.101136 1.000000 1173.000000 880.000000
0 2287 0.924979 0.209659 0.030691 0.101136 1.000000 1173.000000 880.000000
0 2288 0.924979 0.208523 0.030691 0.101136 1.000000 1173.000000 880.000000
0 2289 0.925405 0.207386 0.031543 0.101136 1.000000 1173.000000 880.000000
0 2290 0.925831 0.206250 0.030691 0.101136 1.000000 1173.000000 880.000000
0 2291 0.926257 0.205114 0.031543 0.101136 1.000000 1173.000000 880.000000
0 2292 0.926257 0.203977 0.031543 0.101136 1.000000 1173.000000 880.000000
0 2293 0.926684 0.202841 0.030691 0.101136 1.000000 1173.000000 880.000000
0 2294 0.927110 0.201705 0.031543 0.101136 1.000000 1173.000000 880.000000
0 2295 0.927110 0.200568 0.031543 0.101136 1.000000 1173.000000 880.000000
0 2296 0.927536 0.199432 0.030691 0.101136 1.000000 1173.000000 880.000000
0 2297 0.927962 0.198295 0.031543 0.101136 1.000000 1173.000000 880.000000
0 2298 0.927962 0.197159 0.031543 0.101136 1.000000 1173.000000 880.000000
0 2299 0.928815 0.197159 0.031543 0.101136 1.000000 1173.000000 880.000000
0 2300 0.928815 0.196023 0.031543 0.101136 1.000000 1173.000000 880.000000
0 2301 0.929668 0.195455 0.031543 0.100000 1.000000 1173.000000 880.000000
0 2302 0.930520 0.194886 0.031543 0.098864 1.000000 1173.000000 880.000000
0 2303 0.931373 0.193750 0.031543 0.098864 1.000000 1173.000000 880.000000
0 2304 0.932225 0.193182 0.031543 0.097727 1.000000 1173.000000 880.000000
0 2305 0.932651 0.193182 0.030691 0.097727 1.000000 1173.000000 880.000000
0 2306 0.933078 0.192045 0.031543 0.097727 1.000000 1173.000000 880.000000
0 2307 0.933930 0.191477 0.031543 0.096591 1.000000 1173.000000 880.000000
0 2308 0.934783 0.190909 0.031543 0.095455 1.000000 1173.000000 880.000000
0 2309 0.935635 0.189773 0.031543 0.095455 1.000000 1173.000000 880.000000
0 2310 0.936061 0.189773 0.030691 0.095455 1.000000 1173.000000 880.000000
0 2311 0.936914 0.189205 0.030691 0.094318 1.000000 1173.000000 880.000000
0 2312 0.937766 0.188636 0.030691 0.093182 1.000000 1173.000000 880.000000
0 2313 0.938193 0.187500 0.031543 0.093182 1.000000 1173.000000 880.000000
0 2314 0.939045 0.186932 0.031543 0.092045 1.000000 1173.000000 880.000000
0 2315 0.939471 0.186932 0.030691 0.092045 1.000000 1173.000000 880.000000
0 2316 0.940324 0.185795 0.030691 0.092045 1.000000 1173.000000 880.000000
0 2317 0.941176 0.185227 0.030691 0.090909 1.000000 1173.000000 880.000000
0 2318 0.942029 0.184659 0.030691 0.089773 1.000000 1173.000000 880.000000
0 2319 0.942455 0.183523 0.031543 0.089773 1.000000 1173.000000 880.000000
0 2320 0.942882 0.183523 0.030691 0.089773 1.000000 1173.000000 880.000000
0 2321 0.943734 0.182955 0.030691 0.088636 1.000000 1173.000000 880.000000
0 2322 0.944587 0.181818 0.030691 0.088636 0.993840 1173.000000 880.000000
0 2323 0.945439 0.181250 0.030691 0.087500 0.852390 1173.000000 880.000000
0 2324 0.946292 0.180682 0.030691 0.086364 0.872940 1173.000000 880.000000
0 2325 0.947144 0.180682 0.030691 0.086364 0.973320 1173.000000 880.000000
0 2326 0.947144 0.178409 0.030691 0.086364 0.866620 1173.000000 880.000000
0 2327 0.947144 0.177273 0.030691 0.086364 0.866620 1173.000000 880.000000
0 2328 0.947997 0.176136 0.030691 0.086364 0.862060 1173.000000 880.000000
0 2329 0.947997 0.175000 0.030691 0.086364 0.862060 1173.000000 880.000000
0 2330 0.947997 0.173864 0.030691 0.086364 0.835030 1173.000000 880.000000
0 2331 0.948849 0.172727 0.030691 0.086364 0.856090 1173.000000 880.000000
0 2332 0.948849 0.171591 0.030691 0.086364 0.856090 1173.000000 880.000000
0 2333 0.949702 0.169318 0.030691 0.086364 0.852580 1173.000000 880.000000
0 2334 0.949702 0.168182 0.030691 0.086364 0.852580 1173.000000 880.000000
0 2335 0.949702 0.167045 0.030691 0.086364 0.825550 1173.000000 880.000000
0 2336 0.950554 0.165909 0.030691 0.086364 0.849770 1173.000000 880.000000
0 2337 0.950554 0.164773 0.030691 0.086364 0.822740 1173.000000 880.000000
0 2338 0.950554 0.163636 0.030691 0.086364 0.822740 1173.000000 880.000000
0 2339 0.951407 0.162500 0.030691 0.086364 0.817480 1173.000000 880.000000
0 2340 0.951407 0.160227 0.030691 0.086364 0.847670 1173.000000 880.000000
0 2341 0.952259 0.159091 0.030691 0.086364 0.869780 1173.000000 880.000000
0 2342 0.952259 0.157955 0.030691 0.086364 0.869780 1173.000000 880.000000
0 2343 0.952259 0.156818 0.030691 0.086364 0.869780 1173.000000 880.000000
0 2344 0.953112 0.155682 0.030691 0.086364 0.895750 1173.000000 880.000000
0 2345 0.953112 0.154545 0.030691 0.086364 0.891190 1173.000000 880.000000
0 2346 0.953964 0.153409 0.030691 0.086364 0.909090 1173.000000 880.000000
0 2347 0.953112 0.152273 0.030691 0.086364 0.882060 1173.000000 880.000000
0 2348 0.953112 0.151136 0.030691 0.086364 0.904530 1173.000000 880.000000
0 2349 0.953112 0.150000 0.030691 0.086364 0.899960 1173.000000 880.000000
0 2350 0.953112 0.148864 0.030691 0.086364 0.895400 1173.000000 880.000000
0 2351 0.953112 0.147727 0.030691 0.086364 0.895400 1173.000000 880.000000
0 2352 0.952259 0.146591 0.030691 0.086364 0.868370 1173.000000 880.000000
0 2353 0.952259 0.145455 0.030691 0.086364 0.863810 1173.000000 880.000000
0 2354 0.952259 0.144318 0.030691 0.086364 0.859250 1173.000000 880.000000
0 2355 0.952259 0.143182 0.030691 0.086364 0.854690 1173.000000 880.000000
0 2356 0.952259 0.142045 0.030691 0.086364 0.850120 1173.000000 880.000000
0 2357 0.952259 0.140909 0.030691 0.086364 0.877150 1173.000000 880.000000
0 2358 0.951407 0.140909 0.030691 0.086364 0.842750 1173.000000 880.000000
0 2359 0.951407 0.139773 0.030691 0.086364 0.837840 1173.000000 880.000000
0 2360 0.951407 0.138636 0.030691 0.086364 0.832920 1173.000000 880.000000
0 2361 0.951407 0.137500 0.030691 0.086364 0.855040 1173.000000 880.000000
0 2362 0.951407 0.136364 0.030691 0.086364 0.850120 1173.000000 880.000000
0 2363 0.951407 0.135227 0.030691 0.086364 0.850120 1173.000000 880.000000
0 2364 0.950554 0.134091 0.030691 0.086364 0.823100 1173.000000 880.000000
0 2365 0.950554 0.132955 0.030691 0.086364 0.845210 1173.000000 880.000000
0 2366 0.950554 0.131818 0.030691 0.086364 0.840290 1173.000000 880.000000
0 2367 0.950554 0.130682 0.030691 0.086364 0.835380 1173.000000 880.000000
0 2368 0.950554 0.129545 0.030691 0.086364 0.830470 1173.000000 880.000000
0 2369 0.950554 0.129545 0.030691 0.086364 0.830470 1173.000000 880.000000
0 2370 0.949702 0.127273 0.030691 0.086364 0.836080 1173.000000 880.000000
0 2371 0.949702 0.126136 0.030691 0.086364 0.831520 1173.000000 880.000000
0 2372 0.949702 0.125000 0.030691 0.086364 0.826960 1173.000000 880.000000
0 2373 0.949702 0.123864 0.030691 0.086364 0.822390 1173.000000 880.000000
0 2374 0.949702 0.122159 0.030691 0.087500 0.846850 1173.000000 880.000000
0 2375 0.949702 0.121023 0.030691 0.087500 0.842340 1173.000000 880.000000
0 2376 0.948849 0.119318 0.030691 0.086364 0.825550 1173.000000 880.000000
0 2377 0.948849 0.118182 0.030691 0.086364 0.821340 1173.000000 880.000000
0 2378 0.948849 0.117045 0.030691 0.086364 0.844160 1173.000000 880.000000
0 2379 0.948849 0.115341 0.030691 0.087500 0.846150 1173.000000 880.000000
0 2380 0.948849 0.114205 0.030691 0.087500 0.846150 1173.000000 880.000000
0 2381 0.948849 0.113068 0.030691 0.087500 0.858970 1173.000000 880.000000
0 2382 0.947997 0.111364 0.030691 0.086364 0.846610 1173.000000 880.000000
0 2383 0.947997 0.110227 0.030691 0.086364 0.870130 1173.000000 880.000000
0 2384 0.947997 0.108523 0.030691 0.087500 0.875260 1173.000000 880.000000
0 2385 0.947997 0.107386 0.030691 0.087500 0.878720 1173.000000 880.000000
0 2386 0.947997 0.106250 0.030691 0.087500 0.882190 1173.000000 880.000000
0 2387 0.947997 0.105114 0.030691 0.087500 0.885650 1173.000000 880.000000
0 2388 0.947144 0.103409 0.030691 0.086364 0.871880 1173.000000 880.000000
0 2389 0.947144 0.101705 0.030691 0.087500 0.876300 1173.000000 880.000000
0 2390 0.947144 0.100568 0.030691 0.087500 0.879420 1173.000000 880.000000
0 2391 0.947144 0.099432 0.030691 0.087500 0.882540 1173.000000 880.000000
0 2392 0.947144 0.098295 0.030691 0.087500 0.919610 1173.000000 880.000000
0 2393 0.947144 0.097159 0.030691 0.087500 0.912680 1173.000000 880.000000
0 2394 0.947144 0.094886 0.030691 0.087500 0.925160 1173.000000 880.000000
0 2395 0.947570 0.093750 0.029838 0.087500 0.916670 1173.000000 880.000000
0 2396 0.947997 0.092614 0.030691 0.087500 0.922040 1173.000000 880.000000
0 2397 0.948423 0.091477 0.029838 0.087500 0.914530 1173.000000 880.000000
0 2398 0.948849 0.089773 0.028986 0.086364 0.926530 1173.000000 880.000000
0 2399 0.949275 0.088636 0.029838 0.086364 0.920630 1173.000000 880.000000
0 2400 0.949702 0.087500 0.028986 0.086364 0.925790 1173.000000 880.000000
0 2401 0.950554 0.086364 0.028986 0.086364 0.929500 1173.000000 880.000000
0 2402 0.951407 0.085795 0.028986 0.089773 0.937140 1173.000000 880.000000
0 2403 0.952259 0.085795 0.028986 0.092045 0.946340 1173.000000 880.000000
0 2404 0.953112 0.085227 0.028986 0.095455 0.959330 1173.000000 880.000000
0 2405 0.953964 0.085227 0.028986 0.097727 0.967490 1173.000000 880.000000
