0 1657 0.758312 0.980114 0.038363 0.042045 0.973680 1173.000000 880.000000
0 1658 0.756607 0.978409 0.040068 0.045455 0.975610 1173.000000 880.000000
0 1659 0.755328 0.977273 0.040921 0.047727 0.976740 1173.000000 880.000000
0 1660 0.753623 0.976136 0.042626 0.050000 0.977780 1173.000000 880.000000
0 1661 0.752344 0.975000 0.043478 0.052273 0.978720 1173.000000 880.000000
0 1662 0.750639 0.973864 0.045183 0.054545 0.953890 1173.000000 880.000000
0 1663 0.749361 0.972159 0.046036 0.057955 0.943010 1173.000000 880.000000
0 1664 0.747656 0.971023 0.047741 0.060227 0.945420 1173.000000 880.000000
0 1665 0.746377 0.969886 0.048593 0.062500 0.934110 1173.000000 880.000000
0 1666 0.744672 0.968750 0.050298 0.064773 0.920400 1173.000000 880.000000
0 1667 0.743393 0.967614 0.051151 0.067045 0.893720 1173.000000 880.000000
0 1668 0.741688 0.965909 0.052856 0.070455 0.867470 1173.000000 880.000000
0 1669 0.740409 0.964773 0.053708 0.072727 0.827400 1173.000000 880.000000
0 1670 0.738704 0.963636 0.055413 0.075000 0.803260 1173.000000 880.000000
0 1671 0.737425 0.962500 0.056266 0.077273 0.780450 1173.000000 880.000000
0 1672 0.736573 0.961364 0.057971 0.079545 0.763010 1173.000000 880.000000
0 1673 0.735294 0.960227 0.057118 0.081818 0.759070 1173.000000 880.000000
0 1674 0.734442 0.959091 0.057118 0.084091 0.760000 1173.000000 880.000000
0 1675 0.733589 0.957955 0.057118 0.086364 0.749050 1173.000000 880.000000
0 1676 0.732737 0.956818 0.057118 0.088636 0.750000 1173.000000 880.000000
0 1677 0.731884 0.955682 0.057118 0.090909 0.738930 1173.000000 880.000000
0 1678 0.731032 0.954545 0.057118 0.093182 0.885190 1173.000000 880.000000
0 1679 0.730179 0.953409 0.057118 0.095455 0.988240 1173.000000 880.000000
0 1680 0.729327 0.952273 0.057118 0.097727 0.988510 1173.000000 880.000000
0 1681 0.728048 0.951136 0.056266 0.100000 0.988760 1173.000000 880.000000
0 1682 0.727195 0.950000 0.056266 0.102273 0.989010 1173.000000 880.000000
0 1683 0.726343 0.948864 0.056266 0.104545 0.989250 1173.000000 880.000000
0 1684 0.725490 0.947727 0.056266 0.106818 0.989470 1173.000000 880.000000
0 1685 0.724638 0.947159 0.056266 0.107955 0.989580 1173.000000 880.000000
0 1686 0.723785 0.946023 0.056266 0.110227 0.989800 1173.000000 880.000000
0 1687 0.722933 0.944886 0.056266 0.112500 0.990000 1173.000000 880.000000
0 1688 0.722080 0.943750 0.056266 0.114773 0.990200 1173.000000 880.000000
0 1689 0.720801 0.942614 0.055413 0.117045 0.990380 1173.000000 880.000000
0 1690 0.719949 0.941477 0.055413 0.119318 0.990570 1173.000000 880.000000
0 1691 0.719096 0.940341 0.055413 0.121591 0.990740 1173.000000 880.000000
0 1692 0.718244 0.939205 0.055413 0.123864 0.990910 1173.000000 880.000000
0 1693 0.717391 0.938068 0.055413 0.126136 0.991070 1173.000000 880.000000
0 1694 0.716539 0.936932 0.055413 0.128409 0.991230 1173.000000 880.000000
0 1695 0.715686 0.935795 0.055413 0.130682 0.991380 1173.000000 880.000000
0 1696 0.714834 0.934659 0.055413 0.132955 0.991530 1173.000000 880.000000
0 1697 0.714408 0.934091 0.054561 0.134091 0.991600 1173.000000 880.000000
0 1698 0.713129 0.932386 0.053708 0.135227 1.000000 1173.000000 880.000000
0 1699 0.712276 0.930682 0.053708 0.136364 0.835740 1173.000000 880.000000
0 1700 0.711424 0.928977 0.053708 0.137500 0.835550 1173.000000 880.000000
0 1701 0.710571 0.928409 0.053708 0.138636 0.833840 1173.000000 880.000000
0 1702 0.709719 0.926705 0.053708 0.139773 0.819810 1173.000000 880.000000
0 1703 0.708866 0.925000 0.053708 0.140909 0.819630 1173.000000 880.000000
0 1704 0.708014 0.923295 0.053708 0.142045 0.819440 1173.000000 880.000000
0 1705 0.707161 0.922727 0.053708 0.143182 0.801920 1173.000000 880.000000
0 1706 0.706309 0.921023 0.053708 0.144318 0.801760 1173.000000 880.000000
0 1707 0.705456 0.919318 0.053708 0.145455 0.801600 1173.000000 880.000000
0 1708 0.704604 0.917614 0.053708 0.146591 0.787260 1173.000000 880.000000
0 1709 0.704177 0.917045 0.052856 0.147727 0.781900 1173.000000 880.000000
0 1710 0.702472 0.914773 0.052856 0.147727 0.796440 1173.000000 880.000000
0 1711 0.701194 0.912500 0.052003 0.147727 0.793150 1173.000000 880.000000
0 1712 0.699915 0.910227 0.051151 0.147727 0.804780 1173.000000 880.000000
0 1713 0.698210 0.908523 0.051151 0.148864 0.819670 1173.000000 880.000000
0 1714 0.696931 0.906250 0.050298 0.148864 0.816670 1173.000000 880.000000
0 1715 0.695652 0.903977 0.049446 0.148864 0.829100 1173.000000 880.000000
0 1716 0.694373 0.901705 0.050298 0.148864 0.831940 1173.000000 880.000000
0 1717 0.693095 0.900000 0.049446 0.150000 0.844530 1173.000000 880.000000
0 1718 0.691816 0.897727 0.048593 0.150000 0.807750 1173.000000 880.000000
0 1719 0.690111 0.896023 0.048593 0.148864 0.820270 1173.000000 880.000000
0 1720 0.688832 0.893750 0.047741 0.148864 0.831340 1173.000000 880.000000
0 1721 0.687553 0.892045 0.046888 0.150000 0.837000 1173.000000 880.000000
0 1722 0.686275 0.889773 0.047741 0.150000 0.828910 1173.000000 880.000000
0 1723 0.684996 0.887500 0.046888 0.150000 0.841170 1173.000000 880.000000
0 1724 0.683717 0.885227 0.046036 0.150000 0.853860 1173.000000 880.000000
0 1725 0.682012 0.883523 0.046036 0.151136 0.870690 1173.000000 880.000000
0 1726 0.680733 0.881250 0.045183 0.151136 0.862220 1173.000000 880.000000
0 1727 0.679454 0.878977 0.044331 0.151136 0.876650 1173.000000 880.000000
0 1728 0.678602 0.877841 0.044331 0.151136 0.862290 1173.000000 880.000000
0 1729 0.676897 0.875568 0.044331 0.151136 0.878060 1173.000000 880.000000
0 1730 0.676044 0.873295 0.044331 0.151136 0.855960 1173.000000 880.000000
0 1731 0.675192 0.871023 0.044331 0.151136 0.855960 1173.000000 880.000000
0 1732 0.674339 0.868750 0.044331 0.151136 0.855960 1173.000000 880.000000
0 1733 0.673487 0.866477 0.044331 0.151136 0.855960 1173.000000 880.000000
0 1734 0.672634 0.864205 0.044331 0.151136 0.841170 1173.000000 880.000000
0 1735 0.671782 0.862500 0.044331 0.152273 0.834940 1173.000000 880.000000
0 1736 0.670929 0.860227 0.044331 0.152273 0.841650 1173.000000 880.000000
0 1737 0.670077 0.857955 0.044331 0.152273 0.841650 1173.000000 880.000000
0 1738 0.669224 0.856250 0.044331 0.151136 0.825820 1173.000000 880.000000
0 1739 0.668372 0.853977 0.044331 0.151136 0.825820 1173.000000 880.000000
0 1740 0.667519 0.851705 0.044331 0.151136 0.825820 1173.000000 880.000000
0 1741 0.666667 0.849432 0.044331 0.151136 0.832440 1173.000000 880.000000
0 1742 0.665814 0.847727 0.044331 0.152273 0.827110 1173.000000 880.000000
0 1743 0.664962 0.845455 0.044331 0.152273 0.811880 1173.000000 880.000000
0 1744 0.664109 0.843182 0.044331 0.152273 0.811880 1173.000000 880.000000
0 1745 0.663257 0.840909 0.044331 0.152273 0.812860 1173.000000 880.000000
0 1746 0.662404 0.838636 0.044331 0.152273 0.819290 1173.000000 880.000000
0 1747 0.661552 0.836364 0.044331 0.152273 0.812860 1173.000000 880.000000
0 1748 0.660699 0.835227 0.044331 0.152273 0.806430 1173.000000 880.000000
0 1749 0.659420 0.832955 0.045183 0.152273 0.793690 1173.000000 880.000000
0 1750 0.658568 0.830682 0.045183 0.152273 0.787380 1173.000000 880.000000
0 1751 0.657715 0.828409 0.045183 0.152273 0.788480 1173.000000 880.000000
0 1752 0.656863 0.826136 0.045183 0.152273 0.787790 1173.000000 880.000000
0 1753 0.656010 0.825000 0.045183 0.152273 0.774210 1173.000000 880.000000
0 1754 0.655158 0.822727 0.045183 0.152273 0.775030 1173.000000 880.000000
0 1755 0.654305 0.820455 0.045183 0.152273 0.774620 1173.000000 880.000000
0 1756 0.653453 0.818182 0.045183 0.152273 0.760080 1173.000000 880.000000
0 1757 0.652600 0.817045 0.045183 0.152273 0.754460 1173.000000 880.000000
0 1758 0.651748 0.814773 0.045183 0.152273 0.754180 1173.000000 880.000000
0 1759 0.650895 0.812500 0.045183 0.152273 0.759260 1173.000000 880.000000
0 1760 0.650043 0.810227 0.045183 0.152273 0.761040 1173.000000 880.000000
0 1761 0.649190 0.809091 0.045183 0.152273 0.752670 1173.000000 880.000000
0 1762 0.648338 0.806818 0.045183 0.152273 0.759120 1173.000000 880.000000
0 1763 0.647485 0.804545 0.045183 0.152273 0.757890 1173.000000 880.000000
0 1764 0.646633 0.802273 0.045183 0.152273 0.757340 1173.000000 880.000000
0 1765 0.645780 0.801136 0.045183 0.152273 0.755010 1173.000000 880.000000
0 1766 0.644928 0.798864 0.045183 0.152273 0.748830 1173.000000 880.000000
0 1767 0.644075 0.796591 0.045183 0.152273 0.748830 1173.000000 880.000000
0 1768 0.643223 0.794318 0.045183 0.152273 0.748150 1173.000000 880.000000
0 1769 0.642370 0.793182 0.045183 0.152273 0.740740 1173.000000 880.000000
0 1770 0.641517 0.790909 0.045183 0.152273 0.740740 1173.000000 880.000000
0 1771 0.640665 0.788636 0.045183 0.152273 0.739510 1173.000000 880.000000
0 1772 0.639812 0.786364 0.045183 0.152273 0.747870 1173.000000 880.000000
0 1773 0.638960 0.785227 0.045183 0.152273 0.726470 1173.000000 880.000000
0 1774 0.638107 0.782955 0.045183 0.152273 0.713850 1173.000000 880.000000
0 1775 0.637255 0.780682 0.045183 0.152273 0.715230 1173.000000 880.000000
0 1776 0.636402 0.778409 0.045183 0.152273 0.700820 1173.000000 880.000000
0 1777 0.635976 0.777273 0.046036 0.152273 0.684440 1173.000000 880.000000
0 1778 0.635124 0.775000 0.046036 0.152273 0.677040 1173.000000 880.000000
0 1779 0.634271 0.772727 0.046036 0.152273 0.682020 1173.000000 880.000000
0 1780 0.633419 0.771591 0.046036 0.152273 0.665190 1173.000000 880.000000
0 1781 0.632566 0.769318 0.046036 0.152273 0.671520 1173.000000 880.000000
0 1782 0.631714 0.768182 0.046036 0.152273 0.656300 1173.000000 880.000000
0 1783 0.630861 0.765909 0.046036 0.152273 0.653600 1173.000000 880.000000
0 1784 0.630009 0.764773 0.046036 0.152273 0.629630 1173.000000 880.000000
0 1785 0.629156 0.762500 0.046036 0.152273 0.630840 1173.000000 880.000000
0 1786 0.628303 0.761364 0.046036 0.152273 0.611720 1173.000000 880.000000
0 1787 0.627451 0.759091 0.046036 0.152273 0.613330 1173.000000 880.000000
0 1788 0.626598 0.757955 0.046036 0.152273 0.590570 1173.000000 880.000000
0 1789 0.625746 0.755682 0.046036 0.152273 0.589760 1173.000000 880.000000
0 1790 0.624893 0.753409 0.046036 0.152273 0.580200 1173.000000 880.000000
0 1791 0.624041 0.752273 0.046036 0.152273 0.574950 1173.000000 880.000000
0 1792 0.623188 0.750000 0.046036 0.152273 0.574950 1173.000000 880.000000
0 1793 0.622336 0.748864 0.046036 0.152273 0.567410 1173.000000 880.000000
0 1794 0.621483 0.746591 0.046036 0.152273 0.567410 1173.000000 880.000000
0 1795 0.620631 0.745455 0.046036 0.152273 0.562020 1173.000000 880.000000
0 1796 0.619778 0.743182 0.046036 0.152273 0.578990 1173.000000 880.000000
0 1797 0.618926 0.742045 0.046036 0.152273 0.573600 1173.000000 880.000000
0 1798 0.618073 0.739773 0.046036 0.152273 0.573600 1173.000000 880.000000
0 1799 0.617221 0.738636 0.046036 0.152273 0.783700 1173.000000 880.000000
0 1800 0.616368 0.736364 0.046036 0.152273 0.783700 1173.000000 880.000000
0 1801 0.615516 0.735227 0.046036 0.152273 0.783300 1173.000000 880.000000
0 1802 0.614237 0.733523 0.046888 0.151136 0.786250 1173.000000 880.000000
0 1803 0.613384 0.731818 0.046888 0.150000 0.587270 1173.000000 880.000000
0 1804 0.612532 0.730682 0.046888 0.150000 0.792700 1173.000000 880.000000
0 1805 0.611679 0.728977 0.046888 0.148864 0.587120 1173.000000 880.000000
0 1806 0.611253 0.727841 0.047741 0.148864 0.796650 1173.000000 880.000000
0 1807 0.610401 0.726136 0.047741 0.147727 0.593950 1173.000000 880.000000
0 1808 0.609548 0.724432 0.047741 0.146591 0.598520 1173.000000 880.000000
0 1809 0.608696 0.723295 0.047741 0.146591 0.597440 1173.000000 880.000000
0 1810 0.608269 0.722159 0.048593 0.144318 0.593210 1173.000000 880.000000
0 1811 0.607417 0.721023 0.048593 0.144318 0.612470 1173.000000 880.000000
0 1812 0.606564 0.719318 0.048593 0.143182 0.619740 1173.000000 880.000000
0 1813 0.605712 0.717614 0.048593 0.142045 0.622740 1173.000000 880.000000
0 1814 0.605286 0.716477 0.049446 0.142045 0.606670 1173.000000 880.000000
0 1815 0.604433 0.714773 0.049446 0.140909 0.610710 1173.000000 880.000000
0 1816 0.603581 0.713636 0.049446 0.140909 0.621420 1173.000000 880.000000
0 1817 0.602728 0.711932 0.049446 0.139773 0.625480 1173.000000 880.000000
0 1818 0.602302 0.711364 0.050298 0.138636 0.608670 1173.000000 880.000000
0 1819 0.601449 0.709091 0.050298 0.138636 0.618560 1173.000000 880.000000
0 1820 0.600597 0.707955 0.050298 0.138636 0.611110 1173.000000 880.000000
0 1821 0.600597 0.706818 0.050298 0.138636 0.609210 1173.000000 880.000000
0 1822 0.599744 0.705682 0.050298 0.138636 0.606500 1173.000000 880.000000
0 1823 0.599744 0.704545 0.050298 0.138636 0.594720 1173.000000 880.000000
0 1824 0.598892 0.703409 0.050298 0.138636 0.594720 1173.000000 880.000000
0 1825 0.598039 0.702273 0.050298 0.138636 0.603120 1173.000000 880.000000
0 1826 0.598039 0.701136 0.050298 0.138636 0.588890 1173.000000 880.000000
0 1827 0.597187 0.700000 0.050298 0.138636 0.588210 1173.000000 880.000000
0 1828 0.597187 0.698864 0.050298 0.138636 0.579810 1173.000000 880.000000
0 1829 0.596334 0.697727 0.050298 0.138636 0.582380 1173.000000 880.000000
0 1830 0.596334 0.696591 0.050298 0.138636 0.571540 1173.000000 880.000000
0 1831 0.595482 0.694318 0.050298 0.138636 0.596480 1173.000000 880.000000
0 1832 0.594629 0.693182 0.050298 0.138636 0.599730 1173.000000 880.000000
0 1833 0.594629 0.692045 0.050298 0.138636 0.595120 1173.000000 880.000000
0 1834 0.593777 0.690909 0.050298 0.138636 0.609350 1173.000000 880.000000
0 1835 0.593777 0.689773 0.050298 0.138636 0.604880 1173.000000 880.000000
0 1836 0.592924 0.688636 0.050298 0.138636 0.604340 1173.000000 880.000000
0 1837 0.592072 0.687500 0.050298 0.138636 0.618290 1173.000000 880.000000
0 1838 0.592072 0.686364 0.050298 0.138636 0.605420 1173.000000 880.000000
0 1839 0.591219 0.685227 0.050298 0.138636 0.605420 1173.000000 880.000000
0 1840 0.591219 0.684091 0.050298 0.138636 0.595120 1173.000000 880.000000
0 1841 0.590367 0.682955 0.050298 0.138636 0.596070 1173.000000 880.000000
0 1842 0.590367 0.681818 0.050298 0.138636 0.585640 1173.000000 880.000000
0 1843 0.589088 0.680114 0.049446 0.137500 0.596830 1173.000000 880.000000
0 1844 0.588235 0.678977 0.049446 0.137500 0.593910 1173.000000 880.000000
0 1845 0.587383 0.677841 0.049446 0.137500 0.593910 1173.000000 880.000000
0 1846 0.586957 0.676705 0.048593 0.137500 0.606130 1173.000000 880.000000
0 1847 0.586104 0.675568 0.048593 0.137500 0.606130 1173.000000 880.000000
0 1848 0.585251 0.673864 0.048593 0.136364 0.607010 1173.000000 880.000000
0 1849 0.584399 0.672727 0.048593 0.136364 0.607010 1173.000000 880.000000
0 1850 0.583973 0.671591 0.047741 0.136364 0.604470 1173.000000 880.000000
0 1851 0.583120 0.670455 0.047741 0.136364 0.591420 1173.000000 880.000000
0 1852 0.582268 0.669318 0.047741 0.136364 0.581270 1173.000000 880.000000
0 1853 0.581415 0.668182 0.047741 0.136364 0.571550 1173.000000 880.000000
0 1854 0.580989 0.666477 0.046888 0.135227 0.570240 1173.000000 880.000000
0 1855 0.580136 0.665341 0.046888 0.135227 0.556700 1173.000000 880.000000
0 1856 0.579284 0.664205 0.046888 0.135227 0.551790 1173.000000 880.000000
0 1857 0.578005 0.663068 0.046036 0.135227 0.555910 1173.000000 880.000000
0 1858 0.577579 0.661932 0.045183 0.135227 0.556790 1173.000000 880.000000
0 1859 0.576726 0.660227 0.045183 0.134091 0.557420 1173.000000 880.000000
0 1860 0.575874 0.659091 0.045183 0.134091 0.554000 1173.000000 880.000000
0 1861 0.575021 0.657955 0.045183 0.134091 0.554470 1173.000000 880.000000
0 1862 0.574595 0.656818 0.044331 0.134091 0.556680 1173.000000 880.000000
0 1863 0.573743 0.655682 0.044331 0.134091 0.552400 1173.000000 880.000000
0 1864 0.572890 0.654545 0.044331 0.134091 0.553830 1173.000000 880.000000
0 1865 0.572038 0.652841 0.044331 0.132955 0.554840 1173.000000 880.000000
0 1866 0.571611 0.651705 0.043478 0.132955 0.542370 1173.000000 880.000000
0 1867 0.570759 0.650568 0.043478 0.132955 0.374670 1173.000000 880.000000
0 1868 0.569906 0.649432 0.043478 0.132955 0.358540 1173.000000 880.000000
0 1869 0.569054 0.648295 0.043478 0.132955 0.343220 1173.000000 880.000000
0 1870 0.568627 0.647159 0.042626 0.132955 0.336490 1173.000000 880.000000
0 1871 0.567775 0.644886 0.042626 0.132955 0.329010 1173.000000 880.000000
0 1872 0.566922 0.643750 0.042626 0.132955 0.318880 1173.000000 880.000000
0 1873 0.566070 0.642614 0.042626 0.132955 0.306750 1173.000000 880.000000
0 1874 0.565217 0.641477 0.042626 0.132955 0.292620 1173.000000 880.000000
0 1875 0.564365 0.640341 0.042626 0.132955 0.279160 1173.000000 880.000000
0 1876 0.563512 0.639205 0.042626 0.132955 0.266370 1173.000000 880.000000
0 1877 0.562660 0.638068 0.042626 0.132955 0.257560 1173.000000 880.000000
0 1878 0.561807 0.635795 0.042626 0.132955 0.251250 1173.000000 880.000000
0 1879 0.560955 0.634659 0.042626 0.132955 0.240450 1173.000000 880.000000
0 1880 0.560102 0.633523 0.042626 0.132955 0.218680 1173.000000 880.000000
0 1881 0.559250 0.632386 0.042626 0.132955 0.210700 1173.000000 880.000000
0 1882 0.558397 0.631250 0.042626 0.132955 0.214860 1173.000000 880.000000
0 1883 0.557545 0.630114 0.042626 0.132955 0.204390 1173.000000 880.000000
0 1884 0.556692 0.628977 0.042626 0.132955 0.198070 1173.000000 880.000000
0 1885 0.555840 0.626705 0.042626 0.132955 0.199730 1173.000000 880.000000
0 1886 0.554987 0.625568 0.042626 0.132955 0.190100 1173.000000 880.000000
0 1887 0.554135 0.624432 0.042626 0.132955 0.201730 1173.000000 880.000000
0 1888 0.553282 0.623295 0.042626 0.132955 0.192920 1173.000000 880.000000
0 1889 0.552430 0.622159 0.042626 0.132955 0.187440 1173.000000 880.000000
0 1890 0.551577 0.621023 0.042626 0.132955 0.192920 1173.000000 880.000000
0 1891 0.550725 0.619886 0.042626 0.132955 0.195410 1173.000000 880.000000
0 1892 0.549872 0.617614 0.042626 0.132955 0.211860 1173.000000 880.000000
0 1893 0.549020 0.616477 0.042626 0.132955 0.217510 1173.000000 880.000000
0 1894 0.548167 0.615341 0.042626 0.132955 0.220340 1173.000000 880.000000
0 1895 0.547315 0.614205 0.042626 0.132955 0.231640 1173.000000 880.000000
0 1896 0.546462 0.613068 0.042626 0.132955 0.240780 1173.000000 880.000000
0 1897 0.545610 0.611932 0.042626 0.132955 0.241770 1173.000000 880.000000
0 1898 0.545610 0.610795 0.042626 0.132955 0.245760 1173.000000 880.000000
0 1899 0.544757 0.609659 0.042626 0.132955 0.255570 1173.000000 880.000000
0 1900 0.543905 0.608523 0.042626 0.132955 0.258720 1173.000000 880.000000
0 1901 0.543052 0.607386 0.042626 0.132955 0.264540 1173.000000 880.000000
0 1902 0.542199 0.606250 0.042626 0.132955 0.281160 1173.000000 880.000000
0 1903 0.541347 0.605114 0.042626 0.132955 0.281990 1173.000000 880.000000
0 1904 0.540494 0.603977 0.042626 0.132955 0.282490 1173.000000 880.000000
0 1905 0.539642 0.602841 0.042626 0.132955 0.288140 1173.000000 880.000000
0 1906 0.538789 0.601705 0.042626 0.132955 0.288140 1173.000000 880.000000
0 1907 0.537937 0.601136 0.042626 0.134091 0.291150 1173.000000 880.000000
0 1908 0.537084 0.600000 0.042626 0.134091 0.290660 1173.000000 880.000000
0 1909 0.536232 0.598864 0.042626 0.134091 0.301200 1173.000000 880.000000
0 1910 0.535379 0.597727 0.042626 0.134091 0.300050 1173.000000 880.000000
0 1911 0.534527 0.596591 0.042626 0.134091 0.305160 1173.000000 880.000000
0 1912 0.533674 0.596023 0.042626 0.132955 0.297610 1173.000000 880.000000
0 1913 0.532822 0.594886 0.042626 0.132955 0.302590 1173.000000 880.000000
0 1914 0.531969 0.593750 0.042626 0.132955 0.300430 1173.000000 880.000000
0 1915 0.531117 0.592614 0.042626 0.132955 0.308910 1173.000000 880.000000
0 1916 0.530264 0.592045 0.042626 0.134091 0.311090 1173.000000 880.000000
0 1917 0.529412 0.590909 0.042626 0.134091 0.320650 1173.000000 880.000000
0 1918 0.528559 0.589773 0.042626 0.134091 0.325420 1173.000000 880.000000
0 1919 0.527707 0.588636 0.042626 0.134091 0.331520 1173.000000 880.000000
0 1920 0.526854 0.587500 0.042626 0.134091 0.337290 1173.000000 880.000000
0 1921 0.526002 0.586364 0.042626 0.134091 0.342730 1173.000000 880.000000
0 1922 0.525149 0.585227 0.042626 0.134091 0.347830 1173.000000 880.000000
0 1923 0.524297 0.584091 0.042626 0.134091 0.353440 1173.000000 880.000000
0 1924 0.523444 0.582955 0.042626 0.134091 0.362330 1173.000000 880.000000
0 1925 0.523018 0.582955 0.041773 0.134091 0.556970 1173.000000 880.000000
0 1926 0.521313 0.581818 0.041773 0.134091 0.564540 1173.000000 880.000000
0 1927 0.520460 0.580682 0.041773 0.134091 0.373780 1173.000000 880.000000
0 1928 0.519608 0.579545 0.041773 0.134091 0.579830 1173.000000 880.000000
0 1929 0.518755 0.579545 0.041773 0.134091 0.572770 1173.000000 880.000000
0 1930 0.517903 0.578409 0.041773 0.134091 0.573450 1173.000000 880.000000
0 1931 0.516624 0.577273 0.042626 0.134091 0.576870 1173.000000 880.000000
0 1932 0.515772 0.577273 0.042626 0.134091 0.572090 1173.000000 880.000000
0 1933 0.514919 0.576136 0.042626 0.134091 0.570600 1173.000000 880.000000
0 1934 0.514066 0.575000 0.042626 0.134091 0.572910 1173.000000 880.000000
0 1935 0.513214 0.573864 0.042626 0.134091 0.570280 1173.000000 880.000000
0 1936 0.512361 0.573864 0.042626 0.134091 0.558580 1173.000000 880.000000
0 1937 0.511083 0.572727 0.043478 0.134091 0.555910 1173.000000 880.000000
0 1938 0.510230 0.571591 0.043478 0.134091 0.559150 1173.000000 880.000000
0 1939 0.509378 0.571591 0.043478 0.134091 0.559470 1173.000000 880.000000
0 1940 0.508525 0.570455 0.043478 0.134091 0.564960 1173.000000 880.000000
0 1941 0.507673 0.569318 0.043478 0.134091 0.570460 1173.000000 880.000000
0 1942 0.506820 0.569318 0.043478 0.134091 0.561730 1173.000000 880.000000
0 1943 0.505968 0.568182 0.043478 0.134091 0.570140 1173.000000 880.000000
0 1944 0.505968 0.567045 0.043478 0.134091 0.578540 1173.000000 880.000000
0 1945 0.505968 0.567045 0.043478 0.134091 0.578540 1173.000000 880.000000
0 1946 0.505115 0.565909 0.043478 0.134091 0.583870 1173.000000 880.000000
0 1947 0.505115 0.564773 0.043478 0.134091 0.586300 1173.000000 880.000000
0 1948 0.505115 0.564773 0.043478 0.134091 0.586940 1173.000000 880.000000
0 1949 0.504263 0.563636 0.043478 0.134091 0.592280 1173.000000 880.000000
0 1950 0.504263 0.563636 0.043478 0.134091 0.589850 1173.000000 880.000000
0 1951 0.504263 0.562500 0.043478 0.134091 0.592280 1173.000000 880.000000
0 1952 0.503410 0.561364 0.043478 0.134091 0.595350 1173.000000 880.000000
0 1953 0.503410 0.561364 0.043478 0.134091 0.595350 1173.000000 880.000000
0 1954 0.503410 0.560227 0.043478 0.134091 0.604230 1173.000000 880.000000
0 1955 0.503410 0.560227 0.043478 0.134091 0.411930 1173.000000 880.000000
0 1956 0.503410 0.560227 0.043478 0.134091 0.409020 1173.000000 880.000000
0 1957 0.503410 0.561364 0.043478 0.134091 0.394960 1173.000000 880.000000
0 1958 0.503410 0.562500 0.043478 0.134091 0.389460 1173.000000 880.000000
0 1959 0.503410 0.562500 0.043478 0.134091 0.392370 1173.000000 880.000000
0 1960 0.503410 0.563636 0.043478 0.134091 0.381380 1173.000000 880.000000
0 1961 0.503410 0.564773 0.043478 0.134091 0.375890 1173.000000 880.000000
0 1962 0.503410 0.564773 0.043478 0.134091 0.378800 1173.000000 880.000000
0 1963 0.503410 0.565909 0.043478 0.134091 0.373300 1173.000000 880.000000
0 1964 0.503410 0.567045 0.043478 0.134091 0.360700 1173.000000 880.000000
0 1965 0.503410 0.567045 0.043478 0.134091 0.369100 1173.000000 880.000000
0 1966 0.503410 0.568182 0.043478 0.134091 0.374430 1173.000000 880.000000
0 1967 0.503410 0.569318 0.043478 0.134091 0.374430 1173.000000 880.000000
0 1968 0.503410 0.570455 0.043478 0.134091 0.379770 1173.000000 880.000000
0 1969 0.502558 0.571591 0.043478 0.134091 0.392700 1173.000000 880.000000
0 1970 0.501705 0.573864 0.043478 0.134091 0.391890 1173.000000 880.000000
0 1971 0.501705 0.576136 0.043478 0.134091 0.391890 1173.000000 880.000000
0 1972 0.500853 0.578409 0.043478 0.134091 0.383480 1173.000000 880.000000
0 1973 0.500853 0.580682 0.043478 0.134091 0.380740 1173.000000 880.000000
0 1974 0.500000 0.582955 0.043478 0.134091 0.377990 1173.000000 880.000000
0 1975 0.499147 0.585227 0.043478 0.134091 0.533290 1173.000000 880.000000
0 1976 0.499147 0.587500 0.043478 0.134091 0.533290 1173.000000 880.000000
0 1977 0.498295 0.589773 0.043478 0.134091 0.521650 1173.000000 880.000000
0 1978 0.498295 0.592045 0.043478 0.134091 0.518420 1173.000000 880.000000
0 1979 0.497442 0.594318 0.043478 0.134091 0.515190 1173.000000 880.000000
0 1980 0.497442 0.596591 0.043478 0.134091 0.506790 1173.000000 880.000000
0 1981 0.497442 0.596591 0.043478 0.134091 0.523590 1173.000000 880.000000
0 1982 0.497442 0.596591 0.043478 0.134091 0.536360 1173.000000 880.000000
0 1983 0.497442 0.597727 0.043478 0.134091 0.529570 1173.000000 880.000000
0 1984 0.497442 0.597727 0.043478 0.134091 0.407890 1173.000000 880.000000
0 1985 0.497442 0.598864 0.043478 0.134091 0.410150 1173.000000 880.000000
0 1986 0.497442 0.598864 0.043478 0.134091 0.428570 1173.000000 880.000000
0 1987 0.497442 0.600000 0.043478 0.134091 0.430670 1173.000000 880.000000
0 1988 0.497442 0.600000 0.043478 0.134091 0.442150 1173.000000 880.000000
0 1989 0.497442 0.601136 0.043478 0.134091 0.440210 1173.000000 880.000000
0 1990 0.497442 0.601136 0.043478 0.134091 0.446670 1173.000000 880.000000
0 1991 0.497442 0.602273 0.043478 0.134091 0.444730 1173.000000 880.000000
0 1992 0.497442 0.602273 0.043478 0.134091 0.451200 1173.000000 880.000000
0 1993 0.497442 0.603409 0.043478 0.134091 0.438270 1173.000000 880.000000
0 1994 0.497442 0.603409 0.043478 0.134091 0.438270 1173.000000 880.000000
0 1995 0.497442 0.604545 0.043478 0.134091 0.429860 1173.000000 880.000000
0 1996 0.497442 0.604545 0.043478 0.134091 0.429860 1173.000000 880.000000
0 1997 0.497442 0.604545 0.043478 0.134091 0.429860 1173.000000 880.000000
0 1998 0.497442 0.604545 0.043478 0.134091 0.431800 1173.000000 880.000000
0 1999 0.497442 0.604545 0.043478 0.134091 0.431800 1173.000000 880.000000
0 2000 0.497442 0.605682 0.043478 0.134091 0.423400 1173.000000 880.000000
0 2001 0.497442 0.605682 0.043478 0.134091 0.423400 1173.000000 880.000000
0 2002 0.497442 0.605682 0.043478 0.134091 0.423400 1173.000000 880.000000
0 2003 0.497442 0.605682 0.043478 0.134091 0.425340 1173.000000 880.000000
0 2004 0.497442 0.606818 0.043478 0.134091 0.415000 1173.000000 880.000000
0 2005 0.497442 0.606818 0.043478 0.134091 0.408530 1173.000000 880.000000
0 2006 0.497442 0.606818 0.043478 0.134091 0.408530 1173.000000 880.000000
0 2007 0.497442 0.606818 0.043478 0.134091 0.408530 1173.000000 880.000000
0 2008 0.497442 0.606818 0.043478 0.134091 0.408530 1173.000000 880.000000
0 2009 0.497442 0.607955 0.043478 0.134091 0.398190 1173.000000 880.000000
0 2010 0.497442 0.607955 0.043478 0.134091 0.398190 1173.000000 880.000000
0 2011 0.497442 0.607955 0.043478 0.134091 0.398190 1173.000000 880.000000
0 2012 0.497442 0.607955 0.043478 0.134091 0.398190 1173.000000 880.000000
0 2013 0.497442 0.609091 0.043478 0.134091 0.484810 1173.000000 880.000000
0 2014 0.497442 0.607386 0.043478 0.132955 0.399610 1173.000000 880.000000
0 2015 0.497442 0.606250 0.043478 0.132955 0.408080 1173.000000 880.000000
0 2016 0.497442 0.605114 0.043478 0.132955 0.416560 1173.000000 880.000000
0 2017 0.497442 0.603977 0.043478 0.132955 0.411990 1173.000000 880.000000
0 2018 0.497442 0.603409 0.043478 0.131818 0.408940 1173.000000 880.000000
0 2019 0.497442 0.602273 0.043478 0.131818 0.408940 1173.000000 880.000000
0 2020 0.497869 0.601136 0.042626 0.131818 0.407240 1173.000000 880.000000
0 2021 0.497869 0.600000 0.042626 0.131818 0.407240 1173.000000 880.000000
0 2022 0.497869 0.599432 0.042626 0.130682 0.402130 1173.000000 880.000000
0 2023 0.497869 0.598295 0.042626 0.130682 0.404160 1173.000000 880.000000
0 2024 0.497869 0.597159 0.042626 0.130682 0.404160 1173.000000 880.000000
0 2025 0.497869 0.596023 0.042626 0.130682 0.404160 1173.000000 880.000000
0 2026 0.498295 0.595455 0.041773 0.129545 0.397220 1173.000000 880.000000
0 2027 0.498295 0.593750 0.041773 0.128409 0.394040 1173.000000 880.000000
0 2028 0.498295 0.592614 0.041773 0.128409 0.396140 1173.000000 880.000000
0 2029 0.498295 0.591477 0.041773 0.128409 0.396140 1173.000000 880.000000
0 2030 0.498295 0.590341 0.041773 0.128409 0.396140 1173.000000 880.000000
0 2031 0.498295 0.589773 0.041773 0.127273 0.390800 1173.000000 880.000000
0 2032 0.498295 0.588636 0.041773 0.127273 0.392920 1173.000000 880.000000
0 2033 0.498721 0.587500 0.040921 0.127273 0.383960 1173.000000 880.000000
0 2034 0.498721 0.586364 0.040921 0.127273 0.383960 1173.000000 880.000000
0 2035 0.498721 0.585795 0.040921 0.126136 0.378460 1173.000000 880.000000
0 2036 0.498721 0.584659 0.040921 0.126136 0.371170 1173.000000 880.000000
0 2037 0.498721 0.583523 0.040921 0.126136 0.371170 1173.000000 880.000000
0 2038 0.498721 0.582386 0.040921 0.126136 0.371170 1173.000000 880.000000
0 2039 0.499574 0.581818 0.040921 0.125000 0.350800 1173.000000 880.000000
0 2040 0.499574 0.580682 0.040921 0.125000 0.350800 1173.000000 880.000000
0 2041 0.499574 0.579545 0.040921 0.125000 0.350800 1173.000000 880.000000
0 2042 0.499574 0.578409 0.040921 0.125000 0.343450 1173.000000 880.000000
0 2043 0.499574 0.577273 0.040921 0.125000 0.343450 1173.000000 880.000000
0 2044 0.499574 0.576136 0.040921 0.125000 0.343450 1173.000000 880.000000
0 2045 0.500426 0.576136 0.040921 0.125000 0.316230 1173.000000 880.000000
0 2046 0.500426 0.575000 0.040921 0.125000 0.312740 1173.000000 880.000000
0 2047 0.500426 0.573864 0.040921 0.125000 0.309250 1173.000000 880.000000
0 2048 0.500426 0.572727 0.040921 0.125000 0.309250 1173.000000 880.000000
0 2049 0.500426 0.571591 0.040921 0.125000 0.305750 1173.000000 880.000000
0 2050 0.501279 0.571591 0.040921 0.125000 0.284980 1173.000000 880.000000
0 2051 0.501279 0.570455 0.040921 0.125000 0.284980 1173.000000 880.000000
0 2052 0.501279 0.569318 0.040921 0.125000 0.284980 1173.000000 880.000000
0 2053 0.501279 0.568182 0.040921 0.125000 0.284980 1173.000000 880.000000
0 2054 0.501279 0.567045 0.040921 0.125000 0.284980 1173.000000 880.000000
0 2055 0.502131 0.567045 0.040921 0.125000 0.267700 1173.000000 880.000000
0 2056 0.501279 0.564773 0.040921 0.125000 0.284980 1173.000000 880.000000
0 2057 0.501279 0.563636 0.040921 0.125000 0.284980 1173.000000 880.000000
0 2058 0.501279 0.562500 0.040921 0.125000 0.288660 1173.000000 880.000000
0 2059 0.501279 0.561364 0.040921 0.125000 0.288660 1173.000000 880.000000
0 2060 0.500426 0.560227 0.040921 0.125000 0.296750 1173.000000 880.000000
0 2061 0.500426 0.559091 0.040921 0.125000 0.302260 1173.000000 880.000000
0 2062 0.500426 0.557955 0.040921 0.125000 0.296750 1173.000000 880.000000
0 2063 0.500426 0.556818 0.040921 0.125000 0.296750 1173.000000 880.000000
0 2064 0.500426 0.555682 0.040921 0.125000 0.296750 1173.000000 880.000000
0 2065 0.499574 0.553409 0.040921 0.125000 0.317150 1173.000000 880.000000
0 2066 0.499574 0.552273 0.040921 0.125000 0.317150 1173.000000 880.000000
0 2067 0.499574 0.551136 0.040921 0.125000 0.311450 1173.000000 880.000000
0 2068 0.499574 0.550000 0.040921 0.125000 0.314760 1173.000000 880.000000
0 2069 0.498721 0.548864 0.040921 0.125000 0.322300 1173.000000 880.000000
0 2070 0.498721 0.547727 0.040921 0.125000 0.322300 1173.000000 880.000000
0 2071 0.498721 0.546591 0.040921 0.125000 0.325430 1173.000000 880.000000
0 2072 0.498721 0.545455 0.040921 0.125000 0.325430 1173.000000 880.000000
0 2073 0.498721 0.544318 0.040921 0.125000 0.322670 1173.000000 880.000000
0 2074 0.498721 0.542045 0.040921 0.125000 0.328550 1173.000000 880.000000
0 2075 0.498721 0.540909 0.040921 0.125000 0.328550 1173.000000 880.000000
0 2076 0.498721 0.539773 0.040921 0.125000 0.328550 1173.000000 880.000000
0 2077 0.498721 0.538636 0.040921 0.125000 0.328550 1173.000000 880.000000
0 2078 0.498721 0.536364 0.040921 0.125000 0.331680 1173.000000 880.000000
0 2079 0.498721 0.535227 0.040921 0.125000 0.331680 1173.000000 880.000000
0 2080 0.498721 0.534091 0.040921 0.125000 0.331680 1173.000000 880.000000
0 2081 0.498721 0.532955 0.040921 0.125000 0.328550 1173.000000 880.000000
0 2082 0.498721 0.531818 0.040921 0.125000 0.332780 1173.000000 880.000000
0 2083 0.498721 0.529545 0.040921 0.125000 0.346390 1173.000000 880.000000
0 2084 0.498721 0.528409 0.040921 0.125000 0.337380 1173.000000 880.000000
0 2085 0.498721 0.527273 0.040921 0.125000 0.342340 1173.000000 880.000000
0 2086 0.498721 0.526136 0.040921 0.125000 0.341060 1173.000000 880.000000
0 2087 0.498721 0.523864 0.040921 0.125000 0.355580 1173.000000 880.000000
0 2088 0.498721 0.522727 0.040921 0.125000 0.338670 1173.000000 880.000000
0 2089 0.498721 0.521591 0.040921 0.125000 0.338670 1173.000000 880.000000
0 2090 0.498721 0.520455 0.040921 0.125000 0.332050 1173.000000 880.000000
0 2091 0.498721 0.519318 0.040921 0.125000 0.448060 1173.000000 880.000000
0 2092 0.497869 0.517045 0.040921 0.125000 0.444930 1173.000000 880.000000
0 2093 0.497869 0.514773 0.040921 0.125000 0.453210 1173.000000 880.000000
0 2094 0.497869 0.512500 0.040921 0.125000 0.453210 1173.000000 880.000000
0 2095 0.497442 0.511364 0.041773 0.125000 0.452970 1173.000000 880.000000
0 2096 0.497442 0.509091 0.041773 0.125000 0.452970 1173.000000 880.000000
0 2097 0.497442 0.506818 0.041773 0.125000 0.461260 1173.000000 880.000000
0 2098 0.497016 0.505682 0.042626 0.125000 0.455570 1173.000000 880.000000
0 2099 0.497016 0.503409 0.042626 0.125000 0.463700 1173.000000 880.000000
0 2100 0.497016 0.501136 0.042626 0.125000 0.474300 1173.000000 880.000000
0 2101 0.497016 0.500000 0.042626 0.125000 0.474300 1173.000000 880.000000
0 2102 0.496164 0.496591 0.042626 0.125000 0.485430 1173.000000 880.000000
0 2103 0.496164 0.493750 0.042626 0.123864 0.491980 1173.000000 880.000000
0 2104 0.495737 0.490909 0.041773 0.122727 0.388620 1173.000000 880.000000
0 2105 0.495737 0.487500 0.041773 0.122727 0.390830 1173.000000 880.000000
0 2106 0.495311 0.484659 0.040921 0.121591 0.399470 1173.000000 880.000000
0 2107 0.495311 0.481818 0.040921 0.120455 0.412550 1173.000000 880.000000
0 2108 0.495311 0.478409 0.040921 0.120455 0.421900 1173.000000 880.000000
0 2109 0.494885 0.475568 0.040068 0.119318 0.426490 1173.000000 880.000000
0 2110 0.494885 0.473295 0.040068 0.119318 0.433180 1173.000000 880.000000
0 2111 0.494459 0.469886 0.039216 0.119318 0.448010 1173.000000 880.000000
0 2112 0.494459 0.467045 0.039216 0.118182 0.454100 1173.000000 880.000000
0 2113 0.493606 0.464205 0.039216 0.117045 0.466240 1173.000000 880.000000
0 2114 0.493606 0.460795 0.039216 0.117045 0.478520 1173.000000 880.000000
0 2115 0.493606 0.457955 0.039216 0.115909 0.490190 1173.000000 880.000000
0 2116 0.493180 0.455114 0.038363 0.114773 0.492750 1173.000000 880.000000
0 2117 0.493180 0.451705 0.038363 0.114773 0.505330 1173.000000 880.000000
0 2118 0.492754 0.448864 0.037511 0.113636 0.523430 1173.000000 880.000000
0 2119 0.492754 0.446591 0.037511 0.113636 0.526070 1173.000000 880.000000
0 2120 0.492327 0.443750 0.036658 0.112500 0.530910 1173.000000 880.000000
0 2121 0.492327 0.440341 0.036658 0.112500 0.530910 1173.000000 880.000000
0 2122 0.492327 0.437500 0.036658 0.111364 0.516990 1173.000000 880.000000
0 2123 0.491901 0.434659 0.035806 0.110227 0.518750 1173.000000 880.000000
0 2124 0.491901 0.431250 0.035806 0.110227 0.515900 1173.000000 880.000000
0 2125 0.491049 0.428409 0.035806 0.109091 0.510910 1173.000000 880.000000
0 2126 0.491049 0.425568 0.035806 0.107955 0.505810 1173.000000 880.000000
0 2127 0.490622 0.422159 0.034953 0.107955 0.513140 1173.000000 880.000000
0 2128 0.490622 0.419886 0.034953 0.107955 0.489580 1173.000000 880.000000
0 2129 0.490622 0.417045 0.034953 0.106818 0.484210 1173.000000 880.000000
0 2130 0.490196 0.413636 0.034101 0.106818 0.481130 1173.000000 880.000000
0 2131 0.490196 0.410795 0.034101 0.105682 0.475610 1173.000000 880.000000
0 2132 0.489770 0.407955 0.033248 0.104545 0.475000 1173.000000 880.000000
0 2133 0.489770 0.404545 0.033248 0.104545 0.463440 1173.000000 880.000000
0 2134 0.489344 0.401705 0.032396 0.103409 0.466000 1173.000000 880.000000
0 2135 0.489344 0.398864 0.032396 0.102273 0.460130 1173.000000 880.000000
0 2136 0.489344 0.396591 0.032396 0.102273 0.437020 1173.000000 880.000000
0 2137 0.488491 0.393182 0.032396 0.102273 0.449140 1173.000000 880.000000
0 2138 0.488491 0.389773 0.032396 0.102273 0.449140 1173.000000 880.000000
0 2139 0.488491 0.386364 0.032396 0.102273 0.444630 1173.000000 880.000000
0 2140 0.488491 0.383523 0.032396 0.103409 0.439800 1173.000000 880.000000
0 2141 0.488491 0.380114 0.032396 0.103409 0.439800 1173.000000 880.000000
0 2142 0.488491 0.376705 0.032396 0.103409 0.439800 1173.000000 880.000000
0 2143 0.487639 0.373864 0.032396 0.102273 0.441250 1173.000000 880.000000
0 2144 0.487639 0.371023 0.032396 0.103409 0.436450 1173.000000 880.000000
0 2145 0.487639 0.367614 0.032396 0.103409 0.436450 1173.000000 880.000000
0 2146 0.487639 0.364205 0.032396 0.103409 0.431160 1173.000000 880.000000
0 2147 0.487639 0.361364 0.032396 0.104545 0.426520 1173.000000 880.000000
0 2148 0.487639 0.357955 0.032396 0.104545 0.426520 1173.000000 880.000000
0 2149 0.486786 0.355114 0.032396 0.103409 0.440640 1173.000000 880.000000
0 2150 0.486786 0.351705 0.032396 0.103409 0.427540 1173.000000 880.000000
0 2151 0.486786 0.348864 0.032396 0.104545 0.422940 1173.000000 880.000000
0 2152 0.486786 0.345455 0.032396 0.104545 0.422940 1173.000000 880.000000
0 2153 0.486786 0.342045 0.032396 0.104545 0.416870 1173.000000 880.000000
0 2154 0.486786 0.339205 0.032396 0.105682 0.412440 1173.000000 880.000000
0 2155 0.485934 0.336364 0.032396 0.104545 0.419350 1173.000000 880.000000
0 2156 0.485934 0.332955 0.032396 0.104545 0.430110 1173.000000 880.000000
0 2157 0.485934 0.329545 0.032396 0.104545 0.433690 1173.000000 880.000000
0 2158 0.485934 0.326705 0.032396 0.105682 0.436170 1173.000000 880.000000
0 2159 0.485934 0.323295 0.032396 0.105682 0.450350 1173.000000 880.000000
0 2160 0.485934 0.319886 0.032396 0.105682 0.464540 1173.000000 880.000000
0 2161 0.485934 0.317614 0.032396 0.105682 0.477910 1173.000000 880.000000
0 2162 0.485081 0.315341 0.032396 0.105682 0.502450 1173.000000 880.000000
0 2163 0.485081 0.314205 0.032396 0.105682 0.502450 1173.000000 880.000000
0 2164 0.485081 0.313068 0.032396 0.105682 0.506270 1173.000000 880.000000
0 2165 0.485081 0.311364 0.032396 0.106818 0.511470 1173.000000 880.000000
0 2166 0.485081 0.309659 0.032396 0.105682 0.519910 1173.000000 880.000000
0 2167 0.485081 0.308523 0.032396 0.105682 0.524550 1173.000000 880.000000
0 2168 0.485081 0.306818 0.032396 0.106818 0.523890 1173.000000 880.000000
0 2169 0.485081 0.305682 0.032396 0.106818 0.526050 1173.000000 880.000000
0 2170 0.485081 0.303977 0.032396 0.105682 0.535460 1173.000000 880.000000
0 2171 0.485081 0.302841 0.032396 0.105682 0.535460 1173.000000 880.000000
0 2172 0.485081 0.301136 0.032396 0.106818 0.546560 1173.000000 880.000000
0 2173 0.485081 0.300000 0.032396 0.106818 0.553310 1173.000000 880.000000
0 2174 0.485081 0.298295 0.032396 0.105682 0.551830 1173.000000 880.000000
0 2175 0.485081 0.296591 0.032396 0.106818 0.560590 1173.000000 880.000000
0 2176 0.485081 0.295455 0.032396 0.106818 0.572470 1173.000000 880.000000
0 2177 0.485081 0.294318 0.032396 0.106818 0.572470 1173.000000 880.000000
0 2178 0.485081 0.292614 0.032396 0.105682 0.575290 1173.000000 880.000000
0 2179 0.485081 0.290909 0.032396 0.106818 0.579760 1173.000000 880.000000
0 2180 0.485081 0.289773 0.032396 0.106818 0.591360 1173.000000 880.000000
0 2181 0.485081 0.288636 0.032396 0.106818 0.585960 1173.000000 880.000000
0 2182 0.485081 0.286364 0.032396 0.106818 0.592980 1173.000000 880.000000
0 2183 0.485081 0.285227 0.032396 0.106818 0.604050 1173.000000 880.000000
0 2184 0.485081 0.284091 0.032396 0.106818 0.604050 1173.000000 880.000000
0 2185 0.485081 0.282955 0.032396 0.106818 0.610800 1173.000000 880.000000
0 2186 0.484655 0.281818 0.033248 0.106818 0.631050 1173.000000 880.000000
0 2187 0.484655 0.280682 0.033248 0.106818 0.631050 1173.000000 880.000000
0 2188 0.484655 0.280682 0.033248 0.106818 0.624740 1173.000000 880.000000
0 2189 0.484655 0.279545 0.033248 0.106818 0.635530 1173.000000 880.000000
0 2190 0.484228 0.279545 0.034101 0.106818 0.635690 1173.000000 880.000000
0 2191 0.484228 0.278409 0.034101 0.106818 0.635690 1173.000000 880.000000
0 2192 0.484228 0.277841 0.034101 0.105682 0.642450 1173.000000 880.000000
0 2193 0.484228 0.277273 0.034101 0.106818 0.640560 1173.000000 880.000000
0 2194 0.484228 0.276705 0.034101 0.105682 0.638820 1173.000000 880.000000
0 2195 0.483802 0.276136 0.034953 0.106818 0.659650 1173.000000 880.000000
0 2196 0.483802 0.275568 0.034953 0.105682 0.656030 1173.000000 880.000000
0 2197 0.483802 0.275000 0.034953 0.106818 0.654390 1173.000000 880.000000
0 2198 0.483802 0.273864 0.034953 0.106818 0.666670 1173.000000 880.000000
0 2199 0.483802 0.273295 0.034953 0.105682 0.666670 1173.000000 880.000000
0 2200 0.483376 0.272727 0.035806 0.106818 0.672950 1173.000000 880.000000
0 2201 0.483376 0.272159 0.035806 0.105682 0.670950 1173.000000 880.000000
0 2202 0.483376 0.271591 0.035806 0.106818 0.669520 1173.000000 880.000000
0 2203 0.483376 0.271023 0.035806 0.105682 0.670950 1173.000000 880.000000
0 2204 0.482950 0.270455 0.036658 0.106818 0.677030 1173.000000 880.000000
0 2205 0.482950 0.269886 0.036658 0.105682 0.673600 1173.000000 880.000000
0 2206 0.482950 0.268750 0.036658 0.105682 0.675050 1173.000000 880.000000
0 2207 0.482950 0.268750 0.036658 0.105682 0.673600 1173.000000 880.000000
0 2208 0.482950 0.267614 0.036658 0.105682 0.675050 1173.000000 880.000000
0 2209 0.482523 0.267045 0.037511 0.106818 0.680940 1173.000000 880.000000
0 2210 0.482523 0.266477 0.037511 0.105682 0.680850 1173.000000 880.000000
0 2211 0.482523 0.265909 0.037511 0.106818 0.680940 1173.000000 880.000000
0 2212 0.482523 0.265341 0.037511 0.105682 0.686050 1173.000000 880.000000
0 2213 0.482523 0.264205 0.037511 0.105682 0.687710 1173.000000 880.000000
0 2214 0.482097 0.264205 0.038363 0.105682 0.692880 1173.000000 880.000000
0 2215 0.482097 0.263068 0.038363 0.105682 0.694500 1173.000000 880.000000
0 2216 0.482097 0.263068 0.038363 0.105682 0.689870 1173.000000 880.000000
0 2217 0.482097 0.261932 0.038363 0.105682 0.702820 1173.000000 880.000000
0 2218 0.482097 0.261932 0.038363 0.105682 0.708600 1173.000000 880.000000
0 2219 0.482097 0.260795 0.038363 0.105682 0.709760 1173.000000 880.000000
0 2220 0.482950 0.259659 0.038363 0.105682 0.701200 1173.000000 880.000000
0 2221 0.483802 0.258523 0.038363 0.105682 0.696110 1173.000000 880.000000
0 2222 0.483802 0.257386 0.038363 0.105682 0.706520 1173.000000 880.000000
0 2223 0.484655 0.256250 0.038363 0.105682 0.688250 1173.000000 880.000000
0 2224 0.485507 0.255114 0.038363 0.105682 0.691950 1173.000000 880.000000
0 2225 0.486360 0.255114 0.038363 0.105682 0.679690 1173.000000 880.000000
0 2226 0.486360 0.253977 0.038363 0.105682 0.697960 1173.000000 880.000000
0 2227 0.487212 0.252841 0.038363 0.105682 0.691950 1173.000000 880.000000
0 2228 0.488065 0.251705 0.038363 0.105682 0.691950 1173.000000 880.000000
0 2229 0.488065 0.250568 0.038363 0.105682 0.710450 1173.000000 880.000000
0 2230 0.488917 0.249432 0.038363 0.105682 0.713920 1173.000000 880.000000
0 2231 0.489770 0.248295 0.038363 0.105682 0.704440 1173.000000 880.000000
0 2232 0.490622 0.248295 0.038363 0.105682 0.704440 1173.000000 880.000000
0 2233 0.490622 0.247159 0.038363 0.105682 0.722250 1173.000000 880.000000
0 2234 0.491475 0.246023 0.038363 0.105682 0.713920 1173.000000 880.000000
0 2235 0.492327 0.244886 0.038363 0.105682 0.708600 1173.000000 880.000000
0 2236 0.492327 0.243750 0.038363 0.105682 0.726180 1173.000000 880.000000
0 2237 0.493180 0.242614 0.038363 0.105682 0.729420 1173.000000 880.000000
0 2238 0.494032 0.241477 0.038363 0.105682 0.730110 1173.000000 880.000000
0 2239 0.494885 0.241477 0.038363 0.105682 0.716930 1173.000000 880.000000
0 2240 0.494885 0.240341 0.038363 0.105682 0.737510 1173.000000 880.000000
0 2241 0.495737 0.239205 0.038363 0.105682 0.734970 1173.000000 880.000000
0 2242 0.496590 0.238068 0.038363 0.105682 0.728720 1173.000000 880.000000
0 2243 0.496590 0.236932 0.038363 0.105682 0.737970 1173.000000 880.000000
0 2244 0.497442 0.235795 0.038363 0.105682 0.727570 1173.000000 880.000000
0 2245 0.498295 0.234659 0.038363 0.105682 0.719700 1173.000000 880.000000
0 2246 0.499147 0.234659 0.038363 0.105682 0.698430 1173.000000 880.000000
0 2247 0.499147 0.233523 0.038363 0.105682 0.705370 1173.000000 880.000000
0 2248 0.499147 0.232386 0.038363 0.105682 0.714850 1173.000000 880.000000
0 2249 0.499574 0.231250 0.037511 0.105682 0.708510 1173.000000 880.000000
0 2250 0.499574 0.230114 0.037511 0.105682 0.711580 1173.000000 880.000000
0 2251 0.500426 0.228977 0.037511 0.105682 0.693380 1173.000000 880.000000
0 2252 0.500426 0.227841 0.037511 0.105682 0.693380 1173.000000 880.000000
0 2253 0.500426 0.226705 0.037511 0.105682 0.693380 1173.000000 880.000000
0 2254 0.500853 0.225568 0.036658 0.105682 0.694150 1173.000000 880.000000
0 2255 0.501279 0.224432 0.037511 0.105682 0.679200 1173.000000 880.000000
0 2256 0.501705 0.223295 0.036658 0.105682 0.671910 1173.000000 880.000000
0 2257 0.501705 0.222159 0.036658 0.105682 0.674560 1173.000000 880.000000
0 2258 0.501705 0.221023 0.036658 0.105682 0.674560 1173.000000 880.000000
0 2259 0.502558 0.219886 0.036658 0.105682 0.656190 1173.000000 880.000000
0 2260 0.502558 0.218750 0.036658 0.105682 0.656190 1173.000000 880.000000
0 2261 0.502984 0.217614 0.035806 0.105682 0.643490 1173.000000 880.000000
0 2262 0.502984 0.216477 0.035806 0.105682 0.643490 1173.000000 880.000000
0 2263 0.503836 0.215341 0.035806 0.105682 0.624440 1173.000000 880.000000
0 2264 0.503836 0.214205 0.035806 0.105682 0.627910 1173.000000 880.000000
0 2265 0.503836 0.213068 0.035806 0.105682 0.627660 1173.000000 880.000000
0 2266 0.504263 0.211932 0.034953 0.105682 0.618790 1173.000000 880.000000
0 2267 0.504263 0.210795 0.034953 0.105682 0.618790 1173.000000 880.000000
0 2268 0.505115 0.209659 0.034953 0.105682 0.600810 1173.000000 880.000000
0 2269 0.505115 0.208523 0.034953 0.105682 0.581560 1173.000000 880.000000
0 2270 0.505115 0.207386 0.034953 0.105682 0.543060 1173.000000 880.000000
0 2271 0.505541 0.206250 0.034101 0.105682 0.525690 1173.000000 880.000000
0 2272 0.505968 0.205114 0.034953 0.105682 0.485060 1173.000000 880.000000
0 2273 0.506394 0.203977 0.034101 0.105682 0.452780 1173.000000 880.000000
0 2274 0.506394 0.202841 0.034101 0.105682 0.422420 1173.000000 880.000000
0 2275 0.506394 0.201705 0.034101 0.105682 0.382980 1173.000000 880.000000
0 2276 0.507246 0.200568 0.034101 0.105682 0.349250 1173.000000 880.000000
0 2277 0.507246 0.199432 0.034101 0.105682 0.323560 1173.000000 880.000000
0 2278 0.507673 0.198295 0.033248 0.105682 0.286440 1173.000000 880.000000
0 2279 0.507673 0.197159 0.033248 0.105682 0.246010 1173.000000 880.000000
0 2280 0.508525 0.197159 0.033248 0.105682 0.210900 1173.000000 880.000000
0 2281 0.508525 0.196023 0.033248 0.105682 0.184840 1173.000000 880.000000
0 2282 0.509378 0.194886 0.033248 0.105682 0.175530 1173.000000 880.000000
0 2283 0.509378 0.194886 0.033248 0.105682 0.171280 1173.000000 880.000000
0 2284 0.510230 0.193750 0.033248 0.105682 0.170210 1173.000000 880.000000
0 2285 0.511083 0.193750 0.033248 0.105682 0.164890 1173.000000 880.000000
0 2286 0.511083 0.192614 0.033248 0.105682 0.170210 1173.000000 880.000000
0 2287 0.511935 0.192614 0.033248 0.105682 0.159570 1173.000000 880.000000
0 2288 0.512788 0.191477 0.033248 0.105682 0.170210 1173.000000 880.000000
0 2289 0.512788 0.190341 0.033248 0.105682 0.170210 1173.000000 880.000000
0 2290 0.513640 0.190341 0.033248 0.105682 0.164890 1173.000000 880.000000
0 2291 0.514493 0.189205 0.033248 0.105682 0.170210 1173.000000 880.000000
0 2292 0.514493 0.189205 0.033248 0.105682 0.164890 1173.000000 880.000000
0 2293 0.515345 0.188068 0.033248 0.105682 0.170210 1173.000000 880.000000
0 2294 0.516198 0.188068 0.033248 0.105682 0.159570 1173.000000 880.000000
0 2295 0.516198 0.186932 0.033248 0.105682 0.164890 1173.000000 880.000000
0 2296 0.517050 0.186932 0.033248 0.105682 0.164890 1173.000000 880.000000
0 2297 0.517903 0.185795 0.033248 0.105682 0.164890 1173.000000 880.000000
0 2298 0.517903 0.184659 0.033248 0.105682 0.170210 1173.000000 880.000000
0 2299 0.518755 0.184659 0.033248 0.105682 0.159570 1173.000000 880.000000
0 2300 0.519608 0.183523 0.033248 0.105682 0.170210 1173.000000 880.000000
0 2301 0.519608 0.183523 0.033248 0.105682 0.167820 1173.000000 880.000000
0 2302 0.520460 0.182386 0.033248 0.105682 0.167820 1173.000000 880.000000
0 2303 0.521313 0.182386 0.033248 0.105682 0.170740 1173.000000 880.000000
0 2304 0.521313 0.181250 0.033248 0.105682 0.198940 1173.000000 880.000000
0 2305 0.522165 0.180114 0.033248 0.105682 0.225530 1173.000000 880.000000
0 2306 0.523018 0.180114 0.033248 0.105682 0.234840 1173.000000 880.000000
0 2307 0.523018 0.178977 0.033248 0.105682 0.285110 1173.000000 880.000000
0 2308 0.523870 0.178977 0.033248 0.105682 0.318350 1173.000000 880.000000
0 2309 0.524723 0.177841 0.033248 0.105682 0.335370 1173.000000 880.000000
0 2310 0.524723 0.177841 0.033248 0.105682 0.371280 1173.000000 880.000000
0 2311 0.525575 0.176705 0.033248 0.105682 0.396280 1173.000000 880.000000
0 2312 0.526428 0.176705 0.033248 0.105682 0.408510 1173.000000 880.000000
0 2313 0.527280 0.175568 0.033248 0.105682 0.415160 1173.000000 880.000000
0 2314 0.528133 0.174432 0.033248 0.105682 0.431380 1173.000000 880.000000
0 2315 0.528986 0.173295 0.033248 0.105682 0.442820 1173.000000 880.000000
0 2316 0.529838 0.172727 0.033248 0.104545 0.441400 1173.000000 880.000000
0 2317 0.530691 0.171591 0.033248 0.104545 0.463980 1173.000000 880.000000
0 2318 0.531543 0.170455 0.033248 0.104545 0.469620 1173.000000 880.000000
0 2319 0.532396 0.169318 0.033248 0.104545 0.479030 1173.000000 880.000000
0 2320 0.533248 0.168750 0.033248 0.103409 0.486410 1173.000000 880.000000
0 2321 0.534101 0.168182 0.033248 0.104545 0.443010 1173.000000 880.000000
0 2322 0.534953 0.167045 0.033248 0.104545 0.421770 1173.000000 880.000000
0 2323 0.535806 0.165909 0.033248 0.104545 0.401610 1173.000000 880.000000
0 2324 0.536658 0.165341 0.033248 0.103409 0.369020 1173.000000 880.000000
0 2325 0.537511 0.164205 0.033248 0.103409 0.348100 1173.000000 880.000000
0 2326 0.539216 0.163068 0.033248 0.103409 0.327720 1173.000000 880.000000
0 2327 0.540068 0.161932 0.033248 0.103409 0.311960 1173.000000 880.000000
0 2328 0.540921 0.161364 0.033248 0.102273 0.300000 1173.000000 880.000000
0 2329 0.541773 0.160227 0.033248 0.102273 0.301920 1173.000000 880.000000
0 2330 0.542626 0.159659 0.033248 0.103409 0.281520 1173.000000 880.000000
0 2331 0.543478 0.158523 0.033248 0.103409 0.287500 1173.000000 880.000000
0 2332 0.544331 0.157955 0.033248 0.102273 0.251370 1173.000000 880.000000
0 2333 0.545183 0.156818 0.033248 0.102273 0.248630 1173.000000 880.000000
0 2334 0.546036 0.155682 0.033248 0.102273 0.228570 1173.000000 880.000000
0 2335 0.546888 0.154545 0.033248 0.102273 0.207420 1173.000000 880.000000
0 2336 0.547741 0.153977 0.033248 0.101136 0.194170 1173.000000 880.000000
0 2337 0.548593 0.152841 0.033248 0.101136 0.172500 1173.000000 880.000000
0 2338 0.549446 0.151705 0.033248 0.101136 0.183610 1173.000000 880.000000
0 2339 0.551151 0.151705 0.033248 0.101136 0.167500 1173.000000 880.000000
0 2340 0.551151 0.150568 0.033248 0.101136 0.173330 1173.000000 880.000000
0 2341 0.552003 0.149432 0.033248 0.101136 0.181110 1173.000000 880.000000
0 2342 0.552003 0.148295 0.033248 0.101136 0.184440 1173.000000 880.000000
0 2343 0.552856 0.147159 0.033248 0.101136 0.192220 1173.000000 880.000000
0 2344 0.552856 0.146023 0.033248 0.101136 0.224440 1173.000000 880.000000
0 2345 0.553708 0.145455 0.033248 0.102273 0.256040 1173.000000 880.000000
0 2346 0.553708 0.144318 0.033248 0.102273 0.284070 1173.000000 880.000000
0 2347 0.554561 0.143750 0.033248 0.101136 0.311110 1173.000000 880.000000
0 2348 0.554561 0.142614 0.033248 0.101136 0.336670 1173.000000 880.000000
0 2349 0.555413 0.141477 0.033248 0.101136 0.366110 1173.000000 880.000000
0 2350 0.555413 0.140909 0.033248 0.102273 0.387360 1173.000000 880.000000
0 2351 0.556266 0.139773 0.033248 0.102273 0.402470 1173.000000 880.000000
0 2352 0.556266 0.138636 0.033248 0.102273 0.425000 1173.000000 880.000000
0 2353 0.557118 0.137500 0.033248 0.102273 0.440930 1173.000000 880.000000
0 2354 0.557118 0.136932 0.033248 0.101136 0.461390 1173.000000 880.000000
0 2355 0.557971 0.135795 0.033248 0.101136 0.471670 1173.000000 880.000000
0 2356 0.557971 0.135227 0.033248 0.102273 0.485440 1173.000000 880.000000
0 2357 0.558824 0.134091 0.033248 0.102273 0.496700 1173.000000 880.000000
0 2358 0.558824 0.132955 0.033248 0.102273 0.518680 1173.000000 880.000000
0 2359 0.559676 0.131818 0.033248 0.102273 0.510990 1173.000000 880.000000
0 2360 0.559676 0.130682 0.033248 0.102273 0.517860 1173.000000 880.000000
0 2361 0.560529 0.130682 0.033248 0.102273 0.498900 1173.000000 880.000000
0 2362 0.560529 0.128977 0.033248 0.101136 0.511110 1173.000000 880.000000
0 2363 0.560529 0.127841 0.033248 0.101136 0.525280 1173.000000 880.000000
0 2364 0.560529 0.126705 0.033248 0.101136 0.527780 1173.000000 880.000000
0 2365 0.561381 0.125568 0.033248 0.101136 0.527780 1173.000000 880.000000
0 2366 0.561381 0.124432 0.033248 0.101136 0.530280 1173.000000 880.000000
0 2367 0.561381 0.122727 0.033248 0.100000 0.552250 1173.000000 880.000000
0 2368 0.562234 0.121591 0.033248 0.100000 0.538760 1173.000000 880.000000
0 2369 0.562234 0.120455 0.033248 0.100000 0.542700 1173.000000 880.000000
0 2370 0.562234 0.119318 0.033248 0.100000 0.552250 1173.000000 880.000000
0 2371 0.562660 0.118750 0.032396 0.098864 0.546910 1173.000000 880.000000
0 2372 0.563086 0.117614 0.033248 0.098864 0.541480 1173.000000 880.000000
0 2373 0.563086 0.115909 0.033248 0.097727 0.557470 1173.000000 880.000000
0 2374 0.563512 0.114773 0.032396 0.097727 0.557320 1173.000000 880.000000
0 2375 0.563939 0.113636 0.033248 0.097727 0.547700 1173.000000 880.000000
0 2376 0.563939 0.112500 0.033248 0.097727 0.561490 1173.000000 880.000000
0 2377 0.564365 0.111364 0.032396 0.097727 0.557320 1173.000000 880.000000
0 2378 0.564365 0.109659 0.032396 0.096591 0.567980 1173.000000 880.000000
0 2379 0.564791 0.108523 0.033248 0.096591 0.575580 1173.000000 880.000000
0 2380 0.565217 0.107955 0.032396 0.095455 0.562900 1173.000000 880.000000
0 2381 0.565217 0.106818 0.032396 0.095455 0.567120 1173.000000 880.000000
0 2382 0.565644 0.105682 0.033248 0.095455 0.561180 1173.000000 880.000000
0 2383 0.566070 0.104545 0.032396 0.095455 0.557770 1173.000000 880.000000
0 2384 0.566070 0.102841 0.032396 0.094318 0.562270 1173.000000 880.000000
0 2385 0.566070 0.101705 0.032396 0.094318 0.572340 1173.000000 880.000000
0 2386 0.566922 0.100568 0.032396 0.094318 0.540290 1173.000000 880.000000
0 2387 0.566922 0.099432 0.032396 0.094318 0.541510 1173.000000 880.000000
0 2388 0.566922 0.098295 0.032396 0.094318 0.524420 1173.000000 880.000000
0 2389 0.567775 0.097727 0.032396 0.093182 0.502930 1173.000000 880.000000
0 2390 0.567775 0.096591 0.032396 0.093182 0.485630 1173.000000 880.000000
0 2391 0.568201 0.095455 0.031543 0.093182 0.480660 1173.000000 880.000000
0 2392 0.568627 0.094318 0.032396 0.093182 0.466790 1173.000000 880.000000
0 2393 0.569054 0.093182 0.031543 0.093182 0.468610 1173.000000 880.000000
0 2394 0.569480 0.092045 0.032396 0.093182 0.466480 1173.000000 880.000000
0 2395 0.569906 0.090909 0.031543 0.093182 0.487320 1173.000000 880.000000
0 2396 0.569906 0.089773 0.031543 0.093182 0.488270 1173.000000 880.000000
0 2397 0.570759 0.088636 0.031543 0.093182 0.499680 1173.000000 880.000000
0 2398 0.570759 0.087500 0.031543 0.093182 0.514270 1173.000000 880.000000
0 2399 0.571611 0.086364 0.031543 0.093182 0.527900 1173.000000 880.000000
0 2400 0.571611 0.085227 0.031543 0.093182 0.543120 1173.000000 880.000000
0 2401 0.572464 0.084091 0.031543 0.093182 0.565630 1173.000000 880.000000
0 2402 0.572038 0.081818 0.032396 0.093182 0.590050 1173.000000 880.000000
0 2403 0.572464 0.080682 0.033248 0.093182 0.592770 1173.000000 880.000000
0 2404 0.572464 0.078409 0.034953 0.093182 0.663220 1173.000000 880.000000
0 2405 0.572890 0.077273 0.035806 0.093182 0.677780 1173.000000 880.000000
