0 580 0.671355 0.982386 0.036658 0.035227 1.000000 1173.000000 880.000000
0 581 0.670077 0.981250 0.037511 0.037500 1.000000 1173.000000 880.000000
0 582 0.669650 0.980114 0.038363 0.039773 1.000000 1173.000000 880.000000
0 583 0.669224 0.979545 0.039216 0.040909 1.000000 1173.000000 880.000000
0 584 0.668372 0.978409 0.039216 0.043182 1.000000 1173.000000 880.000000
0 585 0.667945 0.977841 0.040068 0.044318 1.000000 1173.000000 880.000000
0 586 0.667519 0.976705 0.040921 0.046591 1.000000 1173.000000 880.000000
0 587 0.666667 0.976136 0.040921 0.047727 1.000000 1173.000000 880.000000
0 588 0.665814 0.975000 0.042626 0.050000 1.000000 1173.000000 880.000000
0 589 0.665388 0.973864 0.043478 0.052273 1.000000 1173.000000 880.000000
0 590 0.664535 0.973295 0.043478 0.053409 1.000000 1173.000000 880.000000
0 591 0.664109 0.972159 0.044331 0.055682 1.000000 1173.000000 880.000000
0 592 0.663683 0.971591 0.045183 0.056818 1.000000 1173.000000 880.000000
0 593 0.662830 0.970455 0.045183 0.059091 1.000000 1173.000000 880.000000
0 594 0.662404 0.969886 0.046036 0.060227 1.000000 1173.000000 880.000000
0 595 0.661552 0.968750 0.047741 0.062500 1.000000 1173.000000 880.000000
0 596 0.660699 0.967614 0.047741 0.064773 1.000000 1173.000000 880.000000
0 597 0.660273 0.967045 0.048593 0.065909 1.000000 1173.000000 880.000000
0 598 0.659847 0.965909 0.049446 0.068182 1.000000 1173.000000 880.000000
0 599 0.658994 0.965341 0.049446 0.069318 1.000000 1173.000000 880.000000
0 600 0.658568 0.964205 0.050298 0.071591 1.000000 1173.000000 880.000000
0 601 0.658142 0.963636 0.051151 0.072727 1.000000 1173.000000 880.000000
0 602 0.656863 0.961932 0.052003 0.076136 1.000000 1173.000000 880.000000
0 603 0.656010 0.960795 0.052003 0.078409 1.000000 1173.000000 880.000000
0 604 0.655158 0.959659 0.052003 0.080682 1.000000 1173.000000 880.000000
0 605 0.654305 0.958523 0.052003 0.082955 1.000000 1173.000000 880.000000
0 606 0.653453 0.956818 0.052003 0.086364 1.000000 1173.000000 880.000000
0 607 0.652600 0.955682 0.052003 0.088636 1.000000 1173.000000 880.000000
0 608 0.651748 0.955114 0.052003 0.092045 0.987800 1173.000000 880.000000
0 609 0.650895 0.953977 0.052003 0.094318 0.988100 1173.000000 880.000000
0 610 0.650043 0.952841 0.052003 0.096591 0.988370 1173.000000 880.000000
0 611 0.649190 0.951136 0.052003 0.100000 0.988760 1173.000000 880.000000
0 612 0.648338 0.950000 0.052003 0.102273 0.989010 1173.000000 880.000000
0 613 0.647485 0.948864 0.052003 0.104545 0.989250 1173.000000 880.000000
0 614 0.646633 0.947727 0.052003 0.106818 0.989470 1173.000000 880.000000
0 615 0.646206 0.946591 0.052856 0.109091 0.989690 1173.000000 880.000000
0 616 0.645354 0.945455 0.052856 0.111364 0.989900 1173.000000 880.000000
0 617 0.644501 0.944886 0.052856 0.112500 0.990000 1173.000000 880.000000
0 618 0.644075 0.943750 0.052003 0.114773 0.990200 1173.000000 880.000000
0 619 0.643649 0.942614 0.052856 0.114773 0.947090 1173.000000 880.000000
0 620 0.642796 0.941477 0.052856 0.117045 0.946890 1173.000000 880.000000
0 621 0.642370 0.940909 0.052003 0.118182 0.945930 1173.000000 880.000000
0 622 0.641517 0.939205 0.052003 0.119318 0.784540 1173.000000 880.000000
0 623 0.641517 0.938636 0.052003 0.120455 1.000000 1173.000000 880.000000
0 624 0.640665 0.938068 0.052003 0.121591 1.000000 1173.000000 880.000000
0 625 0.639812 0.936364 0.052003 0.122727 1.000000 1173.000000 880.000000
0 626 0.639386 0.935795 0.051151 0.123864 1.000000 1173.000000 880.000000
0 627 0.638960 0.934659 0.052003 0.126136 1.000000 1173.000000 880.000000
0 628 0.638107 0.933523 0.052003 0.126136 1.000000 1173.000000 880.000000
0 629 0.637681 0.932386 0.051151 0.128409 1.000000 1173.000000 880.000000
0 630 0.636829 0.931818 0.051151 0.129545 1.000000 1173.000000 880.000000
0 631 0.636829 0.931250 0.051151 0.130682 1.000000 1173.000000 880.000000
0 632 0.635124 0.928409 0.051151 0.131818 1.000000 1173.000000 880.000000
0 633 0.634271 0.926136 0.051151 0.134091 1.000000 1173.000000 880.000000
0 634 0.633419 0.923864 0.051151 0.136364 1.000000 1173.000000 880.000000
0 635 0.632566 0.921591 0.051151 0.136364 1.000000 1173.000000 880.000000
0 636 0.631714 0.919318 0.051151 0.138636 1.000000 1173.000000 880.000000
0 637 0.630861 0.917045 0.051151 0.140909 1.000000 1173.000000 880.000000
0 638 0.629156 0.914773 0.051151 0.140909 1.000000 1173.000000 880.000000
0 639 0.628303 0.912500 0.051151 0.143182 1.000000 1173.000000 880.000000
0 640 0.627451 0.910227 0.051151 0.145455 1.000000 1173.000000 880.000000
0 641 0.626598 0.907955 0.051151 0.145455 1.000000 1173.000000 880.000000
0 642 0.625746 0.905682 0.051151 0.147727 1.000000 1173.000000 880.000000
0 643 0.624893 0.903409 0.051151 0.150000 1.000000 1173.000000 880.000000
0 644 0.624041 0.901705 0.051151 0.151136 1.000000 1173.000000 880.000000
0 645 0.623188 0.898295 0.051151 0.151136 1.000000 1173.000000 880.000000
0 646 0.622336 0.896023 0.051151 0.151136 1.000000 1173.000000 880.000000
0 647 0.622336 0.893750 0.051151 0.151136 1.000000 1173.000000 880.000000
0 648 0.621483 0.890909 0.051151 0.152273 1.000000 1173.000000 880.000000
0 649 0.621483 0.888068 0.051151 0.151136 1.000000 1173.000000 880.000000
0 650 0.620631 0.885795 0.051151 0.151136 1.000000 1173.000000 880.000000
0 651 0.620631 0.883523 0.051151 0.151136 1.000000 1173.000000 880.000000
0 652 0.619778 0.880682 0.051151 0.152273 1.000000 1173.000000 880.000000
0 653 0.618926 0.878409 0.051151 0.152273 1.000000 1173.000000 880.000000
0 654 0.618926 0.875568 0.051151 0.151136 1.000000 1173.000000 880.000000
0 655 0.618073 0.872727 0.051151 0.152273 1.000000 1173.000000 880.000000
0 656 0.618073 0.870455 0.051151 0.152273 1.000000 1173.000000 880.000000
0 657 0.617221 0.868182 0.051151 0.152273 1.000000 1173.000000 880.000000
0 658 0.617221 0.865909 0.051151 0.152273 1.000000 1173.000000 880.000000
0 659 0.616368 0.863068 0.051151 0.151136 1.000000 1173.000000 880.000000
0 660 0.615516 0.860227 0.051151 0.150000 1.000000 1173.000000 880.000000
0 661 0.614663 0.857955 0.051151 0.150000 1.000000 1173.000000 880.000000
0 662 0.613811 0.855114 0.051151 0.148864 1.000000 1173.000000 880.000000
0 663 0.612958 0.853409 0.051151 0.147727 1.000000 1173.000000 880.000000
0 664 0.612106 0.850568 0.051151 0.146591 1.000000 1173.000000 880.000000
0 665 0.611253 0.848295 0.051151 0.146591 1.000000 1173.000000 880.000000
0 666 0.610401 0.845455 0.051151 0.145455 1.000000 1173.000000 880.000000
0 667 0.609548 0.843182 0.051151 0.145455 1.000000 1173.000000 880.000000
0 668 0.608696 0.840909 0.051151 0.143182 1.000000 1173.000000 880.000000
0 669 0.607843 0.838068 0.051151 0.142045 1.000000 1173.000000 880.000000
0 670 0.606991 0.835795 0.051151 0.142045 1.000000 1173.000000 880.000000
0 671 0.606138 0.832955 0.051151 0.140909 1.000000 1173.000000 880.000000
0 672 0.605286 0.830682 0.051151 0.140909 1.000000 1173.000000 880.000000
0 673 0.604433 0.828409 0.051151 0.138636 1.000000 1173.000000 880.000000
0 674 0.603581 0.826136 0.051151 0.138636 1.000000 1173.000000 880.000000
0 675 0.602728 0.823295 0.051151 0.137500 1.000000 1173.000000 880.000000
0 676 0.601876 0.821023 0.051151 0.137500 1.000000 1173.000000 880.000000
0 677 0.601023 0.818182 0.051151 0.136364 1.000000 1173.000000 880.000000
0 678 0.600171 0.816477 0.051151 0.135227 1.000000 1173.000000 880.000000
0 679 0.599318 0.814205 0.051151 0.135227 1.000000 1173.000000 880.000000
0 680 0.598465 0.811932 0.051151 0.135227 1.000000 1173.000000 880.000000
0 681 0.597613 0.809659 0.051151 0.135227 1.000000 1173.000000 880.000000
0 682 0.596760 0.807386 0.051151 0.135227 1.000000 1173.000000 880.000000
0 683 0.595908 0.805114 0.051151 0.135227 0.812020 1173.000000 880.000000
0 684 0.595055 0.802841 0.051151 0.135227 0.814210 1173.000000 880.000000
0 685 0.594203 0.800568 0.051151 0.135227 0.816390 1173.000000 880.000000
0 686 0.593350 0.798295 0.051151 0.135227 0.816390 1173.000000 880.000000
0 687 0.592498 0.796023 0.051151 0.135227 0.807240 1173.000000 880.000000
0 688 0.591645 0.793750 0.051151 0.135227 0.809560 1173.000000 880.000000
0 689 0.590793 0.791477 0.051151 0.135227 0.809560 1173.000000 880.000000
0 690 0.589940 0.789205 0.051151 0.135227 0.303690 1173.000000 880.000000
0 691 0.589088 0.786932 0.051151 0.135227 0.295080 1173.000000 880.000000
0 692 0.588235 0.784659 0.051151 0.135227 0.306010 1173.000000 880.000000
0 693 0.587383 0.782386 0.051151 0.135227 0.291940 1173.000000 880.000000
0 694 0.586530 0.780114 0.051151 0.135227 0.291940 1173.000000 880.000000
0 695 0.585678 0.778977 0.051151 0.135227 0.291940 1173.000000 880.000000
0 696 0.583973 0.776705 0.051151 0.135227 0.291940 1173.000000 880.000000
0 697 0.583120 0.775568 0.051151 0.135227 0.816530 1173.000000 880.000000
0 698 0.582268 0.773295 0.051151 0.135227 0.818850 1173.000000 880.000000
0 699 0.581415 0.772159 0.051151 0.135227 0.816530 1173.000000 880.000000
0 700 0.580563 0.769886 0.051151 0.135227 0.829510 1173.000000 880.000000
0 701 0.578858 0.768750 0.051151 0.135227 0.816530 1173.000000 880.000000
0 702 0.578005 0.766477 0.051151 0.135227 0.818850 1173.000000 880.000000
0 703 0.577153 0.765341 0.051151 0.135227 0.818850 1173.000000 880.000000
0 704 0.576300 0.763068 0.051151 0.135227 0.829510 1173.000000 880.000000
0 705 0.575448 0.761932 0.051151 0.135227 0.829510 1173.000000 880.000000
0 706 0.573743 0.760795 0.051151 0.135227 0.816530 1173.000000 880.000000
0 707 0.572890 0.758523 0.051151 0.135227 0.818850 1173.000000 880.000000
0 708 0.572038 0.757386 0.051151 0.135227 0.818850 1173.000000 880.000000
0 709 0.571185 0.755114 0.051151 0.135227 0.829510 1173.000000 880.000000
0 710 0.570332 0.753977 0.051151 0.135227 0.840160 1173.000000 880.000000
0 711 0.568627 0.751705 0.051151 0.135227 0.831690 1173.000000 880.000000
0 712 0.567775 0.750568 0.051151 0.135227 0.840160 1173.000000 880.000000
0 713 0.566922 0.748295 0.051151 0.135227 0.852730 1173.000000 880.000000
0 714 0.566070 0.747159 0.051151 0.135227 0.852730 1173.000000 880.000000
0 715 0.565217 0.746023 0.051151 0.135227 0.863250 1173.000000 880.000000
0 716 0.563512 0.743750 0.051151 0.135227 0.852730 1173.000000 880.000000
0 717 0.561807 0.742614 0.051151 0.135227 0.852730 1173.000000 880.000000
0 718 0.560102 0.740341 0.051151 0.135227 0.852870 1173.000000 880.000000
0 719 0.559250 0.739205 0.051151 0.135227 0.849450 1173.000000 880.000000
0 720 0.557545 0.736932 0.051151 0.135227 0.849180 1173.000000 880.000000
0 721 0.555840 0.735795 0.051151 0.135227 0.838800 1173.000000 880.000000
0 722 0.554135 0.733523 0.051151 0.135227 0.839750 1173.000000 880.000000
0 723 0.553282 0.732386 0.051151 0.135227 0.848500 1173.000000 880.000000
0 724 0.551577 0.730114 0.051151 0.135227 0.841800 1173.000000 880.000000
0 725 0.549872 0.728977 0.051151 0.135227 0.844670 1173.000000 880.000000
0 726 0.548167 0.726705 0.051151 0.135227 0.838250 1173.000000 880.000000
0 727 0.547315 0.725568 0.051151 0.135227 0.848360 1173.000000 880.000000
0 728 0.545610 0.723295 0.051151 0.135227 0.840440 1173.000000 880.000000
0 729 0.543905 0.722159 0.051151 0.135227 0.840440 1173.000000 880.000000
0 730 0.542199 0.719886 0.051151 0.135227 0.835110 1173.000000 880.000000
0 731 0.541347 0.718750 0.051151 0.135227 0.844810 1173.000000 880.000000
0 732 0.539642 0.717614 0.051151 0.135227 0.835110 1173.000000 880.000000
0 733 0.538789 0.716477 0.051151 0.135227 0.844810 1173.000000 880.000000
0 734 0.537937 0.715341 0.051151 0.135227 0.846990 1173.000000 880.000000
0 735 0.536658 0.714205 0.050298 0.135227 0.854170 1173.000000 880.000000
0 736 0.535379 0.713068 0.051151 0.135227 0.846990 1173.000000 880.000000
0 737 0.534527 0.711932 0.051151 0.135227 0.858610 1173.000000 880.000000
0 738 0.533248 0.710795 0.050298 0.135227 0.856250 1173.000000 880.000000
0 739 0.532396 0.709659 0.050298 0.135227 0.865830 1173.000000 880.000000
0 740 0.531543 0.709659 0.050298 0.135227 0.863890 1173.000000 880.000000
0 741 0.529838 0.708523 0.050298 0.135227 0.865830 1173.000000 880.000000
0 742 0.528986 0.707386 0.050298 0.135227 0.865830 1173.000000 880.000000
0 743 0.528133 0.706250 0.050298 0.135227 0.875420 1173.000000 880.000000
0 744 0.526854 0.705114 0.049446 0.135227 0.875140 1173.000000 880.000000
0 745 0.525575 0.703977 0.050298 0.135227 0.865830 1173.000000 880.000000
0 746 0.524723 0.702841 0.050298 0.135227 0.863890 1173.000000 880.000000
0 747 0.523444 0.701705 0.049446 0.135227 0.849580 1173.000000 880.000000
0 748 0.522592 0.700568 0.049446 0.135227 0.847460 1173.000000 880.000000
0 749 0.521739 0.700568 0.049446 0.135227 0.843220 1173.000000 880.000000
0 750 0.520887 0.698295 0.049446 0.135227 0.835030 1173.000000 880.000000
0 751 0.520034 0.696023 0.049446 0.135227 0.835030 1173.000000 880.000000
0 752 0.519608 0.693750 0.048593 0.135227 0.842670 1173.000000 880.000000
0 753 0.519182 0.692614 0.049446 0.135227 0.832770 1173.000000 880.000000
0 754 0.518329 0.690341 0.049446 0.135227 0.832770 1173.000000 880.000000
0 755 0.517903 0.688068 0.048593 0.135227 0.840520 1173.000000 880.000000
0 756 0.517477 0.685795 0.049446 0.135227 0.835030 1173.000000 880.000000
0 757 0.517050 0.684659 0.048593 0.135227 0.840520 1173.000000 880.000000
0 758 0.516198 0.682386 0.048593 0.135227 0.840520 1173.000000 880.000000
0 759 0.515772 0.680114 0.049446 0.135227 0.832770 1173.000000 880.000000
0 760 0.515345 0.677841 0.048593 0.135227 0.840520 1173.000000 880.000000
0 761 0.514493 0.676705 0.048593 0.135227 0.838360 1173.000000 880.000000
0 762 0.514066 0.674432 0.049446 0.135227 0.832770 1173.000000 880.000000
0 763 0.513640 0.672159 0.048593 0.135227 0.842670 1173.000000 880.000000
0 764 0.512788 0.669886 0.048593 0.135227 0.834480 1173.000000 880.000000
0 765 0.512788 0.668750 0.048593 0.135227 0.844830 1173.000000 880.000000
0 766 0.511935 0.666477 0.048593 0.135227 0.836780 1173.000000 880.000000
0 767 0.511083 0.664773 0.048593 0.134091 0.837730 1173.000000 880.000000
0 768 0.511083 0.663636 0.048593 0.134091 0.837730 1173.000000 880.000000
0 769 0.510230 0.661932 0.048593 0.132955 0.828610 1173.000000 880.000000
0 770 0.509378 0.660795 0.048593 0.132955 0.828610 1173.000000 880.000000
0 771 0.509378 0.659091 0.048593 0.131818 0.829650 1173.000000 880.000000
0 772 0.508525 0.656818 0.048593 0.131818 0.832150 1173.000000 880.000000
0 773 0.508099 0.655682 0.047741 0.131818 0.829210 1173.000000 880.000000
0 774 0.507673 0.653977 0.048593 0.130682 0.823420 1173.000000 880.000000
0 775 0.506820 0.652841 0.048593 0.130682 0.823420 1173.000000 880.000000
0 776 0.506394 0.651136 0.047741 0.129545 0.821510 1173.000000 880.000000
0 777 0.505968 0.650000 0.048593 0.129545 0.824590 1173.000000 880.000000
0 778 0.505541 0.647727 0.047741 0.129545 0.824260 1173.000000 880.000000
0 779 0.504689 0.646023 0.047741 0.128409 0.815790 1173.000000 880.000000
0 780 0.504263 0.644886 0.048593 0.128409 0.818970 1173.000000 880.000000
0 781 0.503836 0.643182 0.047741 0.127273 0.817110 1173.000000 880.000000
0 782 0.503410 0.642045 0.048593 0.127273 0.820260 1173.000000 880.000000
0 783 0.502558 0.640341 0.048593 0.126136 0.812190 1173.000000 880.000000
0 784 0.502131 0.638068 0.047741 0.126136 0.812030 1173.000000 880.000000
0 785 0.501705 0.636932 0.048593 0.126136 0.815270 1173.000000 880.000000
0 786 0.501279 0.635227 0.047741 0.125000 0.813500 1173.000000 880.000000
0 787 0.500426 0.634091 0.047741 0.125000 0.813500 1173.000000 880.000000
0 788 0.500000 0.632386 0.048593 0.123864 0.809090 1173.000000 880.000000
0 789 0.499574 0.631250 0.047741 0.123864 0.809090 1173.000000 880.000000
0 790 0.498721 0.628977 0.047741 0.123864 0.809090 1173.000000 880.000000
0 791 0.498721 0.627273 0.047741 0.122727 0.810720 1173.000000 880.000000
0 792 0.497869 0.626136 0.047741 0.122727 0.798170 1173.000000 880.000000
0 793 0.497016 0.624432 0.047741 0.121591 0.799870 1173.000000 880.000000
0 794 0.497016 0.623295 0.047741 0.121591 0.796300 1173.000000 880.000000
0 795 0.496164 0.621591 0.047741 0.120455 0.788820 1173.000000 880.000000
0 796 0.496164 0.620455 0.047741 0.120455 0.785050 1173.000000 880.000000
0 797 0.496164 0.618750 0.047741 0.121591 0.796300 1173.000000 880.000000
0 798 0.496164 0.617614 0.047741 0.121591 0.796300 1173.000000 880.000000
0 799 0.496164 0.616477 0.047741 0.121591 0.792720 1173.000000 880.000000
0 800 0.496164 0.615341 0.047741 0.121591 0.802140 1173.000000 880.000000
0 801 0.496164 0.614205 0.047741 0.121591 0.798730 1173.000000 880.000000
0 802 0.496164 0.613068 0.047741 0.121591 0.798730 1173.000000 880.000000
0 803 0.496164 0.611932 0.047741 0.121591 0.795320 1173.000000 880.000000
0 804 0.496164 0.610795 0.047741 0.121591 0.805070 1173.000000 880.000000
0 805 0.496164 0.609659 0.047741 0.121591 0.801820 1173.000000 880.000000
0 806 0.496164 0.608523 0.047741 0.121591 0.801820 1173.000000 880.000000
0 807 0.496164 0.607386 0.047741 0.121591 0.801820 1173.000000 880.000000
0 808 0.496164 0.606250 0.047741 0.121591 0.808640 1173.000000 880.000000
0 809 0.496164 0.605114 0.047741 0.121591 0.818710 1173.000000 880.000000
0 810 0.496164 0.603977 0.047741 0.121591 0.818710 1173.000000 880.000000
0 811 0.496164 0.602841 0.047741 0.121591 0.826020 1173.000000 880.000000
0 812 0.496164 0.601705 0.047741 0.121591 0.836260 1173.000000 880.000000
0 813 0.497016 0.599432 0.047741 0.121591 0.848930 1173.000000 880.000000
0 814 0.497869 0.598295 0.047741 0.121591 0.866960 1173.000000 880.000000
0 815 0.499574 0.597159 0.047741 0.121591 0.897660 1173.000000 880.000000
0 816 0.500426 0.596023 0.047741 0.121591 0.907890 1173.000000 880.000000
0 817 0.501279 0.593750 0.047741 0.121591 0.928360 1173.000000 880.000000
0 818 0.502984 0.592614 0.047741 0.121591 0.959060 1173.000000 880.000000
0 819 0.503836 0.591477 0.047741 0.121591 0.969300 1173.000000 880.000000
0 820 0.504689 0.590341 0.047741 0.121591 0.989770 1173.000000 880.000000
0 821 0.506394 0.589205 0.047741 0.121591 1.000000 1173.000000 880.000000
0 822 0.507246 0.586932 0.047741 0.121591 1.000000 1173.000000 880.000000
0 823 0.508099 0.585795 0.047741 0.121591 1.000000 1173.000000 880.000000
0 824 0.509804 0.584659 0.047741 0.121591 1.000000 1173.000000 880.000000
0 825 0.510656 0.583523 0.047741 0.121591 1.000000 1173.000000 880.000000
0 826 0.511509 0.582386 0.047741 0.121591 1.000000 1173.000000 880.000000
0 827 0.513214 0.580114 0.047741 0.121591 1.000000 1173.000000 880.000000
0 828 0.514066 0.578977 0.047741 0.121591 1.000000 1173.000000 880.000000
0 829 0.514919 0.577841 0.047741 0.121591 1.000000 1173.000000 880.000000
0 830 0.516624 0.576705 0.047741 0.121591 1.000000 1173.000000 880.000000
0 831 0.517477 0.575568 0.047741 0.121591 1.000000 1173.000000 880.000000
0 832 0.518329 0.573295 0.047741 0.121591 1.000000 1173.000000 880.000000
0 833 0.520034 0.572159 0.047741 0.121591 1.000000 1173.000000 880.000000
0 834 0.520887 0.571023 0.047741 0.121591 1.000000 1173.000000 880.000000
0 835 0.521739 0.569886 0.047741 0.121591 1.000000 1173.000000 880.000000
0 836 0.523444 0.568750 0.047741 0.121591 1.000000 1173.000000 880.000000
0 837 0.524297 0.567614 0.047741 0.121591 1.000000 1173.000000 880.000000
0 838 0.525149 0.566477 0.047741 0.121591 1.000000 1173.000000 880.000000
0 839 0.526854 0.565341 0.047741 0.121591 1.000000 1173.000000 880.000000
0 840 0.527707 0.564205 0.047741 0.121591 1.000000 1173.000000 880.000000
0 841 0.529412 0.563068 0.047741 0.121591 1.000000 1173.000000 880.000000
0 842 0.530264 0.561932 0.047741 0.121591 1.000000 1173.000000 880.000000
0 843 0.531969 0.560795 0.047741 0.121591 1.000000 1173.000000 880.000000
0 844 0.532822 0.559659 0.047741 0.121591 1.000000 1173.000000 880.000000
0 845 0.534527 0.558523 0.047741 0.121591 1.000000 1173.000000 880.000000
0 846 0.535379 0.557386 0.047741 0.121591 1.000000 1173.000000 880.000000
0 847 0.537084 0.556250 0.047741 0.121591 1.000000 1173.000000 880.000000
0 848 0.537937 0.555114 0.047741 0.121591 1.000000 1173.000000 880.000000
0 849 0.539642 0.553977 0.047741 0.121591 1.000000 1173.000000 880.000000
0 850 0.540494 0.552841 0.047741 0.121591 1.000000 1173.000000 880.000000
0 851 0.542199 0.551705 0.047741 0.121591 1.000000 1173.000000 880.000000
0 852 0.543052 0.550568 0.047741 0.121591 1.000000 1173.000000 880.000000
0 853 0.544757 0.549432 0.047741 0.121591 1.000000 1173.000000 880.000000
0 854 0.545610 0.548295 0.047741 0.121591 1.000000 1173.000000 880.000000
0 855 0.547315 0.547159 0.047741 0.121591 1.000000 1173.000000 880.000000
0 856 0.548167 0.544886 0.047741 0.121591 0.982460 1173.000000 880.000000
0 857 0.549020 0.543750 0.047741 0.121591 0.964910 1173.000000 880.000000
0 858 0.549872 0.542614 0.047741 0.121591 0.947370 1173.000000 880.000000
0 859 0.550725 0.541477 0.047741 0.121591 0.929820 1173.000000 880.000000
0 860 0.551577 0.540341 0.047741 0.121591 0.912280 1173.000000 880.000000
0 861 0.553282 0.538068 0.047741 0.121591 0.877190 1173.000000 880.000000
0 862 0.554135 0.536932 0.047741 0.121591 0.859650 1173.000000 880.000000
0 863 0.554987 0.535795 0.047741 0.121591 0.842110 1173.000000 880.000000
0 864 0.555840 0.534659 0.047741 0.121591 0.824560 1173.000000 880.000000
0 865 0.556692 0.533523 0.047741 0.121591 0.807020 1173.000000 880.000000
0 866 0.558397 0.531250 0.047741 0.121591 0.771930 1173.000000 880.000000
0 867 0.559250 0.530114 0.047741 0.121591 0.754390 1173.000000 880.000000
0 868 0.560102 0.528977 0.047741 0.121591 0.736840 1173.000000 880.000000
0 869 0.560955 0.527841 0.047741 0.121591 0.719300 1173.000000 880.000000
0 870 0.561807 0.526705 0.047741 0.121591 0.701750 1173.000000 880.000000
0 871 0.563512 0.525568 0.047741 0.121591 0.666670 1173.000000 880.000000
0 872 0.563512 0.523295 0.047741 0.121591 0.666670 1173.000000 880.000000
0 873 0.564365 0.522159 0.047741 0.121591 0.649120 1173.000000 880.000000
0 874 0.565217 0.521023 0.047741 0.121591 0.631580 1173.000000 880.000000
0 875 0.566070 0.519886 0.047741 0.121591 0.614040 1173.000000 880.000000
0 876 0.566922 0.517614 0.047741 0.121591 0.596490 1173.000000 880.000000
0 877 0.567775 0.516477 0.047741 0.121591 0.578950 1173.000000 880.000000
0 878 0.568627 0.515341 0.047741 0.121591 0.561400 1173.000000 880.000000
0 879 0.569480 0.514205 0.047741 0.121591 0.543860 1173.000000 880.000000
0 880 0.570332 0.511932 0.047741 0.121591 0.526320 1173.000000 880.000000
0 881 0.571185 0.510795 0.047741 0.121591 0.508770 1173.000000 880.000000
0 882 0.572038 0.509659 0.047741 0.121591 0.491230 1173.000000 880.000000
0 883 0.572890 0.508523 0.047741 0.121591 0.473680 1173.000000 880.000000
0 884 0.573743 0.507386 0.047741 0.121591 0.456140 1173.000000 880.000000
0 885 0.573743 0.505114 0.047741 0.121591 0.456140 1173.000000 880.000000
0 886 0.573743 0.503977 0.047741 0.121591 0.456140 1173.000000 880.000000
0 887 0.573743 0.501705 0.047741 0.121591 0.456140 1173.000000 880.000000
0 888 0.574595 0.500568 0.047741 0.121591 0.438600 1173.000000 880.000000
0 889 0.574595 0.498295 0.047741 0.121591 0.438600 1173.000000 880.000000
0 890 0.574595 0.497159 0.047741 0.121591 0.438600 1173.000000 880.000000
0 891 0.575448 0.494886 0.047741 0.121591 0.421050 1173.000000 880.000000
0 892 0.575448 0.493750 0.047741 0.121591 0.421050 1173.000000 880.000000
0 893 0.575448 0.491477 0.047741 0.121591 0.421050 1173.000000 880.000000
0 894 0.575448 0.490341 0.047741 0.121591 0.421050 1173.000000 880.000000
0 895 0.576300 0.488068 0.047741 0.121591 0.403510 1173.000000 880.000000
0 896 0.576300 0.486932 0.047741 0.121591 0.403510 1173.000000 880.000000
0 897 0.576300 0.484659 0.047741 0.121591 0.403510 1173.000000 880.000000
0 898 0.577153 0.483523 0.047741 0.121591 0.385960 1173.000000 880.000000
0 899 0.576300 0.481250 0.047741 0.121591 0.403510 1173.000000 880.000000
0 900 0.575874 0.479545 0.048593 0.120455 0.413790 1173.000000 880.000000
0 901 0.575874 0.478409 0.048593 0.120455 0.413790 1173.000000 880.000000
0 902 0.575448 0.476705 0.047741 0.119318 0.421050 1173.000000 880.000000
0 903 0.575021 0.475000 0.046888 0.118182 0.428570 1173.000000 880.000000
0 904 0.574595 0.473864 0.046036 0.118182 0.436360 1173.000000 880.000000
0 905 0.574169 0.472159 0.045183 0.117045 0.444440 1173.000000 880.000000
0 906 0.573743 0.471023 0.044331 0.117045 0.452830 1173.000000 880.000000
0 907 0.573743 0.469318 0.044331 0.115909 0.452830 1173.000000 880.000000
0 908 0.573316 0.468182 0.043478 0.115909 0.461540 1173.000000 880.000000
0 909 0.572890 0.466477 0.042626 0.114773 0.470590 1173.000000 880.000000
0 910 0.572464 0.465341 0.041773 0.114773 0.480000 1173.000000 880.000000
0 911 0.572038 0.463636 0.040921 0.113636 0.489800 1173.000000 880.000000
0 912 0.572464 0.462500 0.040068 0.113636 0.479170 1173.000000 880.000000
0 913 0.572038 0.460795 0.039216 0.112500 0.489360 1173.000000 880.000000
0 914 0.571611 0.459091 0.038363 0.111364 0.500000 1173.000000 880.000000
0 915 0.571185 0.457955 0.037511 0.111364 0.511110 1173.000000 880.000000
0 916 0.570759 0.456250 0.036658 0.110227 0.522730 1173.000000 880.000000
0 917 0.570332 0.455114 0.035806 0.110227 0.534880 1173.000000 880.000000
0 918 0.570332 0.453409 0.035806 0.109091 0.534880 1173.000000 880.000000
0 919 0.569906 0.452273 0.034953 0.109091 0.547620 1173.000000 880.000000
0 920 0.569480 0.450568 0.034101 0.107955 0.560980 1173.000000 880.000000
0 921 0.569054 0.449432 0.033248 0.107955 0.575000 1173.000000 880.000000
0 922 0.568627 0.447727 0.032396 0.106818 0.512820 1173.000000 880.000000
0 923 0.569054 0.446591 0.031543 0.106818 0.552630 1173.000000 880.000000
0 924 0.568201 0.445455 0.031543 0.106818 0.578950 1173.000000 880.000000
0 925 0.567775 0.444318 0.032396 0.106818 0.564100 1173.000000 880.000000
0 926 0.566922 0.443182 0.032396 0.106818 0.589740 1173.000000 880.000000
0 927 0.566922 0.442045 0.032396 0.106818 0.579490 1173.000000 880.000000
0 928 0.566496 0.440909 0.033248 0.106818 0.590000 1173.000000 880.000000
0 929 0.565644 0.439773 0.033248 0.106818 0.575000 1173.000000 880.000000
0 930 0.565644 0.438636 0.033248 0.106818 0.555000 1173.000000 880.000000
0 931 0.565217 0.437500 0.034101 0.106818 0.530940 1173.000000 880.000000
0 932 0.564365 0.436364 0.034101 0.106818 0.536330 1173.000000 880.000000
0 933 0.564365 0.435227 0.034101 0.106818 0.517330 1173.000000 880.000000
0 934 0.563512 0.434091 0.034101 0.106818 0.522720 1173.000000 880.000000
0 935 0.563086 0.432955 0.034953 0.106818 0.506270 1173.000000 880.000000
0 936 0.563086 0.431818 0.034953 0.106818 0.496990 1173.000000 880.000000
0 937 0.562234 0.430682 0.034953 0.106818 0.492980 1173.000000 880.000000
0 938 0.561807 0.429545 0.035806 0.106818 0.486660 1173.000000 880.000000
0 939 0.561807 0.428409 0.035806 0.106818 0.468540 1173.000000 880.000000
0 940 0.560955 0.426136 0.035806 0.106818 0.491060 1173.000000 880.000000
0 941 0.560955 0.425000 0.035806 0.106818 0.491060 1173.000000 880.000000
0 942 0.560529 0.422727 0.034953 0.106818 0.436090 1173.000000 880.000000
0 943 0.560102 0.421591 0.035806 0.106818 0.425950 1173.000000 880.000000
0 944 0.560102 0.419886 0.035806 0.107955 0.428540 1173.000000 880.000000
0 945 0.559676 0.418182 0.034953 0.106818 0.443360 1173.000000 880.000000
0 946 0.559250 0.416477 0.035806 0.107955 0.435560 1173.000000 880.000000
0 947 0.558824 0.414773 0.034953 0.106818 0.457890 1173.000000 880.000000
0 948 0.558824 0.413068 0.034953 0.107955 0.454860 1173.000000 880.000000
0 949 0.558397 0.411932 0.035806 0.107955 0.444530 1173.000000 880.000000
0 950 0.557971 0.409659 0.034953 0.107955 0.466270 1173.000000 880.000000
0 951 0.557971 0.408523 0.034953 0.107955 0.466270 1173.000000 880.000000
0 952 0.557118 0.406250 0.034953 0.107955 0.478670 1173.000000 880.000000
0 953 0.557118 0.405114 0.034953 0.107955 0.471480 1173.000000 880.000000
0 954 0.557118 0.403977 0.034953 0.107955 0.478420 1173.000000 880.000000
0 955 0.556266 0.401705 0.034953 0.107955 0.496280 1173.000000 880.000000
0 956 0.555413 0.400568 0.034953 0.107955 0.511660 1173.000000 880.000000
0 957 0.555413 0.399432 0.034953 0.107955 0.518600 1173.000000 880.000000
0 958 0.554561 0.398295 0.034953 0.107955 0.528520 1173.000000 880.000000
0 959 0.553708 0.396023 0.034953 0.107955 0.547620 1173.000000 880.000000
0 960 0.553708 0.394886 0.034953 0.107955 0.562000 1173.000000 880.000000
0 961 0.552856 0.393750 0.034953 0.107955 0.558280 1173.000000 880.000000
0 962 0.552003 0.392614 0.034953 0.107955 0.558530 1173.000000 880.000000
0 963 0.552003 0.391477 0.034953 0.107955 0.565720 1173.000000 880.000000
0 964 0.551151 0.389205 0.034953 0.107955 0.576390 1173.000000 880.000000
0 965 0.550298 0.388068 0.034953 0.107955 0.569440 1173.000000 880.000000
0 966 0.550298 0.386932 0.034953 0.107955 0.583830 1173.000000 880.000000
0 967 0.549446 0.385795 0.034953 0.107955 0.584080 1173.000000 880.000000
0 968 0.548593 0.383523 0.034953 0.107955 0.587550 1173.000000 880.000000
0 969 0.548593 0.382386 0.034953 0.107955 0.594740 1173.000000 880.000000
0 970 0.547741 0.381250 0.034953 0.107955 0.578370 1173.000000 880.000000
0 971 0.546888 0.380114 0.034953 0.107955 0.578370 1173.000000 880.000000
0 972 0.546888 0.378977 0.034953 0.107955 0.578370 1173.000000 880.000000
0 973 0.546036 0.376705 0.034953 0.107955 0.562500 1173.000000 880.000000
0 974 0.545183 0.375568 0.034953 0.107955 0.541670 1173.000000 880.000000
0 975 0.544331 0.374432 0.034953 0.107955 0.541670 1173.000000 880.000000
0 976 0.543478 0.373295 0.034953 0.107955 0.520830 1173.000000 880.000000
0 977 0.543052 0.372159 0.035806 0.107955 0.511630 1173.000000 880.000000
0 978 0.542626 0.371023 0.034953 0.107955 0.500000 1173.000000 880.000000
0 979 0.541773 0.368750 0.034953 0.107955 0.491570 1173.000000 880.000000
0 980 0.540921 0.367614 0.034953 0.107955 0.491570 1173.000000 880.000000
0 981 0.540494 0.366477 0.035806 0.107955 0.483530 1173.000000 880.000000
0 982 0.539642 0.365341 0.035806 0.107955 0.463660 1173.000000 880.000000
0 983 0.538789 0.364205 0.035806 0.107955 0.443800 1173.000000 880.000000
0 984 0.538363 0.363068 0.034953 0.107955 0.450890 1173.000000 880.000000
0 985 0.537511 0.360795 0.034953 0.107955 0.437500 1173.000000 880.000000
0 986 0.537084 0.359659 0.035806 0.107955 0.430960 1173.000000 880.000000
0 987 0.536232 0.358523 0.035806 0.107955 0.411340 1173.000000 880.000000
0 988 0.535379 0.357386 0.035806 0.107955 0.399220 1173.000000 880.000000
0 989 0.534527 0.356250 0.035806 0.107955 0.372090 1173.000000 880.000000
0 990 0.534527 0.355114 0.035806 0.107955 0.372090 1173.000000 880.000000
0 991 0.533674 0.352841 0.035806 0.107955 0.360470 1173.000000 880.000000
0 992 0.532822 0.351705 0.035806 0.107955 0.341090 1173.000000 880.000000
0 993 0.531969 0.350568 0.035806 0.107955 0.320980 1173.000000 880.000000
0 994 0.531969 0.349432 0.035806 0.107955 0.320250 1173.000000 880.000000
0 995 0.531117 0.348295 0.035806 0.107955 0.300870 1173.000000 880.000000
0 996 0.530264 0.347159 0.035806 0.107955 0.281980 1173.000000 880.000000
0 997 0.530264 0.346023 0.035806 0.107955 0.281730 1173.000000 880.000000
0 998 0.529412 0.344886 0.035806 0.107955 0.263570 1173.000000 880.000000
0 999 0.528559 0.343750 0.035806 0.107955 0.244190 1173.000000 880.000000
0 1000 0.527707 0.342614 0.035806 0.107955 0.224810 1173.000000 880.000000
0 1001 0.527707 0.341477 0.035806 0.107955 0.224810 1173.000000 880.000000
0 1002 0.526854 0.340341 0.035806 0.107955 0.205430 1173.000000 880.000000
0 1003 0.526002 0.339205 0.035806 0.107955 0.186050 1173.000000 880.000000
0 1004 0.526002 0.338068 0.035806 0.107955 0.186050 1173.000000 880.000000
0 1005 0.525149 0.336932 0.035806 0.107955 0.166670 1173.000000 880.000000
0 1006 0.524297 0.335795 0.035806 0.107955 0.166670 1173.000000 880.000000
0 1007 0.524297 0.334659 0.035806 0.107955 0.156250 1173.000000 880.000000
0 1008 0.523444 0.332386 0.035806 0.107955 0.166670 1173.000000 880.000000
0 1009 0.523444 0.330682 0.035806 0.106818 0.168420 1173.000000 880.000000
0 1010 0.522592 0.328409 0.035806 0.106818 0.178950 1173.000000 880.000000
0 1011 0.522592 0.327273 0.035806 0.106818 0.178950 1173.000000 880.000000
0 1012 0.522592 0.325000 0.035806 0.106818 0.189470 1173.000000 880.000000
0 1013 0.521739 0.323295 0.035806 0.105682 0.191490 1173.000000 880.000000
0 1014 0.521739 0.321023 0.035806 0.105682 0.191490 1173.000000 880.000000
0 1015 0.520887 0.319886 0.035806 0.105682 0.191490 1173.000000 880.000000
0 1016 0.520887 0.317614 0.035806 0.105682 0.202130 1173.000000 880.000000
0 1017 0.520887 0.315909 0.035806 0.104545 0.204300 1173.000000 880.000000
0 1018 0.520034 0.314205 0.035806 0.103409 0.206520 1173.000000 880.000000
0 1019 0.520034 0.312500 0.035806 0.104545 0.215050 1173.000000 880.000000
0 1020 0.519182 0.310795 0.035806 0.103409 0.217390 1173.000000 880.000000
0 1021 0.519182 0.308523 0.035806 0.103409 0.217390 1173.000000 880.000000
0 1022 0.519182 0.306818 0.035806 0.102273 0.219780 1173.000000 880.000000
0 1023 0.518329 0.305114 0.035806 0.103409 0.228260 1173.000000 880.000000
0 1024 0.518329 0.303409 0.035806 0.102273 0.230770 1173.000000 880.000000
0 1025 0.517477 0.301136 0.035806 0.102273 0.241760 1173.000000 880.000000
0 1026 0.517477 0.299432 0.035806 0.101136 0.198970 1173.000000 880.000000
0 1027 0.517477 0.298295 0.035806 0.101136 0.244440 1173.000000 880.000000
0 1028 0.517477 0.297159 0.035806 0.101136 0.244440 1173.000000 880.000000
0 1029 0.517477 0.296023 0.035806 0.101136 0.244440 1173.000000 880.000000
0 1030 0.517477 0.294886 0.035806 0.101136 0.244440 1173.000000 880.000000
0 1031 0.517477 0.293750 0.035806 0.101136 0.244440 1173.000000 880.000000
0 1032 0.517477 0.292614 0.035806 0.101136 0.244440 1173.000000 880.000000
0 1033 0.517477 0.291477 0.035806 0.101136 0.244440 1173.000000 880.000000
0 1034 0.517477 0.290341 0.035806 0.101136 0.244440 1173.000000 880.000000
0 1035 0.517477 0.289205 0.035806 0.101136 0.244440 1173.000000 880.000000
0 1036 0.517477 0.288068 0.035806 0.101136 0.244440 1173.000000 880.000000
0 1037 0.517477 0.286932 0.035806 0.101136 0.244440 1173.000000 880.000000
0 1038 0.517477 0.285795 0.035806 0.101136 0.244440 1173.000000 880.000000
0 1039 0.517477 0.284659 0.035806 0.101136 0.244440 1173.000000 880.000000
0 1040 0.517477 0.283523 0.035806 0.101136 0.244440 1173.000000 880.000000
0 1041 0.517477 0.282386 0.035806 0.101136 0.244440 1173.000000 880.000000
0 1042 0.517477 0.281250 0.035806 0.101136 0.233330 1173.000000 880.000000
0 1043 0.517477 0.280114 0.035806 0.101136 0.233330 1173.000000 880.000000
0 1044 0.517477 0.278977 0.035806 0.101136 0.233330 1173.000000 880.000000
0 1045 0.517477 0.277841 0.035806 0.101136 0.233330 1173.000000 880.000000
0 1046 0.517477 0.276705 0.035806 0.101136 0.233330 1173.000000 880.000000
0 1047 0.518329 0.276705 0.035806 0.101136 0.222220 1173.000000 880.000000
0 1048 0.517477 0.274432 0.035806 0.101136 0.233330 1173.000000 880.000000
0 1049 0.517477 0.273295 0.035806 0.101136 0.233330 1173.000000 880.000000
0 1050 0.517477 0.272159 0.035806 0.101136 0.233330 1173.000000 880.000000
0 1051 0.517477 0.271023 0.035806 0.101136 0.233330 1173.000000 880.000000
0 1052 0.517477 0.269886 0.035806 0.101136 0.222220 1173.000000 880.000000
0 1053 0.517477 0.268750 0.035806 0.101136 0.222220 1173.000000 880.000000
0 1054 0.517477 0.267614 0.035806 0.101136 0.222220 1173.000000 880.000000
0 1055 0.517050 0.265341 0.034953 0.101136 0.233330 1173.000000 880.000000
0 1056 0.517050 0.264205 0.034953 0.101136 0.233330 1173.000000 880.000000
0 1057 0.517050 0.263068 0.034953 0.101136 0.233330 1173.000000 880.000000
0 1058 0.516624 0.261932 0.035806 0.101136 0.251160 1173.000000 880.000000
0 1059 0.516624 0.260795 0.035806 0.101136 0.251160 1173.000000 880.000000
0 1060 0.516624 0.259659 0.035806 0.101136 0.251160 1173.000000 880.000000
0 1061 0.516624 0.258523 0.035806 0.101136 0.251160 1173.000000 880.000000
0 1062 0.516198 0.256250 0.034953 0.101136 0.262430 1173.000000 880.000000
0 1063 0.516198 0.255114 0.034953 0.101136 0.244440 1173.000000 880.000000
0 1064 0.516198 0.253977 0.034953 0.101136 0.244440 1173.000000 880.000000
0 1065 0.516198 0.252841 0.034953 0.101136 0.244440 1173.000000 880.000000
0 1066 0.516198 0.251705 0.034953 0.101136 0.244440 1173.000000 880.000000
0 1067 0.516198 0.250568 0.034953 0.101136 0.244440 1173.000000 880.000000
0 1068 0.516198 0.249432 0.034953 0.101136 0.244440 1173.000000 880.000000
0 1069 0.515345 0.247159 0.034953 0.101136 0.255560 1173.000000 880.000000
0 1070 0.515345 0.245455 0.034953 0.100000 0.258430 1173.000000 880.000000
0 1071 0.514493 0.243182 0.034953 0.100000 0.298020 1173.000000 880.000000
0 1072 0.514493 0.241477 0.034953 0.098864 0.284090 1173.000000 880.000000
0 1073 0.513640 0.240341 0.034953 0.098864 0.301140 1173.000000 880.000000
0 1074 0.513640 0.238068 0.034953 0.098864 0.312230 1173.000000 880.000000
0 1075 0.512788 0.236364 0.034953 0.097727 0.332240 1173.000000 880.000000
0 1076 0.512788 0.234659 0.034953 0.096591 0.318940 1173.000000 880.000000
0 1077 0.511935 0.232386 0.034953 0.096591 0.346620 1173.000000 880.000000
0 1078 0.511935 0.231250 0.034953 0.096591 0.346620 1173.000000 880.000000
0 1079 0.511083 0.229545 0.034953 0.095455 0.366390 1173.000000 880.000000
0 1080 0.511083 0.227273 0.034953 0.095455 0.251820 1173.000000 880.000000
0 1081 0.510230 0.225568 0.034953 0.094318 0.254820 1173.000000 880.000000
0 1082 0.510230 0.223864 0.034953 0.093182 0.257890 1173.000000 880.000000
0 1083 0.509378 0.222159 0.034953 0.094318 0.255100 1173.000000 880.000000
0 1084 0.509378 0.220455 0.034953 0.093182 0.258180 1173.000000 880.000000
0 1085 0.508525 0.218750 0.034953 0.092045 0.252610 1173.000000 880.000000
0 1086 0.508525 0.216477 0.034953 0.092045 0.261030 1173.000000 880.000000
0 1087 0.507673 0.214773 0.034953 0.090909 0.255140 1173.000000 880.000000
0 1088 0.507673 0.213636 0.034953 0.090909 0.255140 1173.000000 880.000000
0 1089 0.507673 0.212500 0.034953 0.090909 0.264260 1173.000000 880.000000
0 1090 0.507673 0.211364 0.034953 0.090909 0.272780 1173.000000 880.000000
0 1091 0.507673 0.210227 0.034953 0.090909 0.272780 1173.000000 880.000000
0 1092 0.507673 0.209091 0.034953 0.090909 0.272780 1173.000000 880.000000
0 1093 0.507673 0.209091 0.034953 0.090909 0.264260 1173.000000 880.000000
0 1094 0.507673 0.207955 0.034953 0.090909 0.264260 1173.000000 880.000000
0 1095 0.507673 0.206818 0.034953 0.090909 0.264260 1173.000000 880.000000
0 1096 0.507673 0.205682 0.034953 0.090909 0.264260 1173.000000 880.000000
0 1097 0.507673 0.204545 0.034953 0.090909 0.273370 1173.000000 880.000000
0 1098 0.507673 0.204545 0.034953 0.090909 0.264550 1173.000000 880.000000
0 1099 0.507673 0.203409 0.034953 0.090909 0.273370 1173.000000 880.000000
0 1100 0.507673 0.202273 0.034953 0.090909 0.273370 1173.000000 880.000000
0 1101 0.507673 0.201136 0.034953 0.090909 0.273370 1173.000000 880.000000
0 1102 0.507673 0.200000 0.034953 0.090909 0.282190 1173.000000 880.000000
0 1103 0.507673 0.200000 0.034953 0.090909 0.273370 1173.000000 880.000000
0 1104 0.507673 0.198864 0.034953 0.090909 0.273370 1173.000000 880.000000
0 1105 0.507673 0.197727 0.034953 0.090909 0.282190 1173.000000 880.000000
0 1106 0.507673 0.196591 0.034953 0.090909 0.282190 1173.000000 880.000000
0 1107 0.507673 0.196591 0.034953 0.090909 0.456200 1173.000000 880.000000
0 1108 0.506820 0.195455 0.034953 0.090909 0.481480 1173.000000 880.000000
0 1109 0.506820 0.194318 0.034953 0.090909 0.481480 1173.000000 880.000000
0 1110 0.506820 0.194318 0.034953 0.090909 0.470900 1173.000000 880.000000
0 1111 0.506820 0.193182 0.034953 0.090909 0.481480 1173.000000 880.000000
0 1112 0.506820 0.192045 0.034953 0.090909 0.481480 1173.000000 880.000000
0 1113 0.506820 0.192045 0.034953 0.090909 0.485600 1173.000000 880.000000
0 1114 0.506820 0.190909 0.034953 0.090909 0.495880 1173.000000 880.000000
0 1115 0.506394 0.189773 0.034101 0.090909 0.498340 1173.000000 880.000000
0 1116 0.506394 0.189773 0.034101 0.090909 0.488110 1173.000000 880.000000
0 1117 0.506394 0.188636 0.034101 0.090909 0.498340 1173.000000 880.000000
0 1118 0.505968 0.187500 0.034953 0.090909 0.510290 1173.000000 880.000000
0 1119 0.505968 0.187500 0.034953 0.090909 0.524690 1173.000000 880.000000
0 1120 0.505968 0.186364 0.034953 0.090909 0.510290 1173.000000 880.000000
0 1121 0.505968 0.185227 0.034953 0.090909 0.510290 1173.000000 880.000000
0 1122 0.505541 0.185227 0.034101 0.090909 0.513100 1173.000000 880.000000
0 1123 0.505541 0.184091 0.034101 0.090909 0.513100 1173.000000 880.000000
0 1124 0.505541 0.182955 0.034101 0.090909 0.513100 1173.000000 880.000000
0 1125 0.505541 0.182955 0.034101 0.090909 0.513100 1173.000000 880.000000
0 1126 0.505541 0.181818 0.034101 0.090909 0.513100 1173.000000 880.000000
0 1127 0.505541 0.180682 0.034101 0.090909 0.513100 1173.000000 880.000000
0 1128 0.505541 0.180682 0.034101 0.090909 0.498340 1173.000000 880.000000
0 1129 0.505541 0.179545 0.034101 0.090909 0.498340 1173.000000 880.000000
0 1130 0.505541 0.178409 0.034101 0.090909 0.498340 1173.000000 880.000000
0 1131 0.505541 0.177273 0.034101 0.090909 0.508580 1173.000000 880.000000
0 1132 0.505541 0.176136 0.034101 0.090909 0.508580 1173.000000 880.000000
0 1133 0.505541 0.175000 0.034101 0.090909 0.508580 1173.000000 880.000000
0 1134 0.505541 0.173864 0.034101 0.090909 0.518820 1173.000000 880.000000
0 1135 0.505541 0.172727 0.034101 0.090909 0.518820 1173.000000 880.000000
0 1136 0.505541 0.171591 0.034101 0.090909 0.518820 1173.000000 880.000000
0 1137 0.505541 0.170455 0.034101 0.090909 0.515210 1173.000000 880.000000
0 1138 0.505541 0.169318 0.034101 0.090909 0.515210 1173.000000 880.000000
0 1139 0.505541 0.168182 0.034101 0.090909 0.515210 1173.000000 880.000000
0 1140 0.505541 0.167045 0.034101 0.090909 0.525750 1173.000000 880.000000
0 1141 0.505541 0.165909 0.034101 0.090909 0.525750 1173.000000 880.000000
0 1142 0.505541 0.164773 0.034101 0.090909 0.525750 1173.000000 880.000000
0 1143 0.505541 0.163636 0.034101 0.090909 0.536280 1173.000000 880.000000
0 1144 0.505541 0.162500 0.034101 0.090909 0.536280 1173.000000 880.000000
0 1145 0.505541 0.161364 0.034101 0.090909 0.536280 1173.000000 880.000000
0 1146 0.505541 0.160227 0.034101 0.090909 0.533880 1173.000000 880.000000
0 1147 0.505541 0.159091 0.034101 0.090909 0.533880 1173.000000 880.000000
0 1148 0.505541 0.157955 0.034101 0.090909 0.533880 1173.000000 880.000000
0 1149 0.505541 0.156818 0.034101 0.090909 0.544720 1173.000000 880.000000
0 1150 0.505541 0.155682 0.034101 0.090909 0.317070 1173.000000 880.000000
0 1151 0.505541 0.154545 0.034101 0.090909 0.317070 1173.000000 880.000000
0 1152 0.505541 0.153409 0.034101 0.090909 0.325200 1173.000000 880.000000
0 1153 0.505541 0.153409 0.034101 0.090909 0.544720 1173.000000 880.000000
0 1154 0.505541 0.152273 0.034101 0.090909 0.555560 1173.000000 880.000000
0 1155 0.505968 0.152273 0.034953 0.090909 0.543210 1173.000000 880.000000
0 1156 0.505968 0.151136 0.034953 0.090909 0.543210 1173.000000 880.000000
0 1157 0.506394 0.151136 0.034101 0.090909 0.520930 1173.000000 880.000000
0 1158 0.506394 0.150000 0.034101 0.090909 0.520930 1173.000000 880.000000
0 1159 0.506820 0.150000 0.034953 0.090909 0.519690 1173.000000 880.000000
0 1160 0.506820 0.148864 0.034953 0.090909 0.532330 1173.000000 880.000000
0 1161 0.506820 0.148864 0.034953 0.090909 0.521460 1173.000000 880.000000
0 1162 0.507246 0.147727 0.034101 0.090909 0.509790 1173.000000 880.000000
0 1163 0.507673 0.147727 0.034953 0.090909 0.508520 1173.000000 880.000000
0 1164 0.507673 0.146591 0.034953 0.090909 0.508520 1173.000000 880.000000
0 1165 0.507673 0.146591 0.034953 0.090909 0.497350 1173.000000 880.000000
0 1166 0.508099 0.145455 0.035806 0.090909 0.509040 1173.000000 880.000000
0 1167 0.508525 0.145455 0.034953 0.090909 0.497350 1173.000000 880.000000
0 1168 0.508525 0.144318 0.034953 0.090909 0.497350 1173.000000 880.000000
0 1169 0.508525 0.144318 0.034953 0.090909 0.486180 1173.000000 880.000000
0 1170 0.508951 0.143182 0.035806 0.090909 0.484930 1173.000000 880.000000
0 1171 0.508951 0.143182 0.035806 0.090909 0.498130 1173.000000 880.000000
0 1172 0.509378 0.142045 0.034953 0.090909 0.486180 1173.000000 880.000000
0 1173 0.509378 0.142045 0.034953 0.090909 0.486180 1173.000000 880.000000
0 1174 0.509804 0.140909 0.035806 0.090909 0.496120 1173.000000 880.000000
0 1175 0.509804 0.140909 0.035806 0.090909 0.496120 1173.000000 880.000000
0 1176 0.509804 0.139773 0.035806 0.090909 0.496120 1173.000000 880.000000
0 1177 0.510656 0.139773 0.035806 0.090909 0.483200 1173.000000 880.000000
0 1178 0.509804 0.138636 0.035806 0.090909 0.507320 1173.000000 880.000000
0 1179 0.509804 0.137500 0.035806 0.090909 0.518520 1173.000000 880.000000
0 1180 0.509804 0.136364 0.035806 0.090909 0.541770 1173.000000 880.000000
0 1181 0.509804 0.135227 0.035806 0.090909 0.541770 1173.000000 880.000000
0 1182 0.509804 0.134659 0.035806 0.089773 0.547090 1173.000000 880.000000
0 1183 0.509804 0.134091 0.035806 0.090909 0.552680 1173.000000 880.000000
0 1184 0.509804 0.132955 0.035806 0.090909 0.563590 1173.000000 880.000000
0 1185 0.509804 0.131818 0.035806 0.090909 0.563590 1173.000000 880.000000
0 1186 0.509804 0.130682 0.035806 0.090909 0.574500 1173.000000 880.000000
0 1187 0.509804 0.130114 0.035806 0.089773 0.580230 1173.000000 880.000000
0 1188 0.509804 0.128977 0.035806 0.089773 0.591280 1173.000000 880.000000
0 1189 0.509804 0.128409 0.035806 0.090909 0.606950 1173.000000 880.000000
0 1190 0.509378 0.127273 0.034953 0.090909 0.608470 1173.000000 880.000000
0 1191 0.509378 0.126136 0.034953 0.090909 0.608470 1173.000000 880.000000
0 1192 0.509378 0.125568 0.034953 0.089773 0.603570 1173.000000 880.000000
0 1193 0.509378 0.124432 0.034953 0.089773 0.603570 1173.000000 880.000000
0 1194 0.509378 0.123295 0.034953 0.089773 0.603570 1173.000000 880.000000
0 1195 0.509378 0.122727 0.034953 0.090909 0.597880 1173.000000 880.000000
0 1196 0.509378 0.121591 0.034953 0.090909 0.597880 1173.000000 880.000000
0 1197 0.509378 0.121023 0.034953 0.089773 0.592860 1173.000000 880.000000
0 1198 0.509378 0.119886 0.034953 0.089773 0.592860 1173.000000 880.000000
0 1199 0.509378 0.118750 0.034953 0.089773 0.592860 1173.000000 880.000000
0 1200 0.509378 0.117614 0.034953 0.089773 0.592860 1173.000000 880.000000
0 1201 0.509378 0.117614 0.034953 0.089773 0.582140 1173.000000 880.000000
0 1202 0.508951 0.116477 0.034101 0.089773 0.571950 1173.000000 880.000000
0 1203 0.508951 0.115341 0.034101 0.089773 0.571950 1173.000000 880.000000
0 1204 0.508951 0.114773 0.034101 0.088636 0.566530 1173.000000 880.000000
0 1205 0.508951 0.113636 0.034101 0.088636 0.577650 1173.000000 880.000000
0 1206 0.508951 0.113068 0.034101 0.089773 0.571950 1173.000000 880.000000
0 1207 0.508525 0.112500 0.033248 0.088636 0.568040 1173.000000 880.000000
0 1208 0.508951 0.111364 0.032396 0.088636 0.568320 1173.000000 880.000000
0 1209 0.508951 0.110227 0.032396 0.088636 0.568320 1173.000000 880.000000
0 1210 0.508951 0.110227 0.032396 0.088636 0.544300 1173.000000 880.000000
0 1211 0.508951 0.109091 0.032396 0.088636 0.555990 1173.000000 880.000000
0 1212 0.508525 0.107955 0.031543 0.088636 0.556960 1173.000000 880.000000
0 1213 0.508525 0.107386 0.031543 0.087500 0.551280 1173.000000 880.000000
0 1214 0.508525 0.106250 0.031543 0.087500 0.563090 1173.000000 880.000000
0 1215 0.508951 0.105682 0.030691 0.088636 0.544990 1173.000000 880.000000
0 1216 0.508951 0.105114 0.030691 0.087500 0.539150 1173.000000 880.000000
0 1217 0.508951 0.103977 0.030691 0.087500 0.539150 1173.000000 880.000000
0 1218 0.508525 0.102841 0.029838 0.087500 0.538820 1173.000000 880.000000
0 1219 0.508525 0.102841 0.029838 0.087500 0.526350 1173.000000 880.000000
0 1220 0.508525 0.101705 0.029838 0.087500 0.526350 1173.000000 880.000000
0 1221 0.508525 0.100568 0.029838 0.087500 0.538820 1173.000000 880.000000
0 1222 0.508951 0.100000 0.028986 0.086364 0.519480 1173.000000 880.000000
0 1223 0.508525 0.098864 0.028133 0.086364 0.519480 1173.000000 880.000000
0 1224 0.508525 0.098295 0.028133 0.087500 0.525640 1173.000000 880.000000
0 1225 0.508525 0.097727 0.028133 0.086364 0.519480 1173.000000 880.000000
0 1226 0.508525 0.096591 0.028133 0.086364 0.519480 1173.000000 880.000000
0 1227 0.508525 0.095455 0.028133 0.086364 0.532470 1173.000000 880.000000
0 1228 0.508951 0.095455 0.027280 0.086364 0.519480 1173.000000 880.000000
0 1229 0.508099 0.094318 0.027280 0.086364 0.519480 1173.000000 880.000000
0 1230 0.507246 0.093182 0.027280 0.086364 0.519480 1173.000000 880.000000
0 1231 0.506394 0.092045 0.027280 0.086364 0.546640 1173.000000 880.000000
0 1232 0.506394 0.090909 0.027280 0.086364 0.546640 1173.000000 880.000000
0 1233 0.505541 0.090909 0.027280 0.086364 0.548600 1173.000000 880.000000
0 1234 0.504689 0.089773 0.027280 0.086364 0.574970 1173.000000 880.000000
0 1235 0.504263 0.088636 0.028133 0.086364 0.573720 1173.000000 880.000000
0 1236 0.503836 0.087500 0.027280 0.086364 0.574970 1173.000000 880.000000
0 1237 0.502984 0.086364 0.027280 0.086364 0.600550 1173.000000 880.000000
0 1238 0.502558 0.086364 0.028133 0.086364 0.601220 1173.000000 880.000000
0 1239 0.501705 0.085227 0.028133 0.086364 0.614970 1173.000000 880.000000
0 1240 0.501279 0.084091 0.027280 0.086364 0.628100 1173.000000 880.000000
0 1241 0.500853 0.082955 0.028133 0.086364 0.639040 1173.000000 880.000000
0 1242 0.500000 0.081818 0.028133 0.086364 0.652410 1173.000000 880.000000
0 1243 0.499147 0.081818 0.028133 0.086364 0.665780 1173.000000 880.000000
0 1244 0.499147 0.080682 0.028133 0.086364 0.652410 1173.000000 880.000000
0 1245 0.498295 0.079545 0.028133 0.086364 0.665780 1173.000000 880.000000
0 1246 0.497442 0.078409 0.028133 0.086364 0.679140 1173.000000 880.000000
0 1247 0.497442 0.078409 0.028133 0.086364 0.669980 1173.000000 880.000000
0 1248 0.496590 0.077273 0.028133 0.086364 0.692510 1173.000000 880.000000
0 1249 0.495737 0.076136 0.028133 0.086364 0.705880 1173.000000 880.000000
0 1250 0.495737 0.075000 0.028133 0.086364 0.705880 1173.000000 880.000000
0 1251 0.494885 0.073864 0.028133 0.086364 0.705880 1173.000000 880.000000
0 1252 0.494032 0.073295 0.028133 0.087500 0.714930 1173.000000 880.000000
0 1253 0.494032 0.072727 0.028133 0.086364 0.719250 1173.000000 880.000000
0 1254 0.493180 0.071591 0.028133 0.086364 0.732620 1173.000000 880.000000
0 1255 0.492327 0.070455 0.028133 0.086364 0.745990 1173.000000 880.000000
0 1256 0.492327 0.069318 0.028133 0.086364 0.745990 1173.000000 880.000000
0 1257 0.491475 0.068750 0.028133 0.087500 0.755660 1173.000000 880.000000
0 1258 0.490622 0.067614 0.028133 0.087500 0.775640 1173.000000 880.000000
0 1259 0.490622 0.067045 0.028133 0.086364 0.759360 1173.000000 880.000000
0 1260 0.489770 0.065909 0.028133 0.086364 0.772730 1173.000000 880.000000
0 1261 0.488917 0.064773 0.028133 0.086364 0.786100 1173.000000 880.000000
0 1262 0.488917 0.064205 0.028133 0.087500 0.782810 1173.000000 880.000000
0 1263 0.488065 0.063068 0.028133 0.087500 0.802040 1173.000000 880.000000
0 1264 0.487212 0.061932 0.028133 0.087500 0.815230 1173.000000 880.000000
0 1265 0.487212 0.061364 0.028133 0.086364 0.812830 1173.000000 880.000000
0 1266 0.486360 0.060227 0.028133 0.086364 0.802900 1173.000000 880.000000
0 1267 0.485507 0.059659 0.028133 0.087500 0.807690 1173.000000 880.000000
0 1268 0.485507 0.058523 0.028133 0.087500 0.812590 1173.000000 880.000000
0 1269 0.484655 0.057386 0.028133 0.087500 0.820510 1173.000000 880.000000
0 1270 0.483802 0.056250 0.028133 0.087500 0.828430 1173.000000 880.000000
0 1271 0.483802 0.056250 0.028133 0.087500 0.822400 1173.000000 880.000000
0 1272 0.482950 0.055114 0.028133 0.087500 0.830320 1173.000000 880.000000
0 1273 0.482097 0.053977 0.028133 0.087500 0.841630 1173.000000 880.000000
0 1274 0.481245 0.053409 0.028133 0.086364 0.833840 1173.000000 880.000000
0 1275 0.480392 0.052273 0.028133 0.086364 0.839570 1173.000000 880.000000
0 1276 0.479966 0.051705 0.027280 0.085227 0.849280 1173.000000 880.000000
0 1277 0.479540 0.050568 0.028133 0.085227 0.835140 1173.000000 880.000000
0 1278 0.478687 0.050000 0.028133 0.084091 0.840780 1173.000000 880.000000
0 1279 0.477835 0.048864 0.028133 0.084091 0.850980 1173.000000 880.000000
0 1280 0.477408 0.048864 0.027280 0.084091 0.852530 1173.000000 880.000000
0 1281 0.476556 0.047727 0.027280 0.084091 0.840400 1173.000000 880.000000
0 1282 0.475703 0.046591 0.027280 0.084091 0.856160 1173.000000 880.000000
0 1283 0.475277 0.046023 0.028133 0.082955 0.852940 1173.000000 880.000000
0 1284 0.474425 0.044886 0.028133 0.082955 0.847380 1173.000000 880.000000
0 1285 0.473998 0.044318 0.027280 0.081818 0.845160 1173.000000 880.000000
0 1286 0.473146 0.043182 0.027280 0.081818 0.837280 1173.000000 880.000000
0 1287 0.472293 0.042614 0.027280 0.080682 0.832490 1173.000000 880.000000
0 1288 0.471441 0.041477 0.027280 0.080682 0.816920 1173.000000 880.000000
0 1289 0.471441 0.041477 0.027280 0.080682 0.814810 1173.000000 880.000000
0 1290 0.471441 0.040909 0.027280 0.079545 0.803670 1173.000000 880.000000
0 1291 0.471441 0.040341 0.027280 0.078409 0.787880 1173.000000 880.000000
0 1292 0.471441 0.039773 0.027280 0.077273 0.778660 1173.000000 880.000000
0 1293 0.471441 0.039205 0.027280 0.076136 0.775400 1173.000000 880.000000
0 1294 0.471441 0.038636 0.027280 0.075000 0.772950 1173.000000 880.000000
0 1295 0.471441 0.038068 0.027280 0.073864 0.755740 1173.000000 880.000000
0 1296 0.471441 0.037500 0.027280 0.072727 0.760370 1173.000000 880.000000
0 1297 0.471441 0.036932 0.027280 0.071591 0.751890 1173.000000 880.000000
0 1298 0.471441 0.036364 0.027280 0.070455 0.734010 1173.000000 880.000000
0 1299 0.471441 0.035795 0.027280 0.069318 0.732160 1173.000000 880.000000
0 1300 0.471441 0.035227 0.027280 0.068182 0.729760 1173.000000 880.000000
0 1301 0.471441 0.034659 0.027280 0.067045 0.725250 1173.000000 880.000000
0 1302 0.471441 0.034091 0.027280 0.065909 0.709810 1173.000000 880.000000
0 1303 0.471441 0.033523 0.027280 0.064773 0.713690 1173.000000 880.000000
0 1304 0.471441 0.032955 0.027280 0.063636 0.708670 1173.000000 880.000000
0 1305 0.471441 0.032386 0.027280 0.062500 0.706170 1173.000000 880.000000
0 1306 0.471441 0.031818 0.027280 0.061364 0.703030 1173.000000 880.000000
0 1307 0.471441 0.031250 0.027280 0.060227 0.697530 1173.000000 880.000000
0 1308 0.471441 0.030682 0.027280 0.059091 0.694680 1173.000000 880.000000
0 1309 0.471441 0.030114 0.027280 0.057955 0.688810 1173.000000 880.000000
0 1310 0.471441 0.029545 0.027280 0.056818 0.702910 1173.000000 880.000000
0 1311 0.471441 0.028977 0.027280 0.055682 0.681820 1173.000000 880.000000
0 1312 0.471441 0.028409 0.027280 0.054545 0.675320 1173.000000 880.000000
0 1313 0.471441 0.027841 0.027280 0.053409 0.679290 1173.000000 880.000000
0 1314 0.471441 0.027841 0.027280 0.053409 0.671720 1173.000000 880.000000
0 1315 0.471441 0.027273 0.027280 0.052273 0.664730 1173.000000 880.000000
0 1316 0.471441 0.026705 0.027280 0.051136 0.657440 1173.000000 880.000000
0 1317 0.471441 0.026136 0.027280 0.050000 0.653200 1173.000000 880.000000
0 1318 0.471441 0.025568 0.027280 0.048864 0.669420 1173.000000 880.000000
0 1319 0.471867 0.025000 0.028133 0.047727 0.658000 1173.000000 880.000000
0 1320 0.472293 0.025000 0.027280 0.047727 0.652570 1173.000000 880.000000
0 1321 0.472293 0.024432 0.027280 0.046591 0.664500 1173.000000 880.000000
0 1322 0.472293 0.023864 0.027280 0.045455 0.657060 1173.000000 880.000000
0 1323 0.472720 0.023295 0.028133 0.044318 0.650000 1173.000000 880.000000
0 1324 0.472720 0.022727 0.028133 0.043182 0.653090 1173.000000 880.000000
0 1325 0.472720 0.022159 0.028133 0.042045 0.651700 1173.000000 880.000000
0 1326 0.473146 0.022159 0.027280 0.042045 0.645930 1173.000000 880.000000
0 1327 0.473572 0.021591 0.028133 0.040909 0.656600 1173.000000 880.000000
0 1328 0.473572 0.021023 0.028133 0.039773 0.647060 1173.000000 880.000000
0 1329 0.473572 0.020455 0.028133 0.038636 0.636970 1173.000000 880.000000
0 1330 0.473572 0.019886 0.028133 0.037500 0.626300 1173.000000 880.000000
0 1331 0.473998 0.019318 0.028986 0.036364 0.617320 1173.000000 880.000000
0 1332 0.474425 0.019318 0.028133 0.036364 0.607840 1173.000000 880.000000
0 1333 0.474425 0.018750 0.028133 0.035227 0.573530 1173.000000 880.000000
0 1334 0.474425 0.018182 0.028133 0.034091 0.559770 1173.000000 880.000000
0 1335 0.474851 0.017614 0.028986 0.032955 0.547620 1173.000000 880.000000
0 1336 0.474851 0.017045 0.028986 0.031818 0.554680 1173.000000 880.000000
0 1337 0.474851 0.016477 0.028986 0.030682 0.538780 1173.000000 880.000000
0 1338 0.475277 0.016477 0.028133 0.030682 0.515760 1173.000000 880.000000
0 1339 0.475703 0.015909 0.028986 0.029545 0.461380 1173.000000 880.000000
0 1340 0.475703 0.015341 0.028986 0.028409 0.460440 1173.000000 880.000000
0 1341 0.475703 0.014773 0.028986 0.027273 0.451430 1173.000000 880.000000
0 1342 0.475703 0.014205 0.028986 0.026136 0.428570 1173.000000 880.000000
0 1343 0.476556 0.014205 0.028986 0.026136 0.385710 1173.000000 880.000000
0 1344 0.476556 0.013636 0.028986 0.025000 0.382610 1173.000000 880.000000
0 1345 0.476556 0.013068 0.028986 0.023864 0.350650 1173.000000 880.000000
0 1346 0.476556 0.012500 0.028986 0.022727 0.360540 1173.000000 880.000000
0 1347 0.476556 0.011932 0.028986 0.021591 0.364290 1173.000000 880.000000
0 1348 0.476556 0.011364 0.028986 0.020455 0.345860 1173.000000 880.000000
0 1349 0.476556 0.010795 0.028986 0.019318 0.342860 1173.000000 880.000000
0 1350 0.476556 0.010227 0.028986 0.018182 0.339500 1173.000000 880.000000
0 1351 0.476556 0.009659 0.028986 0.017045 0.351790 1173.000000 880.000000
0 1352 0.476556 0.009091 0.028986 0.015909 0.320000 1173.000000 880.000000
0 1353 0.476556 0.008523 0.028986 0.014773 0.334690 1173.000000 880.000000
0 1354 0.476556 0.007955 0.028986 0.013636 0.331870 1173.000000 880.000000
0 1355 0.476556 0.007955 0.028986 0.013636 0.312090 1173.000000 880.000000
0 1356 0.476556 0.007386 0.028986 0.012500 0.300000 1173.000000 880.000000
0 1357 0.476556 0.007386 0.028986 0.012500 0.278570 1173.000000 880.000000
0 1358 0.476556 0.006818 0.028986 0.011364 0.296100 1173.000000 880.000000
0 1359 0.476556 0.006818 0.028986 0.011364 0.280520 1173.000000 880.000000
