0 237 0.002984 0.953409 0.004263 0.093182 0.216870 1173.000000 880.000000
0 238 0.003836 0.952273 0.005968 0.095455 0.211760 1173.000000 880.000000
0 239 0.004689 0.951705 0.007673 0.096591 0.197670 1173.000000 880.000000
0 240 0.005968 0.950568 0.010230 0.098864 0.193180 1173.000000 880.000000
0 241 0.006820 0.950000 0.011935 0.100000 0.191010 1173.000000 880.000000
0 242 0.007673 0.948864 0.013640 0.102273 0.378150 1173.000000 880.000000
0 243 0.008951 0.948295 0.016198 0.103409 0.510870 1173.000000 880.000000
0 244 0.009378 0.946023 0.017050 0.105682 0.520770 1173.000000 880.000000
0 245 0.010230 0.944886 0.018755 0.107955 0.563860 1173.000000 880.000000
0 246 0.010656 0.943182 0.019608 0.109091 0.613830 1173.000000 880.000000
0 247 0.011509 0.942045 0.021313 0.111364 0.631700 1173.000000 880.000000
0 248 0.011935 0.940341 0.022165 0.114773 0.736380 1173.000000 880.000000
0 249 0.012361 0.939205 0.023018 0.117045 0.703980 1173.000000 880.000000
0 250 0.012788 0.938068 0.023870 0.119318 0.649640 1173.000000 880.000000
0 251 0.013640 0.936932 0.025575 0.121591 0.605140 1173.000000 880.000000
0 252 0.014066 0.935795 0.026428 0.123864 0.581530 1173.000000 880.000000
0 253 0.014493 0.934659 0.027280 0.126136 0.559520 1173.000000 880.000000
0 254 0.014919 0.933523 0.028133 0.128409 0.544380 1173.000000 880.000000
0 255 0.015772 0.932386 0.029838 0.130682 0.510780 1173.000000 880.000000
0 256 0.016198 0.931818 0.030691 0.131818 0.492490 1173.000000 880.000000
0 257 0.016624 0.931250 0.031543 0.132955 0.470560 1173.000000 880.000000
0 258 0.017050 0.931250 0.032396 0.132955 0.444810 1173.000000 880.000000
0 259 0.017477 0.930682 0.033248 0.134091 0.419120 1173.000000 880.000000
0 260 0.018329 0.930682 0.034953 0.134091 0.392160 1173.000000 880.000000
0 261 0.018755 0.928409 0.035806 0.136364 0.386510 1173.000000 880.000000
0 262 0.019182 0.927273 0.036658 0.138636 0.373240 1173.000000 880.000000
0 263 0.020034 0.925568 0.038363 0.139773 0.357290 1173.000000 880.000000
0 264 0.020460 0.924432 0.039216 0.142045 0.353600 1173.000000 880.000000
0 265 0.020887 0.922727 0.040068 0.143182 0.351710 1173.000000 880.000000
0 266 0.021739 0.921591 0.041773 0.145455 0.347130 1173.000000 880.000000
0 267 0.021739 0.918750 0.041773 0.144318 0.352500 1173.000000 880.000000
0 268 0.022165 0.916477 0.042626 0.144318 0.344060 1173.000000 880.000000
0 269 0.022592 0.913636 0.043478 0.143182 0.349940 1173.000000 880.000000
0 270 0.023018 0.911364 0.044331 0.143182 0.353890 1173.000000 880.000000
0 271 0.023444 0.909659 0.045183 0.142045 0.352880 1173.000000 880.000000
0 272 0.023870 0.907955 0.046036 0.143182 0.354330 1173.000000 880.000000
0 273 0.024297 0.907386 0.046888 0.144318 0.343750 1173.000000 880.000000
0 274 0.025149 0.906818 0.048593 0.145455 0.333330 1173.000000 880.000000
0 275 0.025575 0.906250 0.049446 0.146591 0.323080 1173.000000 880.000000
0 276 0.026002 0.905682 0.050298 0.147727 0.312980 1173.000000 880.000000
0 277 0.026854 0.905114 0.052003 0.148864 0.321730 1173.000000 880.000000
0 278 0.027707 0.901705 0.052003 0.146591 0.348510 1173.000000 880.000000
0 279 0.029412 0.898864 0.052003 0.145455 0.383850 1173.000000 880.000000
0 280 0.030691 0.896023 0.051151 0.144318 0.409450 1173.000000 880.000000
0 281 0.031969 0.892614 0.052003 0.142045 0.424090 1173.000000 880.000000
0 282 0.033674 0.890341 0.052003 0.139773 0.460460 1173.000000 880.000000
0 283 0.034953 0.887500 0.051151 0.138636 0.491800 1173.000000 880.000000
0 284 0.036232 0.884091 0.052003 0.136364 0.508930 1173.000000 880.000000
0 285 0.037511 0.881250 0.051151 0.135227 0.539070 1173.000000 880.000000
0 286 0.039216 0.878409 0.051151 0.134091 0.561510 1173.000000 880.000000
0 287 0.040921 0.876136 0.051151 0.131818 0.572230 1173.000000 880.000000
0 288 0.041773 0.875000 0.051151 0.131818 0.569710 1173.000000 880.000000
0 289 0.043052 0.874432 0.052003 0.132955 0.566160 1173.000000 880.000000
0 290 0.043905 0.873864 0.052003 0.134091 0.562750 1173.000000 880.000000
0 291 0.045610 0.873295 0.052003 0.135227 0.572180 1173.000000 880.000000
0 292 0.045610 0.872159 0.052003 0.135227 0.557800 1173.000000 880.000000
0 293 0.046462 0.871023 0.052003 0.135227 0.559270 1173.000000 880.000000
0 294 0.046462 0.869886 0.052003 0.135227 0.541670 1173.000000 880.000000
0 295 0.047315 0.869886 0.052003 0.135227 0.547980 1173.000000 880.000000
0 296 0.048167 0.867614 0.052003 0.135227 0.553230 1173.000000 880.000000
0 297 0.049446 0.865341 0.051151 0.135227 0.565710 1173.000000 880.000000
0 298 0.050725 0.863068 0.050298 0.135227 0.576530 1173.000000 880.000000
0 299 0.051577 0.860795 0.050298 0.135227 0.580000 1173.000000 880.000000
0 300 0.052856 0.858523 0.049446 0.135227 0.592090 1173.000000 880.000000
0 301 0.054561 0.857386 0.049446 0.135227 0.605650 1173.000000 880.000000
0 302 0.054561 0.855114 0.049446 0.135227 0.603110 1173.000000 880.000000
0 303 0.055413 0.852841 0.049446 0.135227 0.612710 1173.000000 880.000000
0 304 0.056266 0.851136 0.049446 0.136364 0.610310 1173.000000 880.000000
0 305 0.057118 0.849432 0.049446 0.135227 0.612430 1173.000000 880.000000
0 306 0.057971 0.847727 0.049446 0.136364 0.600780 1173.000000 880.000000
0 307 0.058397 0.845455 0.048593 0.136364 0.595040 1173.000000 880.000000
0 308 0.059250 0.844318 0.048593 0.136364 0.586780 1173.000000 880.000000
0 309 0.060102 0.842045 0.048593 0.136364 0.595040 1173.000000 880.000000
0 310 0.060955 0.840341 0.048593 0.137500 0.590870 1173.000000 880.000000
0 311 0.061381 0.838636 0.049446 0.136364 0.595040 1173.000000 880.000000
0 312 0.062234 0.836932 0.049446 0.137500 0.591280 1173.000000 880.000000
0 313 0.062660 0.834659 0.048593 0.137500 0.598360 1173.000000 880.000000
0 314 0.063512 0.833523 0.048593 0.137500 0.591580 1173.000000 880.000000
0 315 0.064365 0.831250 0.048593 0.137500 0.598360 1173.000000 880.000000
0 316 0.065217 0.828977 0.048593 0.137500 0.600060 1173.000000 880.000000
0 317 0.066070 0.827273 0.048593 0.138636 0.603450 1173.000000 880.000000
0 318 0.066496 0.825568 0.047741 0.137500 0.600230 1173.000000 880.000000
0 319 0.067349 0.823864 0.047741 0.138636 0.595490 1173.000000 880.000000
0 320 0.068201 0.821591 0.047741 0.138636 0.601630 1173.000000 880.000000
0 321 0.068627 0.820455 0.048593 0.138636 0.595880 1173.000000 880.000000
0 322 0.069480 0.818182 0.048593 0.138636 0.596020 1173.000000 880.000000
0 323 0.070332 0.816477 0.048593 0.139773 0.596770 1173.000000 880.000000
0 324 0.070759 0.814773 0.047741 0.138636 0.593500 1173.000000 880.000000
0 325 0.071611 0.813068 0.047741 0.139773 0.596770 1173.000000 880.000000
0 326 0.072464 0.810795 0.047741 0.139773 0.596770 1173.000000 880.000000
0 327 0.073316 0.809659 0.047741 0.139773 0.592810 1173.000000 880.000000
0 328 0.074169 0.807386 0.047741 0.139773 0.592670 1173.000000 880.000000
0 329 0.074595 0.805114 0.046888 0.139773 0.600660 1173.000000 880.000000
0 330 0.075448 0.803409 0.046888 0.140909 0.599430 1173.000000 880.000000
0 331 0.075874 0.801705 0.047741 0.139773 0.595780 1173.000000 880.000000
0 332 0.076726 0.800000 0.047741 0.140909 0.599020 1173.000000 880.000000
0 333 0.077579 0.797727 0.047741 0.140909 0.598740 1173.000000 880.000000
0 334 0.078431 0.796591 0.047741 0.140909 0.593680 1173.000000 880.000000
0 335 0.078858 0.794318 0.046888 0.140909 0.596570 1173.000000 880.000000
0 336 0.079710 0.792614 0.046888 0.142045 0.596230 1173.000000 880.000000
0 337 0.080563 0.790909 0.046888 0.140909 0.595430 1173.000000 880.000000
0 338 0.081415 0.789205 0.046888 0.142045 0.590700 1173.000000 880.000000
0 339 0.082268 0.786932 0.046888 0.142045 0.598070 1173.000000 880.000000
0 340 0.083120 0.785795 0.046888 0.142045 0.589570 1173.000000 880.000000
0 341 0.083546 0.783523 0.046036 0.142045 0.591630 1173.000000 880.000000
0 342 0.084399 0.782386 0.046036 0.142045 0.582970 1173.000000 880.000000
0 343 0.085251 0.780114 0.046036 0.142045 0.590190 1173.000000 880.000000
0 344 0.086104 0.778977 0.046036 0.142045 0.584420 1173.000000 880.000000
0 345 0.086957 0.777273 0.046036 0.143182 0.568650 1173.000000 880.000000
0 346 0.087809 0.775568 0.046036 0.142045 0.572290 1173.000000 880.000000
0 347 0.088662 0.773864 0.046036 0.143182 0.567790 1173.000000 880.000000
0 348 0.089514 0.772727 0.046036 0.143182 0.560920 1173.000000 880.000000
0 349 0.090367 0.771023 0.046036 0.142045 0.556570 1173.000000 880.000000
0 350 0.091219 0.769318 0.046036 0.143182 0.558910 1173.000000 880.000000
0 351 0.092072 0.767614 0.046036 0.142045 0.546900 1173.000000 880.000000
0 352 0.092924 0.765909 0.046036 0.143182 0.540160 1173.000000 880.000000
0 353 0.093777 0.764773 0.046036 0.143182 0.531570 1173.000000 880.000000
0 354 0.094629 0.762500 0.046036 0.143182 0.527130 1173.000000 880.000000
0 355 0.095908 0.761364 0.045183 0.143182 0.528430 1173.000000 880.000000
0 356 0.096760 0.760227 0.045183 0.143182 0.510940 1173.000000 880.000000
0 357 0.097613 0.757955 0.045183 0.143182 0.510060 1173.000000 880.000000
0 358 0.098465 0.756818 0.045183 0.143182 0.498690 1173.000000 880.000000
0 359 0.099318 0.755114 0.045183 0.144318 0.494070 1173.000000 880.000000
0 360 0.100171 0.753409 0.045183 0.143182 0.480170 1173.000000 880.000000
0 361 0.101023 0.751705 0.045183 0.144318 0.476420 1173.000000 880.000000
0 362 0.101876 0.750000 0.045183 0.143182 0.469520 1173.000000 880.000000
0 363 0.102728 0.748864 0.045183 0.143182 0.461940 1173.000000 880.000000
0 364 0.103581 0.747159 0.045183 0.144318 0.448780 1173.000000 880.000000
0 365 0.104433 0.745455 0.045183 0.143182 0.445470 1173.000000 880.000000
0 366 0.105286 0.743750 0.045183 0.144318 0.448780 1173.000000 880.000000
0 367 0.106138 0.742614 0.045183 0.144318 0.432580 1173.000000 880.000000
0 368 0.106991 0.740341 0.045183 0.144318 0.432580 1173.000000 880.000000
0 369 0.107843 0.739205 0.045183 0.144318 0.416670 1173.000000 880.000000
0 370 0.109122 0.738068 0.044331 0.144318 0.433960 1173.000000 880.000000
0 371 0.109548 0.735795 0.043478 0.144318 0.413460 1173.000000 880.000000
0 372 0.110401 0.734091 0.043478 0.143182 0.419900 1173.000000 880.000000
0 373 0.111253 0.731818 0.043478 0.143182 0.410360 1173.000000 880.000000
0 374 0.112106 0.730114 0.043478 0.142045 0.407200 1173.000000 880.000000
0 375 0.112958 0.727841 0.043478 0.142045 0.403850 1173.000000 880.000000
0 376 0.113811 0.726136 0.043478 0.140909 0.410460 1173.000000 880.000000
0 377 0.114663 0.724432 0.043478 0.139773 0.388180 1173.000000 880.000000
0 378 0.115516 0.722159 0.043478 0.139773 0.397950 1173.000000 880.000000
0 379 0.116368 0.720455 0.043478 0.138636 0.404780 1173.000000 880.000000
0 380 0.117647 0.718182 0.042626 0.138636 0.418620 1173.000000 880.000000
0 381 0.118500 0.716477 0.042626 0.137500 0.425590 1173.000000 880.000000
0 382 0.119352 0.714205 0.042626 0.137500 0.435550 1173.000000 880.000000
0 383 0.120205 0.712500 0.042626 0.136364 0.442720 1173.000000 880.000000
0 384 0.121057 0.711364 0.042626 0.136364 0.442720 1173.000000 880.000000
0 385 0.121483 0.709091 0.041773 0.136364 0.452070 1173.000000 880.000000
0 386 0.122336 0.707386 0.041773 0.135227 0.459670 1173.000000 880.000000
0 387 0.123188 0.705114 0.041773 0.135227 0.459670 1173.000000 880.000000
0 388 0.124041 0.703409 0.041773 0.134091 0.447390 1173.000000 880.000000
0 389 0.125320 0.701136 0.040921 0.134091 0.472130 1173.000000 880.000000
0 390 0.126172 0.699432 0.040921 0.132955 0.469560 1173.000000 880.000000
0 391 0.127025 0.697727 0.040921 0.131818 0.477590 1173.000000 880.000000
0 392 0.127877 0.695455 0.040921 0.131818 0.488230 1173.000000 880.000000
0 393 0.128730 0.693750 0.040921 0.130682 0.501060 1173.000000 880.000000
0 394 0.129582 0.691477 0.040921 0.130682 0.501060 1173.000000 880.000000
0 395 0.130435 0.689773 0.040921 0.129545 0.513750 1173.000000 880.000000
0 396 0.131287 0.687500 0.040921 0.129545 0.528480 1173.000000 880.000000
0 397 0.132140 0.685795 0.040921 0.128409 0.540820 1173.000000 880.000000
0 398 0.133419 0.684659 0.040068 0.128409 0.527050 1173.000000 880.000000
0 399 0.134271 0.682955 0.040068 0.129545 0.539670 1173.000000 880.000000
0 400 0.135124 0.682386 0.040068 0.130682 0.548310 1173.000000 880.000000
0 401 0.135976 0.681250 0.040068 0.130682 0.549390 1173.000000 880.000000
0 402 0.136829 0.680682 0.040068 0.131818 0.535430 1173.000000 880.000000
0 403 0.138534 0.680114 0.040068 0.132955 0.537430 1173.000000 880.000000
0 404 0.139386 0.677841 0.040068 0.132955 0.543790 1173.000000 880.000000
0 405 0.140239 0.676705 0.040068 0.132955 0.546960 1173.000000 880.000000
0 406 0.141944 0.675568 0.040068 0.132955 0.547670 1173.000000 880.000000
0 407 0.142796 0.673295 0.040068 0.132955 0.555080 1173.000000 880.000000
0 408 0.144501 0.672159 0.040068 0.132955 0.540960 1173.000000 880.000000
0 409 0.145354 0.671023 0.040068 0.132955 0.566740 1173.000000 880.000000
0 410 0.147059 0.668750 0.040068 0.132955 0.566210 1173.000000 880.000000
0 411 0.147911 0.667614 0.040068 0.132955 0.572210 1173.000000 880.000000
0 412 0.149616 0.666477 0.040068 0.132955 0.574330 1173.000000 880.000000
0 413 0.150469 0.665341 0.040068 0.132955 0.563380 1173.000000 880.000000
0 414 0.151748 0.663068 0.040921 0.132955 0.545310 1173.000000 880.000000
0 415 0.153026 0.661932 0.040068 0.132955 0.553670 1173.000000 880.000000
0 416 0.154305 0.660795 0.040921 0.132955 0.523690 1173.000000 880.000000
0 417 0.155584 0.658523 0.040068 0.132955 0.526660 1173.000000 880.000000
0 418 0.156863 0.657386 0.040921 0.132955 0.498790 1173.000000 880.000000
0 419 0.158142 0.656250 0.040068 0.132955 0.497880 1173.000000 880.000000
0 420 0.159420 0.653977 0.040921 0.132955 0.487030 1173.000000 880.000000
0 421 0.160699 0.652841 0.040068 0.132955 0.476690 1173.000000 880.000000
0 422 0.161978 0.651705 0.040921 0.132955 0.462640 1173.000000 880.000000
0 423 0.162830 0.650568 0.040921 0.132955 0.453480 1173.000000 880.000000
0 424 0.164535 0.648295 0.040921 0.132955 0.442060 1173.000000 880.000000
0 425 0.165388 0.647159 0.040921 0.132955 0.434110 1173.000000 880.000000
0 426 0.167093 0.646023 0.040921 0.132955 0.432720 1173.000000 880.000000
0 427 0.167945 0.643750 0.040921 0.132955 0.418890 1173.000000 880.000000
0 428 0.169650 0.642614 0.040921 0.132955 0.385160 1173.000000 880.000000
0 429 0.170503 0.641477 0.040921 0.132955 0.379450 1173.000000 880.000000
0 430 0.172208 0.640341 0.040921 0.132955 0.347460 1173.000000 880.000000
0 431 0.173061 0.638068 0.040921 0.132955 0.364410 1173.000000 880.000000
0 432 0.173913 0.636932 0.040921 0.132955 0.374090 1173.000000 880.000000
0 433 0.174766 0.635795 0.040921 0.132955 0.383950 1173.000000 880.000000
0 434 0.176044 0.634659 0.041773 0.132955 0.393220 1173.000000 880.000000
0 435 0.177323 0.633523 0.040921 0.132955 0.400730 1173.000000 880.000000
0 436 0.178176 0.631250 0.040921 0.132955 0.415250 1173.000000 880.000000
0 437 0.179028 0.630114 0.040921 0.132955 0.418190 1173.000000 880.000000
0 438 0.180307 0.628977 0.041773 0.132955 0.420680 1173.000000 880.000000
0 439 0.181586 0.627841 0.040921 0.132955 0.423040 1173.000000 880.000000
0 440 0.182438 0.626705 0.040921 0.132955 0.429780 1173.000000 880.000000
0 441 0.183291 0.624432 0.040921 0.132955 0.439640 1173.000000 880.000000
0 442 0.184569 0.623295 0.041773 0.132955 0.444070 1173.000000 880.000000
0 443 0.185422 0.622159 0.041773 0.132955 0.449490 1173.000000 880.000000
0 444 0.186701 0.621023 0.040921 0.132955 0.452090 1173.000000 880.000000
0 445 0.187553 0.619886 0.040921 0.132955 0.459180 1173.000000 880.000000
0 446 0.188832 0.618750 0.041773 0.132955 0.462710 1173.000000 880.000000
0 447 0.189685 0.616477 0.041773 0.132955 0.473390 1173.000000 880.000000
0 448 0.190963 0.615341 0.040921 0.132955 0.486340 1173.000000 880.000000
0 449 0.191816 0.614205 0.040921 0.132955 0.496540 1173.000000 880.000000
0 450 0.193095 0.613068 0.041773 0.132955 0.486270 1173.000000 880.000000
0 451 0.193947 0.611932 0.041773 0.132955 0.503560 1173.000000 880.000000
0 452 0.194800 0.609659 0.041773 0.132955 0.524070 1173.000000 880.000000
0 453 0.196078 0.608523 0.040921 0.132955 0.510030 1173.000000 880.000000
0 454 0.197357 0.607386 0.041773 0.132955 0.519150 1173.000000 880.000000
0 455 0.198210 0.606250 0.041773 0.132955 0.530510 1173.000000 880.000000
0 456 0.199062 0.605114 0.041773 0.132955 0.525250 1173.000000 880.000000
0 457 0.200767 0.603977 0.041773 0.132955 0.526100 1173.000000 880.000000
0 458 0.201620 0.602841 0.041773 0.132955 0.536270 1173.000000 880.000000
0 459 0.202472 0.601705 0.041773 0.132955 0.533560 1173.000000 880.000000
0 460 0.203751 0.600568 0.040921 0.132955 0.533730 1173.000000 880.000000
0 461 0.204604 0.599432 0.040921 0.132955 0.538220 1173.000000 880.000000
0 462 0.206309 0.598295 0.040921 0.132955 0.527670 1173.000000 880.000000
0 463 0.207161 0.597159 0.040921 0.132955 0.529920 1173.000000 880.000000
0 464 0.208440 0.596023 0.040068 0.132955 0.534780 1173.000000 880.000000
0 465 0.209292 0.594886 0.040068 0.132955 0.524010 1173.000000 880.000000
0 466 0.210997 0.593750 0.040068 0.132955 0.518190 1173.000000 880.000000
0 467 0.211850 0.592614 0.040068 0.132955 0.525420 1173.000000 880.000000
0 468 0.213129 0.591477 0.039216 0.132955 0.527950 1173.000000 880.000000
0 469 0.213981 0.590341 0.039216 0.132955 0.524340 1173.000000 880.000000
0 470 0.215686 0.589205 0.039216 0.132955 0.526690 1173.000000 880.000000
0 471 0.216539 0.588068 0.039216 0.132955 0.532100 1173.000000 880.000000
0 472 0.217391 0.586932 0.039216 0.132955 0.537140 1173.000000 880.000000
0 473 0.218670 0.585795 0.038363 0.132955 0.525790 1173.000000 880.000000
0 474 0.219523 0.584659 0.038363 0.132955 0.525790 1173.000000 880.000000
0 475 0.221228 0.583523 0.038363 0.132955 0.511420 1173.000000 880.000000
0 476 0.222080 0.582386 0.038363 0.132955 0.511420 1173.000000 880.000000
0 477 0.223359 0.581250 0.037511 0.132955 0.479280 1173.000000 880.000000
0 478 0.224211 0.580114 0.037511 0.132955 0.479280 1173.000000 880.000000
0 479 0.225916 0.578977 0.037511 0.132955 0.464410 1173.000000 880.000000
0 480 0.226769 0.577841 0.037511 0.132955 0.464410 1173.000000 880.000000
0 481 0.228048 0.576705 0.036658 0.132955 0.445300 1173.000000 880.000000
0 482 0.228900 0.575568 0.036658 0.132955 0.445300 1173.000000 880.000000
0 483 0.230605 0.575000 0.036658 0.131818 0.425020 1173.000000 880.000000
0 484 0.231032 0.573864 0.037511 0.131818 0.437800 1173.000000 880.000000
0 485 0.231884 0.572727 0.037511 0.131818 0.430770 1173.000000 880.000000
0 486 0.232737 0.571591 0.037511 0.131818 0.430770 1173.000000 880.000000
0 487 0.233589 0.570455 0.037511 0.131818 0.430770 1173.000000 880.000000
0 488 0.234442 0.569318 0.037511 0.131818 0.430770 1173.000000 880.000000
0 489 0.235294 0.568182 0.037511 0.131818 0.408170 1173.000000 880.000000
0 490 0.236147 0.567045 0.037511 0.131818 0.408170 1173.000000 880.000000
0 491 0.236999 0.565909 0.037511 0.131818 0.408170 1173.000000 880.000000
0 492 0.237852 0.564773 0.037511 0.131818 0.408170 1173.000000 880.000000
0 493 0.238704 0.563636 0.037511 0.131818 0.408170 1173.000000 880.000000
0 494 0.239557 0.562500 0.037511 0.131818 0.400950 1173.000000 880.000000
0 495 0.240409 0.561364 0.037511 0.131818 0.400950 1173.000000 880.000000
0 496 0.241262 0.560227 0.037511 0.131818 0.400950 1173.000000 880.000000
0 497 0.242114 0.559091 0.037511 0.131818 0.400950 1173.000000 880.000000
0 498 0.242967 0.557955 0.037511 0.131818 0.383290 1173.000000 880.000000
0 499 0.243819 0.556818 0.037511 0.131818 0.377780 1173.000000 880.000000
0 500 0.244672 0.555682 0.037511 0.131818 0.377780 1173.000000 880.000000
0 501 0.245951 0.554545 0.038363 0.131818 0.373650 1173.000000 880.000000
0 502 0.246803 0.553409 0.038363 0.131818 0.373650 1173.000000 880.000000
0 503 0.247656 0.552273 0.038363 0.131818 0.373650 1173.000000 880.000000
0 504 0.248508 0.551136 0.038363 0.131818 0.360830 1173.000000 880.000000
0 505 0.249361 0.550000 0.038363 0.131818 0.343550 1173.000000 880.000000
0 506 0.250213 0.548864 0.038363 0.131818 0.335560 1173.000000 880.000000
0 507 0.251066 0.547727 0.038363 0.131818 0.319960 1173.000000 880.000000
0 508 0.251918 0.546591 0.038363 0.131818 0.310670 1173.000000 880.000000
0 509 0.252771 0.545455 0.038363 0.131818 0.304910 1173.000000 880.000000
0 510 0.253623 0.544318 0.038363 0.131818 0.304910 1173.000000 880.000000
0 511 0.254476 0.543182 0.038363 0.131818 0.305090 1173.000000 880.000000
0 512 0.255328 0.542045 0.038363 0.131818 0.303420 1173.000000 880.000000
0 513 0.256181 0.540909 0.038363 0.131818 0.302490 1173.000000 880.000000
0 514 0.257033 0.539773 0.038363 0.131818 0.296540 1173.000000 880.000000
0 515 0.257886 0.538636 0.038363 0.131818 0.296540 1173.000000 880.000000
0 516 0.258738 0.537500 0.038363 0.131818 0.288180 1173.000000 880.000000
0 517 0.259591 0.536364 0.038363 0.131818 0.286510 1173.000000 880.000000
0 518 0.260870 0.535795 0.039216 0.130682 0.279350 1173.000000 880.000000
0 519 0.261296 0.533523 0.040068 0.130682 0.289690 1173.000000 880.000000
0 520 0.262148 0.532386 0.040068 0.130682 0.289690 1173.000000 880.000000
0 521 0.263001 0.531250 0.040068 0.130682 0.289690 1173.000000 880.000000
0 522 0.263853 0.530114 0.040068 0.130682 0.287180 1173.000000 880.000000
0 523 0.264706 0.528977 0.040068 0.130682 0.287180 1173.000000 880.000000
0 524 0.265985 0.527841 0.040921 0.130682 0.286070 1173.000000 880.000000
0 525 0.266837 0.526705 0.040921 0.130682 0.278150 1173.000000 880.000000
0 526 0.267690 0.525568 0.040921 0.130682 0.278150 1173.000000 880.000000
0 527 0.268542 0.524432 0.040921 0.130682 0.278500 1173.000000 880.000000
0 528 0.269395 0.523295 0.040921 0.130682 0.276920 1173.000000 880.000000
0 529 0.270673 0.522159 0.041773 0.130682 0.275860 1173.000000 880.000000
0 530 0.271526 0.521023 0.041773 0.130682 0.275860 1173.000000 880.000000
0 531 0.272379 0.519886 0.041773 0.130682 0.275860 1173.000000 880.000000
0 532 0.273231 0.518182 0.041773 0.131818 0.274360 1173.000000 880.000000
0 533 0.274084 0.517045 0.041773 0.131818 0.272650 1173.000000 880.000000
0 534 0.274936 0.515909 0.041773 0.131818 0.272650 1173.000000 880.000000
0 535 0.276215 0.514773 0.042626 0.131818 0.272330 1173.000000 880.000000
0 536 0.277067 0.513636 0.042626 0.131818 0.278700 1173.000000 880.000000
0 537 0.277920 0.512500 0.042626 0.131818 0.278700 1173.000000 880.000000
0 538 0.278772 0.511364 0.042626 0.131818 0.277020 1173.000000 880.000000
0 539 0.279625 0.510227 0.042626 0.131818 0.269650 1173.000000 880.000000
0 540 0.280904 0.509091 0.043478 0.131818 0.268570 1173.000000 880.000000
0 541 0.281756 0.507955 0.043478 0.131818 0.268900 1173.000000 880.000000
0 542 0.282609 0.506818 0.043478 0.131818 0.268900 1173.000000 880.000000
0 543 0.283461 0.505682 0.043478 0.131818 0.269890 1173.000000 880.000000
0 544 0.284314 0.504545 0.043478 0.131818 0.268900 1173.000000 880.000000
0 545 0.285592 0.503409 0.044331 0.131818 0.267860 1173.000000 880.000000
0 546 0.285592 0.502273 0.044331 0.131818 0.267860 1173.000000 880.000000
0 547 0.286019 0.501136 0.043478 0.131818 0.270710 1173.000000 880.000000
0 548 0.286445 0.501136 0.044331 0.131818 0.274630 1173.000000 880.000000
0 549 0.286871 0.500000 0.043478 0.131818 0.275810 1173.000000 880.000000
0 550 0.287724 0.500000 0.043478 0.131818 0.268240 1173.000000 880.000000
0 551 0.287724 0.498864 0.043478 0.131818 0.276300 1173.000000 880.000000
0 552 0.288576 0.498864 0.043478 0.131818 0.267590 1173.000000 880.000000
0 553 0.288576 0.497727 0.043478 0.131818 0.268410 1173.000000 880.000000
0 554 0.289003 0.497159 0.042626 0.130682 0.264370 1173.000000 880.000000
0 555 0.289855 0.496591 0.042626 0.131818 0.262110 1173.000000 880.000000
0 556 0.289855 0.496023 0.042626 0.130682 0.261830 1173.000000 880.000000
0 557 0.290708 0.495455 0.042626 0.131818 0.259930 1173.000000 880.000000
0 558 0.290708 0.494886 0.042626 0.130682 0.260140 1173.000000 880.000000
0 559 0.291560 0.494318 0.042626 0.131818 0.262280 1173.000000 880.000000
0 560 0.291986 0.493750 0.041773 0.130682 0.248970 1173.000000 880.000000
0 561 0.291986 0.492614 0.041773 0.130682 0.259660 1173.000000 880.000000
0 562 0.292839 0.492045 0.041773 0.131818 0.249570 1173.000000 880.000000
0 563 0.292839 0.491477 0.041773 0.130682 0.250000 1173.000000 880.000000
0 564 0.293691 0.490909 0.041773 0.131818 0.248890 1173.000000 880.000000
0 565 0.294118 0.490341 0.040921 0.130682 0.242790 1173.000000 880.000000
0 566 0.294544 0.489773 0.041773 0.131818 0.245980 1173.000000 880.000000
0 567 0.294970 0.489205 0.040921 0.130682 0.241730 1173.000000 880.000000
0 568 0.294970 0.488068 0.040921 0.130682 0.243490 1173.000000 880.000000
0 569 0.295823 0.488068 0.040921 0.130682 0.234870 1173.000000 880.000000
0 570 0.296249 0.486932 0.040068 0.130682 0.242460 1173.000000 880.000000
0 571 0.296675 0.486932 0.040921 0.130682 0.234870 1173.000000 880.000000
0 572 0.297101 0.485795 0.040068 0.130682 0.235630 1173.000000 880.000000
0 573 0.297528 0.485795 0.040921 0.130682 0.234170 1173.000000 880.000000
0 574 0.297954 0.484659 0.040068 0.130682 0.228090 1173.000000 880.000000
0 575 0.298806 0.484659 0.040068 0.130682 0.227010 1173.000000 880.000000
0 576 0.298806 0.483523 0.040068 0.130682 0.227010 1173.000000 880.000000
0 577 0.299659 0.482386 0.040068 0.130682 0.227010 1173.000000 880.000000
0 578 0.299659 0.481250 0.040068 0.130682 0.237070 1173.000000 880.000000
0 579 0.300512 0.480682 0.040068 0.129545 0.223190 1173.000000 880.000000
0 580 0.300512 0.479545 0.040068 0.129545 0.235870 1173.000000 880.000000
0 581 0.301364 0.478409 0.040068 0.129545 0.235870 1173.000000 880.000000
0 582 0.301790 0.477273 0.040921 0.129545 0.234610 1173.000000 880.000000
0 583 0.302217 0.476705 0.040068 0.128409 0.232270 1173.000000 880.000000
0 584 0.302643 0.475568 0.040921 0.128409 0.238100 1173.000000 880.000000
0 585 0.303069 0.474432 0.040068 0.128409 0.232270 1173.000000 880.000000
0 586 0.303495 0.473295 0.040921 0.128409 0.243470 1173.000000 880.000000
0 587 0.303922 0.472727 0.040068 0.127273 0.239680 1173.000000 880.000000
0 588 0.304774 0.471591 0.040068 0.127273 0.234140 1173.000000 880.000000
0 589 0.305200 0.470455 0.040921 0.127273 0.240200 1173.000000 880.000000
0 590 0.305627 0.469886 0.040068 0.126136 0.227310 1173.000000 880.000000
0 591 0.306053 0.468750 0.040921 0.126136 0.238880 1173.000000 880.000000
0 592 0.306479 0.467614 0.040068 0.126136 0.243490 1173.000000 880.000000
0 593 0.306905 0.466477 0.040921 0.126136 0.242350 1173.000000 880.000000
0 594 0.307332 0.465909 0.040068 0.125000 0.236670 1173.000000 880.000000
0 595 0.307758 0.464773 0.040921 0.125000 0.242690 1173.000000 880.000000
0 596 0.308610 0.463636 0.040921 0.125000 0.240670 1173.000000 880.000000
0 597 0.308610 0.462500 0.040921 0.125000 0.251700 1173.000000 880.000000
0 598 0.309463 0.461932 0.040921 0.123864 0.244710 1173.000000 880.000000
0 599 0.309463 0.460795 0.040921 0.123864 0.244900 1173.000000 880.000000
0 600 0.310315 0.459659 0.040921 0.123864 0.244710 1173.000000 880.000000
0 601 0.311168 0.459091 0.040921 0.122727 0.246960 1173.000000 880.000000
0 602 0.311594 0.457955 0.040068 0.122727 0.240830 1173.000000 880.000000
0 603 0.312447 0.457386 0.040068 0.121591 0.226270 1173.000000 880.000000
0 604 0.313725 0.456818 0.039216 0.120455 0.207990 1173.000000 880.000000
0 605 0.314578 0.455682 0.039216 0.120455 0.206200 1173.000000 880.000000
0 606 0.315004 0.455114 0.038363 0.119318 0.194420 1173.000000 880.000000
0 607 0.316283 0.454545 0.037511 0.118182 0.170370 1173.000000 880.000000
0 608 0.317136 0.453409 0.037511 0.118182 0.171430 1173.000000 880.000000
0 609 0.318414 0.452841 0.036658 0.117045 0.163460 1173.000000 880.000000
0 610 0.318841 0.452273 0.035806 0.115909 0.155340 1173.000000 880.000000
0 611 0.319693 0.451136 0.035806 0.115909 0.165050 1173.000000 880.000000
0 612 0.320972 0.450568 0.034953 0.114773 0.156860 1173.000000 880.000000
0 613 0.321824 0.450000 0.034953 0.113636 0.148510 1173.000000 880.000000
0 614 0.322251 0.448864 0.034101 0.113636 0.158420 1173.000000 880.000000
0 615 0.323529 0.448295 0.033248 0.112500 0.150000 1173.000000 880.000000
0 616 0.324382 0.447727 0.033248 0.111364 0.141410 1173.000000 880.000000
0 617 0.325661 0.447727 0.032396 0.111364 0.141410 1173.000000 880.000000
0 618 0.325661 0.446591 0.032396 0.111364 0.131310 1173.000000 880.000000
0 619 0.325661 0.445455 0.032396 0.111364 0.131310 1173.000000 880.000000
0 620 0.325661 0.444318 0.032396 0.111364 0.131310 1173.000000 880.000000
0 621 0.325661 0.443182 0.032396 0.111364 0.131310 1173.000000 880.000000
0 622 0.325661 0.442045 0.032396 0.111364 0.131310 1173.000000 880.000000
0 623 0.325661 0.440909 0.032396 0.111364 0.131310 1173.000000 880.000000
0 624 0.325661 0.439773 0.032396 0.111364 0.131310 1173.000000 880.000000
0 625 0.325661 0.438636 0.032396 0.111364 0.131310 1173.000000 880.000000
0 626 0.325661 0.437500 0.032396 0.111364 0.121210 1173.000000 880.000000
0 627 0.325661 0.436364 0.032396 0.111364 0.121210 1173.000000 880.000000
0 628 0.325661 0.435227 0.032396 0.111364 0.121210 1173.000000 880.000000
0 629 0.325661 0.434091 0.032396 0.111364 0.121210 1173.000000 880.000000
0 630 0.325661 0.432955 0.032396 0.111364 0.121210 1173.000000 880.000000
0 631 0.325661 0.431818 0.032396 0.111364 0.121210 1173.000000 880.000000
0 632 0.325661 0.430682 0.032396 0.111364 0.121210 1173.000000 880.000000
0 633 0.325661 0.429545 0.032396 0.111364 0.121210 1173.000000 880.000000
0 634 0.325661 0.428409 0.032396 0.111364 0.121210 1173.000000 880.000000
0 635 0.325661 0.426136 0.032396 0.111364 0.121210 1173.000000 880.000000
0 636 0.325661 0.425000 0.032396 0.111364 0.121210 1173.000000 880.000000
0 637 0.326513 0.423864 0.032396 0.111364 0.121210 1173.000000 880.000000
0 638 0.326513 0.421591 0.032396 0.111364 0.131310 1173.000000 880.000000
0 639 0.327366 0.420455 0.032396 0.111364 0.131310 1173.000000 880.000000
0 640 0.327366 0.419318 0.032396 0.111364 0.121210 1173.000000 880.000000
0 641 0.327366 0.418182 0.032396 0.111364 0.121210 1173.000000 880.000000
0 642 0.328218 0.415909 0.032396 0.111364 0.131310 1173.000000 880.000000
0 643 0.328218 0.414773 0.032396 0.111364 0.131310 1173.000000 880.000000
0 644 0.329071 0.413636 0.032396 0.111364 0.131310 1173.000000 880.000000
0 645 0.329071 0.412500 0.032396 0.111364 0.121210 1173.000000 880.000000
0 646 0.329923 0.410227 0.032396 0.111364 0.131310 1173.000000 880.000000
0 647 0.329923 0.409091 0.032396 0.111364 0.131310 1173.000000 880.000000
0 648 0.329923 0.407955 0.032396 0.111364 0.131310 1173.000000 880.000000
0 649 0.330776 0.406818 0.032396 0.111364 0.131310 1173.000000 880.000000
0 650 0.330776 0.404545 0.032396 0.111364 0.131310 1173.000000 880.000000
0 651 0.331628 0.403409 0.032396 0.111364 0.131310 1173.000000 880.000000
0 652 0.331628 0.402273 0.032396 0.111364 0.131310 1173.000000 880.000000
0 653 0.332481 0.401136 0.032396 0.111364 0.131310 1173.000000 880.000000
0 654 0.332481 0.398864 0.032396 0.111364 0.141410 1173.000000 880.000000
0 655 0.332481 0.397727 0.032396 0.111364 0.142190 1173.000000 880.000000
0 656 0.333333 0.395455 0.032396 0.111364 0.152030 1173.000000 880.000000
0 657 0.333333 0.394318 0.032396 0.111364 0.152030 1173.000000 880.000000
0 658 0.334186 0.392045 0.032396 0.111364 0.161880 1173.000000 880.000000
0 659 0.334186 0.390909 0.032396 0.111364 0.172240 1173.000000 880.000000
0 660 0.335038 0.388636 0.032396 0.111364 0.161880 1173.000000 880.000000
0 661 0.335038 0.387500 0.032396 0.111364 0.172240 1173.000000 880.000000
0 662 0.335465 0.385227 0.031543 0.111364 0.172250 1173.000000 880.000000
0 663 0.335891 0.384091 0.032396 0.111364 0.181820 1173.000000 880.000000
0 664 0.336317 0.381818 0.031543 0.111364 0.192450 1173.000000 880.000000
0 665 0.336743 0.380682 0.032396 0.111364 0.191920 1173.000000 880.000000
0 666 0.337170 0.378409 0.031543 0.111364 0.202020 1173.000000 880.000000
0 667 0.337596 0.377273 0.032396 0.111364 0.202020 1173.000000 880.000000
0 668 0.338022 0.375000 0.031543 0.111364 0.202550 1173.000000 880.000000
0 669 0.338022 0.373864 0.031543 0.111364 0.212120 1173.000000 880.000000
0 670 0.338875 0.371591 0.031543 0.111364 0.222220 1173.000000 880.000000
0 671 0.338875 0.370455 0.031543 0.111364 0.222220 1173.000000 880.000000
0 672 0.339727 0.368182 0.031543 0.111364 0.231530 1173.000000 880.000000
0 673 0.339727 0.367045 0.031543 0.111364 0.241360 1173.000000 880.000000
0 674 0.340580 0.365909 0.031543 0.111364 0.231530 1173.000000 880.000000
0 675 0.340580 0.364773 0.031543 0.111364 0.232320 1173.000000 880.000000
0 676 0.340580 0.363636 0.031543 0.111364 0.242420 1173.000000 880.000000
0 677 0.341006 0.363636 0.032396 0.111364 0.231030 1173.000000 880.000000
0 678 0.341432 0.362500 0.031543 0.111364 0.232320 1173.000000 880.000000
0 679 0.341432 0.361364 0.031543 0.111364 0.242420 1173.000000 880.000000
0 680 0.341858 0.361364 0.032396 0.111364 0.230770 1173.000000 880.000000
0 681 0.342285 0.360227 0.031543 0.111364 0.233920 1173.000000 880.000000
0 682 0.342285 0.360227 0.031543 0.111364 0.234180 1173.000000 880.000000
0 683 0.342711 0.359091 0.032396 0.111364 0.232320 1173.000000 880.000000
0 684 0.342711 0.357955 0.032396 0.111364 0.242420 1173.000000 880.000000
0 685 0.343137 0.357955 0.031543 0.111364 0.234450 1173.000000 880.000000
0 686 0.343564 0.356818 0.032396 0.111364 0.232320 1173.000000 880.000000
0 687 0.343564 0.355682 0.032396 0.111364 0.242420 1173.000000 880.000000
0 688 0.343990 0.355682 0.031543 0.111364 0.237110 1173.000000 880.000000
0 689 0.344416 0.354545 0.032396 0.111364 0.234650 1173.000000 880.000000
0 690 0.344416 0.354545 0.032396 0.111364 0.234910 1173.000000 880.000000
0 691 0.344416 0.353409 0.032396 0.111364 0.245270 1173.000000 880.000000
0 692 0.345269 0.352273 0.032396 0.111364 0.234910 1173.000000 880.000000
0 693 0.345269 0.352273 0.032396 0.111364 0.242420 1173.000000 880.000000
0 694 0.345269 0.351136 0.032396 0.111364 0.264700 1173.000000 880.000000
0 695 0.346121 0.351136 0.032396 0.111364 0.235170 1173.000000 880.000000
0 696 0.346121 0.348864 0.032396 0.111364 0.267550 1173.000000 880.000000
0 697 0.346121 0.347159 0.032396 0.110227 0.292260 1173.000000 880.000000
0 698 0.346121 0.345455 0.032396 0.109091 0.294740 1173.000000 880.000000
0 699 0.346121 0.343750 0.032396 0.107955 0.319440 1173.000000 880.000000
0 700 0.346974 0.342614 0.032396 0.107955 0.321580 1173.000000 880.000000
0 701 0.346974 0.340909 0.032396 0.106818 0.333330 1173.000000 880.000000
0 702 0.346974 0.338636 0.032396 0.106818 0.355740 1173.000000 880.000000
0 703 0.346974 0.336932 0.032396 0.105682 0.371520 1173.000000 880.000000
0 704 0.346974 0.335227 0.032396 0.104545 0.402260 1173.000000 880.000000
0 705 0.347826 0.334091 0.032396 0.104545 0.391510 1173.000000 880.000000
0 706 0.347826 0.332386 0.032396 0.103409 0.402730 1173.000000 880.000000
0 707 0.347826 0.330682 0.032396 0.102273 0.418710 1173.000000 880.000000
0 708 0.347826 0.328409 0.032396 0.102273 0.428010 1173.000000 880.000000
0 709 0.347826 0.326705 0.032396 0.101136 0.458690 1173.000000 880.000000
0 710 0.348679 0.325568 0.032396 0.101136 0.447860 1173.000000 880.000000
0 711 0.348679 0.323864 0.032396 0.100000 0.471620 1173.000000 880.000000
0 712 0.348679 0.322159 0.032396 0.098864 0.474650 1173.000000 880.000000
0 713 0.348679 0.320455 0.032396 0.097727 0.497490 1173.000000 880.000000
0 714 0.349531 0.319318 0.032396 0.097727 0.493370 1173.000000 880.000000
0 715 0.349531 0.318182 0.032396 0.097727 0.506930 1173.000000 880.000000
0 716 0.349531 0.318182 0.032396 0.097727 0.505160 1173.000000 880.000000
0 717 0.349957 0.317045 0.031543 0.097727 0.516030 1173.000000 880.000000
0 718 0.350384 0.317045 0.032396 0.097727 0.511350 1173.000000 880.000000
0 719 0.350384 0.317045 0.032396 0.097727 0.516650 1173.000000 880.000000
0 720 0.350810 0.315909 0.031543 0.097727 0.514820 1173.000000 880.000000
0 721 0.351236 0.315909 0.032396 0.097727 0.508400 1173.000000 880.000000
0 722 0.351662 0.315909 0.031543 0.097727 0.504230 1173.000000 880.000000
0 723 0.351662 0.314773 0.031543 0.097727 0.517850 1173.000000 880.000000
0 724 0.352089 0.314773 0.032396 0.097727 0.508990 1173.000000 880.000000
0 725 0.352515 0.313636 0.031543 0.097727 0.510890 1173.000000 880.000000
0 726 0.352515 0.313636 0.031543 0.097727 0.502720 1173.000000 880.000000
0 727 0.352941 0.313636 0.032396 0.097727 0.512820 1173.000000 880.000000
0 728 0.353367 0.312500 0.031543 0.097727 0.512400 1173.000000 880.000000
0 729 0.353367 0.312500 0.031543 0.097727 0.505440 1173.000000 880.000000
0 730 0.354220 0.312500 0.031543 0.097727 0.496670 1173.000000 880.000000
0 731 0.354220 0.311364 0.031543 0.097727 0.516940 1173.000000 880.000000
0 732 0.354220 0.310227 0.031543 0.097727 0.526010 1173.000000 880.000000
0 733 0.354220 0.309091 0.031543 0.097727 0.526620 1173.000000 880.000000
0 734 0.354220 0.309091 0.031543 0.097727 0.523590 1173.000000 880.000000
0 735 0.354220 0.307955 0.031543 0.097727 0.534790 1173.000000 880.000000
0 736 0.355072 0.306818 0.031543 0.097727 0.525410 1173.000000 880.000000
0 737 0.355072 0.306818 0.031543 0.097727 0.525410 1173.000000 880.000000
0 738 0.355072 0.305682 0.031543 0.097727 0.535090 1173.000000 880.000000
0 739 0.355072 0.304545 0.031543 0.097727 0.528740 1173.000000 880.000000
0 740 0.355072 0.303409 0.031543 0.097727 0.544160 1173.000000 880.000000
0 741 0.355072 0.303409 0.031543 0.097727 0.545670 1173.000000 880.000000
0 742 0.355925 0.302273 0.031543 0.097727 0.529640 1173.000000 880.000000
0 743 0.355925 0.301136 0.031543 0.097727 0.554140 1173.000000 880.000000
0 744 0.355925 0.301136 0.031543 0.097727 0.539620 1173.000000 880.000000
0 745 0.355925 0.300000 0.031543 0.097727 0.543250 1173.000000 880.000000
0 746 0.355925 0.298864 0.031543 0.097727 0.555960 1173.000000 880.000000
0 747 0.355925 0.297727 0.031543 0.097727 0.550510 1173.000000 880.000000
0 748 0.356777 0.297727 0.031543 0.097727 0.534180 1173.000000 880.000000
0 749 0.356777 0.296591 0.031543 0.097727 0.562920 1173.000000 880.000000
0 750 0.356777 0.295455 0.031543 0.097727 0.551120 1173.000000 880.000000
0 751 0.356777 0.295455 0.031543 0.097727 0.533580 1173.000000 880.000000
0 752 0.356777 0.294318 0.031543 0.097727 0.550210 1173.000000 880.000000
0 753 0.356777 0.293182 0.031543 0.097727 0.542040 1173.000000 880.000000
0 754 0.357630 0.293182 0.031543 0.097727 0.526320 1173.000000 880.000000
0 755 0.356777 0.292045 0.031543 0.097727 0.547490 1173.000000 880.000000
0 756 0.356777 0.290909 0.031543 0.097727 0.553840 1173.000000 880.000000
0 757 0.356777 0.290909 0.031543 0.097727 0.537210 1173.000000 880.000000
0 758 0.356777 0.289773 0.031543 0.097727 0.555350 1173.000000 880.000000
0 759 0.356351 0.288636 0.032396 0.097727 0.544950 1173.000000 880.000000
0 760 0.355925 0.288636 0.031543 0.097727 0.557170 1173.000000 880.000000
0 761 0.355925 0.287500 0.031543 0.097727 0.562310 1173.000000 880.000000
0 762 0.355925 0.286364 0.031543 0.097727 0.575020 1173.000000 880.000000
0 763 0.355925 0.286364 0.031543 0.097727 0.556560 1173.000000 880.000000
0 764 0.355499 0.285227 0.032396 0.097727 0.555560 1173.000000 880.000000
0 765 0.355072 0.284091 0.031543 0.097727 0.587420 1173.000000 880.000000
0 766 0.355072 0.284091 0.031543 0.097727 0.575020 1173.000000 880.000000
0 767 0.355072 0.282955 0.031543 0.097727 0.578950 1173.000000 880.000000
0 768 0.354646 0.281818 0.032396 0.097727 0.577370 1173.000000 880.000000
0 769 0.354646 0.281818 0.032396 0.097727 0.573830 1173.000000 880.000000
0 770 0.354646 0.280682 0.032396 0.097727 0.572940 1173.000000 880.000000
0 771 0.354220 0.279545 0.031543 0.097727 0.571390 1173.000000 880.000000
0 772 0.354220 0.279545 0.031543 0.097727 0.559890 1173.000000 880.000000
0 773 0.353794 0.278409 0.032396 0.097727 0.570290 1173.000000 880.000000
0 774 0.353794 0.277273 0.032396 0.097727 0.570290 1173.000000 880.000000
0 775 0.353794 0.277273 0.032396 0.097727 0.557910 1173.000000 880.000000
0 776 0.353367 0.276136 0.031543 0.097727 0.566240 1173.000000 880.000000
0 777 0.352941 0.275000 0.032396 0.097727 0.566170 1173.000000 880.000000
0 778 0.352941 0.275000 0.032396 0.097727 0.556150 1173.000000 880.000000
0 779 0.352941 0.273864 0.032396 0.097727 0.556150 1173.000000 880.000000
0 780 0.352941 0.272727 0.032396 0.097727 0.555260 1173.000000 880.000000
0 781 0.352941 0.272727 0.032396 0.097727 0.543770 1173.000000 880.000000
0 782 0.352089 0.271591 0.032396 0.097727 0.542880 1173.000000 880.000000
0 783 0.352089 0.270455 0.032396 0.097727 0.543770 1173.000000 880.000000
0 784 0.352089 0.270455 0.032396 0.097727 0.542000 1173.000000 880.000000
0 785 0.352089 0.269318 0.032396 0.097727 0.542000 1173.000000 880.000000
0 786 0.352089 0.269318 0.032396 0.097727 0.530500 1173.000000 880.000000
0 787 0.352089 0.268182 0.032396 0.097727 0.530500 1173.000000 880.000000
0 788 0.352089 0.268182 0.032396 0.097727 0.518420 1173.000000 880.000000
0 789 0.352089 0.267045 0.032396 0.097727 0.518420 1173.000000 880.000000
0 790 0.352089 0.265909 0.032396 0.097727 0.518420 1173.000000 880.000000
0 791 0.352089 0.265909 0.032396 0.097727 0.506930 1173.000000 880.000000
0 792 0.351662 0.264773 0.031543 0.097727 0.517240 1173.000000 880.000000
0 793 0.351662 0.264773 0.031543 0.097727 0.505750 1173.000000 880.000000
0 794 0.351662 0.263636 0.031543 0.097727 0.505750 1173.000000 880.000000
0 795 0.351662 0.263636 0.031543 0.097727 0.494250 1173.000000 880.000000
0 796 0.351662 0.262500 0.031543 0.097727 0.494250 1173.000000 880.000000
0 797 0.351236 0.261364 0.032396 0.097727 0.507220 1173.000000 880.000000
0 798 0.351236 0.261364 0.032396 0.097727 0.496020 1173.000000 880.000000
0 799 0.351236 0.260227 0.032396 0.097727 0.520190 1173.000000 880.000000
0 800 0.351236 0.260227 0.032396 0.097727 0.509280 1173.000000 880.000000
0 801 0.351236 0.259091 0.032396 0.097727 0.509280 1173.000000 880.000000
0 802 0.350810 0.259091 0.031543 0.097727 0.499090 1173.000000 880.000000
0 803 0.350810 0.257955 0.031543 0.097727 0.512700 1173.000000 880.000000
0 804 0.350810 0.256818 0.031543 0.097727 0.513010 1173.000000 880.000000
0 805 0.350810 0.256818 0.031543 0.097727 0.501810 1173.000000 880.000000
0 806 0.350810 0.255682 0.031543 0.097727 0.514820 1173.000000 880.000000
0 807 0.350810 0.255682 0.031543 0.097727 0.503630 1173.000000 880.000000
0 808 0.350810 0.254545 0.031543 0.097727 0.502720 1173.000000 880.000000
0 809 0.350810 0.254545 0.031543 0.097727 0.491230 1173.000000 880.000000
0 810 0.350810 0.253409 0.031543 0.097727 0.504840 1173.000000 880.000000
0 811 0.350810 0.253409 0.031543 0.097727 0.493350 1173.000000 880.000000
0 812 0.350810 0.252273 0.031543 0.097727 0.503330 1173.000000 880.000000
0 813 0.350810 0.251136 0.031543 0.097727 0.505140 1173.000000 880.000000
0 814 0.350810 0.250000 0.031543 0.097727 0.514820 1173.000000 880.000000
0 815 0.350810 0.248864 0.031543 0.097727 0.516640 1173.000000 880.000000
0 816 0.350810 0.247727 0.031543 0.097727 0.526320 1173.000000 880.000000
0 817 0.350810 0.246591 0.031543 0.097727 0.527830 1173.000000 880.000000
0 818 0.350810 0.245455 0.031543 0.097727 0.537210 1173.000000 880.000000
0 819 0.350810 0.244318 0.031543 0.097727 0.539320 1173.000000 880.000000
0 820 0.350810 0.243182 0.031543 0.097727 0.549910 1173.000000 880.000000
0 821 0.350810 0.242045 0.031543 0.097727 0.549910 1173.000000 880.000000
0 822 0.350810 0.240909 0.031543 0.097727 0.549910 1173.000000 880.000000
0 823 0.350810 0.239773 0.031543 0.097727 0.552330 1173.000000 880.000000
0 824 0.350810 0.238636 0.031543 0.097727 0.552330 1173.000000 880.000000
0 825 0.350810 0.237500 0.031543 0.097727 0.552330 1173.000000 880.000000
0 826 0.350810 0.236364 0.031543 0.097727 0.552330 1173.000000 880.000000
0 827 0.350810 0.235227 0.031543 0.097727 0.563820 1173.000000 880.000000
0 828 0.350810 0.234091 0.031543 0.097727 0.563820 1173.000000 880.000000
0 829 0.350810 0.232955 0.031543 0.097727 0.563820 1173.000000 880.000000
0 830 0.350810 0.231818 0.031543 0.097727 0.563820 1173.000000 880.000000
0 831 0.350810 0.230682 0.031543 0.097727 0.565340 1173.000000 880.000000
0 832 0.350810 0.229545 0.031543 0.097727 0.568060 1173.000000 880.000000
0 833 0.349957 0.228409 0.031543 0.097727 0.569870 1173.000000 880.000000
0 834 0.349957 0.227841 0.031543 0.096591 0.573440 1173.000000 880.000000
0 835 0.349957 0.226705 0.031543 0.096591 0.573440 1173.000000 880.000000
0 836 0.349531 0.226136 0.030691 0.095455 0.572020 1173.000000 880.000000
0 837 0.349531 0.225000 0.030691 0.095455 0.572020 1173.000000 880.000000
0 838 0.349105 0.224432 0.031543 0.094318 0.568300 1173.000000 880.000000
0 839 0.348679 0.223295 0.030691 0.094318 0.568850 1173.000000 880.000000
0 840 0.348679 0.223295 0.030691 0.094318 0.560490 1173.000000 880.000000
0 841 0.348679 0.222159 0.030691 0.094318 0.570790 1173.000000 880.000000
0 842 0.348679 0.221591 0.030691 0.093182 0.565610 1173.000000 880.000000
0 843 0.347826 0.220455 0.030691 0.093182 0.567570 1173.000000 880.000000
0 844 0.347826 0.219886 0.030691 0.092045 0.574490 1173.000000 880.000000
0 845 0.347826 0.218750 0.030691 0.092045 0.576470 1173.000000 880.000000
0 846 0.347400 0.218182 0.029838 0.090909 0.572020 1173.000000 880.000000
0 847 0.347400 0.218182 0.029838 0.090909 0.567220 1173.000000 880.000000
0 848 0.346974 0.217045 0.030691 0.090909 0.569900 1173.000000 880.000000
0 849 0.346547 0.216477 0.029838 0.089773 0.572220 1173.000000 880.000000
0 850 0.346547 0.215341 0.029838 0.089773 0.572220 1173.000000 880.000000
0 851 0.346547 0.214773 0.029838 0.088636 0.572430 1173.000000 880.000000
0 852 0.346547 0.213636 0.029838 0.088636 0.580870 1173.000000 880.000000
0 853 0.345695 0.213068 0.029838 0.087500 0.576920 1173.000000 880.000000
0 854 0.345695 0.211932 0.029838 0.087500 0.576920 1173.000000 880.000000
0 855 0.345695 0.211932 0.029838 0.087500 0.571580 1173.000000 880.000000
0 856 0.345269 0.210795 0.028986 0.087500 0.572160 1173.000000 880.000000
0 857 0.345269 0.210227 0.028986 0.086364 0.575510 1173.000000 880.000000
0 858 0.344842 0.209091 0.029838 0.086364 0.568180 1173.000000 880.000000
0 859 0.344416 0.208523 0.028986 0.085227 0.565040 1173.000000 880.000000
0 860 0.344416 0.207386 0.028986 0.085227 0.566540 1173.000000 880.000000
0 861 0.344416 0.206818 0.028986 0.084091 0.556950 1173.000000 880.000000
0 862 0.344416 0.206818 0.028986 0.084091 0.551240 1173.000000 880.000000
0 863 0.344416 0.205682 0.028986 0.084091 0.553900 1173.000000 880.000000
0 864 0.344416 0.204545 0.028986 0.084091 0.550100 1173.000000 880.000000
0 865 0.344416 0.204545 0.028986 0.084091 0.537900 1173.000000 880.000000
0 866 0.344416 0.203409 0.028986 0.084091 0.541330 1173.000000 880.000000
0 867 0.344416 0.203409 0.028986 0.084091 0.524570 1173.000000 880.000000
0 868 0.344416 0.202273 0.028986 0.084091 0.525710 1173.000000 880.000000
0 869 0.344416 0.202273 0.028986 0.084091 0.518100 1173.000000 880.000000
0 870 0.344416 0.201136 0.028986 0.084091 0.522290 1173.000000 880.000000
0 871 0.344416 0.200000 0.028986 0.084091 0.518860 1173.000000 880.000000
0 872 0.344416 0.200000 0.028986 0.084091 0.502100 1173.000000 880.000000
0 873 0.344416 0.198864 0.028986 0.084091 0.504000 1173.000000 880.000000
0 874 0.344416 0.198864 0.028986 0.084091 0.487620 1173.000000 880.000000
0 875 0.344416 0.197727 0.028986 0.084091 0.491810 1173.000000 880.000000
0 876 0.344416 0.197727 0.028986 0.084091 0.481520 1173.000000 880.000000
0 877 0.344416 0.196591 0.028986 0.084091 0.484950 1173.000000 880.000000
0 878 0.344416 0.196591 0.028986 0.084091 0.468190 1173.000000 880.000000
0 879 0.343564 0.195455 0.028986 0.084091 0.478100 1173.000000 880.000000
0 880 0.343564 0.194318 0.028986 0.084091 0.477330 1173.000000 880.000000
0 881 0.343564 0.193182 0.028986 0.084091 0.476190 1173.000000 880.000000
0 882 0.343564 0.192045 0.028986 0.084091 0.483050 1173.000000 880.000000
0 883 0.343564 0.190909 0.028986 0.084091 0.483810 1173.000000 880.000000
0 884 0.342711 0.189773 0.028986 0.084091 0.475810 1173.000000 880.000000
0 885 0.342711 0.188636 0.028986 0.084091 0.483050 1173.000000 880.000000
0 886 0.342711 0.187500 0.028986 0.084091 0.401900 1173.000000 880.000000
0 887 0.342711 0.186364 0.028986 0.084091 0.399240 1173.000000 880.000000
0 888 0.342711 0.185227 0.028986 0.084091 0.403810 1173.000000 880.000000
0 889 0.342711 0.184091 0.028986 0.084091 0.403810 1173.000000 880.000000
0 890 0.341858 0.182955 0.028986 0.084091 0.383620 1173.000000 880.000000
0 891 0.341858 0.181818 0.028986 0.084091 0.380950 1173.000000 880.000000
0 892 0.341858 0.180682 0.028986 0.084091 0.387430 1173.000000 880.000000
0 893 0.341858 0.179545 0.028986 0.084091 0.384000 1173.000000 880.000000
0 894 0.341858 0.178409 0.028986 0.084091 0.384000 1173.000000 880.000000
0 895 0.341858 0.177273 0.028986 0.084091 0.394670 1173.000000 880.000000
0 896 0.341006 0.176136 0.028986 0.084091 0.380570 1173.000000 880.000000
0 897 0.341006 0.175000 0.028986 0.084091 0.380570 1173.000000 880.000000
0 898 0.341006 0.173864 0.028986 0.084091 0.390860 1173.000000 880.000000
0 899 0.341006 0.172727 0.028986 0.084091 0.390860 1173.000000 880.000000
0 900 0.341006 0.171591 0.028986 0.084091 0.390860 1173.000000 880.000000
0 901 0.341006 0.171591 0.028986 0.084091 0.390860 1173.000000 880.000000
0 902 0.340153 0.171023 0.028986 0.085227 0.385710 1173.000000 880.000000
0 903 0.340153 0.171023 0.028986 0.085227 0.493610 1173.000000 880.000000
0 904 0.339727 0.171023 0.029838 0.085227 0.482460 1173.000000 880.000000
0 905 0.339727 0.171023 0.029838 0.085227 0.484280 1173.000000 880.000000
0 906 0.338875 0.171023 0.029838 0.085227 0.491230 1173.000000 880.000000
0 907 0.338875 0.171023 0.029838 0.085227 0.478440 1173.000000 880.000000
0 908 0.338448 0.171591 0.030691 0.086364 0.465780 1173.000000 880.000000
0 909 0.338448 0.171591 0.030691 0.086364 0.458760 1173.000000 880.000000
0 910 0.337596 0.171591 0.030691 0.086364 0.456650 1173.000000 880.000000
0 911 0.337596 0.171591 0.030691 0.086364 0.456650 1173.000000 880.000000
0 912 0.337170 0.171591 0.031543 0.086364 0.443610 1173.000000 880.000000
0 913 0.337170 0.171591 0.031543 0.086364 0.431310 1173.000000 880.000000
0 914 0.337170 0.172159 0.031543 0.087500 0.413290 1173.000000 880.000000
0 915 0.337170 0.171023 0.031543 0.087500 0.424090 1173.000000 880.000000
0 916 0.337170 0.169886 0.031543 0.087500 0.434210 1173.000000 880.000000
0 917 0.337170 0.169886 0.031543 0.087500 0.422400 1173.000000 880.000000
0 918 0.337170 0.168750 0.031543 0.087500 0.431850 1173.000000 880.000000
0 919 0.338022 0.168750 0.031543 0.087500 0.429150 1173.000000 880.000000
0 920 0.338022 0.167614 0.031543 0.087500 0.429150 1173.000000 880.000000
0 921 0.338022 0.167614 0.031543 0.087500 0.421730 1173.000000 880.000000
0 922 0.338022 0.166477 0.031543 0.087500 0.434550 1173.000000 880.000000
0 923 0.338875 0.166477 0.031543 0.087500 0.421730 1173.000000 880.000000
0 924 0.338875 0.165341 0.031543 0.087500 0.429820 1173.000000 880.000000
0 925 0.338875 0.165341 0.031543 0.087500 0.417340 1173.000000 880.000000
0 926 0.338875 0.164205 0.031543 0.087500 0.423750 1173.000000 880.000000
0 927 0.339727 0.164205 0.031543 0.087500 0.412960 1173.000000 880.000000
0 928 0.339727 0.163068 0.031543 0.087500 0.416330 1173.000000 880.000000
0 929 0.339727 0.163068 0.031543 0.087500 0.413290 1173.000000 880.000000
0 930 0.339727 0.161932 0.031543 0.087500 0.417000 1173.000000 880.000000
0 931 0.340580 0.161932 0.031543 0.087500 0.409580 1173.000000 880.000000
0 932 0.340580 0.160795 0.031543 0.087500 0.413630 1173.000000 880.000000
0 933 0.341432 0.159659 0.031543 0.087500 0.413630 1173.000000 880.000000
0 934 0.341858 0.159659 0.032396 0.087500 0.404010 1173.000000 880.000000
0 935 0.342285 0.158523 0.031543 0.087500 0.404520 1173.000000 880.000000
0 936 0.343137 0.157386 0.031543 0.087500 0.408230 1173.000000 880.000000
0 937 0.343564 0.157386 0.032396 0.087500 0.391190 1173.000000 880.000000
0 938 0.343990 0.156250 0.031543 0.087500 0.396090 1173.000000 880.000000
0 939 0.344842 0.156250 0.031543 0.087500 0.384620 1173.000000 880.000000
0 940 0.345269 0.155114 0.032396 0.087500 0.384290 1173.000000 880.000000
0 941 0.345695 0.153977 0.031543 0.087500 0.387990 1173.000000 880.000000
0 942 0.346121 0.153977 0.032396 0.087500 0.374750 1173.000000 880.000000
0 943 0.346974 0.152841 0.032396 0.087500 0.378040 1173.000000 880.000000
0 944 0.347400 0.151705 0.031543 0.087500 0.378540 1173.000000 880.000000
0 945 0.347826 0.151705 0.032396 0.087500 0.368510 1173.000000 880.000000
0 946 0.348679 0.150568 0.032396 0.087500 0.365220 1173.000000 880.000000
0 947 0.349531 0.150568 0.032396 0.087500 0.361930 1173.000000 880.000000
0 948 0.349531 0.149432 0.032396 0.087500 0.364890 1173.000000 880.000000
0 949 0.350384 0.148295 0.032396 0.087500 0.365550 1173.000000 880.000000
0 950 0.350384 0.147159 0.032396 0.087500 0.371790 1173.000000 880.000000
0 951 0.351236 0.147159 0.032396 0.087500 0.365880 1173.000000 880.000000
0 952 0.351236 0.146023 0.032396 0.087500 0.369490 1173.000000 880.000000
0 953 0.352089 0.144886 0.032396 0.087500 0.369490 1173.000000 880.000000
0 954 0.352089 0.144886 0.032396 0.087500 0.363910 1173.000000 880.000000
0 955 0.352941 0.143750 0.032396 0.087500 0.359960 1173.000000 880.000000
0 956 0.352941 0.142614 0.032396 0.087500 0.366860 1173.000000 880.000000
0 957 0.353794 0.141477 0.032396 0.087500 0.369490 1173.000000 880.000000
0 958 0.353794 0.141477 0.032396 0.087500 0.360290 1173.000000 880.000000
0 959 0.354646 0.140341 0.032396 0.087500 0.358320 1173.000000 880.000000
0 960 0.354646 0.139205 0.032396 0.087500 0.369820 1173.000000 880.000000
0 961 0.355499 0.139205 0.032396 0.087500 0.352070 1173.000000 880.000000
0 962 0.355499 0.138068 0.032396 0.087500 0.353060 1173.000000 880.000000
0 963 0.356351 0.136932 0.032396 0.087500 0.355030 1173.000000 880.000000
0 964 0.357204 0.135795 0.032396 0.087500 0.355030 1173.000000 880.000000
0 965 0.358056 0.134659 0.032396 0.087500 0.352400 1173.000000 880.000000
0 966 0.358909 0.133523 0.032396 0.087500 0.358320 1173.000000 880.000000
0 967 0.359761 0.132386 0.032396 0.087500 0.360950 1173.000000 880.000000
0 968 0.360614 0.132386 0.032396 0.087500 0.347800 1173.000000 880.000000
0 969 0.361466 0.131250 0.032396 0.087500 0.355360 1173.000000 880.000000
0 970 0.362319 0.130114 0.032396 0.087500 0.350100 1173.000000 880.000000
0 971 0.363171 0.128977 0.032396 0.087500 0.345170 1173.000000 880.000000
0 972 0.364024 0.127841 0.032396 0.087500 0.357330 1173.000000 880.000000
0 973 0.364876 0.126705 0.032396 0.087500 0.352400 1173.000000 880.000000
0 974 0.365729 0.125568 0.032396 0.087500 0.352070 1173.000000 880.000000
0 975 0.366581 0.125568 0.032396 0.087500 0.351740 1173.000000 880.000000
0 976 0.366581 0.124432 0.032396 0.087500 0.357330 1173.000000 880.000000
0 977 0.367434 0.123295 0.032396 0.087500 0.356670 1173.000000 880.000000
0 978 0.367434 0.123295 0.032396 0.087500 0.356670 1173.000000 880.000000
0 979 0.368286 0.122159 0.032396 0.087500 0.360950 1173.000000 880.000000
0 980 0.369139 0.121023 0.032396 0.087500 0.363250 1173.000000 880.000000
0 981 0.369139 0.121023 0.032396 0.087500 0.358970 1173.000000 880.000000
0 982 0.369991 0.119886 0.032396 0.087500 0.357990 1173.000000 880.000000
0 983 0.370844 0.118750 0.032396 0.087500 0.357000 1173.000000 880.000000
0 984 0.370844 0.118750 0.032396 0.087500 0.343850 1173.000000 880.000000
0 985 0.371697 0.117614 0.032396 0.087500 0.343200 1173.000000 880.000000
0 986 0.372549 0.116477 0.032396 0.087500 0.342540 1173.000000 880.000000
0 987 0.372549 0.116477 0.032396 0.087500 0.330700 1173.000000 880.000000
0 988 0.373402 0.115341 0.032396 0.087500 0.321170 1173.000000 880.000000
0 989 0.374254 0.114205 0.032396 0.087500 0.322160 1173.000000 880.000000
0 990 0.374254 0.114205 0.032396 0.087500 0.301780 1173.000000 880.000000
0 991 0.375107 0.113068 0.032396 0.087500 0.301120 1173.000000 880.000000
0 992 0.375959 0.113068 0.032396 0.087500 0.288950 1173.000000 880.000000
0 993 0.375959 0.111932 0.032396 0.087500 0.280740 1173.000000 880.000000
0 994 0.376812 0.111932 0.032396 0.087500 0.311640 1173.000000 880.000000
0 995 0.377664 0.110795 0.032396 0.087500 0.260360 1173.000000 880.000000
0 996 0.377664 0.110795 0.032396 0.087500 0.309660 1173.000000 880.000000
0 997 0.378517 0.109659 0.032396 0.087500 0.310980 1173.000000 880.000000
0 998 0.379369 0.109659 0.032396 0.087500 0.296190 1173.000000 880.000000
0 999 0.379369 0.108523 0.032396 0.087500 0.296520 1173.000000 880.000000
0 1000 0.380222 0.108523 0.032396 0.087500 0.283370 1173.000000 880.000000
0 1001 0.381074 0.107386 0.032396 0.087500 0.283040 1173.000000 880.000000
0 1002 0.381074 0.107386 0.032396 0.087500 0.270550 1173.000000 880.000000
0 1003 0.381927 0.106250 0.032396 0.087500 0.269230 1173.000000 880.000000
0 1004 0.382779 0.106250 0.032396 0.087500 0.260360 1173.000000 880.000000
0 1005 0.382779 0.105114 0.032396 0.087500 0.260030 1173.000000 880.000000
0 1006 0.383632 0.105114 0.032396 0.087500 0.247210 1173.000000 880.000000
0 1007 0.384484 0.103977 0.032396 0.087500 0.250820 1173.000000 880.000000
0 1008 0.384484 0.103977 0.032396 0.087500 0.238000 1173.000000 880.000000
0 1009 0.385337 0.102841 0.032396 0.087500 0.228800 1173.000000 880.000000
0 1010 0.386189 0.102841 0.032396 0.087500 0.219590 1173.000000 880.000000
0 1011 0.386189 0.101705 0.032396 0.087500 0.219590 1173.000000 880.000000
0 1012 0.387042 0.100568 0.032396 0.087500 0.219590 1173.000000 880.000000
0 1013 0.387042 0.099432 0.032396 0.087500 0.221560 1173.000000 880.000000
0 1014 0.387894 0.098295 0.032396 0.087500 0.221560 1173.000000 880.000000
0 1015 0.387894 0.097159 0.032396 0.087500 0.214000 1173.000000 880.000000
0 1016 0.388747 0.096023 0.032396 0.087500 0.219920 1173.000000 880.000000
0 1017 0.389599 0.094886 0.032396 0.087500 0.222220 1173.000000 880.000000
0 1018 0.389599 0.093750 0.032396 0.087500 0.226500 1173.000000 880.000000
0 1019 0.390452 0.092614 0.032396 0.087500 0.224520 1173.000000 880.000000
0 1020 0.390452 0.091477 0.032396 0.087500 0.224520 1173.000000 880.000000
0 1021 0.391304 0.090341 0.032396 0.087500 0.226820 1173.000000 880.000000
0 1022 0.391304 0.089205 0.032396 0.087500 0.226820 1173.000000 880.000000
0 1023 0.392157 0.088068 0.032396 0.087500 0.229130 1173.000000 880.000000
0 1024 0.393009 0.086932 0.032396 0.087500 0.233730 1173.000000 880.000000
0 1025 0.393009 0.085795 0.032396 0.087500 0.233730 1173.000000 880.000000
0 1026 0.393862 0.084659 0.032396 0.087500 0.236030 1173.000000 880.000000
0 1027 0.393862 0.083523 0.032396 0.087500 0.236030 1173.000000 880.000000
0 1028 0.394714 0.083523 0.032396 0.087500 0.225510 1173.000000 880.000000
0 1029 0.394714 0.082386 0.032396 0.087500 0.225510 1173.000000 880.000000
0 1030 0.395567 0.081250 0.032396 0.087500 0.227810 1173.000000 880.000000
0 1031 0.395567 0.080114 0.032396 0.087500 0.227810 1173.000000 880.000000
0 1032 0.396419 0.080114 0.032396 0.087500 0.217290 1173.000000 880.000000
0 1033 0.396419 0.078977 0.032396 0.087500 0.210060 1173.000000 880.000000
0 1034 0.397272 0.077841 0.032396 0.087500 0.206770 1173.000000 880.000000
0 1035 0.397272 0.076705 0.032396 0.087500 0.204470 1173.000000 880.000000
0 1036 0.398124 0.076705 0.032396 0.087500 0.186390 1173.000000 880.000000
0 1037 0.398124 0.075568 0.032396 0.087500 0.184420 1173.000000 880.000000
0 1038 0.398977 0.074432 0.032396 0.087500 0.184420 1173.000000 880.000000
0 1039 0.399829 0.074432 0.032396 0.087500 0.166010 1173.000000 880.000000
0 1040 0.399829 0.072727 0.032396 0.086364 0.166500 1173.000000 880.000000
0 1041 0.400682 0.071591 0.032396 0.086364 0.166500 1173.000000 880.000000
0 1042 0.400682 0.069886 0.032396 0.085227 0.161270 1173.000000 880.000000
0 1043 0.401535 0.069318 0.032396 0.084091 0.150090 1173.000000 880.000000
0 1044 0.401961 0.067614 0.031543 0.082955 0.151490 1173.000000 880.000000
0 1045 0.402387 0.066477 0.032396 0.082955 0.144490 1173.000000 880.000000
0 1046 0.402813 0.065909 0.031543 0.081818 0.132300 1173.000000 880.000000
0 1047 0.403666 0.064205 0.031543 0.080682 0.128290 1173.000000 880.000000
0 1048 0.403666 0.063068 0.031543 0.080682 0.120610 1173.000000 880.000000
0 1049 0.404518 0.061364 0.031543 0.079545 0.125280 1173.000000 880.000000
0 1050 0.404945 0.060795 0.030691 0.078409 0.112740 1173.000000 880.000000
0 1051 0.405371 0.059659 0.031543 0.078409 0.112410 1173.000000 880.000000
0 1052 0.405797 0.057955 0.030691 0.077273 0.120250 1173.000000 880.000000
0 1053 0.406650 0.057386 0.030691 0.076136 0.117650 1173.000000 880.000000
0 1054 0.406650 0.055682 0.030691 0.075000 0.123440 1173.000000 880.000000
0 1055 0.407502 0.054545 0.030691 0.075000 0.130700 1173.000000 880.000000
0 1056 0.408355 0.053977 0.030691 0.073864 0.123260 1173.000000 880.000000
0 1057 0.408355 0.052841 0.030691 0.073864 0.134320 1173.000000 880.000000
0 1058 0.409207 0.051705 0.030691 0.073864 0.138410 1173.000000 880.000000
0 1059 0.409207 0.050568 0.030691 0.073864 0.135950 1173.000000 880.000000
0 1060 0.410060 0.050568 0.030691 0.073864 0.122850 1173.000000 880.000000
0 1061 0.410060 0.049432 0.030691 0.073864 0.137590 1173.000000 880.000000
0 1062 0.410912 0.048295 0.030691 0.073864 0.137590 1173.000000 880.000000
0 1063 0.411338 0.047159 0.031543 0.073864 0.139150 1173.000000 880.000000
0 1064 0.411765 0.047159 0.030691 0.073864 0.139230 1173.000000 880.000000
0 1065 0.412191 0.046023 0.031543 0.073864 0.137160 1173.000000 880.000000
0 1066 0.412617 0.044886 0.030691 0.073864 0.140870 1173.000000 880.000000
0 1067 0.413043 0.043750 0.031543 0.073864 0.137160 1173.000000 880.000000
0 1068 0.413896 0.043750 0.031543 0.073864 0.122810 1173.000000 880.000000
0 1069 0.413896 0.042614 0.031543 0.073864 0.132780 1173.000000 880.000000
0 1070 0.414749 0.042045 0.031543 0.072727 0.120650 1173.000000 880.000000
0 1071 0.414749 0.041477 0.031543 0.073864 0.120020 1173.000000 880.000000
0 1072 0.415601 0.040909 0.031543 0.072727 0.107690 1173.000000 880.000000
0 1073 0.416454 0.040909 0.031543 0.072727 0.105670 1173.000000 880.000000
0 1074 0.416454 0.039773 0.031543 0.072727 0.099190 1173.000000 880.000000
0 1075 0.417306 0.039773 0.031543 0.072727 0.085020 1173.000000 880.000000
0 1076 0.417306 0.038636 0.031543 0.072727 0.085425 1173.000000 880.000000
0 1077 0.418159 0.038636 0.031543 0.072727 0.071255 1173.000000 880.000000
0 1078 0.419011 0.038068 0.031543 0.071591 0.069901 1173.000000 880.000000
0 1079 0.419011 0.037500 0.031543 0.072727 0.066802 1173.000000 880.000000
0 1080 0.419864 0.036932 0.031543 0.071591 0.054276 1173.000000 880.000000
0 1081 0.420716 0.036932 0.031543 0.071591 0.041941 1173.000000 880.000000
0 1082 0.420716 0.035795 0.031543 0.069318 0.036927 1173.000000 880.000000
0 1083 0.420716 0.035227 0.031543 0.068182 0.028473 1173.000000 880.000000
0 1084 0.421569 0.034659 0.031543 0.067045 0.017105 1173.000000 880.000000
0 1085 0.421569 0.034091 0.031543 0.065909 0.003568 1173.000000 880.000000
0 1086 0.421569 0.033523 0.031543 0.064773 0.002269 1173.000000 880.000000
0 1087 0.422421 0.032955 0.031543 0.063636 0.001847 1173.000000 880.000000
0 1088 0.422421 0.032386 0.031543 0.062500 0.001880 1173.000000 880.000000
0 1089 0.422421 0.031818 0.031543 0.061364 0.001914 1173.000000 880.000000
0 1090 0.423274 0.031250 0.031543 0.060227 0.001949 1173.000000 880.000000
0 1091 0.423274 0.030682 0.031543 0.059091 0.000000 1173.000000 880.000000
0 1092 0.423274 0.030114 0.031543 0.057955 0.000000 1173.000000 880.000000
0 1093 0.424126 0.029545 0.031543 0.056818 0.000000 1173.000000 880.000000
0 1094 0.423274 0.028977 0.031543 0.055682 0.000000 1173.000000 880.000000
0 1095 0.423274 0.028409 0.031543 0.054545 0.000000 1173.000000 880.000000
0 1096 0.423274 0.027841 0.031543 0.053409 0.000000 1173.000000 880.000000
0 1097 0.423274 0.027273 0.031543 0.052273 0.000000 1173.000000 880.000000
0 1098 0.422847 0.027273 0.030691 0.052273 0.000000 1173.000000 880.000000
0 1099 0.422847 0.026705 0.030691 0.051136 0.000000 1173.000000 880.000000
0 1100 0.422421 0.026136 0.031543 0.050000 0.000000 1173.000000 880.000000
0 1101 0.422421 0.025568 0.031543 0.048864 0.000000 1173.000000 880.000000
0 1102 0.421995 0.025568 0.030691 0.048864 0.000000 1173.000000 880.000000
0 1103 0.421995 0.025000 0.030691 0.047727 0.000000 1173.000000 880.000000
0 1104 0.421995 0.024432 0.030691 0.046591 0.000000 1173.000000 880.000000
0 1105 0.421995 0.023864 0.030691 0.045455 0.000000 1173.000000 880.000000
0 1106 0.421995 0.023864 0.030691 0.045455 0.000000 1173.000000 880.000000
0 1107 0.421995 0.023295 0.030691 0.044318 0.000000 1173.000000 880.000000
0 1108 0.421995 0.023295 0.030691 0.044318 0.000000 1173.000000 880.000000
0 1109 0.421995 0.023295 0.030691 0.044318 0.000000 1173.000000 880.000000
0 1110 0.421995 0.022727 0.030691 0.043182 0.000000 1173.000000 880.000000
0 1111 0.421995 0.022727 0.030691 0.043182 0.000000 1173.000000 880.000000
0 1112 0.421995 0.022727 0.030691 0.043182 0.000000 1173.000000 880.000000
0 1113 0.421995 0.022159 0.030691 0.042045 0.000000 1173.000000 880.000000
0 1114 0.421995 0.022159 0.030691 0.042045 0.000000 1173.000000 880.000000
0 1115 0.421995 0.022159 0.030691 0.042045 0.000000 1173.000000 880.000000
0 1116 0.421995 0.021591 0.030691 0.040909 0.000000 1173.000000 880.000000
0 1117 0.421995 0.021591 0.030691 0.040909 0.000000 1173.000000 880.000000
0 1118 0.421995 0.021591 0.030691 0.040909 0.000000 1173.000000 880.000000
0 1119 0.421995 0.021023 0.030691 0.039773 0.000000 1173.000000 880.000000
0 1120 0.421995 0.021023 0.030691 0.039773 0.000000 1173.000000 880.000000
0 1121 0.421995 0.021023 0.030691 0.039773 0.000000 1173.000000 880.000000
0 1122 0.421995 0.020455 0.030691 0.038636 0.000000 1173.000000 880.000000
0 1123 0.422847 0.020455 0.030691 0.038636 0.000000 1173.000000 880.000000
0 1124 0.423700 0.019886 0.030691 0.037500 0.000000 1173.000000 880.000000
0 1125 0.424552 0.019886 0.030691 0.037500 0.000000 1173.000000 880.000000
0 1126 0.425405 0.019318 0.030691 0.036364 0.000000 1173.000000 880.000000
0 1127 0.426257 0.019318 0.030691 0.036364 0.000000 1173.000000 880.000000
0 1128 0.426684 0.018750 0.031543 0.035227 0.000000 1173.000000 880.000000
0 1129 0.427536 0.018750 0.031543 0.035227 0.000000 1173.000000 880.000000
0 1130 0.428389 0.018182 0.031543 0.034091 0.000000 1173.000000 880.000000
0 1131 0.429241 0.018182 0.031543 0.034091 0.000000 1173.000000 880.000000
0 1132 0.430094 0.017614 0.031543 0.032955 0.000000 1173.000000 880.000000
0 1133 0.430946 0.017614 0.031543 0.032955 0.000000 1173.000000 880.000000
0 1134 0.430946 0.017045 0.031543 0.031818 0.000000 1173.000000 880.000000
0 1135 0.431799 0.016477 0.031543 0.030682 0.000000 1173.000000 880.000000
0 1136 0.432651 0.016477 0.031543 0.030682 0.000000 1173.000000 880.000000
0 1137 0.432651 0.015909 0.031543 0.029545 0.000000 1173.000000 880.000000
0 1138 0.433504 0.015341 0.031543 0.028409 0.000000 1173.000000 880.000000
0 1139 0.434356 0.015341 0.031543 0.028409 0.000000 1173.000000 880.000000
0 1140 0.434356 0.014773 0.031543 0.027273 0.000000 1173.000000 880.000000
0 1141 0.435209 0.014205 0.031543 0.026136 0.000000 1173.000000 880.000000
0 1142 0.436061 0.014205 0.031543 0.026136 0.000000 1173.000000 880.000000
0 1143 0.436061 0.013636 0.031543 0.025000 0.000000 1173.000000 880.000000
0 1144 0.436914 0.013068 0.031543 0.023864 0.000000 1173.000000 880.000000
0 1145 0.437766 0.013068 0.031543 0.023864 0.000000 1173.000000 880.000000
0 1146 0.437766 0.012500 0.031543 0.022727 0.000000 1173.000000 880.000000
0 1147 0.437766 0.012500 0.031543 0.022727 0.000000 1173.000000 880.000000
0 1148 0.437766 0.012500 0.031543 0.022727 0.000000 1173.000000 880.000000
0 1149 0.437766 0.012500 0.031543 0.022727 0.000000 1173.000000 880.000000
0 1150 0.437766 0.012500 0.031543 0.022727 0.000000 1173.000000 880.000000
0 1151 0.437766 0.011932 0.031543 0.021591 0.000000 1173.000000 880.000000
0 1152 0.437766 0.011932 0.031543 0.021591 0.000000 1173.000000 880.000000
0 1153 0.437766 0.011932 0.031543 0.021591 0.000000 1173.000000 880.000000
0 1154 0.437766 0.011932 0.031543 0.021591 0.000000 1173.000000 880.000000
0 1155 0.437766 0.011932 0.031543 0.021591 0.000000 1173.000000 880.000000
0 1156 0.437766 0.011932 0.031543 0.021591 0.000000 1173.000000 880.000000
0 1157 0.437766 0.011364 0.031543 0.020455 0.000000 1173.000000 880.000000
0 1158 0.437766 0.011364 0.031543 0.020455 0.000000 1173.000000 880.000000
0 1159 0.437766 0.011364 0.031543 0.020455 0.000000 1173.000000 880.000000
0 1160 0.438193 0.011364 0.032396 0.020455 0.000000 1173.000000 880.000000
0 1161 0.438619 0.010795 0.031543 0.019318 0.000000 1173.000000 880.000000
0 1162 0.438619 0.010795 0.031543 0.019318 0.000000 1173.000000 880.000000
0 1163 0.439045 0.010795 0.032396 0.019318 0.000000 1173.000000 880.000000
0 1164 0.439045 0.010795 0.032396 0.019318 0.000000 1173.000000 880.000000
0 1165 0.439045 0.010795 0.032396 0.019318 0.000000 1173.000000 880.000000
0 1166 0.439471 0.010227 0.031543 0.018182 0.000000 1173.000000 880.000000
0 1167 0.439898 0.010227 0.032396 0.018182 0.000000 1173.000000 880.000000
0 1168 0.439898 0.010227 0.032396 0.018182 0.000000 1173.000000 880.000000
0 1169 0.439898 0.010227 0.032396 0.018182 0.000000 1173.000000 880.000000
0 1170 0.440750 0.010227 0.032396 0.018182 0.000000 1173.000000 880.000000
0 1171 0.440750 0.009659 0.032396 0.017045 0.000000 1173.000000 880.000000
0 1172 0.441603 0.009091 0.032396 0.015909 0.000000 1173.000000 880.000000
0 1173 0.441603 0.008523 0.032396 0.014773 0.000000 1173.000000 880.000000
0 1174 0.442455 0.008523 0.032396 0.014773 0.000000 1173.000000 880.000000
0 1175 0.442455 0.007955 0.032396 0.013636 0.000000 1173.000000 880.000000
0 1176 0.443308 0.007386 0.032396 0.012500 0.000000 1173.000000 880.000000
0 1177 0.443308 0.006818 0.032396 0.011364 0.000000 1173.000000 880.000000
0 1178 0.444160 0.006818 0.032396 0.011364 0.000000 1173.000000 880.000000
