0 2186 0.845269 0.984659 0.038363 0.032955 0.966670 1173.000000 880.000000
0 2187 0.843564 0.983523 0.038363 0.035227 0.968750 1173.000000 880.000000
0 2188 0.842285 0.982955 0.039216 0.036364 0.969700 1173.000000 880.000000
0 2189 0.841006 0.981818 0.040068 0.038636 0.971430 1173.000000 880.000000
0 2190 0.839301 0.981250 0.040068 0.039773 0.951970 1173.000000 880.000000
0 2191 0.838022 0.980114 0.040921 0.042045 0.914070 1173.000000 880.000000
0 2192 0.837170 0.979545 0.040921 0.043182 0.894820 1173.000000 880.000000
0 2193 0.835465 0.978977 0.040921 0.044318 0.855610 1173.000000 880.000000
0 2194 0.834186 0.977841 0.041773 0.046591 0.820000 1173.000000 880.000000
0 2195 0.832907 0.977273 0.042626 0.047727 0.766070 1173.000000 880.000000
0 2196 0.831628 0.976136 0.043478 0.050000 0.733330 1173.000000 880.000000
0 2197 0.829923 0.975568 0.043478 0.051136 0.696070 1173.000000 880.000000
0 2198 0.829071 0.975000 0.043478 0.052273 0.677580 1173.000000 880.000000
0 2199 0.827792 0.973864 0.044331 0.054545 0.646900 1173.000000 880.000000
0 2200 0.826087 0.973295 0.044331 0.055682 0.591700 1173.000000 880.000000
0 2201 0.824808 0.972159 0.045183 0.057955 0.563030 1173.000000 880.000000
0 2202 0.823529 0.971591 0.046036 0.059091 0.535160 1173.000000 880.000000
0 2203 0.822677 0.971023 0.046036 0.060227 0.517510 1173.000000 880.000000
0 2204 0.820546 0.969318 0.046888 0.061364 0.482140 1173.000000 880.000000
0 2205 0.818841 0.968182 0.046888 0.063636 0.428570 1173.000000 880.000000
0 2206 0.817136 0.967045 0.046888 0.065909 0.392860 1173.000000 880.000000
0 2207 0.815431 0.966477 0.046888 0.067045 0.357140 1173.000000 880.000000
0 2208 0.813725 0.965341 0.048593 0.069318 0.327590 1173.000000 880.000000
0 2209 0.812020 0.964205 0.048593 0.071591 0.293100 1173.000000 880.000000
0 2210 0.810315 0.963636 0.048593 0.072727 0.241380 1173.000000 880.000000
0 2211 0.808610 0.962500 0.048593 0.075000 0.206900 1173.000000 880.000000
0 2212 0.806905 0.961364 0.050298 0.077273 0.183330 1173.000000 880.000000
0 2213 0.805200 0.960795 0.050298 0.078409 0.150000 1173.000000 880.000000
0 2214 0.803495 0.959659 0.050298 0.080682 0.116670 1173.000000 880.000000
0 2215 0.801790 0.958523 0.050298 0.082955 0.066667 1173.000000 880.000000
0 2216 0.800512 0.957955 0.051151 0.084091 0.809840 1173.000000 880.000000
0 2217 0.798806 0.956250 0.051151 0.087500 0.798020 1173.000000 880.000000
0 2218 0.797954 0.955114 0.051151 0.089773 0.784020 1173.000000 880.000000
0 2219 0.796249 0.953409 0.051151 0.093182 0.772470 1173.000000 880.000000
0 2220 0.795396 0.952273 0.051151 0.095455 0.765480 1173.000000 880.000000
0 2221 0.793691 0.951136 0.051151 0.097727 0.751270 1173.000000 880.000000
0 2222 0.792839 0.949432 0.051151 0.101136 0.741530 1173.000000 880.000000
0 2223 0.791986 0.948295 0.051151 0.103409 0.735390 1173.000000 880.000000
0 2224 0.790281 0.947159 0.051151 0.105682 0.729510 1173.000000 880.000000
0 2225 0.789429 0.945455 0.051151 0.109091 0.726720 1173.000000 880.000000
0 2226 0.787724 0.944318 0.051151 0.111364 0.707240 1173.000000 880.000000
0 2227 0.786871 0.943182 0.051151 0.113636 0.702000 1173.000000 880.000000
0 2228 0.785166 0.941477 0.051151 0.117045 0.691050 1173.000000 880.000000
0 2229 0.784314 0.940341 0.051151 0.119318 0.686050 1173.000000 880.000000
0 2230 0.783461 0.939205 0.051151 0.121591 0.675930 1173.000000 880.000000
0 2231 0.781756 0.936932 0.051151 0.123864 0.667360 1173.000000 880.000000
0 2232 0.780904 0.935227 0.051151 0.125000 0.665040 1173.000000 880.000000
0 2233 0.779199 0.932955 0.051151 0.127273 0.656460 1173.000000 880.000000
0 2234 0.778346 0.931818 0.051151 0.129545 0.656170 1173.000000 880.000000
0 2235 0.776641 0.930114 0.051151 0.130682 0.644430 1173.000000 880.000000
0 2236 0.775789 0.927841 0.051151 0.132955 0.649900 1173.000000 880.000000
0 2237 0.774084 0.926136 0.051151 0.134091 0.638100 1173.000000 880.000000
0 2238 0.773231 0.925000 0.051151 0.136364 0.643950 1173.000000 880.000000
0 2239 0.771526 0.922727 0.051151 0.138636 0.630150 1173.000000 880.000000
0 2240 0.770673 0.921023 0.051151 0.139773 0.628240 1173.000000 880.000000
0 2241 0.769821 0.919886 0.051151 0.142045 0.634660 1173.000000 880.000000
0 2242 0.768116 0.917045 0.051151 0.140909 0.621510 1173.000000 880.000000
0 2243 0.767263 0.914205 0.051151 0.139773 0.633530 1173.000000 880.000000
0 2244 0.766411 0.911364 0.051151 0.138636 0.630550 1173.000000 880.000000
0 2245 0.764706 0.908523 0.051151 0.137500 0.632360 1173.000000 880.000000
0 2246 0.763001 0.906250 0.051151 0.137500 0.622140 1173.000000 880.000000
0 2247 0.761722 0.903977 0.050298 0.137500 0.610790 1173.000000 880.000000
0 2248 0.760443 0.901705 0.051151 0.137500 0.610720 1173.000000 880.000000
0 2249 0.759165 0.899432 0.050298 0.137500 0.604230 1173.000000 880.000000
0 2250 0.757460 0.897159 0.050298 0.137500 0.599040 1173.000000 880.000000
0 2251 0.755754 0.894886 0.050298 0.137500 0.588390 1173.000000 880.000000
0 2252 0.754902 0.892614 0.050298 0.137500 0.581690 1173.000000 880.000000
0 2253 0.753197 0.890341 0.050298 0.137500 0.576500 1173.000000 880.000000
0 2254 0.751918 0.888068 0.049446 0.137500 0.562100 1173.000000 880.000000
0 2255 0.750213 0.885227 0.049446 0.136364 0.547840 1173.000000 880.000000
0 2256 0.748934 0.882955 0.050298 0.136364 0.537740 1173.000000 880.000000
0 2257 0.747656 0.880682 0.049446 0.136364 0.529350 1173.000000 880.000000
0 2258 0.745951 0.878409 0.049446 0.136364 0.512540 1173.000000 880.000000
0 2259 0.744672 0.876136 0.048593 0.136364 0.504130 1173.000000 880.000000
0 2260 0.743393 0.873864 0.049446 0.136364 0.494330 1173.000000 880.000000
0 2261 0.741688 0.871591 0.049446 0.136364 0.476400 1173.000000 880.000000
0 2262 0.740409 0.869318 0.048593 0.136364 0.467370 1173.000000 880.000000
0 2263 0.738704 0.867045 0.048593 0.136364 0.455830 1173.000000 880.000000
0 2264 0.737852 0.864773 0.048593 0.136364 0.453120 1173.000000 880.000000
0 2265 0.736147 0.862500 0.048593 0.136364 0.441440 1173.000000 880.000000
0 2266 0.734442 0.859659 0.048593 0.135227 0.425860 1173.000000 880.000000
0 2267 0.733163 0.857386 0.047741 0.135227 0.415790 1173.000000 880.000000
0 2268 0.731884 0.855114 0.048593 0.135227 0.406750 1173.000000 880.000000
0 2269 0.730605 0.852841 0.047741 0.135227 0.397080 1173.000000 880.000000
0 2270 0.728900 0.850568 0.047741 0.135227 0.384940 1173.000000 880.000000
0 2271 0.727195 0.848295 0.047741 0.135227 0.380260 1173.000000 880.000000
0 2272 0.726343 0.846023 0.047741 0.135227 0.365790 1173.000000 880.000000
0 2273 0.724638 0.843750 0.047741 0.135227 0.361700 1173.000000 880.000000
0 2274 0.723359 0.841477 0.046888 0.135227 0.350300 1173.000000 880.000000
0 2275 0.721654 0.839205 0.046888 0.135227 0.363100 1173.000000 880.000000
0 2276 0.720801 0.837500 0.046888 0.134091 0.375750 1173.000000 880.000000
0 2277 0.719096 0.834091 0.046888 0.134091 0.403360 1173.000000 880.000000
0 2278 0.718244 0.831818 0.046888 0.134091 0.408610 1173.000000 880.000000
0 2279 0.716539 0.829545 0.046888 0.134091 0.416570 1173.000000 880.000000
0 2280 0.715686 0.827273 0.046888 0.134091 0.409360 1173.000000 880.000000
0 2281 0.713981 0.825000 0.046888 0.134091 0.403960 1173.000000 880.000000
0 2282 0.713129 0.822727 0.046888 0.134091 0.396760 1173.000000 880.000000
0 2283 0.711424 0.820455 0.046888 0.134091 0.403960 1173.000000 880.000000
0 2284 0.710571 0.818182 0.046888 0.134091 0.396760 1173.000000 880.000000
0 2285 0.708866 0.815909 0.046888 0.134091 0.391960 1173.000000 880.000000
0 2286 0.708014 0.813636 0.046888 0.134091 0.384900 1173.000000 880.000000
0 2287 0.706309 0.811364 0.046888 0.134091 0.398860 1173.000000 880.000000
0 2288 0.705456 0.807955 0.046888 0.134091 0.399460 1173.000000 880.000000
0 2289 0.703751 0.805682 0.046888 0.134091 0.394060 1173.000000 880.000000
0 2290 0.702899 0.803409 0.046888 0.134091 0.387150 1173.000000 880.000000
0 2291 0.701194 0.801136 0.046888 0.134091 0.394660 1173.000000 880.000000
0 2292 0.700341 0.798864 0.046888 0.134091 0.387910 1173.000000 880.000000
0 2293 0.698636 0.796591 0.046888 0.134091 0.382350 1173.000000 880.000000
0 2294 0.697783 0.794318 0.046888 0.134091 0.375600 1173.000000 880.000000
0 2295 0.696078 0.792045 0.046888 0.134091 0.377400 1173.000000 880.000000
0 2296 0.695226 0.789773 0.046888 0.134091 0.382800 1173.000000 880.000000
0 2297 0.693521 0.787500 0.046888 0.134091 0.378000 1173.000000 880.000000
0 2298 0.692668 0.785227 0.046888 0.134091 0.370650 1173.000000 880.000000
0 2299 0.691816 0.782955 0.046888 0.134091 0.370650 1173.000000 880.000000
0 2300 0.690963 0.781250 0.046888 0.132955 0.365310 1173.000000 880.000000
0 2301 0.690111 0.778977 0.046888 0.132955 0.365310 1173.000000 880.000000
0 2302 0.689258 0.777841 0.046888 0.132955 0.357140 1173.000000 880.000000
0 2303 0.688406 0.776136 0.046888 0.131818 0.359130 1173.000000 880.000000
0 2304 0.687553 0.773864 0.046888 0.131818 0.359130 1173.000000 880.000000
0 2305 0.686701 0.772159 0.046888 0.130682 0.361150 1173.000000 880.000000
0 2306 0.685848 0.771023 0.046888 0.130682 0.345600 1173.000000 880.000000
0 2307 0.684996 0.768750 0.046888 0.130682 0.340830 1173.000000 880.000000
0 2308 0.684143 0.767045 0.046888 0.129545 0.335090 1173.000000 880.000000
0 2309 0.683291 0.765909 0.046888 0.129545 0.334160 1173.000000 880.000000
0 2310 0.682438 0.763636 0.046888 0.129545 0.329190 1173.000000 880.000000
0 2311 0.681586 0.761932 0.046888 0.128409 0.331300 1173.000000 880.000000
0 2312 0.680733 0.760227 0.046888 0.127273 0.333440 1173.000000 880.000000
0 2313 0.679881 0.758523 0.046888 0.128409 0.325810 1173.000000 880.000000
0 2314 0.679881 0.756818 0.046888 0.127273 0.332650 1173.000000 880.000000
0 2315 0.679028 0.755114 0.046888 0.126136 0.326690 1173.000000 880.000000
0 2316 0.678176 0.753409 0.046888 0.127273 0.327430 1173.000000 880.000000
0 2317 0.677323 0.751705 0.046888 0.126136 0.321430 1173.000000 880.000000
0 2318 0.676471 0.750000 0.046888 0.125000 0.323680 1173.000000 880.000000
0 2319 0.675618 0.747727 0.046888 0.125000 0.327860 1173.000000 880.000000
0 2320 0.674766 0.746591 0.046888 0.125000 0.318850 1173.000000 880.000000
0 2321 0.673913 0.744886 0.046888 0.123864 0.321270 1173.000000 880.000000
0 2322 0.673061 0.742614 0.046888 0.123864 0.325970 1173.000000 880.000000
0 2323 0.672208 0.741477 0.046888 0.123864 0.316880 1173.000000 880.000000
0 2324 0.671355 0.739773 0.046888 0.122727 0.315690 1173.000000 880.000000
0 2325 0.670503 0.737500 0.046888 0.122727 0.324710 1173.000000 880.000000
0 2326 0.669650 0.735795 0.046888 0.121591 0.327050 1173.000000 880.000000
0 2327 0.668798 0.734659 0.046888 0.121591 0.327050 1173.000000 880.000000
0 2328 0.667945 0.732386 0.046888 0.121591 0.348210 1173.000000 880.000000
0 2329 0.667093 0.730682 0.046888 0.120455 0.342120 1173.000000 880.000000
0 2330 0.667093 0.729545 0.046888 0.120455 0.320760 1173.000000 880.000000
0 2331 0.665388 0.727273 0.046888 0.120455 0.333110 1173.000000 880.000000
0 2332 0.664535 0.726136 0.046888 0.120455 0.324100 1173.000000 880.000000
0 2333 0.663683 0.723864 0.046888 0.120455 0.336620 1173.000000 880.000000
0 2334 0.662830 0.722727 0.046888 0.120455 0.327770 1173.000000 880.000000
0 2335 0.661552 0.720455 0.047741 0.120455 0.348250 1173.000000 880.000000
0 2336 0.660273 0.719318 0.046888 0.120455 0.340450 1173.000000 880.000000
0 2337 0.659420 0.717045 0.046888 0.120455 0.353140 1173.000000 880.000000
0 2338 0.658568 0.715909 0.046888 0.120455 0.344630 1173.000000 880.000000
0 2339 0.657715 0.713636 0.046888 0.120455 0.344630 1173.000000 880.000000
0 2340 0.656436 0.712500 0.047741 0.120455 0.347760 1173.000000 880.000000
0 2341 0.655584 0.710227 0.047741 0.120455 0.368750 1173.000000 880.000000
0 2342 0.654305 0.709091 0.046888 0.120455 0.362150 1173.000000 880.000000
0 2343 0.653453 0.706818 0.046888 0.120455 0.362150 1173.000000 880.000000
0 2344 0.652600 0.705682 0.046888 0.120455 0.353970 1173.000000 880.000000
0 2345 0.651321 0.703977 0.047741 0.119318 0.359320 1173.000000 880.000000
0 2346 0.650469 0.702273 0.047741 0.120455 0.370390 1173.000000 880.000000
0 2347 0.649190 0.700568 0.046888 0.119318 0.366580 1173.000000 880.000000
0 2348 0.648338 0.698864 0.046888 0.120455 0.372500 1173.000000 880.000000
0 2349 0.647059 0.697159 0.047741 0.119318 0.377690 1173.000000 880.000000
0 2350 0.646206 0.695455 0.047741 0.120455 0.389080 1173.000000 880.000000
0 2351 0.645354 0.693750 0.047741 0.119318 0.383320 1173.000000 880.000000
0 2352 0.644501 0.692045 0.047741 0.120455 0.381540 1173.000000 880.000000
0 2353 0.643223 0.690341 0.046888 0.119318 0.378370 1173.000000 880.000000
0 2354 0.641944 0.688636 0.047741 0.120455 0.408430 1173.000000 880.000000
0 2355 0.641091 0.686932 0.047741 0.119318 0.389280 1173.000000 880.000000
0 2356 0.640239 0.685227 0.047741 0.120455 0.394980 1173.000000 880.000000
0 2357 0.639386 0.683523 0.047741 0.119318 0.389280 1173.000000 880.000000
0 2358 0.638534 0.682386 0.047741 0.119318 0.375700 1173.000000 880.000000
0 2359 0.637255 0.680114 0.046888 0.119318 0.378370 1173.000000 880.000000
0 2360 0.636402 0.677841 0.046888 0.119318 0.385950 1173.000000 880.000000
0 2361 0.635550 0.675568 0.046888 0.119318 0.372300 1173.000000 880.000000
0 2362 0.634271 0.674432 0.046036 0.119318 0.374790 1173.000000 880.000000
0 2363 0.633419 0.672159 0.046036 0.119318 0.377870 1173.000000 880.000000
0 2364 0.632566 0.669886 0.046036 0.119318 0.355400 1173.000000 880.000000
0 2365 0.631287 0.668750 0.045183 0.119318 0.355000 1173.000000 880.000000
0 2366 0.630435 0.666477 0.045183 0.119318 0.348010 1173.000000 880.000000
0 2367 0.629582 0.664205 0.045183 0.119318 0.335780 1173.000000 880.000000
0 2368 0.628730 0.661932 0.045183 0.119318 0.330190 1173.000000 880.000000
0 2369 0.627451 0.660795 0.044331 0.119318 0.331970 1173.000000 880.000000
0 2370 0.626598 0.658523 0.044331 0.119318 0.338200 1173.000000 880.000000
0 2371 0.625746 0.656250 0.044331 0.119318 0.335170 1173.000000 880.000000
0 2372 0.624467 0.655114 0.043478 0.119318 0.331640 1173.000000 880.000000
0 2373 0.623615 0.652841 0.043478 0.119318 0.330190 1173.000000 880.000000
0 2374 0.622762 0.650568 0.043478 0.119318 0.353770 1173.000000 880.000000
0 2375 0.621910 0.648295 0.043478 0.119318 0.353410 1173.000000 880.000000
0 2376 0.620631 0.647159 0.042626 0.119318 0.355720 1173.000000 880.000000
0 2377 0.619778 0.644886 0.042626 0.119318 0.372730 1173.000000 880.000000
0 2378 0.618926 0.642614 0.042626 0.119318 0.364410 1173.000000 880.000000
0 2379 0.617647 0.641477 0.041773 0.119318 0.355470 1173.000000 880.000000
0 2380 0.616795 0.639205 0.041773 0.119318 0.338870 1173.000000 880.000000
0 2381 0.615942 0.636932 0.041773 0.119318 0.327170 1173.000000 880.000000
0 2382 0.615090 0.635795 0.041773 0.119318 0.308870 1173.000000 880.000000
0 2383 0.614237 0.633523 0.041773 0.119318 0.290190 1173.000000 880.000000
0 2384 0.613384 0.631250 0.041773 0.119318 0.275660 1173.000000 880.000000
0 2385 0.613384 0.628977 0.041773 0.119318 0.261700 1173.000000 880.000000
0 2386 0.612532 0.626705 0.041773 0.119318 0.251320 1173.000000 880.000000
0 2387 0.611679 0.625568 0.041773 0.119318 0.222640 1173.000000 880.000000
0 2388 0.611679 0.623295 0.041773 0.119318 0.224910 1173.000000 880.000000
0 2389 0.610827 0.621023 0.041773 0.119318 0.227550 1173.000000 880.000000
0 2390 0.609974 0.618750 0.041773 0.119318 0.223210 1173.000000 880.000000
0 2391 0.609974 0.616477 0.041773 0.119318 0.229250 1173.000000 880.000000
0 2392 0.609122 0.615341 0.041773 0.119318 0.224720 1173.000000 880.000000
0 2393 0.609122 0.613068 0.041773 0.119318 0.226420 1173.000000 880.000000
0 2394 0.608269 0.610795 0.041773 0.119318 0.221320 1173.000000 880.000000
0 2395 0.607417 0.608523 0.041773 0.119318 0.225660 1173.000000 880.000000
0 2396 0.607417 0.606250 0.041773 0.119318 0.227920 1173.000000 880.000000
0 2397 0.606564 0.605114 0.041773 0.119318 0.222260 1173.000000 880.000000
0 2398 0.605712 0.602841 0.041773 0.119318 0.218110 1173.000000 880.000000
0 2399 0.605712 0.600568 0.041773 0.119318 0.217920 1173.000000 880.000000
0 2400 0.604859 0.598295 0.041773 0.119318 0.221320 1173.000000 880.000000
0 2401 0.604859 0.597159 0.041773 0.119318 0.214150 1173.000000 880.000000
0 2402 0.604007 0.597727 0.041773 0.125000 0.218200 1173.000000 880.000000
0 2403 0.603154 0.598295 0.041773 0.130682 0.225170 1173.000000 880.000000
0 2404 0.602302 0.598864 0.041773 0.136364 0.229420 1173.000000 880.000000
0 2405 0.601876 0.600000 0.040921 0.140909 0.229550 1173.000000 880.000000
