0 335 0.002984 0.614773 0.004263 0.127273 1.000000 1173.000000 880.000000
0 336 0.002984 0.613636 0.004263 0.127273 1.000000 1173.000000 880.000000
0 337 0.003410 0.612500 0.005115 0.127273 1.000000 1173.000000 880.000000
0 338 0.003836 0.612500 0.005968 0.127273 1.000000 1173.000000 880.000000
0 339 0.004263 0.611364 0.006820 0.127273 1.000000 1173.000000 880.000000
0 340 0.004689 0.610227 0.007673 0.127273 1.000000 1173.000000 880.000000
0 341 0.005115 0.609091 0.008525 0.127273 1.000000 1173.000000 880.000000
0 342 0.005115 0.607955 0.008525 0.127273 1.000000 1173.000000 880.000000
0 343 0.005541 0.606818 0.009378 0.127273 1.000000 1173.000000 880.000000
0 344 0.005968 0.605682 0.010230 0.127273 1.000000 1173.000000 880.000000
0 345 0.006394 0.604545 0.011083 0.127273 1.000000 1173.000000 880.000000
0 346 0.006820 0.604545 0.011935 0.127273 1.000000 1173.000000 880.000000
0 347 0.007246 0.603409 0.012788 0.127273 1.000000 1173.000000 880.000000
0 348 0.007246 0.602273 0.012788 0.127273 1.000000 1173.000000 880.000000
0 349 0.007673 0.601136 0.013640 0.127273 1.000000 1173.000000 880.000000
0 350 0.008099 0.600000 0.014493 0.127273 1.000000 1173.000000 880.000000
0 351 0.008525 0.598864 0.015345 0.127273 1.000000 1173.000000 880.000000
0 352 0.008951 0.597727 0.016198 0.127273 1.000000 1173.000000 880.000000
0 353 0.009378 0.596591 0.017050 0.127273 1.000000 1173.000000 880.000000
0 354 0.009804 0.596591 0.017903 0.127273 1.000000 1173.000000 880.000000
0 355 0.009804 0.594318 0.017903 0.127273 1.000000 1173.000000 880.000000
0 356 0.009804 0.593182 0.017903 0.127273 1.000000 1173.000000 880.000000
0 357 0.010230 0.592045 0.018755 0.127273 1.000000 1173.000000 880.000000
0 358 0.010230 0.590909 0.018755 0.127273 1.000000 1173.000000 880.000000
0 359 0.010656 0.589773 0.019608 0.127273 1.000000 1173.000000 880.000000
0 360 0.010656 0.587500 0.019608 0.127273 1.000000 1173.000000 880.000000
0 361 0.010656 0.586364 0.019608 0.127273 1.000000 1173.000000 880.000000
0 362 0.011083 0.585227 0.020460 0.127273 1.000000 1173.000000 880.000000
0 363 0.011083 0.584091 0.020460 0.127273 1.000000 1173.000000 880.000000
0 364 0.011509 0.582955 0.021313 0.127273 1.000000 1173.000000 880.000000
0 365 0.011509 0.580682 0.021313 0.127273 1.000000 1173.000000 880.000000
0 366 0.011509 0.579545 0.021313 0.127273 1.000000 1173.000000 880.000000
0 367 0.011935 0.578409 0.022165 0.127273 1.000000 1173.000000 880.000000
0 368 0.011935 0.577273 0.022165 0.127273 1.000000 1173.000000 880.000000
0 369 0.012361 0.576136 0.023018 0.127273 1.000000 1173.000000 880.000000
0 370 0.012361 0.574432 0.023018 0.126136 1.000000 1173.000000 880.000000
0 371 0.012788 0.573295 0.023870 0.126136 1.000000 1173.000000 880.000000
0 372 0.013214 0.572159 0.024723 0.126136 1.000000 1173.000000 880.000000
0 373 0.013640 0.571023 0.025575 0.126136 1.000000 1173.000000 880.000000
0 374 0.013640 0.569318 0.025575 0.125000 1.000000 1173.000000 880.000000
0 375 0.014066 0.568182 0.026428 0.125000 1.000000 1173.000000 880.000000
0 376 0.014493 0.567045 0.027280 0.125000 1.000000 1173.000000 880.000000
0 377 0.014919 0.565909 0.028133 0.125000 1.000000 1173.000000 880.000000
0 378 0.015345 0.564773 0.028986 0.125000 1.000000 1173.000000 880.000000
0 379 0.015345 0.563068 0.028986 0.123864 1.000000 1173.000000 880.000000
0 380 0.015772 0.561932 0.029838 0.123864 1.000000 1173.000000 880.000000
0 381 0.016198 0.560795 0.030691 0.123864 1.000000 1173.000000 880.000000
0 382 0.016624 0.559659 0.031543 0.123864 0.853590 1173.000000 880.000000
0 383 0.016624 0.557955 0.031543 0.122727 0.853690 1173.000000 880.000000
0 384 0.017050 0.556818 0.032396 0.122727 0.857450 1173.000000 880.000000
0 385 0.017477 0.555682 0.033248 0.122727 0.837840 1173.000000 880.000000
0 386 0.017903 0.554545 0.034101 0.122727 0.841800 1173.000000 880.000000
0 387 0.018329 0.553409 0.034953 0.122727 0.845570 1173.000000 880.000000
0 388 0.018329 0.551705 0.034953 0.121591 0.823630 1173.000000 880.000000
0 389 0.018755 0.550568 0.035806 0.121591 0.827730 1173.000000 880.000000
0 390 0.019182 0.549432 0.036658 0.121591 0.805350 1173.000000 880.000000
0 391 0.019608 0.548295 0.037511 0.121591 0.809880 1173.000000 880.000000
0 392 0.019608 0.546591 0.037511 0.120455 0.789620 1173.000000 880.000000
0 393 0.020034 0.545455 0.038363 0.120455 0.769810 1173.000000 880.000000
0 394 0.020460 0.544318 0.039216 0.120455 0.774710 1173.000000 880.000000
0 395 0.020887 0.543182 0.040068 0.120455 0.756430 1173.000000 880.000000
0 396 0.021739 0.542045 0.040068 0.120455 0.752340 1173.000000 880.000000
0 397 0.021739 0.540909 0.040068 0.120455 0.730920 1173.000000 880.000000
0 398 0.022592 0.539773 0.040068 0.120455 0.750190 1173.000000 880.000000
0 399 0.022592 0.538636 0.040068 0.120455 0.729560 1173.000000 880.000000
0 400 0.023444 0.537500 0.040068 0.120455 0.726250 1173.000000 880.000000
0 401 0.023870 0.536364 0.039216 0.120455 0.720220 1173.000000 880.000000
0 402 0.024297 0.535227 0.040068 0.120455 0.726050 1173.000000 880.000000
0 403 0.024723 0.534091 0.039216 0.120455 0.720820 1173.000000 880.000000
0 404 0.025575 0.532955 0.039216 0.120455 0.720820 1173.000000 880.000000
0 405 0.025575 0.531818 0.039216 0.120455 0.705310 1173.000000 880.000000
0 406 0.026428 0.530682 0.039216 0.120455 0.722610 1173.000000 880.000000
0 407 0.026854 0.529545 0.038363 0.120455 0.716780 1173.000000 880.000000
0 408 0.027280 0.528409 0.039216 0.120455 0.703920 1173.000000 880.000000
0 409 0.027707 0.527273 0.038363 0.120455 0.700120 1173.000000 880.000000
0 410 0.028559 0.526136 0.038363 0.120455 0.718410 1173.000000 880.000000
0 411 0.028559 0.525000 0.038363 0.120455 0.702970 1173.000000 880.000000
0 412 0.029412 0.525000 0.038363 0.120455 0.697680 1173.000000 880.000000
0 413 0.029412 0.523864 0.038363 0.120455 0.681020 1173.000000 880.000000
0 414 0.030264 0.522727 0.038363 0.120455 0.703780 1173.000000 880.000000
0 415 0.030691 0.521591 0.037511 0.120455 0.700310 1173.000000 880.000000
0 416 0.031117 0.520455 0.038363 0.120455 0.686710 1173.000000 880.000000
0 417 0.031543 0.519318 0.037511 0.120455 0.690550 1173.000000 880.000000
0 418 0.032396 0.518182 0.037511 0.120455 0.707790 1173.000000 880.000000
0 419 0.032396 0.517045 0.037511 0.120455 0.691590 1173.000000 880.000000
0 420 0.033248 0.515909 0.037511 0.120455 0.712150 1173.000000 880.000000
0 421 0.033674 0.514773 0.036658 0.120455 0.705610 1173.000000 880.000000
0 422 0.034101 0.513636 0.037511 0.120455 0.691590 1173.000000 880.000000
0 423 0.034527 0.512500 0.036658 0.120455 0.705610 1173.000000 880.000000
0 424 0.035379 0.511364 0.036658 0.120455 0.705610 1173.000000 880.000000
0 425 0.035379 0.510227 0.036658 0.120455 0.705610 1173.000000 880.000000
0 426 0.036232 0.509091 0.036658 0.120455 0.705610 1173.000000 880.000000
0 427 0.037084 0.509091 0.036658 0.120455 0.702630 1173.000000 880.000000
0 428 0.037084 0.507955 0.036658 0.120455 0.702630 1173.000000 880.000000
0 429 0.037937 0.506818 0.036658 0.120455 0.702630 1173.000000 880.000000
0 430 0.037937 0.505682 0.036658 0.120455 0.702630 1173.000000 880.000000
0 431 0.038789 0.504545 0.036658 0.120455 0.702630 1173.000000 880.000000
0 432 0.038789 0.503409 0.036658 0.120455 0.681390 1173.000000 880.000000
0 433 0.039642 0.502273 0.036658 0.120455 0.702630 1173.000000 880.000000
0 434 0.040068 0.501136 0.035806 0.120455 0.695720 1173.000000 880.000000
0 435 0.040494 0.500000 0.036658 0.120455 0.681390 1173.000000 880.000000
0 436 0.040921 0.499432 0.035806 0.121591 0.695520 1173.000000 880.000000
0 437 0.041347 0.498295 0.036658 0.121591 0.681190 1173.000000 880.000000
0 438 0.041773 0.497159 0.035806 0.121591 0.695520 1173.000000 880.000000
0 439 0.042199 0.496023 0.036658 0.121591 0.681190 1173.000000 880.000000
0 440 0.042626 0.495455 0.035806 0.120455 0.670720 1173.000000 880.000000
0 441 0.043478 0.494318 0.035806 0.120455 0.692680 1173.000000 880.000000
0 442 0.043478 0.493182 0.035806 0.120455 0.670720 1173.000000 880.000000
0 443 0.044331 0.492045 0.035806 0.120455 0.692680 1173.000000 880.000000
0 444 0.044331 0.490909 0.035806 0.120455 0.670720 1173.000000 880.000000
0 445 0.045183 0.490341 0.035806 0.121591 0.670540 1173.000000 880.000000
0 446 0.045183 0.489205 0.035806 0.121591 0.670540 1173.000000 880.000000
0 447 0.046036 0.488068 0.035806 0.121591 0.670540 1173.000000 880.000000
0 448 0.046462 0.486932 0.034953 0.121591 0.662700 1173.000000 880.000000
0 449 0.046888 0.485795 0.035806 0.121591 0.670540 1173.000000 880.000000
0 450 0.047315 0.484659 0.034953 0.121591 0.685190 1173.000000 880.000000
0 451 0.047741 0.483523 0.035806 0.121591 0.673770 1173.000000 880.000000
0 452 0.048167 0.482386 0.034953 0.121591 0.688270 1173.000000 880.000000
0 453 0.049020 0.482386 0.034953 0.121591 0.707670 1173.000000 880.000000
0 454 0.049020 0.481250 0.034953 0.121591 0.688270 1173.000000 880.000000
0 455 0.049872 0.480114 0.034953 0.121591 0.710540 1173.000000 880.000000
0 456 0.049872 0.478977 0.034953 0.121591 0.710540 1173.000000 880.000000
0 457 0.050725 0.478977 0.034953 0.121591 0.710540 1173.000000 880.000000
0 458 0.050725 0.477841 0.034953 0.121591 0.710540 1173.000000 880.000000
0 459 0.051577 0.476705 0.034953 0.121591 0.732800 1173.000000 880.000000
0 460 0.052003 0.476705 0.035806 0.121591 0.717270 1173.000000 880.000000
0 461 0.052430 0.475568 0.034953 0.121591 0.732800 1173.000000 880.000000
0 462 0.053282 0.474432 0.034953 0.121591 0.755070 1173.000000 880.000000
0 463 0.053282 0.474432 0.034953 0.121591 0.732800 1173.000000 880.000000
0 464 0.054135 0.473295 0.034953 0.121591 0.755070 1173.000000 880.000000
0 465 0.054561 0.472159 0.035806 0.121591 0.760770 1173.000000 880.000000
0 466 0.054987 0.472159 0.034953 0.121591 0.755070 1173.000000 880.000000
0 467 0.055413 0.471023 0.035806 0.121591 0.760770 1173.000000 880.000000
0 468 0.055840 0.469886 0.034953 0.121591 0.777340 1173.000000 880.000000
0 469 0.056692 0.468750 0.034953 0.121591 0.779540 1173.000000 880.000000
0 470 0.057118 0.468750 0.035806 0.121591 0.782520 1173.000000 880.000000
0 471 0.057545 0.467614 0.034953 0.121591 0.799600 1173.000000 880.000000
0 472 0.057971 0.466477 0.035806 0.121591 0.784670 1173.000000 880.000000
0 473 0.058397 0.466477 0.034953 0.121591 0.799600 1173.000000 880.000000
0 474 0.058824 0.465341 0.035806 0.121591 0.804260 1173.000000 880.000000
0 475 0.059250 0.464205 0.034953 0.121591 0.799600 1173.000000 880.000000
0 476 0.059676 0.464205 0.035806 0.121591 0.802330 1173.000000 880.000000
0 477 0.060529 0.463068 0.035806 0.121591 0.826010 1173.000000 880.000000
0 478 0.060955 0.461932 0.034953 0.121591 0.821870 1173.000000 880.000000
0 479 0.061381 0.461932 0.035806 0.121591 0.824290 1173.000000 880.000000
0 480 0.061807 0.460795 0.034953 0.121591 0.842590 1173.000000 880.000000
0 481 0.062234 0.459659 0.035806 0.121591 0.824290 1173.000000 880.000000
0 482 0.063086 0.458523 0.035806 0.121591 0.847760 1173.000000 880.000000
0 483 0.063086 0.458523 0.035806 0.121591 0.846250 1173.000000 880.000000
0 484 0.063939 0.457386 0.035806 0.121591 0.846250 1173.000000 880.000000
0 485 0.064365 0.456250 0.034953 0.121591 0.865080 1173.000000 880.000000
0 486 0.064791 0.456250 0.035806 0.121591 0.866930 1173.000000 880.000000
0 487 0.065644 0.455114 0.035806 0.121591 0.868220 1173.000000 880.000000
0 488 0.065644 0.453977 0.035806 0.121591 0.868220 1173.000000 880.000000
0 489 0.066496 0.453977 0.035806 0.121591 0.889100 1173.000000 880.000000
0 490 0.066496 0.452841 0.035806 0.121591 0.866930 1173.000000 880.000000
0 491 0.067349 0.451705 0.035806 0.121591 0.889100 1173.000000 880.000000
0 492 0.068201 0.451705 0.035806 0.121591 0.911280 1173.000000 880.000000
0 493 0.068201 0.450568 0.035806 0.121591 0.889100 1173.000000 880.000000
0 494 0.069054 0.449432 0.035806 0.121591 0.911280 1173.000000 880.000000
0 495 0.069054 0.448864 0.035806 0.120455 0.910450 1173.000000 880.000000
0 496 0.069906 0.447727 0.035806 0.120455 0.910450 1173.000000 880.000000
0 497 0.069906 0.446591 0.035806 0.120455 0.911320 1173.000000 880.000000
0 498 0.070759 0.446591 0.035806 0.120455 0.932840 1173.000000 880.000000
0 499 0.070759 0.445455 0.035806 0.120455 0.910450 1173.000000 880.000000
0 500 0.071611 0.444318 0.035806 0.120455 0.932840 1173.000000 880.000000
0 501 0.071611 0.443750 0.035806 0.119318 0.910490 1173.000000 880.000000
0 502 0.072464 0.442614 0.035806 0.119318 0.932870 1173.000000 880.000000
0 503 0.072464 0.441477 0.035806 0.119318 0.932870 1173.000000 880.000000
0 504 0.073316 0.441477 0.035806 0.119318 0.954800 1173.000000 880.000000
0 505 0.073316 0.440341 0.035806 0.119318 0.954800 1173.000000 880.000000
0 506 0.074169 0.439205 0.035806 0.119318 0.977400 1173.000000 880.000000
0 507 0.074169 0.438636 0.035806 0.118182 0.977190 1173.000000 880.000000
0 508 0.075021 0.437500 0.035806 0.118182 0.977190 1173.000000 880.000000
0 509 0.075021 0.436364 0.035806 0.118182 0.977190 1173.000000 880.000000
0 510 0.075874 0.436364 0.035806 0.118182 1.000000 1173.000000 880.000000
0 511 0.076726 0.435227 0.035806 0.118182 1.000000 1173.000000 880.000000
0 512 0.076726 0.434091 0.035806 0.118182 1.000000 1173.000000 880.000000
0 513 0.077579 0.433523 0.035806 0.117045 1.000000 1173.000000 880.000000
0 514 0.077579 0.432386 0.035806 0.117045 1.000000 1173.000000 880.000000
0 515 0.078431 0.431250 0.035806 0.117045 1.000000 1173.000000 880.000000
0 516 0.078431 0.431250 0.035806 0.117045 1.000000 1173.000000 880.000000
0 517 0.079284 0.430114 0.035806 0.117045 1.000000 1173.000000 880.000000
0 518 0.079284 0.428977 0.035806 0.117045 1.000000 1173.000000 880.000000
0 519 0.080136 0.428409 0.035806 0.115909 1.000000 1173.000000 880.000000
0 520 0.080136 0.427273 0.035806 0.115909 1.000000 1173.000000 880.000000
0 521 0.080989 0.426136 0.035806 0.115909 1.000000 1173.000000 880.000000
0 522 0.080989 0.426136 0.035806 0.115909 1.000000 1173.000000 880.000000
0 523 0.081841 0.425000 0.035806 0.115909 1.000000 1173.000000 880.000000
0 524 0.081841 0.423864 0.035806 0.115909 1.000000 1173.000000 880.000000
0 525 0.082694 0.423295 0.035806 0.114773 1.000000 1173.000000 880.000000
0 526 0.082694 0.422159 0.035806 0.114773 1.000000 1173.000000 880.000000
0 527 0.083546 0.421023 0.035806 0.114773 1.000000 1173.000000 880.000000
0 528 0.084399 0.421023 0.035806 0.114773 1.000000 1173.000000 880.000000
0 529 0.084399 0.419886 0.035806 0.114773 1.000000 1173.000000 880.000000
0 530 0.084399 0.418750 0.035806 0.114773 1.000000 1173.000000 880.000000
0 531 0.084399 0.417614 0.035806 0.114773 1.000000 1173.000000 880.000000
0 532 0.084399 0.417614 0.035806 0.114773 1.000000 1173.000000 880.000000
0 533 0.084399 0.416477 0.035806 0.114773 1.000000 1173.000000 880.000000
0 534 0.084399 0.415341 0.035806 0.114773 1.000000 1173.000000 880.000000
0 535 0.084399 0.414773 0.035806 0.115909 1.000000 1173.000000 880.000000
0 536 0.084399 0.414205 0.035806 0.114773 1.000000 1173.000000 880.000000
0 537 0.084399 0.413068 0.035806 0.114773 1.000000 1173.000000 880.000000
0 538 0.084399 0.412500 0.035806 0.115909 1.000000 1173.000000 880.000000
0 539 0.084399 0.411364 0.035806 0.115909 1.000000 1173.000000 880.000000
0 540 0.084399 0.410795 0.035806 0.114773 1.000000 1173.000000 880.000000
0 541 0.084399 0.410227 0.035806 0.115909 1.000000 1173.000000 880.000000
0 542 0.084399 0.409091 0.035806 0.115909 1.000000 1173.000000 880.000000
0 543 0.084399 0.408523 0.035806 0.114773 1.000000 1173.000000 880.000000
0 544 0.084399 0.407386 0.035806 0.114773 1.000000 1173.000000 880.000000
0 545 0.084399 0.406818 0.035806 0.115909 1.000000 1173.000000 880.000000
0 546 0.084399 0.405682 0.035806 0.115909 1.000000 1173.000000 880.000000
0 547 0.084399 0.405114 0.035806 0.114773 1.000000 1173.000000 880.000000
0 548 0.084399 0.404545 0.035806 0.115909 1.000000 1173.000000 880.000000
0 549 0.084399 0.403409 0.035806 0.115909 1.000000 1173.000000 880.000000
0 550 0.084399 0.402273 0.035806 0.115909 1.000000 1173.000000 880.000000
0 551 0.084399 0.402273 0.035806 0.115909 1.000000 1173.000000 880.000000
0 552 0.084399 0.401136 0.035806 0.115909 1.000000 1173.000000 880.000000
0 553 0.084399 0.400000 0.035806 0.115909 1.000000 1173.000000 880.000000
0 554 0.084399 0.400000 0.035806 0.115909 1.000000 1173.000000 880.000000
0 555 0.084399 0.398864 0.035806 0.115909 1.000000 1173.000000 880.000000
0 556 0.084399 0.398864 0.035806 0.115909 1.000000 1173.000000 880.000000
0 557 0.085251 0.398295 0.035806 0.114773 0.872780 1173.000000 880.000000
0 558 0.085251 0.398295 0.035806 0.114773 0.851570 1173.000000 880.000000
0 559 0.085678 0.397727 0.034953 0.115909 1.000000 1173.000000 880.000000
0 560 0.086104 0.397159 0.035806 0.114773 0.851570 1173.000000 880.000000
0 561 0.086104 0.397159 0.035806 0.114773 0.851570 1173.000000 880.000000
0 562 0.086530 0.396591 0.034953 0.113636 0.869870 1173.000000 880.000000
0 563 0.086957 0.396023 0.035806 0.114773 0.853170 1173.000000 880.000000
0 564 0.087383 0.396023 0.034953 0.114773 0.869750 1173.000000 880.000000
0 565 0.087383 0.395455 0.034953 0.113636 0.848180 1173.000000 880.000000
0 566 0.087809 0.395455 0.035806 0.113636 0.851720 1173.000000 880.000000
0 567 0.088235 0.394318 0.034953 0.113636 0.849830 1173.000000 880.000000
0 568 0.088235 0.394318 0.034953 0.113636 0.848180 1173.000000 880.000000
0 569 0.089088 0.394318 0.034953 0.113636 0.869870 1173.000000 880.000000
0 570 0.089088 0.393750 0.034953 0.112500 0.848330 1173.000000 880.000000
0 571 0.089088 0.393750 0.034953 0.112500 0.848330 1173.000000 880.000000
0 572 0.089940 0.392614 0.034953 0.112500 0.848330 1173.000000 880.000000
0 573 0.089940 0.392614 0.034953 0.112500 0.848330 1173.000000 880.000000
0 574 0.090367 0.392614 0.034101 0.112500 0.844630 1173.000000 880.000000
0 575 0.090793 0.392045 0.034953 0.111364 0.848480 1173.000000 880.000000
0 576 0.090793 0.391477 0.034953 0.112500 0.828570 1173.000000 880.000000
0 577 0.091219 0.390909 0.034101 0.111364 0.844790 1173.000000 880.000000
0 578 0.091645 0.390909 0.034953 0.111364 0.826840 1173.000000 880.000000
0 579 0.092072 0.390909 0.034101 0.111364 0.844790 1173.000000 880.000000
0 580 0.092072 0.389773 0.034101 0.111364 0.822620 1173.000000 880.000000
0 581 0.092498 0.389773 0.034953 0.111364 0.805190 1173.000000 880.000000
0 582 0.092924 0.389205 0.034101 0.110227 0.822800 1173.000000 880.000000
0 583 0.092924 0.389205 0.034101 0.110227 0.800650 1173.000000 880.000000
0 584 0.093777 0.389205 0.034101 0.110227 0.798410 1173.000000 880.000000
0 585 0.093777 0.388068 0.034101 0.110227 0.800650 1173.000000 880.000000
0 586 0.093777 0.388068 0.034101 0.110227 0.778500 1173.000000 880.000000
0 587 0.094629 0.386932 0.034101 0.110227 0.778500 1173.000000 880.000000
0 588 0.094629 0.386932 0.034101 0.110227 0.778500 1173.000000 880.000000
0 589 0.095482 0.386932 0.034101 0.110227 0.778500 1173.000000 880.000000
0 590 0.095482 0.385795 0.034101 0.110227 0.780990 1173.000000 880.000000
0 591 0.095908 0.385795 0.033248 0.110227 0.772960 1173.000000 880.000000
0 592 0.096334 0.385795 0.034101 0.110227 0.756350 1173.000000 880.000000
0 593 0.096760 0.384659 0.033248 0.110227 0.775510 1173.000000 880.000000
0 594 0.097187 0.384659 0.034101 0.110227 1.000000 1173.000000 880.000000
0 595 0.097613 0.384659 0.033248 0.110227 1.000000 1173.000000 880.000000
0 596 0.097613 0.383523 0.033248 0.110227 1.000000 1173.000000 880.000000
0 597 0.098465 0.383523 0.033248 0.110227 1.000000 1173.000000 880.000000
0 598 0.098465 0.383523 0.033248 0.110227 1.000000 1173.000000 880.000000
0 599 0.099318 0.382386 0.033248 0.110227 1.000000 1173.000000 880.000000
0 600 0.099318 0.382386 0.033248 0.110227 1.000000 1173.000000 880.000000
0 601 0.100171 0.382386 0.033248 0.110227 1.000000 1173.000000 880.000000
0 602 0.100171 0.381250 0.033248 0.110227 1.000000 1173.000000 880.000000
0 603 0.100171 0.380682 0.033248 0.109091 1.000000 1173.000000 880.000000
0 604 0.100171 0.380114 0.033248 0.107955 1.000000 1173.000000 880.000000
0 605 0.100171 0.379545 0.033248 0.106818 1.000000 1173.000000 880.000000
0 606 0.100171 0.378977 0.033248 0.105682 0.648940 1173.000000 880.000000
0 607 0.101023 0.377841 0.033248 0.105682 0.648940 1173.000000 880.000000
0 608 0.101023 0.377273 0.033248 0.104545 0.621510 1173.000000 880.000000
0 609 0.101023 0.376705 0.033248 0.103409 0.617390 1173.000000 880.000000
0 610 0.101023 0.376136 0.033248 0.102273 0.589010 1173.000000 880.000000
0 611 0.101023 0.375568 0.033248 0.101136 0.560000 1173.000000 880.000000
0 612 0.101876 0.374432 0.033248 0.101136 0.560000 1173.000000 880.000000
0 613 0.101876 0.373864 0.033248 0.100000 0.555060 1173.000000 880.000000
0 614 0.101876 0.373295 0.033248 0.098864 0.525000 1173.000000 880.000000
0 615 0.101876 0.372727 0.033248 0.097727 0.500000 1173.000000 880.000000
0 616 0.101876 0.372159 0.033248 0.096591 0.475000 1173.000000 880.000000
0 617 0.102728 0.372159 0.033248 0.096591 0.500000 1173.000000 880.000000
0 618 0.102728 0.371023 0.033248 0.096591 0.500000 1173.000000 880.000000
0 619 0.102728 0.369886 0.033248 0.096591 0.475000 1173.000000 880.000000
0 620 0.103581 0.368750 0.033248 0.096591 0.500000 1173.000000 880.000000
0 621 0.103581 0.367614 0.033248 0.096591 0.481100 1173.000000 880.000000
0 622 0.104433 0.367045 0.033248 0.095455 0.500000 1173.000000 880.000000
0 623 0.104433 0.365909 0.033248 0.095455 0.481180 1173.000000 880.000000
0 624 0.105286 0.364773 0.033248 0.095455 0.505880 1173.000000 880.000000
0 625 0.105286 0.363636 0.033248 0.095455 0.487350 1173.000000 880.000000
0 626 0.106138 0.363068 0.033248 0.094318 0.511900 1173.000000 880.000000
0 627 0.106138 0.361932 0.033248 0.094318 0.511900 1173.000000 880.000000
0 628 0.106991 0.360795 0.033248 0.094318 0.517860 1173.000000 880.000000
0 629 0.106991 0.359659 0.033248 0.094318 0.517860 1173.000000 880.000000
0 630 0.107843 0.359091 0.033248 0.093182 0.518070 1173.000000 880.000000
0 631 0.107843 0.357955 0.033248 0.093182 0.524100 1173.000000 880.000000
0 632 0.108696 0.356818 0.033248 0.093182 0.524100 1173.000000 880.000000
0 633 0.108696 0.355682 0.033248 0.093182 0.530120 1173.000000 880.000000
0 634 0.109548 0.355114 0.033248 0.092045 0.524390 1173.000000 880.000000
0 635 0.109548 0.353977 0.033248 0.092045 0.530490 1173.000000 880.000000
0 636 0.109548 0.352841 0.033248 0.092045 0.513410 1173.000000 880.000000
0 637 0.110401 0.351705 0.033248 0.092045 0.530490 1173.000000 880.000000
0 638 0.110401 0.350568 0.033248 0.092045 0.530490 1173.000000 880.000000
0 639 0.111253 0.350000 0.033248 0.090909 0.548460 1173.000000 880.000000
0 640 0.111253 0.348864 0.033248 0.090909 0.548460 1173.000000 880.000000
0 641 0.112106 0.347727 0.033248 0.090909 0.572220 1173.000000 880.000000
0 642 0.112106 0.346591 0.033248 0.090909 0.572220 1173.000000 880.000000
0 643 0.112958 0.346023 0.033248 0.089773 0.590940 1173.000000 880.000000
0 644 0.112958 0.344886 0.033248 0.089773 0.590940 1173.000000 880.000000
0 645 0.113811 0.343750 0.033248 0.089773 0.615000 1173.000000 880.000000
0 646 0.113811 0.342614 0.033248 0.089773 0.615000 1173.000000 880.000000
0 647 0.114663 0.342045 0.033248 0.088636 0.634490 1173.000000 880.000000
0 648 0.114663 0.340909 0.033248 0.088636 0.634490 1173.000000 880.000000
0 649 0.115516 0.339773 0.033248 0.088636 0.654430 1173.000000 880.000000
0 650 0.115516 0.338636 0.033248 0.088636 0.654430 1173.000000 880.000000
0 651 0.116368 0.338068 0.033248 0.087500 0.675000 1173.000000 880.000000
0 652 0.116368 0.335795 0.033248 0.087500 0.679170 1173.000000 880.000000
0 653 0.117221 0.334659 0.033248 0.087500 0.703850 1173.000000 880.000000
0 654 0.118073 0.333523 0.033248 0.087500 0.728530 1173.000000 880.000000
0 655 0.118926 0.332386 0.033248 0.087500 0.753210 1173.000000 880.000000
0 656 0.119778 0.331250 0.033248 0.087500 0.777880 1173.000000 880.000000
0 657 0.120631 0.330114 0.033248 0.087500 0.802560 1173.000000 880.000000
0 658 0.120631 0.328409 0.033248 0.088636 0.805060 1173.000000 880.000000
0 659 0.121483 0.327273 0.033248 0.088636 0.829430 1173.000000 880.000000
0 660 0.122336 0.326136 0.033248 0.088636 0.853800 1173.000000 880.000000
0 661 0.123188 0.325000 0.033248 0.088636 0.853800 1173.000000 880.000000
0 662 0.124041 0.323864 0.033248 0.088636 0.878160 1173.000000 880.000000
0 663 0.124893 0.322727 0.033248 0.088636 0.902530 1173.000000 880.000000
0 664 0.124893 0.321591 0.033248 0.088636 0.902530 1173.000000 880.000000
0 665 0.125746 0.321023 0.033248 0.089773 0.902500 1173.000000 880.000000
0 666 0.126172 0.319886 0.032396 0.089773 0.921790 1173.000000 880.000000
0 667 0.126598 0.319318 0.033248 0.090909 0.923460 1173.000000 880.000000
0 668 0.127451 0.318182 0.033248 0.090909 0.923460 1173.000000 880.000000
0 669 0.127877 0.317614 0.032396 0.092045 0.941210 1173.000000 880.000000
0 670 0.128303 0.316477 0.033248 0.092045 0.943290 1173.000000 880.000000
0 671 0.128730 0.315909 0.032396 0.093182 0.960770 1173.000000 880.000000
0 672 0.129582 0.314773 0.032396 0.093182 0.959840 1173.000000 880.000000
0 673 0.130435 0.314773 0.032396 0.093182 0.983320 1173.000000 880.000000
0 674 0.130435 0.313636 0.032396 0.093182 0.977760 1173.000000 880.000000
0 675 0.131287 0.313068 0.032396 0.094318 0.976800 1173.000000 880.000000
0 676 0.131714 0.311932 0.031543 0.094318 0.982140 1173.000000 880.000000
0 677 0.132140 0.311364 0.032396 0.095455 0.975870 1173.000000 880.000000
0 678 0.132992 0.310227 0.032396 0.095455 0.975870 1173.000000 880.000000
0 679 0.133419 0.309659 0.031543 0.096591 0.974300 1173.000000 880.000000
0 680 0.133845 0.308523 0.032396 0.096591 0.974960 1173.000000 880.000000
0 681 0.134271 0.307955 0.031543 0.097727 0.973380 1173.000000 880.000000
0 682 0.135124 0.306818 0.031543 0.097727 0.980040 1173.000000 880.000000
0 683 0.135976 0.306818 0.031543 0.097727 0.979130 1173.000000 880.000000
0 684 0.135976 0.305682 0.031543 0.097727 0.972170 1173.000000 880.000000
0 685 0.136829 0.304545 0.031543 0.097727 0.979130 1173.000000 880.000000
0 686 0.136829 0.303409 0.031543 0.097727 0.972170 1173.000000 880.000000
0 687 0.137681 0.302273 0.031543 0.097727 0.979130 1173.000000 880.000000
0 688 0.138534 0.302273 0.031543 0.097727 0.978220 1173.000000 880.000000
0 689 0.138534 0.301136 0.031543 0.097727 0.970960 1173.000000 880.000000
0 690 0.139386 0.300000 0.031543 0.097727 0.978220 1173.000000 880.000000
0 691 0.140239 0.298864 0.031543 0.097727 0.978220 1173.000000 880.000000
0 692 0.140239 0.297727 0.031543 0.097727 0.978220 1173.000000 880.000000
0 693 0.141091 0.297727 0.031543 0.097727 0.977310 1173.000000 880.000000
0 694 0.141091 0.296591 0.031543 0.097727 0.969750 1173.000000 880.000000
0 695 0.141944 0.295455 0.031543 0.097727 0.977310 1173.000000 880.000000
0 696 0.142796 0.294318 0.031543 0.097727 0.977310 1173.000000 880.000000
0 697 0.142796 0.293182 0.031543 0.097727 0.969750 1173.000000 880.000000
0 698 0.143649 0.293182 0.031543 0.097727 0.968540 1173.000000 880.000000
0 699 0.144501 0.292045 0.031543 0.097727 0.968540 1173.000000 880.000000
0 700 0.144501 0.290909 0.031543 0.097727 0.960680 1173.000000 880.000000
0 701 0.145354 0.289773 0.031543 0.097727 0.962190 1173.000000 880.000000
0 702 0.146206 0.289773 0.031543 0.097727 0.968540 1173.000000 880.000000
0 703 0.146206 0.288636 0.031543 0.097727 0.960680 1173.000000 880.000000
0 704 0.146206 0.288068 0.031543 0.096591 0.952260 1173.000000 880.000000
0 705 0.146633 0.287500 0.030691 0.097727 0.949670 1173.000000 880.000000
0 706 0.146633 0.286932 0.030691 0.096591 0.940600 1173.000000 880.000000
0 707 0.147059 0.286932 0.031543 0.096591 0.931460 1173.000000 880.000000
0 708 0.147485 0.285795 0.030691 0.096591 0.932120 1173.000000 880.000000
0 709 0.147485 0.285227 0.030691 0.095455 0.931320 1173.000000 880.000000
0 710 0.147485 0.285227 0.030691 0.095455 0.919870 1173.000000 880.000000
0 711 0.148338 0.284091 0.030691 0.095455 0.919870 1173.000000 880.000000
0 712 0.148338 0.284091 0.030691 0.095455 0.907790 1173.000000 880.000000
0 713 0.148338 0.283523 0.030691 0.094318 0.897360 1173.000000 880.000000
0 714 0.148764 0.282386 0.029838 0.094318 0.894510 1173.000000 880.000000
0 715 0.149190 0.282386 0.030691 0.094318 0.888030 1173.000000 880.000000
0 716 0.149190 0.281818 0.030691 0.093182 0.886680 1173.000000 880.000000
0 717 0.149616 0.281250 0.029838 0.094318 0.880950 1173.000000 880.000000
0 718 0.149616 0.280682 0.029838 0.093182 0.873830 1173.000000 880.000000
0 719 0.150043 0.280682 0.030691 0.093182 0.863240 1173.000000 880.000000
0 720 0.150469 0.279545 0.029838 0.093182 0.859440 1173.000000 880.000000
0 721 0.150469 0.278977 0.029838 0.092045 0.852640 1173.000000 880.000000
0 722 0.150469 0.278977 0.029838 0.092045 0.821140 1173.000000 880.000000
0 723 0.151321 0.277841 0.029838 0.092045 0.831640 1173.000000 880.000000
0 724 0.151321 0.277841 0.029838 0.092045 0.804880 1173.000000 880.000000
0 725 0.151321 0.277273 0.029838 0.090909 0.792870 1173.000000 880.000000
0 726 0.151748 0.276136 0.028986 0.090909 0.792950 1173.000000 880.000000
0 727 0.152174 0.276136 0.029838 0.090909 0.766460 1173.000000 880.000000
0 728 0.152174 0.275568 0.029838 0.089773 0.754170 1173.000000 880.000000
0 729 0.152600 0.275000 0.028986 0.090909 0.749210 1173.000000 880.000000
0 730 0.152600 0.274432 0.028986 0.089773 0.730710 1173.000000 880.000000
0 731 0.153453 0.274432 0.028986 0.089773 0.723930 1173.000000 880.000000
0 732 0.153453 0.273295 0.028986 0.089773 0.720000 1173.000000 880.000000
0 733 0.153453 0.273295 0.028986 0.089773 0.685360 1173.000000 880.000000
0 734 0.154305 0.272159 0.028986 0.089773 0.692860 1173.000000 880.000000
0 735 0.154305 0.272159 0.028986 0.089773 0.660000 1173.000000 880.000000
0 736 0.154305 0.271023 0.028986 0.089773 0.648930 1173.000000 880.000000
0 737 0.155158 0.271023 0.028986 0.089773 0.676070 1173.000000 880.000000
0 738 0.155158 0.271023 0.028986 0.089773 0.640710 1173.000000 880.000000
0 739 0.155158 0.269886 0.028986 0.089773 0.631430 1173.000000 880.000000
0 740 0.156010 0.269886 0.028986 0.089773 0.647140 1173.000000 880.000000
0 741 0.156010 0.268750 0.028986 0.089773 0.620000 1173.000000 880.000000
0 742 0.156010 0.268750 0.028986 0.089773 0.608570 1173.000000 880.000000
0 743 0.156863 0.268750 0.028986 0.089773 0.616790 1173.000000 880.000000
0 744 0.156863 0.267614 0.028986 0.089773 0.601430 1173.000000 880.000000
0 745 0.156863 0.267614 0.028986 0.089773 0.589640 1173.000000 880.000000
0 746 0.157715 0.266477 0.028986 0.089773 0.605000 1173.000000 880.000000
0 747 0.157715 0.266477 0.028986 0.089773 0.570000 1173.000000 880.000000
0 748 0.158568 0.266477 0.028986 0.089773 0.585000 1173.000000 880.000000
0 749 0.158568 0.265341 0.028986 0.089773 0.572860 1173.000000 880.000000
0 750 0.158568 0.265341 0.028986 0.089773 0.545710 1173.000000 880.000000
0 751 0.159420 0.264205 0.028986 0.089773 0.566070 1173.000000 880.000000
0 752 0.159420 0.264205 0.028986 0.089773 0.542860 1173.000000 880.000000
0 753 0.159420 0.263068 0.028986 0.089773 0.530710 1173.000000 880.000000
0 754 0.160273 0.263068 0.028986 0.089773 0.533930 1173.000000 880.000000
0 755 0.160273 0.263068 0.028986 0.089773 0.525000 1173.000000 880.000000
0 756 0.160273 0.261932 0.028986 0.089773 0.500000 1173.000000 880.000000
0 757 0.161125 0.261932 0.028986 0.089773 0.486430 1173.000000 880.000000
0 758 0.161125 0.260795 0.028986 0.089773 0.494640 1173.000000 880.000000
0 759 0.161125 0.260795 0.028986 0.089773 0.458570 1173.000000 880.000000
0 760 0.161978 0.260795 0.028986 0.089773 0.467140 1173.000000 880.000000
0 761 0.161978 0.259659 0.028986 0.089773 0.461070 1173.000000 880.000000
0 762 0.161978 0.259659 0.028986 0.089773 0.422500 1173.000000 880.000000
0 763 0.162830 0.258523 0.028986 0.089773 0.443930 1173.000000 880.000000
0 764 0.162830 0.258523 0.028986 0.089773 0.408210 1173.000000 880.000000
0 765 0.163683 0.258523 0.028986 0.089773 0.412500 1173.000000 880.000000
0 766 0.163683 0.257386 0.028986 0.089773 0.397860 1173.000000 880.000000
0 767 0.163683 0.257386 0.028986 0.089773 0.360710 1173.000000 880.000000
0 768 0.164535 0.256250 0.028986 0.089773 0.378930 1173.000000 880.000000
0 769 0.164535 0.256250 0.028986 0.089773 0.360000 1173.000000 880.000000
0 770 0.165388 0.255114 0.028986 0.089773 0.368210 1173.000000 880.000000
0 771 0.165388 0.255114 0.028986 0.089773 0.338930 1173.000000 880.000000
0 772 0.166240 0.255114 0.028986 0.089773 0.335710 1173.000000 880.000000
0 773 0.166240 0.253977 0.028986 0.089773 0.328570 1173.000000 880.000000
0 774 0.167093 0.253977 0.028986 0.089773 0.324640 1173.000000 880.000000
0 775 0.167093 0.252841 0.028986 0.089773 0.326070 1173.000000 880.000000
0 776 0.167945 0.252841 0.028986 0.089773 0.313930 1173.000000 880.000000
0 777 0.167945 0.251705 0.028986 0.089773 0.306070 1173.000000 880.000000
0 778 0.167945 0.251705 0.028986 0.089773 0.293570 1173.000000 880.000000
0 779 0.168798 0.251705 0.028986 0.089773 0.282500 1173.000000 880.000000
0 780 0.168798 0.250568 0.028986 0.089773 0.282500 1173.000000 880.000000
0 781 0.169650 0.250568 0.028986 0.089773 0.271430 1173.000000 880.000000
0 782 0.169650 0.249432 0.028986 0.089773 0.271430 1173.000000 880.000000
0 783 0.170503 0.249432 0.028986 0.089773 0.267140 1173.000000 880.000000
0 784 0.170503 0.248295 0.028986 0.089773 0.271430 1173.000000 880.000000
0 785 0.171355 0.248295 0.028986 0.089773 0.267140 1173.000000 880.000000
0 786 0.171355 0.248295 0.028986 0.089773 0.254640 1173.000000 880.000000
0 787 0.172208 0.247159 0.028986 0.089773 0.255710 1173.000000 880.000000
0 788 0.172208 0.247159 0.028986 0.089773 0.243210 1173.000000 880.000000
0 789 0.172208 0.246023 0.028986 0.089773 0.244290 1173.000000 880.000000
0 790 0.173061 0.246023 0.028986 0.089773 0.243210 1173.000000 880.000000
0 791 0.173061 0.244886 0.028986 0.089773 0.244290 1173.000000 880.000000
0 792 0.173913 0.244886 0.028986 0.089773 0.237860 1173.000000 880.000000
0 793 0.173913 0.244886 0.028986 0.089773 0.220360 1173.000000 880.000000
0 794 0.174766 0.243750 0.028986 0.089773 0.226070 1173.000000 880.000000
0 795 0.174766 0.243750 0.028986 0.089773 0.208930 1173.000000 880.000000
0 796 0.175618 0.242614 0.028986 0.089773 0.214290 1173.000000 880.000000
0 797 0.175618 0.242614 0.028986 0.089773 0.213570 1173.000000 880.000000
0 798 0.176471 0.242614 0.028986 0.089773 0.201790 1173.000000 880.000000
0 799 0.176471 0.241477 0.028986 0.089773 0.201790 1173.000000 880.000000
0 800 0.176471 0.240341 0.028986 0.089773 0.205360 1173.000000 880.000000
0 801 0.177323 0.239205 0.028986 0.089773 0.206070 1173.000000 880.000000
0 802 0.177323 0.238068 0.028986 0.089773 0.206430 1173.000000 880.000000
0 803 0.178176 0.238068 0.028986 0.089773 0.205710 1173.000000 880.000000
0 804 0.178176 0.236932 0.028986 0.089773 0.208930 1173.000000 880.000000
0 805 0.179028 0.235795 0.028986 0.089773 0.217140 1173.000000 880.000000
0 806 0.179028 0.234659 0.028986 0.089773 0.212860 1173.000000 880.000000
0 807 0.179881 0.233523 0.028986 0.089773 0.220710 1173.000000 880.000000
0 808 0.179881 0.233523 0.028986 0.089773 0.204290 1173.000000 880.000000
0 809 0.180733 0.232386 0.028986 0.089773 0.220360 1173.000000 880.000000
0 810 0.180733 0.231250 0.028986 0.089773 0.220360 1173.000000 880.000000
0 811 0.181586 0.230114 0.028986 0.089773 0.220710 1173.000000 880.000000
0 812 0.181586 0.228977 0.028986 0.089773 0.233210 1173.000000 880.000000
0 813 0.182438 0.228977 0.028986 0.089773 0.218930 1173.000000 880.000000
0 814 0.182438 0.227841 0.028986 0.089773 0.231070 1173.000000 880.000000
0 815 0.183291 0.226705 0.028986 0.089773 0.237500 1173.000000 880.000000
0 816 0.183291 0.225568 0.028986 0.089773 0.239290 1173.000000 880.000000
0 817 0.184143 0.224432 0.028986 0.089773 0.245000 1173.000000 880.000000
0 818 0.184143 0.224432 0.028986 0.089773 0.243210 1173.000000 880.000000
0 819 0.184996 0.223295 0.028986 0.089773 0.242500 1173.000000 880.000000
0 820 0.184996 0.222159 0.028986 0.089773 0.252860 1173.000000 880.000000
0 821 0.185848 0.221023 0.028986 0.089773 0.252860 1173.000000 880.000000
0 822 0.185848 0.219886 0.028986 0.089773 0.262500 1173.000000 880.000000
0 823 0.186701 0.219886 0.028986 0.089773 0.250000 1173.000000 880.000000
0 824 0.186701 0.218750 0.028986 0.089773 0.256430 1173.000000 880.000000
0 825 0.187553 0.217614 0.028986 0.089773 0.256430 1173.000000 880.000000
0 826 0.187553 0.217614 0.028986 0.089773 0.250360 1173.000000 880.000000
0 827 0.188406 0.216477 0.028986 0.089773 0.250360 1173.000000 880.000000
0 828 0.188406 0.216477 0.028986 0.089773 0.249640 1173.000000 880.000000
0 829 0.189258 0.215341 0.028986 0.089773 0.250360 1173.000000 880.000000
0 830 0.189258 0.215341 0.028986 0.089773 0.243210 1173.000000 880.000000
0 831 0.190111 0.214205 0.028986 0.089773 0.243210 1173.000000 880.000000
0 832 0.190111 0.214205 0.028986 0.089773 0.236790 1173.000000 880.000000
0 833 0.190963 0.213068 0.028986 0.089773 0.236790 1173.000000 880.000000
0 834 0.191816 0.213068 0.028986 0.089773 0.236790 1173.000000 880.000000
0 835 0.191816 0.211932 0.028986 0.089773 0.236790 1173.000000 880.000000
0 836 0.192668 0.211932 0.028986 0.089773 0.230360 1173.000000 880.000000
0 837 0.192668 0.210795 0.028986 0.089773 0.228570 1173.000000 880.000000
0 838 0.193521 0.210795 0.028986 0.089773 0.223930 1173.000000 880.000000
0 839 0.193521 0.209659 0.028986 0.089773 0.221790 1173.000000 880.000000
0 840 0.194373 0.209659 0.028986 0.089773 0.221790 1173.000000 880.000000
0 841 0.194373 0.208523 0.028986 0.089773 0.219640 1173.000000 880.000000
0 842 0.195226 0.208523 0.028986 0.089773 0.212500 1173.000000 880.000000
0 843 0.196078 0.207386 0.028986 0.089773 0.219640 1173.000000 880.000000
0 844 0.196078 0.207386 0.028986 0.089773 0.210000 1173.000000 880.000000
0 845 0.196931 0.206250 0.028986 0.089773 0.210000 1173.000000 880.000000
0 846 0.196931 0.206250 0.028986 0.089773 0.202860 1173.000000 880.000000
0 847 0.197783 0.205114 0.028986 0.089773 0.207500 1173.000000 880.000000
0 848 0.197783 0.205114 0.028986 0.089773 0.192500 1173.000000 880.000000
0 849 0.198636 0.203977 0.028986 0.089773 0.205000 1173.000000 880.000000
0 850 0.198636 0.203977 0.028986 0.089773 0.190000 1173.000000 880.000000
0 851 0.199488 0.202841 0.028986 0.089773 0.190000 1173.000000 880.000000
0 852 0.200341 0.202841 0.028986 0.089773 0.190000 1173.000000 880.000000
0 853 0.200341 0.201705 0.028986 0.089773 0.187500 1173.000000 880.000000
0 854 0.200341 0.200568 0.028986 0.089773 0.188210 1173.000000 880.000000
0 855 0.200341 0.200568 0.028986 0.089773 0.182500 1173.000000 880.000000
0 856 0.200341 0.199432 0.028986 0.089773 0.180000 1173.000000 880.000000
0 857 0.201194 0.199432 0.028986 0.089773 0.170000 1173.000000 880.000000
0 858 0.201194 0.198295 0.028986 0.089773 0.177500 1173.000000 880.000000
0 859 0.201194 0.197727 0.028986 0.088636 0.166370 1173.000000 880.000000
0 860 0.201194 0.197159 0.028986 0.089773 0.161430 1173.000000 880.000000
0 861 0.202046 0.196591 0.028986 0.088636 0.162030 1173.000000 880.000000
0 862 0.202046 0.196023 0.028986 0.089773 0.158570 1173.000000 880.000000
0 863 0.202046 0.195455 0.028986 0.088636 0.145030 1173.000000 880.000000
0 864 0.202046 0.194886 0.028986 0.089773 0.152860 1173.000000 880.000000
0 865 0.202899 0.193750 0.028986 0.089773 0.155710 1173.000000 880.000000
0 866 0.202899 0.193182 0.028986 0.088636 0.142130 1173.000000 880.000000
0 867 0.202899 0.192614 0.028986 0.089773 0.140710 1173.000000 880.000000
0 868 0.202899 0.192045 0.028986 0.088636 0.126580 1173.000000 880.000000
0 869 0.203751 0.191477 0.028986 0.089773 0.137500 1173.000000 880.000000
0 870 0.203751 0.190909 0.028986 0.088636 0.126580 1173.000000 880.000000
0 871 0.203751 0.190341 0.028986 0.089773 0.125000 1173.000000 880.000000
0 872 0.203751 0.189773 0.028986 0.088636 0.113920 1173.000000 880.000000
0 873 0.204604 0.188636 0.028986 0.088636 0.113920 1173.000000 880.000000
0 874 0.204604 0.188636 0.028986 0.088636 0.113920 1173.000000 880.000000
0 875 0.204604 0.187500 0.028986 0.088636 0.113920 1173.000000 880.000000
0 876 0.204604 0.186932 0.028986 0.089773 0.111430 1173.000000 880.000000
0 877 0.205456 0.186364 0.028986 0.088636 0.101270 1173.000000 880.000000
0 878 0.205456 0.185795 0.028986 0.089773 0.100000 1173.000000 880.000000
0 879 0.205456 0.185227 0.028986 0.088636 0.100180 1173.000000 880.000000
0 880 0.205456 0.184091 0.028986 0.088636 0.100180 1173.000000 880.000000
0 881 0.206309 0.184091 0.028986 0.088636 0.087884 1173.000000 880.000000
0 882 0.206309 0.182955 0.028986 0.088636 0.087884 1173.000000 880.000000
0 883 0.206309 0.182955 0.028986 0.088636 0.075226 1173.000000 880.000000
0 884 0.206309 0.181818 0.028986 0.088636 0.087161 1173.000000 880.000000
0 885 0.207161 0.181818 0.028986 0.088636 0.074503 1173.000000 880.000000
0 886 0.207161 0.180682 0.028986 0.088636 0.074864 1173.000000 880.000000
0 887 0.207161 0.180682 0.028986 0.088636 0.062206 1173.000000 880.000000
0 888 0.208014 0.179545 0.028986 0.088636 0.074864 1173.000000 880.000000
0 889 0.208014 0.179545 0.028986 0.088636 0.061844 1173.000000 880.000000
0 890 0.208440 0.178409 0.028133 0.088636 0.090841 1173.000000 880.000000
0 891 0.208866 0.178409 0.028986 0.088636 0.088608 1173.000000 880.000000
0 892 0.209292 0.177273 0.028133 0.088636 0.090841 1173.000000 880.000000
0 893 0.209719 0.177273 0.028986 0.088636 0.104880 1173.000000 880.000000
0 894 0.209719 0.176136 0.028986 0.088636 0.104880 1173.000000 880.000000
0 895 0.210145 0.176136 0.028133 0.088636 0.106480 1173.000000 880.000000
0 896 0.210571 0.175000 0.028986 0.088636 0.132010 1173.000000 880.000000
0 897 0.210997 0.175000 0.028133 0.088636 0.124720 1173.000000 880.000000
0 898 0.210997 0.173864 0.028133 0.088636 0.134400 1173.000000 880.000000
0 899 0.211850 0.173864 0.028133 0.088636 0.153020 1173.000000 880.000000
0 900 0.211850 0.172727 0.028133 0.088636 0.153390 1173.000000 880.000000
0 901 0.212702 0.172727 0.028133 0.088636 0.153390 1173.000000 880.000000
0 902 0.212702 0.171591 0.028133 0.088636 0.153390 1173.000000 880.000000
0 903 0.213129 0.171023 0.028986 0.087500 0.148350 1173.000000 880.000000
0 904 0.213981 0.169886 0.028986 0.087500 0.186810 1173.000000 880.000000
0 905 0.214408 0.169318 0.029838 0.086364 0.181100 1173.000000 880.000000
0 906 0.214834 0.168750 0.028986 0.087500 0.195240 1173.000000 880.000000
0 907 0.215260 0.168182 0.029838 0.086364 0.215730 1173.000000 880.000000
0 908 0.216113 0.167045 0.029838 0.086364 0.200940 1173.000000 880.000000
0 909 0.216539 0.166477 0.030691 0.085227 0.220840 1173.000000 880.000000
0 910 0.216965 0.165909 0.029838 0.086364 0.234850 1173.000000 880.000000
0 911 0.217391 0.165341 0.030691 0.085227 0.227950 1173.000000 880.000000
0 912 0.218244 0.164205 0.030691 0.085227 0.262090 1173.000000 880.000000
0 913 0.218670 0.163636 0.031543 0.084091 0.257190 1173.000000 880.000000
0 914 0.219523 0.163636 0.031543 0.084091 0.248070 1173.000000 880.000000
0 915 0.219523 0.162500 0.031543 0.084091 0.249120 1173.000000 880.000000
0 916 0.220375 0.162500 0.031543 0.084091 0.246320 1173.000000 880.000000
0 917 0.220375 0.161364 0.031543 0.084091 0.272980 1173.000000 880.000000
0 918 0.221228 0.161364 0.031543 0.084091 0.246320 1173.000000 880.000000
0 919 0.221228 0.160227 0.031543 0.084091 0.247720 1173.000000 880.000000
0 920 0.222080 0.160227 0.031543 0.084091 0.270180 1173.000000 880.000000
0 921 0.222080 0.159091 0.031543 0.084091 0.268420 1173.000000 880.000000
0 922 0.222933 0.159091 0.031543 0.084091 0.262460 1173.000000 880.000000
0 923 0.222933 0.157955 0.031543 0.084091 0.268420 1173.000000 880.000000
0 924 0.223785 0.157955 0.031543 0.084091 0.261050 1173.000000 880.000000
0 925 0.223785 0.156818 0.031543 0.084091 0.292280 1173.000000 880.000000
0 926 0.224638 0.156818 0.031543 0.084091 0.261050 1173.000000 880.000000
0 927 0.224638 0.155682 0.031543 0.084091 0.292280 1173.000000 880.000000
0 928 0.225490 0.155682 0.031543 0.084091 0.285260 1173.000000 880.000000
0 929 0.225490 0.154545 0.031543 0.084091 0.290530 1173.000000 880.000000
0 930 0.226343 0.154545 0.031543 0.084091 0.306320 1173.000000 880.000000
0 931 0.226343 0.153409 0.031543 0.084091 0.308070 1173.000000 880.000000
0 932 0.227195 0.153409 0.031543 0.084091 0.324210 1173.000000 880.000000
0 933 0.228048 0.152273 0.031543 0.084091 0.327370 1173.000000 880.000000
0 934 0.228900 0.152273 0.031543 0.084091 0.317890 1173.000000 880.000000
0 935 0.229753 0.152273 0.031543 0.084091 0.343860 1173.000000 880.000000
0 936 0.230179 0.151136 0.030691 0.084091 0.351710 1173.000000 880.000000
0 937 0.231032 0.151136 0.030691 0.084091 0.345590 1173.000000 880.000000
0 938 0.231884 0.151136 0.030691 0.084091 0.363600 1173.000000 880.000000
0 939 0.232310 0.150000 0.031543 0.084091 0.382810 1173.000000 880.000000
0 940 0.233163 0.150000 0.031543 0.084091 0.400700 1173.000000 880.000000
0 941 0.233589 0.148864 0.030691 0.084091 0.445770 1173.000000 880.000000
0 942 0.234442 0.148864 0.030691 0.084091 0.459100 1173.000000 880.000000
0 943 0.235294 0.148864 0.030691 0.084091 0.441080 1173.000000 880.000000
0 944 0.236147 0.147727 0.030691 0.084091 0.467030 1173.000000 880.000000
0 945 0.236999 0.147727 0.030691 0.084091 0.486130 1173.000000 880.000000
0 946 0.237852 0.147727 0.030691 0.084091 0.529730 1173.000000 880.000000
0 947 0.237852 0.146591 0.030691 0.084091 0.529730 1173.000000 880.000000
0 948 0.237852 0.145455 0.030691 0.084091 0.554950 1173.000000 880.000000
0 949 0.238704 0.145455 0.030691 0.084091 0.547030 1173.000000 880.000000
0 950 0.238704 0.144318 0.030691 0.084091 0.563600 1173.000000 880.000000
0 951 0.238704 0.144318 0.030691 0.084091 0.531170 1173.000000 880.000000
0 952 0.239557 0.143182 0.030691 0.084091 0.555320 1173.000000 880.000000
0 953 0.239557 0.143182 0.030691 0.084091 0.547030 1173.000000 880.000000
0 954 0.239557 0.142045 0.030691 0.084091 0.570810 1173.000000 880.000000
0 955 0.240409 0.142045 0.030691 0.084091 0.538740 1173.000000 880.000000
0 956 0.240409 0.140909 0.030691 0.084091 0.562160 1173.000000 880.000000
0 957 0.241262 0.140909 0.030691 0.084091 0.553510 1173.000000 880.000000
0 958 0.241262 0.139773 0.030691 0.084091 0.576580 1173.000000 880.000000
0 959 0.241688 0.138636 0.031543 0.084091 0.547370 1173.000000 880.000000
0 960 0.242114 0.138636 0.030691 0.084091 0.576580 1173.000000 880.000000
0 961 0.242540 0.137500 0.031543 0.084091 0.561400 1173.000000 880.000000
0 962 0.242967 0.137500 0.030691 0.084091 0.599640 1173.000000 880.000000
0 963 0.243393 0.136364 0.031543 0.084091 0.561400 1173.000000 880.000000
0 964 0.243819 0.136364 0.030691 0.084091 0.567570 1173.000000 880.000000
0 965 0.244246 0.135227 0.031543 0.084091 0.583860 1173.000000 880.000000
0 966 0.244246 0.134091 0.031543 0.084091 0.583860 1173.000000 880.000000
0 967 0.245098 0.134091 0.031543 0.084091 0.583860 1173.000000 880.000000
0 968 0.245098 0.132955 0.031543 0.084091 0.606320 1173.000000 880.000000
0 969 0.245951 0.132955 0.031543 0.084091 0.574740 1173.000000 880.000000
0 970 0.245951 0.131818 0.031543 0.084091 0.606320 1173.000000 880.000000
0 971 0.246803 0.131818 0.031543 0.084091 0.596840 1173.000000 880.000000
0 972 0.246803 0.130682 0.031543 0.084091 0.596840 1173.000000 880.000000
0 973 0.246803 0.130682 0.031543 0.084091 0.596840 1173.000000 880.000000
0 974 0.246803 0.129545 0.031543 0.084091 0.618950 1173.000000 880.000000
0 975 0.247656 0.129545 0.031543 0.084091 0.609120 1173.000000 880.000000
0 976 0.247656 0.128409 0.031543 0.084091 0.618950 1173.000000 880.000000
0 977 0.247656 0.128409 0.031543 0.084091 0.630880 1173.000000 880.000000
0 978 0.247656 0.127273 0.031543 0.084091 0.618950 1173.000000 880.000000
0 979 0.248508 0.127273 0.031543 0.084091 0.620700 1173.000000 880.000000
0 980 0.248508 0.127273 0.031543 0.084091 0.610530 1173.000000 880.000000
0 981 0.248508 0.126136 0.031543 0.084091 0.610530 1173.000000 880.000000
0 982 0.248508 0.126136 0.031543 0.084091 0.600350 1173.000000 880.000000
0 983 0.249361 0.125000 0.031543 0.084091 0.600350 1173.000000 880.000000
0 984 0.249361 0.125000 0.031543 0.084091 0.590180 1173.000000 880.000000
0 985 0.249361 0.123864 0.031543 0.084091 0.569820 1173.000000 880.000000
0 986 0.249361 0.123864 0.031543 0.084091 0.560000 1173.000000 880.000000
0 987 0.250213 0.123864 0.031543 0.084091 0.550180 1173.000000 880.000000
0 988 0.250213 0.122159 0.031543 0.082955 0.557610 1173.000000 880.000000
0 989 0.250639 0.121023 0.032396 0.082955 0.523910 1173.000000 880.000000
0 990 0.251066 0.119886 0.031543 0.082955 0.537700 1173.000000 880.000000
0 991 0.251492 0.118182 0.032396 0.081818 0.531090 1173.000000 880.000000
0 992 0.251918 0.117045 0.031543 0.081818 0.545060 1173.000000 880.000000
0 993 0.252344 0.115909 0.032396 0.081818 0.511420 1173.000000 880.000000
0 994 0.252771 0.114773 0.031543 0.081818 0.528480 1173.000000 880.000000
0 995 0.253197 0.113636 0.032396 0.079545 0.536290 1173.000000 880.000000
0 996 0.253623 0.112500 0.031543 0.079545 0.533730 1173.000000 880.000000
0 997 0.254049 0.111364 0.032396 0.079545 0.520400 1173.000000 880.000000
0 998 0.254476 0.110227 0.031543 0.079545 0.538180 1173.000000 880.000000
0 999 0.254902 0.108523 0.032396 0.078409 0.531870 1173.000000 880.000000
0 1000 0.255328 0.107386 0.031543 0.078409 0.545860 1173.000000 880.000000
0 1001 0.255754 0.106250 0.032396 0.078409 0.556040 1173.000000 880.000000
0 1002 0.256607 0.105682 0.032396 0.077273 0.539950 1173.000000 880.000000
0 1003 0.256607 0.104545 0.032396 0.077273 0.539950 1173.000000 880.000000
0 1004 0.256607 0.103409 0.032396 0.077273 0.545150 1173.000000 880.000000
0 1005 0.257460 0.103409 0.032396 0.077273 0.538830 1173.000000 880.000000
0 1006 0.257460 0.102273 0.032396 0.077273 0.525080 1173.000000 880.000000
0 1007 0.258312 0.102273 0.032396 0.077273 0.528430 1173.000000 880.000000
0 1008 0.258312 0.101136 0.032396 0.077273 0.500560 1173.000000 880.000000
0 1009 0.258738 0.100000 0.031543 0.077273 0.517160 1173.000000 880.000000
0 1010 0.259165 0.100000 0.032396 0.077273 0.490520 1173.000000 880.000000
0 1011 0.259591 0.098864 0.031543 0.077273 0.479790 1173.000000 880.000000
0 1012 0.260017 0.098864 0.032396 0.077273 0.470460 1173.000000 880.000000
0 1013 0.260443 0.097727 0.031543 0.077273 0.465290 1173.000000 880.000000
0 1014 0.260443 0.096591 0.031543 0.077273 0.443940 1173.000000 880.000000
0 1015 0.261296 0.096591 0.031543 0.077273 0.445460 1173.000000 880.000000
0 1016 0.261296 0.095455 0.031543 0.077273 0.429440 1173.000000 880.000000
0 1017 0.262148 0.095455 0.031543 0.077273 0.410370 1173.000000 880.000000
0 1018 0.262148 0.094318 0.031543 0.077273 0.395120 1173.000000 880.000000
0 1019 0.263001 0.093182 0.031543 0.077273 0.410370 1173.000000 880.000000
0 1020 0.263853 0.092045 0.031543 0.077273 0.405800 1173.000000 880.000000
0 1021 0.264706 0.090909 0.031543 0.077273 0.405800 1173.000000 880.000000
0 1022 0.265558 0.089773 0.031543 0.077273 0.405800 1173.000000 880.000000
0 1023 0.265985 0.089773 0.032396 0.077273 0.391300 1173.000000 880.000000
0 1024 0.266837 0.088636 0.032396 0.077273 0.391300 1173.000000 880.000000
0 1025 0.267690 0.087500 0.032396 0.077273 0.376810 1173.000000 880.000000
0 1026 0.268542 0.086364 0.032396 0.077273 0.367150 1173.000000 880.000000
0 1027 0.269395 0.085227 0.032396 0.077273 0.365660 1173.000000 880.000000
0 1028 0.270247 0.085227 0.032396 0.077273 0.338160 1173.000000 880.000000
0 1029 0.270247 0.084091 0.032396 0.077273 0.329990 1173.000000 880.000000
0 1030 0.271100 0.082955 0.032396 0.077273 0.328500 1173.000000 880.000000
0 1031 0.271952 0.082955 0.032396 0.077273 0.306580 1173.000000 880.000000
0 1032 0.272805 0.081818 0.032396 0.077273 0.292830 1173.000000 880.000000
0 1033 0.273657 0.080682 0.032396 0.077273 0.291340 1173.000000 880.000000
0 1034 0.274510 0.080682 0.032396 0.077273 0.405050 1173.000000 880.000000
0 1035 0.275362 0.079545 0.032396 0.077273 0.412110 1173.000000 880.000000
0 1036 0.275362 0.078409 0.032396 0.077273 0.409140 1173.000000 880.000000
0 1037 0.276215 0.078409 0.032396 0.077273 0.404310 1173.000000 880.000000
0 1038 0.277067 0.077273 0.032396 0.077273 0.404310 1173.000000 880.000000
0 1039 0.277920 0.076136 0.032396 0.077273 0.426610 1173.000000 880.000000
0 1040 0.278772 0.076136 0.032396 0.077273 0.412110 1173.000000 880.000000
0 1041 0.279625 0.075000 0.032396 0.077273 0.415830 1173.000000 880.000000
0 1042 0.280477 0.073864 0.032396 0.077273 0.211820 1173.000000 880.000000
0 1043 0.281330 0.073864 0.032396 0.077273 0.430320 1173.000000 880.000000
0 1044 0.281330 0.072727 0.032396 0.077273 0.204380 1173.000000 880.000000
0 1045 0.281756 0.072159 0.031543 0.076136 0.202400 1173.000000 880.000000
0 1046 0.281756 0.071591 0.031543 0.077273 0.199470 1173.000000 880.000000
0 1047 0.282182 0.071023 0.030691 0.076136 0.189190 1173.000000 880.000000
0 1048 0.282609 0.070455 0.031543 0.077273 0.186880 1173.000000 880.000000
0 1049 0.283035 0.069886 0.030691 0.076136 0.187600 1173.000000 880.000000
0 1050 0.283035 0.069318 0.030691 0.077273 0.184880 1173.000000 880.000000
0 1051 0.283461 0.068750 0.029838 0.076136 0.183420 1173.000000 880.000000
0 1052 0.283461 0.067614 0.029838 0.076136 0.174430 1173.000000 880.000000
0 1053 0.284314 0.067614 0.029838 0.076136 0.165440 1173.000000 880.000000
0 1054 0.284314 0.066477 0.029838 0.076136 0.165440 1173.000000 880.000000
0 1055 0.284740 0.066477 0.028986 0.076136 0.163450 1173.000000 880.000000
0 1056 0.284740 0.065341 0.028986 0.076136 0.175630 1173.000000 880.000000
0 1057 0.285592 0.065341 0.028986 0.076136 0.369750 1173.000000 880.000000
0 1058 0.285592 0.064205 0.028986 0.076136 0.369750 1173.000000 880.000000
0 1059 0.285592 0.063068 0.028986 0.076136 0.371850 1173.000000 880.000000
0 1060 0.286445 0.063068 0.028986 0.076136 0.357140 1173.000000 880.000000
0 1061 0.286445 0.061932 0.028986 0.076136 0.357140 1173.000000 880.000000
0 1062 0.286445 0.061932 0.028986 0.076136 0.334030 1173.000000 880.000000
0 1063 0.287298 0.060795 0.028986 0.076136 0.334030 1173.000000 880.000000
0 1064 0.287298 0.060795 0.028986 0.076136 0.308820 1173.000000 880.000000
0 1065 0.287298 0.059659 0.028986 0.076136 0.308820 1173.000000 880.000000
0 1066 0.288150 0.059659 0.028986 0.076136 0.294120 1173.000000 880.000000
0 1067 0.288150 0.058523 0.028986 0.076136 0.286970 1173.000000 880.000000
0 1068 0.289003 0.058523 0.028986 0.076136 0.272270 1173.000000 880.000000
0 1069 0.289003 0.057386 0.028986 0.076136 0.283610 1173.000000 880.000000
0 1070 0.289855 0.056250 0.028986 0.076136 0.283610 1173.000000 880.000000
0 1071 0.289855 0.055114 0.028986 0.076136 0.273110 1173.000000 880.000000
0 1072 0.290708 0.053977 0.028986 0.076136 0.276890 1173.000000 880.000000
0 1073 0.290708 0.053977 0.028986 0.076136 0.262180 1173.000000 880.000000
0 1074 0.291560 0.052841 0.028986 0.076136 0.272270 1173.000000 880.000000
0 1075 0.292413 0.051705 0.028986 0.076136 0.275630 1173.000000 880.000000
0 1076 0.292413 0.050568 0.028986 0.076136 0.275630 1173.000000 880.000000
0 1077 0.293265 0.049432 0.028986 0.076136 0.288240 1173.000000 880.000000
0 1078 0.293265 0.049432 0.028986 0.076136 0.264290 1173.000000 880.000000
0 1079 0.294118 0.048295 0.028986 0.076136 0.276470 1173.000000 880.000000
0 1080 0.294118 0.047159 0.028986 0.076136 0.278990 1173.000000 880.000000
0 1081 0.294970 0.046023 0.028986 0.076136 0.288240 1173.000000 880.000000
0 1082 0.295823 0.046023 0.028986 0.076136 0.285290 1173.000000 880.000000
0 1083 0.295823 0.044318 0.028986 0.075000 0.280600 1173.000000 880.000000
0 1084 0.296675 0.043750 0.028986 0.073864 0.281390 1173.000000 880.000000
0 1085 0.296675 0.042614 0.028986 0.073864 0.281390 1173.000000 880.000000
0 1086 0.297528 0.042045 0.028986 0.072727 0.272970 1173.000000 880.000000
0 1087 0.297954 0.040909 0.028133 0.072727 0.280090 1173.000000 880.000000
0 1088 0.298380 0.040341 0.028986 0.071591 0.261610 1173.000000 880.000000
0 1089 0.299233 0.039773 0.028986 0.070455 0.260770 1173.000000 880.000000
0 1090 0.299659 0.038068 0.028133 0.069318 0.286530 1173.000000 880.000000
0 1091 0.300085 0.037500 0.028986 0.068182 0.269320 1173.000000 880.000000
0 1092 0.300512 0.036364 0.028133 0.068182 0.276760 1173.000000 880.000000
0 1093 0.301364 0.035795 0.028133 0.067045 0.266670 1173.000000 880.000000
0 1094 0.301364 0.034659 0.028133 0.067045 0.072549 1173.000000 880.000000
0 1095 0.302217 0.034091 0.028133 0.065909 0.077767 1173.000000 880.000000
0 1096 0.303069 0.033523 0.028133 0.064773 0.078600 1173.000000 880.000000
0 1097 0.303069 0.033523 0.028133 0.064773 0.253040 1173.000000 880.000000
0 1098 0.303922 0.033523 0.028133 0.064773 0.244420 1173.000000 880.000000
0 1099 0.303922 0.033523 0.028133 0.064773 0.228190 1173.000000 880.000000
0 1100 0.304774 0.033523 0.028133 0.064773 0.218050 1173.000000 880.000000
0 1101 0.305200 0.033523 0.028986 0.064773 0.212320 1173.000000 880.000000
0 1102 0.305627 0.033523 0.028133 0.064773 0.201320 1173.000000 880.000000
0 1103 0.306053 0.033523 0.028986 0.064773 0.184240 1173.000000 880.000000
0 1104 0.306479 0.033523 0.028133 0.064773 0.167340 1173.000000 880.000000
0 1105 0.306905 0.033523 0.028986 0.064773 0.150740 1173.000000 880.000000
0 1106 0.307758 0.033523 0.028986 0.064773 0.179310 1173.000000 880.000000
0 1107 0.307758 0.033523 0.028986 0.064773 0.187190 1173.000000 880.000000
0 1108 0.308610 0.033523 0.028986 0.064773 0.145810 1173.000000 880.000000
0 1109 0.309463 0.033523 0.028986 0.064773 0.129060 1173.000000 880.000000
0 1110 0.309463 0.032955 0.028986 0.063636 0.139850 1173.000000 880.000000
0 1111 0.309463 0.032386 0.028986 0.062500 0.167350 1173.000000 880.000000
0 1112 0.309463 0.031818 0.028986 0.061364 0.152210 1173.000000 880.000000
0 1113 0.310315 0.031818 0.028986 0.061364 0.152210 1173.000000 880.000000
0 1114 0.310315 0.031250 0.028986 0.060227 0.179890 1173.000000 880.000000
0 1115 0.310315 0.030682 0.028986 0.059091 0.162800 1173.000000 880.000000
0 1116 0.310315 0.030682 0.028986 0.059091 0.189760 1173.000000 880.000000
0 1117 0.311168 0.030114 0.028986 0.057955 0.163740 1173.000000 880.000000
0 1118 0.311168 0.029545 0.028986 0.056818 0.175350 1173.000000 880.000000
0 1119 0.311168 0.029545 0.028986 0.056818 0.174230 1173.000000 880.000000
0 1120 0.311168 0.028977 0.028986 0.055682 0.173710 1173.000000 880.000000
0 1121 0.312020 0.028409 0.028986 0.054545 0.202920 1173.000000 880.000000
0 1122 0.312020 0.028409 0.028986 0.054545 0.186590 1173.000000 880.000000
0 1123 0.312020 0.027841 0.028986 0.053409 0.186900 1173.000000 880.000000
0 1124 0.312020 0.027273 0.028986 0.052273 0.186630 1173.000000 880.000000
0 1125 0.312873 0.027273 0.028986 0.052273 0.200000 1173.000000 880.000000
0 1126 0.312873 0.026705 0.028986 0.051136 0.200000 1173.000000 880.000000
0 1127 0.313725 0.026705 0.028986 0.051136 0.200000 1173.000000 880.000000
0 1128 0.314578 0.026705 0.028986 0.051136 0.228570 1173.000000 880.000000
0 1129 0.315431 0.026705 0.028986 0.051136 0.200000 1173.000000 880.000000
0 1130 0.316283 0.026705 0.028986 0.051136 0.200000 1173.000000 880.000000
0 1131 0.316283 0.026705 0.028986 0.051136 0.200000 1173.000000 880.000000
0 1132 0.317136 0.026705 0.028986 0.051136 0.200000 1173.000000 880.000000
0 1133 0.317988 0.026705 0.028986 0.051136 0.200000 1173.000000 880.000000
0 1134 0.318841 0.026705 0.028986 0.051136 0.171430 1173.000000 880.000000
0 1135 0.319693 0.026705 0.028986 0.051136 0.171430 1173.000000 880.000000
0 1136 0.319693 0.026705 0.028986 0.051136 0.171430 1173.000000 880.000000
0 1137 0.320546 0.026705 0.028986 0.051136 0.171430 1173.000000 880.000000
0 1138 0.321398 0.026705 0.028986 0.051136 0.171430 1173.000000 880.000000
0 1139 0.322251 0.026705 0.028986 0.051136 0.142860 1173.000000 880.000000
0 1140 0.323103 0.026705 0.028986 0.051136 0.171430 1173.000000 880.000000
0 1141 0.323103 0.026136 0.028986 0.050000 0.142860 1173.000000 880.000000
0 1142 0.323529 0.025568 0.028133 0.048864 0.147060 1173.000000 880.000000
0 1143 0.323956 0.025000 0.028986 0.047727 0.142860 1173.000000 880.000000
0 1144 0.324382 0.025000 0.028133 0.047727 0.117650 1173.000000 880.000000
0 1145 0.324808 0.024432 0.028986 0.046591 0.142860 1173.000000 880.000000
0 1146 0.325234 0.023864 0.028133 0.045455 0.117650 1173.000000 880.000000
0 1147 0.325661 0.023864 0.028986 0.045455 0.142860 1173.000000 880.000000
0 1148 0.326087 0.023295 0.028133 0.044318 0.117650 1173.000000 880.000000
0 1149 0.326513 0.022727 0.028986 0.043182 0.142860 1173.000000 880.000000
0 1150 0.326939 0.022727 0.028133 0.043182 0.147060 1173.000000 880.000000
0 1151 0.327366 0.022159 0.028986 0.042045 0.142860 1173.000000 880.000000
0 1152 0.327792 0.021591 0.028133 0.040909 0.119240 1173.000000 880.000000
0 1153 0.328645 0.021591 0.028133 0.040909 0.118440 1173.000000 880.000000
0 1154 0.328645 0.021023 0.028133 0.039773 0.119280 1173.000000 880.000000
0 1155 0.329497 0.020455 0.028133 0.038636 0.089916 1173.000000 880.000000
0 1156 0.330350 0.019886 0.028133 0.037500 0.090830 1173.000000 880.000000
0 1157 0.330350 0.019886 0.028133 0.037500 0.090830 1173.000000 880.000000
0 1158 0.331202 0.019318 0.028133 0.036364 0.091800 1173.000000 880.000000
0 1159 0.332055 0.018750 0.028133 0.035227 0.062500 1173.000000 880.000000
0 1160 0.332055 0.018182 0.028133 0.034091 0.062619 1173.000000 880.000000
0 1161 0.332907 0.018182 0.028133 0.034091 0.063567 1173.000000 880.000000
0 1162 0.333760 0.017614 0.028133 0.032955 0.034314 1173.000000 880.000000
0 1163 0.333760 0.017045 0.028133 0.031818 0.034483 1173.000000 880.000000
0 1164 0.334612 0.016477 0.028133 0.030682 0.029412 1173.000000 880.000000
0 1165 0.335465 0.016477 0.028133 0.030682 0.029412 1173.000000 880.000000
0 1166 0.335465 0.016477 0.028133 0.030682 0.000000 1173.000000 880.000000
0 1167 0.335891 0.016477 0.028986 0.030682 0.000000 1173.000000 880.000000
0 1168 0.336317 0.016477 0.028133 0.030682 0.000000 1173.000000 880.000000
0 1169 0.336743 0.016477 0.028986 0.030682 0.000000 1173.000000 880.000000
0 1170 0.337170 0.016477 0.028133 0.030682 0.000000 1173.000000 880.000000
0 1171 0.337596 0.016477 0.028986 0.030682 0.000000 1173.000000 880.000000
0 1172 0.338022 0.016477 0.028133 0.030682 0.000000 1173.000000 880.000000
0 1173 0.338448 0.016477 0.028986 0.030682 0.000000 1173.000000 880.000000
0 1174 0.338448 0.016477 0.028986 0.030682 0.000000 1173.000000 880.000000
0 1175 0.339301 0.016477 0.028986 0.030682 0.000000 1173.000000 880.000000
0 1176 0.339301 0.016477 0.028986 0.030682 0.000000 1173.000000 880.000000
0 1177 0.340153 0.016477 0.028986 0.030682 0.000000 1173.000000 880.000000
0 1178 0.340153 0.016477 0.028986 0.030682 0.000000 1173.000000 880.000000
0 1179 0.341006 0.016477 0.028986 0.030682 0.000000 1173.000000 880.000000
0 1180 0.341006 0.015909 0.028986 0.029545 0.000000 1173.000000 880.000000
0 1181 0.341858 0.015341 0.028986 0.028409 0.000000 1173.000000 880.000000
0 1182 0.342711 0.015341 0.028986 0.028409 0.000000 1173.000000 880.000000
0 1183 0.343564 0.014773 0.028986 0.027273 0.000000 1173.000000 880.000000
0 1184 0.344416 0.014773 0.028986 0.027273 0.000000 1173.000000 880.000000
0 1185 0.344416 0.014205 0.028986 0.026136 0.000000 1173.000000 880.000000
0 1186 0.345269 0.013636 0.028986 0.025000 0.028571 1173.000000 880.000000
0 1187 0.346121 0.013636 0.028986 0.025000 0.028571 1173.000000 880.000000
0 1188 0.346974 0.013068 0.028986 0.023864 0.000000 1173.000000 880.000000
0 1189 0.347826 0.013068 0.028986 0.023864 0.000000 1173.000000 880.000000
0 1190 0.347826 0.012500 0.028986 0.022727 0.028571 1173.000000 880.000000
0 1191 0.347826 0.011932 0.028986 0.021591 0.028571 1173.000000 880.000000
0 1192 0.347826 0.011364 0.028986 0.020455 0.028571 1173.000000 880.000000
0 1193 0.347826 0.010795 0.028986 0.019318 0.028571 1173.000000 880.000000
0 1194 0.347826 0.010227 0.028986 0.018182 0.028571 1173.000000 880.000000
0 1195 0.347826 0.009659 0.028986 0.017045 0.000000 1173.000000 880.000000
0 1196 0.347826 0.009091 0.028986 0.015909 0.028571 1173.000000 880.000000
0 1197 0.347826 0.008523 0.028986 0.014773 0.000000 1173.000000 880.000000
0 1198 0.347826 0.007955 0.028986 0.013636 0.000000 1173.000000 880.000000
0 1199 0.347826 0.007386 0.028986 0.012500 0.000000 1173.000000 880.000000
0 1200 0.347826 0.006818 0.028986 0.011364 0.000000 1173.000000 880.000000
0 1201 0.347826 0.006818 0.028986 0.011364 0.542860 1173.000000 880.000000
0 1202 0.347826 0.006818 0.028986 0.011364 0.542860 1173.000000 880.000000
0 1203 0.347826 0.006818 0.028986 0.011364 0.571430 1173.000000 880.000000
0 1204 0.348679 0.006818 0.028986 0.011364 0.542860 1173.000000 880.000000
0 1205 0.348679 0.006818 0.028986 0.011364 0.571430 1173.000000 880.000000
0 1206 0.349105 0.007386 0.029838 0.012500 0.555560 1173.000000 880.000000
0 1207 0.349531 0.007386 0.028986 0.012500 0.571430 1173.000000 880.000000
0 1208 0.349957 0.007386 0.029838 0.012500 0.555560 1173.000000 880.000000
0 1209 0.349957 0.007386 0.029838 0.012500 0.583330 1173.000000 880.000000
0 1210 0.350810 0.007386 0.029838 0.012500 0.555560 1173.000000 880.000000
0 1211 0.350810 0.007955 0.029838 0.013636 0.583330 1173.000000 880.000000
0 1212 0.351236 0.007955 0.030691 0.013636 0.567570 1173.000000 880.000000
0 1213 0.351662 0.007955 0.029838 0.013636 0.583330 1173.000000 880.000000
0 1214 0.352089 0.007955 0.030691 0.013636 0.567570 1173.000000 880.000000
0 1215 0.352089 0.008523 0.030691 0.014773 0.594590 1173.000000 880.000000
0 1216 0.352941 0.008523 0.030691 0.014773 0.567570 1173.000000 880.000000
0 1217 0.352941 0.008523 0.030691 0.014773 0.594590 1173.000000 880.000000
0 1218 0.353367 0.008523 0.031543 0.014773 0.578950 1173.000000 880.000000
0 1219 0.353794 0.008523 0.030691 0.014773 0.594590 1173.000000 880.000000
0 1220 0.354220 0.009091 0.031543 0.015909 0.578950 1173.000000 880.000000
0 1221 0.354220 0.009091 0.031543 0.015909 0.605260 1173.000000 880.000000
0 1222 0.355072 0.009091 0.031543 0.015909 0.578950 1173.000000 880.000000
0 1223 0.355072 0.009091 0.031543 0.015909 0.605260 1173.000000 880.000000
0 1224 0.355925 0.009659 0.031543 0.017045 0.605260 1173.000000 880.000000
0 1225 0.355925 0.009091 0.031543 0.015909 0.605260 1173.000000 880.000000
0 1226 0.355925 0.009091 0.031543 0.015909 0.631580 1173.000000 880.000000
0 1227 0.356777 0.009091 0.031543 0.015909 0.605260 1173.000000 880.000000
0 1228 0.356777 0.008523 0.031543 0.014773 0.631580 1173.000000 880.000000
0 1229 0.357630 0.008523 0.031543 0.014773 0.605260 1173.000000 880.000000
0 1230 0.357630 0.008523 0.031543 0.014773 0.631580 1173.000000 880.000000
0 1231 0.357630 0.007955 0.031543 0.013636 0.631580 1173.000000 880.000000
0 1232 0.358483 0.007955 0.031543 0.013636 0.631580 1173.000000 880.000000
0 1233 0.358483 0.007955 0.031543 0.013636 0.631580 1173.000000 880.000000
0 1234 0.359335 0.007955 0.031543 0.013636 0.631580 1173.000000 880.000000
0 1235 0.359335 0.007386 0.031543 0.012500 0.631580 1173.000000 880.000000
0 1236 0.359335 0.007386 0.031543 0.012500 0.657890 1173.000000 880.000000
0 1237 0.360188 0.007386 0.031543 0.012500 0.631580 1173.000000 880.000000
0 1238 0.360188 0.006818 0.031543 0.011364 0.657890 1173.000000 880.000000
0 1239 0.361040 0.006818 0.031543 0.011364 0.631580 1173.000000 880.000000
0 1240 0.361040 0.006818 0.031543 0.011364 0.657890 1173.000000 880.000000
