0 334 0.083120 0.986932 0.024723 0.026136 1.000000 1173.000000 880.000000
0 335 0.083546 0.985795 0.025575 0.028409 1.000000 1173.000000 880.000000
0 336 0.083973 0.984659 0.026428 0.030682 1.000000 1173.000000 880.000000
0 337 0.084399 0.984091 0.027280 0.031818 1.000000 1173.000000 880.000000
0 338 0.084825 0.982955 0.028133 0.034091 1.000000 1173.000000 880.000000
0 339 0.085251 0.981818 0.028986 0.036364 1.000000 1173.000000 880.000000
0 340 0.085678 0.981250 0.029838 0.037500 1.000000 1173.000000 880.000000
0 341 0.086104 0.980114 0.030691 0.039773 1.000000 1173.000000 880.000000
0 342 0.086530 0.978977 0.031543 0.042045 0.973680 1173.000000 880.000000
0 343 0.087809 0.978409 0.032396 0.043182 0.974360 1173.000000 880.000000
0 344 0.088235 0.977273 0.033248 0.045455 0.950000 1173.000000 880.000000
0 345 0.088662 0.976136 0.034101 0.047727 0.951220 1173.000000 880.000000
0 346 0.089088 0.975568 0.034953 0.048864 0.928570 1173.000000 880.000000
0 347 0.089514 0.974432 0.035806 0.051136 0.906980 1173.000000 880.000000
0 348 0.089940 0.973295 0.036658 0.053409 0.886360 1173.000000 880.000000
0 349 0.090367 0.972727 0.037511 0.054545 0.866670 1173.000000 880.000000
0 350 0.090793 0.971591 0.038363 0.056818 0.847830 1173.000000 880.000000
0 351 0.091219 0.970455 0.039216 0.059091 0.829790 1173.000000 880.000000
0 352 0.092498 0.969886 0.040068 0.060227 0.812500 1173.000000 880.000000
0 353 0.092924 0.968750 0.040921 0.062500 0.795920 1173.000000 880.000000
0 354 0.093350 0.967614 0.041773 0.064773 0.780000 1173.000000 880.000000
0 355 0.093777 0.967045 0.042626 0.065909 0.745100 1173.000000 880.000000
0 356 0.094203 0.965909 0.043478 0.068182 0.730770 1173.000000 880.000000
0 357 0.094629 0.964773 0.044331 0.070455 0.698110 1173.000000 880.000000
0 358 0.095055 0.964205 0.045183 0.071591 0.685190 1173.000000 880.000000
0 359 0.095482 0.963068 0.046036 0.073864 0.672730 1173.000000 880.000000
0 360 0.096760 0.962500 0.046888 0.075000 0.660710 1173.000000 880.000000
0 361 0.097613 0.960795 0.046888 0.076136 0.660710 1173.000000 880.000000
0 362 0.098465 0.959659 0.046888 0.078409 0.660710 1173.000000 880.000000
0 363 0.099318 0.958523 0.046888 0.080682 0.642860 1173.000000 880.000000
0 364 0.100171 0.957386 0.046888 0.082955 0.642860 1173.000000 880.000000
0 365 0.101023 0.956250 0.046888 0.085227 0.625000 1173.000000 880.000000
0 366 0.102302 0.955114 0.046036 0.087500 0.636360 1173.000000 880.000000
0 367 0.103154 0.953977 0.046036 0.089773 0.636360 1173.000000 880.000000
0 368 0.104007 0.952841 0.046036 0.092045 0.618180 1173.000000 880.000000
0 369 0.104859 0.951705 0.046036 0.094318 0.618180 1173.000000 880.000000
0 370 0.106138 0.950568 0.046888 0.096591 0.625000 1173.000000 880.000000
0 371 0.106991 0.949432 0.046888 0.098864 0.607140 1173.000000 880.000000
0 372 0.108269 0.948295 0.046036 0.101136 0.618180 1173.000000 880.000000
0 373 0.109122 0.947159 0.046036 0.103409 0.600000 1173.000000 880.000000
0 374 0.109974 0.946023 0.046036 0.105682 0.600000 1173.000000 880.000000
0 375 0.110827 0.945455 0.046036 0.106818 0.600000 1173.000000 880.000000
0 376 0.111679 0.943750 0.046036 0.107955 0.581820 1173.000000 880.000000
0 377 0.112532 0.942614 0.046036 0.110227 0.581820 1173.000000 880.000000
0 378 0.113811 0.941477 0.045183 0.112500 0.592590 1173.000000 880.000000
0 379 0.114663 0.940341 0.045183 0.114773 0.574070 1173.000000 880.000000
0 380 0.115942 0.939205 0.046036 0.117045 0.571680 1173.000000 880.000000
0 381 0.116795 0.938068 0.046036 0.119318 0.543050 1173.000000 880.000000
0 382 0.117647 0.936932 0.046036 0.121591 0.532320 1173.000000 880.000000
0 383 0.118500 0.935795 0.046036 0.123864 0.957690 1173.000000 880.000000
0 384 0.119778 0.934659 0.045183 0.126136 0.945440 1173.000000 880.000000
0 385 0.120631 0.933523 0.045183 0.128409 0.933720 1173.000000 880.000000
0 386 0.121483 0.932386 0.045183 0.130682 0.921780 1173.000000 880.000000
0 387 0.122336 0.931250 0.045183 0.132955 0.910860 1173.000000 880.000000
0 388 0.123188 0.930114 0.045183 0.135227 0.898610 1173.000000 880.000000
0 389 0.124041 0.928977 0.045183 0.137500 0.886160 1173.000000 880.000000
0 390 0.125746 0.928409 0.045183 0.138636 0.862690 1173.000000 880.000000
0 391 0.126598 0.925000 0.045183 0.138636 0.847340 1173.000000 880.000000
0 392 0.128303 0.922727 0.045183 0.138636 0.823850 1173.000000 880.000000
0 393 0.129582 0.920455 0.046036 0.138636 0.803990 1173.000000 880.000000
0 394 0.130861 0.918182 0.045183 0.138636 0.788620 1173.000000 880.000000
0 395 0.132566 0.915909 0.045183 0.138636 0.762420 1173.000000 880.000000
0 396 0.133845 0.913636 0.046036 0.138636 0.764080 1173.000000 880.000000
0 397 0.135124 0.911364 0.045183 0.138636 0.756400 1173.000000 880.000000
0 398 0.136829 0.909091 0.045183 0.138636 0.749770 1173.000000 880.000000
0 399 0.138107 0.906818 0.046036 0.138636 0.746640 1173.000000 880.000000
0 400 0.139812 0.904545 0.046036 0.138636 0.737770 1173.000000 880.000000
0 401 0.140665 0.902273 0.046036 0.138636 0.731260 1173.000000 880.000000
0 402 0.142370 0.900000 0.046036 0.138636 0.720330 1173.000000 880.000000
0 403 0.144075 0.897727 0.046036 0.138636 0.708200 1173.000000 880.000000
0 404 0.144928 0.895455 0.046036 0.138636 0.699330 1173.000000 880.000000
0 405 0.146633 0.893182 0.046036 0.138636 0.685140 1173.000000 880.000000
0 406 0.148338 0.890909 0.046036 0.138636 0.674800 1173.000000 880.000000
0 407 0.149190 0.888636 0.046036 0.138636 0.647450 1173.000000 880.000000
0 408 0.150895 0.886364 0.046036 0.138636 0.617440 1173.000000 880.000000
0 409 0.152174 0.884091 0.046888 0.138636 0.582170 1173.000000 880.000000
0 410 0.153879 0.881818 0.046888 0.138636 0.540070 1173.000000 880.000000
0 411 0.155158 0.879545 0.046036 0.138636 0.507020 1173.000000 880.000000
0 412 0.156436 0.877273 0.046888 0.138636 0.473720 1173.000000 880.000000
0 413 0.158142 0.875000 0.046888 0.138636 0.431620 1173.000000 880.000000
0 414 0.159420 0.872727 0.046036 0.138636 0.402810 1173.000000 880.000000
0 415 0.160699 0.870455 0.046888 0.138636 0.367160 1173.000000 880.000000
0 416 0.162404 0.868182 0.046888 0.138636 0.331450 1173.000000 880.000000
0 417 0.164109 0.865909 0.046888 0.138636 0.305890 1173.000000 880.000000
0 418 0.164962 0.863636 0.046888 0.138636 0.297620 1173.000000 880.000000
0 419 0.166667 0.861364 0.046888 0.138636 0.280490 1173.000000 880.000000
0 420 0.168372 0.859091 0.046888 0.138636 0.271050 1173.000000 880.000000
0 421 0.169224 0.857955 0.046888 0.138636 0.268730 1173.000000 880.000000
0 422 0.170929 0.855682 0.046888 0.138636 0.264370 1173.000000 880.000000
0 423 0.172634 0.853409 0.046888 0.138636 0.257690 1173.000000 880.000000
0 424 0.174339 0.852273 0.046888 0.138636 0.251740 1173.000000 880.000000
0 425 0.175192 0.850000 0.046888 0.138636 0.243320 1173.000000 880.000000
0 426 0.176897 0.847727 0.046888 0.138636 0.230840 1173.000000 880.000000
0 427 0.178602 0.846591 0.046888 0.138636 0.220530 1173.000000 880.000000
0 428 0.180307 0.844318 0.046888 0.138636 0.116000 1173.000000 880.000000
0 429 0.181159 0.842045 0.046888 0.138636 0.104530 1173.000000 880.000000
0 430 0.182864 0.840909 0.046888 0.138636 0.114980 1173.000000 880.000000
0 431 0.184569 0.838636 0.046888 0.138636 0.145470 1173.000000 880.000000
0 432 0.186275 0.836364 0.046888 0.138636 0.175960 1173.000000 880.000000
0 433 0.187127 0.835227 0.046888 0.138636 0.191200 1173.000000 880.000000
0 434 0.188832 0.832955 0.046888 0.138636 0.221690 1173.000000 880.000000
0 435 0.190537 0.830682 0.046888 0.138636 0.252180 1173.000000 880.000000
0 436 0.192242 0.829545 0.046888 0.138636 0.282670 1173.000000 880.000000
0 437 0.193095 0.827273 0.046888 0.138636 0.308650 1173.000000 880.000000
0 438 0.194800 0.825000 0.046888 0.138636 0.339430 1173.000000 880.000000
0 439 0.196505 0.823864 0.046888 0.138636 0.372680 1173.000000 880.000000
0 440 0.198210 0.821591 0.046888 0.138636 0.399680 1173.000000 880.000000
0 441 0.199062 0.819318 0.046888 0.138636 0.405920 1173.000000 880.000000
0 442 0.200767 0.818182 0.046888 0.138636 0.432930 1173.000000 880.000000
0 443 0.202472 0.815909 0.046888 0.138636 0.459060 1173.000000 880.000000
0 444 0.204177 0.813636 0.046888 0.138636 0.485190 1173.000000 880.000000
0 445 0.205030 0.812500 0.046888 0.138636 0.496950 1173.000000 880.000000
0 446 0.206735 0.810227 0.046888 0.138636 0.526570 1173.000000 880.000000
0 447 0.208440 0.807955 0.046888 0.138636 0.557350 1173.000000 880.000000
0 448 0.210145 0.806818 0.046888 0.138636 0.589290 1173.000000 880.000000
0 449 0.210997 0.804545 0.046888 0.138636 0.571430 1173.000000 880.000000
0 450 0.211850 0.803409 0.046888 0.138636 0.535710 1173.000000 880.000000
0 451 0.213555 0.801136 0.046888 0.138636 0.553570 1173.000000 880.000000
0 452 0.214408 0.800000 0.046888 0.138636 0.553570 1173.000000 880.000000
0 453 0.216113 0.798864 0.046888 0.138636 0.571430 1173.000000 880.000000
0 454 0.216965 0.796591 0.046888 0.138636 0.571430 1173.000000 880.000000
0 455 0.218670 0.795455 0.046888 0.138636 0.589290 1173.000000 880.000000
0 456 0.219523 0.793182 0.046888 0.138636 0.589290 1173.000000 880.000000
0 457 0.220375 0.792045 0.046888 0.138636 0.589290 1173.000000 880.000000
0 458 0.222080 0.790909 0.046888 0.138636 0.607140 1173.000000 880.000000
0 459 0.222933 0.788636 0.046888 0.138636 0.607140 1173.000000 880.000000
0 460 0.224638 0.787500 0.046888 0.138636 0.625000 1173.000000 880.000000
0 461 0.225490 0.785227 0.046888 0.138636 0.607140 1173.000000 880.000000
0 462 0.227195 0.784091 0.046888 0.138636 0.625000 1173.000000 880.000000
0 463 0.228048 0.782955 0.046888 0.138636 0.964290 1173.000000 880.000000
0 464 0.229753 0.780682 0.046888 0.138636 1.000000 1173.000000 880.000000
0 465 0.230605 0.779545 0.046888 0.138636 1.000000 1173.000000 880.000000
0 466 0.231458 0.778409 0.046888 0.138636 1.000000 1173.000000 880.000000
0 467 0.233163 0.776136 0.046888 0.138636 1.000000 1173.000000 880.000000
0 468 0.234015 0.775000 0.046888 0.138636 1.000000 1173.000000 880.000000
0 469 0.235720 0.772727 0.046888 0.138636 1.000000 1173.000000 880.000000
0 470 0.236573 0.771591 0.046888 0.138636 1.000000 1173.000000 880.000000
0 471 0.238278 0.770455 0.046888 0.138636 1.000000 1173.000000 880.000000
0 472 0.239130 0.768182 0.046888 0.138636 1.000000 1173.000000 880.000000
0 473 0.239983 0.767045 0.046888 0.138636 1.000000 1173.000000 880.000000
0 474 0.241688 0.764773 0.046888 0.138636 1.000000 1173.000000 880.000000
0 475 0.242540 0.763636 0.046888 0.138636 1.000000 1173.000000 880.000000
0 476 0.244246 0.762500 0.046888 0.138636 1.000000 1173.000000 880.000000
0 477 0.245098 0.760227 0.046888 0.138636 1.000000 1173.000000 880.000000
0 478 0.246803 0.759091 0.046888 0.138636 1.000000 1173.000000 880.000000
0 479 0.247656 0.757955 0.046888 0.138636 1.000000 1173.000000 880.000000
0 480 0.249361 0.755682 0.046888 0.138636 1.000000 1173.000000 880.000000
0 481 0.250213 0.754545 0.046888 0.138636 1.000000 1173.000000 880.000000
0 482 0.251066 0.752273 0.046888 0.138636 1.000000 1173.000000 880.000000
0 483 0.252771 0.751136 0.046888 0.138636 1.000000 1173.000000 880.000000
0 484 0.253623 0.750000 0.046888 0.138636 1.000000 1173.000000 880.000000
0 485 0.255328 0.747727 0.046888 0.138636 1.000000 1173.000000 880.000000
0 486 0.256181 0.746591 0.046888 0.138636 1.000000 1173.000000 880.000000
0 487 0.257886 0.744318 0.046888 0.138636 1.000000 1173.000000 880.000000
0 488 0.258738 0.743182 0.046888 0.138636 1.000000 1173.000000 880.000000
0 489 0.259591 0.742045 0.046888 0.138636 1.000000 1173.000000 880.000000
0 490 0.261296 0.739773 0.046888 0.138636 1.000000 1173.000000 880.000000
0 491 0.262148 0.738636 0.046888 0.138636 1.000000 1173.000000 880.000000
0 492 0.263853 0.737500 0.046888 0.138636 1.000000 1173.000000 880.000000
0 493 0.264706 0.735227 0.046888 0.138636 1.000000 1173.000000 880.000000
0 494 0.266411 0.734091 0.046888 0.138636 1.000000 1173.000000 880.000000
0 495 0.267263 0.731818 0.046888 0.138636 1.000000 1173.000000 880.000000
0 496 0.268968 0.730682 0.046888 0.138636 1.000000 1173.000000 880.000000
0 497 0.269821 0.729545 0.046888 0.138636 1.000000 1173.000000 880.000000
0 498 0.270673 0.727273 0.046888 0.138636 1.000000 1173.000000 880.000000
0 499 0.272379 0.726136 0.046888 0.138636 1.000000 1173.000000 880.000000
0 500 0.273231 0.723864 0.046888 0.138636 1.000000 1173.000000 880.000000
0 501 0.274936 0.722727 0.046888 0.138636 1.000000 1173.000000 880.000000
0 502 0.275789 0.721591 0.046888 0.138636 1.000000 1173.000000 880.000000
0 503 0.277494 0.719318 0.046888 0.138636 1.000000 1173.000000 880.000000
0 504 0.278346 0.718182 0.046888 0.138636 1.000000 1173.000000 880.000000
0 505 0.280051 0.717045 0.046888 0.138636 1.000000 1173.000000 880.000000
0 506 0.280477 0.714773 0.046036 0.138636 1.000000 1173.000000 880.000000
0 507 0.281330 0.712500 0.046036 0.138636 1.000000 1173.000000 880.000000
0 508 0.282182 0.710795 0.046036 0.137500 1.000000 1173.000000 880.000000
0 509 0.283035 0.709091 0.046036 0.138636 1.000000 1173.000000 880.000000
0 510 0.284314 0.706818 0.045183 0.138636 1.000000 1173.000000 880.000000
0 511 0.285166 0.705114 0.045183 0.137500 1.000000 1173.000000 880.000000
0 512 0.286019 0.703409 0.045183 0.138636 1.000000 1173.000000 880.000000
0 513 0.286445 0.701136 0.044331 0.138636 1.000000 1173.000000 880.000000
0 514 0.287724 0.699432 0.043478 0.137500 1.000000 1173.000000 880.000000
0 515 0.288576 0.697159 0.043478 0.137500 1.000000 1173.000000 880.000000
0 516 0.289429 0.695455 0.043478 0.138636 1.000000 1173.000000 880.000000
0 517 0.290281 0.693750 0.043478 0.137500 1.000000 1173.000000 880.000000
0 518 0.291560 0.691477 0.042626 0.137500 1.000000 1173.000000 880.000000
0 519 0.292413 0.689773 0.042626 0.138636 1.000000 1173.000000 880.000000
0 520 0.292839 0.688068 0.041773 0.137500 1.000000 1173.000000 880.000000
0 521 0.293691 0.685795 0.041773 0.137500 1.000000 1173.000000 880.000000
0 522 0.294970 0.683523 0.040921 0.137500 1.000000 1173.000000 880.000000
0 523 0.295823 0.682386 0.040921 0.137500 1.000000 1173.000000 880.000000
0 524 0.296675 0.680114 0.040921 0.137500 1.000000 1173.000000 880.000000
0 525 0.297528 0.677841 0.040921 0.137500 1.000000 1173.000000 880.000000
0 526 0.298806 0.676705 0.040068 0.137500 1.000000 1173.000000 880.000000
0 527 0.298806 0.675000 0.040068 0.136364 1.000000 1173.000000 880.000000
0 528 0.299659 0.673864 0.040068 0.136364 1.000000 1173.000000 880.000000
0 529 0.300512 0.672727 0.040068 0.136364 1.000000 1173.000000 880.000000
0 530 0.301364 0.671591 0.040068 0.136364 1.000000 1173.000000 880.000000
0 531 0.301364 0.670455 0.040068 0.136364 1.000000 1173.000000 880.000000
0 532 0.302217 0.669318 0.040068 0.136364 1.000000 1173.000000 880.000000
0 533 0.303069 0.668182 0.040068 0.136364 1.000000 1173.000000 880.000000
0 534 0.303922 0.667045 0.040068 0.136364 1.000000 1173.000000 880.000000
0 535 0.304348 0.665909 0.040921 0.136364 1.000000 1173.000000 880.000000
0 536 0.304774 0.664773 0.040068 0.136364 0.987780 1173.000000 880.000000
0 537 0.305627 0.663636 0.040068 0.136364 0.963330 1173.000000 880.000000
0 538 0.306479 0.662500 0.040068 0.136364 0.938880 1173.000000 880.000000
0 539 0.306905 0.661364 0.040921 0.136364 0.892220 1173.000000 880.000000
0 540 0.307332 0.660795 0.040068 0.135227 0.887500 1173.000000 880.000000
0 541 0.308184 0.659659 0.040068 0.135227 0.875000 1173.000000 880.000000
0 542 0.309037 0.658523 0.040068 0.135227 0.862500 1173.000000 880.000000
0 543 0.309463 0.657386 0.040921 0.135227 0.853060 1173.000000 880.000000
0 544 0.310315 0.656250 0.040921 0.135227 0.840820 1173.000000 880.000000
0 545 0.310742 0.655114 0.040068 0.135227 0.825000 1173.000000 880.000000
0 546 0.311594 0.653977 0.040068 0.135227 0.812500 1173.000000 880.000000
0 547 0.312020 0.652841 0.040921 0.135227 0.801360 1173.000000 880.000000
0 548 0.312873 0.651705 0.040921 0.135227 0.788950 1173.000000 880.000000
0 549 0.313299 0.650568 0.040068 0.135227 0.771870 1173.000000 880.000000
0 550 0.314152 0.649432 0.040068 0.135227 0.771870 1173.000000 880.000000
0 551 0.314578 0.648295 0.040921 0.135227 0.751700 1173.000000 880.000000
0 552 0.315431 0.647159 0.040921 0.135227 0.739290 1173.000000 880.000000
0 553 0.316283 0.646023 0.040921 0.135227 0.726870 1173.000000 880.000000
0 554 0.316709 0.645455 0.040068 0.134091 0.714990 1173.000000 880.000000
0 555 0.317136 0.644318 0.040921 0.134091 0.695420 1173.000000 880.000000
0 556 0.317988 0.643182 0.040921 0.134091 0.682730 1173.000000 880.000000
0 557 0.318841 0.642045 0.040921 0.134091 0.670040 1173.000000 880.000000
0 558 0.319267 0.640909 0.040068 0.134091 0.663170 1173.000000 880.000000
0 559 0.319693 0.639773 0.040921 0.134091 0.644660 1173.000000 880.000000
0 560 0.320546 0.638636 0.040921 0.134091 0.631970 1173.000000 880.000000
0 561 0.321398 0.637500 0.040921 0.134091 0.619280 1173.000000 880.000000
0 562 0.322251 0.636364 0.040921 0.134091 0.606590 1173.000000 880.000000
0 563 0.322251 0.635227 0.040921 0.134091 0.593890 1173.000000 880.000000
0 564 0.323103 0.634091 0.040921 0.134091 0.581200 1173.000000 880.000000
0 565 0.323956 0.632955 0.040921 0.134091 0.568510 1173.000000 880.000000
0 566 0.324808 0.631818 0.040921 0.134091 0.555820 1173.000000 880.000000
0 567 0.325661 0.631250 0.040921 0.132955 0.552060 1173.000000 880.000000
0 568 0.325661 0.630114 0.040921 0.132955 0.526460 1173.000000 880.000000
0 569 0.326513 0.628977 0.040921 0.132955 0.513660 1173.000000 880.000000
0 570 0.327366 0.627841 0.040921 0.132955 0.500860 1173.000000 880.000000
0 571 0.328218 0.626705 0.040921 0.132955 0.488070 1173.000000 880.000000
0 572 0.329071 0.625568 0.040921 0.132955 0.481150 1173.000000 880.000000
0 573 0.329923 0.624432 0.040921 0.132955 0.468180 1173.000000 880.000000
0 574 0.330776 0.623295 0.040921 0.132955 0.468180 1173.000000 880.000000
0 575 0.331628 0.622159 0.040921 0.132955 0.447940 1173.000000 880.000000
0 576 0.332481 0.621023 0.040921 0.132955 0.434800 1173.000000 880.000000
0 577 0.333333 0.619886 0.040921 0.132955 0.434800 1173.000000 880.000000
0 578 0.334186 0.618750 0.040921 0.132955 0.414040 1173.000000 880.000000
0 579 0.335038 0.618750 0.040921 0.132955 0.392940 1173.000000 880.000000
0 580 0.335891 0.617614 0.040921 0.132955 0.392940 1173.000000 880.000000
0 581 0.336743 0.616477 0.040921 0.132955 0.371500 1173.000000 880.000000
0 582 0.337596 0.615341 0.040921 0.132955 0.357830 1173.000000 880.000000
0 583 0.338448 0.614205 0.040921 0.132955 0.357830 1173.000000 880.000000
0 584 0.339301 0.613068 0.040921 0.132955 0.335870 1173.000000 880.000000
0 585 0.339301 0.611932 0.040921 0.132955 0.322030 1173.000000 880.000000
0 586 0.340153 0.610795 0.040921 0.132955 0.322030 1173.000000 880.000000
0 587 0.341006 0.609659 0.040921 0.132955 0.327570 1173.000000 880.000000
0 588 0.341858 0.608523 0.040921 0.132955 0.327570 1173.000000 880.000000
0 589 0.342711 0.607386 0.040921 0.132955 0.341580 1173.000000 880.000000
0 590 0.343564 0.607386 0.040921 0.132955 0.339670 1173.000000 880.000000
0 591 0.344416 0.606250 0.040921 0.132955 0.339670 1173.000000 880.000000
0 592 0.345269 0.605114 0.040921 0.132955 0.354030 1173.000000 880.000000
0 593 0.346121 0.603977 0.040921 0.132955 0.368380 1173.000000 880.000000
0 594 0.346974 0.602841 0.040921 0.132955 0.360770 1173.000000 880.000000
0 595 0.347826 0.601705 0.040921 0.132955 0.375300 1173.000000 880.000000
0 596 0.348679 0.600568 0.040921 0.132955 0.389830 1173.000000 880.000000
0 597 0.349531 0.599432 0.040921 0.132955 0.404360 1173.000000 880.000000
0 598 0.350384 0.598295 0.040921 0.132955 0.418890 1173.000000 880.000000
0 599 0.351236 0.597159 0.040921 0.132955 0.433410 1173.000000 880.000000
0 600 0.352089 0.596023 0.040921 0.132955 0.447940 1173.000000 880.000000
0 601 0.352941 0.596023 0.040921 0.132955 0.456070 1173.000000 880.000000
0 602 0.353367 0.593750 0.040068 0.128409 0.469120 1173.000000 880.000000
0 603 0.354220 0.592614 0.040068 0.123864 0.478410 1173.000000 880.000000
0 604 0.355499 0.590909 0.039216 0.120455 0.481610 1173.000000 880.000000
0 605 0.355925 0.589205 0.038363 0.114773 0.144080 1173.000000 880.000000
0 606 0.356777 0.587500 0.038363 0.111364 0.137020 1173.000000 880.000000
0 607 0.358056 0.586364 0.037511 0.106818 0.128650 1173.000000 880.000000
0 608 0.358909 0.585227 0.037511 0.106818 0.128650 1173.000000 880.000000
0 609 0.359761 0.584091 0.037511 0.106818 0.128650 1173.000000 880.000000
0 610 0.360614 0.582955 0.037511 0.106818 0.140120 1173.000000 880.000000
0 611 0.361893 0.582955 0.038363 0.106818 0.153320 1173.000000 880.000000
0 612 0.362745 0.581818 0.038363 0.106818 0.170480 1173.000000 880.000000
0 613 0.364024 0.580682 0.037511 0.106818 0.187130 1173.000000 880.000000
0 614 0.364876 0.579545 0.037511 0.106818 0.200000 1173.000000 880.000000
0 615 0.366155 0.579545 0.038363 0.106818 0.212810 1173.000000 880.000000
0 616 0.367008 0.578409 0.038363 0.106818 0.230430 1173.000000 880.000000
0 617 0.367860 0.577273 0.038363 0.106818 0.265680 1173.000000 880.000000
0 618 0.369565 0.577273 0.038363 0.106818 0.243940 1173.000000 880.000000
0 619 0.369565 0.575000 0.038363 0.106818 0.283300 1173.000000 880.000000
0 620 0.370418 0.573864 0.038363 0.106818 0.322650 1173.000000 880.000000
0 621 0.370844 0.572727 0.037511 0.106818 0.325610 1173.000000 880.000000
0 622 0.371270 0.571023 0.038363 0.107955 0.360280 1173.000000 880.000000
0 623 0.372123 0.569886 0.038363 0.107955 0.399460 1173.000000 880.000000
0 624 0.372549 0.568750 0.037511 0.107955 0.421760 1173.000000 880.000000
0 625 0.372975 0.567045 0.038363 0.109091 0.436130 1173.000000 880.000000
0 626 0.373828 0.565909 0.038363 0.109091 0.453380 1173.000000 880.000000
0 627 0.374254 0.564773 0.037511 0.109091 0.498740 1173.000000 880.000000
0 628 0.375107 0.563636 0.037511 0.109091 0.876520 1173.000000 880.000000
0 629 0.375533 0.561364 0.038363 0.109091 0.528240 1173.000000 880.000000
0 630 0.375959 0.560227 0.037511 0.109091 0.930360 1173.000000 880.000000
0 631 0.376812 0.559091 0.037511 0.109091 0.947770 1173.000000 880.000000
0 632 0.377238 0.557386 0.038363 0.110227 0.965840 1173.000000 880.000000
0 633 0.377664 0.556250 0.037511 0.110227 1.000000 1173.000000 880.000000
0 634 0.378517 0.555114 0.037511 0.110227 1.000000 1173.000000 880.000000
0 635 0.378943 0.553409 0.038363 0.111364 1.000000 1173.000000 880.000000
0 636 0.379369 0.552273 0.037511 0.111364 1.000000 1173.000000 880.000000
0 637 0.380222 0.551136 0.037511 0.111364 1.000000 1173.000000 880.000000
0 638 0.381074 0.550000 0.037511 0.111364 1.000000 1173.000000 880.000000
0 639 0.381927 0.547727 0.037511 0.111364 1.000000 1173.000000 880.000000
0 640 0.382779 0.546591 0.037511 0.111364 1.000000 1173.000000 880.000000
0 641 0.384058 0.545455 0.038363 0.111364 1.000000 1173.000000 880.000000
0 642 0.384910 0.544318 0.038363 0.111364 1.000000 1173.000000 880.000000
0 643 0.386616 0.543182 0.038363 0.111364 1.000000 1173.000000 880.000000
0 644 0.386616 0.540909 0.038363 0.111364 1.000000 1173.000000 880.000000
0 645 0.387468 0.538636 0.038363 0.111364 1.000000 1173.000000 880.000000
0 646 0.387894 0.537500 0.037511 0.111364 1.000000 1173.000000 880.000000
0 647 0.388321 0.535227 0.038363 0.111364 1.000000 1173.000000 880.000000
0 648 0.389173 0.534091 0.038363 0.111364 1.000000 1173.000000 880.000000
0 649 0.389599 0.531818 0.037511 0.111364 1.000000 1173.000000 880.000000
0 650 0.390026 0.529545 0.038363 0.111364 1.000000 1173.000000 880.000000
0 651 0.390452 0.528409 0.037511 0.111364 1.000000 1173.000000 880.000000
0 652 0.391304 0.526136 0.037511 0.111364 1.000000 1173.000000 880.000000
0 653 0.392157 0.525000 0.037511 0.111364 1.000000 1173.000000 880.000000
0 654 0.392157 0.522727 0.037511 0.111364 0.533330 1173.000000 880.000000
0 655 0.393009 0.521591 0.037511 0.111364 1.000000 1173.000000 880.000000
0 656 0.393862 0.519318 0.037511 0.111364 0.577780 1173.000000 880.000000
0 657 0.394714 0.518182 0.037511 0.111364 1.000000 1173.000000 880.000000
0 658 0.395141 0.515909 0.038363 0.111364 0.586960 1173.000000 880.000000
0 659 0.395993 0.514773 0.038363 0.111364 1.000000 1173.000000 880.000000
0 660 0.396419 0.513636 0.037511 0.111364 1.000000 1173.000000 880.000000
0 661 0.397272 0.511364 0.037511 0.111364 1.000000 1173.000000 880.000000
0 662 0.397698 0.510227 0.038363 0.111364 1.000000 1173.000000 880.000000
0 663 0.398551 0.507955 0.038363 0.111364 1.000000 1173.000000 880.000000
0 664 0.399403 0.506818 0.038363 0.111364 1.000000 1173.000000 880.000000
0 665 0.400256 0.505682 0.038363 0.111364 1.000000 1173.000000 880.000000
0 666 0.400256 0.503409 0.038363 0.111364 1.000000 1173.000000 880.000000
0 667 0.400256 0.501136 0.038363 0.111364 1.000000 1173.000000 880.000000
0 668 0.400256 0.500000 0.038363 0.111364 1.000000 1173.000000 880.000000
0 669 0.401108 0.497727 0.038363 0.111364 1.000000 1173.000000 880.000000
0 670 0.401108 0.495455 0.038363 0.111364 0.630430 1173.000000 880.000000
0 671 0.401108 0.494318 0.038363 0.111364 1.000000 1173.000000 880.000000
0 672 0.401108 0.492045 0.038363 0.111364 0.608700 1173.000000 880.000000
0 673 0.401961 0.490909 0.038363 0.111364 1.000000 1173.000000 880.000000
0 674 0.401961 0.488636 0.038363 0.111364 0.608700 1173.000000 880.000000
0 675 0.401961 0.486364 0.038363 0.111364 0.608700 1173.000000 880.000000
0 676 0.401961 0.485227 0.038363 0.111364 0.586960 1173.000000 880.000000
0 677 0.402813 0.482955 0.038363 0.111364 0.586960 1173.000000 880.000000
0 678 0.402813 0.480682 0.038363 0.111364 0.565220 1173.000000 880.000000
0 679 0.402813 0.479545 0.038363 0.111364 0.543480 1173.000000 880.000000
0 680 0.402813 0.477273 0.038363 0.111364 0.543480 1173.000000 880.000000
0 681 0.403666 0.476136 0.038363 0.111364 0.543480 1173.000000 880.000000
0 682 0.403666 0.475000 0.038363 0.111364 0.521740 1173.000000 880.000000
0 683 0.404518 0.473864 0.038363 0.111364 0.521740 1173.000000 880.000000
0 684 0.404945 0.472727 0.037511 0.111364 0.511110 1173.000000 880.000000
0 685 0.405371 0.471591 0.038363 0.111364 0.521740 1173.000000 880.000000
0 686 0.406223 0.470455 0.038363 0.111364 0.521740 1173.000000 880.000000
0 687 0.406650 0.469318 0.037511 0.111364 0.511110 1173.000000 880.000000
0 688 0.407076 0.468182 0.038363 0.111364 0.500000 1173.000000 880.000000
0 689 0.407928 0.468182 0.038363 0.111364 0.500000 1173.000000 880.000000
0 690 0.408355 0.467045 0.037511 0.111364 1.000000 1173.000000 880.000000
0 691 0.408781 0.465909 0.038363 0.111364 1.000000 1173.000000 880.000000
0 692 0.409207 0.464773 0.037511 0.111364 1.000000 1173.000000 880.000000
0 693 0.410060 0.463636 0.037511 0.111364 1.000000 1173.000000 880.000000
0 694 0.410486 0.462500 0.038363 0.111364 1.000000 1173.000000 880.000000
0 695 0.410912 0.461364 0.037511 0.111364 1.000000 1173.000000 880.000000
0 696 0.411765 0.460227 0.037511 0.111364 1.000000 1173.000000 880.000000
0 697 0.412617 0.460227 0.037511 0.111364 1.000000 1173.000000 880.000000
0 698 0.412617 0.457955 0.037511 0.111364 1.000000 1173.000000 880.000000
0 699 0.413470 0.456818 0.037511 0.111364 0.997310 1173.000000 880.000000
0 700 0.413470 0.455114 0.037511 0.110227 0.997510 1173.000000 880.000000
0 701 0.414322 0.453977 0.037511 0.110227 0.994560 1173.000000 880.000000
0 702 0.414322 0.452273 0.037511 0.109091 0.994960 1173.000000 880.000000
0 703 0.415175 0.451136 0.037511 0.109091 0.991750 1173.000000 880.000000
0 704 0.415175 0.449432 0.037511 0.107955 0.992360 1173.000000 880.000000
0 705 0.416027 0.448295 0.037511 0.107955 0.989810 1173.000000 880.000000
0 706 0.416027 0.446591 0.037511 0.106818 0.990640 1173.000000 880.000000
0 707 0.416880 0.445455 0.037511 0.106818 0.988300 1173.000000 880.000000
0 708 0.417732 0.443750 0.037511 0.107955 0.986110 1173.000000 880.000000
0 709 0.417732 0.442045 0.037511 0.106818 0.987370 1173.000000 880.000000
0 710 0.418585 0.440909 0.037511 0.106818 0.985260 1173.000000 880.000000
0 711 0.418585 0.439205 0.037511 0.105682 0.986760 1173.000000 880.000000
0 712 0.419437 0.438068 0.037511 0.105682 0.984870 1173.000000 880.000000
0 713 0.419437 0.436364 0.037511 0.104545 0.986620 1173.000000 880.000000
0 714 0.420290 0.435227 0.037511 0.104545 0.987100 1173.000000 880.000000
0 715 0.420290 0.433523 0.037511 0.103409 0.500240 1173.000000 880.000000
0 716 0.421142 0.432386 0.037511 0.103409 0.987920 1173.000000 880.000000
0 717 0.421995 0.431250 0.037511 0.103409 0.986710 1173.000000 880.000000
0 718 0.421995 0.430114 0.037511 0.103409 0.986710 1173.000000 880.000000
0 719 0.422847 0.428977 0.037511 0.103409 0.985510 1173.000000 880.000000
0 720 0.422847 0.427841 0.037511 0.103409 0.985510 1173.000000 880.000000
0 721 0.423700 0.426705 0.037511 0.103409 0.984300 1173.000000 880.000000
0 722 0.423700 0.425568 0.037511 0.103409 0.988410 1173.000000 880.000000
0 723 0.424552 0.424432 0.037511 0.103409 0.987440 1173.000000 880.000000
0 724 0.424979 0.423295 0.038363 0.103409 0.986770 1173.000000 880.000000
0 725 0.425405 0.422159 0.037511 0.103409 0.986470 1173.000000 880.000000
0 726 0.425831 0.421023 0.038363 0.103409 0.985820 1173.000000 880.000000
0 727 0.426257 0.419886 0.037511 0.103409 0.985510 1173.000000 880.000000
0 728 0.426684 0.418750 0.038363 0.103409 0.506620 1173.000000 880.000000
0 729 0.427536 0.418750 0.038363 0.103409 0.979910 1173.000000 880.000000
0 730 0.427536 0.417614 0.038363 0.103409 0.979910 1173.000000 880.000000
0 731 0.427536 0.417614 0.038363 0.103409 0.979910 1173.000000 880.000000
0 732 0.427962 0.416477 0.037511 0.103409 0.979470 1173.000000 880.000000
0 733 0.427962 0.416477 0.037511 0.103409 0.975360 1173.000000 880.000000
0 734 0.428389 0.415341 0.038363 0.103409 0.974480 1173.000000 880.000000
0 735 0.428815 0.415341 0.037511 0.103409 0.969570 1173.000000 880.000000
0 736 0.428815 0.414205 0.037511 0.103409 0.969570 1173.000000 880.000000
0 737 0.428815 0.414205 0.037511 0.103409 0.965220 1173.000000 880.000000
0 738 0.429668 0.414205 0.037511 0.103409 0.958700 1173.000000 880.000000
0 739 0.429668 0.412500 0.037511 0.102273 0.969230 1173.000000 880.000000
0 740 0.429668 0.411364 0.037511 0.102273 0.964840 1173.000000 880.000000
0 741 0.430520 0.410227 0.037511 0.102273 0.962880 1173.000000 880.000000
0 742 0.430520 0.409091 0.037511 0.102273 0.962880 1173.000000 880.000000
0 743 0.430520 0.407955 0.037511 0.102273 0.964840 1173.000000 880.000000
0 744 0.431373 0.406818 0.037511 0.102273 0.962880 1173.000000 880.000000
0 745 0.431373 0.405682 0.037511 0.102273 0.962880 1173.000000 880.000000
0 746 0.432225 0.404545 0.037511 0.102273 0.962880 1173.000000 880.000000
0 747 0.432225 0.403409 0.037511 0.102273 0.962880 1173.000000 880.000000
0 748 0.432225 0.402273 0.037511 0.102273 0.962880 1173.000000 880.000000
0 749 0.433078 0.401136 0.037511 0.102273 0.962880 1173.000000 880.000000
0 750 0.433078 0.400000 0.037511 0.102273 0.962880 1173.000000 880.000000
0 751 0.433930 0.398864 0.037511 0.102273 0.960930 1173.000000 880.000000
0 752 0.433930 0.397727 0.037511 0.102273 0.962880 1173.000000 880.000000
0 753 0.433930 0.396591 0.037511 0.102273 0.962880 1173.000000 880.000000
0 754 0.434783 0.395455 0.037511 0.102273 0.489380 1173.000000 880.000000
0 755 0.434783 0.394318 0.037511 0.102273 0.489380 1173.000000 880.000000
0 756 0.435635 0.393182 0.037511 0.102273 0.511600 1173.000000 880.000000
0 757 0.435635 0.392045 0.037511 0.102273 0.489380 1173.000000 880.000000
0 758 0.435635 0.390909 0.037511 0.102273 0.489380 1173.000000 880.000000
0 759 0.436061 0.389773 0.038363 0.102273 0.500480 1173.000000 880.000000
0 760 0.436488 0.388636 0.037511 0.102273 0.511600 1173.000000 880.000000
0 761 0.436488 0.387500 0.037511 0.102273 0.489380 1173.000000 880.000000
0 762 0.436914 0.386364 0.038363 0.102273 0.500480 1173.000000 880.000000
0 763 0.437340 0.385227 0.037511 0.102273 0.511600 1173.000000 880.000000
0 764 0.437340 0.384091 0.037511 0.102273 0.511600 1173.000000 880.000000
0 765 0.437766 0.382955 0.038363 0.102273 0.500480 1173.000000 880.000000
0 766 0.438193 0.382955 0.037511 0.102273 0.506720 1173.000000 880.000000
0 767 0.438193 0.381818 0.037511 0.102273 0.506720 1173.000000 880.000000
0 768 0.438619 0.380682 0.038363 0.102273 0.495700 1173.000000 880.000000
0 769 0.438619 0.379545 0.038363 0.102273 0.495700 1173.000000 880.000000
0 770 0.439045 0.378409 0.037511 0.102273 0.506720 1173.000000 880.000000
0 771 0.439471 0.377273 0.038363 0.102273 0.515050 1173.000000 880.000000
0 772 0.439471 0.376136 0.038363 0.102273 0.493310 1173.000000 880.000000
0 773 0.439898 0.375000 0.037511 0.102273 0.504270 1173.000000 880.000000
0 774 0.440324 0.373864 0.038363 0.102273 0.512660 1173.000000 880.000000
0 775 0.440324 0.372727 0.038363 0.102273 0.490920 1173.000000 880.000000
0 776 0.441176 0.372727 0.038363 0.102273 0.939560 1173.000000 880.000000
0 777 0.441176 0.371591 0.038363 0.102273 0.939560 1173.000000 880.000000
0 778 0.441176 0.370455 0.038363 0.102273 0.939560 1173.000000 880.000000
0 779 0.442029 0.369318 0.038363 0.102273 0.936930 1173.000000 880.000000
0 780 0.442029 0.368182 0.038363 0.102273 0.936930 1173.000000 880.000000
0 781 0.442455 0.368182 0.037511 0.102273 0.929670 1173.000000 880.000000
0 782 0.442882 0.367045 0.038363 0.102273 0.928330 1173.000000 880.000000
0 783 0.442882 0.365909 0.038363 0.102273 0.934300 1173.000000 880.000000
0 784 0.443308 0.364773 0.037511 0.102273 0.932840 1173.000000 880.000000
0 785 0.443734 0.364773 0.038363 0.102273 0.925470 1173.000000 880.000000
0 786 0.444160 0.363636 0.037511 0.102273 0.923810 1173.000000 880.000000
0 787 0.444160 0.362500 0.037511 0.102273 0.923810 1173.000000 880.000000
0 788 0.444587 0.361364 0.038363 0.102273 0.922600 1173.000000 880.000000
0 789 0.445013 0.361364 0.037511 0.102273 0.914290 1173.000000 880.000000
0 790 0.445013 0.360227 0.037511 0.102273 0.914290 1173.000000 880.000000
0 791 0.445865 0.359091 0.037511 0.102273 0.911110 1173.000000 880.000000
0 792 0.445865 0.357955 0.037511 0.102273 0.514290 1173.000000 880.000000
0 793 0.446718 0.357955 0.037511 0.102273 0.900850 1173.000000 880.000000
0 794 0.446718 0.356818 0.037511 0.102273 0.900850 1173.000000 880.000000
0 795 0.446718 0.355682 0.037511 0.102273 0.900850 1173.000000 880.000000
0 796 0.447570 0.354545 0.037511 0.102273 0.545300 1173.000000 880.000000
0 797 0.447570 0.353409 0.037511 0.102273 0.533330 1173.000000 880.000000
0 798 0.447997 0.353409 0.038363 0.102273 0.896320 1173.000000 880.000000
0 799 0.448423 0.352273 0.037511 0.102273 0.545300 1173.000000 880.000000
0 800 0.448849 0.351136 0.038363 0.102273 0.551840 1173.000000 880.000000
0 801 0.449275 0.350000 0.037511 0.102273 0.564100 1173.000000 880.000000
0 802 0.449702 0.350000 0.038363 0.102273 0.544670 1173.000000 880.000000
0 803 0.449702 0.348864 0.038363 0.102273 0.551840 1173.000000 880.000000
0 804 0.450554 0.347727 0.038363 0.102273 0.570230 1173.000000 880.000000
0 805 0.450554 0.346591 0.038363 0.102273 0.551840 1173.000000 880.000000
0 806 0.451407 0.346591 0.038363 0.102273 0.874580 1173.000000 880.000000
0 807 0.451407 0.344886 0.038363 0.101136 0.550720 1173.000000 880.000000
0 808 0.451407 0.343750 0.038363 0.101136 0.557970 1173.000000 880.000000
0 809 0.451407 0.342614 0.038363 0.101136 0.539370 1173.000000 880.000000
0 810 0.451407 0.341477 0.038363 0.101136 0.539370 1173.000000 880.000000
0 811 0.451407 0.340341 0.038363 0.098864 0.544470 1173.000000 880.000000
0 812 0.451407 0.339205 0.038363 0.098864 0.525690 1173.000000 880.000000
0 813 0.451833 0.338068 0.037511 0.098864 0.544440 1173.000000 880.000000
0 814 0.451833 0.336932 0.037511 0.098864 0.525000 1173.000000 880.000000
0 815 0.451833 0.335795 0.037511 0.098864 0.525000 1173.000000 880.000000
0 816 0.452259 0.334659 0.038363 0.096591 0.518710 1173.000000 880.000000
0 817 0.452259 0.333523 0.038363 0.096591 0.518710 1173.000000 880.000000
0 818 0.452259 0.332386 0.038363 0.096591 0.525530 1173.000000 880.000000
0 819 0.452685 0.331250 0.037511 0.096591 0.517310 1173.000000 880.000000
0 820 0.452685 0.330114 0.037511 0.096591 0.517310 1173.000000 880.000000
0 821 0.452685 0.328977 0.037511 0.094318 0.502650 1173.000000 880.000000
0 822 0.452685 0.327841 0.037511 0.094318 0.502650 1173.000000 880.000000
0 823 0.452685 0.326705 0.037511 0.094318 0.488890 1173.000000 880.000000
0 824 0.452685 0.325568 0.037511 0.094318 0.488890 1173.000000 880.000000
0 825 0.453538 0.325000 0.037511 0.093182 0.488350 1173.000000 880.000000
0 826 0.453538 0.323295 0.037511 0.094318 0.468520 1173.000000 880.000000
0 827 0.454390 0.322159 0.037511 0.094318 0.468520 1173.000000 880.000000
0 828 0.454817 0.321023 0.036658 0.094318 0.464290 1173.000000 880.000000
0 829 0.455669 0.319886 0.036658 0.094318 0.464290 1173.000000 880.000000
0 830 0.456095 0.318750 0.035806 0.094318 0.475080 1173.000000 880.000000
0 831 0.456948 0.318182 0.035806 0.095455 0.469490 1173.000000 880.000000
0 832 0.457801 0.316477 0.035806 0.096591 0.469980 1173.000000 880.000000
0 833 0.458227 0.315341 0.034953 0.096591 0.459300 1173.000000 880.000000
0 834 0.459079 0.314205 0.034953 0.096591 0.465120 1173.000000 880.000000
0 835 0.459506 0.313068 0.034101 0.096591 0.453770 1173.000000 880.000000
0 836 0.460358 0.311932 0.034101 0.096591 0.933640 1173.000000 880.000000
0 837 0.461211 0.311364 0.034101 0.097727 0.921500 1173.000000 880.000000
0 838 0.461211 0.310227 0.034101 0.097727 0.923470 1173.000000 880.000000
0 839 0.461637 0.309091 0.034953 0.097727 0.923370 1173.000000 880.000000
0 840 0.462063 0.307955 0.034101 0.097727 0.934400 1173.000000 880.000000
0 841 0.462489 0.306818 0.034953 0.097727 0.934320 1173.000000 880.000000
0 842 0.462916 0.305682 0.034101 0.097727 0.934400 1173.000000 880.000000
0 843 0.463342 0.304545 0.034953 0.097727 0.934320 1173.000000 880.000000
0 844 0.463768 0.304545 0.034101 0.097727 0.923470 1173.000000 880.000000
0 845 0.464194 0.303409 0.034953 0.097727 0.923370 1173.000000 880.000000
0 846 0.464194 0.302273 0.034953 0.097727 0.935960 1173.000000 880.000000
0 847 0.465047 0.301136 0.034953 0.097727 0.923370 1173.000000 880.000000
0 848 0.465047 0.300000 0.034953 0.097727 0.923370 1173.000000 880.000000
0 849 0.465899 0.298864 0.034953 0.097727 0.921460 1173.000000 880.000000
0 850 0.465899 0.297727 0.034953 0.097727 0.921460 1173.000000 880.000000
0 851 0.466752 0.297727 0.034953 0.097727 0.910240 1173.000000 880.000000
0 852 0.466752 0.296591 0.034953 0.097727 0.910240 1173.000000 880.000000
0 853 0.466752 0.296591 0.034953 0.097727 0.899010 1173.000000 880.000000
0 854 0.467604 0.295455 0.034953 0.097727 0.896550 1173.000000 880.000000
0 855 0.467604 0.295455 0.034953 0.097727 0.887790 1173.000000 880.000000
0 856 0.467604 0.294318 0.034953 0.097727 0.887790 1173.000000 880.000000
0 857 0.468457 0.294318 0.034953 0.097727 0.873560 1173.000000 880.000000
0 858 0.468457 0.293182 0.034953 0.097727 0.873560 1173.000000 880.000000
0 859 0.468883 0.293182 0.034101 0.097727 0.862070 1173.000000 880.000000
0 860 0.469309 0.292045 0.034953 0.097727 0.862070 1173.000000 880.000000
0 861 0.469309 0.292045 0.034953 0.097727 0.850570 1173.000000 880.000000
0 862 0.469736 0.290909 0.034101 0.097727 0.850570 1173.000000 880.000000
0 863 0.470162 0.290909 0.034953 0.097727 0.839080 1173.000000 880.000000
0 864 0.470588 0.289773 0.034101 0.097727 0.839080 1173.000000 880.000000
0 865 0.470588 0.289773 0.034101 0.097727 0.827590 1173.000000 880.000000
0 866 0.471014 0.288636 0.034953 0.097727 0.827590 1173.000000 880.000000
0 867 0.471441 0.288636 0.034101 0.097727 0.816090 1173.000000 880.000000
0 868 0.471441 0.287500 0.034101 0.097727 0.816090 1173.000000 880.000000
0 869 0.472293 0.287500 0.034101 0.097727 0.804600 1173.000000 880.000000
0 870 0.472293 0.286364 0.034101 0.097727 0.804600 1173.000000 880.000000
0 871 0.472293 0.285227 0.034101 0.097727 0.804600 1173.000000 880.000000
0 872 0.472293 0.284091 0.034101 0.097727 0.804600 1173.000000 880.000000
0 873 0.472293 0.282955 0.034101 0.097727 0.804600 1173.000000 880.000000
0 874 0.472293 0.281818 0.034101 0.097727 0.804600 1173.000000 880.000000
0 875 0.473146 0.280682 0.034101 0.097727 0.804600 1173.000000 880.000000
0 876 0.473146 0.279545 0.034101 0.097727 0.804600 1173.000000 880.000000
0 877 0.473146 0.278409 0.034101 0.097727 0.804600 1173.000000 880.000000
0 878 0.473146 0.277273 0.034101 0.097727 0.804600 1173.000000 880.000000
0 879 0.473146 0.276136 0.034101 0.097727 0.804600 1173.000000 880.000000
0 880 0.473998 0.276136 0.034101 0.097727 0.804600 1173.000000 880.000000
0 881 0.473998 0.275000 0.034101 0.097727 0.804600 1173.000000 880.000000
0 882 0.473998 0.273864 0.034101 0.097727 0.804600 1173.000000 880.000000
0 883 0.473998 0.272727 0.034101 0.097727 0.804600 1173.000000 880.000000
0 884 0.473998 0.271591 0.034101 0.097727 0.816090 1173.000000 880.000000
0 885 0.473998 0.270455 0.034101 0.097727 0.816090 1173.000000 880.000000
0 886 0.474851 0.269318 0.034101 0.097727 0.816090 1173.000000 880.000000
0 887 0.474851 0.268182 0.034101 0.097727 0.816090 1173.000000 880.000000
0 888 0.474851 0.267045 0.034101 0.097727 0.827590 1173.000000 880.000000
0 889 0.474851 0.265909 0.034101 0.097727 0.827590 1173.000000 880.000000
0 890 0.474851 0.264773 0.034101 0.097727 0.827590 1173.000000 880.000000
0 891 0.475703 0.264773 0.034101 0.097727 0.816090 1173.000000 880.000000
0 892 0.475703 0.263636 0.034101 0.097727 0.816090 1173.000000 880.000000
0 893 0.475703 0.262500 0.034101 0.097727 0.826180 1173.000000 880.000000
0 894 0.475703 0.261364 0.034101 0.097727 0.826180 1173.000000 880.000000
0 895 0.475703 0.260227 0.034101 0.097727 0.826180 1173.000000 880.000000
0 896 0.475703 0.260227 0.034101 0.097727 0.814410 1173.000000 880.000000
0 897 0.475703 0.259091 0.034101 0.097727 0.824220 1173.000000 880.000000
0 898 0.475703 0.257955 0.034101 0.097727 0.824220 1173.000000 880.000000
0 899 0.475703 0.256818 0.034101 0.097727 0.824220 1173.000000 880.000000
0 900 0.475703 0.255682 0.034101 0.097727 0.824220 1173.000000 880.000000
0 901 0.475703 0.255682 0.034101 0.097727 0.822540 1173.000000 880.000000
0 902 0.475703 0.254545 0.034101 0.097727 0.822540 1173.000000 880.000000
0 903 0.475703 0.253977 0.034101 0.096591 0.822180 1173.000000 880.000000
0 904 0.476130 0.252841 0.033248 0.096591 0.833720 1173.000000 880.000000
0 905 0.476130 0.252273 0.033248 0.095455 0.831760 1173.000000 880.000000
0 906 0.476130 0.251136 0.033248 0.095455 0.844120 1173.000000 880.000000
0 907 0.476982 0.250568 0.033248 0.094318 0.843450 1173.000000 880.000000
0 908 0.476982 0.249432 0.033248 0.094318 0.853570 1173.000000 880.000000
0 909 0.476982 0.248864 0.033248 0.093182 0.853610 1173.000000 880.000000
0 910 0.477408 0.247727 0.032396 0.093182 0.865620 1173.000000 880.000000
0 911 0.477408 0.247159 0.032396 0.092045 0.864290 1173.000000 880.000000
0 912 0.478261 0.246591 0.032396 0.090909 0.874640 1173.000000 880.000000
0 913 0.478261 0.245455 0.032396 0.090909 0.876540 1173.000000 880.000000
0 914 0.478261 0.244318 0.032396 0.090909 0.876540 1173.000000 880.000000
0 915 0.478261 0.243182 0.032396 0.090909 0.888890 1173.000000 880.000000
0 916 0.478261 0.243182 0.032396 0.090909 0.876540 1173.000000 880.000000
0 917 0.478261 0.242045 0.032396 0.090909 0.888890 1173.000000 880.000000
0 918 0.478261 0.240909 0.032396 0.090909 0.888890 1173.000000 880.000000
0 919 0.478261 0.239773 0.032396 0.090909 0.901230 1173.000000 880.000000
0 920 0.478261 0.239773 0.032396 0.090909 0.888890 1173.000000 880.000000
0 921 0.478261 0.238636 0.032396 0.090909 0.901230 1173.000000 880.000000
0 922 0.478261 0.237500 0.032396 0.090909 0.901230 1173.000000 880.000000
0 923 0.478261 0.236364 0.032396 0.090909 0.913580 1173.000000 880.000000
0 924 0.478261 0.236364 0.032396 0.090909 0.901230 1173.000000 880.000000
0 925 0.478261 0.235227 0.032396 0.090909 0.901230 1173.000000 880.000000
0 926 0.479113 0.234091 0.032396 0.090909 0.902180 1173.000000 880.000000
0 927 0.479966 0.232955 0.032396 0.090909 0.914850 1173.000000 880.000000
0 928 0.480392 0.232955 0.031543 0.090909 0.902530 1173.000000 880.000000
0 929 0.480818 0.231818 0.032396 0.090909 0.903130 1173.000000 880.000000
0 930 0.481671 0.230682 0.032396 0.090909 0.914850 1173.000000 880.000000
0 931 0.482523 0.230682 0.032396 0.090909 0.902820 1173.000000 880.000000
0 932 0.482950 0.229545 0.031543 0.090909 0.902860 1173.000000 880.000000
0 933 0.483802 0.228409 0.031543 0.090909 0.913580 1173.000000 880.000000
0 934 0.484228 0.227273 0.032396 0.090909 0.913580 1173.000000 880.000000
0 935 0.484655 0.227273 0.031543 0.090909 0.901230 1173.000000 880.000000
0 936 0.485507 0.226136 0.031543 0.090909 0.910010 1173.000000 880.000000
0 937 0.486360 0.225000 0.031543 0.090909 0.909680 1173.000000 880.000000
0 938 0.487212 0.225000 0.031543 0.090909 0.897010 1173.000000 880.000000
0 939 0.486360 0.223864 0.031543 0.090909 0.905780 1173.000000 880.000000
0 940 0.486360 0.222727 0.031543 0.090909 0.909680 1173.000000 880.000000
0 941 0.486360 0.221591 0.031543 0.090909 0.909680 1173.000000 880.000000
0 942 0.486360 0.220455 0.031543 0.090909 0.909680 1173.000000 880.000000
0 943 0.485934 0.219318 0.032396 0.090909 0.918330 1173.000000 880.000000
0 944 0.485934 0.218182 0.032396 0.090909 0.918330 1173.000000 880.000000
0 945 0.485934 0.217045 0.032396 0.090909 0.918330 1173.000000 880.000000
0 946 0.485507 0.215909 0.031543 0.090909 0.927550 1173.000000 880.000000
0 947 0.485507 0.214773 0.031543 0.090909 0.927550 1173.000000 880.000000
0 948 0.485081 0.213636 0.032396 0.090909 0.927830 1173.000000 880.000000
0 949 0.485081 0.212500 0.032396 0.090909 0.936690 1173.000000 880.000000
0 950 0.485081 0.211364 0.032396 0.090909 0.936690 1173.000000 880.000000
0 951 0.485081 0.210227 0.032396 0.090909 0.936690 1173.000000 880.000000
0 952 0.485081 0.209091 0.032396 0.090909 0.945550 1173.000000 880.000000
0 953 0.485081 0.207955 0.032396 0.090909 0.945550 1173.000000 880.000000
0 954 0.485507 0.206818 0.031543 0.090909 0.945090 1173.000000 880.000000
0 955 0.485934 0.205682 0.032396 0.090909 0.956320 1173.000000 880.000000
0 956 0.486360 0.204545 0.031543 0.090909 0.954190 1173.000000 880.000000
0 957 0.486786 0.203409 0.032396 0.090909 0.953150 1173.000000 880.000000
0 958 0.487212 0.202273 0.031543 0.090909 0.952570 1173.000000 880.000000
0 959 0.487639 0.201136 0.032396 0.090909 0.951570 1173.000000 880.000000
0 960 0.488065 0.200000 0.031543 0.090909 0.963290 1173.000000 880.000000
0 961 0.488491 0.198864 0.032396 0.090909 0.962330 1173.000000 880.000000
0 962 0.488917 0.197727 0.031543 0.090909 0.961660 1173.000000 880.000000
0 963 0.489344 0.196591 0.032396 0.090909 0.960750 1173.000000 880.000000
0 964 0.489770 0.195455 0.031543 0.090909 0.972380 1173.000000 880.000000
0 965 0.490622 0.195455 0.031543 0.090909 0.958410 1173.000000 880.000000
0 966 0.490622 0.194318 0.031543 0.090909 0.956790 1173.000000 880.000000
0 967 0.490622 0.194318 0.031543 0.090909 0.944440 1173.000000 880.000000
0 968 0.490622 0.194318 0.031543 0.090909 0.938270 1173.000000 880.000000
0 969 0.490622 0.194318 0.031543 0.090909 0.932100 1173.000000 880.000000
0 970 0.490622 0.193182 0.031543 0.090909 0.932100 1173.000000 880.000000
0 971 0.490622 0.193182 0.031543 0.090909 0.919750 1173.000000 880.000000
0 972 0.490622 0.193182 0.031543 0.090909 0.907410 1173.000000 880.000000
0 973 0.490622 0.193182 0.031543 0.090909 0.907410 1173.000000 880.000000
0 974 0.490622 0.192045 0.031543 0.090909 0.907410 1173.000000 880.000000
0 975 0.490622 0.192045 0.031543 0.090909 0.895060 1173.000000 880.000000
0 976 0.490622 0.192045 0.031543 0.090909 0.881090 1173.000000 880.000000
0 977 0.490622 0.192045 0.031543 0.090909 0.875240 1173.000000 880.000000
0 978 0.490622 0.189773 0.031543 0.090909 0.893440 1173.000000 880.000000
0 979 0.490622 0.188636 0.031543 0.090909 0.893440 1173.000000 880.000000
0 980 0.490622 0.187500 0.031543 0.090909 0.893440 1173.000000 880.000000
0 981 0.490622 0.185227 0.031543 0.090909 0.912280 1173.000000 880.000000
0 982 0.490622 0.184091 0.031543 0.090909 0.918130 1173.000000 880.000000
0 983 0.490622 0.182955 0.031543 0.090909 0.918130 1173.000000 880.000000
0 984 0.491049 0.181818 0.032396 0.090909 0.917380 1173.000000 880.000000
0 985 0.491049 0.179545 0.032396 0.090909 0.936370 1173.000000 880.000000
0 986 0.491049 0.178409 0.032396 0.090909 0.942070 1173.000000 880.000000
0 987 0.491049 0.177273 0.032396 0.090909 0.936370 1173.000000 880.000000
0 988 0.491049 0.175000 0.032396 0.090909 0.948720 1173.000000 880.000000
0 989 0.491049 0.173864 0.032396 0.090909 0.948720 1173.000000 880.000000
0 990 0.491049 0.172727 0.032396 0.090909 0.948720 1173.000000 880.000000
0 991 0.491901 0.171591 0.032396 0.090909 0.947450 1173.000000 880.000000
0 992 0.491901 0.170455 0.032396 0.090909 0.947450 1173.000000 880.000000
0 993 0.491901 0.170455 0.032396 0.090909 0.935110 1173.000000 880.000000
0 994 0.491901 0.169318 0.032396 0.090909 0.935110 1173.000000 880.000000
0 995 0.491901 0.169318 0.032396 0.090909 0.922760 1173.000000 880.000000
0 996 0.491901 0.168182 0.032396 0.090909 0.922760 1173.000000 880.000000
0 997 0.491901 0.168182 0.032396 0.090909 0.905030 1173.000000 880.000000
0 998 0.491901 0.167045 0.032396 0.090909 0.905030 1173.000000 880.000000
0 999 0.491901 0.167045 0.032396 0.090909 0.892690 1173.000000 880.000000
0 1000 0.491901 0.165909 0.032396 0.090909 0.899650 1173.000000 880.000000
0 1001 0.491901 0.165909 0.032396 0.090909 0.887310 1173.000000 880.000000
0 1002 0.491901 0.164773 0.032396 0.090909 0.887310 1173.000000 880.000000
0 1003 0.491901 0.164773 0.032396 0.090909 0.874960 1173.000000 880.000000
0 1004 0.491901 0.163636 0.032396 0.090909 0.874960 1173.000000 880.000000
0 1005 0.491901 0.162500 0.032396 0.090909 0.874960 1173.000000 880.000000
0 1006 0.491901 0.161364 0.032396 0.090909 0.874960 1173.000000 880.000000
0 1007 0.492754 0.160227 0.032396 0.090909 0.869260 1173.000000 880.000000
0 1008 0.492754 0.159091 0.032396 0.090909 0.869260 1173.000000 880.000000
0 1009 0.492754 0.157955 0.032396 0.090909 0.869260 1173.000000 880.000000
0 1010 0.493606 0.156818 0.032396 0.090909 0.868950 1173.000000 880.000000
0 1011 0.493606 0.155682 0.032396 0.090909 0.868950 1173.000000 880.000000
0 1012 0.493606 0.154545 0.032396 0.090909 0.868950 1173.000000 880.000000
0 1013 0.494459 0.153409 0.032396 0.090909 0.868630 1173.000000 880.000000
0 1014 0.494459 0.152273 0.032396 0.090909 0.868630 1173.000000 880.000000
0 1015 0.494459 0.151136 0.032396 0.090909 0.876540 1173.000000 880.000000
0 1016 0.495311 0.151136 0.032396 0.090909 0.855970 1173.000000 880.000000
0 1017 0.495311 0.148864 0.032396 0.090909 0.868310 1173.000000 880.000000
0 1018 0.495311 0.147727 0.032396 0.090909 0.868310 1173.000000 880.000000
0 1019 0.495311 0.146591 0.032396 0.090909 0.868310 1173.000000 880.000000
0 1020 0.495311 0.145455 0.032396 0.090909 0.860080 1173.000000 880.000000
0 1021 0.495311 0.144318 0.032396 0.090909 0.860080 1173.000000 880.000000
0 1022 0.495311 0.143182 0.032396 0.090909 0.860080 1173.000000 880.000000
0 1023 0.495311 0.142045 0.032396 0.090909 0.860080 1173.000000 880.000000
0 1024 0.495311 0.140909 0.032396 0.090909 0.860080 1173.000000 880.000000
0 1025 0.495311 0.139773 0.032396 0.090909 0.851850 1173.000000 880.000000
0 1026 0.495311 0.138636 0.032396 0.090909 0.851850 1173.000000 880.000000
0 1027 0.495311 0.137500 0.032396 0.090909 0.851850 1173.000000 880.000000
0 1028 0.495311 0.136364 0.032396 0.090909 0.851850 1173.000000 880.000000
0 1029 0.495311 0.135227 0.032396 0.090909 0.851850 1173.000000 880.000000
0 1030 0.495311 0.134091 0.032396 0.090909 0.843620 1173.000000 880.000000
0 1031 0.495311 0.131818 0.032396 0.090909 0.855970 1173.000000 880.000000
0 1032 0.495311 0.130682 0.032396 0.090909 0.861670 1173.000000 880.000000
0 1033 0.495311 0.129545 0.032396 0.090909 0.861670 1173.000000 880.000000
0 1034 0.495311 0.128409 0.032396 0.090909 0.853750 1173.000000 880.000000
0 1035 0.495311 0.127273 0.032396 0.090909 0.853750 1173.000000 880.000000
0 1036 0.495311 0.126136 0.032396 0.090909 0.853750 1173.000000 880.000000
0 1037 0.495311 0.125000 0.032396 0.090909 0.853750 1173.000000 880.000000
0 1038 0.495311 0.122727 0.032396 0.090909 0.866100 1173.000000 880.000000
0 1039 0.495311 0.121591 0.032396 0.090909 0.858180 1173.000000 880.000000
0 1040 0.495311 0.120455 0.032396 0.090909 0.858180 1173.000000 880.000000
0 1041 0.495311 0.119318 0.032396 0.090909 0.858180 1173.000000 880.000000
0 1042 0.495311 0.118182 0.032396 0.090909 0.858180 1173.000000 880.000000
0 1043 0.495311 0.117045 0.032396 0.090909 0.858180 1173.000000 880.000000
0 1044 0.495311 0.115909 0.032396 0.090909 0.850270 1173.000000 880.000000
0 1045 0.495311 0.114773 0.032396 0.090909 0.850270 1173.000000 880.000000
0 1046 0.495311 0.113636 0.032396 0.090909 0.850270 1173.000000 880.000000
0 1047 0.495311 0.113636 0.032396 0.090909 0.842360 1173.000000 880.000000
0 1048 0.495311 0.112500 0.032396 0.090909 0.845200 1173.000000 880.000000
0 1049 0.496164 0.112500 0.032396 0.090909 0.830010 1173.000000 880.000000
0 1050 0.496164 0.111364 0.032396 0.090909 0.830010 1173.000000 880.000000
0 1051 0.496164 0.111364 0.032396 0.090909 0.817660 1173.000000 880.000000
0 1052 0.496164 0.110227 0.032396 0.090909 0.825580 1173.000000 880.000000
0 1053 0.497016 0.110227 0.032396 0.090909 0.814810 1173.000000 880.000000
0 1054 0.497016 0.109091 0.032396 0.090909 0.814810 1173.000000 880.000000
0 1055 0.497016 0.109091 0.032396 0.090909 0.810700 1173.000000 880.000000
0 1056 0.497016 0.107955 0.032396 0.090909 0.810700 1173.000000 880.000000
0 1057 0.497869 0.107955 0.032396 0.090909 0.795820 1173.000000 880.000000
0 1058 0.497869 0.106818 0.032396 0.090909 0.808170 1173.000000 880.000000
0 1059 0.497869 0.106818 0.032396 0.090909 0.795820 1173.000000 880.000000
0 1060 0.497869 0.105682 0.032396 0.090909 0.795820 1173.000000 880.000000
0 1061 0.498721 0.105682 0.032396 0.090909 0.789810 1173.000000 880.000000
0 1062 0.498721 0.103409 0.032396 0.090909 0.802150 1173.000000 880.000000
0 1063 0.498721 0.102273 0.032396 0.090909 0.802150 1173.000000 880.000000
0 1064 0.498721 0.101136 0.032396 0.090909 0.805630 1173.000000 880.000000
0 1065 0.498721 0.100000 0.032396 0.090909 0.814500 1173.000000 880.000000
0 1066 0.498721 0.098295 0.032396 0.089773 0.824680 1173.000000 880.000000
0 1067 0.498721 0.097159 0.032396 0.089773 0.824680 1173.000000 880.000000
0 1068 0.498721 0.096023 0.032396 0.089773 0.833650 1173.000000 880.000000
0 1069 0.498721 0.094886 0.032396 0.089773 0.837180 1173.000000 880.000000
0 1070 0.498721 0.093182 0.032396 0.088636 0.847780 1173.000000 880.000000
0 1071 0.498721 0.092045 0.032396 0.088636 0.856860 1173.000000 880.000000
0 1072 0.498721 0.090909 0.032396 0.088636 0.856860 1173.000000 880.000000
0 1073 0.498721 0.089773 0.032396 0.088636 0.856860 1173.000000 880.000000
0 1074 0.498721 0.088068 0.032396 0.087500 0.880670 1173.000000 880.000000
0 1075 0.498721 0.086932 0.032396 0.087500 0.880670 1173.000000 880.000000
0 1076 0.498721 0.085795 0.032396 0.087500 0.880670 1173.000000 880.000000
0 1077 0.498721 0.084659 0.032396 0.087500 0.891520 1173.000000 880.000000
0 1078 0.498721 0.083523 0.032396 0.087500 0.891520 1173.000000 880.000000
0 1079 0.498721 0.082386 0.032396 0.087500 0.891520 1173.000000 880.000000
0 1080 0.498721 0.082386 0.032396 0.087500 0.878700 1173.000000 880.000000
0 1081 0.499574 0.081250 0.032396 0.087500 0.877050 1173.000000 880.000000
0 1082 0.499574 0.081250 0.032396 0.087500 0.873440 1173.000000 880.000000
0 1083 0.499574 0.080114 0.032396 0.087500 0.877050 1173.000000 880.000000
0 1084 0.500426 0.080114 0.032396 0.087500 0.862590 1173.000000 880.000000
0 1085 0.500426 0.078977 0.032396 0.087500 0.862590 1173.000000 880.000000
0 1086 0.500426 0.077841 0.032396 0.087500 0.872120 1173.000000 880.000000
0 1087 0.501279 0.077841 0.032396 0.087500 0.857990 1173.000000 880.000000
0 1088 0.501279 0.076705 0.032396 0.087500 0.857990 1173.000000 880.000000
0 1089 0.501279 0.076705 0.032396 0.087500 0.845170 1173.000000 880.000000
0 1090 0.502131 0.075568 0.032396 0.087500 0.854040 1173.000000 880.000000
0 1091 0.502131 0.075568 0.032396 0.087500 0.843850 1173.000000 880.000000
0 1092 0.502131 0.074432 0.032396 0.087500 0.843850 1173.000000 880.000000
0 1093 0.502984 0.074432 0.032396 0.087500 0.829720 1173.000000 880.000000
0 1094 0.502131 0.073295 0.032396 0.087500 0.841220 1173.000000 880.000000
0 1095 0.502131 0.072159 0.032396 0.087500 0.841220 1173.000000 880.000000
0 1096 0.501279 0.071023 0.032396 0.087500 0.842210 1173.000000 880.000000
0 1097 0.501279 0.069886 0.032396 0.087500 0.842210 1173.000000 880.000000
0 1098 0.500426 0.068750 0.032396 0.087500 0.651550 1173.000000 880.000000
0 1099 0.500426 0.068750 0.032396 0.087500 0.839910 1173.000000 880.000000
0 1100 0.499574 0.067614 0.032396 0.087500 0.844180 1173.000000 880.000000
0 1101 0.499574 0.066477 0.032396 0.087500 0.844180 1173.000000 880.000000
0 1102 0.498721 0.065341 0.032396 0.087500 0.854040 1173.000000 880.000000
0 1103 0.498721 0.064205 0.032396 0.087500 0.854040 1173.000000 880.000000
0 1104 0.497869 0.063068 0.032396 0.087500 0.854700 1173.000000 880.000000
0 1105 0.497869 0.063068 0.032396 0.087500 0.841880 1173.000000 880.000000
0 1106 0.497016 0.061932 0.032396 0.087500 0.850760 1173.000000 880.000000
0 1107 0.497016 0.060795 0.032396 0.087500 0.850430 1173.000000 880.000000
0 1108 0.496164 0.059659 0.032396 0.087500 0.855360 1173.000000 880.000000
0 1109 0.496164 0.058523 0.032396 0.087500 0.863580 1173.000000 880.000000
0 1110 0.496164 0.058523 0.032396 0.087500 0.850760 1173.000000 880.000000
0 1111 0.496164 0.057386 0.032396 0.087500 0.863580 1173.000000 880.000000
0 1112 0.496164 0.056250 0.032396 0.087500 0.863580 1173.000000 880.000000
0 1113 0.496164 0.056250 0.032396 0.087500 0.858970 1173.000000 880.000000
0 1114 0.496164 0.055114 0.032396 0.087500 0.863580 1173.000000 880.000000
0 1115 0.496164 0.055114 0.032396 0.087500 0.858970 1173.000000 880.000000
0 1116 0.496164 0.053977 0.032396 0.087500 0.858970 1173.000000 880.000000
0 1117 0.496164 0.052841 0.032396 0.087500 0.871790 1173.000000 880.000000
0 1118 0.496164 0.052841 0.032396 0.087500 0.858970 1173.000000 880.000000
0 1119 0.496164 0.051705 0.032396 0.087500 0.867190 1173.000000 880.000000
0 1120 0.496164 0.051705 0.032396 0.087500 0.858970 1173.000000 880.000000
0 1121 0.496164 0.050568 0.032396 0.087500 0.841220 1173.000000 880.000000
0 1122 0.496164 0.049432 0.032396 0.087500 0.850100 1173.000000 880.000000
0 1123 0.496164 0.049432 0.032396 0.087500 0.823470 1173.000000 880.000000
0 1124 0.496164 0.048295 0.032396 0.087500 0.832020 1173.000000 880.000000
0 1125 0.496164 0.048295 0.032396 0.087500 0.802430 1173.000000 880.000000
0 1126 0.496164 0.047159 0.032396 0.087500 0.796520 1173.000000 880.000000
0 1127 0.496164 0.046591 0.032396 0.086364 0.794210 1173.000000 880.000000
0 1128 0.496164 0.046591 0.032396 0.086364 0.776220 1173.000000 880.000000
0 1129 0.496164 0.046023 0.032396 0.085227 0.755060 1173.000000 880.000000
0 1130 0.496164 0.046023 0.032396 0.085227 0.751010 1173.000000 880.000000
0 1131 0.496164 0.044886 0.032396 0.085227 0.736840 1173.000000 880.000000
0 1132 0.496164 0.044886 0.032396 0.085227 0.732790 1173.000000 880.000000
0 1133 0.496164 0.044318 0.032396 0.084091 0.714190 1173.000000 880.000000
0 1134 0.496164 0.044318 0.032396 0.084091 0.683420 1173.000000 880.000000
0 1135 0.496164 0.043750 0.032396 0.082955 0.688840 1173.000000 880.000000
0 1136 0.496164 0.043182 0.032396 0.084091 0.664620 1173.000000 880.000000
0 1137 0.496164 0.042614 0.032396 0.082955 0.660430 1173.000000 880.000000
0 1138 0.496164 0.042614 0.032396 0.082955 0.637910 1173.000000 880.000000
0 1139 0.496164 0.042045 0.032396 0.081818 0.617490 1173.000000 880.000000
0 1140 0.496164 0.042045 0.032396 0.081818 0.613280 1173.000000 880.000000
0 1141 0.496164 0.041477 0.032396 0.080682 0.587960 1173.000000 880.000000
0 1142 0.496164 0.040909 0.032396 0.079545 0.566990 1173.000000 880.000000
0 1143 0.496164 0.040341 0.032396 0.078409 0.569960 1173.000000 880.000000
0 1144 0.496164 0.040341 0.032396 0.078409 0.535160 1173.000000 880.000000
0 1145 0.496164 0.039773 0.032396 0.077273 0.534000 1173.000000 880.000000
0 1146 0.496164 0.039205 0.032396 0.076136 0.515080 1173.000000 880.000000
0 1147 0.496164 0.039205 0.032396 0.076136 0.479260 1173.000000 880.000000
0 1148 0.496164 0.038636 0.032396 0.075000 0.486410 1173.000000 880.000000
0 1149 0.496164 0.038068 0.032396 0.073864 0.456880 1173.000000 880.000000
0 1150 0.496164 0.038068 0.032396 0.073864 0.427350 1173.000000 880.000000
0 1151 0.496164 0.037500 0.032396 0.072727 0.433930 1173.000000 880.000000
0 1152 0.496164 0.036932 0.032396 0.071591 0.411060 1173.000000 880.000000
0 1153 0.496164 0.036932 0.032396 0.071591 0.382210 1173.000000 880.000000
0 1154 0.496164 0.036364 0.032396 0.070455 0.388280 1173.000000 880.000000
0 1155 0.496164 0.035795 0.032396 0.069318 0.365590 1173.000000 880.000000
0 1156 0.496164 0.035795 0.032396 0.069318 0.344090 1173.000000 880.000000
0 1157 0.496164 0.035227 0.032396 0.068182 0.321560 1173.000000 880.000000
0 1158 0.496164 0.035227 0.032396 0.068182 0.315260 1173.000000 880.000000
0 1159 0.496164 0.034659 0.032396 0.067045 0.299150 1173.000000 880.000000
0 1160 0.496164 0.034659 0.032396 0.067045 0.272220 1173.000000 880.000000
0 1161 0.496164 0.034659 0.032396 0.067045 0.272220 1173.000000 880.000000
0 1162 0.496164 0.034091 0.032396 0.065909 0.250330 1173.000000 880.000000
0 1163 0.496164 0.034091 0.032396 0.065909 0.224680 1173.000000 880.000000
0 1164 0.496164 0.033523 0.032396 0.064773 0.181260 1173.000000 880.000000
0 1165 0.496164 0.033523 0.032396 0.064773 0.150310 1173.000000 880.000000
0 1166 0.496164 0.033523 0.032396 0.064773 0.114500 1173.000000 880.000000
0 1167 0.496164 0.032955 0.032396 0.063636 0.064327 1173.000000 880.000000
0 1168 0.496164 0.032955 0.032396 0.063636 0.050382 1173.000000 880.000000
0 1169 0.496164 0.032386 0.032396 0.062500 0.044872 1173.000000 880.000000
0 1170 0.496164 0.032386 0.032396 0.062500 0.038462 1173.000000 880.000000
0 1171 0.496164 0.032386 0.032396 0.062500 0.032051 1173.000000 880.000000
0 1172 0.496164 0.031818 0.032396 0.061364 0.032634 1173.000000 880.000000
0 1173 0.496164 0.031818 0.032396 0.061364 0.026107 1173.000000 880.000000
0 1174 0.496164 0.031818 0.032396 0.061364 0.019580 1173.000000 880.000000
0 1175 0.495311 0.030682 0.032396 0.059091 0.013546 1173.000000 880.000000
0 1176 0.494885 0.030114 0.031543 0.057955 0.000000 1173.000000 880.000000
0 1177 0.494885 0.029545 0.031543 0.056818 0.000000 1173.000000 880.000000
0 1178 0.494459 0.028977 0.030691 0.055682 0.000000 1173.000000 880.000000
0 1179 0.494032 0.028409 0.029838 0.054545 0.000000 1173.000000 880.000000
0 1180 0.494032 0.027841 0.029838 0.053409 0.021991 1173.000000 880.000000
0 1181 0.493606 0.027273 0.028986 0.052273 0.044985 1173.000000 880.000000
0 1182 0.493606 0.026705 0.028986 0.051136 0.068944 1173.000000 880.000000
0 1183 0.493180 0.026136 0.028133 0.050000 0.070588 1173.000000 880.000000
0 1184 0.492327 0.025000 0.028133 0.047727 0.098495 1173.000000 880.000000
0 1185 0.492327 0.024432 0.028133 0.046591 0.122550 1173.000000 880.000000
0 1186 0.491901 0.023864 0.027280 0.045455 0.125650 1173.000000 880.000000
0 1187 0.491901 0.023295 0.027280 0.044318 0.128790 1173.000000 880.000000
0 1188 0.491475 0.022727 0.026428 0.043182 0.158650 1173.000000 880.000000
0 1189 0.491049 0.022159 0.025575 0.042045 0.168930 1173.000000 880.000000
0 1190 0.491049 0.021591 0.025575 0.040909 0.197040 1173.000000 880.000000
0 1191 0.490622 0.021023 0.024723 0.039773 0.203700 1173.000000 880.000000
0 1192 0.490622 0.020455 0.024723 0.038636 0.211430 1173.000000 880.000000
0 1193 0.489770 0.019886 0.024723 0.037500 0.241180 1173.000000 880.000000
0 1194 0.489770 0.019886 0.024723 0.037500 0.235290 1173.000000 880.000000
0 1195 0.489770 0.019318 0.024723 0.036364 0.242420 1173.000000 880.000000
0 1196 0.489770 0.019318 0.024723 0.036364 0.234340 1173.000000 880.000000
0 1197 0.489344 0.018750 0.025575 0.035227 0.197580 1173.000000 880.000000
0 1198 0.489344 0.018750 0.025575 0.035227 0.141130 1173.000000 880.000000
0 1199 0.489344 0.018182 0.025575 0.034091 0.112380 1173.000000 880.000000
0 1200 0.489344 0.018182 0.025575 0.034091 0.054110 1173.000000 880.000000
0 1201 0.489344 0.018182 0.025575 0.034091 0.027055 1173.000000 880.000000
0 1202 0.488491 0.017614 0.025575 0.032955 0.026882 1173.000000 880.000000
0 1203 0.488491 0.017045 0.025575 0.031818 0.000000 1173.000000 880.000000
0 1204 0.488491 0.017045 0.025575 0.031818 0.000000 1173.000000 880.000000
0 1205 0.488491 0.016477 0.025575 0.030682 0.000000 1173.000000 880.000000
0 1206 0.488491 0.016477 0.025575 0.030682 0.000000 1173.000000 880.000000
0 1207 0.488491 0.015909 0.025575 0.029545 0.000000 1173.000000 880.000000
0 1208 0.488065 0.015909 0.026428 0.029545 0.000000 1173.000000 880.000000
0 1209 0.488065 0.015341 0.026428 0.028409 0.013221 1173.000000 880.000000
0 1210 0.488065 0.015341 0.026428 0.028409 0.013221 1173.000000 880.000000
0 1211 0.488065 0.014773 0.026428 0.027273 0.012500 1173.000000 880.000000
0 1212 0.488065 0.014773 0.026428 0.027273 0.011250 1173.000000 880.000000
0 1213 0.487639 0.014205 0.025575 0.026136 0.008065 1173.000000 880.000000
0 1214 0.487639 0.013636 0.025575 0.025000 0.007013 1173.000000 880.000000
0 1215 0.487212 0.013636 0.026428 0.025000 0.004076 1173.000000 880.000000
0 1216 0.487212 0.013068 0.026428 0.023864 0.024148 1173.000000 880.000000
0 1217 0.487212 0.013068 0.026428 0.023864 0.045455 1173.000000 880.000000
0 1218 0.487212 0.012500 0.026428 0.022727 0.089286 1173.000000 880.000000
0 1219 0.487212 0.012500 0.026428 0.022727 0.111610 1173.000000 880.000000
0 1220 0.487212 0.011932 0.026428 0.021591 0.157810 1173.000000 880.000000
0 1221 0.486786 0.011932 0.027280 0.021591 0.215150 1173.000000 880.000000
0 1222 0.486786 0.011364 0.027280 0.020455 0.251990 1173.000000 880.000000
0 1223 0.486786 0.011364 0.027280 0.020455 0.293460 1173.000000 880.000000
0 1224 0.486360 0.010795 0.026428 0.019318 0.322920 1173.000000 880.000000
0 1225 0.486360 0.010227 0.026428 0.018182 0.000000 1173.000000 880.000000
0 1226 0.486360 0.010227 0.026428 0.018182 0.419120 1173.000000 880.000000
0 1227 0.486360 0.009659 0.026428 0.017045 0.027344 1173.000000 880.000000
0 1228 0.485934 0.009659 0.027280 0.017045 0.496210 1173.000000 880.000000
0 1229 0.485934 0.009091 0.027280 0.015909 0.543430 1173.000000 880.000000
0 1230 0.485934 0.009091 0.027280 0.015909 0.557580 1173.000000 880.000000
0 1231 0.485934 0.008523 0.027280 0.014773 0.584420 1173.000000 880.000000
0 1232 0.485934 0.008523 0.027280 0.014773 0.575760 1173.000000 880.000000
0 1233 0.485934 0.007955 0.027280 0.013636 0.608390 1173.000000 880.000000
0 1234 0.485934 0.007955 0.027280 0.013636 0.622380 1173.000000 880.000000
0 1235 0.485934 0.007386 0.027280 0.012500 0.618690 1173.000000 880.000000
0 1236 0.485934 0.007386 0.027280 0.012500 0.631310 1173.000000 880.000000
0 1237 0.485934 0.006818 0.027280 0.011364 0.716250 1173.000000 880.000000
0 1238 0.486786 0.006818 0.027280 0.011364 0.652890 1173.000000 880.000000
