0 1239 0.707587 0.980682 0.046036 0.040909 0.459950 1173.000000 880.000000
0 1240 0.705882 0.978977 0.046036 0.044318 0.478640 1173.000000 880.000000
0 1241 0.704604 0.977841 0.046888 0.046591 0.488100 1173.000000 880.000000
0 1242 0.702899 0.976705 0.046888 0.048864 0.506090 1173.000000 880.000000
0 1243 0.701620 0.975568 0.047741 0.051136 0.514870 1173.000000 880.000000
0 1244 0.699915 0.974432 0.047741 0.053409 0.549710 1173.000000 880.000000
0 1245 0.698636 0.972727 0.048593 0.056818 0.980390 1173.000000 880.000000
0 1246 0.696931 0.971591 0.048593 0.059091 0.981130 1173.000000 880.000000
0 1247 0.695652 0.970455 0.049446 0.061364 0.981820 1173.000000 880.000000
0 1248 0.694373 0.969318 0.048593 0.063636 0.982460 1173.000000 880.000000
0 1249 0.693095 0.968182 0.049446 0.065909 0.983050 1173.000000 880.000000
0 1250 0.691390 0.967045 0.049446 0.068182 0.983610 1173.000000 880.000000
0 1251 0.690111 0.965341 0.050298 0.071591 0.984380 1173.000000 880.000000
0 1252 0.688406 0.964205 0.050298 0.073864 0.984850 1173.000000 880.000000
0 1253 0.687127 0.963068 0.051151 0.076136 0.985290 1173.000000 880.000000
0 1254 0.685422 0.961932 0.051151 0.078409 0.985710 1173.000000 880.000000
0 1255 0.684143 0.960795 0.052003 0.080682 0.986110 1173.000000 880.000000
0 1256 0.683291 0.959659 0.052003 0.082955 0.986490 1173.000000 880.000000
0 1257 0.681586 0.957386 0.052003 0.085227 1.000000 1173.000000 880.000000
0 1258 0.680307 0.955682 0.051151 0.088636 1.000000 1173.000000 880.000000
0 1259 0.679454 0.953977 0.051151 0.092045 1.000000 1173.000000 880.000000
0 1260 0.677749 0.952841 0.051151 0.094318 1.000000 1173.000000 880.000000
0 1261 0.676471 0.951136 0.050298 0.097727 1.000000 1173.000000 880.000000
0 1262 0.675618 0.949432 0.050298 0.101136 1.000000 1173.000000 880.000000
0 1263 0.673913 0.948295 0.050298 0.103409 1.000000 1173.000000 880.000000
0 1264 0.673061 0.946591 0.050298 0.106818 1.000000 1173.000000 880.000000
0 1265 0.671782 0.944318 0.049446 0.109091 1.000000 1173.000000 880.000000
0 1266 0.670077 0.943182 0.049446 0.111364 1.000000 1173.000000 880.000000
0 1267 0.669224 0.941477 0.049446 0.114773 1.000000 1173.000000 880.000000
0 1268 0.667945 0.939773 0.048593 0.118182 1.000000 1173.000000 880.000000
0 1269 0.666240 0.938636 0.048593 0.120455 1.000000 1173.000000 880.000000
0 1270 0.665388 0.936932 0.048593 0.123864 1.000000 1173.000000 880.000000
0 1271 0.664109 0.935227 0.047741 0.127273 1.000000 1173.000000 880.000000
0 1272 0.663257 0.934091 0.047741 0.129545 1.000000 1173.000000 880.000000
0 1273 0.662404 0.930682 0.047741 0.129545 1.000000 1173.000000 880.000000
0 1274 0.661552 0.927841 0.047741 0.130682 1.000000 1173.000000 880.000000
0 1275 0.660699 0.925000 0.047741 0.131818 1.000000 1173.000000 880.000000
0 1276 0.659847 0.922159 0.047741 0.132955 1.000000 1173.000000 880.000000
0 1277 0.658994 0.919318 0.047741 0.134091 1.000000 1173.000000 880.000000
0 1278 0.658142 0.916477 0.047741 0.135227 1.000000 1173.000000 880.000000
0 1279 0.657715 0.914205 0.046888 0.135227 1.000000 1173.000000 880.000000
0 1280 0.656863 0.911364 0.046888 0.136364 1.000000 1173.000000 880.000000
0 1281 0.656010 0.908523 0.046888 0.137500 1.000000 1173.000000 880.000000
0 1282 0.655158 0.905682 0.046888 0.138636 1.000000 1173.000000 880.000000
0 1283 0.654305 0.902841 0.046888 0.139773 1.000000 1173.000000 880.000000
0 1284 0.653453 0.900000 0.046888 0.140909 1.000000 1173.000000 880.000000
0 1285 0.652600 0.897159 0.046888 0.142045 1.000000 1173.000000 880.000000
0 1286 0.652600 0.894886 0.046888 0.142045 1.000000 1173.000000 880.000000
0 1287 0.651321 0.891477 0.046036 0.142045 1.000000 1173.000000 880.000000
0 1288 0.650469 0.889205 0.046036 0.142045 1.000000 1173.000000 880.000000
0 1289 0.649616 0.886364 0.046036 0.143182 1.000000 1173.000000 880.000000
0 1290 0.648338 0.883523 0.045183 0.142045 1.000000 1173.000000 880.000000
0 1291 0.647485 0.881250 0.045183 0.142045 1.000000 1173.000000 880.000000
0 1292 0.646633 0.878409 0.045183 0.143182 1.000000 1173.000000 880.000000
0 1293 0.645354 0.875568 0.044331 0.142045 1.000000 1173.000000 880.000000
0 1294 0.644501 0.873295 0.044331 0.142045 1.000000 1173.000000 880.000000
0 1295 0.643649 0.870455 0.044331 0.143182 1.000000 1173.000000 880.000000
0 1296 0.642370 0.867614 0.043478 0.142045 1.000000 1173.000000 880.000000
0 1297 0.641517 0.864773 0.043478 0.143182 1.000000 1173.000000 880.000000
0 1298 0.640665 0.862500 0.043478 0.143182 1.000000 1173.000000 880.000000
0 1299 0.639386 0.859659 0.042626 0.142045 1.000000 1173.000000 880.000000
0 1300 0.638534 0.856818 0.042626 0.143182 1.000000 1173.000000 880.000000
0 1301 0.637681 0.854545 0.042626 0.143182 1.000000 1173.000000 880.000000
0 1302 0.636829 0.852273 0.042626 0.143182 1.000000 1173.000000 880.000000
0 1303 0.635550 0.848864 0.043478 0.143182 1.000000 1173.000000 880.000000
0 1304 0.634697 0.846023 0.043478 0.142045 1.000000 1173.000000 880.000000
0 1305 0.633845 0.842614 0.043478 0.142045 1.000000 1173.000000 880.000000
0 1306 0.632992 0.839773 0.043478 0.140909 1.000000 1173.000000 880.000000
0 1307 0.632566 0.836932 0.044331 0.139773 1.000000 1173.000000 880.000000
0 1308 0.631714 0.833523 0.044331 0.139773 1.000000 1173.000000 880.000000
0 1309 0.630861 0.830682 0.044331 0.138636 1.000000 1173.000000 880.000000
0 1310 0.630009 0.827273 0.044331 0.138636 1.000000 1173.000000 880.000000
0 1311 0.629156 0.824432 0.044331 0.137500 1.000000 1173.000000 880.000000
0 1312 0.628730 0.821591 0.045183 0.136364 1.000000 1173.000000 880.000000
0 1313 0.627877 0.818182 0.045183 0.136364 1.000000 1173.000000 880.000000
0 1314 0.627025 0.815341 0.045183 0.135227 1.000000 1173.000000 880.000000
0 1315 0.626172 0.811932 0.045183 0.135227 1.000000 1173.000000 880.000000
0 1316 0.625320 0.809091 0.045183 0.134091 1.000000 1173.000000 880.000000
0 1317 0.624893 0.806818 0.046036 0.134091 1.000000 1173.000000 880.000000
0 1318 0.624041 0.803409 0.046036 0.134091 1.000000 1173.000000 880.000000
0 1319 0.623188 0.801136 0.046036 0.134091 1.000000 1173.000000 880.000000
0 1320 0.622336 0.798864 0.046036 0.134091 1.000000 1173.000000 880.000000
0 1321 0.621483 0.796023 0.046036 0.135227 1.000000 1173.000000 880.000000
0 1322 0.621057 0.793750 0.045183 0.135227 1.000000 1173.000000 880.000000
0 1323 0.620205 0.791477 0.045183 0.135227 1.000000 1173.000000 880.000000
0 1324 0.619352 0.789205 0.045183 0.135227 1.000000 1173.000000 880.000000
0 1325 0.618500 0.786364 0.045183 0.136364 1.000000 1173.000000 880.000000
0 1326 0.617647 0.784091 0.045183 0.136364 1.000000 1173.000000 880.000000
0 1327 0.617221 0.781250 0.044331 0.135227 1.000000 1173.000000 880.000000
0 1328 0.616368 0.778977 0.044331 0.135227 1.000000 1173.000000 880.000000
0 1329 0.615516 0.776136 0.044331 0.136364 1.000000 1173.000000 880.000000
0 1330 0.614663 0.773864 0.044331 0.136364 1.000000 1173.000000 880.000000
0 1331 0.613811 0.771591 0.044331 0.136364 1.000000 1173.000000 880.000000
0 1332 0.613384 0.769318 0.043478 0.136364 1.000000 1173.000000 880.000000
0 1333 0.612532 0.766477 0.043478 0.137500 1.000000 1173.000000 880.000000
0 1334 0.611679 0.764205 0.043478 0.137500 1.000000 1173.000000 880.000000
0 1335 0.610827 0.761932 0.043478 0.137500 1.000000 1173.000000 880.000000
0 1336 0.610401 0.759659 0.042626 0.137500 1.000000 1173.000000 880.000000
0 1337 0.608696 0.756250 0.042626 0.137500 1.000000 1173.000000 880.000000
0 1338 0.607843 0.753977 0.042626 0.137500 1.000000 1173.000000 880.000000
0 1339 0.606991 0.751705 0.042626 0.137500 1.000000 1173.000000 880.000000
0 1340 0.605712 0.749432 0.041773 0.137500 1.000000 1173.000000 880.000000
0 1341 0.604433 0.746023 0.042626 0.137500 1.000000 1173.000000 880.000000
0 1342 0.603581 0.743750 0.042626 0.137500 1.000000 1173.000000 880.000000
0 1343 0.602728 0.741477 0.042626 0.137500 1.000000 1173.000000 880.000000
0 1344 0.601449 0.739205 0.041773 0.137500 1.000000 1173.000000 880.000000
0 1345 0.600171 0.735795 0.042626 0.137500 1.000000 1173.000000 880.000000
0 1346 0.599318 0.733523 0.042626 0.137500 1.000000 1173.000000 880.000000
0 1347 0.598039 0.731250 0.041773 0.137500 1.000000 1173.000000 880.000000
0 1348 0.597187 0.728977 0.041773 0.137500 1.000000 1173.000000 880.000000
0 1349 0.595908 0.725568 0.042626 0.137500 1.000000 1173.000000 880.000000
0 1350 0.595055 0.723295 0.042626 0.137500 1.000000 1173.000000 880.000000
0 1351 0.593777 0.721023 0.041773 0.137500 1.000000 1173.000000 880.000000
0 1352 0.592924 0.718750 0.041773 0.137500 1.000000 1173.000000 880.000000
0 1353 0.591645 0.715341 0.042626 0.137500 1.000000 1173.000000 880.000000
0 1354 0.590367 0.713068 0.041773 0.137500 1.000000 1173.000000 880.000000
0 1355 0.589514 0.710795 0.041773 0.137500 1.000000 1173.000000 880.000000
0 1356 0.588662 0.708523 0.041773 0.137500 1.000000 1173.000000 880.000000
0 1357 0.587809 0.706250 0.041773 0.137500 1.000000 1173.000000 880.000000
0 1358 0.586957 0.703409 0.041773 0.136364 1.000000 1173.000000 880.000000
0 1359 0.586104 0.701136 0.041773 0.136364 1.000000 1173.000000 880.000000
0 1360 0.585251 0.698864 0.041773 0.136364 1.000000 1173.000000 880.000000
0 1361 0.584399 0.696591 0.041773 0.136364 1.000000 1173.000000 880.000000
0 1362 0.583546 0.694886 0.041773 0.135227 1.000000 1173.000000 880.000000
0 1363 0.582694 0.692614 0.041773 0.135227 1.000000 1173.000000 880.000000
0 1364 0.581841 0.689773 0.041773 0.134091 1.000000 1173.000000 880.000000
0 1365 0.580989 0.687500 0.041773 0.134091 1.000000 1173.000000 880.000000
0 1366 0.580136 0.685227 0.041773 0.134091 1.000000 1173.000000 880.000000
0 1367 0.579284 0.683523 0.041773 0.132955 1.000000 1173.000000 880.000000
0 1368 0.578431 0.681250 0.041773 0.132955 1.000000 1173.000000 880.000000
0 1369 0.577579 0.678977 0.041773 0.132955 1.000000 1173.000000 880.000000
0 1370 0.576726 0.676705 0.041773 0.132955 0.994750 1173.000000 880.000000
0 1371 0.575874 0.673864 0.041773 0.131818 0.984620 1173.000000 880.000000
0 1372 0.575021 0.672159 0.041773 0.130682 0.980000 1173.000000 880.000000
0 1373 0.574169 0.669886 0.041773 0.130682 0.971030 1173.000000 880.000000
0 1374 0.573316 0.667614 0.041773 0.130682 0.967410 1173.000000 880.000000
0 1375 0.572464 0.665341 0.041773 0.130682 0.959660 1173.000000 880.000000
0 1376 0.571611 0.663068 0.041773 0.130682 0.952590 1173.000000 880.000000
0 1377 0.570759 0.661364 0.041773 0.129545 0.949910 1173.000000 880.000000
0 1378 0.569054 0.657955 0.041773 0.129545 0.942610 1173.000000 880.000000
0 1379 0.568201 0.655682 0.041773 0.129545 0.937910 1173.000000 880.000000
0 1380 0.567349 0.653409 0.041773 0.129545 0.937390 1173.000000 880.000000
0 1381 0.566496 0.651136 0.041773 0.129545 0.933910 1173.000000 880.000000
0 1382 0.564791 0.648864 0.041773 0.129545 0.934960 1173.000000 880.000000
0 1383 0.563939 0.646591 0.041773 0.129545 0.933220 1173.000000 880.000000
0 1384 0.563086 0.644318 0.041773 0.129545 0.932170 1173.000000 880.000000
0 1385 0.562234 0.642045 0.041773 0.129545 0.931830 1173.000000 880.000000
0 1386 0.560529 0.639773 0.041773 0.129545 0.939480 1173.000000 880.000000
0 1387 0.559676 0.637500 0.041773 0.129545 0.940700 1173.000000 880.000000
0 1388 0.558824 0.635227 0.041773 0.129545 0.942610 1173.000000 880.000000
0 1389 0.557971 0.632955 0.041773 0.129545 0.945220 1173.000000 880.000000
0 1390 0.556266 0.630682 0.041773 0.129545 0.937040 1173.000000 880.000000
0 1391 0.555413 0.628409 0.041773 0.129545 0.924170 1173.000000 880.000000
0 1392 0.554561 0.626136 0.041773 0.129545 0.913570 1173.000000 880.000000
0 1393 0.553708 0.623864 0.041773 0.129545 0.903300 1173.000000 880.000000
0 1394 0.552856 0.621591 0.041773 0.129545 0.894430 1173.000000 880.000000
0 1395 0.552003 0.619886 0.041773 0.128409 0.886320 1173.000000 880.000000
0 1396 0.551151 0.618750 0.041773 0.128409 0.878950 1173.000000 880.000000
0 1397 0.550298 0.616477 0.041773 0.128409 0.873680 1173.000000 880.000000
0 1398 0.549872 0.615341 0.042626 0.128409 0.862230 1173.000000 880.000000
0 1399 0.549446 0.613636 0.041773 0.127273 0.861420 1173.000000 880.000000
0 1400 0.548593 0.611932 0.041773 0.128409 0.849120 1173.000000 880.000000
0 1401 0.547741 0.610227 0.041773 0.127273 0.836460 1173.000000 880.000000
0 1402 0.547315 0.609091 0.042626 0.127273 0.827170 1173.000000 880.000000
0 1403 0.546462 0.607386 0.042626 0.126136 0.815650 1173.000000 880.000000
0 1404 0.545610 0.605682 0.042626 0.127273 0.805660 1173.000000 880.000000
0 1405 0.545183 0.603977 0.041773 0.126136 0.805000 1173.000000 880.000000
0 1406 0.544757 0.602841 0.042626 0.126136 0.797790 1173.000000 880.000000
0 1407 0.543905 0.600568 0.042626 0.126136 0.789920 1173.000000 880.000000
0 1408 0.543052 0.599432 0.042626 0.126136 0.779760 1173.000000 880.000000
0 1409 0.542199 0.597727 0.042626 0.125000 0.771070 1173.000000 880.000000
0 1410 0.542199 0.596591 0.042626 0.125000 0.774240 1173.000000 880.000000
0 1411 0.541347 0.593750 0.042626 0.123864 0.769700 1173.000000 880.000000
0 1412 0.541347 0.591477 0.042626 0.123864 0.776470 1173.000000 880.000000
0 1413 0.540494 0.589205 0.042626 0.123864 0.771840 1173.000000 880.000000
0 1414 0.540494 0.586932 0.042626 0.123864 0.778970 1173.000000 880.000000
0 1415 0.539642 0.585227 0.042626 0.122727 0.773340 1173.000000 880.000000
0 1416 0.539642 0.582955 0.042626 0.122727 0.780900 1173.000000 880.000000
0 1417 0.539216 0.580114 0.041773 0.121591 0.786110 1173.000000 880.000000
0 1418 0.538789 0.577841 0.042626 0.121591 0.788310 1173.000000 880.000000
0 1419 0.538363 0.575568 0.041773 0.121591 0.792220 1173.000000 880.000000
0 1420 0.537937 0.573864 0.042626 0.120455 0.793480 1173.000000 880.000000
0 1421 0.537511 0.571591 0.041773 0.120455 0.797940 1173.000000 880.000000
0 1422 0.537084 0.569318 0.042626 0.120455 0.802090 1173.000000 880.000000
0 1423 0.536658 0.566477 0.041773 0.119318 0.809810 1173.000000 880.000000
0 1424 0.536658 0.564205 0.041773 0.119318 0.818870 1173.000000 880.000000
0 1425 0.535806 0.562500 0.041773 0.118182 0.819050 1173.000000 880.000000
0 1426 0.535806 0.560227 0.041773 0.118182 0.828570 1173.000000 880.000000
0 1427 0.534953 0.557955 0.041773 0.118182 0.831620 1173.000000 880.000000
0 1428 0.534953 0.555682 0.041773 0.118182 0.841520 1173.000000 880.000000
0 1429 0.534953 0.553977 0.041773 0.117045 0.850000 1173.000000 880.000000
0 1430 0.534953 0.551705 0.041773 0.117045 0.860000 1173.000000 880.000000
0 1431 0.534953 0.549432 0.041773 0.117045 0.870000 1173.000000 880.000000
0 1432 0.534953 0.548295 0.041773 0.117045 0.875000 1173.000000 880.000000
0 1433 0.534953 0.546023 0.041773 0.117045 0.885000 1173.000000 880.000000
0 1434 0.534953 0.544886 0.041773 0.117045 0.890000 1173.000000 880.000000
0 1435 0.534953 0.542614 0.041773 0.117045 0.900000 1173.000000 880.000000
0 1436 0.534953 0.541477 0.041773 0.117045 0.905000 1173.000000 880.000000
0 1437 0.534953 0.539205 0.041773 0.117045 0.915000 1173.000000 880.000000
0 1438 0.535379 0.538068 0.040921 0.117045 0.921510 1173.000000 880.000000
0 1439 0.535379 0.535795 0.040921 0.117045 0.931320 1173.000000 880.000000
0 1440 0.535379 0.533523 0.040921 0.117045 0.941130 1173.000000 880.000000
0 1441 0.535379 0.532386 0.040921 0.117045 0.946040 1173.000000 880.000000
0 1442 0.535379 0.530114 0.040921 0.117045 0.955850 1173.000000 880.000000
0 1443 0.535379 0.528977 0.040921 0.117045 0.960750 1173.000000 880.000000
0 1444 0.535379 0.526705 0.040921 0.117045 0.970570 1173.000000 880.000000
0 1445 0.535379 0.525568 0.040921 0.117045 0.975470 1173.000000 880.000000
0 1446 0.535379 0.523295 0.040921 0.117045 0.985280 1173.000000 880.000000
0 1447 0.536232 0.522159 0.040921 0.117045 0.990580 1173.000000 880.000000
0 1448 0.536232 0.519886 0.040921 0.117045 1.000000 1173.000000 880.000000
0 1449 0.536658 0.518750 0.040068 0.117045 1.000000 1173.000000 880.000000
0 1450 0.536658 0.517045 0.040068 0.118182 1.000000 1173.000000 880.000000
0 1451 0.537084 0.515909 0.039216 0.118182 1.000000 1173.000000 880.000000
0 1452 0.537084 0.514205 0.039216 0.119318 1.000000 1173.000000 880.000000
0 1453 0.537511 0.512500 0.038363 0.118182 1.000000 1173.000000 880.000000
0 1454 0.537511 0.510795 0.038363 0.119318 1.000000 1173.000000 880.000000
0 1455 0.537937 0.509659 0.037511 0.119318 1.000000 1173.000000 880.000000
0 1456 0.537937 0.507955 0.037511 0.120455 1.000000 1173.000000 880.000000
0 1457 0.538789 0.506818 0.037511 0.120455 1.000000 1173.000000 880.000000
0 1458 0.538789 0.504545 0.037511 0.120455 1.000000 1173.000000 880.000000
0 1459 0.539642 0.502841 0.037511 0.119318 1.000000 1173.000000 880.000000
0 1460 0.540494 0.500568 0.037511 0.119318 1.000000 1173.000000 880.000000
0 1461 0.540494 0.498864 0.037511 0.118182 1.000000 1173.000000 880.000000
0 1462 0.541347 0.496591 0.037511 0.118182 1.000000 1173.000000 880.000000
0 1463 0.542199 0.495455 0.037511 0.118182 1.000000 1173.000000 880.000000
0 1464 0.543052 0.493182 0.037511 0.118182 1.000000 1173.000000 880.000000
0 1465 0.543052 0.491477 0.037511 0.117045 1.000000 1173.000000 880.000000
0 1466 0.543905 0.489205 0.037511 0.117045 1.000000 1173.000000 880.000000
0 1467 0.544757 0.487500 0.037511 0.115909 1.000000 1173.000000 880.000000
0 1468 0.545610 0.486364 0.037511 0.115909 1.000000 1173.000000 880.000000
0 1469 0.545610 0.484659 0.037511 0.117045 1.000000 1173.000000 880.000000
0 1470 0.545610 0.483523 0.037511 0.117045 1.000000 1173.000000 880.000000
0 1471 0.546462 0.482386 0.037511 0.117045 1.000000 1173.000000 880.000000
0 1472 0.546462 0.480682 0.037511 0.118182 1.000000 1173.000000 880.000000
0 1473 0.546462 0.479545 0.037511 0.118182 1.000000 1173.000000 880.000000
0 1474 0.547315 0.478409 0.037511 0.118182 1.000000 1173.000000 880.000000
0 1475 0.547315 0.476705 0.037511 0.119318 1.000000 1173.000000 880.000000
0 1476 0.547315 0.475568 0.037511 0.119318 1.000000 1173.000000 880.000000
0 1477 0.548167 0.475000 0.037511 0.120455 1.000000 1173.000000 880.000000
0 1478 0.548593 0.472159 0.038363 0.119318 1.000000 1173.000000 880.000000
0 1479 0.549446 0.470455 0.038363 0.118182 1.000000 1173.000000 880.000000
0 1480 0.549872 0.468750 0.039216 0.117045 1.000000 1173.000000 880.000000
0 1481 0.550725 0.466477 0.039216 0.114773 1.000000 1173.000000 880.000000
0 1482 0.551151 0.464773 0.040068 0.113636 1.000000 1173.000000 880.000000
0 1483 0.552003 0.463068 0.040068 0.112500 1.000000 1173.000000 880.000000
0 1484 0.553282 0.461364 0.040921 0.111364 0.979590 1173.000000 880.000000
0 1485 0.553282 0.459091 0.040921 0.111364 0.979590 1173.000000 880.000000
0 1486 0.554135 0.457386 0.040921 0.112500 0.959180 1173.000000 880.000000
0 1487 0.554561 0.455114 0.040068 0.112500 0.958330 1173.000000 880.000000
0 1488 0.555413 0.453977 0.040068 0.112500 0.958330 1173.000000 880.000000
0 1489 0.555413 0.452273 0.040068 0.113636 0.958330 1173.000000 880.000000
0 1490 0.556266 0.450000 0.040068 0.113636 0.937500 1173.000000 880.000000
0 1491 0.556692 0.448864 0.039216 0.113636 0.936170 1173.000000 880.000000
0 1492 0.557545 0.446591 0.039216 0.113636 0.914890 1173.000000 880.000000
0 1493 0.557545 0.444886 0.039216 0.114773 0.914890 1173.000000 880.000000
0 1494 0.558397 0.443750 0.039216 0.114773 0.893620 1173.000000 880.000000
0 1495 0.558824 0.441477 0.038363 0.114773 0.891300 1173.000000 880.000000
0 1496 0.559676 0.439773 0.038363 0.115909 0.869570 1173.000000 880.000000
0 1497 0.560529 0.438636 0.038363 0.115909 0.847830 1173.000000 880.000000
0 1498 0.560955 0.435795 0.039216 0.114773 0.829790 1173.000000 880.000000
0 1499 0.561807 0.434091 0.039216 0.113636 0.808510 1173.000000 880.000000
0 1500 0.562660 0.431818 0.039216 0.113636 0.787230 1173.000000 880.000000
0 1501 0.563512 0.430114 0.039216 0.112500 0.765960 1173.000000 880.000000
0 1502 0.563512 0.427841 0.039216 0.112500 0.765960 1173.000000 880.000000
0 1503 0.563512 0.426705 0.039216 0.112500 0.765960 1173.000000 880.000000
0 1504 0.563939 0.425000 0.038363 0.111364 0.760870 1173.000000 880.000000
0 1505 0.563939 0.423864 0.038363 0.111364 0.760870 1173.000000 880.000000
0 1506 0.564365 0.421591 0.037511 0.111364 0.755560 1173.000000 880.000000
0 1507 0.564365 0.420455 0.037511 0.111364 0.755560 1173.000000 880.000000
0 1508 0.564365 0.419318 0.037511 0.111364 0.755560 1173.000000 880.000000
0 1509 0.564791 0.417614 0.036658 0.110227 0.750000 1173.000000 880.000000
0 1510 0.564791 0.415909 0.036658 0.111364 0.750000 1173.000000 880.000000
0 1511 0.565217 0.414205 0.035806 0.110227 0.744190 1173.000000 880.000000
0 1512 0.565217 0.413068 0.035806 0.110227 0.744190 1173.000000 880.000000
0 1513 0.565644 0.411364 0.034953 0.109091 0.738100 1173.000000 880.000000
0 1514 0.565644 0.410227 0.034953 0.109091 0.738100 1173.000000 880.000000
0 1515 0.565644 0.408523 0.034953 0.110227 0.761900 1173.000000 880.000000
0 1516 0.566070 0.406818 0.034101 0.109091 0.756100 1173.000000 880.000000
0 1517 0.566070 0.405682 0.034101 0.109091 0.756100 1173.000000 880.000000
0 1518 0.566496 0.403977 0.033248 0.107955 0.750000 1173.000000 880.000000
0 1519 0.566496 0.402273 0.033248 0.109091 0.750000 1173.000000 880.000000
0 1520 0.566922 0.400568 0.032396 0.107955 0.743590 1173.000000 880.000000
0 1521 0.566922 0.399432 0.032396 0.107955 0.743590 1173.000000 880.000000
0 1522 0.566922 0.398295 0.032396 0.107955 0.743590 1173.000000 880.000000
0 1523 0.567349 0.396023 0.031543 0.107955 0.736840 1173.000000 880.000000
0 1524 0.567349 0.394886 0.031543 0.107955 0.736840 1173.000000 880.000000
0 1525 0.567775 0.393182 0.030691 0.106818 0.729730 1173.000000 880.000000
0 1526 0.567775 0.392045 0.030691 0.106818 0.729730 1173.000000 880.000000
0 1527 0.568627 0.390909 0.030691 0.106818 0.702700 1173.000000 880.000000
0 1528 0.568627 0.388636 0.030691 0.106818 0.702700 1173.000000 880.000000
0 1529 0.569054 0.386364 0.031543 0.106818 0.684210 1173.000000 880.000000
0 1530 0.569480 0.385227 0.030691 0.106818 0.675680 1173.000000 880.000000
0 1531 0.569906 0.382955 0.031543 0.106818 0.657890 1173.000000 880.000000
0 1532 0.570332 0.381818 0.030691 0.106818 0.648650 1173.000000 880.000000
0 1533 0.570759 0.379545 0.031543 0.106818 0.631580 1173.000000 880.000000
0 1534 0.571185 0.378409 0.030691 0.106818 0.621620 1173.000000 880.000000
0 1535 0.571611 0.376136 0.031543 0.106818 0.605260 1173.000000 880.000000
0 1536 0.572038 0.375000 0.030691 0.106818 0.594590 1173.000000 880.000000
0 1537 0.572464 0.372727 0.031543 0.106818 0.578950 1173.000000 880.000000
0 1538 0.572464 0.370455 0.031543 0.106818 0.578950 1173.000000 880.000000
0 1539 0.573316 0.369318 0.031543 0.106818 0.552630 1173.000000 880.000000
0 1540 0.573316 0.367045 0.031543 0.106818 0.552630 1173.000000 880.000000
0 1541 0.574169 0.365909 0.031543 0.106818 0.526320 1173.000000 880.000000
0 1542 0.574169 0.363636 0.031543 0.106818 0.552630 1173.000000 880.000000
0 1543 0.575021 0.362500 0.031543 0.106818 0.526320 1173.000000 880.000000
0 1544 0.575021 0.360227 0.031543 0.106818 0.526320 1173.000000 880.000000
0 1545 0.575874 0.359091 0.031543 0.106818 0.500000 1173.000000 880.000000
0 1546 0.575874 0.356818 0.031543 0.106818 0.500000 1173.000000 880.000000
0 1547 0.576726 0.355682 0.031543 0.106818 0.473680 1173.000000 880.000000
0 1548 0.576726 0.353409 0.031543 0.106818 0.473680 1173.000000 880.000000
0 1549 0.577153 0.351136 0.032396 0.106818 0.461540 1173.000000 880.000000
0 1550 0.577579 0.350000 0.031543 0.106818 0.447370 1173.000000 880.000000
0 1551 0.578005 0.347727 0.032396 0.106818 0.435900 1173.000000 880.000000
0 1552 0.578431 0.346591 0.031543 0.106818 0.421050 1173.000000 880.000000
0 1553 0.578858 0.344318 0.032396 0.106818 0.410260 1173.000000 880.000000
0 1554 0.579284 0.343182 0.031543 0.106818 0.394740 1173.000000 880.000000
0 1555 0.579710 0.340909 0.032396 0.106818 0.384620 1173.000000 880.000000
0 1556 0.580136 0.339773 0.031543 0.106818 0.368420 1173.000000 880.000000
0 1557 0.580563 0.337500 0.032396 0.106818 0.358970 1173.000000 880.000000
0 1558 0.581415 0.336364 0.032396 0.106818 0.333330 1173.000000 880.000000
0 1559 0.581415 0.334091 0.032396 0.106818 0.333330 1173.000000 880.000000
0 1560 0.581415 0.331818 0.032396 0.106818 0.333330 1173.000000 880.000000
0 1561 0.581841 0.329545 0.031543 0.106818 0.315790 1173.000000 880.000000
0 1562 0.582268 0.327841 0.032396 0.105682 0.307690 1173.000000 880.000000
0 1563 0.582268 0.325568 0.032396 0.105682 0.307690 1173.000000 880.000000
0 1564 0.582694 0.323295 0.031543 0.105682 0.289470 1173.000000 880.000000
0 1565 0.583120 0.321023 0.032396 0.105682 0.282050 1173.000000 880.000000
0 1566 0.583120 0.319318 0.032396 0.104545 0.282050 1173.000000 880.000000
0 1567 0.583546 0.317045 0.031543 0.104545 0.263160 1173.000000 880.000000
0 1568 0.583546 0.314773 0.031543 0.104545 0.263160 1173.000000 880.000000
0 1569 0.583973 0.312500 0.032396 0.104545 0.282050 1173.000000 880.000000
0 1570 0.584399 0.310795 0.031543 0.103409 0.263160 1173.000000 880.000000
0 1571 0.584399 0.308523 0.031543 0.103409 0.263160 1173.000000 880.000000
0 1572 0.584825 0.306250 0.032396 0.103409 0.256410 1173.000000 880.000000
0 1573 0.585251 0.303977 0.031543 0.103409 0.236840 1173.000000 880.000000
0 1574 0.585251 0.302273 0.031543 0.102273 0.236840 1173.000000 880.000000
0 1575 0.585678 0.300000 0.030691 0.102273 0.216220 1173.000000 880.000000
0 1576 0.586104 0.297727 0.031543 0.102273 0.210530 1173.000000 880.000000
0 1577 0.586104 0.295455 0.031543 0.102273 0.210530 1173.000000 880.000000
0 1578 0.586530 0.293750 0.030691 0.101136 0.189190 1173.000000 880.000000
0 1579 0.586957 0.291477 0.031543 0.101136 0.184210 1173.000000 880.000000
0 1580 0.586957 0.289205 0.031543 0.101136 0.184210 1173.000000 880.000000
0 1581 0.587383 0.286932 0.030691 0.101136 0.162160 1173.000000 880.000000
0 1582 0.587383 0.285227 0.030691 0.100000 0.162160 1173.000000 880.000000
0 1583 0.587809 0.282955 0.031543 0.100000 0.157890 1173.000000 880.000000
0 1584 0.588235 0.280682 0.030691 0.100000 0.135140 1173.000000 880.000000
0 1585 0.588235 0.278409 0.030691 0.100000 0.135140 1173.000000 880.000000
0 1586 0.588662 0.276705 0.031543 0.098864 0.131580 1173.000000 880.000000
0 1587 0.589088 0.274432 0.030691 0.098864 0.108110 1173.000000 880.000000
0 1588 0.589088 0.272159 0.030691 0.098864 0.108110 1173.000000 880.000000
0 1589 0.589940 0.270455 0.030691 0.097727 0.081081 1173.000000 880.000000
0 1590 0.589940 0.268182 0.030691 0.097727 0.081081 1173.000000 880.000000
0 1591 0.589940 0.266477 0.030691 0.096591 0.081081 1173.000000 880.000000
0 1592 0.590367 0.265341 0.031543 0.096591 0.078947 1173.000000 880.000000
0 1593 0.590793 0.263636 0.030691 0.095455 0.054054 1173.000000 880.000000
0 1594 0.590793 0.262500 0.030691 0.095455 0.054054 1173.000000 880.000000
0 1595 0.591219 0.260795 0.031543 0.094318 0.052632 1173.000000 880.000000
0 1596 0.591645 0.259659 0.030691 0.094318 0.054054 1173.000000 880.000000
0 1597 0.591645 0.257386 0.030691 0.094318 0.054054 1173.000000 880.000000
0 1598 0.592072 0.256250 0.031543 0.094318 0.052632 1173.000000 880.000000
0 1599 0.592498 0.254545 0.030691 0.093182 0.027027 1173.000000 880.000000
0 1600 0.592924 0.253409 0.031543 0.093182 0.026316 1173.000000 880.000000
0 1601 0.592924 0.251705 0.031543 0.092045 0.026316 1173.000000 880.000000
0 1602 0.592924 0.250568 0.031543 0.092045 0.026316 1173.000000 880.000000
0 1603 0.593777 0.248864 0.031543 0.090909 0.000000 1173.000000 880.000000
0 1604 0.593777 0.247727 0.031543 0.090909 0.000000 1173.000000 880.000000
0 1605 0.593777 0.245455 0.031543 0.090909 0.000000 1173.000000 880.000000
0 1606 0.594629 0.243750 0.031543 0.089773 0.000000 1173.000000 880.000000
0 1607 0.594629 0.242614 0.031543 0.089773 0.000000 1173.000000 880.000000
0 1608 0.594629 0.240909 0.031543 0.088636 0.000000 1173.000000 880.000000
0 1609 0.595482 0.239773 0.031543 0.088636 0.000000 1173.000000 880.000000
0 1610 0.595482 0.238068 0.031543 0.087500 0.000000 1173.000000 880.000000
0 1611 0.595908 0.236932 0.032396 0.087500 0.000000 1173.000000 880.000000
0 1612 0.595908 0.234659 0.032396 0.087500 0.000000 1173.000000 880.000000
0 1613 0.596334 0.233523 0.031543 0.087500 0.000000 1173.000000 880.000000
0 1614 0.596760 0.231818 0.032396 0.086364 0.000000 1173.000000 880.000000
0 1615 0.596760 0.230682 0.032396 0.086364 0.000000 1173.000000 880.000000
0 1616 0.597187 0.228977 0.031543 0.085227 0.000000 1173.000000 880.000000
0 1617 0.597613 0.227841 0.032396 0.085227 0.000000 1173.000000 880.000000
0 1618 0.597613 0.226136 0.032396 0.084091 0.000000 1173.000000 880.000000
0 1619 0.598465 0.225000 0.032396 0.084091 0.000000 1173.000000 880.000000
0 1620 0.598465 0.223864 0.032396 0.084091 0.000000 1173.000000 880.000000
0 1621 0.598465 0.222727 0.032396 0.084091 0.000000 1173.000000 880.000000
0 1622 0.598465 0.221591 0.032396 0.084091 0.000000 1173.000000 880.000000
0 1623 0.598465 0.220455 0.032396 0.084091 0.000000 1173.000000 880.000000
0 1624 0.598465 0.219318 0.032396 0.084091 0.000000 1173.000000 880.000000
0 1625 0.598465 0.218182 0.032396 0.084091 0.000000 1173.000000 880.000000
0 1626 0.598465 0.217045 0.032396 0.084091 0.000000 1173.000000 880.000000
0 1627 0.598465 0.215909 0.032396 0.084091 0.000000 1173.000000 880.000000
0 1628 0.598465 0.214773 0.032396 0.084091 0.000000 1173.000000 880.000000
0 1629 0.598465 0.213636 0.032396 0.084091 0.000000 1173.000000 880.000000
0 1630 0.598465 0.212500 0.032396 0.084091 0.000000 1173.000000 880.000000
0 1631 0.598465 0.211364 0.032396 0.084091 0.000000 1173.000000 880.000000
0 1632 0.598465 0.210227 0.032396 0.084091 0.000000 1173.000000 880.000000
0 1633 0.598465 0.209091 0.032396 0.084091 0.000000 1173.000000 880.000000
0 1634 0.598465 0.207955 0.032396 0.084091 0.000000 1173.000000 880.000000
0 1635 0.598465 0.206818 0.032396 0.084091 0.000000 1173.000000 880.000000
0 1636 0.598465 0.206818 0.032396 0.084091 0.000000 1173.000000 880.000000
0 1637 0.598465 0.205682 0.032396 0.084091 0.000000 1173.000000 880.000000
0 1638 0.598465 0.204545 0.032396 0.084091 0.000000 1173.000000 880.000000
0 1639 0.598465 0.203409 0.032396 0.084091 0.000000 1173.000000 880.000000
0 1640 0.598465 0.202273 0.032396 0.084091 0.000000 1173.000000 880.000000
0 1641 0.598465 0.201136 0.032396 0.084091 0.000000 1173.000000 880.000000
0 1642 0.598465 0.200000 0.032396 0.084091 0.000000 1173.000000 880.000000
0 1643 0.598465 0.198864 0.032396 0.084091 0.000000 1173.000000 880.000000
0 1644 0.598465 0.197727 0.032396 0.084091 0.000000 1173.000000 880.000000
0 1645 0.598465 0.196591 0.032396 0.084091 0.000000 1173.000000 880.000000
0 1646 0.598465 0.195455 0.032396 0.084091 0.000000 1173.000000 880.000000
0 1647 0.598465 0.194318 0.032396 0.084091 0.000000 1173.000000 880.000000
0 1648 0.598465 0.193182 0.032396 0.084091 0.000000 1173.000000 880.000000
0 1649 0.598465 0.192045 0.032396 0.084091 0.000000 1173.000000 880.000000
0 1650 0.598465 0.190909 0.032396 0.084091 0.000000 1173.000000 880.000000
0 1651 0.598465 0.189773 0.032396 0.084091 0.000000 1173.000000 880.000000
0 1652 0.598465 0.188636 0.032396 0.084091 0.000000 1173.000000 880.000000
0 1653 0.598465 0.188636 0.032396 0.084091 0.000000 1173.000000 880.000000
0 1654 0.598465 0.187500 0.032396 0.084091 0.000000 1173.000000 880.000000
0 1655 0.598465 0.186364 0.032396 0.084091 0.000000 1173.000000 880.000000
0 1656 0.598465 0.185227 0.032396 0.084091 0.000000 1173.000000 880.000000
0 1657 0.598465 0.184091 0.032396 0.084091 0.000000 1173.000000 880.000000
0 1658 0.598465 0.182955 0.032396 0.084091 0.000000 1173.000000 880.000000
0 1659 0.598465 0.181818 0.032396 0.084091 0.000000 1173.000000 880.000000
0 1660 0.598465 0.180682 0.032396 0.084091 0.000000 1173.000000 880.000000
0 1661 0.598465 0.179545 0.032396 0.084091 0.000000 1173.000000 880.000000
0 1662 0.598465 0.178409 0.032396 0.084091 0.000000 1173.000000 880.000000
0 1663 0.598465 0.177273 0.032396 0.084091 0.000000 1173.000000 880.000000
0 1664 0.598465 0.176136 0.032396 0.084091 0.000000 1173.000000 880.000000
0 1665 0.598465 0.175000 0.032396 0.084091 0.000000 1173.000000 880.000000
0 1666 0.598465 0.173864 0.032396 0.084091 0.000000 1173.000000 880.000000
0 1667 0.598465 0.172727 0.032396 0.084091 0.000000 1173.000000 880.000000
0 1668 0.598465 0.171591 0.032396 0.084091 0.000000 1173.000000 880.000000
0 1669 0.598465 0.170455 0.032396 0.084091 0.000000 1173.000000 880.000000
0 1670 0.598465 0.169318 0.032396 0.084091 0.000000 1173.000000 880.000000
0 1671 0.598465 0.168182 0.032396 0.084091 0.000000 1173.000000 880.000000
0 1672 0.598465 0.167045 0.032396 0.084091 0.000000 1173.000000 880.000000
0 1673 0.598465 0.165909 0.032396 0.084091 0.000000 1173.000000 880.000000
0 1674 0.598465 0.165909 0.032396 0.084091 0.000000 1173.000000 880.000000
0 1675 0.598465 0.164773 0.032396 0.084091 0.000000 1173.000000 880.000000
0 1676 0.598465 0.163636 0.032396 0.084091 0.000000 1173.000000 880.000000
0 1677 0.598465 0.162500 0.032396 0.084091 0.000000 1173.000000 880.000000
0 1678 0.598465 0.161364 0.032396 0.084091 0.000000 1173.000000 880.000000
0 1679 0.598465 0.160227 0.032396 0.084091 0.000000 1173.000000 880.000000
0 1680 0.598465 0.159091 0.032396 0.084091 0.000000 1173.000000 880.000000
0 1681 0.598465 0.157955 0.032396 0.084091 0.000000 1173.000000 880.000000
0 1682 0.598465 0.156818 0.032396 0.084091 0.000000 1173.000000 880.000000
0 1683 0.598465 0.155682 0.032396 0.084091 0.000000 1173.000000 880.000000
0 1684 0.598465 0.154545 0.032396 0.084091 0.000000 1173.000000 880.000000
0 1685 0.598465 0.153409 0.032396 0.084091 0.000000 1173.000000 880.000000
0 1686 0.598465 0.152273 0.032396 0.084091 0.000000 1173.000000 880.000000
0 1687 0.598465 0.151136 0.032396 0.084091 0.000000 1173.000000 880.000000
0 1688 0.598465 0.150000 0.032396 0.084091 0.000000 1173.000000 880.000000
0 1689 0.598465 0.148864 0.032396 0.084091 0.000000 1173.000000 880.000000
0 1690 0.598465 0.147727 0.032396 0.084091 0.000000 1173.000000 880.000000
0 1691 0.598465 0.146591 0.032396 0.084091 0.000000 1173.000000 880.000000
0 1692 0.598465 0.145455 0.032396 0.084091 0.000000 1173.000000 880.000000
0 1693 0.598465 0.144318 0.032396 0.084091 0.000000 1173.000000 880.000000
0 1694 0.598465 0.143182 0.032396 0.084091 0.000000 1173.000000 880.000000
