0 687 0.002984 0.433523 0.004263 0.121591 1.000000 1173.000000 880.000000
0 688 0.002984 0.432386 0.004263 0.121591 1.000000 1173.000000 880.000000
0 689 0.003410 0.431250 0.005115 0.121591 1.000000 1173.000000 880.000000
0 690 0.003410 0.430114 0.005115 0.121591 1.000000 1173.000000 880.000000
0 691 0.003836 0.428977 0.005968 0.121591 1.000000 1173.000000 880.000000
0 692 0.003836 0.427841 0.005968 0.121591 1.000000 1173.000000 880.000000
0 693 0.004263 0.426705 0.006820 0.121591 1.000000 1173.000000 880.000000
0 694 0.004263 0.425568 0.006820 0.121591 1.000000 1173.000000 880.000000
0 695 0.004689 0.425568 0.007673 0.121591 1.000000 1173.000000 880.000000
0 696 0.004689 0.424432 0.007673 0.121591 1.000000 1173.000000 880.000000
0 697 0.005115 0.423295 0.008525 0.121591 1.000000 1173.000000 880.000000
0 698 0.005115 0.422159 0.008525 0.121591 1.000000 1173.000000 880.000000
0 699 0.005541 0.421023 0.009378 0.121591 1.000000 1173.000000 880.000000
0 700 0.005968 0.419886 0.010230 0.121591 1.000000 1173.000000 880.000000
0 701 0.005968 0.418750 0.010230 0.121591 1.000000 1173.000000 880.000000
0 702 0.006394 0.417614 0.011083 0.121591 1.000000 1173.000000 880.000000
0 703 0.006394 0.416477 0.011083 0.121591 1.000000 1173.000000 880.000000
0 704 0.006820 0.415341 0.011935 0.121591 1.000000 1173.000000 880.000000
0 705 0.006820 0.415341 0.011935 0.121591 1.000000 1173.000000 880.000000
0 706 0.007246 0.414205 0.012788 0.121591 1.000000 1173.000000 880.000000
0 707 0.007246 0.413068 0.012788 0.121591 1.000000 1173.000000 880.000000
0 708 0.007673 0.411932 0.013640 0.121591 1.000000 1173.000000 880.000000
0 709 0.007673 0.410795 0.013640 0.121591 1.000000 1173.000000 880.000000
0 710 0.008099 0.409659 0.014493 0.121591 1.000000 1173.000000 880.000000
0 711 0.008099 0.408523 0.014493 0.121591 1.000000 1173.000000 880.000000
0 712 0.008525 0.407386 0.015345 0.121591 1.000000 1173.000000 880.000000
0 713 0.008525 0.406250 0.015345 0.121591 1.000000 1173.000000 880.000000
0 714 0.008951 0.405114 0.016198 0.121591 1.000000 1173.000000 880.000000
0 715 0.009378 0.405114 0.017050 0.121591 1.000000 1173.000000 880.000000
0 716 0.009378 0.403977 0.017050 0.121591 1.000000 1173.000000 880.000000
0 717 0.009804 0.402841 0.017903 0.121591 1.000000 1173.000000 880.000000
0 718 0.009804 0.402273 0.017903 0.120455 1.000000 1173.000000 880.000000
0 719 0.010230 0.401136 0.018755 0.120455 0.782610 1173.000000 880.000000
0 720 0.010656 0.400568 0.019608 0.119318 0.791670 1173.000000 880.000000
0 721 0.010656 0.399432 0.019608 0.119318 0.833330 1173.000000 880.000000
0 722 0.011083 0.398295 0.020460 0.119318 0.800000 1173.000000 880.000000
0 723 0.011083 0.397727 0.020460 0.118182 0.840000 1173.000000 880.000000
0 724 0.011509 0.397159 0.021313 0.119318 0.846150 1173.000000 880.000000
0 725 0.011935 0.396591 0.022165 0.118182 0.851850 1173.000000 880.000000
0 726 0.011935 0.395455 0.022165 0.118182 0.888890 1173.000000 880.000000
0 727 0.012361 0.394318 0.023018 0.118182 0.892860 1173.000000 880.000000
0 728 0.012361 0.393750 0.023018 0.117045 0.928570 1173.000000 880.000000
0 729 0.012788 0.392614 0.023870 0.117045 0.931030 1173.000000 880.000000
0 730 0.013214 0.392045 0.024723 0.115909 0.933330 1173.000000 880.000000
0 731 0.013214 0.390909 0.024723 0.115909 0.933330 1173.000000 880.000000
0 732 0.013640 0.389773 0.025575 0.115909 0.935480 1173.000000 880.000000
0 733 0.013640 0.389773 0.025575 0.115909 0.967740 1173.000000 880.000000
0 734 0.014066 0.388636 0.026428 0.115909 0.968750 1173.000000 880.000000
0 735 0.014493 0.388068 0.027280 0.114773 0.969700 1173.000000 880.000000
0 736 0.014493 0.386932 0.027280 0.114773 1.000000 1173.000000 880.000000
0 737 0.014919 0.385795 0.028133 0.114773 0.865050 1173.000000 880.000000
0 738 0.014919 0.385227 0.028133 0.113636 0.841000 1173.000000 880.000000
0 739 0.015345 0.384091 0.028986 0.113636 0.823480 1173.000000 880.000000
0 740 0.015772 0.383523 0.029838 0.112500 0.807500 1173.000000 880.000000
0 741 0.015772 0.382386 0.029838 0.112500 0.807500 1173.000000 880.000000
0 742 0.016198 0.381818 0.030691 0.113636 0.791280 1173.000000 880.000000
0 743 0.016198 0.381250 0.030691 0.112500 0.771080 1173.000000 880.000000
0 744 0.016624 0.380114 0.031543 0.112500 0.730530 1173.000000 880.000000
0 745 0.017050 0.379545 0.032396 0.111364 0.715100 1173.000000 880.000000
0 746 0.017050 0.378409 0.032396 0.111364 0.698780 1173.000000 880.000000
0 747 0.017477 0.377273 0.033248 0.111364 0.687120 1173.000000 880.000000
0 748 0.017477 0.376705 0.033248 0.110227 0.684180 1173.000000 880.000000
0 749 0.017903 0.375568 0.034101 0.110227 0.652560 1173.000000 880.000000
0 750 0.018755 0.375568 0.034101 0.110227 0.648580 1173.000000 880.000000
0 751 0.018755 0.374432 0.034101 0.110227 0.629670 1173.000000 880.000000
0 752 0.019608 0.373295 0.034101 0.110227 0.633900 1173.000000 880.000000
0 753 0.019608 0.372159 0.034101 0.110227 0.615230 1173.000000 880.000000
0 754 0.020460 0.371591 0.034101 0.111364 0.608520 1173.000000 880.000000
0 755 0.020460 0.371023 0.034101 0.110227 0.615230 1173.000000 880.000000
0 756 0.021313 0.369886 0.034101 0.110227 0.590840 1173.000000 880.000000
0 757 0.021313 0.368750 0.034101 0.110227 0.572180 1173.000000 880.000000
0 758 0.022165 0.368182 0.034101 0.111364 0.575760 1173.000000 880.000000
0 759 0.022165 0.367045 0.034101 0.111364 0.557280 1173.000000 880.000000
0 760 0.023018 0.366477 0.034101 0.110227 0.553510 1173.000000 880.000000
0 761 0.023018 0.365341 0.034101 0.110227 0.558490 1173.000000 880.000000
0 762 0.023870 0.364773 0.034101 0.111364 0.532890 1173.000000 880.000000
0 763 0.023870 0.363636 0.034101 0.111364 0.538800 1173.000000 880.000000
0 764 0.024723 0.363068 0.034101 0.110227 0.515680 1173.000000 880.000000
0 765 0.024723 0.361932 0.034101 0.110227 0.521650 1173.000000 880.000000
0 766 0.025575 0.361364 0.034101 0.111364 0.495930 1173.000000 880.000000
0 767 0.025575 0.360227 0.034101 0.111364 0.483120 1173.000000 880.000000
0 768 0.026428 0.359091 0.034101 0.111364 0.501360 1173.000000 880.000000
0 769 0.026428 0.358523 0.034101 0.110227 0.497260 1173.000000 880.000000
0 770 0.027280 0.357955 0.034101 0.111364 0.490020 1173.000000 880.000000
0 771 0.027280 0.356818 0.034101 0.111364 0.495930 1173.000000 880.000000
0 772 0.028133 0.355682 0.034101 0.111364 0.495200 1173.000000 880.000000
0 773 0.028133 0.355114 0.034101 0.110227 0.515680 1173.000000 880.000000
0 774 0.028986 0.354545 0.034101 0.111364 0.490020 1173.000000 880.000000
0 775 0.028986 0.353409 0.034101 0.111364 0.490020 1173.000000 880.000000
0 776 0.029838 0.352273 0.034101 0.111364 0.508500 1173.000000 880.000000
0 777 0.029838 0.351136 0.034101 0.111364 0.495200 1173.000000 880.000000
0 778 0.030691 0.351136 0.034101 0.111364 0.508500 1173.000000 880.000000
0 779 0.030691 0.350000 0.034101 0.111364 0.508500 1173.000000 880.000000
0 780 0.031543 0.348864 0.034101 0.111364 0.484110 1173.000000 880.000000
0 781 0.031543 0.347727 0.034101 0.111364 0.508500 1173.000000 880.000000
0 782 0.032396 0.347727 0.034101 0.111364 0.648930 1173.000000 880.000000
0 783 0.032396 0.346591 0.034101 0.111364 0.508500 1173.000000 880.000000
0 784 0.032396 0.345455 0.034101 0.111364 0.508500 1173.000000 880.000000
0 785 0.032396 0.345455 0.034101 0.111364 0.625520 1173.000000 880.000000
0 786 0.032396 0.344318 0.034101 0.111364 0.509240 1173.000000 880.000000
0 787 0.032822 0.343182 0.034953 0.111364 0.525970 1173.000000 880.000000
0 788 0.033248 0.343182 0.034101 0.111364 0.625520 1173.000000 880.000000
0 789 0.033248 0.342045 0.034101 0.111364 0.533630 1173.000000 880.000000
0 790 0.033248 0.340909 0.034101 0.111364 0.533630 1173.000000 880.000000
0 791 0.033674 0.340909 0.034953 0.111364 0.544730 1173.000000 880.000000
0 792 0.033674 0.339773 0.034953 0.111364 0.550260 1173.000000 880.000000
0 793 0.034101 0.338636 0.034101 0.111364 0.558020 1173.000000 880.000000
0 794 0.034101 0.338636 0.034101 0.111364 0.577240 1173.000000 880.000000
0 795 0.034527 0.337500 0.034953 0.111364 0.544970 1173.000000 880.000000
0 796 0.034527 0.336364 0.034953 0.111364 0.574070 1173.000000 880.000000
0 797 0.034527 0.336364 0.034953 0.111364 0.568780 1173.000000 880.000000
0 798 0.034953 0.335227 0.034101 0.111364 0.582660 1173.000000 880.000000
0 799 0.035379 0.334091 0.034953 0.111364 0.568780 1173.000000 880.000000
0 800 0.035379 0.334091 0.034953 0.111364 0.587300 1173.000000 880.000000
0 801 0.035379 0.332955 0.034953 0.111364 0.574070 1173.000000 880.000000
0 802 0.035379 0.331818 0.034953 0.111364 0.574070 1173.000000 880.000000
0 803 0.036232 0.331818 0.034953 0.111364 0.587300 1173.000000 880.000000
0 804 0.036232 0.330682 0.034953 0.111364 0.568540 1173.000000 880.000000
0 805 0.036232 0.330682 0.034953 0.111364 0.563010 1173.000000 880.000000
0 806 0.036232 0.329545 0.034953 0.111364 0.568540 1173.000000 880.000000
0 807 0.036232 0.328409 0.034953 0.111364 0.549780 1173.000000 880.000000
0 808 0.037084 0.328409 0.034953 0.111364 0.563010 1173.000000 880.000000
0 809 0.037084 0.327273 0.034953 0.111364 0.563010 1173.000000 880.000000
0 810 0.037084 0.326136 0.034953 0.111364 0.549780 1173.000000 880.000000
0 811 0.037084 0.326136 0.034953 0.111364 0.544010 1173.000000 880.000000
0 812 0.037511 0.325000 0.035806 0.111364 0.554620 1173.000000 880.000000
0 813 0.037937 0.323864 0.034953 0.111364 0.549780 1173.000000 880.000000
0 814 0.037937 0.323864 0.034953 0.111364 0.544010 1173.000000 880.000000
0 815 0.037937 0.322727 0.034953 0.111364 0.544010 1173.000000 880.000000
0 816 0.038363 0.321591 0.035806 0.111364 0.541930 1173.000000 880.000000
0 817 0.038363 0.321591 0.035806 0.111364 0.536060 1173.000000 880.000000
0 818 0.038789 0.320455 0.034953 0.111364 0.544010 1173.000000 880.000000
0 819 0.038789 0.319318 0.034953 0.111364 0.531020 1173.000000 880.000000
0 820 0.039216 0.319318 0.035806 0.111364 0.536060 1173.000000 880.000000
0 821 0.039216 0.318182 0.035806 0.111364 0.517500 1173.000000 880.000000
0 822 0.039216 0.317045 0.035806 0.111364 0.523610 1173.000000 880.000000
0 823 0.039642 0.317045 0.034953 0.111364 0.525010 1173.000000 880.000000
0 824 0.040068 0.315909 0.035806 0.111364 0.517500 1173.000000 880.000000
0 825 0.040068 0.314773 0.035806 0.111364 0.523610 1173.000000 880.000000
0 826 0.040068 0.314773 0.035806 0.111364 0.517500 1173.000000 880.000000
0 827 0.040068 0.313636 0.035806 0.111364 0.498940 1173.000000 880.000000
0 828 0.040921 0.313636 0.035806 0.111364 0.517500 1173.000000 880.000000
0 829 0.040921 0.312500 0.035806 0.111364 0.517500 1173.000000 880.000000
0 830 0.041773 0.311364 0.035806 0.111364 0.517500 1173.000000 880.000000
0 831 0.042626 0.310227 0.035806 0.111364 0.541930 1173.000000 880.000000
0 832 0.042626 0.310227 0.035806 0.111364 0.517500 1173.000000 880.000000
0 833 0.043478 0.309091 0.035806 0.111364 0.536060 1173.000000 880.000000
0 834 0.044331 0.307955 0.035806 0.111364 0.560250 1173.000000 880.000000
0 835 0.045183 0.307955 0.035806 0.111364 0.554620 1173.000000 880.000000
0 836 0.045183 0.306818 0.035806 0.111364 0.554620 1173.000000 880.000000
0 837 0.046036 0.305682 0.035806 0.111364 0.578580 1173.000000 880.000000
0 838 0.046888 0.305682 0.035806 0.111364 0.573170 1173.000000 880.000000
0 839 0.046888 0.304545 0.035806 0.111364 0.573170 1173.000000 880.000000
0 840 0.047741 0.303409 0.035806 0.111364 0.596900 1173.000000 880.000000
0 841 0.048593 0.303409 0.035806 0.111364 0.591730 1173.000000 880.000000
0 842 0.049446 0.302273 0.035806 0.111364 0.610290 1173.000000 880.000000
0 843 0.049446 0.301136 0.035806 0.111364 0.596900 1173.000000 880.000000
0 844 0.050298 0.301136 0.035806 0.111364 0.610290 1173.000000 880.000000
0 845 0.051151 0.300000 0.035806 0.111364 0.628850 1173.000000 880.000000
0 846 0.051151 0.298864 0.035806 0.111364 0.628850 1173.000000 880.000000
0 847 0.052003 0.298864 0.035806 0.111364 0.628850 1173.000000 880.000000
0 848 0.052856 0.297727 0.035806 0.111364 0.647400 1173.000000 880.000000
0 849 0.053708 0.296591 0.035806 0.111364 0.665960 1173.000000 880.000000
0 850 0.053708 0.296591 0.035806 0.111364 0.665960 1173.000000 880.000000
0 851 0.054561 0.295455 0.035806 0.111364 0.665960 1173.000000 880.000000
0 852 0.055413 0.294318 0.035806 0.111364 0.684520 1173.000000 880.000000
0 853 0.056266 0.294318 0.035806 0.111364 0.703080 1173.000000 880.000000
0 854 0.056266 0.293182 0.035806 0.111364 0.684520 1173.000000 880.000000
0 855 0.057118 0.292045 0.035806 0.111364 0.703080 1173.000000 880.000000
0 856 0.057971 0.290909 0.035806 0.111364 0.721630 1173.000000 880.000000
0 857 0.057971 0.290909 0.035806 0.111364 0.721630 1173.000000 880.000000
0 858 0.058824 0.289773 0.035806 0.111364 0.721630 1173.000000 880.000000
0 859 0.059676 0.288636 0.035806 0.111364 0.740190 1173.000000 880.000000
0 860 0.060529 0.288636 0.035806 0.111364 0.758750 1173.000000 880.000000
0 861 0.060529 0.287500 0.035806 0.111364 0.758750 1173.000000 880.000000
0 862 0.061381 0.286364 0.035806 0.111364 0.758750 1173.000000 880.000000
0 863 0.062234 0.286364 0.035806 0.111364 0.777310 1173.000000 880.000000
0 864 0.062234 0.285227 0.035806 0.111364 0.777310 1173.000000 880.000000
0 865 0.063086 0.284091 0.035806 0.111364 0.777310 1173.000000 880.000000
0 866 0.063939 0.284091 0.035806 0.111364 0.793280 1173.000000 880.000000
0 867 0.064791 0.282955 0.035806 0.111364 0.814420 1173.000000 880.000000
0 868 0.064791 0.281818 0.035806 0.111364 0.814420 1173.000000 880.000000
0 869 0.065644 0.281818 0.035806 0.111364 0.812070 1173.000000 880.000000
0 870 0.066496 0.280682 0.035806 0.111364 0.832980 1173.000000 880.000000
0 871 0.066496 0.279545 0.035806 0.111364 0.832980 1173.000000 880.000000
0 872 0.067349 0.279545 0.035806 0.111364 0.849660 1173.000000 880.000000
0 873 0.068201 0.278409 0.035806 0.111364 0.851540 1173.000000 880.000000
0 874 0.069054 0.277273 0.035806 0.111364 0.870100 1173.000000 880.000000
0 875 0.069054 0.277273 0.035806 0.111364 0.868450 1173.000000 880.000000
0 876 0.069906 0.276136 0.035806 0.111364 0.868450 1173.000000 880.000000
0 877 0.070759 0.275000 0.035806 0.111364 0.888650 1173.000000 880.000000
0 878 0.071611 0.275000 0.035806 0.111364 0.906040 1173.000000 880.000000
0 879 0.071611 0.273864 0.035806 0.111364 0.906040 1173.000000 880.000000
0 880 0.071611 0.272727 0.035806 0.111364 0.888650 1173.000000 880.000000
0 881 0.072464 0.271591 0.035806 0.111364 0.907210 1173.000000 880.000000
0 882 0.072464 0.271591 0.035806 0.111364 0.906040 1173.000000 880.000000
0 883 0.073316 0.270455 0.035806 0.111364 0.907210 1173.000000 880.000000
0 884 0.073316 0.269318 0.035806 0.111364 0.907210 1173.000000 880.000000
0 885 0.074169 0.269318 0.035806 0.111364 0.925770 1173.000000 880.000000
0 886 0.074169 0.268182 0.035806 0.111364 0.907210 1173.000000 880.000000
0 887 0.075021 0.267045 0.035806 0.111364 0.926710 1173.000000 880.000000
0 888 0.075021 0.267045 0.035806 0.111364 0.907210 1173.000000 880.000000
0 889 0.075874 0.265909 0.035806 0.111364 0.926710 1173.000000 880.000000
0 890 0.075874 0.264773 0.035806 0.111364 0.908390 1173.000000 880.000000
0 891 0.076726 0.263636 0.035806 0.111364 0.927650 1173.000000 880.000000
0 892 0.076726 0.263636 0.035806 0.111364 0.908390 1173.000000 880.000000
0 893 0.077579 0.262500 0.035806 0.111364 0.927650 1173.000000 880.000000
0 894 0.077579 0.261364 0.035806 0.111364 0.927650 1173.000000 880.000000
0 895 0.078431 0.261364 0.035806 0.111364 0.927650 1173.000000 880.000000
0 896 0.078431 0.260227 0.035806 0.111364 0.927650 1173.000000 880.000000
0 897 0.079284 0.259091 0.035806 0.111364 0.928590 1173.000000 880.000000
0 898 0.079284 0.259091 0.035806 0.111364 0.927650 1173.000000 880.000000
0 899 0.080136 0.257955 0.035806 0.111364 0.928590 1173.000000 880.000000
0 900 0.080136 0.256818 0.035806 0.111364 0.928590 1173.000000 880.000000
0 901 0.080989 0.256818 0.035806 0.111364 0.928590 1173.000000 880.000000
0 902 0.080989 0.255682 0.035806 0.111364 0.928590 1173.000000 880.000000
0 903 0.081841 0.255114 0.035806 0.110227 0.927860 1173.000000 880.000000
0 904 0.082268 0.253977 0.034953 0.110227 0.944610 1173.000000 880.000000
0 905 0.083120 0.253409 0.034953 0.109091 0.944770 1173.000000 880.000000
0 906 0.083546 0.252273 0.034101 0.109091 0.962280 1173.000000 880.000000
0 907 0.084399 0.252273 0.034101 0.109091 0.961780 1173.000000 880.000000
0 908 0.084825 0.251136 0.033248 0.109091 0.980670 1173.000000 880.000000
0 909 0.085251 0.250568 0.034101 0.107955 0.961890 1173.000000 880.000000
0 910 0.086104 0.249432 0.034101 0.107955 0.980950 1173.000000 880.000000
0 911 0.086530 0.248864 0.033248 0.106818 0.980530 1173.000000 880.000000
0 912 0.087383 0.247727 0.033248 0.106818 0.980530 1173.000000 880.000000
0 913 0.087809 0.247727 0.032396 0.106818 1.000000 1173.000000 880.000000
0 914 0.088662 0.246591 0.032396 0.106818 1.000000 1173.000000 880.000000
0 915 0.089088 0.246023 0.031543 0.105682 1.000000 1173.000000 880.000000
0 916 0.089940 0.244886 0.031543 0.105682 1.000000 1173.000000 880.000000
0 917 0.090367 0.244318 0.032396 0.104545 1.000000 1173.000000 880.000000
0 918 0.090793 0.243182 0.031543 0.104545 1.000000 1173.000000 880.000000
0 919 0.091645 0.243182 0.031543 0.104545 1.000000 1173.000000 880.000000
0 920 0.092072 0.242045 0.030691 0.104545 1.000000 1173.000000 880.000000
0 921 0.092924 0.241477 0.030691 0.103409 1.000000 1173.000000 880.000000
0 922 0.093350 0.240341 0.029838 0.103409 1.000000 1173.000000 880.000000
0 923 0.094203 0.239773 0.029838 0.102273 1.000000 1173.000000 880.000000
0 924 0.095055 0.239773 0.029838 0.102273 1.000000 1173.000000 880.000000
0 925 0.095055 0.238636 0.029838 0.102273 1.000000 1173.000000 880.000000
0 926 0.095055 0.238636 0.029838 0.102273 1.000000 1173.000000 880.000000
0 927 0.095482 0.237500 0.028986 0.102273 1.000000 1173.000000 880.000000
0 928 0.095908 0.237500 0.029838 0.102273 1.000000 1173.000000 880.000000
0 929 0.095908 0.237500 0.029838 0.102273 1.000000 1173.000000 880.000000
0 930 0.096334 0.236364 0.028986 0.102273 1.000000 1173.000000 880.000000
0 931 0.096334 0.236364 0.028986 0.102273 0.976770 1173.000000 880.000000
0 932 0.096760 0.236364 0.029838 0.102273 0.954210 1173.000000 880.000000
0 933 0.097187 0.235227 0.028986 0.102273 0.952900 1173.000000 880.000000
0 934 0.097187 0.235227 0.028986 0.102273 0.952900 1173.000000 880.000000
0 935 0.098039 0.235227 0.028986 0.102273 0.952280 1173.000000 880.000000
0 936 0.098892 0.234091 0.028986 0.102273 0.952900 1173.000000 880.000000
0 937 0.099744 0.232955 0.028986 0.102273 0.952900 1173.000000 880.000000
0 938 0.100597 0.231818 0.028986 0.102273 0.952900 1173.000000 880.000000
0 939 0.101449 0.230682 0.028986 0.102273 0.953530 1173.000000 880.000000
0 940 0.102302 0.229545 0.028986 0.102273 0.974570 1173.000000 880.000000
0 941 0.103154 0.228409 0.028986 0.102273 0.970800 1173.000000 880.000000
0 942 0.104007 0.227273 0.028986 0.102273 0.964520 1173.000000 880.000000
0 943 0.104859 0.226136 0.028986 0.102273 0.967660 1173.000000 880.000000
0 944 0.105712 0.225000 0.028986 0.102273 0.971110 1173.000000 880.000000
0 945 0.106564 0.223864 0.028986 0.102273 0.977390 1173.000000 880.000000
0 946 0.107417 0.223864 0.028986 0.102273 0.977390 1173.000000 880.000000
0 947 0.108269 0.222727 0.028986 0.102273 1.000000 1173.000000 880.000000
0 948 0.109122 0.221591 0.028986 0.102273 1.000000 1173.000000 880.000000
0 949 0.109974 0.220455 0.028986 0.102273 1.000000 1173.000000 880.000000
0 950 0.110827 0.219318 0.028986 0.102273 1.000000 1173.000000 880.000000
0 951 0.111679 0.218182 0.028986 0.102273 1.000000 1173.000000 880.000000
0 952 0.112532 0.217045 0.028986 0.102273 1.000000 1173.000000 880.000000
0 953 0.113384 0.215909 0.028986 0.102273 1.000000 1173.000000 880.000000
0 954 0.114237 0.214773 0.028986 0.102273 1.000000 1173.000000 880.000000
0 955 0.115090 0.213636 0.028986 0.102273 1.000000 1173.000000 880.000000
0 956 0.115942 0.213636 0.028986 0.102273 1.000000 1173.000000 880.000000
0 957 0.115942 0.212500 0.028986 0.102273 0.978340 1173.000000 880.000000
0 958 0.116795 0.211364 0.028986 0.102273 0.978340 1173.000000 880.000000
0 959 0.117647 0.211364 0.028986 0.102273 0.978340 1173.000000 880.000000
0 960 0.117647 0.210227 0.028986 0.102273 0.956670 1173.000000 880.000000
0 961 0.118500 0.210227 0.028986 0.102273 0.956670 1173.000000 880.000000
0 962 0.119352 0.209091 0.028986 0.102273 0.956670 1173.000000 880.000000
0 963 0.119778 0.207955 0.028133 0.102273 0.955400 1173.000000 880.000000
0 964 0.120205 0.207955 0.028986 0.102273 0.935010 1173.000000 880.000000
0 965 0.121057 0.206818 0.028986 0.102273 0.935010 1173.000000 880.000000
0 966 0.121483 0.206818 0.028133 0.102273 0.933100 1173.000000 880.000000
0 967 0.121910 0.205682 0.028986 0.102273 0.913340 1173.000000 880.000000
0 968 0.122762 0.204545 0.028986 0.102273 0.914600 1173.000000 880.000000
0 969 0.123188 0.204545 0.028133 0.102273 0.910800 1173.000000 880.000000
0 970 0.124041 0.203409 0.028133 0.102273 0.910800 1173.000000 880.000000
0 971 0.124467 0.203409 0.028986 0.102273 0.868130 1173.000000 880.000000
0 972 0.124893 0.202273 0.028133 0.102273 0.864250 1173.000000 880.000000
0 973 0.125746 0.201136 0.028133 0.102273 0.864250 1173.000000 880.000000
0 974 0.126172 0.201136 0.028986 0.102273 0.824180 1173.000000 880.000000
0 975 0.126598 0.200000 0.028133 0.102273 0.819000 1173.000000 880.000000
0 976 0.127451 0.200000 0.028133 0.102273 0.816420 1173.000000 880.000000
0 977 0.128303 0.198864 0.028133 0.102273 0.793470 1173.000000 880.000000
0 978 0.128303 0.197727 0.028133 0.102273 0.770520 1173.000000 880.000000
0 979 0.129156 0.197727 0.028133 0.102273 0.767290 1173.000000 880.000000
0 980 0.130009 0.196591 0.028133 0.102273 0.747580 1173.000000 880.000000
0 981 0.130861 0.196591 0.028133 0.102273 0.744020 1173.000000 880.000000
0 982 0.130861 0.195455 0.028133 0.102273 0.720750 1173.000000 880.000000
0 983 0.131714 0.194318 0.028133 0.102273 0.697480 1173.000000 880.000000
0 984 0.132566 0.193182 0.028133 0.102273 0.697480 1173.000000 880.000000
0 985 0.133419 0.192045 0.028133 0.102273 0.697480 1173.000000 880.000000
0 986 0.134271 0.190909 0.028133 0.102273 0.678730 1173.000000 880.000000
0 987 0.135124 0.190909 0.028133 0.102273 0.674210 1173.000000 880.000000
0 988 0.135976 0.189773 0.028133 0.102273 0.674210 1173.000000 880.000000
0 989 0.136829 0.188636 0.028133 0.102273 0.650940 1173.000000 880.000000
0 990 0.137681 0.187500 0.028133 0.102273 0.650940 1173.000000 880.000000
0 991 0.137681 0.186364 0.028133 0.102273 0.609890 1173.000000 880.000000
0 992 0.138534 0.185227 0.028133 0.102273 0.632840 1173.000000 880.000000
0 993 0.139386 0.185227 0.028133 0.102273 0.627670 1173.000000 880.000000
0 994 0.140239 0.184091 0.028133 0.102273 0.627670 1173.000000 880.000000
0 995 0.141091 0.182955 0.028133 0.102273 0.650940 1173.000000 880.000000
0 996 0.141944 0.181818 0.028133 0.102273 0.655790 1173.000000 880.000000
0 997 0.142796 0.180682 0.028133 0.102273 0.655790 1173.000000 880.000000
0 998 0.143649 0.179545 0.028133 0.102273 0.655790 1173.000000 880.000000
0 999 0.144501 0.179545 0.028133 0.102273 0.674210 1173.000000 880.000000
0 1000 0.144501 0.177841 0.028133 0.101136 0.656860 1173.000000 880.000000
0 1001 0.145354 0.176705 0.028133 0.101136 0.656860 1173.000000 880.000000
0 1002 0.146206 0.175568 0.028133 0.101136 0.679740 1173.000000 880.000000
0 1003 0.147059 0.173864 0.028133 0.100000 0.680770 1173.000000 880.000000
0 1004 0.147911 0.172727 0.028133 0.100000 0.685390 1173.000000 880.000000
0 1005 0.148764 0.171591 0.028133 0.100000 0.685390 1173.000000 880.000000
0 1006 0.149616 0.170455 0.028133 0.100000 0.707870 1173.000000 880.000000
0 1007 0.150469 0.168750 0.028133 0.098864 0.708890 1173.000000 880.000000
0 1008 0.151321 0.167614 0.028133 0.098864 0.713240 1173.000000 880.000000
0 1009 0.152174 0.166477 0.028133 0.098864 0.735290 1173.000000 880.000000
0 1010 0.153026 0.164773 0.028133 0.097727 0.736310 1173.000000 880.000000
0 1011 0.153879 0.163636 0.028133 0.097727 0.736310 1173.000000 880.000000
0 1012 0.154305 0.162500 0.027280 0.097727 0.732500 1173.000000 880.000000
0 1013 0.155158 0.161364 0.027280 0.097727 0.754790 1173.000000 880.000000
0 1014 0.156010 0.159659 0.027280 0.096591 0.755810 1173.000000 880.000000
0 1015 0.156863 0.158523 0.027280 0.096591 0.755810 1173.000000 880.000000
0 1016 0.157715 0.157386 0.027280 0.096591 0.755810 1173.000000 880.000000
0 1017 0.158568 0.155682 0.027280 0.095455 0.756860 1173.000000 880.000000
0 1018 0.159420 0.154545 0.027280 0.095455 0.756860 1173.000000 880.000000
0 1019 0.160273 0.153409 0.027280 0.095455 0.778970 1173.000000 880.000000
0 1020 0.161125 0.152273 0.027280 0.095455 0.778970 1173.000000 880.000000
0 1021 0.161978 0.150568 0.027280 0.094318 0.779940 1173.000000 880.000000
0 1022 0.162830 0.149432 0.027280 0.094318 0.779940 1173.000000 880.000000
0 1023 0.163683 0.148295 0.027280 0.094318 0.779940 1173.000000 880.000000
0 1024 0.164535 0.147159 0.027280 0.094318 0.779940 1173.000000 880.000000
0 1025 0.164535 0.144886 0.027280 0.094318 0.761900 1173.000000 880.000000
0 1026 0.165388 0.143750 0.027280 0.094318 0.783550 1173.000000 880.000000
0 1027 0.166240 0.142614 0.027280 0.094318 0.783550 1173.000000 880.000000
0 1028 0.167093 0.141477 0.027280 0.094318 0.783550 1173.000000 880.000000
0 1029 0.167945 0.140341 0.027280 0.094318 0.783550 1173.000000 880.000000
0 1030 0.167945 0.139205 0.027280 0.094318 0.761900 1173.000000 880.000000
0 1031 0.168798 0.138068 0.027280 0.094318 0.761900 1173.000000 880.000000
0 1032 0.169650 0.136932 0.027280 0.094318 0.783550 1173.000000 880.000000
0 1033 0.170503 0.135795 0.027280 0.094318 0.783550 1173.000000 880.000000
0 1034 0.171355 0.134659 0.027280 0.094318 0.783550 1173.000000 880.000000
0 1035 0.171355 0.133523 0.027280 0.094318 0.761900 1173.000000 880.000000
0 1036 0.172208 0.132386 0.027280 0.094318 0.761900 1173.000000 880.000000
0 1037 0.173061 0.131250 0.027280 0.094318 0.761900 1173.000000 880.000000
0 1038 0.173913 0.130114 0.027280 0.094318 0.735570 1173.000000 880.000000
0 1039 0.174766 0.128977 0.027280 0.094318 0.756850 1173.000000 880.000000
0 1040 0.174766 0.127841 0.027280 0.094318 0.756850 1173.000000 880.000000
0 1041 0.175618 0.126705 0.027280 0.094318 0.756850 1173.000000 880.000000
0 1042 0.176471 0.125568 0.027280 0.094318 0.747840 1173.000000 880.000000
0 1043 0.177323 0.124432 0.027280 0.094318 0.751800 1173.000000 880.000000
0 1044 0.178176 0.123295 0.027280 0.094318 0.742780 1173.000000 880.000000
0 1045 0.179028 0.122159 0.027280 0.094318 0.742780 1173.000000 880.000000
0 1046 0.179881 0.121023 0.027280 0.094318 0.735210 1173.000000 880.000000
0 1047 0.180733 0.119886 0.027280 0.094318 0.737730 1173.000000 880.000000
0 1048 0.181586 0.118750 0.027280 0.094318 0.728720 1173.000000 880.000000
0 1049 0.182438 0.118750 0.027280 0.094318 0.747470 1173.000000 880.000000
0 1050 0.183291 0.117614 0.027280 0.094318 0.717890 1173.000000 880.000000
0 1051 0.184143 0.116477 0.027280 0.094318 0.738820 1173.000000 880.000000
0 1052 0.184996 0.115341 0.027280 0.094318 0.713200 1173.000000 880.000000
0 1053 0.185848 0.115341 0.027280 0.094318 0.730160 1173.000000 880.000000
0 1054 0.186701 0.114205 0.027280 0.094318 0.700580 1173.000000 880.000000
0 1055 0.187553 0.113068 0.027280 0.094318 0.724390 1173.000000 880.000000
0 1056 0.188832 0.113068 0.028133 0.094318 0.672270 1173.000000 880.000000
0 1057 0.189685 0.111932 0.028133 0.094318 0.696080 1173.000000 880.000000
0 1058 0.190537 0.110795 0.028133 0.094318 0.688030 1173.000000 880.000000
0 1059 0.191390 0.109659 0.028133 0.094318 0.688030 1173.000000 880.000000
0 1060 0.192242 0.109659 0.028133 0.094318 0.684170 1173.000000 880.000000
0 1061 0.193095 0.108523 0.028133 0.094318 0.684170 1173.000000 880.000000
0 1062 0.193947 0.107386 0.028133 0.094318 0.655460 1173.000000 880.000000
0 1063 0.194800 0.106250 0.028133 0.094318 0.655460 1173.000000 880.000000
0 1064 0.195652 0.106250 0.028133 0.094318 0.651260 1173.000000 880.000000
0 1065 0.196505 0.105114 0.028133 0.094318 0.651260 1173.000000 880.000000
0 1066 0.197357 0.103977 0.028133 0.094318 0.622200 1173.000000 880.000000
0 1067 0.199062 0.103977 0.028133 0.094318 0.588240 1173.000000 880.000000
0 1068 0.199062 0.102841 0.028133 0.094318 0.617650 1173.000000 880.000000
0 1069 0.199915 0.101705 0.028133 0.094318 0.617650 1173.000000 880.000000
0 1070 0.200767 0.100568 0.028133 0.094318 0.588240 1173.000000 880.000000
0 1071 0.201620 0.099432 0.028133 0.094318 0.588240 1173.000000 880.000000
0 1072 0.202472 0.098295 0.028133 0.094318 0.588240 1173.000000 880.000000
0 1073 0.203325 0.097159 0.028133 0.094318 0.588240 1173.000000 880.000000
0 1074 0.204177 0.096023 0.028133 0.094318 0.558820 1173.000000 880.000000
0 1075 0.205030 0.094886 0.028133 0.094318 0.558820 1173.000000 880.000000
0 1076 0.205882 0.093750 0.028133 0.094318 0.558820 1173.000000 880.000000
0 1077 0.206735 0.092614 0.028133 0.094318 0.558820 1173.000000 880.000000
0 1078 0.207587 0.092614 0.028133 0.094318 0.529410 1173.000000 880.000000
0 1079 0.208440 0.091477 0.028133 0.094318 0.529410 1173.000000 880.000000
0 1080 0.209292 0.090341 0.028133 0.094318 0.529410 1173.000000 880.000000
0 1081 0.210145 0.089205 0.028133 0.094318 0.529410 1173.000000 880.000000
0 1082 0.210997 0.088068 0.028133 0.094318 0.529410 1173.000000 880.000000
0 1083 0.211850 0.086932 0.028133 0.094318 0.500000 1173.000000 880.000000
0 1084 0.212702 0.085795 0.028133 0.094318 0.500000 1173.000000 880.000000
0 1085 0.213555 0.084659 0.028133 0.094318 0.500000 1173.000000 880.000000
0 1086 0.214408 0.083523 0.028133 0.094318 0.500000 1173.000000 880.000000
0 1087 0.215260 0.082386 0.028133 0.094318 0.500000 1173.000000 880.000000
0 1088 0.216113 0.082386 0.028133 0.094318 0.500000 1173.000000 880.000000
0 1089 0.216539 0.081250 0.028986 0.094318 0.514290 1173.000000 880.000000
0 1090 0.217391 0.080114 0.028986 0.094318 0.514290 1173.000000 880.000000
0 1091 0.218244 0.080114 0.028986 0.094318 0.514290 1173.000000 880.000000
0 1092 0.219096 0.078977 0.028986 0.094318 0.514290 1173.000000 880.000000
0 1093 0.219949 0.077841 0.028986 0.094318 0.514290 1173.000000 880.000000
0 1094 0.220801 0.077841 0.028986 0.094318 0.514290 1173.000000 880.000000
0 1095 0.221654 0.076705 0.028986 0.094318 0.514290 1173.000000 880.000000
0 1096 0.222506 0.075568 0.028986 0.094318 0.514290 1173.000000 880.000000
0 1097 0.223359 0.075568 0.028986 0.094318 0.514290 1173.000000 880.000000
0 1098 0.224211 0.074432 0.028986 0.094318 0.514290 1173.000000 880.000000
0 1099 0.225064 0.074432 0.028986 0.094318 0.514290 1173.000000 880.000000
0 1100 0.225916 0.073295 0.028986 0.094318 0.514290 1173.000000 880.000000
0 1101 0.226769 0.072159 0.028986 0.094318 0.514290 1173.000000 880.000000
0 1102 0.227621 0.072159 0.028986 0.094318 1.000000 1173.000000 880.000000
0 1103 0.228474 0.071023 0.028986 0.094318 1.000000 1173.000000 880.000000
0 1104 0.229327 0.069886 0.028986 0.094318 1.000000 1173.000000 880.000000
0 1105 0.230179 0.069886 0.028986 0.094318 1.000000 1173.000000 880.000000
0 1106 0.231032 0.068750 0.028986 0.094318 1.000000 1173.000000 880.000000
0 1107 0.231884 0.068750 0.028986 0.094318 1.000000 1173.000000 880.000000
0 1108 0.231884 0.067614 0.028986 0.094318 1.000000 1173.000000 880.000000
0 1109 0.232737 0.067045 0.028986 0.093182 0.571430 1173.000000 880.000000
0 1110 0.233589 0.065909 0.028986 0.093182 0.600000 1173.000000 880.000000
0 1111 0.234442 0.065341 0.028986 0.092045 0.600000 1173.000000 880.000000
0 1112 0.235294 0.064205 0.028986 0.092045 0.628570 1173.000000 880.000000
0 1113 0.236147 0.063636 0.028986 0.090909 0.628570 1173.000000 880.000000
0 1114 0.236999 0.062500 0.028986 0.090909 0.657140 1173.000000 880.000000
0 1115 0.236999 0.062500 0.028986 0.090909 0.685710 1173.000000 880.000000
0 1116 0.237852 0.061364 0.028986 0.090909 0.714290 1173.000000 880.000000
0 1117 0.238704 0.060795 0.028986 0.089773 0.714290 1173.000000 880.000000
0 1118 0.239557 0.059659 0.028986 0.089773 0.714290 1173.000000 880.000000
0 1119 0.240409 0.059091 0.028986 0.088636 0.742860 1173.000000 880.000000
0 1120 0.241262 0.057955 0.028986 0.088636 0.742860 1173.000000 880.000000
0 1121 0.242114 0.057386 0.028986 0.087500 0.771430 1173.000000 880.000000
0 1122 0.242967 0.056250 0.028986 0.087500 0.771430 1173.000000 880.000000
0 1123 0.242967 0.056250 0.028986 0.087500 0.828570 1173.000000 880.000000
0 1124 0.243819 0.055114 0.028986 0.087500 0.828570 1173.000000 880.000000
0 1125 0.244672 0.054545 0.028986 0.086364 0.857140 1173.000000 880.000000
0 1126 0.245524 0.053409 0.028986 0.086364 0.857140 1173.000000 880.000000
0 1127 0.246377 0.052841 0.028986 0.085227 0.885710 1173.000000 880.000000
0 1128 0.247229 0.051705 0.028986 0.085227 0.885710 1173.000000 880.000000
0 1129 0.248082 0.051136 0.028986 0.084091 0.914290 1173.000000 880.000000
0 1130 0.248934 0.051136 0.028986 0.084091 0.914290 1173.000000 880.000000
0 1131 0.249787 0.050000 0.028986 0.084091 0.914290 1173.000000 880.000000
0 1132 0.250639 0.049432 0.028986 0.082955 0.914290 1173.000000 880.000000
0 1133 0.251492 0.048864 0.028986 0.084091 0.914290 1173.000000 880.000000
0 1134 0.252771 0.048295 0.028133 0.082955 0.911760 1173.000000 880.000000
0 1135 0.254049 0.047159 0.028986 0.082955 0.885710 1173.000000 880.000000
0 1136 0.254902 0.047159 0.028986 0.082955 0.885710 1173.000000 880.000000
0 1137 0.256181 0.046591 0.028133 0.081818 0.882350 1173.000000 880.000000
0 1138 0.257033 0.045455 0.028133 0.081818 0.883960 1173.000000 880.000000
0 1139 0.258312 0.045455 0.028986 0.081818 0.859100 1173.000000 880.000000
0 1140 0.259165 0.044318 0.028986 0.081818 0.861060 1173.000000 880.000000
0 1141 0.260443 0.043750 0.028133 0.080682 0.854980 1173.000000 880.000000
0 1142 0.261296 0.043750 0.028133 0.080682 0.854980 1173.000000 880.000000
0 1143 0.262575 0.042614 0.028986 0.080682 0.833330 1173.000000 880.000000
0 1144 0.263853 0.042045 0.028133 0.079545 0.828500 1173.000000 880.000000
0 1145 0.264706 0.041477 0.028133 0.080682 0.830880 1173.000000 880.000000
0 1146 0.265558 0.040909 0.028133 0.079545 0.830990 1173.000000 880.000000
0 1147 0.267263 0.040909 0.028133 0.079545 0.799920 1173.000000 880.000000
0 1148 0.268116 0.040341 0.028133 0.078409 0.800000 1173.000000 880.000000
0 1149 0.268968 0.040341 0.028133 0.078409 0.800000 1173.000000 880.000000
0 1150 0.269821 0.039773 0.028133 0.077273 0.800090 1173.000000 880.000000
0 1151 0.271100 0.039773 0.028986 0.077273 0.778050 1173.000000 880.000000
0 1152 0.272379 0.039205 0.028133 0.076136 0.800170 1173.000000 880.000000
0 1153 0.273231 0.039205 0.028133 0.076136 0.797150 1173.000000 880.000000
0 1154 0.274510 0.039205 0.028986 0.076136 0.774790 1173.000000 880.000000
0 1155 0.275362 0.038636 0.028986 0.075000 0.774840 1173.000000 880.000000
0 1156 0.276641 0.038636 0.028133 0.075000 0.768220 1173.000000 880.000000
0 1157 0.277494 0.038068 0.028133 0.073864 0.768270 1173.000000 880.000000
0 1158 0.278772 0.038068 0.028986 0.073864 0.746750 1173.000000 880.000000
0 1159 0.279625 0.037500 0.028986 0.072727 0.746810 1173.000000 880.000000
0 1160 0.280904 0.037500 0.028133 0.072727 0.739370 1173.000000 880.000000
0 1161 0.282182 0.037500 0.028986 0.072727 0.718680 1173.000000 880.000000
0 1162 0.283035 0.036932 0.028986 0.071591 0.718750 1173.000000 880.000000
0 1163 0.283887 0.036932 0.028986 0.071591 0.718750 1173.000000 880.000000
0 1164 0.285166 0.036364 0.028133 0.070455 0.705880 1173.000000 880.000000
0 1165 0.286445 0.036364 0.028986 0.070455 0.685710 1173.000000 880.000000
0 1166 0.287298 0.035795 0.028986 0.069318 0.685710 1173.000000 880.000000
0 1167 0.288150 0.035795 0.028986 0.069318 0.685710 1173.000000 880.000000
0 1168 0.289855 0.035795 0.028986 0.069318 0.657140 1173.000000 880.000000
0 1169 0.289855 0.035227 0.028986 0.068182 0.685710 1173.000000 880.000000
0 1170 0.290708 0.035227 0.028986 0.068182 0.685710 1173.000000 880.000000
0 1171 0.291560 0.034659 0.028986 0.067045 0.685710 1173.000000 880.000000
0 1172 0.292413 0.034659 0.028986 0.067045 0.657140 1173.000000 880.000000
0 1173 0.293265 0.034091 0.028986 0.065909 0.657140 1173.000000 880.000000
0 1174 0.294118 0.034091 0.028986 0.065909 0.657140 1173.000000 880.000000
0 1175 0.294970 0.033523 0.028986 0.064773 0.657140 1173.000000 880.000000
0 1176 0.295823 0.033523 0.028986 0.064773 0.628570 1173.000000 880.000000
0 1177 0.296675 0.032955 0.028986 0.063636 0.628570 1173.000000 880.000000
0 1178 0.297528 0.032955 0.028986 0.063636 0.600000 1173.000000 880.000000
0 1179 0.298380 0.032955 0.028986 0.063636 0.571430 1173.000000 880.000000
0 1180 0.299233 0.032386 0.028986 0.062500 0.571430 1173.000000 880.000000
0 1181 0.300085 0.032386 0.028986 0.062500 0.542860 1173.000000 880.000000
0 1182 0.300938 0.031818 0.028986 0.061364 0.542860 1173.000000 880.000000
0 1183 0.301790 0.031818 0.028986 0.061364 0.514290 1173.000000 880.000000
0 1184 0.302643 0.031250 0.028986 0.060227 0.485710 1173.000000 880.000000
0 1185 0.303495 0.031250 0.028986 0.060227 0.485710 1173.000000 880.000000
0 1186 0.304348 0.030682 0.028986 0.059091 0.457140 1173.000000 880.000000
0 1187 0.305200 0.030682 0.028986 0.059091 0.428570 1173.000000 880.000000
0 1188 0.306053 0.030682 0.028986 0.059091 0.428570 1173.000000 880.000000
0 1189 0.306053 0.030114 0.028986 0.057955 0.428570 1173.000000 880.000000
0 1190 0.306905 0.029545 0.028986 0.056818 0.400000 1173.000000 880.000000
0 1191 0.307758 0.028977 0.028986 0.055682 0.400000 1173.000000 880.000000
0 1192 0.308610 0.028409 0.028986 0.054545 0.400000 1173.000000 880.000000
0 1193 0.309463 0.028409 0.028986 0.054545 0.400000 1173.000000 880.000000
0 1194 0.310315 0.027841 0.028986 0.053409 0.371430 1173.000000 880.000000
0 1195 0.311168 0.027273 0.028986 0.052273 0.371430 1173.000000 880.000000
0 1196 0.312020 0.026705 0.028986 0.051136 0.371430 1173.000000 880.000000
0 1197 0.312873 0.026705 0.028986 0.051136 0.400000 1173.000000 880.000000
0 1198 0.313725 0.026136 0.028986 0.050000 0.400000 1173.000000 880.000000
0 1199 0.314578 0.025568 0.028986 0.048864 0.400000 1173.000000 880.000000
0 1200 0.315431 0.025000 0.028986 0.047727 0.400000 1173.000000 880.000000
