0 1124 0.244246 0.991477 0.033248 0.019318 0.944440 1173.000000 880.000000
0 1125 0.243819 0.991477 0.032396 0.019318 0.944440 1173.000000 880.000000
0 1126 0.243819 0.991477 0.032396 0.019318 0.944440 1173.000000 880.000000
0 1127 0.243819 0.991477 0.032396 0.019318 0.944440 1173.000000 880.000000
0 1128 0.243819 0.991477 0.032396 0.019318 0.944440 1173.000000 880.000000
0 1129 0.243819 0.991477 0.032396 0.019318 0.944440 1173.000000 880.000000
0 1130 0.243819 0.991477 0.032396 0.019318 0.944440 1173.000000 880.000000
0 1131 0.243819 0.991477 0.032396 0.019318 0.944440 1173.000000 880.000000
0 1132 0.243819 0.991477 0.032396 0.019318 0.944440 1173.000000 880.000000
0 1133 0.243819 0.991477 0.032396 0.019318 0.944440 1173.000000 880.000000
0 1134 0.243819 0.991477 0.032396 0.019318 0.944440 1173.000000 880.000000
0 1135 0.243819 0.991477 0.032396 0.019318 0.944440 1173.000000 880.000000
0 1136 0.243819 0.991477 0.032396 0.019318 0.944440 1173.000000 880.000000
0 1137 0.243819 0.991477 0.032396 0.019318 0.944440 1173.000000 880.000000
0 1138 0.243819 0.991477 0.032396 0.019318 0.944440 1173.000000 880.000000
0 1139 0.243819 0.991477 0.032396 0.019318 0.944440 1173.000000 880.000000
0 1140 0.243819 0.991477 0.032396 0.019318 0.944440 1173.000000 880.000000
0 1141 0.243819 0.991477 0.032396 0.019318 0.944440 1173.000000 880.000000
0 1142 0.243819 0.991477 0.032396 0.019318 0.944440 1173.000000 880.000000
0 1143 0.243819 0.991477 0.032396 0.019318 0.944440 1173.000000 880.000000
0 1144 0.243819 0.991477 0.032396 0.019318 0.944440 1173.000000 880.000000
0 1145 0.243819 0.991477 0.032396 0.019318 0.944440 1173.000000 880.000000
0 1146 0.243819 0.991477 0.032396 0.019318 0.944440 1173.000000 880.000000
0 1147 0.243819 0.991477 0.032396 0.019318 0.944440 1173.000000 880.000000
0 1148 0.242967 0.990909 0.032396 0.018182 1.000000 1173.000000 880.000000
0 1149 0.242967 0.990909 0.032396 0.018182 1.000000 1173.000000 880.000000
0 1150 0.242967 0.990909 0.032396 0.018182 1.000000 1173.000000 880.000000
0 1151 0.242967 0.990909 0.032396 0.018182 1.000000 1173.000000 880.000000
0 1152 0.242967 0.990909 0.032396 0.018182 1.000000 1173.000000 880.000000
0 1153 0.242967 0.990909 0.032396 0.018182 1.000000 1173.000000 880.000000
0 1154 0.242967 0.990909 0.032396 0.018182 1.000000 1173.000000 880.000000
0 1155 0.242967 0.990909 0.032396 0.018182 1.000000 1173.000000 880.000000
0 1156 0.242967 0.990909 0.032396 0.018182 1.000000 1173.000000 880.000000
0 1157 0.242967 0.990909 0.032396 0.018182 1.000000 1173.000000 880.000000
0 1158 0.242967 0.990909 0.032396 0.018182 1.000000 1173.000000 880.000000
0 1159 0.242967 0.990909 0.032396 0.018182 1.000000 1173.000000 880.000000
0 1160 0.242967 0.990909 0.032396 0.018182 1.000000 1173.000000 880.000000
0 1161 0.242967 0.990909 0.032396 0.018182 1.000000 1173.000000 880.000000
0 1162 0.242967 0.990909 0.032396 0.018182 1.000000 1173.000000 880.000000
0 1163 0.242967 0.990909 0.032396 0.018182 1.000000 1173.000000 880.000000
0 1164 0.242967 0.990909 0.032396 0.018182 1.000000 1173.000000 880.000000
0 1165 0.242967 0.990909 0.032396 0.018182 1.000000 1173.000000 880.000000
0 1166 0.242967 0.990909 0.032396 0.018182 1.000000 1173.000000 880.000000
0 1167 0.242967 0.990909 0.032396 0.018182 1.000000 1173.000000 880.000000
0 1168 0.242967 0.990909 0.032396 0.018182 1.000000 1173.000000 880.000000
0 1169 0.242967 0.990909 0.032396 0.018182 1.000000 1173.000000 880.000000
0 1170 0.242967 0.990909 0.032396 0.018182 1.000000 1173.000000 880.000000
0 1171 0.242967 0.990909 0.032396 0.018182 1.000000 1173.000000 880.000000
0 1172 0.242967 0.990909 0.032396 0.018182 1.000000 1173.000000 880.000000
0 1173 0.242967 0.990909 0.032396 0.018182 1.000000 1173.000000 880.000000
0 1174 0.242967 0.990909 0.032396 0.018182 1.000000 1173.000000 880.000000
0 1175 0.242967 0.990909 0.032396 0.018182 1.000000 1173.000000 880.000000
0 1176 0.242967 0.991477 0.032396 0.017045 1.000000 1173.000000 880.000000
0 1177 0.242114 0.991477 0.032396 0.017045 1.000000 1173.000000 880.000000
0 1178 0.242114 0.991477 0.032396 0.017045 1.000000 1173.000000 880.000000
0 1179 0.242114 0.991477 0.032396 0.017045 1.000000 1173.000000 880.000000
0 1180 0.242114 0.991477 0.032396 0.017045 1.000000 1173.000000 880.000000
0 1181 0.241262 0.991477 0.032396 0.017045 1.000000 1173.000000 880.000000
0 1182 0.241262 0.991477 0.032396 0.017045 1.000000 1173.000000 880.000000
0 1183 0.241262 0.991477 0.032396 0.017045 1.000000 1173.000000 880.000000
0 1184 0.241262 0.991477 0.032396 0.017045 1.000000 1173.000000 880.000000
0 1185 0.240409 0.991477 0.032396 0.017045 1.000000 1173.000000 880.000000
0 1186 0.240409 0.991477 0.032396 0.017045 1.000000 1173.000000 880.000000
0 1187 0.240409 0.991477 0.032396 0.017045 1.000000 1173.000000 880.000000
0 1188 0.240409 0.991477 0.032396 0.017045 1.000000 1173.000000 880.000000
0 1189 0.239557 0.991477 0.032396 0.017045 1.000000 1173.000000 880.000000
0 1190 0.239557 0.991477 0.032396 0.017045 1.000000 1173.000000 880.000000
0 1191 0.239557 0.991477 0.032396 0.017045 1.000000 1173.000000 880.000000
0 1192 0.239557 0.991477 0.032396 0.017045 1.000000 1173.000000 880.000000
0 1193 0.239557 0.992614 0.032396 0.017045 0.937500 1173.000000 880.000000
0 1194 0.239557 0.992045 0.032396 0.018182 0.941180 1173.000000 880.000000
0 1195 0.239557 0.992045 0.032396 0.018182 0.941180 1173.000000 880.000000
0 1196 0.239557 0.991477 0.032396 0.019318 0.944440 1173.000000 880.000000
0 1197 0.239557 0.991477 0.032396 0.019318 0.944440 1173.000000 880.000000
0 1198 0.239557 0.991477 0.032396 0.019318 0.944440 1173.000000 880.000000
0 1199 0.239557 0.990909 0.032396 0.020455 0.947370 1173.000000 880.000000
0 1200 0.239557 0.990909 0.032396 0.020455 0.947370 1173.000000 880.000000
0 1201 0.239557 0.990909 0.032396 0.020455 0.947370 1173.000000 880.000000
0 1202 0.239130 0.990341 0.033248 0.021591 0.950000 1173.000000 880.000000
0 1203 0.239130 0.990341 0.033248 0.021591 0.950000 1173.000000 880.000000
0 1204 0.239130 0.990341 0.033248 0.021591 0.950000 1173.000000 880.000000
0 1205 0.239130 0.990341 0.033248 0.021591 0.950000 1173.000000 880.000000
0 1206 0.239130 0.989773 0.033248 0.022727 0.952380 1173.000000 880.000000
0 1207 0.239130 0.989773 0.033248 0.022727 0.952380 1173.000000 880.000000
0 1208 0.238704 0.989773 0.034101 0.022727 0.952380 1173.000000 880.000000
0 1209 0.238704 0.989773 0.034101 0.022727 0.952380 1173.000000 880.000000
0 1210 0.238704 0.989773 0.034101 0.022727 0.952380 1173.000000 880.000000
0 1211 0.238704 0.989205 0.034101 0.023864 0.954550 1173.000000 880.000000
0 1212 0.238704 0.989205 0.034101 0.023864 0.954550 1173.000000 880.000000
0 1213 0.238704 0.989205 0.034101 0.023864 0.954550 1173.000000 880.000000
0 1214 0.238278 0.989205 0.034953 0.023864 0.954550 1173.000000 880.000000
0 1215 0.238278 0.989205 0.034953 0.023864 0.954550 1173.000000 880.000000
0 1216 0.238278 0.988636 0.034953 0.025000 0.956520 1173.000000 880.000000
0 1217 0.238278 0.988636 0.034953 0.025000 0.956520 1173.000000 880.000000
0 1218 0.238704 0.988636 0.035806 0.025000 0.956520 1173.000000 880.000000
0 1219 0.238704 0.988636 0.035806 0.025000 0.956520 1173.000000 880.000000
0 1220 0.238278 0.988636 0.036658 0.025000 0.956520 1173.000000 880.000000
0 1221 0.238278 0.988068 0.036658 0.026136 0.958330 1173.000000 880.000000
0 1222 0.238278 0.988068 0.036658 0.026136 0.958330 1173.000000 880.000000
0 1223 0.238278 0.988068 0.036658 0.026136 0.958330 1173.000000 880.000000
0 1224 0.238278 0.988068 0.036658 0.026136 0.958330 1173.000000 880.000000
0 1225 0.238278 0.987500 0.036658 0.027273 0.960000 1173.000000 880.000000
0 1226 0.237852 0.987500 0.037511 0.027273 0.960000 1173.000000 880.000000
0 1227 0.237852 0.987500 0.037511 0.027273 0.960000 1173.000000 880.000000
0 1228 0.237852 0.987500 0.037511 0.027273 0.960000 1173.000000 880.000000
0 1229 0.237852 0.987500 0.037511 0.027273 0.960000 1173.000000 880.000000
0 1230 0.237852 0.986932 0.037511 0.028409 0.961540 1173.000000 880.000000
0 1231 0.237852 0.986932 0.037511 0.028409 0.961540 1173.000000 880.000000
0 1232 0.237425 0.986932 0.038363 0.028409 0.961540 1173.000000 880.000000
0 1233 0.237425 0.986932 0.038363 0.028409 0.961540 1173.000000 880.000000
0 1234 0.237425 0.986932 0.038363 0.028409 0.961540 1173.000000 880.000000
0 1235 0.237852 0.986364 0.039216 0.029545 0.962960 1173.000000 880.000000
0 1236 0.237852 0.986364 0.039216 0.029545 0.962960 1173.000000 880.000000
0 1237 0.237852 0.986364 0.039216 0.029545 0.962960 1173.000000 880.000000
0 1238 0.237425 0.986364 0.040068 0.029545 0.962960 1173.000000 880.000000
0 1239 0.237425 0.986364 0.040068 0.029545 0.962960 1173.000000 880.000000
0 1240 0.237425 0.985795 0.040068 0.030682 0.964290 1173.000000 880.000000
0 1241 0.237425 0.985795 0.040068 0.030682 0.964290 1173.000000 880.000000
0 1242 0.237425 0.985795 0.040068 0.030682 0.964290 1173.000000 880.000000
0 1243 0.237425 0.985795 0.040068 0.030682 0.964290 1173.000000 880.000000
0 1244 0.236999 0.985795 0.040921 0.030682 0.964290 1173.000000 880.000000
0 1245 0.236999 0.985227 0.040921 0.031818 0.965520 1173.000000 880.000000
0 1246 0.236999 0.985227 0.040921 0.031818 0.965520 1173.000000 880.000000
0 1247 0.236999 0.985227 0.040921 0.031818 0.965520 1173.000000 880.000000
0 1248 0.236999 0.985227 0.040921 0.031818 0.965520 1173.000000 880.000000
0 1249 0.236999 0.984659 0.040921 0.032955 0.966670 1173.000000 880.000000
0 1250 0.236573 0.984659 0.041773 0.032955 0.966670 1173.000000 880.000000
0 1251 0.236573 0.984659 0.041773 0.032955 0.966670 1173.000000 880.000000
0 1252 0.236999 0.984659 0.042626 0.032955 0.966670 1173.000000 880.000000
0 1253 0.236999 0.984659 0.042626 0.032955 0.966670 1173.000000 880.000000
0 1254 0.236999 0.984091 0.042626 0.034091 0.967740 1173.000000 880.000000
0 1255 0.236999 0.984091 0.042626 0.034091 0.967740 1173.000000 880.000000
0 1256 0.236573 0.984091 0.043478 0.034091 0.967740 1173.000000 880.000000
0 1257 0.236573 0.984091 0.043478 0.034091 0.967740 1173.000000 880.000000
0 1258 0.236573 0.984091 0.043478 0.034091 0.967740 1173.000000 880.000000
0 1259 0.236573 0.983523 0.043478 0.035227 0.968750 1173.000000 880.000000
0 1260 0.236573 0.983523 0.043478 0.035227 0.968750 1173.000000 880.000000
0 1261 0.236573 0.983523 0.043478 0.035227 0.968750 1173.000000 880.000000
0 1262 0.236147 0.983523 0.044331 0.035227 0.968750 1173.000000 880.000000
0 1263 0.236147 0.983523 0.044331 0.035227 0.968750 1173.000000 880.000000
0 1264 0.236147 0.982955 0.044331 0.036364 0.969700 1173.000000 880.000000
0 1265 0.236147 0.982955 0.044331 0.036364 0.969700 1173.000000 880.000000
0 1266 0.236147 0.982955 0.044331 0.036364 0.969700 1173.000000 880.000000
0 1267 0.236147 0.982955 0.044331 0.036364 0.969700 1173.000000 880.000000
0 1268 0.236573 0.982955 0.045183 0.036364 0.969700 1173.000000 880.000000
0 1269 0.235720 0.982386 0.045183 0.037500 0.970590 1173.000000 880.000000
0 1270 0.235720 0.982386 0.045183 0.037500 0.970590 1173.000000 880.000000
0 1271 0.235720 0.982386 0.045183 0.037500 0.970590 1173.000000 880.000000
0 1272 0.234868 0.982386 0.045183 0.037500 0.970590 1173.000000 880.000000
0 1273 0.234868 0.982386 0.045183 0.037500 0.970590 1173.000000 880.000000
0 1274 0.234868 0.982386 0.045183 0.037500 0.970590 1173.000000 880.000000
0 1275 0.234442 0.981818 0.044331 0.038636 0.971430 1173.000000 880.000000
0 1276 0.234015 0.981818 0.045183 0.038636 0.971430 1173.000000 880.000000
0 1277 0.234015 0.981818 0.045183 0.038636 0.971430 1173.000000 880.000000
0 1278 0.234015 0.981818 0.045183 0.038636 0.971430 1173.000000 880.000000
0 1279 0.233589 0.981818 0.044331 0.038636 0.971430 1173.000000 880.000000
0 1280 0.233163 0.981818 0.045183 0.038636 0.971430 1173.000000 880.000000
0 1281 0.233163 0.981250 0.045183 0.039773 0.972220 1173.000000 880.000000
0 1282 0.232737 0.981250 0.044331 0.039773 0.972220 1173.000000 880.000000
0 1283 0.232310 0.981250 0.045183 0.039773 0.972220 1173.000000 880.000000
0 1284 0.232310 0.981250 0.045183 0.039773 0.972220 1173.000000 880.000000
0 1285 0.231884 0.981250 0.044331 0.039773 0.972220 1173.000000 880.000000
0 1286 0.231884 0.981250 0.044331 0.039773 0.972220 1173.000000 880.000000
0 1287 0.231458 0.980682 0.045183 0.040909 0.972970 1173.000000 880.000000
0 1288 0.231458 0.980682 0.045183 0.040909 0.972970 1173.000000 880.000000
0 1289 0.231032 0.980682 0.044331 0.040909 0.972970 1173.000000 880.000000
0 1290 0.231032 0.980682 0.044331 0.040909 0.972970 1173.000000 880.000000
0 1291 0.230605 0.980682 0.045183 0.040909 0.972970 1173.000000 880.000000
0 1292 0.230179 0.980682 0.044331 0.040909 0.972970 1173.000000 880.000000
0 1293 0.230179 0.980114 0.044331 0.042045 0.973680 1173.000000 880.000000
0 1294 0.229753 0.980114 0.045183 0.042045 0.973680 1173.000000 880.000000
0 1295 0.229327 0.980114 0.044331 0.042045 0.973680 1173.000000 880.000000
0 1296 0.229327 0.980114 0.044331 0.042045 0.973680 1173.000000 880.000000
0 1297 0.229327 0.980114 0.044331 0.042045 0.973680 1173.000000 880.000000
0 1298 0.228900 0.980114 0.045183 0.042045 0.973680 1173.000000 880.000000
0 1299 0.228474 0.979545 0.044331 0.043182 0.974360 1173.000000 880.000000
0 1300 0.228474 0.979545 0.044331 0.043182 0.974360 1173.000000 880.000000
0 1301 0.228474 0.979545 0.044331 0.043182 0.974360 1173.000000 880.000000
0 1302 0.227621 0.979545 0.044331 0.043182 0.974360 1173.000000 880.000000
0 1303 0.227621 0.979545 0.044331 0.043182 0.974360 1173.000000 880.000000
0 1304 0.227621 0.979545 0.044331 0.043182 0.974360 1173.000000 880.000000
0 1305 0.227621 0.979545 0.044331 0.043182 0.974360 1173.000000 880.000000
0 1306 0.226769 0.978409 0.044331 0.043182 1.000000 1173.000000 880.000000
0 1307 0.226769 0.978409 0.044331 0.043182 1.000000 1173.000000 880.000000
0 1308 0.226343 0.977841 0.045183 0.044318 1.000000 1173.000000 880.000000
0 1309 0.226343 0.977841 0.045183 0.044318 1.000000 1173.000000 880.000000
0 1310 0.226343 0.977273 0.045183 0.045455 1.000000 1173.000000 880.000000
0 1311 0.225916 0.977273 0.046036 0.045455 1.000000 1173.000000 880.000000
0 1312 0.225916 0.977273 0.046036 0.045455 1.000000 1173.000000 880.000000
0 1313 0.225916 0.976705 0.046036 0.046591 1.000000 1173.000000 880.000000
0 1314 0.225490 0.976705 0.046888 0.046591 1.000000 1173.000000 880.000000
0 1315 0.225490 0.976136 0.046888 0.047727 1.000000 1173.000000 880.000000
0 1316 0.224638 0.976136 0.046888 0.047727 1.000000 1173.000000 880.000000
0 1317 0.224638 0.976136 0.046888 0.047727 1.000000 1173.000000 880.000000
0 1318 0.224638 0.975568 0.046888 0.048864 1.000000 1173.000000 880.000000
0 1319 0.224211 0.975568 0.047741 0.048864 1.000000 1173.000000 880.000000
0 1320 0.224211 0.975000 0.047741 0.050000 1.000000 1173.000000 880.000000
0 1321 0.224211 0.975000 0.047741 0.050000 1.000000 1173.000000 880.000000
0 1322 0.223785 0.975000 0.048593 0.050000 1.000000 1173.000000 880.000000
0 1323 0.223785 0.974432 0.048593 0.051136 1.000000 1173.000000 880.000000
0 1324 0.223359 0.974432 0.049446 0.051136 1.000000 1173.000000 880.000000
0 1325 0.223359 0.973864 0.049446 0.052273 1.000000 1173.000000 880.000000
0 1326 0.223359 0.973864 0.049446 0.052273 1.000000 1173.000000 880.000000
0 1327 0.222506 0.973864 0.049446 0.052273 1.000000 1173.000000 880.000000
0 1328 0.222506 0.973295 0.049446 0.053409 1.000000 1173.000000 880.000000
0 1329 0.222506 0.973295 0.049446 0.053409 1.000000 1173.000000 880.000000
0 1330 0.222080 0.972727 0.050298 0.054545 1.000000 1173.000000 880.000000
0 1331 0.222080 0.972727 0.050298 0.054545 1.000000 1173.000000 880.000000
0 1332 0.221654 0.972727 0.051151 0.054545 1.000000 1173.000000 880.000000
0 1333 0.221654 0.972159 0.051151 0.055682 1.000000 1173.000000 880.000000
0 1334 0.221654 0.972159 0.051151 0.055682 1.000000 1173.000000 880.000000
0 1335 0.221228 0.971591 0.052003 0.056818 1.000000 1173.000000 880.000000
0 1336 0.221228 0.971591 0.052003 0.056818 1.000000 1173.000000 880.000000
0 1337 0.221228 0.971591 0.052003 0.056818 1.000000 1173.000000 880.000000
0 1338 0.221228 0.971591 0.052003 0.056818 1.000000 1173.000000 880.000000
0 1339 0.221228 0.971591 0.052003 0.056818 1.000000 1173.000000 880.000000
0 1340 0.221228 0.971591 0.052003 0.056818 1.000000 1173.000000 880.000000
0 1341 0.221228 0.971591 0.052003 0.056818 1.000000 1173.000000 880.000000
0 1342 0.221228 0.971591 0.052003 0.056818 1.000000 1173.000000 880.000000
0 1343 0.221228 0.971591 0.052003 0.056818 1.000000 1173.000000 880.000000
0 1344 0.221228 0.971591 0.052003 0.056818 1.000000 1173.000000 880.000000
0 1345 0.221228 0.971591 0.052003 0.056818 1.000000 1173.000000 880.000000
0 1346 0.221228 0.971591 0.052003 0.056818 1.000000 1173.000000 880.000000
0 1347 0.221228 0.971591 0.052003 0.056818 1.000000 1173.000000 880.000000
0 1348 0.222080 0.971591 0.052003 0.056818 1.000000 1173.000000 880.000000
0 1349 0.222080 0.971591 0.052003 0.056818 1.000000 1173.000000 880.000000
0 1350 0.222080 0.971591 0.052003 0.056818 1.000000 1173.000000 880.000000
0 1351 0.222080 0.971591 0.052003 0.056818 1.000000 1173.000000 880.000000
0 1352 0.222080 0.971591 0.052003 0.056818 1.000000 1173.000000 880.000000
0 1353 0.222080 0.971591 0.052003 0.056818 1.000000 1173.000000 880.000000
0 1354 0.222080 0.971591 0.052003 0.056818 1.000000 1173.000000 880.000000
0 1355 0.222080 0.971591 0.052003 0.056818 1.000000 1173.000000 880.000000
0 1356 0.222080 0.971591 0.052003 0.056818 1.000000 1173.000000 880.000000
0 1357 0.222080 0.971591 0.052003 0.056818 1.000000 1173.000000 880.000000
0 1358 0.222933 0.971591 0.052003 0.056818 1.000000 1173.000000 880.000000
0 1359 0.222933 0.971591 0.052003 0.056818 1.000000 1173.000000 880.000000
0 1360 0.222933 0.971591 0.052003 0.056818 1.000000 1173.000000 880.000000
0 1361 0.222933 0.971591 0.052003 0.056818 1.000000 1173.000000 880.000000
0 1362 0.222933 0.971591 0.052003 0.056818 1.000000 1173.000000 880.000000
0 1363 0.222933 0.971591 0.052003 0.056818 1.000000 1173.000000 880.000000
0 1364 0.222933 0.971591 0.052003 0.056818 1.000000 1173.000000 880.000000
0 1365 0.222933 0.971591 0.052003 0.056818 1.000000 1173.000000 880.000000
0 1366 0.222933 0.971591 0.052003 0.056818 1.000000 1173.000000 880.000000
0 1367 0.222933 0.971591 0.052003 0.056818 1.000000 1173.000000 880.000000
0 1368 0.223785 0.971591 0.052003 0.056818 1.000000 1173.000000 880.000000
0 1369 0.223785 0.971591 0.052003 0.056818 1.000000 1173.000000 880.000000
0 1370 0.223785 0.971591 0.052003 0.056818 1.000000 1173.000000 880.000000
0 1371 0.223785 0.971591 0.052003 0.056818 1.000000 1173.000000 880.000000
0 1372 0.223785 0.971591 0.052003 0.056818 1.000000 1173.000000 880.000000
0 1373 0.223785 0.971591 0.052003 0.056818 1.000000 1173.000000 880.000000
0 1374 0.223785 0.971591 0.052003 0.056818 1.000000 1173.000000 880.000000
0 1375 0.223785 0.971591 0.052003 0.056818 1.000000 1173.000000 880.000000
0 1376 0.223785 0.971591 0.052003 0.056818 1.000000 1173.000000 880.000000
0 1377 0.223785 0.971591 0.052003 0.056818 1.000000 1173.000000 880.000000
0 1378 0.224638 0.971591 0.052003 0.056818 1.000000 1173.000000 880.000000
0 1379 0.224638 0.971591 0.052003 0.056818 1.000000 1173.000000 880.000000
0 1380 0.224638 0.971591 0.052003 0.056818 1.000000 1173.000000 880.000000
0 1381 0.224638 0.971591 0.052003 0.056818 1.000000 1173.000000 880.000000
0 1382 0.224638 0.971591 0.052003 0.056818 1.000000 1173.000000 880.000000
0 1383 0.224638 0.971591 0.052003 0.056818 1.000000 1173.000000 880.000000
0 1384 0.224638 0.971591 0.052003 0.056818 1.000000 1173.000000 880.000000
0 1385 0.224638 0.971591 0.052003 0.056818 1.000000 1173.000000 880.000000
0 1386 0.224638 0.971591 0.052003 0.056818 1.000000 1173.000000 880.000000
0 1387 0.224638 0.971591 0.052003 0.056818 1.000000 1173.000000 880.000000
0 1388 0.224638 0.971591 0.052003 0.056818 1.000000 1173.000000 880.000000
0 1389 0.225490 0.971591 0.052003 0.056818 1.000000 1173.000000 880.000000
0 1390 0.225490 0.971591 0.052003 0.056818 1.000000 1173.000000 880.000000
0 1391 0.225490 0.971591 0.052003 0.056818 1.000000 1173.000000 880.000000
0 1392 0.225490 0.971591 0.052003 0.056818 1.000000 1173.000000 880.000000
0 1393 0.225490 0.971591 0.052003 0.056818 1.000000 1173.000000 880.000000
0 1394 0.225490 0.971591 0.052003 0.056818 1.000000 1173.000000 880.000000
0 1395 0.225490 0.971591 0.052003 0.056818 1.000000 1173.000000 880.000000
0 1396 0.225490 0.971591 0.052003 0.056818 1.000000 1173.000000 880.000000
0 1397 0.225490 0.971591 0.052003 0.056818 1.000000 1173.000000 880.000000
0 1398 0.225490 0.971591 0.052003 0.056818 1.000000 1173.000000 880.000000
0 1399 0.226343 0.971591 0.052003 0.056818 1.000000 1173.000000 880.000000
0 1400 0.226343 0.971591 0.052003 0.056818 1.000000 1173.000000 880.000000
0 1401 0.226343 0.971591 0.052003 0.056818 1.000000 1173.000000 880.000000
0 1402 0.226343 0.971591 0.052003 0.056818 1.000000 1173.000000 880.000000
0 1403 0.226343 0.971591 0.052003 0.056818 1.000000 1173.000000 880.000000
0 1404 0.226343 0.971591 0.052003 0.056818 1.000000 1173.000000 880.000000
0 1405 0.226343 0.971591 0.052003 0.056818 1.000000 1173.000000 880.000000
0 1406 0.226343 0.971591 0.052003 0.056818 1.000000 1173.000000 880.000000
0 1407 0.226343 0.971591 0.052003 0.056818 1.000000 1173.000000 880.000000
0 1408 0.226343 0.971591 0.052003 0.056818 1.000000 1173.000000 880.000000
0 1409 0.227195 0.971591 0.052003 0.056818 1.000000 1173.000000 880.000000
0 1410 0.227195 0.971591 0.052003 0.056818 1.000000 1173.000000 880.000000
0 1411 0.227195 0.971591 0.052003 0.056818 1.000000 1173.000000 880.000000
0 1412 0.227195 0.971591 0.052003 0.056818 1.000000 1173.000000 880.000000
0 1413 0.227195 0.971591 0.052003 0.056818 1.000000 1173.000000 880.000000
0 1414 0.227195 0.971591 0.052003 0.056818 1.000000 1173.000000 880.000000
0 1415 0.227195 0.971591 0.052003 0.056818 1.000000 1173.000000 880.000000
0 1416 0.227195 0.971591 0.052003 0.056818 1.000000 1173.000000 880.000000
0 1417 0.227195 0.971591 0.052003 0.056818 1.000000 1173.000000 880.000000
0 1418 0.227195 0.971591 0.052003 0.056818 1.000000 1173.000000 880.000000
0 1419 0.228048 0.971591 0.052003 0.056818 0.994620 1173.000000 880.000000
0 1420 0.227195 0.971023 0.052003 0.057955 0.994420 1173.000000 880.000000
0 1421 0.227195 0.971023 0.052003 0.057955 0.994420 1173.000000 880.000000
0 1422 0.227195 0.971023 0.052003 0.057955 0.994420 1173.000000 880.000000
0 1423 0.227195 0.971023 0.052003 0.057955 0.994420 1173.000000 880.000000
0 1424 0.227195 0.971023 0.052003 0.057955 0.994420 1173.000000 880.000000
0 1425 0.227195 0.971023 0.052003 0.057955 0.994420 1173.000000 880.000000
0 1426 0.227195 0.971023 0.052003 0.057955 0.994420 1173.000000 880.000000
0 1427 0.227195 0.971023 0.052003 0.057955 0.994420 1173.000000 880.000000
0 1428 0.227195 0.971023 0.052003 0.057955 0.994420 1173.000000 880.000000
0 1429 0.227195 0.971023 0.052003 0.057955 0.988830 1173.000000 880.000000
0 1430 0.227195 0.971023 0.052003 0.057955 0.988830 1173.000000 880.000000
0 1431 0.227195 0.971023 0.052003 0.057955 0.988830 1173.000000 880.000000
0 1432 0.227195 0.971023 0.052003 0.057955 0.988830 1173.000000 880.000000
0 1433 0.227195 0.970455 0.052003 0.059091 0.989040 1173.000000 880.000000
0 1434 0.227195 0.970455 0.052003 0.059091 0.989040 1173.000000 880.000000
0 1435 0.227195 0.970455 0.052003 0.059091 0.988440 1173.000000 880.000000
0 1436 0.227195 0.970455 0.052003 0.059091 0.988440 1173.000000 880.000000
0 1437 0.227195 0.970455 0.052003 0.059091 0.988440 1173.000000 880.000000
0 1438 0.227195 0.970455 0.052003 0.059091 0.988440 1173.000000 880.000000
0 1439 0.227195 0.970455 0.052003 0.059091 0.982650 1173.000000 880.000000
0 1440 0.226769 0.970455 0.052856 0.059091 0.982930 1173.000000 880.000000
0 1441 0.226769 0.970455 0.052856 0.059091 0.982930 1173.000000 880.000000
0 1442 0.226769 0.970455 0.052856 0.059091 0.982930 1173.000000 880.000000
0 1443 0.226769 0.970455 0.052856 0.059091 0.982930 1173.000000 880.000000
0 1444 0.226769 0.970455 0.052856 0.059091 0.982930 1173.000000 880.000000
0 1445 0.226769 0.970455 0.052856 0.059091 0.982930 1173.000000 880.000000
0 1446 0.226769 0.970455 0.052856 0.059091 0.982930 1173.000000 880.000000
0 1447 0.226769 0.969886 0.052856 0.060227 0.983250 1173.000000 880.000000
0 1448 0.226769 0.969886 0.052856 0.060227 0.977660 1173.000000 880.000000
0 1449 0.226769 0.969886 0.052856 0.060227 0.977660 1173.000000 880.000000
0 1450 0.226769 0.969886 0.052856 0.060227 0.976480 1173.000000 880.000000
0 1451 0.226769 0.969886 0.052856 0.060227 0.976480 1173.000000 880.000000
0 1452 0.226769 0.969886 0.052856 0.060227 0.976480 1173.000000 880.000000
0 1453 0.226769 0.969886 0.052856 0.060227 0.976480 1173.000000 880.000000
0 1454 0.226769 0.969886 0.052856 0.060227 0.976480 1173.000000 880.000000
0 1455 0.226769 0.969886 0.052856 0.060227 0.976480 1173.000000 880.000000
0 1456 0.226769 0.969886 0.052856 0.060227 0.976480 1173.000000 880.000000
0 1457 0.226769 0.969886 0.052856 0.060227 0.976480 1173.000000 880.000000
0 1458 0.226769 0.969886 0.052856 0.060227 0.970610 1173.000000 880.000000
0 1459 0.226769 0.969886 0.052856 0.060227 0.970610 1173.000000 880.000000
0 1460 0.226769 0.969886 0.052856 0.060227 0.970610 1173.000000 880.000000
0 1461 0.226343 0.969318 0.053708 0.061364 0.971590 1173.000000 880.000000
0 1462 0.226343 0.969318 0.053708 0.061364 0.971590 1173.000000 880.000000
0 1463 0.226343 0.969318 0.053708 0.061364 0.971590 1173.000000 880.000000
0 1464 0.226343 0.969318 0.053708 0.061364 0.971590 1173.000000 880.000000
0 1465 0.226343 0.969318 0.053708 0.061364 0.971590 1173.000000 880.000000
0 1466 0.226343 0.969318 0.053708 0.061364 0.970170 1173.000000 880.000000
0 1467 0.226343 0.969318 0.053708 0.061364 0.970170 1173.000000 880.000000
0 1468 0.226343 0.969318 0.053708 0.061364 0.964200 1173.000000 880.000000
0 1469 0.226343 0.969318 0.053708 0.061364 0.964200 1173.000000 880.000000
0 1470 0.226343 0.969318 0.053708 0.061364 0.964200 1173.000000 880.000000
0 1471 0.226343 0.969318 0.053708 0.061364 0.964200 1173.000000 880.000000
0 1472 0.226343 0.969318 0.053708 0.061364 0.964200 1173.000000 880.000000
0 1473 0.226343 0.969318 0.053708 0.061364 0.964200 1173.000000 880.000000
0 1474 0.226343 0.968750 0.053708 0.062500 0.964840 1173.000000 880.000000
0 1475 0.226343 0.968750 0.053708 0.062500 0.964840 1173.000000 880.000000
0 1476 0.226343 0.968750 0.053708 0.062500 0.964840 1173.000000 880.000000
0 1477 0.226343 0.968750 0.053708 0.062500 0.958980 1173.000000 880.000000
0 1478 0.226343 0.968750 0.053708 0.062500 0.958980 1173.000000 880.000000
0 1479 0.226343 0.968750 0.053708 0.062500 0.958980 1173.000000 880.000000
0 1480 0.226343 0.968750 0.053708 0.062500 0.958980 1173.000000 880.000000
0 1481 0.225916 0.968750 0.054561 0.062500 0.957690 1173.000000 880.000000
0 1482 0.225916 0.968750 0.054561 0.062500 0.957690 1173.000000 880.000000
0 1483 0.225916 0.968750 0.054561 0.062500 0.957690 1173.000000 880.000000
0 1484 0.225916 0.968750 0.054561 0.062500 0.957690 1173.000000 880.000000
0 1485 0.225916 0.968750 0.054561 0.062500 0.957690 1173.000000 880.000000
0 1486 0.225916 0.968750 0.054561 0.062500 0.957690 1173.000000 880.000000
0 1487 0.225916 0.968750 0.054561 0.062500 0.951650 1173.000000 880.000000
0 1488 0.225916 0.968182 0.054561 0.063636 0.952500 1173.000000 880.000000
0 1489 0.225916 0.968182 0.054561 0.063636 0.952500 1173.000000 880.000000
0 1490 0.225916 0.968182 0.054561 0.063636 0.952500 1173.000000 880.000000
0 1491 0.225916 0.968182 0.054561 0.063636 0.952500 1173.000000 880.000000
0 1492 0.225916 0.968182 0.054561 0.063636 0.952500 1173.000000 880.000000
0 1493 0.225916 0.968182 0.054561 0.063636 0.952500 1173.000000 880.000000
0 1494 0.225916 0.968182 0.054561 0.063636 0.952500 1173.000000 880.000000
0 1495 0.225916 0.968182 0.054561 0.063636 0.952500 1173.000000 880.000000
0 1496 0.225916 0.968182 0.054561 0.063636 0.952500 1173.000000 880.000000
0 1497 0.225916 0.968182 0.054561 0.063636 0.952500 1173.000000 880.000000
0 1498 0.225916 0.968182 0.054561 0.063636 0.952500 1173.000000 880.000000
0 1499 0.225916 0.968182 0.054561 0.063636 0.952500 1173.000000 880.000000
0 1500 0.225916 0.968182 0.054561 0.063636 0.952500 1173.000000 880.000000
0 1501 0.225916 0.968182 0.054561 0.063636 0.952500 1173.000000 880.000000
0 1502 0.225490 0.968182 0.055413 0.063636 0.951090 1173.000000 880.000000
0 1503 0.225490 0.968182 0.055413 0.063636 0.951090 1173.000000 880.000000
0 1504 0.225490 0.968182 0.055413 0.063636 0.951090 1173.000000 880.000000
0 1505 0.225490 0.968182 0.055413 0.063636 0.957200 1173.000000 880.000000
0 1506 0.225490 0.968182 0.055413 0.063636 0.957200 1173.000000 880.000000
0 1507 0.225490 0.968182 0.055413 0.063636 0.957200 1173.000000 880.000000
0 1508 0.225490 0.968182 0.055413 0.063636 0.963320 1173.000000 880.000000
0 1509 0.225490 0.968182 0.055413 0.063636 0.963320 1173.000000 880.000000
0 1510 0.225490 0.968182 0.055413 0.063636 0.963320 1173.000000 880.000000
0 1511 0.225490 0.968182 0.055413 0.063636 0.969430 1173.000000 880.000000
0 1512 0.225490 0.968182 0.055413 0.063636 0.969430 1173.000000 880.000000
0 1513 0.225490 0.968182 0.055413 0.063636 0.969430 1173.000000 880.000000
0 1514 0.225490 0.968182 0.055413 0.063636 0.969430 1173.000000 880.000000
0 1515 0.225490 0.968750 0.055413 0.062500 0.975110 1173.000000 880.000000
0 1516 0.225064 0.968750 0.056266 0.062500 0.975480 1173.000000 880.000000
0 1517 0.225064 0.968750 0.056266 0.062500 0.975480 1173.000000 880.000000
0 1518 0.225064 0.968750 0.056266 0.062500 0.981610 1173.000000 880.000000
0 1519 0.225064 0.968750 0.056266 0.062500 0.981610 1173.000000 880.000000
0 1520 0.225064 0.968750 0.056266 0.062500 0.981610 1173.000000 880.000000
0 1521 0.225064 0.968750 0.056266 0.062500 0.987740 1173.000000 880.000000
0 1522 0.225064 0.968750 0.056266 0.062500 0.987740 1173.000000 880.000000
0 1523 0.225064 0.968750 0.056266 0.062500 0.987740 1173.000000 880.000000
0 1524 0.225064 0.968750 0.056266 0.062500 0.993870 1173.000000 880.000000
0 1525 0.225064 0.968750 0.056266 0.062500 0.993870 1173.000000 880.000000
0 1526 0.225064 0.968750 0.056266 0.062500 0.993600 1173.000000 880.000000
0 1527 0.225064 0.968750 0.056266 0.062500 0.993600 1173.000000 880.000000
0 1528 0.225064 0.968750 0.056266 0.062500 1.000000 1173.000000 880.000000
0 1529 0.225064 0.969886 0.056266 0.062500 0.982140 1173.000000 880.000000
0 1530 0.224638 0.968750 0.055413 0.062500 1.000000 1173.000000 880.000000
0 1531 0.224638 0.968750 0.055413 0.062500 1.000000 1173.000000 880.000000
0 1532 0.224638 0.968750 0.055413 0.062500 1.000000 1173.000000 880.000000
0 1533 0.224638 0.968750 0.055413 0.062500 1.000000 1173.000000 880.000000
0 1534 0.225064 0.968750 0.054561 0.062500 1.000000 1173.000000 880.000000
0 1535 0.225064 0.968182 0.054561 0.063636 1.000000 1173.000000 880.000000
0 1536 0.225064 0.968182 0.054561 0.063636 1.000000 1173.000000 880.000000
0 1537 0.225064 0.968182 0.054561 0.063636 1.000000 1173.000000 880.000000
0 1538 0.225490 0.968182 0.053708 0.063636 1.000000 1173.000000 880.000000
0 1539 0.225064 0.968182 0.052856 0.063636 1.000000 1173.000000 880.000000
0 1540 0.225064 0.967614 0.052856 0.064773 1.000000 1173.000000 880.000000
0 1541 0.225064 0.967614 0.052856 0.064773 1.000000 1173.000000 880.000000
0 1542 0.225064 0.967614 0.052856 0.064773 1.000000 1173.000000 880.000000
0 1543 0.225490 0.967614 0.052003 0.064773 1.000000 1173.000000 880.000000
0 1544 0.225490 0.967614 0.052003 0.064773 1.000000 1173.000000 880.000000
0 1545 0.225490 0.967614 0.052003 0.064773 1.000000 1173.000000 880.000000
0 1546 0.225490 0.967045 0.052003 0.065909 1.000000 1173.000000 880.000000
0 1547 0.225916 0.967045 0.051151 0.065909 1.000000 1173.000000 880.000000
0 1548 0.225490 0.967045 0.050298 0.065909 1.000000 1173.000000 880.000000
0 1549 0.225490 0.967045 0.050298 0.065909 1.000000 1173.000000 880.000000
0 1550 0.225490 0.967045 0.050298 0.065909 1.000000 1173.000000 880.000000
0 1551 0.225490 0.966477 0.050298 0.067045 1.000000 1173.000000 880.000000
0 1552 0.225916 0.966477 0.049446 0.067045 1.000000 1173.000000 880.000000
0 1553 0.225916 0.966477 0.049446 0.067045 1.000000 1173.000000 880.000000
0 1554 0.225916 0.966477 0.049446 0.067045 1.000000 1173.000000 880.000000
0 1555 0.225916 0.966477 0.049446 0.067045 1.000000 1173.000000 880.000000
0 1556 0.226343 0.966477 0.048593 0.067045 1.000000 1173.000000 880.000000
0 1557 0.226343 0.965909 0.048593 0.068182 1.000000 1173.000000 880.000000
0 1558 0.226343 0.965909 0.048593 0.068182 1.000000 1173.000000 880.000000
0 1559 0.226343 0.965909 0.048593 0.068182 1.000000 1173.000000 880.000000
0 1560 0.226343 0.965909 0.048593 0.068182 1.000000 1173.000000 880.000000
0 1561 0.226343 0.965341 0.048593 0.069318 1.000000 1173.000000 880.000000
0 1562 0.226343 0.965341 0.048593 0.069318 1.000000 1173.000000 880.000000
0 1563 0.226343 0.965341 0.048593 0.069318 1.000000 1173.000000 880.000000
0 1564 0.226343 0.965341 0.048593 0.069318 1.000000 1173.000000 880.000000
0 1565 0.226343 0.964773 0.048593 0.070455 1.000000 1173.000000 880.000000
0 1566 0.226343 0.964773 0.048593 0.070455 1.000000 1173.000000 880.000000
0 1567 0.226343 0.964773 0.048593 0.070455 1.000000 1173.000000 880.000000
0 1568 0.226343 0.964773 0.048593 0.070455 1.000000 1173.000000 880.000000
0 1569 0.226769 0.964205 0.049446 0.071591 1.000000 1173.000000 880.000000
0 1570 0.226769 0.964205 0.049446 0.071591 1.000000 1173.000000 880.000000
0 1571 0.226769 0.964205 0.049446 0.071591 1.000000 1173.000000 880.000000
0 1572 0.226769 0.964205 0.049446 0.071591 1.000000 1173.000000 880.000000
0 1573 0.226769 0.963636 0.049446 0.072727 1.000000 1173.000000 880.000000
0 1574 0.226769 0.963636 0.049446 0.072727 1.000000 1173.000000 880.000000
0 1575 0.227195 0.963636 0.048593 0.072727 1.000000 1173.000000 880.000000
0 1576 0.227195 0.963636 0.048593 0.072727 1.000000 1173.000000 880.000000
0 1577 0.227195 0.963636 0.048593 0.072727 1.000000 1173.000000 880.000000
0 1578 0.227195 0.963068 0.048593 0.073864 1.000000 1173.000000 880.000000
0 1579 0.227195 0.963068 0.048593 0.073864 0.780560 1173.000000 880.000000
0 1580 0.227195 0.963068 0.048593 0.073864 0.781350 1173.000000 880.000000
0 1581 0.227195 0.963068 0.048593 0.073864 0.781350 1173.000000 880.000000
0 1582 0.227621 0.962500 0.049446 0.075000 0.771570 1173.000000 880.000000
0 1583 0.227621 0.962500 0.049446 0.075000 0.771570 1173.000000 880.000000
0 1584 0.227621 0.962500 0.049446 0.075000 0.771570 1173.000000 880.000000
0 1585 0.227621 0.962500 0.049446 0.075000 0.755630 1173.000000 880.000000
0 1586 0.227621 0.961932 0.049446 0.076136 0.759220 1173.000000 880.000000
0 1587 0.227621 0.961932 0.049446 0.076136 0.759220 1173.000000 880.000000
0 1588 0.227621 0.961932 0.049446 0.076136 0.759220 1173.000000 880.000000
0 1589 0.227621 0.961932 0.049446 0.076136 0.758470 1173.000000 880.000000
0 1590 0.227621 0.961364 0.049446 0.077273 0.754610 1173.000000 880.000000
0 1591 0.227621 0.961364 0.049446 0.077273 0.753870 1173.000000 880.000000
0 1592 0.227621 0.961364 0.049446 0.077273 0.761240 1173.000000 880.000000
0 1593 0.227621 0.961364 0.049446 0.077273 0.760500 1173.000000 880.000000
0 1594 0.228474 0.961364 0.049446 0.077273 0.758040 1173.000000 880.000000
0 1595 0.228474 0.960227 0.049446 0.077273 0.758040 1173.000000 880.000000
0 1596 0.228474 0.960227 0.049446 0.077273 0.757060 1173.000000 880.000000
0 1597 0.228474 0.960227 0.049446 0.077273 0.756080 1173.000000 880.000000
0 1598 0.228474 0.959659 0.049446 0.078409 0.758600 1173.000000 880.000000
0 1599 0.228474 0.959659 0.049446 0.078409 0.758600 1173.000000 880.000000
0 1600 0.228474 0.959659 0.049446 0.078409 0.751570 1173.000000 880.000000
0 1601 0.228474 0.959091 0.049446 0.079545 0.754120 1173.000000 880.000000
0 1602 0.228474 0.959091 0.049446 0.079545 0.753160 1173.000000 880.000000
0 1603 0.228474 0.959091 0.049446 0.079545 0.752210 1173.000000 880.000000
0 1604 0.228474 0.959091 0.049446 0.079545 0.759370 1173.000000 880.000000
0 1605 0.228474 0.958523 0.049446 0.080682 0.756120 1173.000000 880.000000
0 1606 0.228900 0.958523 0.048593 0.080682 0.759340 1173.000000 880.000000
0 1607 0.228900 0.958523 0.048593 0.080682 0.758380 1173.000000 880.000000
0 1608 0.228900 0.957955 0.048593 0.081818 0.760750 1173.000000 880.000000
0 1609 0.228900 0.957955 0.048593 0.081818 0.759800 1173.000000 880.000000
0 1610 0.228900 0.957955 0.048593 0.081818 0.766890 1173.000000 880.000000
0 1611 0.228900 0.957955 0.048593 0.081818 0.778930 1173.000000 880.000000
0 1612 0.228900 0.957386 0.048593 0.082955 0.794500 1173.000000 880.000000
0 1613 0.228900 0.957386 0.048593 0.082955 0.807080 1173.000000 880.000000
0 1614 0.228900 0.957386 0.048593 0.082955 0.807080 1173.000000 880.000000
0 1615 0.228900 0.956818 0.048593 0.084091 0.809660 1173.000000 880.000000
0 1616 0.228900 0.956818 0.048593 0.084091 0.804370 1173.000000 880.000000
0 1617 0.228900 0.956818 0.048593 0.084091 0.804370 1173.000000 880.000000
0 1618 0.229327 0.956818 0.047741 0.084091 0.809590 1173.000000 880.000000
0 1619 0.229327 0.956818 0.047741 0.084091 0.809590 1173.000000 880.000000
0 1620 0.229327 0.956818 0.047741 0.084091 0.809590 1173.000000 880.000000
0 1621 0.229327 0.956818 0.047741 0.084091 0.795560 1173.000000 880.000000
0 1622 0.229327 0.956818 0.047741 0.084091 0.795560 1173.000000 880.000000
0 1623 0.229327 0.956818 0.047741 0.084091 0.795560 1173.000000 880.000000
0 1624 0.230179 0.956818 0.047741 0.084091 0.804440 1173.000000 880.000000
0 1625 0.230179 0.956818 0.047741 0.084091 0.804440 1173.000000 880.000000
0 1626 0.230179 0.956818 0.047741 0.084091 0.790180 1173.000000 880.000000
0 1627 0.230179 0.957386 0.047741 0.085227 0.787630 1173.000000 880.000000
0 1628 0.230179 0.957386 0.047741 0.085227 0.787630 1173.000000 880.000000
0 1629 0.231032 0.957386 0.047741 0.085227 0.796860 1173.000000 880.000000
0 1630 0.231032 0.957386 0.047741 0.085227 0.796860 1173.000000 880.000000
0 1631 0.231032 0.957386 0.047741 0.085227 0.782320 1173.000000 880.000000
0 1632 0.231032 0.957386 0.047741 0.085227 0.782320 1173.000000 880.000000
0 1633 0.231032 0.957386 0.047741 0.085227 0.782320 1173.000000 880.000000
0 1634 0.231032 0.957386 0.047741 0.085227 0.782320 1173.000000 880.000000
0 1635 0.231884 0.957386 0.047741 0.085227 0.791780 1173.000000 880.000000
0 1636 0.231884 0.957955 0.047741 0.086364 0.772160 1173.000000 880.000000
0 1637 0.231884 0.957955 0.047741 0.086364 0.772160 1173.000000 880.000000
0 1638 0.231884 0.957955 0.047741 0.086364 0.772160 1173.000000 880.000000
0 1639 0.231884 0.957955 0.047741 0.086364 0.772160 1173.000000 880.000000
0 1640 0.232737 0.957955 0.047741 0.086364 0.781500 1173.000000 880.000000
0 1641 0.232737 0.957955 0.047741 0.086364 0.781500 1173.000000 880.000000
0 1642 0.232737 0.957955 0.047741 0.086364 0.781500 1173.000000 880.000000
0 1643 0.232737 0.957955 0.047741 0.086364 0.769200 1173.000000 880.000000
0 1644 0.232737 0.957955 0.047741 0.086364 0.769200 1173.000000 880.000000
0 1645 0.233589 0.958523 0.047741 0.085227 0.741920 1173.000000 880.000000
0 1646 0.233589 0.958523 0.047741 0.085227 0.741920 1173.000000 880.000000
0 1647 0.233589 0.958523 0.047741 0.085227 0.734760 1173.000000 880.000000
0 1648 0.233589 0.958523 0.047741 0.085227 0.735690 1173.000000 880.000000
0 1649 0.233589 0.958523 0.047741 0.085227 0.734760 1173.000000 880.000000
0 1650 0.233589 0.958523 0.047741 0.085227 0.734760 1173.000000 880.000000
0 1651 0.233589 0.958523 0.047741 0.085227 0.734760 1173.000000 880.000000
0 1652 0.233589 0.958523 0.047741 0.085227 0.734760 1173.000000 880.000000
0 1653 0.233589 0.958523 0.047741 0.085227 0.725530 1173.000000 880.000000
0 1654 0.233589 0.958523 0.047741 0.085227 0.725530 1173.000000 880.000000
0 1655 0.233589 0.958523 0.047741 0.085227 0.737770 1173.000000 880.000000
0 1656 0.233589 0.958523 0.047741 0.085227 0.737770 1173.000000 880.000000
0 1657 0.233589 0.958523 0.047741 0.085227 0.737770 1173.000000 880.000000
0 1658 0.233589 0.958523 0.047741 0.085227 0.742380 1173.000000 880.000000
0 1659 0.233589 0.958523 0.047741 0.085227 0.742380 1173.000000 880.000000
0 1660 0.233589 0.958523 0.047741 0.085227 0.742380 1173.000000 880.000000
0 1661 0.233589 0.958523 0.047741 0.085227 0.745840 1173.000000 880.000000
0 1662 0.233589 0.958523 0.047741 0.085227 0.745840 1173.000000 880.000000
0 1663 0.233589 0.958523 0.047741 0.085227 0.745840 1173.000000 880.000000
0 1664 0.233589 0.958523 0.047741 0.085227 0.745840 1173.000000 880.000000
0 1665 0.233589 0.958523 0.047741 0.085227 0.745840 1173.000000 880.000000
0 1666 0.233589 0.958523 0.047741 0.085227 0.745840 1173.000000 880.000000
0 1667 0.233589 0.958523 0.047741 0.085227 0.758310 1173.000000 880.000000
0 1668 0.233589 0.958523 0.047741 0.085227 0.758310 1173.000000 880.000000
0 1669 0.233589 0.958523 0.047741 0.085227 0.755080 1173.000000 880.000000
0 1670 0.233589 0.958523 0.047741 0.085227 0.974380 1173.000000 880.000000
0 1671 0.234015 0.958523 0.048593 0.085227 0.962340 1173.000000 880.000000
0 1672 0.234015 0.958523 0.048593 0.085227 0.962340 1173.000000 880.000000
0 1673 0.234015 0.958523 0.048593 0.085227 0.962340 1173.000000 880.000000
0 1674 0.234015 0.958523 0.048593 0.085227 0.962340 1173.000000 880.000000
0 1675 0.234015 0.958523 0.048593 0.085227 0.962340 1173.000000 880.000000
0 1676 0.234015 0.958523 0.048593 0.085227 0.962340 1173.000000 880.000000
0 1677 0.234442 0.959091 0.047741 0.084091 0.961400 1173.000000 880.000000
0 1678 0.234442 0.959091 0.047741 0.084091 0.961400 1173.000000 880.000000
0 1679 0.234442 0.959091 0.047741 0.084091 0.961400 1173.000000 880.000000
0 1680 0.234442 0.959091 0.047741 0.084091 0.961400 1173.000000 880.000000
0 1681 0.234442 0.959091 0.047741 0.084091 0.961400 1173.000000 880.000000
0 1682 0.234442 0.959091 0.047741 0.084091 0.961400 1173.000000 880.000000
0 1683 0.234442 0.959091 0.047741 0.084091 0.961400 1173.000000 880.000000
0 1684 0.234442 0.959091 0.047741 0.084091 0.961400 1173.000000 880.000000
0 1685 0.234442 0.959091 0.047741 0.084091 0.961870 1173.000000 880.000000
0 1686 0.234442 0.959091 0.047741 0.084091 0.961870 1173.000000 880.000000
0 1687 0.234442 0.959091 0.047741 0.084091 0.961870 1173.000000 880.000000
0 1688 0.234442 0.959091 0.047741 0.084091 0.961870 1173.000000 880.000000
0 1689 0.234442 0.959091 0.047741 0.084091 0.961870 1173.000000 880.000000
0 1690 0.234442 0.959091 0.047741 0.084091 0.961870 1173.000000 880.000000
0 1691 0.234442 0.959091 0.047741 0.084091 0.974270 1173.000000 880.000000
0 1692 0.234442 0.959091 0.047741 0.084091 0.974270 1173.000000 880.000000
0 1693 0.234442 0.959091 0.047741 0.084091 0.974270 1173.000000 880.000000
0 1694 0.234442 0.959091 0.047741 0.084091 0.974270 1173.000000 880.000000
0 1695 0.234442 0.959091 0.047741 0.084091 0.974270 1173.000000 880.000000
0 1696 0.234442 0.959091 0.047741 0.084091 0.986670 1173.000000 880.000000
0 1697 0.234868 0.959091 0.048593 0.084091 0.974480 1173.000000 880.000000
0 1698 0.234868 0.959091 0.048593 0.084091 0.974480 1173.000000 880.000000
0 1699 0.234868 0.959091 0.048593 0.084091 0.974480 1173.000000 880.000000
0 1700 0.234868 0.959091 0.048593 0.084091 0.974480 1173.000000 880.000000
0 1701 0.234868 0.959091 0.048593 0.084091 0.986670 1173.000000 880.000000
0 1702 0.234868 0.959091 0.048593 0.084091 0.986670 1173.000000 880.000000
0 1703 0.234868 0.959091 0.048593 0.084091 0.986670 1173.000000 880.000000
0 1704 0.234868 0.959091 0.048593 0.084091 0.986670 1173.000000 880.000000
0 1705 0.234868 0.959091 0.048593 0.084091 0.986670 1173.000000 880.000000
0 1706 0.234868 0.959091 0.048593 0.084091 0.986670 1173.000000 880.000000
0 1707 0.234868 0.959091 0.048593 0.084091 0.986670 1173.000000 880.000000
0 1708 0.235294 0.959659 0.047741 0.082955 0.806310 1173.000000 880.000000
0 1709 0.235294 0.959659 0.047741 0.082955 0.806310 1173.000000 880.000000
0 1710 0.235294 0.959659 0.047741 0.082955 0.806310 1173.000000 880.000000
0 1711 0.235294 0.959659 0.047741 0.082955 0.806310 1173.000000 880.000000
0 1712 0.235294 0.959659 0.047741 0.082955 0.806310 1173.000000 880.000000
0 1713 0.235294 0.959659 0.047741 0.082955 0.806310 1173.000000 880.000000
0 1714 0.235294 0.959659 0.047741 0.082955 0.806310 1173.000000 880.000000
0 1715 0.235294 0.959659 0.047741 0.082955 0.806310 1173.000000 880.000000
0 1716 0.235294 0.959659 0.047741 0.082955 0.806310 1173.000000 880.000000
0 1717 0.235294 0.959659 0.047741 0.082955 0.806310 1173.000000 880.000000
0 1718 0.235294 0.959659 0.047741 0.082955 0.806310 1173.000000 880.000000
0 1719 0.235294 0.959659 0.047741 0.082955 0.793980 1173.000000 880.000000
0 1720 0.235294 0.959659 0.047741 0.082955 0.793980 1173.000000 880.000000
0 1721 0.235294 0.959659 0.047741 0.082955 0.793980 1173.000000 880.000000
0 1722 0.235294 0.959659 0.047741 0.082955 0.793980 1173.000000 880.000000
0 1723 0.235720 0.959659 0.048593 0.082955 0.785180 1173.000000 880.000000
0 1724 0.235720 0.959659 0.048593 0.082955 0.785180 1173.000000 880.000000
0 1725 0.235720 0.959659 0.048593 0.082955 0.785180 1173.000000 880.000000
0 1726 0.235720 0.959659 0.048593 0.082955 0.785180 1173.000000 880.000000
0 1727 0.235720 0.959659 0.048593 0.082955 0.785180 1173.000000 880.000000
0 1728 0.235720 0.959659 0.048593 0.082955 0.785180 1173.000000 880.000000
0 1729 0.235720 0.959659 0.048593 0.082955 0.785180 1173.000000 880.000000
0 1730 0.235720 0.959659 0.048593 0.082955 0.785180 1173.000000 880.000000
0 1731 0.235720 0.959659 0.048593 0.082955 0.773070 1173.000000 880.000000
0 1732 0.235720 0.959659 0.048593 0.082955 0.773070 1173.000000 880.000000
0 1733 0.235720 0.959659 0.048593 0.082955 0.773070 1173.000000 880.000000
0 1734 0.235720 0.959659 0.048593 0.082955 0.777490 1173.000000 880.000000
0 1735 0.235720 0.959659 0.048593 0.082955 0.777490 1173.000000 880.000000
0 1736 0.235720 0.959659 0.048593 0.082955 0.768410 1173.000000 880.000000
0 1737 0.235720 0.959659 0.048593 0.082955 0.768410 1173.000000 880.000000
0 1738 0.235720 0.959659 0.048593 0.082955 0.773070 1173.000000 880.000000
0 1739 0.236147 0.960227 0.047741 0.081818 0.775290 1173.000000 880.000000
0 1740 0.236147 0.960227 0.047741 0.081818 0.775290 1173.000000 880.000000
0 1741 0.236147 0.960227 0.047741 0.081818 0.766160 1173.000000 880.000000
0 1742 0.236147 0.960227 0.047741 0.081818 0.770970 1173.000000 880.000000
0 1743 0.236147 0.960227 0.047741 0.081818 0.770970 1173.000000 880.000000
0 1744 0.236147 0.960227 0.047741 0.081818 0.770970 1173.000000 880.000000
0 1745 0.236147 0.960227 0.047741 0.081818 0.770970 1173.000000 880.000000
0 1746 0.236147 0.960227 0.047741 0.081818 0.767120 1173.000000 880.000000
0 1747 0.236147 0.960227 0.047741 0.081818 0.767120 1173.000000 880.000000
0 1748 0.236147 0.960227 0.047741 0.081818 0.767120 1173.000000 880.000000
0 1749 0.236573 0.960227 0.048593 0.081818 0.758620 1173.000000 880.000000
0 1750 0.236573 0.960227 0.048593 0.081818 0.763580 1173.000000 880.000000
0 1751 0.236573 0.960227 0.048593 0.081818 0.755310 1173.000000 880.000000
0 1752 0.236573 0.960227 0.048593 0.081818 0.756260 1173.000000 880.000000
0 1753 0.236573 0.960227 0.048593 0.081818 0.756260 1173.000000 880.000000
0 1754 0.236573 0.960227 0.048593 0.081818 0.761450 1173.000000 880.000000
0 1755 0.236573 0.960227 0.048593 0.081818 0.761450 1173.000000 880.000000
0 1756 0.236573 0.960227 0.048593 0.081818 0.753420 1173.000000 880.000000
0 1757 0.236573 0.960227 0.048593 0.081818 0.753420 1173.000000 880.000000
0 1758 0.236573 0.960227 0.048593 0.081818 0.758860 1173.000000 880.000000
0 1759 0.236573 0.960227 0.048593 0.081818 0.758860 1173.000000 880.000000
0 1760 0.236573 0.960227 0.048593 0.081818 0.758860 1173.000000 880.000000
0 1761 0.236573 0.960227 0.048593 0.081818 0.756730 1173.000000 880.000000
0 1762 0.236573 0.960227 0.048593 0.081818 0.757680 1173.000000 880.000000
0 1763 0.236573 0.960227 0.048593 0.081818 0.757680 1173.000000 880.000000
0 1764 0.236573 0.960227 0.048593 0.081818 0.757680 1173.000000 880.000000
0 1765 0.236573 0.960227 0.048593 0.081818 0.757680 1173.000000 880.000000
0 1766 0.236573 0.960227 0.048593 0.081818 0.757680 1173.000000 880.000000
0 1767 0.236573 0.960227 0.048593 0.081818 0.757680 1173.000000 880.000000
0 1768 0.236573 0.960227 0.048593 0.081818 0.757680 1173.000000 880.000000
0 1769 0.236573 0.960227 0.048593 0.081818 0.757680 1173.000000 880.000000
0 1770 0.236999 0.960795 0.047741 0.080682 0.758040 1173.000000 880.000000
0 1771 0.236999 0.960795 0.047741 0.080682 0.750240 1173.000000 880.000000
0 1772 0.236999 0.960795 0.047741 0.080682 0.751220 1173.000000 880.000000
0 1773 0.236999 0.960795 0.047741 0.080682 0.751220 1173.000000 880.000000
0 1774 0.236999 0.960795 0.047741 0.080682 0.751220 1173.000000 880.000000
0 1775 0.237425 0.960795 0.048593 0.080682 0.743530 1173.000000 880.000000
0 1776 0.237425 0.960795 0.048593 0.080682 0.743530 1173.000000 880.000000
0 1777 0.237425 0.960795 0.048593 0.080682 0.743530 1173.000000 880.000000
0 1778 0.237425 0.960795 0.048593 0.080682 0.743530 1173.000000 880.000000
0 1779 0.237425 0.960795 0.048593 0.080682 0.743530 1173.000000 880.000000
0 1780 0.237425 0.960795 0.048593 0.080682 0.743530 1173.000000 880.000000
0 1781 0.237425 0.960795 0.048593 0.080682 0.735870 1173.000000 880.000000
0 1782 0.237425 0.960795 0.048593 0.080682 0.737070 1173.000000 880.000000
0 1783 0.237425 0.960795 0.048593 0.080682 0.737070 1173.000000 880.000000
0 1784 0.237425 0.960795 0.048593 0.080682 0.737070 1173.000000 880.000000
0 1785 0.237425 0.960795 0.048593 0.080682 0.737070 1173.000000 880.000000
0 1786 0.237425 0.960795 0.048593 0.080682 0.737070 1173.000000 880.000000
0 1787 0.237425 0.960795 0.048593 0.080682 0.737070 1173.000000 880.000000
0 1788 0.237425 0.960795 0.048593 0.080682 0.737070 1173.000000 880.000000
0 1789 0.237425 0.960795 0.048593 0.080682 0.737070 1173.000000 880.000000
0 1790 0.237425 0.960795 0.048593 0.080682 0.737070 1173.000000 880.000000
0 1791 0.237425 0.960795 0.048593 0.080682 0.729410 1173.000000 880.000000
0 1792 0.237425 0.960795 0.048593 0.080682 0.730600 1173.000000 880.000000
0 1793 0.237425 0.960795 0.048593 0.080682 0.730600 1173.000000 880.000000
0 1794 0.237425 0.960795 0.048593 0.080682 0.730600 1173.000000 880.000000
0 1795 0.237425 0.960795 0.048593 0.080682 0.730600 1173.000000 880.000000
0 1796 0.237425 0.960795 0.048593 0.080682 0.730600 1173.000000 880.000000
0 1797 0.237425 0.960795 0.048593 0.080682 0.730600 1173.000000 880.000000
0 1798 0.237425 0.960795 0.048593 0.080682 0.730600 1173.000000 880.000000
0 1799 0.237425 0.960795 0.048593 0.080682 0.730600 1173.000000 880.000000
0 1800 0.237425 0.960795 0.048593 0.080682 0.730600 1173.000000 880.000000
0 1801 0.238278 0.961364 0.048593 0.079545 0.716850 1173.000000 880.000000
0 1802 0.238278 0.961364 0.048593 0.079545 0.783880 1173.000000 880.000000
0 1803 0.238278 0.961364 0.048593 0.079545 0.783880 1173.000000 880.000000
0 1804 0.238278 0.961364 0.048593 0.079545 0.783880 1173.000000 880.000000
0 1805 0.238278 0.961364 0.048593 0.079545 0.783880 1173.000000 880.000000
0 1806 0.238278 0.961932 0.048593 0.078409 0.787190 1173.000000 880.000000
0 1807 0.238278 0.961932 0.048593 0.078409 0.787190 1173.000000 880.000000
0 1808 0.238278 0.961932 0.048593 0.078409 0.787190 1173.000000 880.000000
0 1809 0.238704 0.961932 0.047741 0.078409 0.791480 1173.000000 880.000000
0 1810 0.238704 0.961932 0.047741 0.078409 0.791480 1173.000000 880.000000
0 1811 0.238704 0.962500 0.047741 0.077273 0.794810 1173.000000 880.000000
0 1812 0.238704 0.962500 0.047741 0.077273 0.794810 1173.000000 880.000000
0 1813 0.239130 0.962500 0.048593 0.077273 0.790600 1173.000000 880.000000
0 1814 0.239130 0.962500 0.048593 0.077273 0.790600 1173.000000 880.000000
0 1815 0.239130 0.962500 0.048593 0.077273 0.797100 1173.000000 880.000000
0 1816 0.239130 0.963068 0.048593 0.076136 0.794120 1173.000000 880.000000
0 1817 0.239557 0.963068 0.047741 0.076136 0.798250 1173.000000 880.000000
0 1818 0.239557 0.963068 0.047741 0.076136 0.798250 1173.000000 880.000000
0 1819 0.239557 0.963068 0.047741 0.076136 0.798250 1173.000000 880.000000
0 1820 0.239557 0.963068 0.047741 0.076136 0.804700 1173.000000 880.000000
0 1821 0.239557 0.963636 0.047741 0.075000 0.801780 1173.000000 880.000000
0 1822 0.239557 0.963636 0.047741 0.075000 0.801780 1173.000000 880.000000
0 1823 0.239557 0.963636 0.047741 0.075000 0.801780 1173.000000 880.000000
0 1824 0.239557 0.963636 0.047741 0.075000 0.801260 1173.000000 880.000000
0 1825 0.240409 0.964205 0.047741 0.073864 0.805420 1173.000000 880.000000
0 1826 0.240409 0.964205 0.047741 0.073864 0.805160 1173.000000 880.000000
0 1827 0.240409 0.964205 0.047741 0.073864 0.812070 1173.000000 880.000000
0 1828 0.240409 0.964773 0.047741 0.072727 0.802430 1173.000000 880.000000
0 1829 0.240409 0.964773 0.047741 0.072727 0.809720 1173.000000 880.000000
0 1830 0.240409 0.965341 0.047741 0.071591 0.807840 1173.000000 880.000000
0 1831 0.240409 0.965341 0.047741 0.071591 0.809480 1173.000000 880.000000
0 1832 0.240409 0.965341 0.047741 0.071591 0.809480 1173.000000 880.000000
0 1833 0.240409 0.965909 0.047741 0.070455 0.808690 1173.000000 880.000000
0 1834 0.240409 0.965909 0.047741 0.070455 0.817040 1173.000000 880.000000
0 1835 0.240409 0.966477 0.047741 0.069318 0.808430 1173.000000 880.000000
0 1836 0.240409 0.966477 0.047741 0.069318 0.817200 1173.000000 880.000000
0 1837 0.240409 0.966477 0.047741 0.069318 0.820880 1173.000000 880.000000
0 1838 0.240409 0.967045 0.047741 0.068182 0.983610 1173.000000 880.000000
0 1839 0.240409 0.967045 0.047741 0.068182 0.983610 1173.000000 880.000000
0 1840 0.240409 0.967614 0.047741 0.067045 0.983330 1173.000000 880.000000
0 1841 0.240409 0.967614 0.047741 0.067045 0.983330 1173.000000 880.000000
0 1842 0.240409 0.967614 0.047741 0.067045 0.983330 1173.000000 880.000000
0 1843 0.240409 0.968182 0.047741 0.065909 0.983050 1173.000000 880.000000
0 1844 0.240409 0.968182 0.047741 0.065909 0.983050 1173.000000 880.000000
0 1845 0.240409 0.968750 0.047741 0.064773 0.965520 1173.000000 880.000000
0 1846 0.240409 0.968750 0.047741 0.064773 0.982760 1173.000000 880.000000
0 1847 0.240409 0.968750 0.047741 0.064773 0.982760 1173.000000 880.000000
0 1848 0.240409 0.969318 0.047741 0.063636 0.982460 1173.000000 880.000000
0 1849 0.240409 0.969318 0.047741 0.063636 0.982460 1173.000000 880.000000
0 1850 0.240409 0.969886 0.047741 0.062500 0.982140 1173.000000 880.000000
0 1851 0.240409 0.969886 0.047741 0.062500 0.982140 1173.000000 880.000000
0 1852 0.240409 0.969886 0.047741 0.062500 0.982140 1173.000000 880.000000
0 1853 0.240409 0.970455 0.047741 0.061364 0.947370 1173.000000 880.000000
0 1854 0.240409 0.970455 0.047741 0.061364 0.912920 1173.000000 880.000000
0 1855 0.240409 0.971023 0.047741 0.060227 0.878170 1173.000000 880.000000
0 1856 0.240409 0.971023 0.047741 0.060227 0.843730 1173.000000 880.000000
0 1857 0.240409 0.971591 0.047741 0.059091 0.809000 1173.000000 880.000000
0 1858 0.239983 0.971591 0.048593 0.059091 0.795060 1173.000000 880.000000
0 1859 0.239983 0.971591 0.048593 0.059091 0.761220 1173.000000 880.000000
0 1860 0.239983 0.971591 0.048593 0.059091 0.727390 1173.000000 880.000000
0 1861 0.239983 0.971591 0.048593 0.059091 0.693560 1173.000000 880.000000
0 1862 0.239983 0.971591 0.048593 0.059091 0.676640 1173.000000 880.000000
0 1863 0.239983 0.971591 0.050298 0.059091 0.981130 1173.000000 880.000000
0 1864 0.239983 0.971591 0.050298 0.059091 0.981130 1173.000000 880.000000
0 1865 0.239983 0.971591 0.050298 0.059091 0.981130 1173.000000 880.000000
0 1866 0.239983 0.971591 0.050298 0.059091 0.981130 1173.000000 880.000000
0 1867 0.239983 0.971591 0.050298 0.059091 0.981130 1173.000000 880.000000
0 1868 0.239983 0.971591 0.052003 0.059091 0.981130 1173.000000 880.000000
0 1869 0.239983 0.971591 0.052003 0.059091 0.981130 1173.000000 880.000000
0 1870 0.239983 0.971591 0.052003 0.059091 0.981130 1173.000000 880.000000
0 1871 0.239983 0.971591 0.052003 0.059091 0.981130 1173.000000 880.000000
0 1872 0.239983 0.971591 0.052003 0.059091 0.981130 1173.000000 880.000000
0 1873 0.239983 0.971591 0.053708 0.059091 0.974940 1173.000000 880.000000
0 1874 0.239983 0.971591 0.053708 0.059091 0.974940 1173.000000 880.000000
0 1875 0.239983 0.971591 0.053708 0.059091 0.974940 1173.000000 880.000000
0 1876 0.239983 0.971591 0.053708 0.059091 0.975240 1173.000000 880.000000
0 1877 0.239983 0.971591 0.053708 0.059091 0.975240 1173.000000 880.000000
0 1878 0.240409 0.971591 0.054561 0.059091 0.969520 1173.000000 880.000000
0 1879 0.240409 0.971591 0.054561 0.059091 0.969520 1173.000000 880.000000
0 1880 0.240409 0.971591 0.054561 0.059091 0.975330 1173.000000 880.000000
0 1881 0.240835 0.971591 0.055413 0.059091 0.969700 1173.000000 880.000000
0 1882 0.241262 0.971591 0.054561 0.059091 0.969520 1173.000000 880.000000
0 1883 0.241262 0.971591 0.054561 0.059091 0.969520 1173.000000 880.000000
0 1884 0.241688 0.971591 0.055413 0.059091 0.910230 1173.000000 880.000000
0 1885 0.242114 0.971591 0.054561 0.059091 0.924240 1173.000000 880.000000
0 1886 0.242540 0.971591 0.055413 0.059091 0.919380 1173.000000 880.000000
0 1887 0.242540 0.971591 0.055413 0.059091 0.919380 1173.000000 880.000000
0 1888 0.242967 0.971591 0.054561 0.059091 0.939330 1173.000000 880.000000
0 1889 0.243393 0.971591 0.055413 0.059091 0.934250 1173.000000 880.000000
0 1890 0.243393 0.971591 0.055413 0.059091 0.934250 1173.000000 880.000000
0 1891 0.244246 0.971591 0.055413 0.059091 0.943400 1173.000000 880.000000
0 1892 0.244246 0.971591 0.055413 0.059091 0.949110 1173.000000 880.000000
0 1893 0.244246 0.971591 0.055413 0.059091 0.949110 1173.000000 880.000000
0 1894 0.245098 0.971591 0.055413 0.059091 0.958260 1173.000000 880.000000
0 1895 0.245098 0.971591 0.055413 0.059091 0.958260 1173.000000 880.000000
0 1896 0.245524 0.971591 0.056266 0.059091 0.958600 1173.000000 880.000000
0 1897 0.245951 0.971591 0.055413 0.059091 0.958260 1173.000000 880.000000
0 1898 0.245951 0.971591 0.055413 0.059091 0.958260 1173.000000 880.000000
0 1899 0.246377 0.971591 0.056266 0.059091 0.952970 1173.000000 880.000000
0 1900 0.246803 0.971591 0.055413 0.059091 0.958260 1173.000000 880.000000
0 1901 0.247229 0.971591 0.056266 0.059091 0.952970 1173.000000 880.000000
0 1902 0.247229 0.971591 0.056266 0.059091 0.952970 1173.000000 880.000000
0 1903 0.247656 0.971591 0.055413 0.059091 0.952540 1173.000000 880.000000
0 1904 0.248082 0.971591 0.056266 0.059091 0.952970 1173.000000 880.000000
0 1905 0.248082 0.971591 0.056266 0.059091 0.952970 1173.000000 880.000000
0 1906 0.248934 0.972159 0.056266 0.057955 0.946330 1173.000000 880.000000
0 1907 0.248934 0.972159 0.056266 0.057955 0.980770 1173.000000 880.000000
0 1908 0.248934 0.972159 0.056266 0.057955 0.980770 1173.000000 880.000000
0 1909 0.249361 0.972159 0.055413 0.057955 0.980770 1173.000000 880.000000
0 1910 0.249787 0.972727 0.056266 0.056818 0.980390 1173.000000 880.000000
0 1911 0.249787 0.972727 0.056266 0.056818 0.980390 1173.000000 880.000000
0 1912 0.250213 0.972727 0.055413 0.056818 0.980390 1173.000000 880.000000
0 1913 0.250213 0.972727 0.055413 0.056818 0.980390 1173.000000 880.000000
0 1914 0.251066 0.973295 0.055413 0.055682 0.980000 1173.000000 880.000000
0 1915 0.251066 0.973295 0.055413 0.055682 0.980000 1173.000000 880.000000
0 1916 0.251066 0.973295 0.055413 0.055682 0.980000 1173.000000 880.000000
0 1917 0.251492 0.973864 0.054561 0.054545 0.979590 1173.000000 880.000000
0 1918 0.251918 0.973864 0.055413 0.054545 0.979590 1173.000000 880.000000
0 1919 0.252344 0.973864 0.054561 0.054545 0.979590 1173.000000 880.000000
0 1920 0.252344 0.973864 0.054561 0.054545 0.979590 1173.000000 880.000000
0 1921 0.252344 0.974432 0.054561 0.053409 0.979170 1173.000000 880.000000
0 1922 0.253197 0.974432 0.054561 0.053409 0.979170 1173.000000 880.000000
0 1923 0.253197 0.974432 0.054561 0.053409 0.979170 1173.000000 880.000000
0 1924 0.253623 0.975000 0.053708 0.052273 0.978720 1173.000000 880.000000
0 1925 0.253623 0.975000 0.053708 0.052273 0.978720 1173.000000 880.000000
0 1926 0.254049 0.975000 0.054561 0.052273 0.978720 1173.000000 880.000000
0 1927 0.254476 0.975000 0.053708 0.052273 0.978720 1173.000000 880.000000
0 1928 0.254476 0.975568 0.053708 0.051136 0.978260 1173.000000 880.000000
0 1929 0.254476 0.975568 0.053708 0.051136 0.978260 1173.000000 880.000000
0 1930 0.255328 0.975568 0.053708 0.051136 0.978260 1173.000000 880.000000
0 1931 0.255328 0.975568 0.053708 0.051136 0.978260 1173.000000 880.000000
0 1932 0.255754 0.976136 0.052856 0.050000 0.977780 1173.000000 880.000000
0 1933 0.255754 0.976136 0.052856 0.050000 0.977780 1173.000000 880.000000
0 1934 0.256181 0.976136 0.053708 0.050000 0.977780 1173.000000 880.000000
0 1935 0.256607 0.976705 0.052856 0.048864 0.977270 1173.000000 880.000000
0 1936 0.256607 0.976705 0.052856 0.048864 0.977270 1173.000000 880.000000
0 1937 0.257033 0.976705 0.052003 0.048864 0.977270 1173.000000 880.000000
0 1938 0.257460 0.976705 0.052856 0.048864 0.977270 1173.000000 880.000000
0 1939 0.257460 0.977273 0.052856 0.047727 0.976740 1173.000000 880.000000
0 1940 0.257886 0.977273 0.052003 0.047727 0.976740 1173.000000 880.000000
0 1941 0.257886 0.977273 0.052003 0.047727 0.976740 1173.000000 880.000000
0 1942 0.258738 0.977841 0.052003 0.046591 0.976190 1173.000000 880.000000
0 1943 0.258738 0.977841 0.052003 0.046591 0.976190 1173.000000 880.000000
0 1944 0.258738 0.978409 0.052003 0.045455 0.975610 1173.000000 880.000000
0 1945 0.258738 0.978977 0.052003 0.044318 0.975000 1173.000000 880.000000
0 1946 0.258738 0.979545 0.052003 0.043182 0.974360 1173.000000 880.000000
0 1947 0.258738 0.980114 0.052003 0.042045 0.973680 1173.000000 880.000000
0 1948 0.259591 0.980682 0.052003 0.040909 0.972970 1173.000000 880.000000
0 1949 0.259591 0.981250 0.052003 0.039773 0.972220 1173.000000 880.000000
0 1950 0.259591 0.981818 0.052003 0.038636 0.971430 1173.000000 880.000000
0 1951 0.259591 0.982386 0.052003 0.037500 0.970590 1173.000000 880.000000
0 1952 0.259591 0.982955 0.052003 0.036364 0.969700 1173.000000 880.000000
0 1953 0.260443 0.983523 0.052003 0.035227 0.968750 1173.000000 880.000000
0 1954 0.260443 0.984091 0.052003 0.034091 0.967740 1173.000000 880.000000
0 1955 0.260443 0.984659 0.052003 0.032955 0.966670 1173.000000 880.000000
0 1956 0.260443 0.985227 0.052003 0.031818 0.965520 1173.000000 880.000000
0 1957 0.260443 0.985795 0.052003 0.030682 0.964290 1173.000000 880.000000
0 1958 0.260443 0.986364 0.052003 0.029545 0.962960 1173.000000 880.000000
0 1959 0.261296 0.986932 0.052003 0.028409 0.961540 1173.000000 880.000000
0 1960 0.261296 0.987500 0.052003 0.027273 0.960000 1173.000000 880.000000
0 1961 0.261296 0.988068 0.052003 0.026136 0.958330 1173.000000 880.000000
0 1962 0.261296 0.988636 0.052003 0.025000 0.956520 1173.000000 880.000000
0 1963 0.261296 0.989205 0.052003 0.023864 0.954550 1173.000000 880.000000
