0 1385 0.002984 0.763068 0.004263 0.146591 0.835900 1173.000000 880.000000
0 1386 0.003836 0.760795 0.005968 0.146591 0.866350 1173.000000 880.000000
0 1387 0.005115 0.758523 0.008525 0.146591 0.895800 1173.000000 880.000000
0 1388 0.006394 0.757386 0.011083 0.146591 0.853850 1173.000000 880.000000
0 1389 0.007246 0.755114 0.012788 0.146591 0.876440 1173.000000 880.000000
0 1390 0.008525 0.752841 0.015345 0.146591 0.851010 1173.000000 880.000000
0 1391 0.009804 0.751705 0.017903 0.146591 0.827970 1173.000000 880.000000
0 1392 0.010230 0.749432 0.018755 0.146591 0.905690 1173.000000 880.000000
0 1393 0.010656 0.747159 0.019608 0.146591 0.947440 1173.000000 880.000000
0 1394 0.011083 0.744886 0.020460 0.146591 0.983080 1173.000000 880.000000
0 1395 0.011509 0.742614 0.021313 0.146591 0.989350 1173.000000 880.000000
0 1396 0.012361 0.740909 0.023018 0.147727 0.990190 1173.000000 880.000000
0 1397 0.012788 0.738636 0.023870 0.147727 0.992630 1173.000000 880.000000
0 1398 0.013214 0.736932 0.024723 0.146591 0.995380 1173.000000 880.000000
0 1399 0.013640 0.734659 0.025575 0.146591 0.998010 1173.000000 880.000000
0 1400 0.014493 0.732955 0.027280 0.147727 0.998150 1173.000000 880.000000
0 1401 0.014919 0.730682 0.028133 0.147727 0.999100 1173.000000 880.000000
0 1402 0.015345 0.728409 0.028986 0.147727 1.000000 1173.000000 880.000000
0 1403 0.015772 0.726136 0.029838 0.147727 1.000000 1173.000000 880.000000
0 1404 0.016624 0.725000 0.031543 0.147727 1.000000 1173.000000 880.000000
0 1405 0.017050 0.722727 0.032396 0.147727 1.000000 1173.000000 880.000000
0 1406 0.017477 0.720455 0.033248 0.147727 1.000000 1173.000000 880.000000
0 1407 0.018329 0.718182 0.034953 0.147727 1.000000 1173.000000 880.000000
0 1408 0.018755 0.717045 0.035806 0.147727 1.000000 1173.000000 880.000000
0 1409 0.019608 0.714773 0.037511 0.147727 1.000000 1173.000000 880.000000
0 1410 0.020034 0.712500 0.038363 0.147727 1.000000 1173.000000 880.000000
0 1411 0.020887 0.710795 0.040068 0.146591 0.929810 1173.000000 880.000000
0 1412 0.021313 0.709091 0.040921 0.147727 0.930830 1173.000000 880.000000
0 1413 0.022165 0.706818 0.042626 0.147727 0.923510 1173.000000 880.000000
0 1414 0.022592 0.705114 0.043478 0.146591 0.924410 1173.000000 880.000000
0 1415 0.023444 0.702841 0.045183 0.146591 0.917950 1173.000000 880.000000
0 1416 0.024723 0.701136 0.044331 0.147727 0.927410 1173.000000 880.000000
0 1417 0.026428 0.699432 0.044331 0.146591 0.947750 1173.000000 880.000000
0 1418 0.027280 0.697159 0.044331 0.146591 0.948480 1173.000000 880.000000
0 1419 0.028559 0.695455 0.043478 0.147727 0.968290 1173.000000 880.000000
0 1420 0.029838 0.693182 0.044331 0.147727 0.969320 1173.000000 880.000000
0 1421 0.031117 0.691477 0.043478 0.146591 0.989500 1173.000000 880.000000
0 1422 0.032396 0.689205 0.044331 0.146591 0.989840 1173.000000 880.000000
0 1423 0.033674 0.687500 0.043478 0.147727 1.000000 1173.000000 880.000000
0 1424 0.034953 0.685795 0.044331 0.146591 1.000000 1173.000000 880.000000
0 1425 0.036232 0.683523 0.043478 0.146591 1.000000 1173.000000 880.000000
0 1426 0.037511 0.681250 0.044331 0.146591 1.000000 1173.000000 880.000000
0 1427 0.038789 0.680114 0.043478 0.146591 1.000000 1173.000000 880.000000
0 1428 0.040068 0.677841 0.044331 0.146591 0.990130 1173.000000 880.000000
0 1429 0.041347 0.675568 0.043478 0.146591 1.000000 1173.000000 880.000000
0 1430 0.043052 0.674432 0.043478 0.146591 1.000000 1173.000000 880.000000
0 1431 0.043052 0.672159 0.043478 0.146591 0.990090 1173.000000 880.000000
0 1432 0.043052 0.671023 0.043478 0.146591 0.970270 1173.000000 880.000000
0 1433 0.043905 0.669318 0.043478 0.147727 0.960660 1173.000000 880.000000
0 1434 0.043905 0.667614 0.043478 0.146591 0.960360 1173.000000 880.000000
0 1435 0.044757 0.666477 0.043478 0.146591 0.960360 1173.000000 880.000000
0 1436 0.044757 0.664773 0.043478 0.147727 0.950820 1173.000000 880.000000
0 1437 0.045610 0.663636 0.043478 0.147727 0.960070 1173.000000 880.000000
0 1438 0.045610 0.661932 0.043478 0.146591 0.950440 1173.000000 880.000000
0 1439 0.046462 0.660227 0.043478 0.147727 0.950820 1173.000000 880.000000
0 1440 0.046462 0.659091 0.043478 0.147727 0.950090 1173.000000 880.000000
0 1441 0.047315 0.657955 0.043478 0.147727 0.950090 1173.000000 880.000000
0 1442 0.048167 0.655682 0.043478 0.147727 0.950820 1173.000000 880.000000
0 1443 0.049020 0.653409 0.043478 0.147727 0.960660 1173.000000 880.000000
0 1444 0.049872 0.651705 0.043478 0.146591 0.960950 1173.000000 880.000000
0 1445 0.051151 0.650000 0.042626 0.147727 0.970360 1173.000000 880.000000
0 1446 0.052430 0.648295 0.043478 0.146591 0.971150 1173.000000 880.000000
0 1447 0.053282 0.646023 0.043478 0.146591 0.971150 1173.000000 880.000000
0 1448 0.054135 0.643750 0.043478 0.146591 0.971150 1173.000000 880.000000
0 1449 0.055413 0.642614 0.042626 0.146591 0.980390 1173.000000 880.000000
0 1450 0.056266 0.640341 0.042626 0.146591 0.980390 1173.000000 880.000000
0 1451 0.057545 0.638636 0.043478 0.145455 0.980920 1173.000000 880.000000
0 1452 0.058397 0.636364 0.043478 0.145455 0.980920 1173.000000 880.000000
0 1453 0.059676 0.635227 0.042626 0.145455 0.990270 1173.000000 880.000000
0 1454 0.060529 0.632955 0.042626 0.145455 0.990270 1173.000000 880.000000
0 1455 0.061381 0.630682 0.042626 0.145455 0.990270 1173.000000 880.000000
0 1456 0.062660 0.628977 0.043478 0.144318 0.990530 1173.000000 880.000000
0 1457 0.063939 0.627273 0.042626 0.145455 1.000000 1173.000000 880.000000
0 1458 0.064791 0.625568 0.042626 0.144318 1.000000 1173.000000 880.000000
0 1459 0.065644 0.623295 0.042626 0.144318 1.000000 1173.000000 880.000000
0 1460 0.067349 0.622159 0.042626 0.144318 1.000000 1173.000000 880.000000
0 1461 0.068201 0.619886 0.042626 0.144318 1.000000 1173.000000 880.000000
0 1462 0.069906 0.617614 0.042626 0.144318 1.000000 1173.000000 880.000000
0 1463 0.071611 0.616477 0.042626 0.144318 1.000000 1173.000000 880.000000
0 1464 0.073316 0.614205 0.042626 0.144318 1.000000 1173.000000 880.000000
0 1465 0.075021 0.612500 0.042626 0.143182 1.000000 1173.000000 880.000000
0 1466 0.076300 0.610795 0.041773 0.144318 1.000000 1173.000000 880.000000
0 1467 0.078005 0.609091 0.041773 0.143182 1.000000 1173.000000 880.000000
0 1468 0.079710 0.606818 0.041773 0.143182 1.000000 1173.000000 880.000000
0 1469 0.081415 0.605682 0.041773 0.143182 1.000000 1173.000000 880.000000
0 1470 0.083120 0.603409 0.041773 0.143182 1.000000 1173.000000 880.000000
0 1471 0.084825 0.602273 0.041773 0.143182 1.000000 1173.000000 880.000000
0 1472 0.085678 0.600000 0.041773 0.143182 1.000000 1173.000000 880.000000
0 1473 0.086530 0.598295 0.041773 0.142045 1.000000 1173.000000 880.000000
0 1474 0.087383 0.596023 0.041773 0.142045 1.000000 1173.000000 880.000000
0 1475 0.088235 0.594886 0.041773 0.142045 1.000000 1173.000000 880.000000
0 1476 0.089514 0.593182 0.040921 0.140909 1.000000 1173.000000 880.000000
0 1477 0.090367 0.590909 0.040921 0.140909 1.000000 1173.000000 880.000000
0 1478 0.091219 0.589773 0.040921 0.140909 1.000000 1173.000000 880.000000
0 1479 0.092072 0.588068 0.040921 0.139773 1.000000 1173.000000 880.000000
0 1480 0.093777 0.585795 0.040921 0.139773 1.000000 1173.000000 880.000000
0 1481 0.094629 0.584659 0.040921 0.139773 1.000000 1173.000000 880.000000
0 1482 0.095482 0.582955 0.040921 0.138636 1.000000 1173.000000 880.000000
0 1483 0.096334 0.580682 0.040921 0.138636 1.000000 1173.000000 880.000000
0 1484 0.097613 0.579545 0.040068 0.138636 1.000000 1173.000000 880.000000
0 1485 0.098465 0.577273 0.040068 0.138636 1.000000 1173.000000 880.000000
0 1486 0.099318 0.575568 0.040068 0.137500 1.000000 1173.000000 880.000000
0 1487 0.100171 0.574432 0.040068 0.137500 1.000000 1173.000000 880.000000
0 1488 0.101876 0.572159 0.040068 0.137500 1.000000 1173.000000 880.000000
0 1489 0.102728 0.570455 0.040068 0.136364 1.000000 1173.000000 880.000000
0 1490 0.103581 0.569318 0.040068 0.136364 1.000000 1173.000000 880.000000
0 1491 0.104433 0.567045 0.040068 0.136364 1.000000 1173.000000 880.000000
0 1492 0.105712 0.565341 0.039216 0.135227 1.000000 1173.000000 880.000000
0 1493 0.106564 0.564205 0.039216 0.135227 1.000000 1173.000000 880.000000
0 1494 0.107417 0.561932 0.039216 0.135227 1.000000 1173.000000 880.000000
0 1495 0.108269 0.560227 0.039216 0.134091 1.000000 1173.000000 880.000000
0 1496 0.109974 0.559091 0.039216 0.134091 1.000000 1173.000000 880.000000
0 1497 0.109974 0.556818 0.039216 0.134091 1.000000 1173.000000 880.000000
0 1498 0.110827 0.555682 0.039216 0.134091 1.000000 1173.000000 880.000000
0 1499 0.111679 0.553409 0.039216 0.134091 1.000000 1173.000000 880.000000
0 1500 0.112532 0.552273 0.039216 0.134091 1.000000 1173.000000 880.000000
0 1501 0.113384 0.551136 0.039216 0.134091 1.000000 1173.000000 880.000000
0 1502 0.114237 0.548864 0.039216 0.134091 1.000000 1173.000000 880.000000
0 1503 0.115090 0.547159 0.039216 0.132955 1.000000 1173.000000 880.000000
0 1504 0.115942 0.545455 0.039216 0.134091 1.000000 1173.000000 880.000000
0 1505 0.117221 0.543750 0.038363 0.132955 1.000000 1173.000000 880.000000
0 1506 0.118500 0.542045 0.039216 0.134091 1.000000 1173.000000 880.000000
0 1507 0.119352 0.540341 0.039216 0.132955 1.000000 1173.000000 880.000000
0 1508 0.120631 0.539205 0.038363 0.132955 1.000000 1173.000000 880.000000
0 1509 0.121483 0.536932 0.038363 0.132955 1.000000 1173.000000 880.000000
0 1510 0.122762 0.535795 0.039216 0.132955 1.000000 1173.000000 880.000000
0 1511 0.123615 0.533523 0.039216 0.132955 1.000000 1173.000000 880.000000
0 1512 0.124893 0.532386 0.038363 0.132955 1.000000 1173.000000 880.000000
0 1513 0.125746 0.530114 0.038363 0.132955 1.000000 1173.000000 880.000000
0 1514 0.127025 0.528977 0.039216 0.132955 1.000000 1173.000000 880.000000
0 1515 0.128303 0.527273 0.038363 0.131818 1.000000 1173.000000 880.000000
0 1516 0.129156 0.525568 0.038363 0.132955 1.000000 1173.000000 880.000000
0 1517 0.130009 0.523864 0.038363 0.131818 1.000000 1173.000000 880.000000
0 1518 0.131287 0.522159 0.039216 0.132955 1.000000 1173.000000 880.000000
0 1519 0.132566 0.520455 0.038363 0.131818 1.000000 1173.000000 880.000000
0 1520 0.133419 0.518750 0.038363 0.132955 1.000000 1173.000000 880.000000
0 1521 0.134271 0.517045 0.038363 0.131818 1.000000 1173.000000 880.000000
0 1522 0.135976 0.515909 0.038363 0.131818 1.000000 1173.000000 880.000000
0 1523 0.136829 0.513636 0.038363 0.131818 1.000000 1173.000000 880.000000
0 1524 0.137681 0.511932 0.038363 0.130682 1.000000 1173.000000 880.000000
0 1525 0.138534 0.509659 0.038363 0.130682 1.000000 1173.000000 880.000000
0 1526 0.139812 0.507955 0.037511 0.129545 1.000000 1173.000000 880.000000
0 1527 0.141091 0.506250 0.038363 0.128409 1.000000 1173.000000 880.000000
0 1528 0.141944 0.503977 0.038363 0.128409 1.000000 1173.000000 880.000000
0 1529 0.142796 0.502841 0.038363 0.128409 1.000000 1173.000000 880.000000
0 1530 0.144075 0.501136 0.037511 0.127273 1.000000 1173.000000 880.000000
0 1531 0.144928 0.498864 0.037511 0.127273 1.000000 1173.000000 880.000000
0 1532 0.146206 0.497159 0.038363 0.126136 1.000000 1173.000000 880.000000
0 1533 0.147059 0.494886 0.038363 0.126136 1.000000 1173.000000 880.000000
0 1534 0.148338 0.493182 0.037511 0.125000 1.000000 1173.000000 880.000000
0 1535 0.149190 0.492045 0.037511 0.125000 1.000000 1173.000000 880.000000
0 1536 0.150043 0.489773 0.037511 0.125000 1.000000 1173.000000 880.000000
0 1537 0.151321 0.488068 0.038363 0.123864 1.000000 1173.000000 880.000000
0 1538 0.152600 0.486364 0.037511 0.122727 1.000000 1173.000000 880.000000
0 1539 0.153453 0.484091 0.037511 0.122727 1.000000 1173.000000 880.000000
0 1540 0.154305 0.482386 0.037511 0.121591 1.000000 1173.000000 880.000000
0 1541 0.156010 0.481250 0.037511 0.121591 1.000000 1173.000000 880.000000
0 1542 0.156010 0.478977 0.037511 0.121591 1.000000 1173.000000 880.000000
0 1543 0.156863 0.477841 0.037511 0.121591 1.000000 1173.000000 880.000000
0 1544 0.157715 0.476705 0.037511 0.121591 1.000000 1173.000000 880.000000
0 1545 0.158568 0.474432 0.037511 0.121591 1.000000 1173.000000 880.000000
0 1546 0.159420 0.473295 0.037511 0.121591 1.000000 1173.000000 880.000000
0 1547 0.160273 0.472159 0.037511 0.121591 1.000000 1173.000000 880.000000
0 1548 0.161125 0.471023 0.037511 0.121591 1.000000 1173.000000 880.000000
0 1549 0.161125 0.468750 0.037511 0.121591 1.000000 1173.000000 880.000000
0 1550 0.161978 0.467614 0.037511 0.121591 1.000000 1173.000000 880.000000
0 1551 0.162830 0.466477 0.037511 0.121591 1.000000 1173.000000 880.000000
0 1552 0.163683 0.465341 0.037511 0.121591 1.000000 1173.000000 880.000000
0 1553 0.164535 0.463068 0.037511 0.121591 1.000000 1173.000000 880.000000
0 1554 0.165388 0.461932 0.037511 0.121591 1.000000 1173.000000 880.000000
0 1555 0.166240 0.460795 0.037511 0.121591 1.000000 1173.000000 880.000000
0 1556 0.167093 0.459659 0.037511 0.121591 1.000000 1173.000000 880.000000
0 1557 0.167945 0.457386 0.037511 0.121591 1.000000 1173.000000 880.000000
0 1558 0.168798 0.456250 0.037511 0.121591 1.000000 1173.000000 880.000000
0 1559 0.169650 0.453977 0.037511 0.121591 1.000000 1173.000000 880.000000
0 1560 0.170503 0.452841 0.037511 0.121591 1.000000 1173.000000 880.000000
0 1561 0.171355 0.450568 0.037511 0.121591 0.844440 1173.000000 880.000000
0 1562 0.173061 0.449432 0.037511 0.121591 0.866670 1173.000000 880.000000
0 1563 0.173913 0.448295 0.037511 0.121591 1.000000 1173.000000 880.000000
0 1564 0.174766 0.446023 0.037511 0.121591 0.866670 1173.000000 880.000000
0 1565 0.175618 0.444886 0.037511 0.121591 0.844440 1173.000000 880.000000
0 1566 0.176471 0.442614 0.037511 0.121591 0.845880 1173.000000 880.000000
0 1567 0.177323 0.441477 0.037511 0.121591 0.845880 1173.000000 880.000000
0 1568 0.179028 0.440341 0.037511 0.121591 0.867900 1173.000000 880.000000
0 1569 0.179881 0.438068 0.037511 0.121591 0.867900 1173.000000 880.000000
0 1570 0.180733 0.436932 0.037511 0.121591 0.867900 1173.000000 880.000000
0 1571 0.181586 0.434659 0.037511 0.121591 0.869140 1173.000000 880.000000
0 1572 0.182438 0.433523 0.037511 0.121591 0.869140 1173.000000 880.000000
0 1573 0.184143 0.432386 0.037511 0.121591 0.890950 1173.000000 880.000000
0 1574 0.184996 0.430114 0.037511 0.121591 0.870370 1173.000000 880.000000
0 1575 0.185848 0.428977 0.037511 0.121591 0.869140 1173.000000 880.000000
0 1576 0.186701 0.427841 0.037511 0.121591 0.869140 1173.000000 880.000000
0 1577 0.188406 0.426705 0.037511 0.121591 0.867900 1173.000000 880.000000
0 1578 0.189258 0.425568 0.037511 0.121591 0.867900 1173.000000 880.000000
0 1579 0.190111 0.424432 0.037511 0.121591 0.844440 1173.000000 880.000000
0 1580 0.190963 0.423295 0.037511 0.121591 0.844440 1173.000000 880.000000
0 1581 0.192668 0.422159 0.037511 0.121591 0.866670 1173.000000 880.000000
0 1582 0.193521 0.421023 0.037511 0.121591 1.000000 1173.000000 880.000000
0 1583 0.194373 0.419886 0.037511 0.121591 1.000000 1173.000000 880.000000
0 1584 0.196078 0.418750 0.037511 0.121591 1.000000 1173.000000 880.000000
0 1585 0.196931 0.417614 0.037511 0.121591 1.000000 1173.000000 880.000000
0 1586 0.197783 0.416477 0.037511 0.121591 1.000000 1173.000000 880.000000
0 1587 0.198636 0.415341 0.037511 0.121591 1.000000 1173.000000 880.000000
0 1588 0.200341 0.414205 0.037511 0.121591 1.000000 1173.000000 880.000000
0 1589 0.201194 0.413068 0.037511 0.121591 1.000000 1173.000000 880.000000
0 1590 0.202046 0.411932 0.037511 0.121591 1.000000 1173.000000 880.000000
0 1591 0.203751 0.410795 0.037511 0.121591 1.000000 1173.000000 880.000000
0 1592 0.203751 0.408523 0.037511 0.121591 1.000000 1173.000000 880.000000
0 1593 0.204604 0.406250 0.037511 0.121591 1.000000 1173.000000 880.000000
0 1594 0.205456 0.405114 0.037511 0.121591 1.000000 1173.000000 880.000000
0 1595 0.206309 0.402841 0.037511 0.121591 1.000000 1173.000000 880.000000
0 1596 0.206735 0.400568 0.036658 0.121591 1.000000 1173.000000 880.000000
0 1597 0.207587 0.399432 0.036658 0.121591 1.000000 1173.000000 880.000000
0 1598 0.208440 0.397159 0.036658 0.121591 1.000000 1173.000000 880.000000
0 1599 0.209292 0.395455 0.036658 0.120455 1.000000 1173.000000 880.000000
0 1600 0.209719 0.393750 0.035806 0.121591 1.000000 1173.000000 880.000000
0 1601 0.210571 0.391477 0.035806 0.121591 1.000000 1173.000000 880.000000
0 1602 0.211424 0.389773 0.035806 0.120455 1.000000 1173.000000 880.000000
0 1603 0.212276 0.388068 0.035806 0.121591 1.000000 1173.000000 880.000000
0 1604 0.212702 0.385795 0.034953 0.121591 1.000000 1173.000000 880.000000
0 1605 0.213555 0.384091 0.034953 0.120455 1.000000 1173.000000 880.000000
0 1606 0.214408 0.382386 0.034953 0.121591 1.000000 1173.000000 880.000000
0 1607 0.215260 0.380682 0.034953 0.120455 1.000000 1173.000000 880.000000
0 1608 0.215686 0.378409 0.034101 0.120455 0.902440 1173.000000 880.000000
0 1609 0.216539 0.376705 0.034101 0.121591 0.903340 1173.000000 880.000000
0 1610 0.217391 0.375000 0.034101 0.120455 0.903350 1173.000000 880.000000
0 1611 0.218244 0.372727 0.034101 0.120455 0.904260 1173.000000 880.000000
0 1612 0.219096 0.371591 0.034101 0.120455 0.904260 1173.000000 880.000000
0 1613 0.219949 0.370455 0.034101 0.120455 0.904260 1173.000000 880.000000
0 1614 0.220801 0.369318 0.034101 0.120455 0.904260 1173.000000 880.000000
0 1615 0.221654 0.368182 0.034101 0.120455 0.904260 1173.000000 880.000000
0 1616 0.222506 0.367045 0.034101 0.120455 0.904260 1173.000000 880.000000
0 1617 0.223359 0.367045 0.034101 0.120455 0.903350 1173.000000 880.000000
0 1618 0.225064 0.365909 0.034101 0.120455 0.927510 1173.000000 880.000000
0 1619 0.225916 0.364773 0.034101 0.120455 1.000000 1173.000000 880.000000
0 1620 0.226769 0.363636 0.034101 0.120455 1.000000 1173.000000 880.000000
0 1621 0.227621 0.363636 0.034101 0.120455 1.000000 1173.000000 880.000000
0 1622 0.228474 0.362500 0.034101 0.120455 1.000000 1173.000000 880.000000
0 1623 0.229327 0.361364 0.034101 0.120455 1.000000 1173.000000 880.000000
0 1624 0.231032 0.360227 0.034101 0.120455 1.000000 1173.000000 880.000000
0 1625 0.231884 0.360227 0.034101 0.120455 1.000000 1173.000000 880.000000
0 1626 0.232737 0.359091 0.034101 0.120455 1.000000 1173.000000 880.000000
0 1627 0.233589 0.357955 0.034101 0.120455 1.000000 1173.000000 880.000000
0 1628 0.234442 0.356818 0.034101 0.120455 1.000000 1173.000000 880.000000
0 1629 0.236147 0.356818 0.034101 0.120455 1.000000 1173.000000 880.000000
0 1630 0.236147 0.355682 0.034101 0.120455 1.000000 1173.000000 880.000000
0 1631 0.236999 0.354545 0.034101 0.120455 1.000000 1173.000000 880.000000
0 1632 0.237852 0.353409 0.034101 0.120455 1.000000 1173.000000 880.000000
0 1633 0.238704 0.352273 0.034101 0.120455 1.000000 1173.000000 880.000000
0 1634 0.239557 0.351136 0.034101 0.120455 1.000000 1173.000000 880.000000
0 1635 0.240409 0.350000 0.034101 0.120455 1.000000 1173.000000 880.000000
0 1636 0.241262 0.348864 0.034101 0.120455 1.000000 1173.000000 880.000000
0 1637 0.242114 0.347727 0.034101 0.120455 1.000000 1173.000000 880.000000
0 1638 0.242967 0.346591 0.034101 0.120455 1.000000 1173.000000 880.000000
0 1639 0.243819 0.345455 0.034101 0.120455 1.000000 1173.000000 880.000000
0 1640 0.244672 0.344318 0.034101 0.120455 1.000000 1173.000000 880.000000
0 1641 0.245524 0.343182 0.034101 0.120455 1.000000 1173.000000 880.000000
0 1642 0.246377 0.343182 0.034101 0.120455 1.000000 1173.000000 880.000000
0 1643 0.246377 0.342045 0.034101 0.120455 1.000000 1173.000000 880.000000
0 1644 0.247229 0.340909 0.034101 0.120455 1.000000 1173.000000 880.000000
0 1645 0.248082 0.339773 0.034101 0.120455 1.000000 1173.000000 880.000000
0 1646 0.248934 0.338636 0.034101 0.120455 1.000000 1173.000000 880.000000
0 1647 0.249787 0.337500 0.034101 0.120455 1.000000 1173.000000 880.000000
0 1648 0.250639 0.336364 0.034101 0.120455 1.000000 1173.000000 880.000000
0 1649 0.251492 0.335227 0.034101 0.120455 1.000000 1173.000000 880.000000
0 1650 0.252344 0.334091 0.034101 0.120455 1.000000 1173.000000 880.000000
0 1651 0.253197 0.332955 0.034101 0.120455 1.000000 1173.000000 880.000000
0 1652 0.254049 0.331818 0.034101 0.120455 1.000000 1173.000000 880.000000
0 1653 0.254902 0.330682 0.034101 0.120455 1.000000 1173.000000 880.000000
0 1654 0.255754 0.329545 0.034101 0.120455 1.000000 1173.000000 880.000000
0 1655 0.256607 0.329545 0.034101 0.120455 1.000000 1173.000000 880.000000
0 1656 0.257460 0.327841 0.034101 0.119318 1.000000 1173.000000 880.000000
0 1657 0.258312 0.326705 0.034101 0.119318 1.000000 1173.000000 880.000000
0 1658 0.259165 0.325568 0.034101 0.119318 1.000000 1173.000000 880.000000
0 1659 0.260017 0.324432 0.034101 0.119318 1.000000 1173.000000 880.000000
0 1660 0.261296 0.323295 0.034953 0.119318 1.000000 1173.000000 880.000000
0 1661 0.262148 0.322159 0.034953 0.119318 1.000000 1173.000000 880.000000
0 1662 0.263001 0.321591 0.034953 0.118182 1.000000 1173.000000 880.000000
0 1663 0.263853 0.320455 0.034953 0.118182 1.000000 1173.000000 880.000000
0 1664 0.264706 0.319318 0.034953 0.118182 1.000000 1173.000000 880.000000
0 1665 0.266411 0.317614 0.034953 0.117045 0.974820 1173.000000 880.000000
0 1666 0.267263 0.316477 0.034953 0.117045 0.975270 1173.000000 880.000000
0 1667 0.268116 0.315341 0.034953 0.117045 0.975270 1173.000000 880.000000
0 1668 0.268968 0.314773 0.034953 0.115909 0.962550 1173.000000 880.000000
0 1669 0.269821 0.313636 0.034953 0.115909 0.963250 1173.000000 880.000000
0 1670 0.271100 0.312500 0.035806 0.115909 0.940170 1173.000000 880.000000
0 1671 0.271952 0.311364 0.035806 0.115909 0.940170 1173.000000 880.000000
0 1672 0.272805 0.310227 0.035806 0.115909 0.941300 1173.000000 880.000000
0 1673 0.273657 0.309091 0.035806 0.115909 0.929560 1173.000000 880.000000
0 1674 0.275362 0.308523 0.035806 0.114773 0.917010 1173.000000 880.000000
0 1675 0.276215 0.306250 0.035806 0.114773 0.908800 1173.000000 880.000000
0 1676 0.277067 0.305114 0.035806 0.114773 0.908800 1173.000000 880.000000
0 1677 0.277920 0.303977 0.035806 0.114773 0.908800 1173.000000 880.000000
0 1678 0.278772 0.302841 0.035806 0.114773 0.899450 1173.000000 880.000000
0 1679 0.279625 0.301705 0.035806 0.114773 0.899450 1173.000000 880.000000
0 1680 0.281330 0.300568 0.035806 0.114773 0.877110 1173.000000 880.000000
0 1681 0.282182 0.299432 0.035806 0.114773 0.879620 1173.000000 880.000000
0 1682 0.283035 0.298295 0.035806 0.114773 0.879620 1173.000000 880.000000
0 1683 0.283887 0.297159 0.035806 0.114773 0.868670 1173.000000 880.000000
0 1684 0.284740 0.296023 0.035806 0.114773 0.871410 1173.000000 880.000000
0 1685 0.285592 0.294886 0.035806 0.114773 0.860690 1173.000000 880.000000
0 1686 0.287298 0.293750 0.035806 0.114773 0.849980 1173.000000 880.000000
0 1687 0.288150 0.292614 0.035806 0.114773 0.853170 1173.000000 880.000000
0 1688 0.289003 0.291477 0.035806 0.114773 0.842680 1173.000000 880.000000
0 1689 0.289855 0.290341 0.035806 0.114773 0.842680 1173.000000 880.000000
0 1690 0.290708 0.289205 0.035806 0.114773 0.832190 1173.000000 880.000000
0 1691 0.291560 0.288068 0.035806 0.114773 0.832190 1173.000000 880.000000
0 1692 0.293265 0.286932 0.035806 0.114773 0.825580 1173.000000 880.000000
0 1693 0.294118 0.285795 0.035806 0.114773 0.815320 1173.000000 880.000000
0 1694 0.294970 0.284659 0.035806 0.114773 0.792070 1173.000000 880.000000
0 1695 0.295823 0.284659 0.035806 0.114773 0.800730 1173.000000 880.000000
0 1696 0.297528 0.283523 0.035806 0.114773 0.790240 1173.000000 880.000000
0 1697 0.298380 0.283523 0.035806 0.114773 0.779750 1173.000000 880.000000
0 1698 0.299233 0.282386 0.035806 0.114773 0.769490 1173.000000 880.000000
0 1699 0.300512 0.281250 0.034953 0.114773 0.753500 1173.000000 880.000000
0 1700 0.301790 0.281250 0.035806 0.114773 0.722750 1173.000000 880.000000
0 1701 0.302643 0.280114 0.035806 0.114773 0.712490 1173.000000 880.000000
0 1702 0.303922 0.280114 0.034953 0.114773 0.704720 1173.000000 880.000000
0 1703 0.304774 0.278977 0.034953 0.114773 0.693740 1173.000000 880.000000
0 1704 0.306053 0.277841 0.035806 0.114773 0.669170 1173.000000 880.000000
0 1705 0.306905 0.277841 0.035806 0.114773 0.652530 1173.000000 880.000000
0 1706 0.308184 0.276705 0.034953 0.114773 0.633520 1173.000000 880.000000
0 1707 0.309037 0.276705 0.034953 0.114773 0.633520 1173.000000 880.000000
0 1708 0.310315 0.275568 0.035806 0.114773 0.599180 1173.000000 880.000000
0 1709 0.311594 0.274432 0.034953 0.114773 0.589640 1173.000000 880.000000
0 1710 0.312447 0.274432 0.034953 0.114773 0.571660 1173.000000 880.000000
0 1711 0.313299 0.273295 0.034953 0.114773 0.560920 1173.000000 880.000000
0 1712 0.315004 0.273295 0.034953 0.114773 0.520070 1173.000000 880.000000
0 1713 0.315857 0.271023 0.034953 0.114773 0.516570 1173.000000 880.000000
0 1714 0.316709 0.269886 0.034953 0.114773 0.505140 1173.000000 880.000000
0 1715 0.317988 0.268750 0.035806 0.114773 0.488830 1173.000000 880.000000
0 1716 0.319267 0.267614 0.034953 0.114773 0.468720 1173.000000 880.000000
0 1717 0.320119 0.266477 0.034953 0.114773 0.468720 1173.000000 880.000000
0 1718 0.321398 0.264205 0.035806 0.114773 0.446420 1173.000000 880.000000
0 1719 0.322677 0.263068 0.034953 0.114773 0.433240 1173.000000 880.000000
0 1720 0.323529 0.261932 0.034953 0.114773 0.411530 1173.000000 880.000000
0 1721 0.324808 0.260795 0.035806 0.114773 0.404010 1173.000000 880.000000
0 1722 0.326087 0.259659 0.034953 0.114773 0.368110 1173.000000 880.000000
0 1723 0.326939 0.257386 0.034953 0.114773 0.381890 1173.000000 880.000000
0 1724 0.328218 0.256250 0.035806 0.114773 0.369590 1173.000000 880.000000
0 1725 0.329071 0.255114 0.035806 0.114773 0.348610 1173.000000 880.000000
0 1726 0.330350 0.253977 0.034953 0.114773 0.301120 1173.000000 880.000000
0 1727 0.331628 0.252841 0.035806 0.114773 0.286140 1173.000000 880.000000
0 1728 0.332481 0.250568 0.035806 0.114773 0.281350 1173.000000 880.000000
0 1729 0.333760 0.249432 0.034953 0.114773 0.264010 1173.000000 880.000000
0 1730 0.335038 0.248295 0.035806 0.114773 0.242820 1173.000000 880.000000
0 1731 0.335891 0.247159 0.035806 0.114773 0.212950 1173.000000 880.000000
0 1732 0.337596 0.246023 0.035806 0.114773 0.195620 1173.000000 880.000000
0 1733 0.338448 0.244886 0.035806 0.114773 0.175100 1173.000000 880.000000
0 1734 0.339301 0.243750 0.035806 0.114773 0.173730 1173.000000 880.000000
0 1735 0.340153 0.242614 0.035806 0.114773 0.153900 1173.000000 880.000000
0 1736 0.341006 0.242614 0.035806 0.114773 0.130870 1173.000000 880.000000
0 1737 0.341858 0.241477 0.035806 0.114773 0.149570 1173.000000 880.000000
0 1738 0.342711 0.240341 0.035806 0.114773 0.159370 1173.000000 880.000000
0 1739 0.343564 0.239205 0.035806 0.114773 0.178070 1173.000000 880.000000
0 1740 0.344416 0.239205 0.035806 0.114773 0.188330 1173.000000 880.000000
0 1741 0.345269 0.238068 0.035806 0.114773 0.202920 1173.000000 880.000000
0 1742 0.346121 0.236932 0.035806 0.114773 0.224810 1173.000000 880.000000
0 1743 0.346974 0.235795 0.035806 0.114773 0.236430 1173.000000 880.000000
0 1744 0.347826 0.235795 0.035806 0.114773 0.259230 1173.000000 880.000000
0 1745 0.348679 0.234659 0.035806 0.114773 0.268580 1173.000000 880.000000
0 1746 0.349957 0.233523 0.034953 0.114773 0.290620 1173.000000 880.000000
0 1747 0.350810 0.232386 0.034953 0.114773 0.315590 1173.000000 880.000000
0 1748 0.351662 0.232386 0.034953 0.114773 0.315130 1173.000000 880.000000
0 1749 0.352515 0.231250 0.034953 0.114773 0.333800 1173.000000 880.000000
0 1750 0.353367 0.230114 0.034953 0.114773 0.350840 1173.000000 880.000000
0 1751 0.354220 0.228977 0.034953 0.114773 0.369280 1173.000000 880.000000
0 1752 0.355072 0.228977 0.034953 0.114773 0.368580 1173.000000 880.000000
0 1753 0.355925 0.227841 0.034953 0.114773 0.386790 1173.000000 880.000000
0 1754 0.356777 0.226705 0.034953 0.114773 0.408500 1173.000000 880.000000
0 1755 0.357630 0.225568 0.034953 0.114773 0.417600 1173.000000 880.000000
0 1756 0.358483 0.225568 0.034953 0.114773 0.429510 1173.000000 880.000000
0 1757 0.359335 0.224432 0.034953 0.114773 0.444440 1173.000000 880.000000
0 1758 0.360188 0.223295 0.034953 0.114773 0.462420 1173.000000 880.000000
0 1759 0.361040 0.222159 0.034953 0.114773 0.471520 1173.000000 880.000000
0 1760 0.362745 0.222159 0.034953 0.114773 0.489730 1173.000000 880.000000
0 1761 0.363171 0.220455 0.034101 0.113636 0.516300 1173.000000 880.000000
0 1762 0.364024 0.219318 0.034101 0.113636 0.530310 1173.000000 880.000000
0 1763 0.364876 0.217614 0.034101 0.112500 0.545120 1173.000000 880.000000
0 1764 0.365729 0.217045 0.034101 0.111364 0.540770 1173.000000 880.000000
0 1765 0.366581 0.215909 0.034101 0.111364 0.545450 1173.000000 880.000000
0 1766 0.367008 0.214205 0.033248 0.110227 0.551020 1173.000000 880.000000
0 1767 0.367860 0.213068 0.033248 0.110227 0.551020 1173.000000 880.000000
0 1768 0.368713 0.212500 0.033248 0.109091 0.552580 1173.000000 880.000000
0 1769 0.369565 0.210795 0.033248 0.107955 0.562500 1173.000000 880.000000
0 1770 0.370418 0.209659 0.033248 0.107955 0.562500 1173.000000 880.000000
0 1771 0.370844 0.208523 0.032396 0.107955 0.562500 1173.000000 880.000000
0 1772 0.371697 0.207386 0.032396 0.105682 0.563830 1173.000000 880.000000
0 1773 0.372549 0.206250 0.032396 0.105682 0.564380 1173.000000 880.000000
0 1774 0.373402 0.205114 0.032396 0.105682 0.574470 1173.000000 880.000000
0 1775 0.374254 0.203409 0.032396 0.104545 0.580650 1173.000000 880.000000
0 1776 0.374680 0.202841 0.031543 0.103409 0.576090 1173.000000 880.000000
0 1777 0.375533 0.201705 0.031543 0.103409 0.576090 1173.000000 880.000000
0 1778 0.376385 0.200000 0.031543 0.102273 0.593410 1173.000000 880.000000
0 1779 0.377238 0.198864 0.031543 0.102273 0.604400 1173.000000 880.000000
0 1780 0.378517 0.198295 0.030691 0.101136 0.622220 1173.000000 880.000000
0 1781 0.379369 0.197159 0.030691 0.101136 0.633330 1173.000000 880.000000
0 1782 0.380222 0.196023 0.030691 0.101136 0.633330 1173.000000 880.000000
0 1783 0.381074 0.194886 0.030691 0.101136 0.644440 1173.000000 880.000000
0 1784 0.381927 0.193750 0.030691 0.101136 0.655560 1173.000000 880.000000
0 1785 0.382779 0.193750 0.030691 0.101136 0.657660 1173.000000 880.000000
0 1786 0.383632 0.192614 0.030691 0.101136 0.666670 1173.000000 880.000000
0 1787 0.385337 0.191477 0.030691 0.101136 0.688890 1173.000000 880.000000
0 1788 0.386189 0.190341 0.030691 0.101136 0.688890 1173.000000 880.000000
0 1789 0.387042 0.190341 0.030691 0.101136 0.691890 1173.000000 880.000000
0 1790 0.387894 0.189205 0.030691 0.101136 0.700000 1173.000000 880.000000
0 1791 0.388747 0.188068 0.030691 0.101136 0.711110 1173.000000 880.000000
0 1792 0.389599 0.186932 0.030691 0.101136 0.711110 1173.000000 880.000000
0 1793 0.390452 0.186932 0.030691 0.101136 0.714710 1173.000000 880.000000
0 1794 0.392157 0.185795 0.030691 0.101136 0.733330 1173.000000 880.000000
0 1795 0.393009 0.184659 0.030691 0.101136 0.744440 1173.000000 880.000000
0 1796 0.393862 0.183523 0.030691 0.101136 0.704800 1173.000000 880.000000
0 1797 0.394714 0.183523 0.030691 0.101136 0.679580 1173.000000 880.000000
0 1798 0.395567 0.182386 0.030691 0.101136 0.662460 1173.000000 880.000000
0 1799 0.396419 0.181250 0.030691 0.101136 0.640540 1173.000000 880.000000
0 1800 0.397272 0.180114 0.030691 0.101136 0.627330 1173.000000 880.000000
0 1801 0.398977 0.180114 0.030691 0.101136 0.634830 1173.000000 880.000000
0 1802 0.399403 0.178409 0.029838 0.100000 0.648560 1173.000000 880.000000
0 1803 0.400256 0.177841 0.029838 0.098864 0.661300 1173.000000 880.000000
0 1804 0.401108 0.176705 0.029838 0.098864 0.658780 1173.000000 880.000000
0 1805 0.401961 0.176136 0.029838 0.097727 0.669540 1173.000000 880.000000
0 1806 0.402387 0.175000 0.028986 0.097727 0.683740 1173.000000 880.000000
0 1807 0.403240 0.174432 0.028986 0.096591 0.709630 1173.000000 880.000000
0 1808 0.404092 0.173864 0.028986 0.095455 0.715630 1173.000000 880.000000
0 1809 0.404945 0.172159 0.028986 0.094318 0.746260 1173.000000 880.000000
0 1810 0.405797 0.171591 0.028986 0.093182 0.767640 1173.000000 880.000000
0 1811 0.406223 0.170455 0.028133 0.093182 0.775690 1173.000000 880.000000
0 1812 0.407076 0.169886 0.028133 0.092045 0.796990 1173.000000 880.000000
0 1813 0.407928 0.168750 0.028133 0.092045 0.782640 1173.000000 880.000000
0 1814 0.408781 0.168182 0.028133 0.090909 0.781050 1173.000000 880.000000
0 1815 0.410060 0.167614 0.027280 0.089773 0.777270 1173.000000 880.000000
0 1816 0.410912 0.166477 0.027280 0.089773 0.782580 1173.000000 880.000000
0 1817 0.411765 0.166477 0.027280 0.089773 0.756060 1173.000000 880.000000
0 1818 0.413043 0.166477 0.028133 0.089773 0.742650 1173.000000 880.000000
0 1819 0.414322 0.166477 0.027280 0.089773 0.754550 1173.000000 880.000000
0 1820 0.415175 0.166477 0.027280 0.089773 0.728790 1173.000000 880.000000
0 1821 0.416454 0.165341 0.028133 0.089773 0.723530 1173.000000 880.000000
0 1822 0.417732 0.165341 0.027280 0.089773 0.714020 1173.000000 880.000000
0 1823 0.418585 0.165341 0.027280 0.089773 0.706820 1173.000000 880.000000
0 1824 0.419864 0.165341 0.028133 0.089773 0.674260 1173.000000 880.000000
0 1825 0.420716 0.165341 0.028133 0.089773 0.674260 1173.000000 880.000000
0 1826 0.421995 0.165341 0.027280 0.089773 0.660610 1173.000000 880.000000
0 1827 0.423274 0.164205 0.028133 0.089773 0.665070 1173.000000 880.000000
0 1828 0.424126 0.164205 0.028133 0.089773 0.675370 1173.000000 880.000000
0 1829 0.425405 0.164205 0.027280 0.089773 0.653410 1173.000000 880.000000
0 1830 0.426684 0.164205 0.028133 0.089773 0.647060 1173.000000 880.000000
0 1831 0.427536 0.164205 0.028133 0.089773 0.637500 1173.000000 880.000000
0 1832 0.429241 0.164205 0.028133 0.089773 0.627210 1173.000000 880.000000
0 1833 0.430094 0.164205 0.028133 0.089773 0.617650 1173.000000 880.000000
0 1834 0.430946 0.164205 0.028133 0.089773 0.629410 1173.000000 880.000000
0 1835 0.431799 0.164205 0.028133 0.089773 0.608820 1173.000000 880.000000
0 1836 0.432651 0.164205 0.028133 0.089773 0.608820 1173.000000 880.000000
0 1837 0.433930 0.164205 0.027280 0.089773 0.589770 1173.000000 880.000000
0 1838 0.435209 0.165341 0.028133 0.089773 0.552210 1173.000000 880.000000
0 1839 0.436061 0.165341 0.028133 0.089773 0.552210 1173.000000 880.000000
0 1840 0.436914 0.165341 0.028133 0.089773 0.530880 1173.000000 880.000000
0 1841 0.438193 0.165341 0.027280 0.089773 0.516670 1173.000000 880.000000
0 1842 0.439045 0.165341 0.027280 0.089773 0.494700 1173.000000 880.000000
0 1843 0.439898 0.165341 0.027280 0.089773 0.494700 1173.000000 880.000000
0 1844 0.441176 0.166477 0.028133 0.089773 0.479410 1173.000000 880.000000
0 1845 0.442029 0.166477 0.028133 0.089773 0.448530 1173.000000 880.000000
0 1846 0.443308 0.166477 0.027280 0.089773 0.422350 1173.000000 880.000000
0 1847 0.444160 0.166477 0.027280 0.089773 0.399240 1173.000000 880.000000
0 1848 0.445013 0.166477 0.027280 0.089773 0.389390 1173.000000 880.000000
0 1849 0.445865 0.166477 0.027280 0.089773 0.365910 1173.000000 880.000000
0 1850 0.447570 0.167614 0.027280 0.089773 0.321210 1173.000000 880.000000
0 1851 0.448423 0.165341 0.027280 0.089773 0.342420 1173.000000 880.000000
0 1852 0.449702 0.164205 0.028133 0.089773 0.316180 1173.000000 880.000000
0 1853 0.450980 0.163068 0.027280 0.089773 0.306820 1173.000000 880.000000
0 1854 0.452259 0.161932 0.028133 0.089773 0.282350 1173.000000 880.000000
0 1855 0.453538 0.160795 0.027280 0.089773 0.260610 1173.000000 880.000000
0 1856 0.454817 0.159659 0.028133 0.089773 0.250000 1173.000000 880.000000
0 1857 0.456095 0.157386 0.027280 0.089773 0.262500 1173.000000 880.000000
0 1858 0.457374 0.156250 0.028133 0.089773 0.275000 1173.000000 880.000000
0 1859 0.458653 0.155114 0.027280 0.089773 0.275000 1173.000000 880.000000
0 1860 0.459932 0.153977 0.028133 0.089773 0.287500 1173.000000 880.000000
0 1861 0.460784 0.152841 0.028133 0.089773 0.287500 1173.000000 880.000000
0 1862 0.462489 0.151705 0.028133 0.089773 0.300000 1173.000000 880.000000
0 1863 0.463342 0.149432 0.028133 0.089773 0.312500 1173.000000 880.000000
0 1864 0.465047 0.148295 0.028133 0.089773 0.305880 1173.000000 880.000000
0 1865 0.465899 0.147159 0.028133 0.089773 0.286760 1173.000000 880.000000
0 1866 0.467604 0.146023 0.028133 0.089773 0.258090 1173.000000 880.000000
0 1867 0.468457 0.144886 0.028133 0.089773 0.248160 1173.000000 880.000000
0 1868 0.470162 0.143750 0.028133 0.089773 0.228310 1173.000000 880.000000
0 1869 0.471014 0.142614 0.028133 0.089773 0.216180 1173.000000 880.000000
0 1870 0.471867 0.142614 0.028133 0.089773 0.188600 1173.000000 880.000000
0 1871 0.472720 0.141477 0.028133 0.089773 0.175000 1173.000000 880.000000
0 1872 0.473572 0.141477 0.028133 0.089773 0.158820 1173.000000 880.000000
0 1873 0.474851 0.140341 0.027280 0.089773 0.137880 1173.000000 880.000000
0 1874 0.476130 0.140341 0.028133 0.089773 0.109190 1173.000000 880.000000
0 1875 0.476982 0.139205 0.028133 0.089773 0.092647 1173.000000 880.000000
0 1876 0.477835 0.139205 0.028133 0.089773 0.069485 1173.000000 880.000000
0 1877 0.479113 0.139205 0.027280 0.089773 0.049242 1173.000000 880.000000
0 1878 0.479966 0.138068 0.027280 0.089773 0.030682 1173.000000 880.000000
0 1879 0.480818 0.138068 0.027280 0.089773 0.009848 1173.000000 880.000000
0 1880 0.482097 0.136932 0.028133 0.089773 0.000000 1173.000000 880.000000
0 1881 0.482950 0.136932 0.028133 0.089773 0.000000 1173.000000 880.000000
0 1882 0.484228 0.135795 0.027280 0.089773 0.000000 1173.000000 880.000000
0 1883 0.485081 0.135795 0.027280 0.089773 0.000000 1173.000000 880.000000
0 1884 0.485934 0.134659 0.027280 0.089773 0.000000 1173.000000 880.000000
0 1885 0.486786 0.134659 0.027280 0.089773 0.000000 1173.000000 880.000000
0 1886 0.488491 0.134659 0.027280 0.089773 0.000000 1173.000000 880.000000
0 1887 0.489344 0.133523 0.027280 0.089773 0.021212 1173.000000 880.000000
0 1888 0.490196 0.133523 0.027280 0.089773 0.030682 1173.000000 880.000000
0 1889 0.491049 0.132386 0.027280 0.089773 0.051136 1173.000000 880.000000
0 1890 0.491901 0.132386 0.027280 0.089773 0.068939 1173.000000 880.000000
0 1891 0.492754 0.131250 0.027280 0.089773 0.088636 1173.000000 880.000000
0 1892 0.493606 0.131250 0.027280 0.089773 0.094697 1173.000000 880.000000
0 1893 0.494459 0.130114 0.027280 0.089773 0.113640 1173.000000 880.000000
0 1894 0.495311 0.130114 0.027280 0.089773 0.132580 1173.000000 880.000000
0 1895 0.496164 0.129545 0.027280 0.090909 0.149640 1173.000000 880.000000
0 1896 0.497016 0.128977 0.027280 0.089773 0.160980 1173.000000 880.000000
0 1897 0.497869 0.128409 0.027280 0.090909 0.182940 1173.000000 880.000000
0 1898 0.498721 0.127841 0.027280 0.089773 0.203410 1173.000000 880.000000
0 1899 0.499574 0.127273 0.027280 0.090909 0.213990 1173.000000 880.000000
0 1900 0.500426 0.126705 0.027280 0.089773 0.230680 1173.000000 880.000000
0 1901 0.501279 0.126136 0.027280 0.090909 0.239810 1173.000000 880.000000
0 1902 0.502131 0.126136 0.027280 0.090909 0.245790 1173.000000 880.000000
0 1903 0.502984 0.125000 0.027280 0.090909 0.256270 1173.000000 880.000000
0 1904 0.503836 0.125000 0.027280 0.090909 0.272350 1173.000000 880.000000
0 1905 0.504689 0.123864 0.027280 0.090909 0.281330 1173.000000 880.000000
0 1906 0.505541 0.123864 0.027280 0.090909 0.289940 1173.000000 880.000000
0 1907 0.506394 0.122727 0.027280 0.090909 0.280580 1173.000000 880.000000
0 1908 0.507246 0.122727 0.027280 0.090909 0.280580 1173.000000 880.000000
0 1909 0.508951 0.122727 0.027280 0.090909 0.278340 1173.000000 880.000000
0 1910 0.509804 0.121591 0.027280 0.090909 0.280580 1173.000000 880.000000
0 1911 0.510656 0.121591 0.027280 0.090909 0.269360 1173.000000 880.000000
0 1912 0.511509 0.121591 0.027280 0.090909 0.260380 1173.000000 880.000000
0 1913 0.513214 0.121591 0.027280 0.090909 0.278340 1173.000000 880.000000
0 1914 0.514066 0.121591 0.027280 0.090909 0.269730 1173.000000 880.000000
0 1915 0.514919 0.121591 0.027280 0.090909 0.270110 1173.000000 880.000000
0 1916 0.515772 0.121591 0.027280 0.090909 0.279090 1173.000000 880.000000
0 1917 0.517477 0.120455 0.027280 0.090909 0.310140 1173.000000 880.000000
0 1918 0.518329 0.120455 0.027280 0.090909 0.320240 1173.000000 880.000000
0 1919 0.519182 0.120455 0.027280 0.090909 0.318740 1173.000000 880.000000
0 1920 0.520887 0.120455 0.027280 0.090909 0.337070 1173.000000 880.000000
0 1921 0.521739 0.120455 0.027280 0.090909 0.338200 1173.000000 880.000000
0 1922 0.522592 0.120455 0.027280 0.090909 0.347920 1173.000000 880.000000
0 1923 0.523444 0.120455 0.027280 0.090909 0.353160 1173.000000 880.000000
0 1924 0.525149 0.119318 0.027280 0.090909 0.377100 1173.000000 880.000000
0 1925 0.526002 0.119318 0.027280 0.090909 0.377100 1173.000000 880.000000
0 1926 0.526854 0.119318 0.027280 0.090909 0.372620 1173.000000 880.000000
0 1927 0.527707 0.119318 0.027280 0.090909 0.381970 1173.000000 880.000000
0 1928 0.529412 0.119318 0.027280 0.090909 0.400670 1173.000000 880.000000
0 1929 0.530264 0.119318 0.027280 0.090909 0.414520 1173.000000 880.000000
0 1930 0.531117 0.119318 0.027280 0.090909 0.403290 1173.000000 880.000000
0 1931 0.532822 0.119318 0.027280 0.090909 0.421620 1173.000000 880.000000
0 1932 0.532822 0.118182 0.027280 0.090909 0.430980 1173.000000 880.000000
0 1933 0.533674 0.118182 0.027280 0.090909 0.432850 1173.000000 880.000000
0 1934 0.533674 0.118182 0.027280 0.090909 0.417880 1173.000000 880.000000
0 1935 0.534527 0.118182 0.027280 0.090909 0.414140 1173.000000 880.000000
0 1936 0.534953 0.118182 0.028133 0.090909 0.406320 1173.000000 880.000000
0 1937 0.535379 0.118182 0.027280 0.090909 0.404040 1173.000000 880.000000
0 1938 0.536232 0.118182 0.027280 0.090909 0.408160 1173.000000 880.000000
0 1939 0.536658 0.118182 0.028133 0.090909 0.400150 1173.000000 880.000000
0 1940 0.537084 0.117045 0.027280 0.090909 0.400670 1173.000000 880.000000
0 1941 0.537511 0.117045 0.028133 0.090909 0.387440 1173.000000 880.000000
0 1942 0.538363 0.117045 0.028133 0.090909 0.405590 1173.000000 880.000000
0 1943 0.538789 0.117045 0.027280 0.090909 0.403290 1173.000000 880.000000
0 1944 0.539216 0.117045 0.028133 0.090909 0.395790 1173.000000 880.000000
0 1945 0.540068 0.117045 0.028133 0.090909 0.406680 1173.000000 880.000000
0 1946 0.540068 0.117045 0.028133 0.090909 0.393250 1173.000000 880.000000
0 1947 0.540921 0.117045 0.028133 0.090909 0.396510 1173.000000 880.000000
0 1948 0.541773 0.117045 0.028133 0.090909 0.411400 1173.000000 880.000000
0 1949 0.541773 0.118182 0.028133 0.090909 0.396510 1173.000000 880.000000
0 1950 0.541773 0.119318 0.028133 0.090909 0.382350 1173.000000 880.000000
0 1951 0.541773 0.120455 0.028133 0.090909 0.368190 1173.000000 880.000000
0 1952 0.542626 0.121591 0.028133 0.090909 0.384890 1173.000000 880.000000
0 1953 0.542626 0.122727 0.028133 0.090909 0.370370 1173.000000 880.000000
0 1954 0.542626 0.123864 0.028133 0.090909 0.356570 1173.000000 880.000000
0 1955 0.542626 0.125000 0.028133 0.090909 0.344230 1173.000000 880.000000
0 1956 0.543478 0.126136 0.028133 0.090909 0.359110 1173.000000 880.000000
0 1957 0.543478 0.127273 0.028133 0.090909 0.344230 1173.000000 880.000000
0 1958 0.543478 0.128409 0.028133 0.090909 0.333330 1173.000000 880.000000
0 1959 0.543478 0.129545 0.028133 0.090909 0.318080 1173.000000 880.000000
0 1960 0.544331 0.130682 0.028133 0.090909 0.333330 1173.000000 880.000000
0 1961 0.544331 0.131818 0.028133 0.090909 0.315180 1173.000000 880.000000
0 1962 0.544331 0.132955 0.028133 0.090909 0.307550 1173.000000 880.000000
