0 1 0.534527 0.372159 0.044331 0.121591 1.000000 1173.000000 880.000000
0 2 0.533674 0.371023 0.044331 0.121591 1.000000 1173.000000 880.000000
0 3 0.532822 0.369886 0.044331 0.121591 1.000000 1173.000000 880.000000
0 4 0.531969 0.368750 0.044331 0.121591 1.000000 1173.000000 880.000000
0 5 0.531543 0.368182 0.043478 0.120455 1.000000 1173.000000 880.000000
0 6 0.530691 0.367614 0.043478 0.121591 1.000000 1173.000000 880.000000
0 7 0.530264 0.366477 0.044331 0.121591 1.000000 1173.000000 880.000000
0 8 0.529838 0.365341 0.043478 0.121591 1.000000 1173.000000 880.000000
0 9 0.528986 0.364773 0.043478 0.120455 1.000000 1173.000000 880.000000
0 10 0.528133 0.363636 0.043478 0.120455 1.000000 1173.000000 880.000000
0 11 0.527280 0.363068 0.043478 0.121591 1.000000 1173.000000 880.000000
0 12 0.526854 0.361932 0.042626 0.121591 1.000000 1173.000000 880.000000
0 13 0.526428 0.361364 0.043478 0.120455 1.000000 1173.000000 880.000000
0 14 0.525575 0.360227 0.043478 0.120455 1.000000 1173.000000 880.000000
0 15 0.525149 0.359659 0.042626 0.121591 1.000000 1173.000000 880.000000
0 16 0.524297 0.358523 0.042626 0.121591 1.000000 1173.000000 880.000000
0 17 0.523444 0.357955 0.042626 0.120455 1.000000 1173.000000 880.000000
0 18 0.523018 0.356818 0.043478 0.120455 1.000000 1173.000000 880.000000
0 19 0.522592 0.355682 0.042626 0.120455 1.000000 1173.000000 880.000000
0 20 0.521739 0.355114 0.042626 0.121591 1.000000 1173.000000 880.000000
0 21 0.520887 0.354545 0.042626 0.120455 1.000000 1173.000000 880.000000
0 22 0.520460 0.353409 0.041773 0.120455 1.000000 1173.000000 880.000000
0 23 0.519608 0.352273 0.041773 0.120455 1.000000 1173.000000 880.000000
0 24 0.519182 0.351136 0.042626 0.120455 1.000000 1173.000000 880.000000
0 25 0.518329 0.351136 0.042626 0.120455 1.000000 1173.000000 880.000000
0 26 0.517903 0.350000 0.041773 0.120455 1.000000 1173.000000 880.000000
0 27 0.517050 0.348864 0.041773 0.120455 1.000000 1173.000000 880.000000
0 28 0.516198 0.347727 0.041773 0.120455 1.000000 1173.000000 880.000000
0 29 0.516198 0.347727 0.041773 0.120455 1.000000 1173.000000 880.000000
0 30 0.515345 0.346591 0.041773 0.120455 1.000000 1173.000000 880.000000
0 31 0.515345 0.345455 0.041773 0.120455 1.000000 1173.000000 880.000000
0 32 0.515345 0.344318 0.041773 0.120455 1.000000 1173.000000 880.000000
0 33 0.515345 0.343182 0.041773 0.120455 0.688970 1173.000000 880.000000
0 34 0.514919 0.342045 0.042626 0.120455 0.676010 1173.000000 880.000000
0 35 0.514493 0.340909 0.041773 0.120455 0.688970 1173.000000 880.000000
0 36 0.514493 0.340341 0.041773 0.121591 1.000000 1173.000000 880.000000
0 37 0.514493 0.339205 0.041773 0.121591 0.711110 1173.000000 880.000000
0 38 0.514493 0.338636 0.041773 0.120455 0.708410 1173.000000 880.000000
0 39 0.514066 0.337500 0.042626 0.120455 0.695070 1173.000000 880.000000
0 40 0.514066 0.336364 0.042626 0.120455 0.714130 1173.000000 880.000000
0 41 0.513640 0.335227 0.041773 0.120455 0.711210 1173.000000 880.000000
0 42 0.513640 0.334091 0.041773 0.120455 0.730470 1173.000000 880.000000
0 43 0.513640 0.333523 0.041773 0.121591 0.730370 1173.000000 880.000000
0 44 0.513214 0.332386 0.042626 0.121591 0.716780 1173.000000 880.000000
0 45 0.513214 0.331250 0.042626 0.121591 0.738200 1173.000000 880.000000
0 46 0.512788 0.330682 0.041773 0.120455 0.730470 1173.000000 880.000000
0 47 0.512788 0.329545 0.041773 0.120455 0.749720 1173.000000 880.000000
0 48 0.512361 0.328409 0.042626 0.120455 0.735750 1173.000000 880.000000
0 49 0.512361 0.327841 0.042626 0.121591 0.738200 1173.000000 880.000000
0 50 0.512361 0.326705 0.042626 0.121591 0.754540 1173.000000 880.000000
0 51 0.512361 0.325568 0.042626 0.121591 0.754540 1173.000000 880.000000
0 52 0.511935 0.324432 0.041773 0.121591 0.749630 1173.000000 880.000000
0 53 0.511509 0.323295 0.042626 0.121591 0.735660 1173.000000 880.000000
0 54 0.511509 0.322727 0.042626 0.120455 0.733190 1173.000000 880.000000
0 55 0.511509 0.321591 0.042626 0.120455 0.733190 1173.000000 880.000000
0 56 0.511509 0.321023 0.042626 0.121591 1.000000 1173.000000 880.000000
0 57 0.511083 0.319886 0.041773 0.121591 1.000000 1173.000000 880.000000
0 58 0.510656 0.318750 0.042626 0.121591 1.000000 1173.000000 880.000000
0 59 0.510656 0.317614 0.042626 0.121591 1.000000 1173.000000 880.000000
0 60 0.510656 0.316477 0.042626 0.121591 1.000000 1173.000000 880.000000
0 61 0.510656 0.315341 0.042626 0.121591 1.000000 1173.000000 880.000000
0 62 0.510656 0.315341 0.042626 0.121591 1.000000 1173.000000 880.000000
0 63 0.509804 0.313068 0.042626 0.121591 1.000000 1173.000000 880.000000
0 64 0.509804 0.311932 0.042626 0.121591 1.000000 1173.000000 880.000000
0 65 0.509804 0.310795 0.042626 0.121591 1.000000 1173.000000 880.000000
0 66 0.509804 0.309659 0.042626 0.121591 1.000000 1173.000000 880.000000
0 67 0.509804 0.308523 0.042626 0.121591 1.000000 1173.000000 880.000000
0 68 0.509804 0.306818 0.042626 0.120455 1.000000 1173.000000 880.000000
0 69 0.509804 0.305682 0.042626 0.120455 1.000000 1173.000000 880.000000
0 70 0.509804 0.304545 0.042626 0.120455 1.000000 1173.000000 880.000000
0 71 0.509804 0.303409 0.042626 0.120455 1.000000 1173.000000 880.000000
0 72 0.509378 0.302273 0.041773 0.120455 1.000000 1173.000000 880.000000
0 73 0.509378 0.300568 0.041773 0.119318 1.000000 1173.000000 880.000000
0 74 0.509378 0.299432 0.041773 0.119318 1.000000 1173.000000 880.000000
0 75 0.509378 0.298295 0.041773 0.119318 1.000000 1173.000000 880.000000
0 76 0.509378 0.297159 0.041773 0.119318 1.000000 1173.000000 880.000000
0 77 0.509378 0.296023 0.041773 0.119318 1.000000 1173.000000 880.000000
0 78 0.509378 0.294886 0.041773 0.119318 1.000000 1173.000000 880.000000
0 79 0.509378 0.293182 0.041773 0.118182 1.000000 1173.000000 880.000000
0 80 0.509378 0.292045 0.041773 0.118182 1.000000 1173.000000 880.000000
0 81 0.508951 0.290909 0.040921 0.118182 1.000000 1173.000000 880.000000
0 82 0.508951 0.289773 0.040921 0.118182 1.000000 1173.000000 880.000000
0 83 0.508951 0.288636 0.040921 0.118182 1.000000 1173.000000 880.000000
0 84 0.508951 0.286932 0.040921 0.117045 1.000000 1173.000000 880.000000
0 85 0.508951 0.285795 0.040921 0.117045 1.000000 1173.000000 880.000000
0 86 0.508951 0.284659 0.040921 0.117045 1.000000 1173.000000 880.000000
0 87 0.508951 0.283523 0.040921 0.117045 1.000000 1173.000000 880.000000
0 88 0.508951 0.282386 0.040921 0.117045 1.000000 1173.000000 880.000000
0 89 0.508951 0.281250 0.040921 0.117045 1.000000 1173.000000 880.000000
0 90 0.508951 0.278977 0.040921 0.117045 1.000000 1173.000000 880.000000
0 91 0.508951 0.277841 0.040921 0.117045 1.000000 1173.000000 880.000000
0 92 0.508951 0.276705 0.040921 0.117045 1.000000 1173.000000 880.000000
0 93 0.509378 0.275568 0.041773 0.117045 1.000000 1173.000000 880.000000
0 94 0.509804 0.274432 0.040921 0.117045 1.000000 1173.000000 880.000000
0 95 0.509804 0.273295 0.040921 0.117045 1.000000 1173.000000 880.000000
0 96 0.509804 0.272159 0.040921 0.117045 1.000000 1173.000000 880.000000
0 97 0.510230 0.271023 0.041773 0.117045 1.000000 1173.000000 880.000000
0 98 0.510230 0.268750 0.041773 0.117045 1.000000 1173.000000 880.000000
0 99 0.510656 0.267614 0.040921 0.117045 1.000000 1173.000000 880.000000
0 100 0.511083 0.266477 0.041773 0.117045 1.000000 1173.000000 880.000000
0 101 0.511083 0.265341 0.041773 0.117045 1.000000 1173.000000 880.000000
0 102 0.511083 0.264205 0.041773 0.117045 1.000000 1173.000000 880.000000
0 103 0.511083 0.263068 0.041773 0.117045 1.000000 1173.000000 880.000000
0 104 0.511935 0.261932 0.041773 0.117045 1.000000 1173.000000 880.000000
0 105 0.511935 0.260795 0.041773 0.117045 1.000000 1173.000000 880.000000
0 106 0.511935 0.258523 0.041773 0.117045 1.000000 1173.000000 880.000000
0 107 0.512361 0.257386 0.042626 0.117045 1.000000 1173.000000 880.000000
0 108 0.512361 0.256250 0.042626 0.117045 1.000000 1173.000000 880.000000
0 109 0.512788 0.255114 0.041773 0.117045 1.000000 1173.000000 880.000000
0 110 0.512788 0.253977 0.041773 0.117045 1.000000 1173.000000 880.000000
0 111 0.513214 0.252841 0.042626 0.117045 1.000000 1173.000000 880.000000
0 112 0.513214 0.251705 0.042626 0.117045 1.000000 1173.000000 880.000000
0 113 0.513214 0.250568 0.042626 0.117045 1.000000 1173.000000 880.000000
0 114 0.514066 0.249432 0.042626 0.117045 1.000000 1173.000000 880.000000
0 115 0.514066 0.247727 0.042626 0.115909 1.000000 1173.000000 880.000000
0 116 0.514066 0.246591 0.042626 0.115909 1.000000 1173.000000 880.000000
0 117 0.514066 0.245455 0.042626 0.115909 1.000000 1173.000000 880.000000
0 118 0.514066 0.244318 0.042626 0.115909 1.000000 1173.000000 880.000000
0 119 0.514066 0.243182 0.042626 0.115909 1.000000 1173.000000 880.000000
0 120 0.514066 0.242045 0.042626 0.115909 1.000000 1173.000000 880.000000
0 121 0.514066 0.240909 0.042626 0.115909 1.000000 1173.000000 880.000000
0 122 0.514066 0.240341 0.042626 0.114773 1.000000 1173.000000 880.000000
0 123 0.514066 0.239205 0.042626 0.114773 1.000000 1173.000000 880.000000
0 124 0.514066 0.238068 0.042626 0.114773 1.000000 1173.000000 880.000000
0 125 0.514066 0.236932 0.042626 0.114773 1.000000 1173.000000 880.000000
0 126 0.514066 0.235795 0.042626 0.114773 1.000000 1173.000000 880.000000
0 127 0.514066 0.234659 0.042626 0.114773 1.000000 1173.000000 880.000000
0 128 0.514066 0.233523 0.042626 0.114773 1.000000 1173.000000 880.000000
0 129 0.514066 0.232386 0.042626 0.114773 1.000000 1173.000000 880.000000
0 130 0.514066 0.231818 0.042626 0.113636 1.000000 1173.000000 880.000000
0 131 0.514066 0.230682 0.042626 0.113636 1.000000 1173.000000 880.000000
0 132 0.514066 0.229545 0.042626 0.113636 1.000000 1173.000000 880.000000
0 133 0.514066 0.228409 0.042626 0.113636 1.000000 1173.000000 880.000000
0 134 0.514066 0.227273 0.042626 0.113636 1.000000 1173.000000 880.000000
0 135 0.514066 0.226136 0.042626 0.113636 1.000000 1173.000000 880.000000
0 136 0.514066 0.225000 0.042626 0.113636 1.000000 1173.000000 880.000000
0 137 0.514066 0.223864 0.042626 0.113636 1.000000 1173.000000 880.000000
0 138 0.514066 0.223295 0.042626 0.112500 1.000000 1173.000000 880.000000
0 139 0.514066 0.222159 0.042626 0.112500 1.000000 1173.000000 880.000000
0 140 0.514066 0.221023 0.042626 0.112500 1.000000 1173.000000 880.000000
0 141 0.514066 0.219886 0.042626 0.112500 1.000000 1173.000000 880.000000
0 142 0.514066 0.218750 0.042626 0.112500 1.000000 1173.000000 880.000000
0 143 0.514066 0.217614 0.042626 0.112500 1.000000 1173.000000 880.000000
0 144 0.514066 0.216477 0.042626 0.112500 1.000000 1173.000000 880.000000
0 145 0.514066 0.215341 0.042626 0.112500 1.000000 1173.000000 880.000000
0 146 0.514066 0.214773 0.042626 0.111364 1.000000 1173.000000 880.000000
0 147 0.514066 0.213636 0.042626 0.111364 1.000000 1173.000000 880.000000
0 148 0.514066 0.212500 0.042626 0.111364 1.000000 1173.000000 880.000000
0 149 0.514066 0.211364 0.042626 0.111364 1.000000 1173.000000 880.000000
0 150 0.514066 0.210227 0.042626 0.111364 1.000000 1173.000000 880.000000
0 151 0.514066 0.210227 0.042626 0.111364 1.000000 1173.000000 880.000000
0 152 0.514066 0.209091 0.042626 0.111364 1.000000 1173.000000 880.000000
0 153 0.514066 0.207955 0.042626 0.111364 1.000000 1173.000000 880.000000
0 154 0.514066 0.206818 0.042626 0.111364 1.000000 1173.000000 880.000000
0 155 0.514493 0.205682 0.041773 0.111364 1.000000 1173.000000 880.000000
0 156 0.514493 0.205682 0.041773 0.111364 1.000000 1173.000000 880.000000
0 157 0.514493 0.204545 0.041773 0.111364 1.000000 1173.000000 880.000000
0 158 0.514493 0.203409 0.041773 0.111364 1.000000 1173.000000 880.000000
0 159 0.514493 0.202273 0.041773 0.111364 1.000000 1173.000000 880.000000
0 160 0.514493 0.201136 0.041773 0.111364 1.000000 1173.000000 880.000000
0 161 0.514493 0.201136 0.041773 0.111364 1.000000 1173.000000 880.000000
0 162 0.514493 0.200000 0.041773 0.111364 1.000000 1173.000000 880.000000
0 163 0.514919 0.198864 0.040921 0.111364 1.000000 1173.000000 880.000000
0 164 0.514919 0.197727 0.040921 0.111364 1.000000 1173.000000 880.000000
0 165 0.514919 0.196591 0.040921 0.111364 1.000000 1173.000000 880.000000
0 166 0.514919 0.196591 0.040921 0.111364 1.000000 1173.000000 880.000000
0 167 0.514919 0.195455 0.040921 0.111364 1.000000 1173.000000 880.000000
0 168 0.514919 0.194318 0.040921 0.111364 1.000000 1173.000000 880.000000
0 169 0.514919 0.193182 0.040921 0.111364 1.000000 1173.000000 880.000000
0 170 0.514919 0.192045 0.040921 0.111364 1.000000 1173.000000 880.000000
0 171 0.514919 0.192045 0.040921 0.111364 1.000000 1173.000000 880.000000
0 172 0.515345 0.190909 0.040068 0.111364 1.000000 1173.000000 880.000000
0 173 0.515345 0.189773 0.040068 0.111364 1.000000 1173.000000 880.000000
0 174 0.515345 0.188636 0.040068 0.111364 1.000000 1173.000000 880.000000
0 175 0.515345 0.187500 0.040068 0.111364 1.000000 1173.000000 880.000000
0 176 0.515345 0.187500 0.040068 0.111364 1.000000 1173.000000 880.000000
0 177 0.515345 0.186364 0.040068 0.111364 1.000000 1173.000000 880.000000
0 178 0.515345 0.185227 0.040068 0.111364 1.000000 1173.000000 880.000000
0 179 0.515345 0.184091 0.040068 0.111364 1.000000 1173.000000 880.000000
0 180 0.515772 0.184091 0.039216 0.111364 1.000000 1173.000000 880.000000
0 181 0.515772 0.182955 0.039216 0.111364 1.000000 1173.000000 880.000000
0 182 0.515772 0.181818 0.039216 0.111364 1.000000 1173.000000 880.000000
0 183 0.515772 0.181818 0.039216 0.111364 1.000000 1173.000000 880.000000
0 184 0.515772 0.180682 0.039216 0.111364 1.000000 1173.000000 880.000000
0 185 0.515772 0.180114 0.039216 0.110227 1.000000 1173.000000 880.000000
0 186 0.515772 0.179545 0.039216 0.111364 1.000000 1173.000000 880.000000
0 187 0.515772 0.178977 0.039216 0.110227 1.000000 1173.000000 880.000000
0 188 0.515772 0.177841 0.039216 0.110227 0.984370 1173.000000 880.000000
0 189 0.516198 0.177841 0.038363 0.110227 0.968060 1173.000000 880.000000
0 190 0.516198 0.176705 0.038363 0.110227 0.951200 1173.000000 880.000000
0 191 0.516198 0.175568 0.038363 0.110227 0.939440 1173.000000 880.000000
0 192 0.516624 0.175568 0.039216 0.110227 0.917930 1173.000000 880.000000
0 193 0.516624 0.174432 0.039216 0.110227 0.913370 1173.000000 880.000000
0 194 0.516624 0.173864 0.039216 0.109091 0.901290 1173.000000 880.000000
0 195 0.516624 0.173295 0.039216 0.110227 0.896660 1173.000000 880.000000
0 196 0.516624 0.172727 0.039216 0.109091 0.887690 1173.000000 880.000000
0 197 0.517050 0.171591 0.038363 0.109091 0.882340 1173.000000 880.000000
0 198 0.517050 0.171591 0.038363 0.109091 0.877630 1173.000000 880.000000
0 199 0.517050 0.170455 0.038363 0.109091 0.877630 1173.000000 880.000000
0 200 0.517050 0.169318 0.038363 0.109091 0.889060 1173.000000 880.000000
0 201 0.517050 0.169318 0.038363 0.109091 0.886600 1173.000000 880.000000
0 202 0.517050 0.168182 0.038363 0.109091 0.896910 1173.000000 880.000000
0 203 0.517050 0.167614 0.038363 0.107955 0.916670 1173.000000 880.000000
0 204 0.517477 0.167045 0.039216 0.109091 0.926300 1173.000000 880.000000
0 205 0.517903 0.166477 0.038363 0.107955 0.948370 1173.000000 880.000000
0 206 0.517903 0.165341 0.038363 0.107955 0.961500 1173.000000 880.000000
0 207 0.517903 0.165341 0.038363 0.107955 0.971920 1173.000000 880.000000
0 208 0.517903 0.164205 0.038363 0.107955 0.980980 1173.000000 880.000000
0 209 0.517903 0.164205 0.038363 0.107955 0.983700 1173.000000 880.000000
0 210 0.517903 0.163068 0.038363 0.107955 0.995240 1173.000000 880.000000
0 211 0.517903 0.161932 0.038363 0.107955 1.000000 1173.000000 880.000000
0 212 0.517903 0.161932 0.038363 0.107955 1.000000 1173.000000 880.000000
0 213 0.517903 0.160795 0.038363 0.107955 1.000000 1173.000000 880.000000
0 214 0.518329 0.160227 0.037511 0.106818 1.000000 1173.000000 880.000000
0 215 0.518755 0.159659 0.038363 0.107955 1.000000 1173.000000 880.000000
0 216 0.518755 0.159091 0.038363 0.106818 1.000000 1173.000000 880.000000
0 217 0.518755 0.157955 0.038363 0.106818 1.000000 1173.000000 880.000000
0 218 0.518755 0.157955 0.038363 0.106818 1.000000 1173.000000 880.000000
0 219 0.518755 0.156818 0.038363 0.106818 1.000000 1173.000000 880.000000
0 220 0.518755 0.155682 0.038363 0.106818 1.000000 1173.000000 880.000000
0 221 0.518755 0.155682 0.038363 0.106818 1.000000 1173.000000 880.000000
0 222 0.519182 0.154545 0.037511 0.106818 1.000000 1173.000000 880.000000
0 223 0.519182 0.153977 0.037511 0.105682 1.000000 1173.000000 880.000000
0 224 0.519182 0.153409 0.037511 0.106818 1.000000 1173.000000 880.000000
0 225 0.519182 0.152841 0.037511 0.105682 1.000000 1173.000000 880.000000
0 226 0.519182 0.151705 0.037511 0.105682 1.000000 1173.000000 880.000000
0 227 0.519608 0.151705 0.038363 0.105682 1.000000 1173.000000 880.000000
0 228 0.519608 0.150568 0.038363 0.105682 1.000000 1173.000000 880.000000
0 229 0.519608 0.149432 0.038363 0.105682 1.000000 1173.000000 880.000000
0 230 0.520034 0.149432 0.037511 0.105682 1.000000 1173.000000 880.000000
0 231 0.520034 0.148295 0.037511 0.105682 1.000000 1173.000000 880.000000
0 232 0.520034 0.147727 0.037511 0.104545 1.000000 1173.000000 880.000000
0 233 0.520034 0.147159 0.037511 0.105682 1.000000 1173.000000 880.000000
0 234 0.520034 0.146591 0.037511 0.104545 1.000000 1173.000000 880.000000
0 235 0.520034 0.145455 0.037511 0.104545 1.000000 1173.000000 880.000000
0 236 0.520034 0.145455 0.037511 0.104545 1.000000 1173.000000 880.000000
0 237 0.520034 0.144318 0.037511 0.104545 1.000000 1173.000000 880.000000
0 238 0.520887 0.144318 0.037511 0.104545 1.000000 1173.000000 880.000000
0 239 0.520034 0.143182 0.037511 0.104545 1.000000 1173.000000 880.000000
0 240 0.520034 0.142045 0.037511 0.104545 1.000000 1173.000000 880.000000
0 241 0.520034 0.142045 0.037511 0.104545 1.000000 1173.000000 880.000000
0 242 0.520034 0.140909 0.037511 0.104545 1.000000 1173.000000 880.000000
0 243 0.520034 0.139773 0.037511 0.104545 1.000000 1173.000000 880.000000
0 244 0.520034 0.139773 0.037511 0.104545 1.000000 1173.000000 880.000000
0 245 0.520034 0.138636 0.037511 0.104545 1.000000 1173.000000 880.000000
0 246 0.520034 0.137500 0.037511 0.104545 1.000000 1173.000000 880.000000
0 247 0.519182 0.137500 0.037511 0.104545 1.000000 1173.000000 880.000000
0 248 0.519182 0.136364 0.037511 0.104545 1.000000 1173.000000 880.000000
0 249 0.519182 0.136364 0.037511 0.104545 1.000000 1173.000000 880.000000
0 250 0.519182 0.135227 0.037511 0.104545 1.000000 1173.000000 880.000000
0 251 0.519182 0.134091 0.037511 0.104545 1.000000 1173.000000 880.000000
0 252 0.519182 0.134091 0.037511 0.104545 1.000000 1173.000000 880.000000
0 253 0.519182 0.132955 0.037511 0.104545 1.000000 1173.000000 880.000000
0 254 0.519182 0.131818 0.037511 0.104545 1.000000 1173.000000 880.000000
0 255 0.519182 0.131818 0.037511 0.104545 1.000000 1173.000000 880.000000
0 256 0.518329 0.130682 0.037511 0.104545 1.000000 1173.000000 880.000000
0 257 0.518329 0.130682 0.037511 0.104545 1.000000 1173.000000 880.000000
0 258 0.518329 0.129545 0.037511 0.104545 1.000000 1173.000000 880.000000
0 259 0.518329 0.128409 0.037511 0.104545 1.000000 1173.000000 880.000000
0 260 0.518329 0.128409 0.037511 0.104545 1.000000 1173.000000 880.000000
0 261 0.518329 0.127273 0.037511 0.104545 1.000000 1173.000000 880.000000
0 262 0.518329 0.126136 0.037511 0.104545 1.000000 1173.000000 880.000000
0 263 0.518329 0.126136 0.037511 0.104545 1.000000 1173.000000 880.000000
0 264 0.518329 0.125000 0.037511 0.104545 1.000000 1173.000000 880.000000
0 265 0.517477 0.125000 0.037511 0.104545 1.000000 1173.000000 880.000000
0 266 0.517477 0.123864 0.037511 0.104545 1.000000 1173.000000 880.000000
0 267 0.517477 0.122727 0.037511 0.104545 1.000000 1173.000000 880.000000
0 268 0.517477 0.122727 0.037511 0.104545 1.000000 1173.000000 880.000000
0 269 0.517477 0.121591 0.037511 0.104545 1.000000 1173.000000 880.000000
0 270 0.517477 0.120455 0.037511 0.104545 1.000000 1173.000000 880.000000
0 271 0.517477 0.120455 0.037511 0.104545 1.000000 1173.000000 880.000000
0 272 0.517477 0.119318 0.037511 0.104545 1.000000 1173.000000 880.000000
0 273 0.517477 0.119318 0.037511 0.104545 1.000000 1173.000000 880.000000
0 274 0.517477 0.118182 0.037511 0.104545 1.000000 1173.000000 880.000000
0 275 0.517477 0.118182 0.037511 0.104545 1.000000 1173.000000 880.000000
0 276 0.517477 0.117045 0.037511 0.104545 1.000000 1173.000000 880.000000
0 277 0.517477 0.117045 0.037511 0.104545 1.000000 1173.000000 880.000000
0 278 0.517477 0.116477 0.037511 0.103409 1.000000 1173.000000 880.000000
0 279 0.517903 0.115909 0.036658 0.104545 1.000000 1173.000000 880.000000
0 280 0.517903 0.115909 0.036658 0.104545 1.000000 1173.000000 880.000000
0 281 0.517903 0.114773 0.036658 0.104545 1.000000 1173.000000 880.000000
0 282 0.517903 0.114773 0.036658 0.104545 1.000000 1173.000000 880.000000
0 283 0.517903 0.114205 0.036658 0.103409 1.000000 1173.000000 880.000000
0 284 0.517903 0.113636 0.036658 0.104545 1.000000 1173.000000 880.000000
0 285 0.518329 0.113068 0.035806 0.103409 1.000000 1173.000000 880.000000
0 286 0.518329 0.112500 0.035806 0.104545 1.000000 1173.000000 880.000000
0 287 0.518329 0.112500 0.035806 0.104545 1.000000 1173.000000 880.000000
0 288 0.518329 0.111932 0.035806 0.103409 1.000000 1173.000000 880.000000
0 289 0.518329 0.111364 0.035806 0.104545 1.000000 1173.000000 880.000000
0 290 0.518755 0.110795 0.034953 0.103409 1.000000 1173.000000 880.000000
0 291 0.518755 0.110227 0.034953 0.104545 1.000000 1173.000000 880.000000
0 292 0.518755 0.109659 0.034953 0.103409 1.000000 1173.000000 880.000000
0 293 0.518755 0.109659 0.034953 0.103409 1.000000 1173.000000 880.000000
0 294 0.518755 0.109091 0.034953 0.104545 1.000000 1173.000000 880.000000
0 295 0.518755 0.108523 0.034953 0.103409 1.000000 1173.000000 880.000000
0 296 0.519182 0.107955 0.034101 0.104545 1.000000 1173.000000 880.000000
0 297 0.519182 0.107386 0.034101 0.103409 1.000000 1173.000000 880.000000
0 298 0.519182 0.107386 0.034101 0.103409 1.000000 1173.000000 880.000000
0 299 0.519182 0.106250 0.034101 0.103409 1.000000 1173.000000 880.000000
0 300 0.519182 0.106250 0.034101 0.103409 1.000000 1173.000000 880.000000
0 301 0.519608 0.106250 0.033248 0.103409 1.000000 1173.000000 880.000000
0 302 0.519182 0.105114 0.032396 0.103409 1.000000 1173.000000 880.000000
0 303 0.519182 0.104545 0.032396 0.102273 1.000000 1173.000000 880.000000
0 304 0.519182 0.104545 0.032396 0.102273 1.000000 1173.000000 880.000000
0 305 0.519182 0.103409 0.032396 0.102273 1.000000 1173.000000 880.000000
0 306 0.519182 0.103409 0.032396 0.102273 1.000000 1173.000000 880.000000
0 307 0.519182 0.102841 0.032396 0.101136 1.000000 1173.000000 880.000000
0 308 0.519182 0.102273 0.032396 0.102273 1.000000 1173.000000 880.000000
0 309 0.519182 0.101705 0.032396 0.101136 1.000000 1173.000000 880.000000
0 310 0.519182 0.101705 0.032396 0.101136 1.000000 1173.000000 880.000000
0 311 0.519182 0.101136 0.032396 0.100000 1.000000 1173.000000 880.000000
0 312 0.519182 0.100568 0.032396 0.101136 1.000000 1173.000000 880.000000
0 313 0.519182 0.100000 0.032396 0.100000 1.000000 1173.000000 880.000000
0 314 0.519182 0.100000 0.032396 0.100000 1.000000 1173.000000 880.000000
0 315 0.519182 0.098864 0.032396 0.100000 1.000000 1173.000000 880.000000
0 316 0.519182 0.098864 0.032396 0.100000 1.000000 1173.000000 880.000000
0 317 0.519182 0.098295 0.032396 0.098864 1.000000 1173.000000 880.000000
0 318 0.519182 0.097727 0.032396 0.100000 1.000000 1173.000000 880.000000
0 319 0.519182 0.097159 0.032396 0.098864 1.000000 1173.000000 880.000000
0 320 0.519182 0.097159 0.032396 0.098864 1.000000 1173.000000 880.000000
0 321 0.519182 0.096591 0.032396 0.097727 1.000000 1173.000000 880.000000
0 322 0.519182 0.096023 0.032396 0.098864 1.000000 1173.000000 880.000000
0 323 0.519182 0.095455 0.032396 0.097727 1.000000 1173.000000 880.000000
0 324 0.519182 0.095455 0.032396 0.097727 1.000000 1173.000000 880.000000
0 325 0.519182 0.094318 0.032396 0.097727 1.000000 1173.000000 880.000000
0 326 0.519182 0.094318 0.032396 0.097727 1.000000 1173.000000 880.000000
0 327 0.519182 0.093750 0.032396 0.096591 1.000000 1173.000000 880.000000
0 328 0.519182 0.092614 0.032396 0.096591 1.000000 1173.000000 880.000000
0 329 0.519182 0.092614 0.032396 0.096591 1.000000 1173.000000 880.000000
0 330 0.519182 0.092045 0.032396 0.095455 1.000000 1173.000000 880.000000
0 331 0.519182 0.092045 0.032396 0.095455 1.000000 1173.000000 880.000000
0 332 0.519182 0.090909 0.032396 0.095455 1.000000 1173.000000 880.000000
0 333 0.519182 0.090909 0.032396 0.095455 1.000000 1173.000000 880.000000
0 334 0.519182 0.090341 0.032396 0.094318 1.000000 1173.000000 880.000000
0 335 0.519182 0.089773 0.032396 0.095455 1.000000 1173.000000 880.000000
0 336 0.519182 0.089205 0.032396 0.094318 1.000000 1173.000000 880.000000
0 337 0.519182 0.089205 0.032396 0.094318 1.000000 1173.000000 880.000000
0 338 0.519182 0.088068 0.032396 0.094318 1.000000 1173.000000 880.000000
0 339 0.519182 0.088068 0.032396 0.094318 1.000000 1173.000000 880.000000
0 340 0.519182 0.087500 0.032396 0.093182 1.000000 1173.000000 880.000000
0 341 0.519182 0.087500 0.032396 0.093182 1.000000 1173.000000 880.000000
0 342 0.519182 0.086364 0.032396 0.093182 1.000000 1173.000000 880.000000
0 343 0.519182 0.086364 0.032396 0.093182 1.000000 1173.000000 880.000000
0 344 0.519182 0.085795 0.032396 0.092045 1.000000 1173.000000 880.000000
0 345 0.519182 0.085227 0.032396 0.093182 1.000000 1173.000000 880.000000
0 346 0.519182 0.084659 0.032396 0.092045 1.000000 1173.000000 880.000000
0 347 0.519182 0.084659 0.032396 0.092045 1.000000 1173.000000 880.000000
0 348 0.519182 0.083523 0.032396 0.092045 1.000000 1173.000000 880.000000
0 349 0.519182 0.083523 0.032396 0.092045 1.000000 1173.000000 880.000000
0 350 0.519182 0.082955 0.032396 0.090909 1.000000 1173.000000 880.000000
0 351 0.519182 0.082955 0.032396 0.090909 1.000000 1173.000000 880.000000
0 352 0.518329 0.081818 0.032396 0.090909 0.995880 1173.000000 880.000000
0 353 0.518329 0.080682 0.032396 0.090909 0.996200 1173.000000 880.000000
0 354 0.518329 0.080682 0.032396 0.090909 0.995880 1173.000000 880.000000
0 355 0.518329 0.079545 0.032396 0.090909 0.995880 1173.000000 880.000000
0 356 0.518329 0.079545 0.032396 0.090909 0.991770 1173.000000 880.000000
0 357 0.518329 0.078409 0.032396 0.090909 0.991770 1173.000000 880.000000
0 358 0.517477 0.077273 0.032396 0.090909 0.987650 1173.000000 880.000000
0 359 0.517477 0.077273 0.032396 0.090909 0.986700 1173.000000 880.000000
0 360 0.517477 0.076136 0.032396 0.090909 0.987650 1173.000000 880.000000
0 361 0.517477 0.076136 0.032396 0.090909 0.986700 1173.000000 880.000000
0 362 0.517477 0.075000 0.032396 0.090909 0.986700 1173.000000 880.000000
0 363 0.517477 0.073864 0.032396 0.090909 0.986700 1173.000000 880.000000
0 364 0.517477 0.073864 0.032396 0.090909 0.986700 1173.000000 880.000000
0 365 0.516624 0.072727 0.032396 0.090909 0.982270 1173.000000 880.000000
0 366 0.516624 0.072727 0.032396 0.090909 0.981010 1173.000000 880.000000
0 367 0.516624 0.071591 0.032396 0.090909 0.981010 1173.000000 880.000000
0 368 0.516624 0.070455 0.032396 0.090909 0.982270 1173.000000 880.000000
0 369 0.516624 0.070455 0.032396 0.090909 0.981010 1173.000000 880.000000
0 370 0.516624 0.069318 0.032396 0.090909 0.981010 1173.000000 880.000000
0 371 0.515772 0.069318 0.032396 0.090909 0.971510 1173.000000 880.000000
0 372 0.515772 0.068182 0.032396 0.090909 0.971510 1173.000000 880.000000
0 373 0.515772 0.067045 0.032396 0.090909 0.971510 1173.000000 880.000000
0 374 0.515772 0.067045 0.032396 0.090909 0.969610 1173.000000 880.000000
0 375 0.515772 0.065909 0.032396 0.090909 0.971510 1173.000000 880.000000
0 376 0.515772 0.065909 0.032396 0.090909 0.969610 1173.000000 880.000000
0 377 0.515772 0.064773 0.032396 0.090909 0.969610 1173.000000 880.000000
0 378 0.514919 0.063636 0.032396 0.090909 0.964550 1173.000000 880.000000
0 379 0.514919 0.063636 0.032396 0.090909 0.964550 1173.000000 880.000000
0 380 0.514919 0.062500 0.032396 0.090909 0.964550 1173.000000 880.000000
0 381 0.514919 0.062500 0.032396 0.090909 0.962330 1173.000000 880.000000
0 382 0.514919 0.061364 0.032396 0.090909 0.962330 1173.000000 880.000000
0 383 0.514919 0.060227 0.032396 0.090909 0.692310 1173.000000 880.000000
0 384 0.514066 0.060227 0.032396 0.090909 0.956950 1173.000000 880.000000
0 385 0.514066 0.059091 0.032396 0.090909 0.666670 1173.000000 880.000000
0 386 0.514066 0.059091 0.032396 0.090909 0.951570 1173.000000 880.000000
0 387 0.514066 0.057955 0.032396 0.090909 0.666670 1173.000000 880.000000
0 388 0.514066 0.056818 0.032396 0.090909 0.666670 1173.000000 880.000000
0 389 0.514066 0.056818 0.032396 0.090909 0.666670 1173.000000 880.000000
0 390 0.514066 0.055682 0.032396 0.090909 0.692310 1173.000000 880.000000
0 391 0.513214 0.055682 0.032396 0.090909 0.935420 1173.000000 880.000000
0 392 0.513214 0.054545 0.032396 0.090909 0.935420 1173.000000 880.000000
0 393 0.513214 0.053409 0.032396 0.090909 0.694840 1173.000000 880.000000
0 394 0.513214 0.053409 0.032396 0.090909 0.930040 1173.000000 880.000000
0 395 0.513214 0.052273 0.032396 0.090909 0.929090 1173.000000 880.000000
0 396 0.513214 0.052273 0.032396 0.090909 0.924660 1173.000000 880.000000
0 397 0.512361 0.051136 0.032396 0.090909 0.918960 1173.000000 880.000000
0 398 0.512361 0.050000 0.032396 0.090909 0.918960 1173.000000 880.000000
0 399 0.512361 0.050000 0.032396 0.090909 0.913900 1173.000000 880.000000
0 400 0.512361 0.048864 0.032396 0.090909 0.913900 1173.000000 880.000000
0 401 0.512361 0.048864 0.032396 0.090909 0.908830 1173.000000 880.000000
0 402 0.512361 0.047727 0.032396 0.090909 0.908830 1173.000000 880.000000
0 403 0.512361 0.047727 0.032396 0.090909 0.903770 1173.000000 880.000000
0 404 0.511509 0.046591 0.032396 0.090909 0.891740 1173.000000 880.000000
0 405 0.511509 0.046023 0.032396 0.089773 0.891670 1173.000000 880.000000
0 406 0.511083 0.046023 0.031543 0.089773 0.882240 1173.000000 880.000000
0 407 0.510656 0.045455 0.032396 0.088636 0.873090 1173.000000 880.000000
0 408 0.510656 0.044886 0.032396 0.087500 0.864890 1173.000000 880.000000
0 409 0.510230 0.044886 0.031543 0.087500 0.856280 1173.000000 880.000000
0 410 0.510230 0.044318 0.031543 0.086364 0.854410 1173.000000 880.000000
0 411 0.509378 0.044318 0.031543 0.086364 0.836640 1173.000000 880.000000
0 412 0.509378 0.043750 0.031543 0.085227 0.826870 1173.000000 880.000000
0 413 0.509378 0.043182 0.031543 0.084091 0.826320 1173.000000 880.000000
0 414 0.508525 0.043182 0.031543 0.084091 0.808420 1173.000000 880.000000
0 415 0.508525 0.042614 0.031543 0.082955 0.798360 1173.000000 880.000000
0 416 0.508525 0.042045 0.031543 0.081818 0.800650 1173.000000 880.000000
0 417 0.508099 0.042045 0.030691 0.081818 0.784520 1173.000000 880.000000
0 418 0.507673 0.041477 0.031543 0.080682 0.779970 1173.000000 880.000000
0 419 0.507246 0.041477 0.030691 0.080682 0.757880 1173.000000 880.000000
0 420 0.507246 0.040909 0.030691 0.079545 0.757520 1173.000000 880.000000
0 421 0.506820 0.040341 0.031543 0.078409 0.751130 1173.000000 880.000000
0 422 0.506394 0.040341 0.030691 0.078409 0.735140 1173.000000 880.000000
0 423 0.506394 0.039773 0.030691 0.077273 0.727380 1173.000000 880.000000
0 424 0.506394 0.039773 0.030691 0.077273 0.721900 1173.000000 880.000000
0 425 0.505541 0.039205 0.030691 0.076136 0.704290 1173.000000 880.000000
0 426 0.505541 0.038636 0.030691 0.075000 0.701090 1173.000000 880.000000
0 427 0.505115 0.038636 0.029838 0.075000 0.683250 1173.000000 880.000000
0 428 0.504689 0.038068 0.030691 0.073864 0.688370 1173.000000 880.000000
0 429 0.504689 0.037500 0.030691 0.072727 0.689400 1173.000000 880.000000
0 430 0.504263 0.037500 0.029838 0.072727 0.671790 1173.000000 880.000000
0 431 0.504263 0.036932 0.029838 0.071591 0.673180 1173.000000 880.000000
0 432 0.503410 0.036932 0.029838 0.071591 0.657990 1173.000000 880.000000
0 433 0.503410 0.036364 0.029838 0.070455 0.659610 1173.000000 880.000000
0 434 0.503410 0.035795 0.029838 0.069318 0.661740 1173.000000 880.000000
0 435 0.502558 0.035795 0.029838 0.069318 0.637100 1173.000000 880.000000
0 436 0.502558 0.035227 0.029838 0.068182 0.647540 1173.000000 880.000000
0 437 0.502558 0.034659 0.029838 0.067045 0.632870 1173.000000 880.000000
0 438 0.502131 0.034659 0.028986 0.067045 0.628100 1173.000000 880.000000
0 439 0.501705 0.034091 0.029838 0.065909 0.627120 1173.000000 880.000000
0 440 0.501279 0.034091 0.028986 0.065909 0.612590 1173.000000 880.000000
0 441 0.501279 0.033523 0.028986 0.064773 0.606900 1173.000000 880.000000
0 442 0.500853 0.032955 0.029838 0.063636 0.603310 1173.000000 880.000000
0 443 0.500426 0.032955 0.028986 0.063636 0.597490 1173.000000 880.000000
0 444 0.500426 0.032386 0.028986 0.062500 0.601530 1173.000000 880.000000
