0 1413 0.860614 0.985227 0.038363 0.031818 0.965520 1173.000000 880.000000
0 1414 0.859335 0.983523 0.039216 0.035227 0.968750 1173.000000 880.000000
0 1415 0.858056 0.981818 0.040068 0.038636 0.971430 1173.000000 880.000000
0 1416 0.856777 0.980114 0.040921 0.042045 0.973680 1173.000000 880.000000
0 1417 0.855499 0.978409 0.041773 0.045455 0.975610 1173.000000 880.000000
0 1418 0.854220 0.976705 0.042626 0.048864 0.977270 1173.000000 880.000000
0 1419 0.852941 0.975000 0.043478 0.052273 0.978720 1173.000000 880.000000
0 1420 0.851662 0.973864 0.044331 0.054545 0.979590 1173.000000 880.000000
0 1421 0.850384 0.972159 0.045183 0.057955 0.980770 1173.000000 880.000000
0 1422 0.849105 0.970455 0.046036 0.061364 0.981820 1173.000000 880.000000
0 1423 0.847826 0.968750 0.046888 0.064773 0.982760 1173.000000 880.000000
0 1424 0.846547 0.967045 0.047741 0.068182 0.983610 1173.000000 880.000000
0 1425 0.845269 0.965341 0.048593 0.071591 0.984380 1173.000000 880.000000
0 1426 0.843990 0.964205 0.049446 0.073864 0.984850 1173.000000 880.000000
0 1427 0.842711 0.962500 0.050298 0.077273 0.985510 1173.000000 880.000000
0 1428 0.841432 0.960795 0.051151 0.080682 0.986110 1173.000000 880.000000
0 1429 0.840153 0.959091 0.052003 0.084091 0.986670 1173.000000 880.000000
0 1430 0.838875 0.957386 0.052856 0.087500 0.987180 1173.000000 880.000000
0 1431 0.837596 0.955682 0.053708 0.090909 0.987650 1173.000000 880.000000
0 1432 0.837170 0.954545 0.054561 0.093182 0.987950 1173.000000 880.000000
0 1433 0.835465 0.952841 0.054561 0.096591 0.988370 1173.000000 880.000000
0 1434 0.834612 0.951136 0.054561 0.100000 0.988760 1173.000000 880.000000
0 1435 0.833760 0.950000 0.054561 0.102273 0.989010 1173.000000 880.000000
0 1436 0.832907 0.948295 0.054561 0.105682 0.989360 1173.000000 880.000000
0 1437 0.832055 0.946591 0.054561 0.109091 0.989690 1173.000000 880.000000
0 1438 0.831202 0.945455 0.054561 0.111364 0.989900 1173.000000 880.000000
0 1439 0.830350 0.943750 0.054561 0.114773 0.990200 1173.000000 880.000000
0 1440 0.828645 0.942045 0.054561 0.118182 0.990480 1173.000000 880.000000
0 1441 0.827792 0.940909 0.054561 0.120455 0.990650 1173.000000 880.000000
0 1442 0.826939 0.939205 0.054561 0.123864 0.990910 1173.000000 880.000000
0 1443 0.826087 0.937500 0.054561 0.127273 0.991150 1173.000000 880.000000
0 1444 0.825234 0.936364 0.054561 0.129545 0.991300 1173.000000 880.000000
0 1445 0.824382 0.934659 0.054561 0.132955 0.991530 1173.000000 880.000000
0 1446 0.823529 0.932955 0.054561 0.136364 0.991740 1173.000000 880.000000
0 1447 0.822677 0.931818 0.054561 0.138636 0.991870 1173.000000 880.000000
0 1448 0.820972 0.928977 0.054561 0.139773 0.873080 1173.000000 880.000000
0 1449 0.820119 0.926705 0.054561 0.142045 0.841030 1173.000000 880.000000
0 1450 0.819267 0.924432 0.054561 0.142045 0.809040 1173.000000 880.000000
0 1451 0.817988 0.922159 0.055413 0.144318 0.793090 1173.000000 880.000000
0 1452 0.817136 0.920455 0.055413 0.145455 0.762270 1173.000000 880.000000
0 1453 0.816283 0.917614 0.055413 0.146591 0.731930 1173.000000 880.000000
0 1454 0.815431 0.915909 0.055413 0.147727 0.702060 1173.000000 880.000000
0 1455 0.813725 0.913636 0.055413 0.150000 0.696060 1173.000000 880.000000
0 1456 0.812873 0.910795 0.055413 0.151136 0.670740 1173.000000 880.000000
0 1457 0.812020 0.909091 0.055413 0.152273 0.642540 1173.000000 880.000000
0 1458 0.810742 0.906818 0.056266 0.154545 0.619130 1173.000000 880.000000
0 1459 0.809889 0.904545 0.056266 0.154545 0.603440 1173.000000 880.000000
0 1460 0.809037 0.902273 0.056266 0.156818 0.579830 1173.000000 880.000000
0 1461 0.808184 0.900568 0.056266 0.157955 0.553730 1173.000000 880.000000
0 1462 0.806905 0.897159 0.055413 0.157955 0.547290 1173.000000 880.000000
0 1463 0.806053 0.894886 0.055413 0.157955 0.518400 1173.000000 880.000000
0 1464 0.805200 0.891477 0.055413 0.157955 0.495240 1173.000000 880.000000
0 1465 0.804774 0.889205 0.054561 0.157955 0.458460 1173.000000 880.000000
0 1466 0.803922 0.886364 0.054561 0.156818 0.438410 1173.000000 880.000000
0 1467 0.803069 0.883523 0.054561 0.157955 0.414070 1173.000000 880.000000
0 1468 0.802217 0.880682 0.054561 0.156818 0.388490 1173.000000 880.000000
0 1469 0.801790 0.878409 0.053708 0.156818 0.414570 1173.000000 880.000000
0 1470 0.800938 0.875000 0.053708 0.156818 0.449530 1173.000000 880.000000
0 1471 0.800085 0.872727 0.053708 0.156818 0.477520 1173.000000 880.000000
0 1472 0.799233 0.869318 0.053708 0.156818 0.502250 1173.000000 880.000000
0 1473 0.798806 0.867045 0.052856 0.156818 0.537510 1173.000000 880.000000
0 1474 0.797954 0.864205 0.052856 0.155682 0.567520 1173.000000 880.000000
0 1475 0.797101 0.861364 0.052856 0.156818 0.598040 1173.000000 880.000000
0 1476 0.796249 0.858523 0.052856 0.155682 0.623190 1173.000000 880.000000
0 1477 0.795823 0.856250 0.052003 0.155682 0.653580 1173.000000 880.000000
0 1478 0.794970 0.853409 0.052003 0.156818 0.687280 1173.000000 880.000000
0 1479 0.794118 0.851705 0.052003 0.157955 0.716130 1173.000000 880.000000
0 1480 0.793265 0.849432 0.052003 0.157955 0.733870 1173.000000 880.000000
0 1481 0.792413 0.847727 0.052003 0.159091 0.762180 1173.000000 880.000000
0 1482 0.791560 0.846023 0.052003 0.160227 0.790100 1173.000000 880.000000
0 1483 0.790708 0.843750 0.052003 0.160227 0.816330 1173.000000 880.000000
0 1484 0.789855 0.842045 0.052003 0.161364 0.834990 1173.000000 880.000000
0 1485 0.789003 0.839773 0.052003 0.161364 0.862850 1173.000000 880.000000
0 1486 0.789003 0.838068 0.052003 0.162500 0.896510 1173.000000 880.000000
0 1487 0.788150 0.836364 0.052003 0.163636 0.922910 1173.000000 880.000000
0 1488 0.787298 0.834091 0.052003 0.163636 0.940820 1173.000000 880.000000
0 1489 0.786445 0.832386 0.052003 0.164773 0.965970 1173.000000 880.000000
0 1490 0.785592 0.830114 0.052003 0.164773 0.991600 1173.000000 880.000000
0 1491 0.784740 0.828409 0.052003 0.165909 1.000000 1173.000000 880.000000
0 1492 0.783887 0.826705 0.052003 0.167045 1.000000 1173.000000 880.000000
0 1493 0.783035 0.824432 0.052003 0.167045 1.000000 1173.000000 880.000000
0 1494 0.782182 0.822727 0.052003 0.168182 1.000000 1173.000000 880.000000
0 1495 0.782182 0.821023 0.052003 0.169318 1.000000 1173.000000 880.000000
0 1496 0.781330 0.817045 0.052003 0.168182 1.000000 1173.000000 880.000000
0 1497 0.781330 0.813636 0.052003 0.168182 1.000000 1173.000000 880.000000
0 1498 0.780904 0.810227 0.051151 0.165909 1.000000 1173.000000 880.000000
0 1499 0.780904 0.806818 0.051151 0.165909 1.000000 1173.000000 880.000000
0 1500 0.780477 0.802841 0.050298 0.164773 1.000000 1173.000000 880.000000
0 1501 0.780477 0.800000 0.050298 0.163636 1.000000 1173.000000 880.000000
0 1502 0.779625 0.796591 0.050298 0.163636 1.000000 1173.000000 880.000000
0 1503 0.779625 0.793750 0.050298 0.162500 1.000000 1173.000000 880.000000
0 1504 0.779199 0.791477 0.049446 0.162500 1.000000 1173.000000 880.000000
0 1505 0.778772 0.788636 0.050298 0.161364 1.000000 1173.000000 880.000000
0 1506 0.778346 0.785795 0.049446 0.160227 1.000000 1173.000000 880.000000
0 1507 0.778346 0.782955 0.049446 0.161364 1.000000 1173.000000 880.000000
0 1508 0.777494 0.780114 0.049446 0.160227 1.000000 1173.000000 880.000000
0 1509 0.777494 0.777841 0.049446 0.160227 1.000000 1173.000000 880.000000
0 1510 0.777067 0.775000 0.048593 0.159091 1.000000 1173.000000 880.000000
0 1511 0.776641 0.772159 0.049446 0.157955 1.000000 1173.000000 880.000000
0 1512 0.776215 0.769318 0.048593 0.159091 1.000000 1173.000000 880.000000
0 1513 0.776215 0.766477 0.048593 0.157955 1.000000 1173.000000 880.000000
0 1514 0.775362 0.763636 0.048593 0.156818 1.000000 1173.000000 880.000000
0 1515 0.775362 0.761364 0.048593 0.156818 1.000000 1173.000000 880.000000
0 1516 0.774936 0.758523 0.047741 0.155682 1.000000 1173.000000 880.000000
0 1517 0.774936 0.756250 0.047741 0.155682 1.000000 1173.000000 880.000000
0 1518 0.774510 0.753409 0.046888 0.154545 1.000000 1173.000000 880.000000
0 1519 0.774510 0.751136 0.046888 0.154545 1.000000 1173.000000 880.000000
0 1520 0.774510 0.748295 0.046888 0.153409 1.000000 1173.000000 880.000000
0 1521 0.774084 0.746023 0.046036 0.153409 1.000000 1173.000000 880.000000
0 1522 0.774084 0.743182 0.046036 0.152273 1.000000 1173.000000 880.000000
0 1523 0.774084 0.741477 0.046036 0.151136 1.000000 1173.000000 880.000000
0 1524 0.773657 0.738636 0.045183 0.150000 1.000000 1173.000000 880.000000
0 1525 0.773657 0.736364 0.045183 0.150000 1.000000 1173.000000 880.000000
0 1526 0.773657 0.734091 0.045183 0.150000 1.000000 1173.000000 880.000000
0 1527 0.773231 0.731250 0.044331 0.148864 1.000000 1173.000000 880.000000
0 1528 0.773231 0.729545 0.044331 0.147727 1.000000 1173.000000 880.000000
0 1529 0.773231 0.726705 0.044331 0.146591 1.000000 1173.000000 880.000000
0 1530 0.772805 0.724432 0.043478 0.146591 1.000000 1173.000000 880.000000
0 1531 0.772805 0.721591 0.043478 0.145455 1.000000 1173.000000 880.000000
0 1532 0.772805 0.719318 0.043478 0.145455 1.000000 1173.000000 880.000000
0 1533 0.773231 0.717614 0.042626 0.144318 1.000000 1173.000000 880.000000
0 1534 0.772379 0.715341 0.042626 0.144318 1.000000 1173.000000 880.000000
0 1535 0.772379 0.713068 0.042626 0.144318 1.000000 1173.000000 880.000000
0 1536 0.772379 0.710795 0.042626 0.144318 1.000000 1173.000000 880.000000
0 1537 0.772379 0.708523 0.042626 0.144318 1.000000 1173.000000 880.000000
0 1538 0.771526 0.706250 0.042626 0.144318 1.000000 1173.000000 880.000000
0 1539 0.771526 0.703977 0.042626 0.144318 1.000000 1173.000000 880.000000
0 1540 0.771526 0.701705 0.042626 0.144318 1.000000 1173.000000 880.000000
0 1541 0.771526 0.699432 0.042626 0.144318 1.000000 1173.000000 880.000000
0 1542 0.770673 0.697159 0.042626 0.144318 1.000000 1173.000000 880.000000
0 1543 0.770673 0.694886 0.042626 0.144318 1.000000 1173.000000 880.000000
0 1544 0.770673 0.692614 0.042626 0.144318 1.000000 1173.000000 880.000000
0 1545 0.770673 0.690341 0.042626 0.144318 1.000000 1173.000000 880.000000
0 1546 0.769821 0.688068 0.042626 0.144318 1.000000 1173.000000 880.000000
0 1547 0.769821 0.685795 0.042626 0.144318 1.000000 1173.000000 880.000000
0 1548 0.769821 0.683523 0.042626 0.144318 1.000000 1173.000000 880.000000
0 1549 0.769821 0.681818 0.042626 0.145455 1.000000 1173.000000 880.000000
0 1550 0.768968 0.678409 0.042626 0.145455 1.000000 1173.000000 880.000000
0 1551 0.768116 0.676136 0.042626 0.145455 1.000000 1173.000000 880.000000
0 1552 0.768116 0.673864 0.042626 0.145455 1.000000 1173.000000 880.000000
0 1553 0.767263 0.671591 0.042626 0.145455 1.000000 1173.000000 880.000000
0 1554 0.766411 0.669318 0.042626 0.145455 1.000000 1173.000000 880.000000
0 1555 0.766411 0.667045 0.042626 0.145455 1.000000 1173.000000 880.000000
0 1556 0.765558 0.663636 0.042626 0.145455 1.000000 1173.000000 880.000000
0 1557 0.765558 0.661364 0.042626 0.145455 1.000000 1173.000000 880.000000
0 1558 0.764706 0.659091 0.042626 0.145455 1.000000 1173.000000 880.000000
0 1559 0.763853 0.656818 0.042626 0.145455 1.000000 1173.000000 880.000000
0 1560 0.763853 0.654545 0.042626 0.145455 1.000000 1173.000000 880.000000
0 1561 0.763001 0.652273 0.042626 0.145455 1.000000 1173.000000 880.000000
0 1562 0.763001 0.648864 0.042626 0.145455 1.000000 1173.000000 880.000000
0 1563 0.762148 0.646591 0.042626 0.145455 1.000000 1173.000000 880.000000
0 1564 0.761296 0.644318 0.042626 0.145455 1.000000 1173.000000 880.000000
0 1565 0.761296 0.642045 0.042626 0.145455 1.000000 1173.000000 880.000000
0 1566 0.760443 0.639773 0.042626 0.145455 1.000000 1173.000000 880.000000
0 1567 0.760443 0.637500 0.042626 0.145455 1.000000 1173.000000 880.000000
0 1568 0.760443 0.635227 0.042626 0.145455 1.000000 1173.000000 880.000000
0 1569 0.760443 0.632955 0.042626 0.145455 1.000000 1173.000000 880.000000
0 1570 0.760443 0.631250 0.042626 0.144318 1.000000 1173.000000 880.000000
0 1571 0.760443 0.628977 0.042626 0.144318 1.000000 1173.000000 880.000000
0 1572 0.760443 0.627841 0.042626 0.144318 1.000000 1173.000000 880.000000
0 1573 0.760443 0.625568 0.042626 0.144318 1.000000 1173.000000 880.000000
0 1574 0.760443 0.623295 0.042626 0.144318 1.000000 1173.000000 880.000000
0 1575 0.760443 0.621591 0.042626 0.143182 1.000000 1173.000000 880.000000
0 1576 0.760443 0.619886 0.042626 0.144318 1.000000 1173.000000 880.000000
0 1577 0.760443 0.618182 0.042626 0.143182 1.000000 1173.000000 880.000000
0 1578 0.760870 0.615909 0.041773 0.143182 1.000000 1173.000000 880.000000
0 1579 0.760870 0.613636 0.041773 0.143182 1.000000 1173.000000 880.000000
0 1580 0.760870 0.611932 0.041773 0.142045 1.000000 1173.000000 880.000000
0 1581 0.760870 0.610227 0.041773 0.143182 1.000000 1173.000000 880.000000
0 1582 0.760870 0.608523 0.041773 0.142045 1.000000 1173.000000 880.000000
0 1583 0.760870 0.606250 0.041773 0.142045 1.000000 1173.000000 880.000000
0 1584 0.760870 0.603977 0.041773 0.142045 1.000000 1173.000000 880.000000
0 1585 0.760870 0.602841 0.041773 0.142045 1.000000 1173.000000 880.000000
0 1586 0.760870 0.600568 0.041773 0.142045 1.000000 1173.000000 880.000000
0 1587 0.760870 0.598864 0.041773 0.140909 1.000000 1173.000000 880.000000
0 1588 0.760870 0.596591 0.041773 0.140909 1.000000 1173.000000 880.000000
0 1589 0.761296 0.595455 0.040921 0.140909 1.000000 1173.000000 880.000000
0 1590 0.761296 0.593182 0.040921 0.140909 1.000000 1173.000000 880.000000
0 1591 0.761296 0.592045 0.040921 0.140909 1.000000 1173.000000 880.000000
0 1592 0.762148 0.589773 0.040921 0.140909 1.000000 1173.000000 880.000000
0 1593 0.762148 0.588636 0.040921 0.140909 1.000000 1173.000000 880.000000
0 1594 0.763001 0.586364 0.040921 0.140909 1.000000 1173.000000 880.000000
0 1595 0.763001 0.585227 0.040921 0.140909 1.000000 1173.000000 880.000000
0 1596 0.763853 0.582955 0.040921 0.140909 1.000000 1173.000000 880.000000
0 1597 0.763853 0.581818 0.040921 0.140909 1.000000 1173.000000 880.000000
0 1598 0.764706 0.579545 0.040921 0.140909 1.000000 1173.000000 880.000000
0 1599 0.764706 0.578409 0.040921 0.140909 1.000000 1173.000000 880.000000
0 1600 0.764706 0.576136 0.040921 0.140909 1.000000 1173.000000 880.000000
0 1601 0.765558 0.575000 0.040921 0.140909 1.000000 1173.000000 880.000000
0 1602 0.765558 0.572727 0.040921 0.140909 1.000000 1173.000000 880.000000
0 1603 0.766411 0.571591 0.040921 0.140909 1.000000 1173.000000 880.000000
0 1604 0.766411 0.569318 0.040921 0.140909 1.000000 1173.000000 880.000000
0 1605 0.767263 0.568182 0.040921 0.140909 1.000000 1173.000000 880.000000
0 1606 0.767263 0.565909 0.040921 0.140909 1.000000 1173.000000 880.000000
0 1607 0.768116 0.564773 0.040921 0.140909 1.000000 1173.000000 880.000000
0 1608 0.768116 0.562500 0.040921 0.140909 1.000000 1173.000000 880.000000
0 1609 0.768116 0.561364 0.040921 0.140909 1.000000 1173.000000 880.000000
0 1610 0.768116 0.560227 0.040921 0.140909 1.000000 1173.000000 880.000000
0 1611 0.768116 0.559091 0.040921 0.140909 1.000000 1173.000000 880.000000
0 1612 0.768968 0.557955 0.040921 0.140909 1.000000 1173.000000 880.000000
0 1613 0.768968 0.556818 0.040921 0.140909 1.000000 1173.000000 880.000000
0 1614 0.768968 0.555682 0.040921 0.140909 1.000000 1173.000000 880.000000
0 1615 0.768968 0.554545 0.040921 0.140909 1.000000 1173.000000 880.000000
0 1616 0.769821 0.553409 0.040921 0.140909 1.000000 1173.000000 880.000000
0 1617 0.769821 0.552273 0.040921 0.140909 1.000000 1173.000000 880.000000
0 1618 0.769821 0.551136 0.040921 0.140909 1.000000 1173.000000 880.000000
0 1619 0.769821 0.550000 0.040921 0.140909 1.000000 1173.000000 880.000000
0 1620 0.770673 0.548864 0.040921 0.140909 1.000000 1173.000000 880.000000
0 1621 0.770673 0.547727 0.040921 0.140909 1.000000 1173.000000 880.000000
0 1622 0.770673 0.546591 0.040921 0.140909 1.000000 1173.000000 880.000000
0 1623 0.770673 0.545455 0.040921 0.140909 1.000000 1173.000000 880.000000
0 1624 0.771526 0.544318 0.040921 0.140909 1.000000 1173.000000 880.000000
0 1625 0.771526 0.542045 0.040921 0.140909 1.000000 1173.000000 880.000000
0 1626 0.771526 0.540909 0.040921 0.140909 1.000000 1173.000000 880.000000
0 1627 0.771526 0.539205 0.040921 0.139773 1.000000 1173.000000 880.000000
0 1628 0.771526 0.538068 0.040921 0.139773 1.000000 1173.000000 880.000000
0 1629 0.771526 0.536364 0.040921 0.138636 1.000000 1173.000000 880.000000
0 1630 0.771526 0.535227 0.040921 0.138636 1.000000 1173.000000 880.000000
0 1631 0.771526 0.534091 0.040921 0.138636 1.000000 1173.000000 880.000000
0 1632 0.771526 0.532386 0.040921 0.137500 1.000000 1173.000000 880.000000
0 1633 0.771526 0.530682 0.040921 0.138636 0.999500 1173.000000 880.000000
0 1634 0.771526 0.528977 0.040921 0.137500 0.999000 1173.000000 880.000000
0 1635 0.771526 0.527841 0.040921 0.137500 0.997990 1173.000000 880.000000
0 1636 0.771526 0.526705 0.040921 0.137500 0.997490 1173.000000 880.000000
0 1637 0.771526 0.525000 0.040921 0.136364 0.997300 1173.000000 880.000000
0 1638 0.771526 0.523864 0.040921 0.136364 0.995780 1173.000000 880.000000
0 1639 0.771526 0.522159 0.040921 0.135227 0.995750 1173.000000 880.000000
0 1640 0.771526 0.521023 0.040921 0.135227 0.993880 1173.000000 880.000000
0 1641 0.771526 0.519886 0.040921 0.135227 0.991670 1173.000000 880.000000
0 1642 0.770673 0.517614 0.040921 0.135227 0.992860 1173.000000 880.000000
0 1643 0.770673 0.516477 0.040921 0.135227 0.991670 1173.000000 880.000000
0 1644 0.770673 0.515341 0.040921 0.135227 0.989120 1173.000000 880.000000
0 1645 0.770673 0.514205 0.040921 0.135227 0.986220 1173.000000 880.000000
0 1646 0.770247 0.511932 0.041773 0.135227 0.986500 1173.000000 880.000000
0 1647 0.770247 0.510795 0.041773 0.135227 0.983330 1173.000000 880.000000
0 1648 0.770247 0.509659 0.041773 0.135227 0.981670 1173.000000 880.000000
0 1649 0.769821 0.508523 0.040921 0.135227 0.979420 1173.000000 880.000000
0 1650 0.769821 0.507386 0.040921 0.135227 0.977550 1173.000000 880.000000
0 1651 0.769395 0.505114 0.041773 0.135227 0.976000 1173.000000 880.000000
0 1652 0.769395 0.503977 0.041773 0.135227 0.971830 1173.000000 880.000000
0 1653 0.769395 0.502841 0.041773 0.135227 0.971830 1173.000000 880.000000
0 1654 0.769395 0.501705 0.041773 0.135227 0.967330 1173.000000 880.000000
0 1655 0.769395 0.500568 0.041773 0.135227 0.967330 1173.000000 880.000000
0 1656 0.768542 0.498295 0.041773 0.135227 0.971830 1173.000000 880.000000
0 1657 0.768542 0.497159 0.041773 0.135227 0.971830 1173.000000 880.000000
0 1658 0.768542 0.496023 0.041773 0.135227 0.971830 1173.000000 880.000000
0 1659 0.768542 0.494886 0.041773 0.135227 0.971830 1173.000000 880.000000
0 1660 0.768542 0.493750 0.041773 0.135227 0.971830 1173.000000 880.000000
0 1661 0.768116 0.491477 0.042626 0.135227 0.974510 1173.000000 880.000000
0 1662 0.768116 0.490341 0.042626 0.135227 0.974510 1173.000000 880.000000
0 1663 0.767690 0.489205 0.041773 0.135227 0.976000 1173.000000 880.000000
0 1664 0.767690 0.488068 0.041773 0.135227 0.974000 1173.000000 880.000000
0 1665 0.767690 0.486932 0.041773 0.135227 0.972000 1173.000000 880.000000
0 1666 0.767263 0.484659 0.042626 0.135227 0.972550 1173.000000 880.000000
0 1667 0.767263 0.483523 0.042626 0.135227 0.970590 1173.000000 880.000000
0 1668 0.767263 0.482386 0.042626 0.135227 0.968630 1173.000000 880.000000
0 1669 0.767263 0.481250 0.042626 0.135227 0.968630 1173.000000 880.000000
0 1670 0.767263 0.480114 0.042626 0.135227 0.966670 1173.000000 880.000000
0 1671 0.765558 0.477841 0.042626 0.135227 0.972220 1173.000000 880.000000
0 1672 0.763853 0.476705 0.042626 0.135227 0.976470 1173.000000 880.000000
0 1673 0.763001 0.474432 0.042626 0.135227 0.979410 1173.000000 880.000000
0 1674 0.761296 0.473295 0.042626 0.135227 0.984480 1173.000000 880.000000
0 1675 0.760443 0.472159 0.042626 0.135227 0.987580 1173.000000 880.000000
0 1676 0.758738 0.469886 0.042626 0.135227 0.993790 1173.000000 880.000000
0 1677 0.757886 0.468750 0.042626 0.135227 0.996730 1173.000000 880.000000
0 1678 0.756181 0.466477 0.042626 0.135227 1.000000 1173.000000 880.000000
0 1679 0.755328 0.465341 0.042626 0.135227 1.000000 1173.000000 880.000000
0 1680 0.753623 0.464205 0.042626 0.135227 1.000000 1173.000000 880.000000
0 1681 0.752771 0.461932 0.042626 0.135227 1.000000 1173.000000 880.000000
0 1682 0.751066 0.460795 0.042626 0.135227 1.000000 1173.000000 880.000000
0 1683 0.750213 0.459659 0.042626 0.135227 1.000000 1173.000000 880.000000
0 1684 0.748082 0.457386 0.041773 0.135227 1.000000 1173.000000 880.000000
0 1685 0.746377 0.455682 0.041773 0.134091 1.000000 1173.000000 880.000000
0 1686 0.745098 0.453977 0.040921 0.132955 1.000000 1173.000000 880.000000
0 1687 0.743393 0.452273 0.040921 0.131818 1.000000 1173.000000 880.000000
0 1688 0.742114 0.450568 0.040068 0.130682 1.000000 1173.000000 880.000000
0 1689 0.739983 0.448295 0.039216 0.130682 1.000000 1173.000000 880.000000
0 1690 0.738704 0.446591 0.038363 0.129545 1.000000 1173.000000 880.000000
0 1691 0.736999 0.444886 0.038363 0.128409 1.000000 1173.000000 880.000000
0 1692 0.735294 0.443182 0.038363 0.127273 1.000000 1173.000000 880.000000
0 1693 0.734015 0.441477 0.037511 0.126136 0.998410 1173.000000 880.000000
0 1694 0.731884 0.439205 0.036658 0.126136 0.995940 1173.000000 880.000000
0 1695 0.730605 0.437500 0.035806 0.125000 0.994970 1173.000000 880.000000
0 1696 0.728900 0.435795 0.035806 0.123864 0.995350 1173.000000 880.000000
0 1697 0.727621 0.434091 0.034953 0.122727 0.996940 1173.000000 880.000000
0 1698 0.725916 0.432386 0.034953 0.121591 0.996250 1173.000000 880.000000
0 1699 0.724638 0.431250 0.034101 0.121591 0.995480 1173.000000 880.000000
0 1700 0.722933 0.428977 0.034101 0.121591 1.000000 1173.000000 880.000000
0 1701 0.722080 0.427841 0.034101 0.121591 0.994350 1173.000000 880.000000
0 1702 0.721228 0.426705 0.034101 0.121591 0.993680 1173.000000 880.000000
0 1703 0.719523 0.425568 0.034101 0.121591 0.993000 1173.000000 880.000000
0 1704 0.718670 0.424432 0.034101 0.121591 0.992320 1173.000000 880.000000
0 1705 0.717818 0.423295 0.034101 0.121591 0.959800 1173.000000 880.000000
0 1706 0.716113 0.422159 0.034101 0.121591 0.910120 1173.000000 880.000000
0 1707 0.715260 0.421023 0.034101 0.121591 0.885730 1173.000000 880.000000
0 1708 0.714408 0.419886 0.034101 0.121591 0.861790 1173.000000 880.000000
0 1709 0.712702 0.418750 0.034101 0.121591 0.806230 1173.000000 880.000000
0 1710 0.711850 0.417614 0.034101 0.121591 0.782520 1173.000000 880.000000
0 1711 0.710997 0.416477 0.034101 0.121591 0.758810 1173.000000 880.000000
0 1712 0.710145 0.415341 0.034101 0.121591 0.735090 1173.000000 880.000000
0 1713 0.708440 0.413068 0.034101 0.121591 0.694220 1173.000000 880.000000
0 1714 0.706735 0.410795 0.034101 0.121591 0.646340 1173.000000 880.000000
0 1715 0.705882 0.408523 0.034101 0.121591 0.628270 1173.000000 880.000000
0 1716 0.704177 0.406250 0.034101 0.121591 0.585370 1173.000000 880.000000
0 1717 0.703325 0.403977 0.034101 0.121591 0.560980 1173.000000 880.000000
0 1718 0.701620 0.401705 0.034101 0.121591 0.512200 1173.000000 880.000000
0 1719 0.700767 0.400568 0.034101 0.121591 0.487800 1173.000000 880.000000
0 1720 0.699062 0.398295 0.034101 0.121591 0.439020 1173.000000 880.000000
0 1721 0.698210 0.396023 0.034101 0.121591 0.414630 1173.000000 880.000000
0 1722 0.696505 0.393750 0.034101 0.121591 0.365850 1173.000000 880.000000
0 1723 0.695652 0.391477 0.034101 0.121591 0.341460 1173.000000 880.000000
0 1724 0.693947 0.389205 0.034101 0.121591 0.292680 1173.000000 880.000000
0 1725 0.693095 0.388068 0.034101 0.121591 0.243900 1173.000000 880.000000
0 1726 0.692242 0.385795 0.034101 0.121591 0.195120 1173.000000 880.000000
0 1727 0.691390 0.384659 0.034101 0.121591 0.170730 1173.000000 880.000000
0 1728 0.690963 0.382386 0.034953 0.121591 0.142860 1173.000000 880.000000
0 1729 0.690111 0.381250 0.034953 0.121591 0.095238 1173.000000 880.000000
0 1730 0.689258 0.378977 0.034953 0.121591 0.071429 1173.000000 880.000000
0 1731 0.689258 0.377841 0.034953 0.121591 0.047619 1173.000000 880.000000
0 1732 0.688406 0.376705 0.034953 0.121591 0.000000 1173.000000 880.000000
0 1733 0.687553 0.374432 0.034953 0.121591 0.000000 1173.000000 880.000000
0 1734 0.687127 0.373295 0.035806 0.121591 0.000000 1173.000000 880.000000
0 1735 0.686275 0.371023 0.035806 0.121591 0.000000 1173.000000 880.000000
0 1736 0.685422 0.369886 0.035806 0.121591 0.000000 1173.000000 880.000000
