0 1332 0.044331 0.983523 0.049446 0.035227 0.968750 1173.000000 880.000000
0 1333 0.044331 0.982386 0.049446 0.037500 0.970590 1173.000000 880.000000
0 1334 0.044331 0.981250 0.049446 0.039773 0.972220 1173.000000 880.000000
0 1335 0.044331 0.980114 0.049446 0.042045 0.973680 1173.000000 880.000000
0 1336 0.044757 0.978977 0.050298 0.044318 0.650000 1173.000000 880.000000
0 1337 0.044757 0.977841 0.050298 0.046591 0.976190 1173.000000 880.000000
0 1338 0.044757 0.976705 0.050298 0.048864 0.977270 1173.000000 880.000000
0 1339 0.044757 0.975568 0.050298 0.051136 0.978260 1173.000000 880.000000
0 1340 0.045183 0.974432 0.051151 0.053409 0.979170 1173.000000 880.000000
0 1341 0.045183 0.973295 0.051151 0.055682 0.980000 1173.000000 880.000000
0 1342 0.045183 0.972159 0.051151 0.057955 0.980770 1173.000000 880.000000
0 1343 0.045183 0.971023 0.051151 0.060227 0.981480 1173.000000 880.000000
0 1344 0.045610 0.970455 0.052003 0.061364 0.981820 1173.000000 880.000000
0 1345 0.046462 0.969318 0.052003 0.063636 0.982460 1173.000000 880.000000
0 1346 0.047315 0.968182 0.052003 0.065909 0.983050 1173.000000 880.000000
0 1347 0.048593 0.967614 0.052856 0.067045 0.983330 1173.000000 880.000000
0 1348 0.049446 0.966477 0.052856 0.069318 0.983870 1173.000000 880.000000
0 1349 0.050298 0.965341 0.052856 0.071591 0.984380 1173.000000 880.000000
0 1350 0.051577 0.964773 0.053708 0.072727 0.984620 1173.000000 880.000000
0 1351 0.052430 0.963636 0.053708 0.075000 0.985070 1173.000000 880.000000
0 1352 0.053282 0.962500 0.053708 0.077273 0.985510 1173.000000 880.000000
0 1353 0.054561 0.961932 0.054561 0.078409 0.985710 1173.000000 880.000000
0 1354 0.055413 0.960795 0.054561 0.080682 0.986110 1173.000000 880.000000
0 1355 0.056266 0.959659 0.054561 0.082955 0.986490 1173.000000 880.000000
0 1356 0.057545 0.959091 0.055413 0.084091 0.986670 1173.000000 880.000000
0 1357 0.058397 0.957955 0.055413 0.086364 0.987010 1173.000000 880.000000
0 1358 0.059250 0.956818 0.055413 0.088636 0.987340 1173.000000 880.000000
0 1359 0.060529 0.956250 0.056266 0.089773 0.987500 1173.000000 880.000000
0 1360 0.060955 0.954545 0.055413 0.090909 1.000000 1173.000000 880.000000
0 1361 0.061807 0.953409 0.055413 0.093182 1.000000 1173.000000 880.000000
0 1362 0.062660 0.952273 0.055413 0.095455 1.000000 1173.000000 880.000000
0 1363 0.063512 0.951136 0.055413 0.097727 1.000000 1173.000000 880.000000
0 1364 0.064365 0.950000 0.055413 0.100000 1.000000 1173.000000 880.000000
0 1365 0.064791 0.948864 0.054561 0.102273 1.000000 1173.000000 880.000000
0 1366 0.065644 0.947727 0.054561 0.104545 1.000000 1173.000000 880.000000
0 1367 0.066496 0.946591 0.054561 0.106818 1.000000 1173.000000 880.000000
0 1368 0.067349 0.945455 0.054561 0.109091 1.000000 1173.000000 880.000000
0 1369 0.068201 0.944318 0.054561 0.111364 1.000000 1173.000000 880.000000
0 1370 0.069054 0.943750 0.054561 0.112500 1.000000 1173.000000 880.000000
0 1371 0.069906 0.942614 0.054561 0.114773 1.000000 1173.000000 880.000000
0 1372 0.070759 0.942045 0.054561 0.115909 1.000000 1173.000000 880.000000
0 1373 0.071611 0.940909 0.054561 0.118182 1.000000 1173.000000 880.000000
0 1374 0.072890 0.940341 0.055413 0.119318 1.000000 1173.000000 880.000000
0 1375 0.073743 0.939773 0.055413 0.120455 1.000000 1173.000000 880.000000
0 1376 0.074595 0.938636 0.055413 0.122727 1.000000 1173.000000 880.000000
0 1377 0.075448 0.938068 0.055413 0.123864 1.000000 1173.000000 880.000000
0 1378 0.077153 0.937500 0.055413 0.125000 0.985390 1173.000000 880.000000
0 1379 0.078005 0.936364 0.055413 0.127273 0.971310 1173.000000 880.000000
0 1380 0.078858 0.935795 0.055413 0.128409 0.957340 1173.000000 880.000000
0 1381 0.079710 0.934659 0.055413 0.130682 0.944620 1173.000000 880.000000
0 1382 0.080989 0.934091 0.056266 0.131818 0.932390 1173.000000 880.000000
0 1383 0.081841 0.933523 0.056266 0.132955 0.919550 1173.000000 880.000000
0 1384 0.082694 0.932386 0.056266 0.135227 0.907710 1173.000000 880.000000
0 1385 0.083546 0.931818 0.056266 0.136364 0.896390 1173.000000 880.000000
0 1386 0.085251 0.931818 0.056266 0.138636 0.864460 1173.000000 880.000000
0 1387 0.086104 0.929545 0.056266 0.138636 0.873800 1173.000000 880.000000
0 1388 0.087809 0.927841 0.056266 0.139773 0.851230 1173.000000 880.000000
0 1389 0.089514 0.925568 0.056266 0.139773 0.831490 1173.000000 880.000000
0 1390 0.091219 0.923864 0.056266 0.140909 0.810870 1173.000000 880.000000
0 1391 0.092924 0.921591 0.056266 0.140909 0.791520 1173.000000 880.000000
0 1392 0.094629 0.919886 0.056266 0.142045 0.786190 1173.000000 880.000000
0 1393 0.096334 0.917614 0.056266 0.142045 0.757640 1173.000000 880.000000
0 1394 0.098039 0.915909 0.056266 0.143182 0.740510 1173.000000 880.000000
0 1395 0.098892 0.913636 0.056266 0.143182 0.735570 1173.000000 880.000000
0 1396 0.100597 0.911932 0.056266 0.144318 0.719800 1173.000000 880.000000
0 1397 0.102302 0.909659 0.056266 0.144318 0.705810 1173.000000 880.000000
0 1398 0.104007 0.907955 0.056266 0.145455 0.691540 1173.000000 880.000000
0 1399 0.105712 0.905682 0.056266 0.145455 0.679280 1173.000000 880.000000
0 1400 0.107417 0.903977 0.056266 0.146591 0.666480 1173.000000 880.000000
0 1401 0.109122 0.901705 0.056266 0.146591 0.655910 1173.000000 880.000000
0 1402 0.110827 0.900000 0.056266 0.147727 0.633820 1173.000000 880.000000
0 1403 0.112532 0.898864 0.056266 0.147727 0.609550 1173.000000 880.000000
0 1404 0.114663 0.897727 0.055413 0.147727 0.579460 1173.000000 880.000000
0 1405 0.116795 0.896591 0.054561 0.147727 0.548910 1173.000000 880.000000
0 1406 0.118926 0.896023 0.053708 0.146591 0.514180 1173.000000 880.000000
0 1407 0.121057 0.895455 0.052856 0.147727 0.480430 1173.000000 880.000000
0 1408 0.123188 0.894886 0.052003 0.146591 0.442060 1173.000000 880.000000
0 1409 0.125320 0.893750 0.051151 0.146591 0.408580 1173.000000 880.000000
0 1410 0.127451 0.893182 0.050298 0.147727 0.371120 1173.000000 880.000000
0 1411 0.129582 0.892614 0.049446 0.146591 0.328810 1173.000000 880.000000
0 1412 0.131714 0.891477 0.048593 0.146591 0.310080 1173.000000 880.000000
0 1413 0.134271 0.891477 0.046888 0.146591 0.300270 1173.000000 880.000000
0 1414 0.135976 0.889205 0.046888 0.146591 0.308240 1173.000000 880.000000
0 1415 0.137681 0.887500 0.046888 0.147727 0.312700 1173.000000 880.000000
0 1416 0.140239 0.885795 0.046888 0.146591 0.311810 1173.000000 880.000000
0 1417 0.141944 0.884091 0.046888 0.147727 0.314070 1173.000000 880.000000
0 1418 0.143649 0.882386 0.046888 0.146591 0.314840 1173.000000 880.000000
0 1419 0.146206 0.880682 0.046888 0.147727 0.311340 1173.000000 880.000000
0 1420 0.147911 0.878977 0.046888 0.146591 0.310580 1173.000000 880.000000
0 1421 0.149616 0.877273 0.046888 0.147727 0.297850 1173.000000 880.000000
0 1422 0.152174 0.876136 0.046888 0.147727 0.272630 1173.000000 880.000000
0 1423 0.154731 0.873864 0.046888 0.147727 0.250000 1173.000000 880.000000
0 1424 0.157289 0.871591 0.046888 0.147727 0.225740 1173.000000 880.000000
0 1425 0.159847 0.870455 0.046888 0.147727 0.196970 1173.000000 880.000000
0 1426 0.162404 0.868182 0.046888 0.147727 0.176660 1173.000000 880.000000
0 1427 0.164962 0.867045 0.046888 0.147727 0.165760 1173.000000 880.000000
0 1428 0.167519 0.864773 0.046888 0.147727 0.181030 1173.000000 880.000000
0 1429 0.170077 0.863636 0.046888 0.147727 0.205830 1173.000000 880.000000
0 1430 0.172634 0.861364 0.046888 0.147727 0.228460 1173.000000 880.000000
0 1431 0.175192 0.860227 0.046888 0.147727 0.253270 1173.000000 880.000000
0 1432 0.176897 0.857955 0.046888 0.147727 0.269490 1173.000000 880.000000
0 1433 0.178602 0.856818 0.046888 0.147727 0.291710 1173.000000 880.000000
0 1434 0.180307 0.855682 0.046888 0.147727 0.302210 1173.000000 880.000000
0 1435 0.182012 0.853409 0.046888 0.147727 0.315840 1173.000000 880.000000
0 1436 0.183717 0.852273 0.046888 0.147727 0.337920 1173.000000 880.000000
0 1437 0.186275 0.851136 0.046888 0.147727 0.372270 1173.000000 880.000000
0 1438 0.188406 0.850000 0.047741 0.147727 0.404980 1173.000000 880.000000
0 1439 0.190963 0.850000 0.047741 0.147727 0.441140 1173.000000 880.000000
0 1440 0.193095 0.850000 0.048593 0.147727 0.474470 1173.000000 880.000000
0 1441 0.196078 0.850000 0.049446 0.147727 0.518310 1173.000000 880.000000
0 1442 0.198210 0.850000 0.050298 0.147727 0.554450 1173.000000 880.000000
0 1443 0.200767 0.850000 0.050298 0.147727 0.604450 1173.000000 880.000000
0 1444 0.202899 0.850000 0.051151 0.147727 0.643720 1173.000000 880.000000
0 1445 0.205882 0.850000 0.052003 0.147727 0.697860 1173.000000 880.000000
0 1446 0.208014 0.850000 0.052856 0.147727 0.734400 1173.000000 880.000000
0 1447 0.210571 0.850000 0.052856 0.147727 0.782020 1173.000000 880.000000
0 1448 0.212702 0.850000 0.053708 0.147727 0.816670 1173.000000 880.000000
0 1449 0.215686 0.850000 0.054561 0.147727 0.865650 1173.000000 880.000000
0 1450 0.217818 0.848295 0.053708 0.148864 0.897370 1173.000000 880.000000
0 1451 0.220375 0.847159 0.053708 0.148864 0.913830 1173.000000 880.000000
0 1452 0.222933 0.846591 0.053708 0.150000 0.931510 1173.000000 880.000000
0 1453 0.225490 0.844886 0.053708 0.151136 0.948690 1173.000000 880.000000
0 1454 0.227621 0.844318 0.052856 0.152273 0.967670 1173.000000 880.000000
0 1455 0.230179 0.843182 0.052856 0.152273 0.986830 1173.000000 880.000000
0 1456 0.232737 0.841477 0.052856 0.153409 1.000000 1173.000000 880.000000
0 1457 0.235294 0.840909 0.052856 0.154545 1.000000 1173.000000 880.000000
0 1458 0.237425 0.839773 0.052003 0.154545 1.000000 1173.000000 880.000000
0 1459 0.239983 0.838636 0.052003 0.156818 1.000000 1173.000000 880.000000
0 1460 0.242540 0.837500 0.052003 0.156818 1.000000 1173.000000 880.000000
0 1461 0.245524 0.836932 0.051151 0.157955 1.000000 1173.000000 880.000000
0 1462 0.247229 0.835227 0.051151 0.156818 1.000000 1173.000000 880.000000
0 1463 0.249787 0.834091 0.051151 0.156818 1.000000 1173.000000 880.000000
0 1464 0.251918 0.832955 0.052003 0.156818 1.000000 1173.000000 880.000000
0 1465 0.254476 0.831818 0.052003 0.156818 1.000000 1173.000000 880.000000
0 1466 0.257033 0.830682 0.052003 0.156818 1.000000 1173.000000 880.000000
0 1467 0.259165 0.829545 0.052856 0.156818 1.000000 1173.000000 880.000000
0 1468 0.261296 0.828409 0.052003 0.156818 1.000000 1173.000000 880.000000
0 1469 0.263427 0.827273 0.052856 0.156818 1.000000 1173.000000 880.000000
0 1470 0.265985 0.826136 0.052856 0.156818 1.000000 1173.000000 880.000000
0 1471 0.268542 0.825000 0.052856 0.156818 1.000000 1173.000000 880.000000
0 1472 0.270673 0.823864 0.053708 0.156818 1.000000 1173.000000 880.000000
0 1473 0.273231 0.822727 0.053708 0.156818 1.000000 1173.000000 880.000000
0 1474 0.274936 0.821591 0.053708 0.156818 1.000000 1173.000000 880.000000
0 1475 0.277494 0.820455 0.053708 0.156818 1.000000 1173.000000 880.000000
0 1476 0.280051 0.819318 0.053708 0.156818 1.000000 1173.000000 880.000000
0 1477 0.282182 0.818182 0.054561 0.156818 1.000000 1173.000000 880.000000
0 1478 0.284740 0.817045 0.054561 0.156818 1.000000 1173.000000 880.000000
0 1479 0.287298 0.815909 0.054561 0.156818 1.000000 1173.000000 880.000000
0 1480 0.288576 0.814773 0.053708 0.156818 1.000000 1173.000000 880.000000
0 1481 0.290281 0.813636 0.053708 0.156818 1.000000 1173.000000 880.000000
0 1482 0.291986 0.812500 0.053708 0.156818 1.000000 1173.000000 880.000000
0 1483 0.293265 0.811932 0.052856 0.157955 1.000000 1173.000000 880.000000
0 1484 0.295396 0.810795 0.052003 0.157955 1.000000 1173.000000 880.000000
0 1485 0.297101 0.809659 0.052003 0.157955 1.000000 1173.000000 880.000000
0 1486 0.298806 0.808523 0.052003 0.157955 1.000000 1173.000000 880.000000
0 1487 0.300085 0.807955 0.051151 0.159091 1.000000 1173.000000 880.000000
0 1488 0.302217 0.806818 0.050298 0.159091 1.000000 1173.000000 880.000000
0 1489 0.303922 0.805682 0.050298 0.159091 1.000000 1173.000000 880.000000
0 1490 0.305200 0.805114 0.049446 0.160227 1.000000 1173.000000 880.000000
0 1491 0.306905 0.803977 0.049446 0.160227 1.000000 1173.000000 880.000000
0 1492 0.308610 0.802841 0.049446 0.160227 1.000000 1173.000000 880.000000
0 1493 0.310742 0.801705 0.048593 0.160227 1.000000 1173.000000 880.000000
0 1494 0.312020 0.801136 0.047741 0.161364 1.000000 1173.000000 880.000000
0 1495 0.313725 0.800000 0.047741 0.161364 1.000000 1173.000000 880.000000
0 1496 0.315431 0.798864 0.047741 0.161364 1.000000 1173.000000 880.000000
0 1497 0.317562 0.798864 0.046888 0.161364 1.000000 1173.000000 880.000000
0 1498 0.318841 0.797159 0.047741 0.160227 1.000000 1173.000000 880.000000
0 1499 0.320546 0.796023 0.047741 0.160227 1.000000 1173.000000 880.000000
0 1500 0.321824 0.794318 0.048593 0.159091 1.000000 1173.000000 880.000000
0 1501 0.323956 0.793182 0.049446 0.159091 1.000000 1173.000000 880.000000
0 1502 0.325234 0.790909 0.048593 0.159091 1.000000 1173.000000 880.000000
0 1503 0.327366 0.789205 0.047741 0.157955 1.000000 1173.000000 880.000000
0 1504 0.329497 0.787500 0.046888 0.156818 1.000000 1173.000000 880.000000
0 1505 0.330776 0.785227 0.046036 0.156818 1.000000 1173.000000 880.000000
0 1506 0.332907 0.783523 0.045183 0.155682 1.000000 1173.000000 880.000000
0 1507 0.335038 0.781818 0.044331 0.154545 1.000000 1173.000000 880.000000
0 1508 0.337170 0.780114 0.043478 0.153409 1.000000 1173.000000 880.000000
0 1509 0.338448 0.777841 0.042626 0.153409 1.000000 1173.000000 880.000000
0 1510 0.340580 0.776136 0.041773 0.152273 1.000000 1173.000000 880.000000
0 1511 0.342711 0.774432 0.040921 0.151136 1.000000 1173.000000 880.000000
0 1512 0.343990 0.772159 0.040068 0.151136 1.000000 1173.000000 880.000000
0 1513 0.346121 0.770455 0.039216 0.150000 1.000000 1173.000000 880.000000
0 1514 0.348252 0.768750 0.038363 0.148864 1.000000 1173.000000 880.000000
0 1515 0.350384 0.767045 0.037511 0.147727 1.000000 1173.000000 880.000000
0 1516 0.351236 0.765341 0.037511 0.146591 1.000000 1173.000000 880.000000
0 1517 0.352089 0.764205 0.037511 0.146591 1.000000 1173.000000 880.000000
0 1518 0.352941 0.763068 0.037511 0.146591 1.000000 1173.000000 880.000000
0 1519 0.354220 0.761932 0.038363 0.146591 1.000000 1173.000000 880.000000
0 1520 0.355072 0.760795 0.038363 0.146591 1.000000 1173.000000 880.000000
0 1521 0.355925 0.759659 0.038363 0.146591 1.000000 1173.000000 880.000000
0 1522 0.357204 0.759091 0.037511 0.145455 1.000000 1173.000000 880.000000
0 1523 0.358483 0.757955 0.038363 0.145455 1.000000 1173.000000 880.000000
0 1524 0.359335 0.756818 0.038363 0.145455 1.000000 1173.000000 880.000000
0 1525 0.360188 0.755114 0.038363 0.144318 1.000000 1173.000000 880.000000
0 1526 0.361040 0.753977 0.038363 0.144318 1.000000 1173.000000 880.000000
0 1527 0.362319 0.752841 0.039216 0.144318 1.000000 1173.000000 880.000000
0 1528 0.363598 0.752273 0.038363 0.143182 1.000000 1173.000000 880.000000
0 1529 0.364450 0.751136 0.038363 0.143182 1.000000 1173.000000 880.000000
0 1530 0.365303 0.750000 0.038363 0.143182 0.998800 1173.000000 880.000000
0 1531 0.366581 0.748864 0.039216 0.143182 0.997320 1173.000000 880.000000
0 1532 0.367434 0.747727 0.039216 0.143182 0.994970 1173.000000 880.000000
0 1533 0.368286 0.746591 0.039216 0.143182 0.992630 1173.000000 880.000000
0 1534 0.369991 0.746023 0.039216 0.142045 0.987840 1173.000000 880.000000
0 1535 0.370844 0.744886 0.039216 0.142045 0.984630 1173.000000 880.000000
0 1536 0.372549 0.743750 0.039216 0.142045 0.978720 1173.000000 880.000000
0 1537 0.373402 0.742614 0.039216 0.142045 0.972980 1173.000000 880.000000
0 1538 0.375107 0.741477 0.039216 0.142045 0.965550 1173.000000 880.000000
0 1539 0.375959 0.740341 0.039216 0.142045 0.960490 1173.000000 880.000000
0 1540 0.377664 0.739205 0.039216 0.142045 0.951870 1173.000000 880.000000
0 1541 0.378517 0.738068 0.039216 0.142045 0.945960 1173.000000 880.000000
0 1542 0.380222 0.736932 0.039216 0.142045 0.939720 1173.000000 880.000000
0 1543 0.381927 0.735795 0.039216 0.142045 0.925700 1173.000000 880.000000
0 1544 0.382779 0.734659 0.039216 0.142045 0.918440 1173.000000 880.000000
0 1545 0.384484 0.733523 0.039216 0.142045 0.906790 1173.000000 880.000000
0 1546 0.385337 0.732386 0.039216 0.142045 0.902740 1173.000000 880.000000
0 1547 0.387042 0.731250 0.039216 0.142045 0.890240 1173.000000 880.000000
0 1548 0.387894 0.730114 0.039216 0.142045 0.881460 1173.000000 880.000000
0 1549 0.389599 0.728977 0.039216 0.142045 0.872680 1173.000000 880.000000
0 1550 0.390452 0.727841 0.039216 0.142045 0.863220 1173.000000 880.000000
0 1551 0.392157 0.726705 0.039216 0.142045 0.848700 1173.000000 880.000000
0 1552 0.393862 0.725568 0.039216 0.142045 0.839240 1173.000000 880.000000
0 1553 0.394714 0.723295 0.039216 0.142045 0.834520 1173.000000 880.000000
0 1554 0.395567 0.722159 0.039216 0.142045 0.823710 1173.000000 880.000000
0 1555 0.397272 0.719886 0.039216 0.142045 0.813910 1173.000000 880.000000
0 1556 0.398124 0.718750 0.039216 0.142045 0.809020 1173.000000 880.000000
0 1557 0.399829 0.716477 0.039216 0.142045 0.799220 1173.000000 880.000000
0 1558 0.400682 0.715341 0.039216 0.142045 0.782170 1173.000000 880.000000
0 1559 0.402387 0.714205 0.039216 0.142045 0.772040 1173.000000 880.000000
0 1560 0.403240 0.711932 0.039216 0.142045 0.766970 1173.000000 880.000000
0 1561 0.404945 0.710795 0.039216 0.142045 0.753970 1173.000000 880.000000
0 1562 0.405797 0.708523 0.039216 0.142045 0.761900 1173.000000 880.000000
0 1563 0.407502 0.707386 0.039216 0.142045 0.753970 1173.000000 880.000000
0 1564 0.408355 0.705114 0.039216 0.142045 0.753970 1173.000000 880.000000
0 1565 0.410060 0.703977 0.039216 0.142045 0.746030 1173.000000 880.000000
0 1566 0.410912 0.702841 0.039216 0.142045 0.746030 1173.000000 880.000000
0 1567 0.412617 0.700568 0.039216 0.142045 0.756840 1173.000000 880.000000
0 1568 0.413470 0.699432 0.039216 0.142045 0.754810 1173.000000 880.000000
0 1569 0.415175 0.697159 0.039216 0.142045 0.740630 1173.000000 880.000000
0 1570 0.416027 0.696023 0.039216 0.142045 0.663630 1173.000000 880.000000
0 1571 0.417732 0.693750 0.039216 0.142045 0.610440 1173.000000 880.000000
0 1572 0.418585 0.692614 0.039216 0.142045 0.567880 1173.000000 880.000000
0 1573 0.420290 0.691477 0.039216 0.142045 0.491890 1173.000000 880.000000
0 1574 0.421142 0.689205 0.039216 0.142045 0.450020 1173.000000 880.000000
0 1575 0.422847 0.688068 0.039216 0.142045 0.389730 1173.000000 880.000000
0 1576 0.423700 0.686932 0.039216 0.142045 0.339920 1173.000000 880.000000
0 1577 0.425405 0.685795 0.039216 0.142045 0.286390 1173.000000 880.000000
0 1578 0.426257 0.683523 0.039216 0.142045 0.245190 1173.000000 880.000000
0 1579 0.427962 0.682386 0.039216 0.142045 0.206350 1173.000000 880.000000
0 1580 0.428815 0.681250 0.039216 0.142045 0.198410 1173.000000 880.000000
0 1581 0.430520 0.680114 0.039216 0.142045 0.190480 1173.000000 880.000000
0 1582 0.431373 0.677841 0.039216 0.142045 0.266630 1173.000000 880.000000
0 1583 0.433078 0.676705 0.039216 0.142045 0.345490 1173.000000 880.000000
0 1584 0.433930 0.675568 0.039216 0.142045 0.408650 1173.000000 880.000000
0 1585 0.435635 0.674432 0.039216 0.142045 0.490710 1173.000000 880.000000
0 1586 0.437340 0.672159 0.039216 0.142045 0.578520 1173.000000 880.000000
0 1587 0.438193 0.671023 0.039216 0.142045 0.648770 1173.000000 880.000000
0 1588 0.439898 0.669886 0.039216 0.142045 0.726780 1173.000000 880.000000
0 1589 0.440750 0.668750 0.039216 0.142045 0.770350 1173.000000 880.000000
0 1590 0.442455 0.666477 0.039216 0.142045 0.826240 1173.000000 880.000000
0 1591 0.443308 0.665341 0.039216 0.142045 0.858830 1173.000000 880.000000
0 1592 0.445013 0.664205 0.039216 0.142045 0.858160 1173.000000 880.000000
0 1593 0.445865 0.663068 0.039216 0.142045 0.848020 1173.000000 880.000000
0 1594 0.447570 0.660795 0.039216 0.142045 0.830970 1173.000000 880.000000
0 1595 0.448423 0.659659 0.039216 0.142045 0.817970 1173.000000 880.000000
0 1596 0.450128 0.658523 0.039216 0.142045 0.776090 1173.000000 880.000000
0 1597 0.451833 0.657386 0.039216 0.142045 0.742320 1173.000000 880.000000
0 1598 0.452685 0.655114 0.039216 0.142045 0.733200 1173.000000 880.000000
0 1599 0.453538 0.653977 0.039216 0.142045 0.716140 1173.000000 880.000000
0 1600 0.455243 0.652841 0.039216 0.142045 0.672410 1173.000000 880.000000
0 1601 0.456095 0.651705 0.039216 0.142045 0.654850 1173.000000 880.000000
0 1602 0.457801 0.650568 0.039216 0.142045 0.620740 1173.000000 880.000000
0 1603 0.458653 0.649432 0.039216 0.142045 0.607230 1173.000000 880.000000
0 1604 0.459506 0.648295 0.039216 0.142045 0.572440 1173.000000 880.000000
0 1605 0.461211 0.647159 0.039216 0.142045 0.526340 1173.000000 880.000000
0 1606 0.462063 0.646023 0.039216 0.142045 0.505230 1173.000000 880.000000
0 1607 0.463768 0.644886 0.039216 0.142045 0.463530 1173.000000 880.000000
0 1608 0.464621 0.642614 0.039216 0.142045 0.449850 1173.000000 880.000000
0 1609 0.465473 0.641477 0.039216 0.142045 0.415740 1173.000000 880.000000
0 1610 0.467178 0.640341 0.039216 0.142045 0.387540 1173.000000 880.000000
0 1611 0.468031 0.639205 0.039216 0.142045 0.351910 1173.000000 880.000000
0 1612 0.469736 0.638068 0.039216 0.142045 0.330800 1173.000000 880.000000
0 1613 0.470588 0.636932 0.039216 0.142045 0.344140 1173.000000 880.000000
0 1614 0.471441 0.635795 0.039216 0.142045 0.350390 1173.000000 880.000000
0 1615 0.473146 0.634659 0.039216 0.142045 0.385010 1173.000000 880.000000
0 1616 0.473998 0.633523 0.039216 0.142045 0.392600 1173.000000 880.000000
0 1617 0.475703 0.632386 0.039216 0.142045 0.433810 1173.000000 880.000000
0 1618 0.475703 0.631250 0.039216 0.142045 0.425870 1173.000000 880.000000
0 1619 0.476556 0.630114 0.039216 0.142045 0.446300 1173.000000 880.000000
0 1620 0.476556 0.628977 0.039216 0.142045 0.460490 1173.000000 880.000000
0 1621 0.477408 0.627841 0.039216 0.142045 0.466730 1173.000000 880.000000
0 1622 0.478261 0.626705 0.039216 0.142045 0.487170 1173.000000 880.000000
0 1623 0.478261 0.625568 0.039216 0.142045 0.484300 1173.000000 880.000000
0 1624 0.479113 0.624432 0.039216 0.142045 0.507600 1173.000000 880.000000
0 1625 0.479540 0.623295 0.038363 0.142045 0.505520 1173.000000 880.000000
0 1626 0.479966 0.622159 0.039216 0.142045 0.520090 1173.000000 880.000000
0 1627 0.480818 0.621023 0.039216 0.142045 0.530560 1173.000000 880.000000
0 1628 0.481245 0.619886 0.038363 0.142045 0.547620 1173.000000 880.000000
0 1629 0.481671 0.618750 0.039216 0.142045 0.546770 1173.000000 880.000000
0 1630 0.482097 0.617614 0.038363 0.142045 0.564350 1173.000000 880.000000
0 1631 0.482950 0.616477 0.038363 0.142045 0.570740 1173.000000 880.000000
0 1632 0.483376 0.615341 0.039216 0.142045 0.587640 1173.000000 880.000000
0 1633 0.483802 0.614205 0.038363 0.142045 0.589890 1173.000000 880.000000
0 1634 0.484228 0.613068 0.039216 0.142045 0.556910 1173.000000 880.000000
0 1635 0.484655 0.611932 0.038363 0.142045 0.573500 1173.000000 880.000000
0 1636 0.485507 0.610795 0.038363 0.142045 0.571080 1173.000000 880.000000
0 1637 0.485934 0.609659 0.039216 0.142045 0.569910 1173.000000 880.000000
0 1638 0.486360 0.608523 0.038363 0.142045 0.572460 1173.000000 880.000000
0 1639 0.487212 0.607386 0.038363 0.142045 0.579710 1173.000000 880.000000
0 1640 0.487212 0.606250 0.038363 0.142045 0.579020 1173.000000 880.000000
0 1641 0.488065 0.605114 0.038363 0.142045 0.589200 1173.000000 880.000000
0 1642 0.488917 0.603977 0.038363 0.142045 0.588850 1173.000000 880.000000
0 1643 0.488917 0.602841 0.038363 0.142045 0.598000 1173.000000 880.000000
0 1644 0.489770 0.601705 0.038363 0.142045 0.599720 1173.000000 880.000000
0 1645 0.490622 0.601705 0.038363 0.142045 0.605240 1173.000000 880.000000
0 1646 0.490622 0.599432 0.038363 0.142045 0.610770 1173.000000 880.000000
0 1647 0.491475 0.598295 0.038363 0.142045 0.625600 1173.000000 880.000000
0 1648 0.492327 0.597159 0.038363 0.142045 0.627500 1173.000000 880.000000
0 1649 0.493180 0.594886 0.038363 0.142045 0.621810 1173.000000 880.000000
0 1650 0.494032 0.593750 0.038363 0.142045 0.611460 1173.000000 880.000000
0 1651 0.494885 0.592614 0.038363 0.142045 0.602480 1173.000000 880.000000
0 1652 0.495737 0.591477 0.038363 0.142045 0.589890 1173.000000 880.000000
0 1653 0.495737 0.589205 0.038363 0.142045 0.599720 1173.000000 880.000000
0 1654 0.496590 0.588068 0.038363 0.142045 0.591790 1173.000000 880.000000
0 1655 0.497442 0.586932 0.038363 0.142045 0.581090 1173.000000 880.000000
0 1656 0.498295 0.585795 0.038363 0.142045 0.582820 1173.000000 880.000000
0 1657 0.499147 0.583523 0.038363 0.142045 0.583850 1173.000000 880.000000
0 1658 0.500000 0.582386 0.038363 0.142045 0.575220 1173.000000 880.000000
0 1659 0.500853 0.581250 0.038363 0.142045 0.569190 1173.000000 880.000000
0 1660 0.501705 0.580114 0.038363 0.142045 0.562110 1173.000000 880.000000
0 1661 0.501705 0.577841 0.038363 0.142045 0.573500 1173.000000 880.000000
0 1662 0.502558 0.576705 0.038363 0.142045 0.568500 1173.000000 880.000000
0 1663 0.503410 0.575568 0.038363 0.142045 0.563320 1173.000000 880.000000
0 1664 0.504263 0.574432 0.038363 0.142045 0.559180 1173.000000 880.000000
0 1665 0.505115 0.572159 0.038363 0.142045 0.563490 1173.000000 880.000000
0 1666 0.505968 0.571023 0.038363 0.142045 0.560210 1173.000000 880.000000
0 1667 0.506820 0.569886 0.038363 0.142045 0.557280 1173.000000 880.000000
0 1668 0.507673 0.568750 0.038363 0.142045 0.554690 1173.000000 880.000000
0 1669 0.508525 0.567614 0.038363 0.142045 0.549000 1173.000000 880.000000
0 1670 0.509378 0.566477 0.038363 0.142045 0.540370 1173.000000 880.000000
0 1671 0.510230 0.565341 0.038363 0.142045 0.534160 1173.000000 880.000000
0 1672 0.511083 0.564205 0.038363 0.142045 0.523120 1173.000000 880.000000
0 1673 0.511935 0.563068 0.038363 0.142045 0.516220 1173.000000 880.000000
0 1674 0.512788 0.561932 0.038363 0.142045 0.507070 1173.000000 880.000000
0 1675 0.513640 0.560795 0.038363 0.142045 0.499650 1173.000000 880.000000
0 1676 0.514493 0.559659 0.038363 0.142045 0.481190 1173.000000 880.000000
0 1677 0.515345 0.558523 0.038363 0.142045 0.465320 1173.000000 880.000000
0 1678 0.516198 0.557386 0.038363 0.142045 0.450480 1173.000000 880.000000
0 1679 0.517050 0.556250 0.038363 0.142045 0.431680 1173.000000 880.000000
0 1680 0.517903 0.555114 0.038363 0.142045 0.410280 1173.000000 880.000000
0 1681 0.519182 0.553977 0.039216 0.142045 0.385850 1173.000000 880.000000
0 1682 0.520034 0.552841 0.039216 0.142045 0.361700 1173.000000 880.000000
0 1683 0.520887 0.551705 0.039216 0.142045 0.342280 1173.000000 880.000000
0 1684 0.521739 0.550568 0.039216 0.142045 0.315600 1173.000000 880.000000
0 1685 0.522592 0.549432 0.039216 0.142045 0.287570 1173.000000 880.000000
0 1686 0.523444 0.548295 0.039216 0.142045 0.308000 1173.000000 880.000000
0 1687 0.524297 0.547159 0.039216 0.142045 0.317460 1173.000000 880.000000
0 1688 0.525149 0.546023 0.039216 0.142045 0.326070 1173.000000 880.000000
0 1689 0.526002 0.544886 0.039216 0.142045 0.352580 1173.000000 880.000000
0 1690 0.526854 0.543750 0.039216 0.142045 0.380780 1173.000000 880.000000
0 1691 0.527707 0.542614 0.039216 0.142045 0.379090 1173.000000 880.000000
0 1692 0.528559 0.541477 0.039216 0.142045 0.387370 1173.000000 880.000000
0 1693 0.530264 0.541477 0.039216 0.142045 0.399700 1173.000000 880.000000
0 1694 0.530264 0.539773 0.039216 0.140909 0.398640 1173.000000 880.000000
0 1695 0.531117 0.538636 0.039216 0.140909 0.413960 1173.000000 880.000000
0 1696 0.531969 0.537500 0.039216 0.140909 0.430810 1173.000000 880.000000
0 1697 0.532822 0.536364 0.039216 0.140909 0.454130 1173.000000 880.000000
0 1698 0.533674 0.535795 0.039216 0.139773 0.467060 1173.000000 880.000000
0 1699 0.534527 0.534659 0.039216 0.139773 0.487990 1173.000000 880.000000
0 1700 0.535379 0.533523 0.039216 0.139773 0.507210 1173.000000 880.000000
0 1701 0.536232 0.532386 0.039216 0.139773 0.531910 1173.000000 880.000000
0 1702 0.537084 0.531250 0.039216 0.139773 0.524370 1173.000000 880.000000
0 1703 0.537511 0.530114 0.038363 0.137500 0.517820 1173.000000 880.000000
0 1704 0.538363 0.528977 0.038363 0.137500 0.501430 1173.000000 880.000000
0 1705 0.539216 0.527841 0.038363 0.137500 0.484320 1173.000000 880.000000
0 1706 0.540068 0.526705 0.038363 0.137500 0.465430 1173.000000 880.000000
0 1707 0.540921 0.526136 0.038363 0.136364 0.440890 1173.000000 880.000000
0 1708 0.541773 0.525000 0.038363 0.136364 0.419330 1173.000000 880.000000
0 1709 0.542626 0.523864 0.038363 0.136364 0.404420 1173.000000 880.000000
0 1710 0.543478 0.522727 0.038363 0.136364 0.388430 1173.000000 880.000000
0 1711 0.544331 0.521591 0.038363 0.136364 0.388430 1173.000000 880.000000
0 1712 0.544757 0.520455 0.037511 0.134091 0.400190 1173.000000 880.000000
0 1713 0.545610 0.519318 0.037511 0.134091 0.419610 1173.000000 880.000000
0 1714 0.546462 0.518182 0.037511 0.134091 0.461060 1173.000000 880.000000
0 1715 0.547315 0.517045 0.037511 0.134091 0.488700 1173.000000 880.000000
0 1716 0.548167 0.515909 0.037511 0.134091 0.523810 1173.000000 880.000000
0 1717 0.549020 0.515341 0.037511 0.132955 0.548020 1173.000000 880.000000
0 1718 0.549872 0.514205 0.037511 0.132955 0.576270 1173.000000 880.000000
0 1719 0.550725 0.513068 0.037511 0.132955 0.627870 1173.000000 880.000000
0 1720 0.551577 0.511932 0.037511 0.132955 0.670810 1173.000000 880.000000
0 1721 0.552430 0.511364 0.037511 0.131818 0.711300 1173.000000 880.000000
0 1722 0.552430 0.510227 0.037511 0.131818 0.736750 1173.000000 880.000000
0 1723 0.553282 0.509091 0.037511 0.131818 0.780630 1173.000000 880.000000
0 1724 0.554135 0.509091 0.037511 0.131818 0.837040 1173.000000 880.000000
0 1725 0.554987 0.507955 0.037511 0.131818 0.879960 1173.000000 880.000000
0 1726 0.554987 0.507955 0.037511 0.131818 0.903510 1173.000000 880.000000
0 1727 0.555840 0.506818 0.037511 0.131818 0.944540 1173.000000 880.000000
0 1728 0.556692 0.506818 0.037511 0.131818 0.985190 1173.000000 880.000000
0 1729 0.557545 0.505682 0.037511 0.131818 0.988600 1173.000000 880.000000
0 1730 0.557545 0.505682 0.037511 0.131818 0.988600 1173.000000 880.000000
0 1731 0.558397 0.504545 0.037511 0.131818 0.991640 1173.000000 880.000000
0 1732 0.559250 0.504545 0.037511 0.131818 0.993730 1173.000000 880.000000
0 1733 0.560102 0.503409 0.037511 0.131818 0.996200 1173.000000 880.000000
0 1734 0.560102 0.503409 0.037511 0.131818 0.996200 1173.000000 880.000000
0 1735 0.560955 0.502273 0.037511 0.131818 0.998290 1173.000000 880.000000
0 1736 0.561807 0.502273 0.037511 0.131818 1.000000 1173.000000 880.000000
0 1737 0.562660 0.501136 0.037511 0.131818 1.000000 1173.000000 880.000000
0 1738 0.562660 0.501136 0.037511 0.131818 1.000000 1173.000000 880.000000
0 1739 0.563512 0.500000 0.037511 0.131818 1.000000 1173.000000 880.000000
0 1740 0.564365 0.500000 0.037511 0.131818 1.000000 1173.000000 880.000000
0 1741 0.565217 0.498864 0.037511 0.131818 0.977780 1173.000000 880.000000
0 1742 0.566070 0.498864 0.037511 0.131818 0.955560 1173.000000 880.000000
0 1743 0.566922 0.497727 0.037511 0.131818 0.933330 1173.000000 880.000000
0 1744 0.567775 0.497727 0.037511 0.131818 0.911110 1173.000000 880.000000
0 1745 0.568627 0.496591 0.037511 0.131818 0.888890 1173.000000 880.000000
0 1746 0.569480 0.496591 0.037511 0.131818 0.866670 1173.000000 880.000000
0 1747 0.570332 0.496591 0.037511 0.131818 0.844440 1173.000000 880.000000
0 1748 0.571185 0.495455 0.037511 0.131818 0.822220 1173.000000 880.000000
0 1749 0.572038 0.495455 0.037511 0.131818 0.800000 1173.000000 880.000000
0 1750 0.572890 0.495455 0.037511 0.131818 0.777780 1173.000000 880.000000
0 1751 0.573743 0.494318 0.037511 0.131818 0.755560 1173.000000 880.000000
0 1752 0.574595 0.494318 0.037511 0.131818 0.755560 1173.000000 880.000000
0 1753 0.575874 0.493182 0.038363 0.131818 0.717390 1173.000000 880.000000
0 1754 0.576726 0.493182 0.038363 0.131818 0.695650 1173.000000 880.000000
0 1755 0.577579 0.493182 0.038363 0.131818 0.673910 1173.000000 880.000000
0 1756 0.578431 0.492045 0.038363 0.131818 0.652170 1173.000000 880.000000
0 1757 0.579284 0.492045 0.038363 0.131818 0.630430 1173.000000 880.000000
0 1758 0.580136 0.492045 0.038363 0.131818 0.608700 1173.000000 880.000000
0 1759 0.580989 0.490909 0.038363 0.131818 0.586960 1173.000000 880.000000
0 1760 0.581841 0.490909 0.038363 0.131818 0.565220 1173.000000 880.000000
0 1761 0.582694 0.489773 0.038363 0.131818 0.543480 1173.000000 880.000000
0 1762 0.583546 0.489773 0.038363 0.131818 0.521740 1173.000000 880.000000
0 1763 0.584399 0.489773 0.038363 0.131818 0.500000 1173.000000 880.000000
0 1764 0.585678 0.488636 0.039216 0.131818 0.468090 1173.000000 880.000000
0 1765 0.586530 0.488636 0.039216 0.131818 0.446810 1173.000000 880.000000
0 1766 0.587383 0.488636 0.039216 0.131818 0.425530 1173.000000 880.000000
0 1767 0.588235 0.487500 0.039216 0.131818 0.425530 1173.000000 880.000000
0 1768 0.589088 0.487500 0.039216 0.131818 0.404260 1173.000000 880.000000
0 1769 0.589940 0.486364 0.039216 0.131818 0.382980 1173.000000 880.000000
0 1770 0.590793 0.486364 0.039216 0.131818 0.361700 1173.000000 880.000000
0 1771 0.591645 0.486364 0.039216 0.131818 0.340430 1173.000000 880.000000
0 1772 0.592498 0.485227 0.039216 0.131818 0.319150 1173.000000 880.000000
0 1773 0.593350 0.485227 0.039216 0.131818 0.297870 1173.000000 880.000000
