0 1 0.246377 0.214773 0.034101 0.106818 0.781770 1173.000000 880.000000
0 2 0.245524 0.213636 0.034101 0.106818 0.803080 1173.000000 880.000000
0 3 0.245524 0.213636 0.034101 0.106818 0.793580 1173.000000 880.000000
0 4 0.245524 0.213636 0.034101 0.106818 0.796660 1173.000000 880.000000
0 5 0.244672 0.213636 0.034101 0.106818 0.826440 1173.000000 880.000000
0 6 0.244672 0.213636 0.034101 0.106818 0.821050 1173.000000 880.000000
0 7 0.244672 0.213636 0.034101 0.106818 0.821050 1173.000000 880.000000
0 8 0.244672 0.213068 0.034101 0.107955 0.818340 1173.000000 880.000000
0 9 0.243819 0.212500 0.034101 0.106818 0.838250 1173.000000 880.000000
0 10 0.243819 0.212500 0.034101 0.106818 0.838250 1173.000000 880.000000
0 11 0.243819 0.212500 0.034101 0.106818 0.834150 1173.000000 880.000000
0 12 0.243819 0.212500 0.034101 0.106818 0.825420 1173.000000 880.000000
0 13 0.242967 0.212500 0.034101 0.106818 0.835690 1173.000000 880.000000
0 14 0.242967 0.211932 0.034101 0.107955 0.829270 1173.000000 880.000000
0 15 0.242967 0.211932 0.034101 0.107955 0.834600 1173.000000 880.000000
0 16 0.242967 0.211932 0.034101 0.107955 0.826730 1173.000000 880.000000
0 17 0.242114 0.211364 0.034101 0.106818 0.830550 1173.000000 880.000000
0 18 0.242114 0.211364 0.034101 0.106818 0.836200 1173.000000 880.000000
0 19 0.242114 0.211364 0.034101 0.106818 0.828750 1173.000000 880.000000
0 20 0.242114 0.210795 0.034101 0.107955 0.829270 1173.000000 880.000000
0 21 0.241262 0.210795 0.034101 0.107955 0.835370 1173.000000 880.000000
0 22 0.241262 0.210795 0.034101 0.107955 0.834860 1173.000000 880.000000
0 23 0.241262 0.210795 0.034101 0.107955 0.828250 1173.000000 880.000000
0 24 0.241262 0.210795 0.034101 0.107955 0.828250 1173.000000 880.000000
0 25 0.240409 0.210227 0.034101 0.106818 0.839790 1173.000000 880.000000
0 26 0.240409 0.209659 0.034101 0.107955 0.835370 1173.000000 880.000000
0 27 0.240409 0.209659 0.034101 0.107955 0.842230 1173.000000 880.000000
0 28 0.240409 0.209659 0.034101 0.107955 0.836380 1173.000000 880.000000
0 29 0.239557 0.209659 0.034101 0.107955 0.850610 1173.000000 880.000000
0 30 0.239557 0.209659 0.034101 0.107955 0.845270 1173.000000 880.000000
0 31 0.239557 0.209659 0.034101 0.107955 0.839940 1173.000000 880.000000
0 32 0.239557 0.209659 0.034101 0.107955 0.847560 1173.000000 880.000000
0 33 0.239557 0.208523 0.034101 0.107955 0.847560 1173.000000 880.000000
0 34 0.239557 0.207386 0.034101 0.107955 0.860010 1173.000000 880.000000
0 35 0.239557 0.206250 0.034101 0.107955 0.860010 1173.000000 880.000000
0 36 0.239557 0.206250 0.034101 0.107955 0.867380 1173.000000 880.000000
0 37 0.239557 0.205114 0.034101 0.107955 0.867380 1173.000000 880.000000
0 38 0.239557 0.203977 0.034101 0.107955 0.867380 1173.000000 880.000000
0 39 0.240409 0.203977 0.034101 0.107955 0.867380 1173.000000 880.000000
0 40 0.240409 0.202841 0.034101 0.107955 0.867380 1173.000000 880.000000
0 41 0.240409 0.201705 0.034101 0.107955 0.879070 1173.000000 880.000000
0 42 0.240409 0.201705 0.034101 0.107955 0.874750 1173.000000 880.000000
0 43 0.240409 0.200568 0.034101 0.107955 0.886180 1173.000000 880.000000
0 44 0.240409 0.199432 0.034101 0.107955 0.886180 1173.000000 880.000000
0 45 0.241262 0.199432 0.034101 0.107955 0.874750 1173.000000 880.000000
0 46 0.241262 0.198295 0.034101 0.107955 0.886180 1173.000000 880.000000
0 47 0.241262 0.197159 0.034101 0.107955 0.886180 1173.000000 880.000000
0 48 0.241262 0.197159 0.034101 0.107955 0.893290 1173.000000 880.000000
0 49 0.241262 0.196023 0.034101 0.107955 0.893290 1173.000000 880.000000
0 50 0.241262 0.194886 0.034101 0.107955 0.903960 1173.000000 880.000000
0 51 0.242114 0.194886 0.034101 0.107955 0.893290 1173.000000 880.000000
0 52 0.242114 0.193750 0.034101 0.107955 0.900410 1173.000000 880.000000
0 53 0.242114 0.192614 0.034101 0.107955 0.900410 1173.000000 880.000000
0 54 0.242114 0.192614 0.034101 0.107955 0.904220 1173.000000 880.000000
0 55 0.242114 0.191477 0.034101 0.107955 0.911590 1173.000000 880.000000
0 56 0.242114 0.190341 0.034101 0.107955 0.911590 1173.000000 880.000000
0 57 0.242967 0.190341 0.034101 0.107955 0.908540 1173.000000 880.000000
0 58 0.242967 0.189205 0.034101 0.107955 0.908540 1173.000000 880.000000
0 59 0.243819 0.188068 0.034101 0.107955 0.908540 1173.000000 880.000000
0 60 0.244246 0.186932 0.034953 0.107955 0.910710 1173.000000 880.000000
0 61 0.244672 0.185795 0.034101 0.107955 0.908540 1173.000000 880.000000
0 62 0.245524 0.184659 0.034101 0.107955 0.908540 1173.000000 880.000000
0 63 0.245951 0.183523 0.034953 0.107955 0.903270 1173.000000 880.000000
0 64 0.246377 0.182386 0.034101 0.107955 0.908540 1173.000000 880.000000
0 65 0.247229 0.181250 0.034101 0.107955 0.908540 1173.000000 880.000000
0 66 0.247656 0.181250 0.034953 0.107955 0.900050 1173.000000 880.000000
0 67 0.248508 0.180114 0.034953 0.107955 0.900050 1173.000000 880.000000
0 68 0.248508 0.178977 0.034953 0.107955 0.900050 1173.000000 880.000000
0 69 0.249361 0.177841 0.034953 0.107955 0.900050 1173.000000 880.000000
0 70 0.250213 0.176705 0.034953 0.107955 0.900050 1173.000000 880.000000
0 71 0.250213 0.175568 0.034953 0.107955 0.900050 1173.000000 880.000000
0 72 0.251066 0.174432 0.034953 0.107955 0.900050 1173.000000 880.000000
0 73 0.251918 0.173295 0.034953 0.107955 0.892360 1173.000000 880.000000
0 74 0.251918 0.172159 0.034953 0.107955 0.900050 1173.000000 880.000000
0 75 0.252771 0.172159 0.034953 0.107955 0.900050 1173.000000 880.000000
0 76 0.253197 0.171023 0.035806 0.107955 0.894860 1173.000000 880.000000
0 77 0.254049 0.169886 0.035806 0.107955 0.894860 1173.000000 880.000000
0 78 0.254476 0.168750 0.034953 0.107955 0.900050 1173.000000 880.000000
0 79 0.254902 0.167614 0.035806 0.107955 0.902370 1173.000000 880.000000
0 80 0.255754 0.166477 0.035806 0.107955 0.902370 1173.000000 880.000000
0 81 0.256181 0.165341 0.034953 0.107955 0.907740 1173.000000 880.000000
0 82 0.256607 0.164205 0.035806 0.107955 0.909880 1173.000000 880.000000
0 83 0.257460 0.163068 0.035806 0.107955 0.909880 1173.000000 880.000000
0 84 0.258312 0.163068 0.035806 0.107955 0.909880 1173.000000 880.000000
0 85 0.258312 0.161932 0.035806 0.107955 0.909880 1173.000000 880.000000
0 86 0.259165 0.160795 0.035806 0.107955 0.909880 1173.000000 880.000000
0 87 0.260017 0.160795 0.035806 0.107955 0.906980 1173.000000 880.000000
0 88 0.260870 0.159659 0.035806 0.107955 0.906980 1173.000000 880.000000
0 89 0.260870 0.159659 0.035806 0.107955 0.912060 1173.000000 880.000000
0 90 0.261722 0.158523 0.035806 0.107955 0.912060 1173.000000 880.000000
0 91 0.262575 0.158523 0.035806 0.107955 0.909400 1173.000000 880.000000
0 92 0.263427 0.157386 0.035806 0.107955 0.909400 1173.000000 880.000000
0 93 0.263853 0.157386 0.034953 0.107955 0.915670 1173.000000 880.000000
0 94 0.264280 0.156250 0.035806 0.107955 0.909400 1173.000000 880.000000
0 95 0.265132 0.156250 0.035806 0.107955 0.906730 1173.000000 880.000000
0 96 0.265985 0.155114 0.035806 0.107955 0.898260 1173.000000 880.000000
0 97 0.266411 0.155114 0.034953 0.107955 0.901790 1173.000000 880.000000
0 98 0.267263 0.153977 0.034953 0.107955 0.892860 1173.000000 880.000000
0 99 0.267690 0.153977 0.035806 0.107955 0.892440 1173.000000 880.000000
0 100 0.268542 0.152841 0.035806 0.107955 0.892440 1173.000000 880.000000
0 101 0.269395 0.152841 0.035806 0.107955 0.880330 1173.000000 880.000000
0 102 0.269821 0.151705 0.034953 0.107955 0.886900 1173.000000 880.000000
0 103 0.270673 0.150568 0.034953 0.107955 0.877480 1173.000000 880.000000
0 104 0.271100 0.150568 0.035806 0.107955 0.877180 1173.000000 880.000000
0 105 0.271952 0.149432 0.035806 0.107955 0.867730 1173.000000 880.000000
0 106 0.272379 0.149432 0.034953 0.107955 0.871030 1173.000000 880.000000
0 107 0.273231 0.148295 0.034953 0.107955 0.874260 1173.000000 880.000000
0 108 0.274084 0.148295 0.034953 0.107955 0.861110 1173.000000 880.000000
0 109 0.274510 0.147159 0.035806 0.107955 0.864340 1173.000000 880.000000
0 110 0.274936 0.147159 0.034953 0.107955 0.857640 1173.000000 880.000000
0 111 0.275789 0.146023 0.034953 0.107955 0.857640 1173.000000 880.000000
0 112 0.276641 0.146023 0.034953 0.107955 0.843750 1173.000000 880.000000
0 113 0.277494 0.144886 0.034953 0.107955 0.843750 1173.000000 880.000000
0 114 0.277494 0.144886 0.034953 0.107955 0.850690 1173.000000 880.000000
0 115 0.278346 0.143750 0.034953 0.107955 0.840030 1173.000000 880.000000
0 116 0.279199 0.143750 0.034953 0.107955 0.836310 1173.000000 880.000000
0 117 0.280051 0.142614 0.034953 0.107955 0.825400 1173.000000 880.000000
0 118 0.280904 0.142614 0.034953 0.107955 0.821430 1173.000000 880.000000
0 119 0.280904 0.141477 0.034953 0.107955 0.821430 1173.000000 880.000000
0 120 0.281330 0.140341 0.034101 0.107955 0.828510 1173.000000 880.000000
0 121 0.282182 0.140341 0.034101 0.107955 0.828510 1173.000000 880.000000
0 122 0.282182 0.139205 0.034101 0.107955 0.828510 1173.000000 880.000000
0 123 0.283035 0.138068 0.034101 0.107955 0.828510 1173.000000 880.000000
0 124 0.283461 0.138068 0.033248 0.107955 0.820310 1173.000000 880.000000
0 125 0.283887 0.136932 0.034101 0.107955 0.828510 1173.000000 880.000000
0 126 0.284314 0.136932 0.033248 0.107955 0.820310 1173.000000 880.000000
0 127 0.285166 0.135795 0.033248 0.107955 0.820310 1173.000000 880.000000
0 128 0.285166 0.134659 0.033248 0.107955 0.832290 1173.000000 880.000000
0 129 0.285592 0.134659 0.032396 0.107955 0.827990 1173.000000 880.000000
0 130 0.286445 0.133523 0.032396 0.107955 0.827990 1173.000000 880.000000
0 131 0.286445 0.133523 0.032396 0.107955 0.824250 1173.000000 880.000000
0 132 0.287298 0.132386 0.032396 0.107955 0.824250 1173.000000 880.000000
0 133 0.287724 0.131250 0.031543 0.107955 0.823460 1173.000000 880.000000
0 134 0.288150 0.131250 0.032396 0.107955 0.824250 1173.000000 880.000000
0 135 0.288576 0.130114 0.031543 0.107955 0.832510 1173.000000 880.000000
0 136 0.289429 0.130114 0.031543 0.107955 0.815790 1173.000000 880.000000
0 137 0.289429 0.128977 0.031543 0.107955 0.832510 1173.000000 880.000000
0 138 0.289855 0.127841 0.030691 0.107955 0.827980 1173.000000 880.000000
0 139 0.290708 0.127841 0.030691 0.107955 0.824320 1173.000000 880.000000
0 140 0.290708 0.126705 0.030691 0.107955 0.824320 1173.000000 880.000000
0 141 0.291560 0.125568 0.030691 0.107955 0.827980 1173.000000 880.000000
0 142 0.291986 0.125568 0.029838 0.107955 0.833330 1173.000000 880.000000
0 143 0.292413 0.124432 0.030691 0.107955 0.824320 1173.000000 880.000000
0 144 0.292839 0.124432 0.029838 0.107955 0.829860 1173.000000 880.000000
0 145 0.293691 0.123295 0.029838 0.107955 0.819440 1173.000000 880.000000
0 146 0.293691 0.122159 0.029838 0.107955 0.833330 1173.000000 880.000000
0 147 0.294118 0.122159 0.028986 0.107955 0.825000 1173.000000 880.000000
0 148 0.294970 0.121023 0.028986 0.107955 0.825000 1173.000000 880.000000
0 149 0.294970 0.121023 0.028986 0.107955 0.839580 1173.000000 880.000000
0 150 0.295823 0.119886 0.028986 0.107955 0.825000 1173.000000 880.000000
0 151 0.296249 0.118750 0.028133 0.107955 0.834870 1173.000000 880.000000
0 152 0.296675 0.118750 0.028986 0.107955 0.825000 1173.000000 880.000000
0 153 0.297101 0.117614 0.028133 0.107955 0.834870 1173.000000 880.000000
0 154 0.297954 0.117614 0.028133 0.107955 0.816180 1173.000000 880.000000
0 155 0.297954 0.116477 0.028133 0.107955 0.834870 1173.000000 880.000000
0 156 0.297954 0.116477 0.028133 0.107955 0.846810 1173.000000 880.000000
0 157 0.297954 0.115341 0.028133 0.107955 0.849880 1173.000000 880.000000
0 158 0.297954 0.115341 0.028133 0.107955 0.862130 1173.000000 880.000000
0 159 0.298806 0.114205 0.028133 0.107955 0.846810 1173.000000 880.000000
0 160 0.298806 0.114205 0.028133 0.107955 0.862130 1173.000000 880.000000
0 161 0.298806 0.114205 0.028133 0.107955 0.859380 1173.000000 880.000000
0 162 0.298806 0.113068 0.028133 0.107955 0.877450 1173.000000 880.000000
0 163 0.299233 0.113068 0.028986 0.107955 0.878570 1173.000000 880.000000
0 164 0.299659 0.111932 0.028133 0.107955 0.875000 1173.000000 880.000000
0 165 0.299659 0.111932 0.028133 0.107955 0.890620 1173.000000 880.000000
0 166 0.299659 0.111932 0.028133 0.107955 0.888480 1173.000000 880.000000
0 167 0.300085 0.110795 0.028986 0.107955 0.893750 1173.000000 880.000000
0 168 0.300085 0.110795 0.028986 0.107955 0.891670 1173.000000 880.000000
0 169 0.300512 0.109659 0.028133 0.107955 0.904410 1173.000000 880.000000
0 170 0.300512 0.109659 0.028133 0.107955 0.920340 1173.000000 880.000000
0 171 0.300938 0.108523 0.028986 0.107955 0.907140 1173.000000 880.000000
0 172 0.300938 0.108523 0.028986 0.107955 0.922620 1173.000000 880.000000
0 173 0.300938 0.108523 0.028986 0.107955 0.921130 1173.000000 880.000000
0 174 0.301364 0.107386 0.028133 0.107955 0.935050 1173.000000 880.000000
0 175 0.301790 0.107386 0.028986 0.107955 0.921130 1173.000000 880.000000
0 176 0.301790 0.106250 0.028986 0.107955 0.936900 1173.000000 880.000000
0 177 0.301790 0.106250 0.028986 0.107955 0.952680 1173.000000 880.000000
0 178 0.301790 0.106250 0.028986 0.107955 0.951790 1173.000000 880.000000
0 179 0.302643 0.105114 0.028986 0.107955 0.951790 1173.000000 880.000000
0 180 0.302643 0.105114 0.028986 0.107955 0.967260 1173.000000 880.000000
0 181 0.302643 0.103977 0.028986 0.107955 0.967260 1173.000000 880.000000
0 182 0.302643 0.103977 0.028986 0.107955 0.983330 1173.000000 880.000000
0 183 0.303495 0.103977 0.028986 0.107955 0.983330 1173.000000 880.000000
0 184 0.302643 0.102841 0.028986 0.107955 1.000000 1173.000000 880.000000
0 185 0.302643 0.102841 0.028986 0.107955 1.000000 1173.000000 880.000000
0 186 0.302643 0.101705 0.028986 0.107955 1.000000 1173.000000 880.000000
0 187 0.301790 0.101705 0.028986 0.107955 1.000000 1173.000000 880.000000
0 188 0.301790 0.100568 0.028986 0.107955 1.000000 1173.000000 880.000000
0 189 0.301790 0.100568 0.028986 0.107955 1.000000 1173.000000 880.000000
0 190 0.300938 0.099432 0.028986 0.107955 1.000000 1173.000000 880.000000
0 191 0.300938 0.099432 0.028986 0.107955 1.000000 1173.000000 880.000000
0 192 0.300938 0.098295 0.028986 0.107955 1.000000 1173.000000 880.000000
0 193 0.300085 0.098295 0.028986 0.107955 1.000000 1173.000000 880.000000
0 194 0.300085 0.097159 0.028986 0.107955 1.000000 1173.000000 880.000000
0 195 0.300085 0.097159 0.028986 0.107955 1.000000 1173.000000 880.000000
0 196 0.299233 0.096023 0.028986 0.107955 1.000000 1173.000000 880.000000
0 197 0.299233 0.096023 0.028986 0.107955 1.000000 1173.000000 880.000000
0 198 0.299233 0.096023 0.028986 0.107955 1.000000 1173.000000 880.000000
0 199 0.298380 0.094886 0.028986 0.107955 1.000000 1173.000000 880.000000
0 200 0.298380 0.094886 0.028986 0.107955 1.000000 1173.000000 880.000000
0 201 0.298380 0.093750 0.028986 0.107955 1.000000 1173.000000 880.000000
0 202 0.297528 0.093750 0.028986 0.107955 0.996730 1173.000000 880.000000
0 203 0.297528 0.092614 0.028986 0.107955 0.996730 1173.000000 880.000000
0 204 0.297528 0.092614 0.028986 0.107955 0.996730 1173.000000 880.000000
0 205 0.296675 0.091477 0.028986 0.107955 0.993450 1173.000000 880.000000
0 206 0.296675 0.091477 0.028986 0.107955 0.993450 1173.000000 880.000000
0 207 0.296675 0.090341 0.028986 0.107955 0.993450 1173.000000 880.000000
0 208 0.295823 0.090341 0.028986 0.107955 0.990180 1173.000000 880.000000
0 209 0.295823 0.089205 0.028986 0.107955 0.990180 1173.000000 880.000000
0 210 0.295823 0.089205 0.028986 0.107955 0.990180 1173.000000 880.000000
0 211 0.295823 0.089205 0.028986 0.107955 0.989290 1173.000000 880.000000
0 212 0.294970 0.088068 0.028986 0.107955 0.986900 1173.000000 880.000000
0 213 0.294970 0.087500 0.028986 0.106818 0.986770 1173.000000 880.000000
0 214 0.294970 0.086932 0.028986 0.107955 0.986900 1173.000000 880.000000
0 215 0.294970 0.086364 0.028986 0.106818 0.986770 1173.000000 880.000000
0 216 0.294970 0.086364 0.028986 0.106818 0.986770 1173.000000 880.000000
0 217 0.294970 0.085227 0.028986 0.106818 0.984960 1173.000000 880.000000
0 218 0.294970 0.085227 0.028986 0.106818 0.983460 1173.000000 880.000000
0 219 0.294970 0.084659 0.028986 0.105682 0.983280 1173.000000 880.000000
0 220 0.294970 0.083523 0.028986 0.105682 0.981760 1173.000000 880.000000
0 221 0.294970 0.083523 0.028986 0.105682 0.979940 1173.000000 880.000000
0 222 0.294970 0.082386 0.028986 0.105682 0.979940 1173.000000 880.000000
0 223 0.294544 0.082386 0.028133 0.105682 0.975910 1173.000000 880.000000
0 224 0.294544 0.081818 0.028133 0.104545 0.975650 1173.000000 880.000000
0 225 0.294544 0.081250 0.028133 0.105682 0.975910 1173.000000 880.000000
0 226 0.294544 0.080682 0.028133 0.104545 0.972170 1173.000000 880.000000
0 227 0.294544 0.080114 0.028133 0.103409 0.971870 1173.000000 880.000000
0 228 0.294544 0.079545 0.028133 0.104545 0.972170 1173.000000 880.000000
0 229 0.294544 0.078977 0.028133 0.103409 0.968350 1173.000000 880.000000
0 230 0.294544 0.078409 0.028133 0.104545 0.965840 1173.000000 880.000000
0 231 0.294544 0.077841 0.028133 0.103409 0.968350 1173.000000 880.000000
0 232 0.294544 0.077841 0.028133 0.103409 0.961640 1173.000000 880.000000
0 233 0.294544 0.076705 0.028133 0.103409 0.964830 1173.000000 880.000000
0 234 0.294544 0.076136 0.028133 0.102273 0.964450 1173.000000 880.000000
0 235 0.294118 0.076136 0.027280 0.102273 0.956040 1173.000000 880.000000
0 236 0.294118 0.075000 0.027280 0.102273 0.959710 1173.000000 880.000000
0 237 0.294118 0.075000 0.027280 0.102273 0.956040 1173.000000 880.000000
0 238 0.294118 0.073864 0.027280 0.102273 0.952050 1173.000000 880.000000
0 239 0.294118 0.073864 0.027280 0.102273 0.952050 1173.000000 880.000000
0 240 0.294118 0.073295 0.027280 0.101136 0.951520 1173.000000 880.000000
0 241 0.294118 0.072159 0.027280 0.101136 0.951850 1173.000000 880.000000
0 242 0.294118 0.072159 0.027280 0.101136 0.947470 1173.000000 880.000000
0 243 0.294118 0.071591 0.027280 0.100000 0.946880 1173.000000 880.000000
0 244 0.294118 0.071023 0.027280 0.101136 0.943430 1173.000000 880.000000
0 245 0.294118 0.070455 0.027280 0.100000 0.942800 1173.000000 880.000000
0 246 0.294118 0.070455 0.027280 0.100000 0.938710 1173.000000 880.000000
0 247 0.294118 0.069318 0.027280 0.100000 0.938710 1173.000000 880.000000
0 248 0.294118 0.069318 0.027280 0.100000 0.938710 1173.000000 880.000000
0 249 0.294970 0.068182 0.027280 0.100000 0.938710 1173.000000 880.000000
0 250 0.294970 0.068182 0.027280 0.100000 0.938710 1173.000000 880.000000
0 251 0.295396 0.068182 0.028133 0.100000 0.931260 1173.000000 880.000000
0 252 0.295823 0.067045 0.027280 0.100000 0.938710 1173.000000 880.000000
0 253 0.296249 0.067045 0.028133 0.100000 0.935560 1173.000000 880.000000
0 254 0.296249 0.067045 0.028133 0.100000 0.931260 1173.000000 880.000000
0 255 0.296675 0.065909 0.027280 0.100000 0.933610 1173.000000 880.000000
0 256 0.297101 0.065909 0.028133 0.100000 0.931260 1173.000000 880.000000
0 257 0.297528 0.065909 0.027280 0.100000 0.928500 1173.000000 880.000000
0 258 0.297954 0.064773 0.028133 0.100000 0.935560 1173.000000 880.000000
0 259 0.297954 0.064773 0.028133 0.100000 0.925970 1173.000000 880.000000
0 260 0.298806 0.064773 0.028133 0.100000 0.930600 1173.000000 880.000000
0 261 0.298806 0.063636 0.028133 0.100000 0.925970 1173.000000 880.000000
0 262 0.298806 0.063636 0.028133 0.100000 0.925970 1173.000000 880.000000
0 263 0.299659 0.063636 0.028133 0.100000 0.925640 1173.000000 880.000000
0 264 0.299659 0.062500 0.028133 0.100000 0.925970 1173.000000 880.000000
0 265 0.300512 0.062500 0.028133 0.100000 0.925640 1173.000000 880.000000
0 266 0.300512 0.062500 0.028133 0.100000 0.920690 1173.000000 880.000000
0 267 0.300938 0.061364 0.028986 0.100000 0.922950 1173.000000 880.000000
0 268 0.301364 0.061364 0.028133 0.100000 0.920690 1173.000000 880.000000
0 269 0.301364 0.061364 0.028133 0.100000 0.915400 1173.000000 880.000000
0 270 0.301790 0.060227 0.028986 0.100000 0.922950 1173.000000 880.000000
0 271 0.302217 0.060227 0.028133 0.100000 0.915400 1173.000000 880.000000
0 272 0.302643 0.060227 0.028986 0.100000 0.917820 1173.000000 880.000000
0 273 0.303069 0.059091 0.028133 0.100000 0.920690 1173.000000 880.000000
0 274 0.303495 0.059091 0.028986 0.100000 0.917820 1173.000000 880.000000
0 275 0.303495 0.059091 0.028986 0.100000 0.912680 1173.000000 880.000000
0 276 0.303922 0.057955 0.028133 0.100000 0.920690 1173.000000 880.000000
0 277 0.304348 0.057955 0.028986 0.100000 0.912680 1173.000000 880.000000
0 278 0.304348 0.057955 0.028986 0.100000 0.912680 1173.000000 880.000000
0 279 0.305200 0.056818 0.028986 0.100000 0.918140 1173.000000 880.000000
0 280 0.305200 0.056818 0.028986 0.100000 0.912680 1173.000000 880.000000
0 281 0.306053 0.056818 0.028986 0.100000 0.918140 1173.000000 880.000000
0 282 0.306053 0.055682 0.028986 0.100000 0.918140 1173.000000 880.000000
0 283 0.306053 0.055682 0.028986 0.100000 0.912680 1173.000000 880.000000
0 284 0.306905 0.055114 0.028986 0.098864 0.917210 1173.000000 880.000000
0 285 0.306905 0.055114 0.028986 0.098864 0.917210 1173.000000 880.000000
0 286 0.307758 0.053977 0.028986 0.098864 0.917210 1173.000000 880.000000
0 287 0.307758 0.053977 0.028986 0.098864 0.917210 1173.000000 880.000000
0 288 0.308184 0.053409 0.028133 0.097727 0.919540 1173.000000 880.000000
0 289 0.308610 0.053409 0.028986 0.097727 0.916260 1173.000000 880.000000
0 290 0.309037 0.052273 0.028133 0.097727 0.919540 1173.000000 880.000000
0 291 0.309463 0.052273 0.028986 0.097727 0.921840 1173.000000 880.000000
0 292 0.309463 0.052273 0.028986 0.097727 0.916260 1173.000000 880.000000
0 293 0.309889 0.051705 0.028133 0.096591 0.918600 1173.000000 880.000000
0 294 0.310315 0.051136 0.028986 0.097727 0.921840 1173.000000 880.000000
0 295 0.310742 0.050568 0.028133 0.096591 0.918600 1173.000000 880.000000
0 296 0.311168 0.050568 0.028986 0.096591 0.920930 1173.000000 880.000000
0 297 0.311594 0.050000 0.028133 0.095455 0.917650 1173.000000 880.000000
0 298 0.311594 0.049432 0.028133 0.096591 0.918600 1173.000000 880.000000
0 299 0.312447 0.048864 0.028133 0.095455 0.917650 1173.000000 880.000000
0 300 0.312447 0.048864 0.028133 0.095455 0.917650 1173.000000 880.000000
0 301 0.313299 0.048864 0.028133 0.095455 0.917650 1173.000000 880.000000
0 302 0.313299 0.048295 0.028133 0.094318 0.916670 1173.000000 880.000000
0 303 0.313725 0.048295 0.028986 0.094318 0.892520 1173.000000 880.000000
0 304 0.314152 0.047727 0.028133 0.093182 0.926290 1173.000000 880.000000
0 305 0.314578 0.047727 0.028986 0.093182 0.897070 1173.000000 880.000000
0 306 0.315004 0.047159 0.028133 0.092045 0.931130 1173.000000 880.000000
0 307 0.315431 0.047159 0.028986 0.092045 0.905920 1173.000000 880.000000
0 308 0.316283 0.046591 0.028986 0.090909 0.914640 1173.000000 880.000000
0 309 0.316283 0.046591 0.028986 0.090909 0.910760 1173.000000 880.000000
0 310 0.317136 0.046023 0.028986 0.089773 0.918930 1173.000000 880.000000
0 311 0.317136 0.046023 0.028986 0.089773 0.918930 1173.000000 880.000000
0 312 0.317562 0.045455 0.029838 0.088636 0.920530 1173.000000 880.000000
0 313 0.318414 0.045455 0.029838 0.088636 0.898380 1173.000000 880.000000
0 314 0.318414 0.044886 0.029838 0.087500 0.928060 1173.000000 880.000000
0 315 0.319267 0.044886 0.029838 0.087500 0.901000 1173.000000 880.000000
0 316 0.319267 0.044318 0.029838 0.086364 0.927130 1173.000000 880.000000
0 317 0.320119 0.044318 0.029838 0.086364 0.904760 1173.000000 880.000000
0 318 0.320119 0.043750 0.029838 0.085227 0.934580 1173.000000 880.000000
0 319 0.320972 0.043750 0.029838 0.085227 0.908630 1173.000000 880.000000
0 320 0.321398 0.043750 0.030691 0.085227 0.884070 1173.000000 880.000000
0 321 0.321398 0.043182 0.030691 0.084091 0.913150 1173.000000 880.000000
0 322 0.322251 0.043182 0.030691 0.084091 0.890810 1173.000000 880.000000
0 323 0.322251 0.042614 0.030691 0.082955 0.917460 1173.000000 880.000000
0 324 0.323103 0.042614 0.030691 0.082955 0.895180 1173.000000 880.000000
0 325 0.323529 0.042045 0.031543 0.081818 0.899420 1173.000000 880.000000
0 326 0.323956 0.042045 0.030691 0.081818 0.899670 1173.000000 880.000000
0 327 0.324382 0.041477 0.031543 0.080682 0.903510 1173.000000 880.000000
0 328 0.324808 0.041477 0.030691 0.080682 0.905410 1173.000000 880.000000
0 329 0.325234 0.040909 0.031543 0.079545 0.904740 1173.000000 880.000000
0 330 0.325234 0.040909 0.031543 0.079545 0.903260 1173.000000 880.000000
0 331 0.326087 0.040341 0.031543 0.078409 0.904510 1173.000000 880.000000
0 332 0.326513 0.040341 0.032396 0.078409 0.875460 1173.000000 880.000000
0 333 0.326939 0.039773 0.031543 0.077273 0.904270 1173.000000 880.000000
0 334 0.327366 0.039773 0.032396 0.077273 0.875140 1173.000000 880.000000
0 335 0.327792 0.039205 0.031543 0.076136 0.899770 1173.000000 880.000000
0 336 0.328218 0.039205 0.032396 0.076136 0.870290 1173.000000 880.000000
0 337 0.329071 0.039205 0.032396 0.076136 0.874810 1173.000000 880.000000
0 338 0.329071 0.038636 0.032396 0.075000 0.869880 1173.000000 880.000000
0 339 0.329071 0.038636 0.032396 0.075000 0.890930 1173.000000 880.000000
0 340 0.329923 0.038636 0.032396 0.075000 0.862610 1173.000000 880.000000
0 341 0.329923 0.038636 0.032396 0.075000 0.888250 1173.000000 880.000000
0 342 0.330776 0.038068 0.032396 0.073864 0.864800 1173.000000 880.000000
0 343 0.330776 0.038068 0.032396 0.073864 0.882670 1173.000000 880.000000
0 344 0.331628 0.038068 0.032396 0.073864 0.862080 1173.000000 880.000000
0 345 0.331628 0.038068 0.032396 0.073864 0.879560 1173.000000 880.000000
0 346 0.332481 0.037500 0.032396 0.072727 0.882050 1173.000000 880.000000
0 347 0.332481 0.037500 0.032396 0.072727 0.899010 1173.000000 880.000000
0 348 0.333333 0.037500 0.032396 0.072727 0.878900 1173.000000 880.000000
0 349 0.333333 0.037500 0.032396 0.072727 0.895460 1173.000000 880.000000
0 350 0.334186 0.037500 0.032396 0.072727 0.895460 1173.000000 880.000000
0 351 0.334186 0.036932 0.032396 0.071591 0.914260 1173.000000 880.000000
0 352 0.334186 0.036932 0.032396 0.071591 0.914260 1173.000000 880.000000
0 353 0.335038 0.036932 0.032396 0.071591 0.910260 1173.000000 880.000000
0 354 0.335038 0.036932 0.032396 0.071591 0.929490 1173.000000 880.000000
0 355 0.335891 0.036364 0.032396 0.070455 0.932840 1173.000000 880.000000
0 356 0.335891 0.036364 0.032396 0.070455 0.928370 1173.000000 880.000000
0 357 0.336743 0.036364 0.032396 0.070455 0.930810 1173.000000 880.000000
0 358 0.336743 0.036364 0.032396 0.070455 0.930810 1173.000000 880.000000
0 359 0.337596 0.035795 0.032396 0.069318 0.929690 1173.000000 880.000000
0 360 0.337596 0.035795 0.032396 0.069318 0.925560 1173.000000 880.000000
0 361 0.338448 0.035795 0.032396 0.069318 0.933000 1173.000000 880.000000
0 362 0.338448 0.035795 0.032396 0.069318 0.921420 1173.000000 880.000000
0 363 0.339301 0.035795 0.032396 0.069318 0.925560 1173.000000 880.000000
0 364 0.339301 0.035227 0.032396 0.068182 0.928120 1173.000000 880.000000
0 365 0.340153 0.034659 0.032396 0.067045 0.909400 1173.000000 880.000000
0 366 0.341006 0.034659 0.032396 0.067045 0.880340 1173.000000 880.000000
0 367 0.341858 0.034091 0.032396 0.065909 0.865280 1173.000000 880.000000
0 368 0.342711 0.034091 0.032396 0.065909 0.845280 1173.000000 880.000000
0 369 0.343564 0.033523 0.032396 0.064773 0.818740 1173.000000 880.000000
0 370 0.343990 0.033523 0.031543 0.064773 0.823050 1173.000000 880.000000
0 371 0.344842 0.032955 0.031543 0.063636 0.805170 1173.000000 880.000000
0 372 0.345269 0.032955 0.032396 0.063636 0.782730 1173.000000 880.000000
0 373 0.346121 0.032386 0.032396 0.062500 0.758240 1173.000000 880.000000
0 374 0.346974 0.032386 0.032396 0.062500 0.740380 1173.000000 880.000000
0 375 0.347826 0.031818 0.032396 0.061364 0.724010 1173.000000 880.000000
0 376 0.348252 0.031818 0.031543 0.061364 0.716750 1173.000000 880.000000
0 377 0.349105 0.031250 0.031543 0.060227 0.700290 1173.000000 880.000000
0 378 0.349957 0.031250 0.031543 0.060227 0.684210 1173.000000 880.000000
0 379 0.350810 0.030682 0.031543 0.059091 0.684210 1173.000000 880.000000
0 380 0.351236 0.030682 0.032396 0.059091 0.692310 1173.000000 880.000000
0 381 0.352089 0.030114 0.032396 0.057955 0.692310 1173.000000 880.000000
0 382 0.352515 0.030114 0.031543 0.057955 0.710530 1173.000000 880.000000
0 383 0.353367 0.029545 0.031543 0.056818 0.684210 1173.000000 880.000000
0 384 0.354220 0.029545 0.031543 0.056818 0.684210 1173.000000 880.000000
0 385 0.355072 0.028977 0.031543 0.055682 0.684210 1173.000000 880.000000
0 386 0.355925 0.028977 0.031543 0.055682 0.684210 1173.000000 880.000000
0 387 0.356777 0.028409 0.031543 0.054545 0.684210 1173.000000 880.000000
0 388 0.357630 0.028409 0.031543 0.054545 0.657890 1173.000000 880.000000
0 389 0.357630 0.027841 0.031543 0.053409 0.684210 1173.000000 880.000000
0 390 0.357630 0.027841 0.031543 0.053409 0.710530 1173.000000 880.000000
0 391 0.358483 0.027273 0.031543 0.052273 0.710530 1173.000000 880.000000
0 392 0.358483 0.027273 0.031543 0.052273 0.736840 1173.000000 880.000000
0 393 0.358909 0.026705 0.030691 0.051136 0.756760 1173.000000 880.000000
0 394 0.359335 0.026705 0.031543 0.051136 0.736840 1173.000000 880.000000
0 395 0.359761 0.026136 0.030691 0.050000 0.729730 1173.000000 880.000000
0 396 0.359761 0.026136 0.030691 0.050000 0.729730 1173.000000 880.000000
0 397 0.360614 0.025568 0.030691 0.048864 0.729730 1173.000000 880.000000
0 398 0.360614 0.025568 0.030691 0.048864 0.729730 1173.000000 880.000000
0 399 0.361040 0.025000 0.029838 0.047727 0.722220 1173.000000 880.000000
0 400 0.361466 0.025000 0.030691 0.047727 0.729730 1173.000000 880.000000
0 401 0.361893 0.024432 0.029838 0.046591 0.722220 1173.000000 880.000000
0 402 0.361893 0.024432 0.029838 0.046591 0.722220 1173.000000 880.000000
0 403 0.362745 0.023864 0.029838 0.045455 0.694440 1173.000000 880.000000
0 404 0.362745 0.023864 0.029838 0.045455 0.722220 1173.000000 880.000000
0 405 0.362745 0.023295 0.029838 0.044318 0.722220 1173.000000 880.000000
0 406 0.363598 0.023295 0.029838 0.044318 0.694440 1173.000000 880.000000
0 407 0.363598 0.022727 0.029838 0.043182 0.722220 1173.000000 880.000000
0 408 0.364024 0.022727 0.028986 0.043182 0.714290 1173.000000 880.000000
0 409 0.364450 0.022159 0.029838 0.042045 0.694440 1173.000000 880.000000
0 410 0.364876 0.022159 0.028986 0.042045 0.671430 1173.000000 880.000000
0 411 0.364876 0.021591 0.028986 0.040909 0.698840 1173.000000 880.000000
0 412 0.365729 0.021591 0.028986 0.040909 0.669500 1173.000000 880.000000
0 413 0.365729 0.021023 0.028986 0.039773 0.669050 1173.000000 880.000000
0 414 0.366155 0.021023 0.028133 0.039773 0.669930 1173.000000 880.000000
0 415 0.366581 0.020455 0.028986 0.038636 0.649800 1173.000000 880.000000
0 416 0.367008 0.020455 0.028133 0.038636 0.665550 1173.000000 880.000000
0 417 0.367008 0.019886 0.028133 0.037500 0.664360 1173.000000 880.000000
0 418 0.367860 0.019886 0.028133 0.037500 0.643600 1173.000000 880.000000
0 419 0.367860 0.019318 0.028133 0.036364 0.641710 1173.000000 880.000000
0 420 0.367860 0.019318 0.028133 0.036364 0.646170 1173.000000 880.000000
0 421 0.368713 0.019318 0.028133 0.036364 0.646170 1173.000000 880.000000
0 422 0.368713 0.018750 0.028133 0.035227 0.643380 1173.000000 880.000000
0 423 0.368713 0.018750 0.028133 0.035227 0.620400 1173.000000 880.000000
0 424 0.369565 0.018750 0.028133 0.035227 0.573530 1173.000000 880.000000
0 425 0.369565 0.018182 0.028133 0.034091 0.592030 1173.000000 880.000000
0 426 0.369565 0.018182 0.028133 0.034091 0.569260 1173.000000 880.000000
0 427 0.370418 0.018182 0.028133 0.034091 0.500950 1173.000000 880.000000
0 428 0.370418 0.017614 0.028133 0.032955 0.496080 1173.000000 880.000000
0 429 0.370418 0.017614 0.028133 0.032955 0.496080 1173.000000 880.000000
0 430 0.371270 0.017614 0.028133 0.032955 0.431370 1173.000000 880.000000
0 431 0.371270 0.017614 0.028133 0.032955 0.411760 1173.000000 880.000000
0 432 0.371270 0.017045 0.028133 0.031818 0.405680 1173.000000 880.000000
0 433 0.372123 0.017045 0.028133 0.031818 0.385400 1173.000000 880.000000
0 434 0.372123 0.017045 0.028133 0.031818 0.346860 1173.000000 880.000000
0 435 0.372123 0.016477 0.028133 0.030682 0.359240 1173.000000 880.000000
0 436 0.372975 0.016477 0.028133 0.030682 0.321430 1173.000000 880.000000
0 437 0.372975 0.016477 0.028133 0.030682 0.321430 1173.000000 880.000000
0 438 0.372975 0.015909 0.028133 0.029545 0.296300 1173.000000 880.000000
0 439 0.373828 0.015909 0.028133 0.029545 0.277780 1173.000000 880.000000
0 440 0.373828 0.015909 0.028133 0.029545 0.277780 1173.000000 880.000000
