0 2375 0.389599 0.986932 0.027280 0.028409 0.320510 1173.000000 880.000000
0 2376 0.389599 0.985227 0.028986 0.031818 0.358620 1173.000000 880.000000
0 2377 0.390026 0.983523 0.029838 0.035227 0.403650 1173.000000 880.000000
0 2378 0.390026 0.981818 0.031543 0.038636 0.434590 1173.000000 880.000000
0 2379 0.390452 0.980682 0.032396 0.040909 0.449060 1173.000000 880.000000
0 2380 0.390452 0.978977 0.034101 0.044318 0.475610 1173.000000 880.000000
0 2381 0.390878 0.977273 0.034953 0.047727 0.511630 1173.000000 880.000000
0 2382 0.390878 0.975568 0.036658 0.051136 0.533600 1173.000000 880.000000
0 2383 0.391304 0.974432 0.037511 0.053409 0.565740 1173.000000 880.000000
0 2384 0.391304 0.972727 0.039216 0.056818 0.584060 1173.000000 880.000000
0 2385 0.391731 0.971023 0.040068 0.060227 0.613430 1173.000000 880.000000
0 2386 0.391731 0.969318 0.041773 0.063636 0.628770 1173.000000 880.000000
0 2387 0.392157 0.968182 0.042626 0.065909 0.655370 1173.000000 880.000000
0 2388 0.392157 0.966477 0.042626 0.069318 0.675210 1173.000000 880.000000
0 2389 0.392157 0.965341 0.042626 0.071591 0.675550 1173.000000 880.000000
0 2390 0.392157 0.963636 0.042626 0.075000 0.985070 1173.000000 880.000000
0 2391 0.392157 0.962500 0.042626 0.077273 0.985510 1173.000000 880.000000
0 2392 0.392157 0.960795 0.042626 0.080682 0.986110 1173.000000 880.000000
0 2393 0.392157 0.959659 0.042626 0.082955 0.986490 1173.000000 880.000000
0 2394 0.392157 0.958523 0.042626 0.085227 0.986840 1173.000000 880.000000
0 2395 0.392157 0.956818 0.042626 0.088636 0.987340 1173.000000 880.000000
0 2396 0.392157 0.955682 0.042626 0.090909 0.987650 1173.000000 880.000000
0 2397 0.392157 0.953977 0.042626 0.094318 0.988100 1173.000000 880.000000
0 2398 0.392157 0.952841 0.042626 0.096591 0.988370 1173.000000 880.000000
0 2399 0.392157 0.951136 0.042626 0.100000 0.988760 1173.000000 880.000000
0 2400 0.392157 0.950000 0.042626 0.102273 0.989010 1173.000000 880.000000
0 2401 0.392157 0.948864 0.042626 0.104545 0.989250 1173.000000 880.000000
0 2402 0.391304 0.948295 0.042626 0.105682 0.989360 1173.000000 880.000000
0 2403 0.390878 0.947727 0.041773 0.106818 0.712420 1173.000000 880.000000
0 2404 0.390452 0.947159 0.040921 0.107955 0.727040 1173.000000 880.000000
0 2405 0.390452 0.946591 0.040921 0.109091 0.727120 1173.000000 880.000000
