0 1 0.500853 0.028977 0.023018 0.055682 0.678570 1173.000000 880.000000
0 2 0.500000 0.028977 0.023018 0.055682 0.678570 1173.000000 880.000000
0 3 0.499147 0.028977 0.023018 0.055682 0.678570 1173.000000 880.000000
0 4 0.498295 0.028977 0.023018 0.055682 0.678570 1173.000000 880.000000
0 5 0.497442 0.028977 0.023018 0.055682 0.678570 1173.000000 880.000000
0 6 0.497016 0.028977 0.022165 0.055682 0.666670 1173.000000 880.000000
0 7 0.496590 0.028977 0.023018 0.055682 0.642860 1173.000000 880.000000
0 8 0.495737 0.028977 0.023018 0.055682 0.642860 1173.000000 880.000000
0 9 0.494885 0.028977 0.023018 0.055682 0.642860 1173.000000 880.000000
0 10 0.494032 0.029545 0.023018 0.056818 0.642860 1173.000000 880.000000
0 11 0.493606 0.029545 0.022165 0.056818 0.629630 1173.000000 880.000000
0 12 0.493180 0.030114 0.023018 0.055682 0.607140 1173.000000 880.000000
0 13 0.492327 0.030114 0.023018 0.055682 0.607140 1173.000000 880.000000
0 14 0.491475 0.030114 0.023018 0.055682 0.607140 1173.000000 880.000000
0 15 0.490622 0.030114 0.023018 0.055682 0.607140 1173.000000 880.000000
0 16 0.490196 0.030114 0.022165 0.055682 0.592590 1173.000000 880.000000
0 17 0.489344 0.030114 0.022165 0.055682 0.592590 1173.000000 880.000000
0 18 0.488917 0.030114 0.023018 0.055682 0.571430 1173.000000 880.000000
0 19 0.488065 0.030682 0.023018 0.056818 0.571430 1173.000000 880.000000
0 20 0.487212 0.030682 0.023018 0.056818 0.571430 1173.000000 880.000000
0 21 0.486786 0.030682 0.022165 0.056818 0.555560 1173.000000 880.000000
0 22 0.485934 0.030682 0.022165 0.056818 0.592590 1173.000000 880.000000
0 23 0.485507 0.031250 0.023018 0.055682 1.000000 1173.000000 880.000000
0 24 0.484655 0.031250 0.023018 0.055682 1.000000 1173.000000 880.000000
0 25 0.483802 0.031250 0.023018 0.055682 1.000000 1173.000000 880.000000
0 26 0.483376 0.031250 0.022165 0.055682 1.000000 1173.000000 880.000000
0 27 0.482523 0.031250 0.022165 0.055682 1.000000 1173.000000 880.000000
0 28 0.481671 0.031818 0.022165 0.056818 1.000000 1173.000000 880.000000
0 29 0.481245 0.031818 0.023018 0.056818 1.000000 1173.000000 880.000000
0 30 0.480392 0.031818 0.023018 0.056818 1.000000 1173.000000 880.000000
0 31 0.479966 0.031818 0.022165 0.056818 1.000000 1173.000000 880.000000
0 32 0.479113 0.031818 0.022165 0.056818 1.000000 1173.000000 880.000000
0 33 0.478261 0.031818 0.022165 0.056818 1.000000 1173.000000 880.000000
0 34 0.477835 0.032386 0.023018 0.055682 1.000000 1173.000000 880.000000
0 35 0.476982 0.032386 0.023018 0.055682 1.000000 1173.000000 880.000000
0 36 0.476556 0.032386 0.022165 0.055682 1.000000 1173.000000 880.000000
0 37 0.475703 0.032955 0.022165 0.056818 1.000000 1173.000000 880.000000
0 38 0.474851 0.032955 0.022165 0.056818 1.000000 1173.000000 880.000000
0 39 0.473998 0.032955 0.022165 0.056818 1.000000 1173.000000 880.000000
0 40 0.473572 0.032955 0.023018 0.056818 1.000000 1173.000000 880.000000
0 41 0.473146 0.032955 0.022165 0.056818 1.000000 1173.000000 880.000000
0 42 0.472293 0.032955 0.022165 0.056818 1.000000 1173.000000 880.000000
0 43 0.471441 0.032955 0.022165 0.056818 1.000000 1173.000000 880.000000
0 44 0.470588 0.032955 0.022165 0.056818 1.000000 1173.000000 880.000000
0 45 0.470588 0.034091 0.022165 0.056818 1.000000 1173.000000 880.000000
0 46 0.469736 0.032955 0.022165 0.056818 1.000000 1173.000000 880.000000
0 47 0.469736 0.032386 0.022165 0.055682 1.000000 1173.000000 880.000000
0 48 0.468883 0.032386 0.022165 0.055682 1.000000 1173.000000 880.000000
0 49 0.468883 0.031818 0.022165 0.054545 1.000000 1173.000000 880.000000
0 50 0.468883 0.031818 0.022165 0.054545 1.000000 1173.000000 880.000000
0 51 0.468031 0.031250 0.022165 0.053409 1.000000 1173.000000 880.000000
0 52 0.468031 0.030682 0.022165 0.052273 1.000000 1173.000000 880.000000
0 53 0.467178 0.030682 0.022165 0.052273 1.000000 1173.000000 880.000000
0 54 0.467178 0.030114 0.022165 0.051136 1.000000 1173.000000 880.000000
0 55 0.467178 0.030114 0.022165 0.051136 1.000000 1173.000000 880.000000
0 56 0.466326 0.028977 0.022165 0.051136 1.000000 1173.000000 880.000000
0 57 0.466326 0.028977 0.022165 0.051136 1.000000 1173.000000 880.000000
0 58 0.465473 0.028409 0.022165 0.050000 1.000000 1173.000000 880.000000
0 59 0.465473 0.027841 0.022165 0.048864 1.000000 1173.000000 880.000000
0 60 0.465473 0.027841 0.022165 0.048864 1.000000 1173.000000 880.000000
0 61 0.464621 0.027273 0.022165 0.047727 1.000000 1173.000000 880.000000
0 62 0.464621 0.027273 0.022165 0.047727 1.000000 1173.000000 880.000000
0 63 0.463768 0.026705 0.022165 0.046591 1.000000 1173.000000 880.000000
0 64 0.463768 0.026705 0.022165 0.046591 0.976190 1173.000000 880.000000
0 65 0.463768 0.026136 0.022165 0.045455 0.975610 1173.000000 880.000000
0 66 0.462916 0.025000 0.022165 0.045455 0.975610 1173.000000 880.000000
0 67 0.462916 0.025000 0.022165 0.045455 0.975610 1173.000000 880.000000
0 68 0.462063 0.024432 0.022165 0.044318 0.975000 1173.000000 880.000000
0 69 0.462063 0.024432 0.022165 0.044318 0.950000 1173.000000 880.000000
0 70 0.462063 0.023864 0.022165 0.043182 0.948720 1173.000000 880.000000
0 71 0.461211 0.023864 0.022165 0.043182 0.923080 1173.000000 880.000000
0 72 0.461211 0.023295 0.022165 0.042045 0.921050 1173.000000 880.000000
0 73 0.460358 0.022727 0.022165 0.040909 0.918920 1173.000000 880.000000
0 74 0.460358 0.022727 0.022165 0.040909 0.891890 1173.000000 880.000000
0 75 0.460358 0.022159 0.022165 0.039773 0.916670 1173.000000 880.000000
0 76 0.459506 0.021591 0.022165 0.040909 0.895900 1173.000000 880.000000
0 77 0.459506 0.021023 0.022165 0.039773 0.893000 1173.000000 880.000000
0 78 0.458653 0.021023 0.022165 0.039773 0.871400 1173.000000 880.000000
0 79 0.458653 0.020455 0.022165 0.038636 0.867720 1173.000000 880.000000
0 80 0.458653 0.019886 0.022165 0.037500 0.869280 1173.000000 880.000000
0 81 0.457801 0.019886 0.022165 0.037500 0.849670 1173.000000 880.000000
0 82 0.457801 0.019318 0.022165 0.036364 0.845120 1173.000000 880.000000
0 83 0.456948 0.019318 0.022165 0.036364 0.851850 1173.000000 880.000000
0 84 0.456948 0.018750 0.022165 0.035227 0.847220 1173.000000 880.000000
0 85 0.456948 0.018750 0.022165 0.035227 0.821760 1173.000000 880.000000
0 86 0.456095 0.018182 0.022165 0.034091 0.824370 1173.000000 880.000000
0 87 0.456095 0.017614 0.022165 0.032955 0.818520 1173.000000 880.000000
0 88 0.455243 0.017614 0.022165 0.032955 0.802470 1173.000000 880.000000
0 89 0.455243 0.017045 0.022165 0.031818 0.795660 1173.000000 880.000000
0 90 0.454390 0.017045 0.022165 0.031818 0.816090 1173.000000 880.000000
0 91 0.454390 0.016477 0.022165 0.030682 0.809520 1173.000000 880.000000
0 92 0.453964 0.016477 0.021313 0.030682 0.789840 1173.000000 880.000000
0 93 0.453538 0.015909 0.022165 0.029545 0.790120 1173.000000 880.000000
0 94 0.453112 0.015909 0.021313 0.029545 0.794870 1173.000000 880.000000
0 95 0.452685 0.015341 0.022165 0.028409 0.794870 1173.000000 880.000000
0 96 0.452685 0.015341 0.022165 0.028409 0.772080 1173.000000 880.000000
0 97 0.451833 0.014773 0.022165 0.027273 0.800000 1173.000000 880.000000
0 98 0.451833 0.014773 0.022165 0.027273 0.792590 1173.000000 880.000000
0 99 0.451407 0.014205 0.021313 0.026136 0.791670 1173.000000 880.000000
0 100 0.450980 0.014205 0.022165 0.026136 0.799380 1173.000000 880.000000
0 101 0.450554 0.013636 0.021313 0.025000 0.799330 1173.000000 880.000000
0 102 0.450128 0.013636 0.022165 0.025000 0.787440 1173.000000 880.000000
0 103 0.449702 0.013068 0.021313 0.023864 0.807690 1173.000000 880.000000
0 104 0.449275 0.013068 0.022165 0.023864 0.796300 1173.000000 880.000000
0 105 0.449275 0.012500 0.022165 0.022727 0.786600 1173.000000 880.000000
0 106 0.448849 0.012500 0.021313 0.022727 0.818680 1173.000000 880.000000
0 107 0.448423 0.011932 0.022165 0.021591 0.816670 1173.000000 880.000000
0 108 0.447997 0.011932 0.021313 0.021591 0.815380 1173.000000 880.000000
0 109 0.447570 0.011364 0.022165 0.020455 0.828460 1173.000000 880.000000
0 110 0.447144 0.011364 0.021313 0.020455 0.829960 1173.000000 880.000000
0 111 0.446718 0.010795 0.022165 0.019318 0.827160 1173.000000 880.000000
0 112 0.446292 0.010795 0.021313 0.019318 0.846150 1173.000000 880.000000
0 113 0.446292 0.010227 0.021313 0.018182 0.837100 1173.000000 880.000000
0 114 0.445865 0.009659 0.022165 0.017045 0.861110 1173.000000 880.000000
0 115 0.445439 0.009659 0.021313 0.017045 0.884620 1173.000000 880.000000
0 116 0.445013 0.009091 0.022165 0.015909 0.881480 1173.000000 880.000000
0 117 0.444587 0.009091 0.021313 0.015909 0.900000 1173.000000 880.000000
0 118 0.444160 0.008523 0.022165 0.014773 0.904760 1173.000000 880.000000
0 119 0.443734 0.008523 0.021313 0.014773 0.928570 1173.000000 880.000000
0 120 0.443734 0.007955 0.021313 0.013636 0.923080 1173.000000 880.000000
0 121 0.442882 0.007955 0.021313 0.013636 1.000000 1173.000000 880.000000
0 122 0.442882 0.007386 0.021313 0.012500 0.961540 1173.000000 880.000000
0 123 0.442455 0.007386 0.022165 0.012500 0.962960 1173.000000 880.000000
0 124 0.442029 0.006818 0.021313 0.011364 1.000000 1173.000000 880.000000
0 125 0.441603 0.006818 0.022165 0.011364 1.000000 1173.000000 880.000000
