0 2114 0.482097 0.982386 0.052003 0.037500 0.970590 1173.000000 880.000000
0 2115 0.480392 0.980114 0.052003 0.042045 0.973680 1173.000000 880.000000
0 2116 0.479540 0.977841 0.052003 0.046591 0.976190 1173.000000 880.000000
0 2117 0.478261 0.976136 0.051151 0.050000 0.977780 1173.000000 880.000000
0 2118 0.477408 0.973864 0.051151 0.054545 0.979590 1173.000000 880.000000
0 2119 0.476556 0.972159 0.051151 0.057955 0.980770 1173.000000 880.000000
0 2120 0.475277 0.969318 0.052003 0.063636 0.982460 1173.000000 880.000000
0 2121 0.474425 0.967045 0.052003 0.068182 0.983610 1173.000000 880.000000
0 2122 0.473146 0.964205 0.052856 0.073864 0.984850 1173.000000 880.000000
0 2123 0.472293 0.961932 0.052856 0.078409 0.985710 1173.000000 880.000000
0 2124 0.471867 0.959659 0.053708 0.082955 0.986490 1173.000000 880.000000
0 2125 0.471441 0.956818 0.054561 0.088636 0.987340 1173.000000 880.000000
0 2126 0.471441 0.953977 0.054561 0.094318 0.988100 1173.000000 880.000000
0 2127 0.471441 0.951705 0.054561 0.098864 0.988640 1173.000000 880.000000
0 2128 0.471441 0.949432 0.054561 0.103409 0.989130 1173.000000 880.000000
0 2129 0.471441 0.947159 0.054561 0.107955 0.989580 1173.000000 880.000000
0 2130 0.471441 0.944886 0.054561 0.112500 0.990000 1173.000000 880.000000
0 2131 0.472293 0.943182 0.054561 0.115909 0.990290 1173.000000 880.000000
0 2132 0.471441 0.940341 0.054561 0.119318 1.000000 1173.000000 880.000000
0 2133 0.471014 0.937500 0.053708 0.122727 1.000000 1173.000000 880.000000
0 2134 0.470162 0.935227 0.053708 0.127273 1.000000 1173.000000 880.000000
0 2135 0.469736 0.932386 0.052856 0.130682 1.000000 1173.000000 880.000000
0 2136 0.468883 0.929545 0.052856 0.134091 0.823130 1173.000000 880.000000
0 2137 0.468457 0.927841 0.052003 0.137500 0.729770 1173.000000 880.000000
0 2138 0.467604 0.923295 0.052003 0.137500 0.735990 1173.000000 880.000000
0 2139 0.467604 0.919886 0.052003 0.137500 0.729770 1173.000000 880.000000
0 2140 0.467604 0.915341 0.052003 0.137500 0.729640 1173.000000 880.000000
0 2141 0.466752 0.911932 0.052003 0.137500 0.721440 1173.000000 880.000000
0 2142 0.466752 0.908523 0.052003 0.137500 0.707560 1173.000000 880.000000
0 2143 0.466752 0.903977 0.052003 0.137500 0.697510 1173.000000 880.000000
0 2144 0.466326 0.900568 0.051151 0.137500 0.688660 1173.000000 880.000000
0 2145 0.465899 0.897159 0.052003 0.137500 0.671070 1173.000000 880.000000
0 2146 0.465899 0.892614 0.052003 0.137500 0.667500 1173.000000 880.000000
0 2147 0.465473 0.889205 0.051151 0.137500 0.658430 1173.000000 880.000000
0 2148 0.465473 0.885795 0.051151 0.137500 0.646870 1173.000000 880.000000
0 2149 0.465047 0.881250 0.052003 0.137500 0.643050 1173.000000 880.000000
0 2150 0.464621 0.877841 0.051151 0.137500 0.637190 1173.000000 880.000000
0 2151 0.464621 0.873295 0.051151 0.137500 0.638540 1173.000000 880.000000
0 2152 0.464194 0.869886 0.052003 0.137500 0.634850 1173.000000 880.000000
0 2153 0.463768 0.866477 0.051151 0.137500 0.631420 1173.000000 880.000000
0 2154 0.463768 0.861932 0.051151 0.137500 0.634510 1173.000000 880.000000
0 2155 0.463768 0.858523 0.051151 0.137500 0.626980 1173.000000 880.000000
0 2156 0.462916 0.855114 0.051151 0.137500 0.621740 1173.000000 880.000000
0 2157 0.462916 0.850568 0.051151 0.137500 0.627520 1173.000000 880.000000
0 2158 0.462916 0.847159 0.051151 0.137500 0.622010 1173.000000 880.000000
0 2159 0.462916 0.843750 0.051151 0.137500 0.613540 1173.000000 880.000000
0 2160 0.462063 0.840341 0.051151 0.137500 0.613540 1173.000000 880.000000
0 2161 0.462063 0.837500 0.051151 0.138636 0.602960 1173.000000 880.000000
0 2162 0.462063 0.834659 0.051151 0.137500 0.588420 1173.000000 880.000000
0 2163 0.462063 0.831818 0.051151 0.138636 0.582700 1173.000000 880.000000
0 2164 0.461211 0.828977 0.051151 0.137500 0.563830 1173.000000 880.000000
0 2165 0.461211 0.826136 0.051151 0.138636 0.566840 1173.000000 880.000000
0 2166 0.461211 0.823295 0.051151 0.137500 0.532920 1173.000000 880.000000
0 2167 0.461211 0.820455 0.051151 0.138636 0.520190 1173.000000 880.000000
0 2168 0.461211 0.817614 0.051151 0.137500 0.505240 1173.000000 880.000000
0 2169 0.460358 0.814773 0.051151 0.138636 0.504860 1173.000000 880.000000
0 2170 0.460358 0.811932 0.051151 0.137500 0.491800 1173.000000 880.000000
0 2171 0.460358 0.809091 0.051151 0.138636 0.479670 1173.000000 880.000000
0 2172 0.460358 0.806250 0.051151 0.137500 0.469230 1173.000000 880.000000
0 2173 0.460358 0.803409 0.051151 0.138636 0.456620 1173.000000 880.000000
0 2174 0.459506 0.800568 0.051151 0.137500 0.465330 1173.000000 880.000000
0 2175 0.459506 0.797727 0.051151 0.138636 0.452490 1173.000000 880.000000
0 2176 0.459506 0.794886 0.051151 0.137500 0.433620 1173.000000 880.000000
0 2177 0.459506 0.792045 0.051151 0.138636 0.432760 1173.000000 880.000000
0 2178 0.459506 0.789773 0.051151 0.138636 0.416370 1173.000000 880.000000
0 2179 0.458653 0.787500 0.051151 0.138636 0.420500 1173.000000 880.000000
0 2180 0.458227 0.786364 0.050298 0.138636 0.408130 1173.000000 880.000000
0 2181 0.457801 0.784091 0.051151 0.138636 0.407440 1173.000000 880.000000
0 2182 0.457374 0.782955 0.050298 0.138636 0.397020 1173.000000 880.000000
0 2183 0.457374 0.780682 0.050298 0.138636 0.484820 1173.000000 880.000000
0 2184 0.456522 0.779545 0.050298 0.138636 0.486720 1173.000000 880.000000
0 2185 0.456522 0.778409 0.050298 0.138636 0.472220 1173.000000 880.000000
0 2186 0.456095 0.776136 0.049446 0.138636 0.480500 1173.000000 880.000000
0 2187 0.455669 0.775000 0.050298 0.138636 0.480760 1173.000000 880.000000
0 2188 0.455243 0.772727 0.049446 0.138636 0.476510 1173.000000 880.000000
0 2189 0.455243 0.771591 0.049446 0.138636 0.469750 1173.000000 880.000000
0 2190 0.454390 0.770455 0.049446 0.138636 0.477470 1173.000000 880.000000
0 2191 0.454390 0.768182 0.049446 0.138636 0.471540 1173.000000 880.000000
0 2192 0.453964 0.767045 0.048593 0.138636 0.466640 1173.000000 880.000000
0 2193 0.453538 0.764773 0.049446 0.138636 0.481190 1173.000000 880.000000
0 2194 0.453112 0.763636 0.048593 0.138636 0.470140 1173.000000 880.000000
0 2195 0.453112 0.761364 0.048593 0.138636 0.470700 1173.000000 880.000000
0 2196 0.452259 0.760227 0.048593 0.138636 0.480240 1173.000000 880.000000
0 2197 0.452259 0.759091 0.048593 0.138636 0.463410 1173.000000 880.000000
0 2198 0.451833 0.756818 0.047741 0.138636 0.466550 1173.000000 880.000000
0 2199 0.451407 0.755682 0.048593 0.138636 0.460890 1173.000000 880.000000
0 2200 0.450980 0.753409 0.047741 0.138636 0.470690 1173.000000 880.000000
0 2201 0.450980 0.752273 0.047741 0.138636 0.460700 1173.000000 880.000000
0 2202 0.450128 0.751136 0.047741 0.138636 0.456850 1173.000000 880.000000
0 2203 0.450128 0.748864 0.047741 0.138636 0.464980 1173.000000 880.000000
0 2204 0.449702 0.747727 0.046888 0.138636 0.459790 1173.000000 880.000000
0 2205 0.449275 0.745455 0.047741 0.138636 0.459280 1173.000000 880.000000
0 2206 0.448849 0.744318 0.046888 0.138636 0.453980 1173.000000 880.000000
0 2207 0.448849 0.743182 0.046888 0.138636 0.453830 1173.000000 880.000000
0 2208 0.447570 0.740909 0.046036 0.138636 0.459130 1173.000000 880.000000
0 2209 0.446718 0.739773 0.046036 0.138636 0.459130 1173.000000 880.000000
0 2210 0.445865 0.738068 0.046036 0.137500 0.473620 1173.000000 880.000000
0 2211 0.445013 0.736932 0.046036 0.137500 0.466770 1173.000000 880.000000
0 2212 0.444160 0.735795 0.046036 0.137500 0.466770 1173.000000 880.000000
0 2213 0.443308 0.734091 0.046036 0.136364 0.481590 1173.000000 880.000000
0 2214 0.442455 0.732386 0.046036 0.137500 0.479140 1173.000000 880.000000
0 2215 0.441603 0.730682 0.046036 0.136364 0.487600 1173.000000 880.000000
0 2216 0.440750 0.729545 0.046036 0.136364 0.498870 1173.000000 880.000000
0 2217 0.439471 0.728409 0.045183 0.136364 0.494950 1173.000000 880.000000
0 2218 0.438619 0.726705 0.045183 0.135227 0.502470 1173.000000 880.000000
0 2219 0.437766 0.725568 0.045183 0.135227 0.514200 1173.000000 880.000000
0 2220 0.436914 0.723295 0.045183 0.135227 0.528240 1173.000000 880.000000
0 2221 0.436061 0.722159 0.045183 0.135227 0.528240 1173.000000 880.000000
0 2222 0.435209 0.721023 0.045183 0.135227 0.534260 1173.000000 880.000000
0 2223 0.434356 0.719318 0.045183 0.134091 0.545130 1173.000000 880.000000
0 2224 0.433504 0.718182 0.045183 0.134091 0.545130 1173.000000 880.000000
0 2225 0.432651 0.717045 0.045183 0.134091 0.551820 1173.000000 880.000000
0 2226 0.432651 0.714773 0.045183 0.134091 0.557420 1173.000000 880.000000
0 2227 0.432651 0.713636 0.045183 0.134091 0.551820 1173.000000 880.000000
0 2228 0.432651 0.711364 0.045183 0.134091 0.539370 1173.000000 880.000000
0 2229 0.433078 0.710227 0.046036 0.134091 0.535520 1173.000000 880.000000
0 2230 0.433078 0.709091 0.046036 0.134091 0.529720 1173.000000 880.000000
0 2231 0.433078 0.706818 0.046036 0.134091 0.535520 1173.000000 880.000000
0 2232 0.433078 0.705682 0.046036 0.134091 0.517340 1173.000000 880.000000
0 2233 0.433930 0.704545 0.046036 0.134091 0.496870 1173.000000 880.000000
0 2234 0.433078 0.702273 0.046036 0.134091 0.517340 1173.000000 880.000000
0 2235 0.433078 0.701136 0.046036 0.134091 0.509550 1173.000000 880.000000
0 2236 0.432225 0.698864 0.046036 0.134091 0.529720 1173.000000 880.000000
0 2237 0.432225 0.697727 0.046036 0.134091 0.509850 1173.000000 880.000000
0 2238 0.432225 0.695455 0.046036 0.134091 0.515970 1173.000000 880.000000
0 2239 0.431373 0.694318 0.046036 0.134091 0.522540 1173.000000 880.000000
0 2240 0.431373 0.693182 0.046036 0.134091 0.515660 1173.000000 880.000000
0 2241 0.430520 0.690909 0.046036 0.134091 0.534000 1173.000000 880.000000
0 2242 0.430520 0.689773 0.046036 0.134091 0.516270 1173.000000 880.000000
0 2243 0.430520 0.687500 0.046036 0.134091 0.522080 1173.000000 880.000000
0 2244 0.429668 0.686364 0.046036 0.134091 0.529260 1173.000000 880.000000
0 2245 0.429668 0.684091 0.046036 0.134091 0.534910 1173.000000 880.000000
0 2246 0.428815 0.682955 0.046036 0.134091 0.541630 1173.000000 880.000000
0 2247 0.428815 0.681818 0.046036 0.134091 0.529410 1173.000000 880.000000
0 2248 0.428815 0.679545 0.046036 0.134091 0.529870 1173.000000 880.000000
0 2249 0.427962 0.678409 0.046036 0.134091 0.537510 1173.000000 880.000000
0 2250 0.427962 0.676136 0.046036 0.134091 0.542550 1173.000000 880.000000
0 2251 0.427110 0.675000 0.046036 0.134091 0.549580 1173.000000 880.000000
0 2252 0.427110 0.672727 0.046036 0.134091 0.542860 1173.000000 880.000000
0 2253 0.427110 0.671591 0.046036 0.134091 0.536750 1173.000000 880.000000
0 2254 0.426257 0.670455 0.046036 0.134091 0.546520 1173.000000 880.000000
0 2255 0.426257 0.668182 0.046036 0.134091 0.546520 1173.000000 880.000000
0 2256 0.425405 0.667045 0.046036 0.134091 0.555840 1173.000000 880.000000
0 2257 0.425405 0.664773 0.046036 0.134091 0.543770 1173.000000 880.000000
0 2258 0.425405 0.663636 0.046036 0.134091 0.513520 1173.000000 880.000000
0 2259 0.424552 0.661364 0.046036 0.134091 0.513670 1173.000000 880.000000
0 2260 0.424552 0.660227 0.046036 0.134091 0.480210 1173.000000 880.000000
0 2261 0.424552 0.659091 0.046036 0.134091 0.471810 1173.000000 880.000000
0 2262 0.423700 0.656250 0.046036 0.132955 0.456550 1173.000000 880.000000
0 2263 0.423700 0.653977 0.046036 0.132955 0.459010 1173.000000 880.000000
0 2264 0.423700 0.651705 0.046036 0.132955 0.434050 1173.000000 880.000000
0 2265 0.423700 0.649432 0.046036 0.132955 0.434050 1173.000000 880.000000
0 2266 0.423700 0.646591 0.046036 0.131818 0.412120 1173.000000 880.000000
0 2267 0.423700 0.644886 0.046036 0.130682 0.413010 1173.000000 880.000000
0 2268 0.423700 0.642614 0.046036 0.130682 0.389810 1173.000000 880.000000
0 2269 0.423700 0.640341 0.046036 0.130682 0.376800 1173.000000 880.000000
0 2270 0.423700 0.637500 0.046036 0.129545 0.380240 1173.000000 880.000000
0 2271 0.423700 0.635227 0.046036 0.129545 0.367270 1173.000000 880.000000
0 2272 0.423700 0.633523 0.046036 0.128409 0.363000 1173.000000 880.000000
0 2273 0.423700 0.631250 0.046036 0.128409 0.344020 1173.000000 880.000000
0 2274 0.423700 0.628409 0.046036 0.127273 0.207080 1173.000000 880.000000
0 2275 0.423700 0.626136 0.046036 0.127273 0.207080 1173.000000 880.000000
0 2276 0.423700 0.623864 0.046036 0.127273 0.207080 1173.000000 880.000000
0 2277 0.423700 0.622159 0.046036 0.126136 0.197400 1173.000000 880.000000
0 2278 0.423700 0.619886 0.046036 0.126136 0.203570 1173.000000 880.000000
0 2279 0.423700 0.618750 0.046036 0.126136 0.197400 1173.000000 880.000000
0 2280 0.423700 0.616477 0.046036 0.126136 0.198210 1173.000000 880.000000
0 2281 0.423700 0.615341 0.046036 0.126136 0.192210 1173.000000 880.000000
0 2282 0.423700 0.614205 0.046036 0.126136 0.192210 1173.000000 880.000000
0 2283 0.423700 0.611932 0.046036 0.126136 0.187010 1173.000000 880.000000
0 2284 0.423700 0.610795 0.046036 0.126136 0.187010 1173.000000 880.000000
0 2285 0.424552 0.608523 0.046036 0.126136 0.192210 1173.000000 880.000000
0 2286 0.424552 0.607386 0.046036 0.126136 0.187010 1173.000000 880.000000
0 2287 0.424552 0.606250 0.046036 0.126136 0.187010 1173.000000 880.000000
0 2288 0.424552 0.603977 0.046036 0.126136 0.187010 1173.000000 880.000000
0 2289 0.424552 0.602841 0.046036 0.126136 0.181820 1173.000000 880.000000
0 2290 0.424552 0.601705 0.046036 0.126136 0.176140 1173.000000 880.000000
0 2291 0.424552 0.599432 0.046036 0.126136 0.181820 1173.000000 880.000000
0 2292 0.425405 0.598295 0.046036 0.126136 0.176140 1173.000000 880.000000
0 2293 0.425405 0.596023 0.046036 0.126136 0.181820 1173.000000 880.000000
0 2294 0.425405 0.594886 0.046036 0.126136 0.181820 1173.000000 880.000000
0 2295 0.425405 0.593750 0.046036 0.126136 0.171100 1173.000000 880.000000
0 2296 0.425405 0.591477 0.046036 0.126136 0.176620 1173.000000 880.000000
0 2297 0.425405 0.590341 0.046036 0.126136 0.171100 1173.000000 880.000000
0 2298 0.425405 0.589205 0.046036 0.126136 0.166070 1173.000000 880.000000
0 2299 0.426257 0.586932 0.046036 0.126136 0.171100 1173.000000 880.000000
0 2300 0.426257 0.585795 0.046036 0.126136 0.171100 1173.000000 880.000000
0 2301 0.426257 0.583523 0.046036 0.126136 0.175000 1173.000000 880.000000
0 2302 0.426257 0.582386 0.046036 0.126136 0.173210 1173.000000 880.000000
0 2303 0.426257 0.581250 0.046036 0.126136 0.173210 1173.000000 880.000000
0 2304 0.426257 0.578977 0.046036 0.126136 0.177440 1173.000000 880.000000
0 2305 0.426257 0.577841 0.046036 0.126136 0.172240 1173.000000 880.000000
0 2306 0.427110 0.576705 0.046036 0.126136 0.180360 1173.000000 880.000000
0 2307 0.427110 0.574432 0.046036 0.126136 0.184900 1173.000000 880.000000
0 2308 0.427110 0.572159 0.046036 0.126136 0.188640 1173.000000 880.000000
0 2309 0.427110 0.570455 0.046036 0.125000 0.190340 1173.000000 880.000000
0 2310 0.427962 0.568182 0.046036 0.125000 0.203110 1173.000000 880.000000
0 2311 0.427962 0.565909 0.046036 0.125000 0.206880 1173.000000 880.000000
0 2312 0.427962 0.564773 0.046036 0.125000 0.206880 1173.000000 880.000000
0 2313 0.428815 0.562500 0.046036 0.125000 0.219660 1173.000000 880.000000
0 2314 0.428815 0.560227 0.046036 0.125000 0.223420 1173.000000 880.000000
0 2315 0.428815 0.558523 0.046036 0.123864 0.221820 1173.000000 880.000000
0 2316 0.429241 0.556250 0.046888 0.123864 0.228900 1173.000000 880.000000
0 2317 0.429668 0.554545 0.046036 0.125000 0.232760 1173.000000 880.000000
0 2318 0.429668 0.552841 0.046036 0.123864 0.231400 1173.000000 880.000000
0 2319 0.430094 0.550568 0.046888 0.123864 0.242860 1173.000000 880.000000
0 2320 0.430520 0.548295 0.046036 0.123864 0.248760 1173.000000 880.000000
0 2321 0.430520 0.546591 0.046036 0.122727 0.247870 1173.000000 880.000000
0 2322 0.430946 0.544886 0.046888 0.123864 0.253080 1173.000000 880.000000
0 2323 0.430946 0.543182 0.046888 0.122727 0.250660 1173.000000 880.000000
0 2324 0.431373 0.540909 0.046036 0.122727 0.258380 1173.000000 880.000000
0 2325 0.431799 0.538636 0.046888 0.122727 0.270640 1173.000000 880.000000
0 2326 0.431799 0.536932 0.046888 0.121591 0.268520 1173.000000 880.000000
0 2327 0.432225 0.535227 0.046036 0.122727 0.269390 1173.000000 880.000000
0 2328 0.432651 0.532955 0.046888 0.122727 0.277360 1173.000000 880.000000
0 2329 0.432651 0.531250 0.046888 0.121591 0.273150 1173.000000 880.000000
0 2330 0.432651 0.528977 0.046888 0.121591 0.278110 1173.000000 880.000000
0 2331 0.433504 0.526705 0.046888 0.121591 0.292330 1173.000000 880.000000
0 2332 0.433504 0.525568 0.046888 0.121591 0.286210 1173.000000 880.000000
0 2333 0.433504 0.523295 0.046888 0.121591 0.295470 1173.000000 880.000000
0 2334 0.434356 0.521023 0.046888 0.121591 0.300600 1173.000000 880.000000
0 2335 0.434356 0.519318 0.046888 0.120455 0.297730 1173.000000 880.000000
0 2336 0.434356 0.517045 0.046888 0.120455 0.307080 1173.000000 880.000000
0 2337 0.435209 0.515909 0.046888 0.120455 0.308410 1173.000000 880.000000
0 2338 0.434783 0.513636 0.046036 0.120455 0.315890 1173.000000 880.000000
0 2339 0.434783 0.511932 0.046036 0.119318 0.315090 1173.000000 880.000000
0 2340 0.434783 0.510227 0.046036 0.120455 0.316910 1173.000000 880.000000
0 2341 0.434783 0.508523 0.046036 0.119318 0.319040 1173.000000 880.000000
0 2342 0.434783 0.506818 0.046036 0.120455 0.327440 1173.000000 880.000000
0 2343 0.435209 0.505114 0.045183 0.119318 0.324600 1173.000000 880.000000
0 2344 0.434783 0.503409 0.044331 0.120455 0.326750 1173.000000 880.000000
0 2345 0.434783 0.501705 0.044331 0.119318 0.326450 1173.000000 880.000000
0 2346 0.434783 0.500000 0.044331 0.120455 0.332750 1173.000000 880.000000
0 2347 0.434783 0.498295 0.044331 0.119318 0.326090 1173.000000 880.000000
0 2348 0.435209 0.496591 0.043478 0.120455 0.332140 1173.000000 880.000000
0 2349 0.435209 0.494886 0.043478 0.119318 0.332730 1173.000000 880.000000
0 2350 0.434783 0.493182 0.042626 0.120455 0.338650 1173.000000 880.000000
0 2351 0.434783 0.491477 0.042626 0.119318 0.339620 1173.000000 880.000000
0 2352 0.434783 0.489773 0.042626 0.120455 0.338460 1173.000000 880.000000
0 2353 0.435209 0.488068 0.041773 0.119318 0.339620 1173.000000 880.000000
0 2354 0.435209 0.485795 0.041773 0.119318 0.342080 1173.000000 880.000000
0 2355 0.435209 0.484659 0.041773 0.119318 0.346600 1173.000000 880.000000
0 2356 0.435209 0.482386 0.041773 0.119318 0.339810 1173.000000 880.000000
0 2357 0.434783 0.481250 0.040921 0.119318 0.346940 1173.000000 880.000000
0 2358 0.434783 0.478977 0.040921 0.119318 0.354250 1173.000000 880.000000
0 2359 0.435209 0.477841 0.040068 0.119318 0.354170 1173.000000 880.000000
0 2360 0.435209 0.475568 0.040068 0.119318 0.362030 1173.000000 880.000000
0 2361 0.435209 0.474432 0.040068 0.119318 0.354560 1173.000000 880.000000
0 2362 0.435209 0.472159 0.040068 0.119318 0.362030 1173.000000 880.000000
0 2363 0.434783 0.471023 0.039216 0.119318 0.363110 1173.000000 880.000000
0 2364 0.435209 0.468750 0.038363 0.119318 0.370800 1173.000000 880.000000
0 2365 0.435209 0.467614 0.038363 0.119318 0.363620 1173.000000 880.000000
0 2366 0.435209 0.465341 0.038363 0.119318 0.370800 1173.000000 880.000000
0 2367 0.435209 0.464205 0.038363 0.119318 0.370800 1173.000000 880.000000
0 2368 0.435209 0.461932 0.038363 0.119318 0.378590 1173.000000 880.000000
0 2369 0.435635 0.460795 0.037511 0.119318 0.378410 1173.000000 880.000000
0 2370 0.435635 0.457386 0.037511 0.119318 0.387840 1173.000000 880.000000
0 2371 0.435635 0.455114 0.037511 0.119318 0.397270 1173.000000 880.000000
0 2372 0.435635 0.452841 0.037511 0.119318 0.397270 1173.000000 880.000000
0 2373 0.435635 0.450568 0.037511 0.119318 0.412160 1173.000000 880.000000
0 2374 0.435635 0.448295 0.037511 0.119318 0.419710 1173.000000 880.000000
0 2375 0.435635 0.446023 0.037511 0.119318 0.427040 1173.000000 880.000000
0 2376 0.435635 0.443750 0.037511 0.119318 0.440250 1173.000000 880.000000
0 2377 0.435635 0.441477 0.037511 0.119318 0.448220 1173.000000 880.000000
0 2378 0.435635 0.439205 0.037511 0.119318 0.455970 1173.000000 880.000000
0 2379 0.435635 0.436932 0.037511 0.119318 0.471070 1173.000000 880.000000
0 2380 0.435635 0.434659 0.037511 0.119318 0.477990 1173.000000 880.000000
0 2381 0.435635 0.432386 0.037511 0.119318 0.491820 1173.000000 880.000000
0 2382 0.435635 0.430114 0.037511 0.119318 0.499580 1173.000000 880.000000
0 2383 0.435635 0.427841 0.037511 0.119318 0.508600 1173.000000 880.000000
0 2384 0.435635 0.424432 0.037511 0.119318 0.531660 1173.000000 880.000000
0 2385 0.435635 0.422159 0.037511 0.119318 0.541300 1173.000000 880.000000
0 2386 0.435635 0.419886 0.037511 0.119318 0.546120 1173.000000 880.000000
0 2387 0.435635 0.417614 0.037511 0.119318 0.560170 1173.000000 880.000000
0 2388 0.435635 0.415341 0.037511 0.119318 0.565620 1173.000000 880.000000
0 2389 0.435635 0.413068 0.037511 0.119318 0.581550 1173.000000 880.000000
0 2390 0.435635 0.410795 0.037511 0.119318 0.590990 1173.000000 880.000000
0 2391 0.435635 0.408523 0.037511 0.119318 0.597060 1173.000000 880.000000
0 2392 0.435635 0.406250 0.037511 0.119318 0.610270 1173.000000 880.000000
0 2393 0.435635 0.403977 0.037511 0.119318 0.616560 1173.000000 880.000000
0 2394 0.435635 0.401705 0.037511 0.119318 0.626420 1173.000000 880.000000
0 2395 0.435635 0.399432 0.037511 0.119318 0.636900 1173.000000 880.000000
0 2396 0.435635 0.397159 0.037511 0.119318 0.646750 1173.000000 880.000000
0 2397 0.435635 0.394886 0.037511 0.119318 0.659960 1173.000000 880.000000
0 2398 0.435635 0.392614 0.037511 0.119318 0.674420 1173.000000 880.000000
0 2399 0.435635 0.392614 0.037511 0.119318 0.660380 1173.000000 880.000000
0 2400 0.435635 0.392614 0.037511 0.119318 0.663940 1173.000000 880.000000
0 2401 0.435635 0.393750 0.037511 0.119318 0.655770 1173.000000 880.000000
0 2402 0.435209 0.393750 0.036658 0.119318 0.645580 1173.000000 880.000000
0 2403 0.435209 0.394318 0.036658 0.120455 0.635510 1173.000000 880.000000
0 2404 0.435209 0.394318 0.036658 0.120455 0.628720 1173.000000 880.000000
0 2405 0.435635 0.395455 0.035806 0.120455 0.615950 1173.000000 880.000000
