0 2148 0.815857 0.986932 0.046036 0.023864 0.090909 1173.000000 880.000000
0 2149 0.813725 0.984659 0.045183 0.028409 0.092593 1173.000000 880.000000
0 2150 0.812020 0.982386 0.045183 0.032955 0.111110 1173.000000 880.000000
0 2151 0.810315 0.980114 0.045183 0.037500 0.129630 1173.000000 880.000000
0 2152 0.808610 0.978409 0.045183 0.040909 0.129630 1173.000000 880.000000
0 2153 0.807332 0.976136 0.044331 0.045455 0.113210 1173.000000 880.000000
0 2154 0.805627 0.973864 0.044331 0.050000 0.132080 1173.000000 880.000000
0 2155 0.803922 0.972727 0.044331 0.054545 0.132080 1173.000000 880.000000
0 2156 0.801790 0.970455 0.043478 0.059091 0.153850 1173.000000 880.000000
0 2157 0.800085 0.968182 0.043478 0.063636 0.153850 1173.000000 880.000000
0 2158 0.798806 0.965909 0.042626 0.068182 0.156860 1173.000000 880.000000
0 2159 0.797101 0.964205 0.042626 0.071591 0.156860 1173.000000 880.000000
0 2160 0.795396 0.961932 0.042626 0.076136 0.176470 1173.000000 880.000000
0 2161 0.793691 0.959659 0.042626 0.080682 0.176470 1173.000000 880.000000
0 2162 0.792413 0.958523 0.041773 0.085227 0.986840 1173.000000 880.000000
0 2163 0.790708 0.956250 0.041773 0.087500 0.180000 1173.000000 880.000000
0 2164 0.789429 0.955114 0.042626 0.089773 0.196080 1173.000000 880.000000
0 2165 0.787724 0.953977 0.042626 0.092045 0.196080 1173.000000 880.000000
0 2166 0.786871 0.952273 0.042626 0.095455 0.196080 1173.000000 880.000000
0 2167 0.785592 0.951136 0.043478 0.097727 0.192310 1173.000000 880.000000
0 2168 0.783887 0.950000 0.043478 0.100000 0.211540 1173.000000 880.000000
0 2169 0.783035 0.948295 0.043478 0.103409 0.678090 1173.000000 880.000000
0 2170 0.781756 0.947159 0.044331 0.105682 0.660380 1173.000000 880.000000
0 2171 0.780051 0.946023 0.044331 0.107955 0.646230 1173.000000 880.000000
0 2172 0.779199 0.944886 0.044331 0.110227 0.622450 1173.000000 880.000000
0 2173 0.777494 0.942614 0.044331 0.112500 0.616040 1173.000000 880.000000
0 2174 0.776215 0.941477 0.045183 0.114773 0.599850 1173.000000 880.000000
0 2175 0.774936 0.940341 0.046036 0.117045 0.584090 1173.000000 880.000000
0 2176 0.773657 0.938636 0.045183 0.120455 0.568020 1173.000000 880.000000
0 2177 0.772379 0.937500 0.046036 0.122727 0.552960 1173.000000 880.000000
0 2178 0.771100 0.936364 0.046888 0.125000 0.555980 1173.000000 880.000000
0 2179 0.769821 0.934659 0.046036 0.128409 0.558370 1173.000000 880.000000
0 2180 0.768542 0.933523 0.046888 0.130682 0.567730 1173.000000 880.000000
0 2181 0.767263 0.932386 0.047741 0.132955 0.587570 1173.000000 880.000000
0 2182 0.765985 0.931250 0.046888 0.135227 0.592560 1173.000000 880.000000
0 2183 0.764706 0.928977 0.047741 0.137500 0.606270 1173.000000 880.000000
0 2184 0.763001 0.927841 0.047741 0.139773 0.628610 1173.000000 880.000000
0 2185 0.761722 0.926705 0.048593 0.142045 0.641760 1173.000000 880.000000
0 2186 0.760870 0.925000 0.048593 0.145455 0.662120 1173.000000 880.000000
0 2187 0.759165 0.923864 0.048593 0.147727 0.680180 1173.000000 880.000000
0 2188 0.757886 0.922727 0.049446 0.150000 0.703840 1173.000000 880.000000
0 2189 0.757033 0.921023 0.049446 0.153409 0.713980 1173.000000 880.000000
0 2190 0.755328 0.919886 0.049446 0.155682 0.746500 1173.000000 880.000000
0 2191 0.754049 0.918750 0.050298 0.157955 0.759050 1173.000000 880.000000
0 2192 0.753197 0.917614 0.050298 0.160227 0.778170 1173.000000 880.000000
0 2193 0.751492 0.915341 0.050298 0.160227 0.799300 1173.000000 880.000000
0 2194 0.750639 0.913068 0.050298 0.160227 0.820420 1173.000000 880.000000
0 2195 0.749787 0.911364 0.050298 0.159091 0.842200 1173.000000 880.000000
0 2196 0.748934 0.909659 0.050298 0.160227 0.852110 1173.000000 880.000000
0 2197 0.747229 0.907955 0.050298 0.159091 0.882980 1173.000000 880.000000
0 2198 0.746377 0.905682 0.050298 0.159091 0.893620 1173.000000 880.000000
0 2199 0.745524 0.903977 0.050298 0.157955 0.914290 1173.000000 880.000000
0 2200 0.744672 0.902273 0.050298 0.159091 0.925530 1173.000000 880.000000
0 2201 0.742967 0.900568 0.050298 0.157955 0.957140 1173.000000 880.000000
0 2202 0.742114 0.898295 0.050298 0.157955 0.967860 1173.000000 880.000000
0 2203 0.741262 0.896591 0.050298 0.156818 0.989210 1173.000000 880.000000
0 2204 0.740409 0.894886 0.050298 0.157955 1.000000 1173.000000 880.000000
0 2205 0.739557 0.893182 0.050298 0.156818 1.000000 1173.000000 880.000000
0 2206 0.737852 0.890909 0.050298 0.156818 1.000000 1173.000000 880.000000
0 2207 0.736999 0.889205 0.050298 0.155682 1.000000 1173.000000 880.000000
0 2208 0.736147 0.887500 0.050298 0.156818 1.000000 1173.000000 880.000000
0 2209 0.735294 0.885795 0.050298 0.155682 1.000000 1173.000000 880.000000
0 2210 0.733589 0.883523 0.050298 0.155682 1.000000 1173.000000 880.000000
0 2211 0.732737 0.881818 0.050298 0.154545 1.000000 1173.000000 880.000000
0 2212 0.731884 0.880114 0.050298 0.155682 1.000000 1173.000000 880.000000
0 2213 0.731032 0.878409 0.050298 0.154545 1.000000 1173.000000 880.000000
0 2214 0.729327 0.876136 0.050298 0.154545 1.000000 1173.000000 880.000000
0 2215 0.728474 0.874432 0.050298 0.153409 1.000000 1173.000000 880.000000
0 2216 0.727621 0.872727 0.050298 0.154545 1.000000 1173.000000 880.000000
0 2217 0.726769 0.871023 0.050298 0.153409 1.000000 1173.000000 880.000000
0 2218 0.725916 0.868750 0.050298 0.153409 1.000000 1173.000000 880.000000
0 2219 0.724211 0.867045 0.050298 0.152273 1.000000 1173.000000 880.000000
0 2220 0.723359 0.865341 0.050298 0.153409 1.000000 1173.000000 880.000000
0 2221 0.722506 0.863636 0.050298 0.152273 1.000000 1173.000000 880.000000
0 2222 0.721654 0.861364 0.050298 0.152273 1.000000 1173.000000 880.000000
0 2223 0.719949 0.859659 0.050298 0.151136 1.000000 1173.000000 880.000000
0 2224 0.719096 0.857955 0.050298 0.152273 1.000000 1173.000000 880.000000
0 2225 0.718244 0.856250 0.050298 0.151136 1.000000 1173.000000 880.000000
0 2226 0.717391 0.853977 0.050298 0.151136 1.000000 1173.000000 880.000000
0 2227 0.716539 0.852841 0.050298 0.151136 1.000000 1173.000000 880.000000
0 2228 0.715260 0.850568 0.049446 0.151136 1.000000 1173.000000 880.000000
0 2229 0.714408 0.848295 0.049446 0.151136 1.000000 1173.000000 880.000000
0 2230 0.713555 0.846023 0.049446 0.151136 1.000000 1173.000000 880.000000
0 2231 0.712702 0.844886 0.049446 0.151136 1.000000 1173.000000 880.000000
0 2232 0.711850 0.842614 0.049446 0.151136 1.000000 1173.000000 880.000000
0 2233 0.710997 0.840341 0.049446 0.151136 1.000000 1173.000000 880.000000
0 2234 0.710145 0.839205 0.049446 0.151136 1.000000 1173.000000 880.000000
0 2235 0.709292 0.836932 0.049446 0.151136 1.000000 1173.000000 880.000000
0 2236 0.708440 0.834659 0.049446 0.151136 1.000000 1173.000000 880.000000
0 2237 0.707587 0.832955 0.049446 0.152273 1.000000 1173.000000 880.000000
0 2238 0.706735 0.831250 0.049446 0.151136 1.000000 1173.000000 880.000000
0 2239 0.705456 0.828977 0.048593 0.151136 1.000000 1173.000000 880.000000
0 2240 0.704604 0.827273 0.048593 0.152273 1.000000 1173.000000 880.000000
0 2241 0.703751 0.825568 0.048593 0.151136 1.000000 1173.000000 880.000000
0 2242 0.702899 0.823295 0.048593 0.151136 1.000000 1173.000000 880.000000
0 2243 0.702046 0.821591 0.048593 0.152273 0.999740 1173.000000 880.000000
0 2244 0.701194 0.819886 0.048593 0.151136 0.999490 1173.000000 880.000000
0 2245 0.700341 0.817614 0.048593 0.151136 0.999230 1173.000000 880.000000
0 2246 0.699488 0.815909 0.048593 0.152273 0.998850 1173.000000 880.000000
0 2247 0.698636 0.813636 0.048593 0.152273 0.998470 1173.000000 880.000000
0 2248 0.697783 0.811932 0.048593 0.151136 0.997940 1173.000000 880.000000
0 2249 0.696931 0.810227 0.048593 0.152273 0.997450 1173.000000 880.000000
0 2250 0.695652 0.807955 0.047741 0.152273 0.996880 1173.000000 880.000000
0 2251 0.694800 0.806250 0.047741 0.151136 0.996860 1173.000000 880.000000
0 2252 0.693947 0.804545 0.047741 0.152273 0.996360 1173.000000 880.000000
0 2253 0.693095 0.802273 0.047741 0.152273 0.994800 1173.000000 880.000000
0 2254 0.692242 0.800000 0.047741 0.152273 0.994800 1173.000000 880.000000
0 2255 0.691390 0.798864 0.047741 0.152273 0.993500 1173.000000 880.000000
0 2256 0.690537 0.796591 0.047741 0.152273 0.992200 1173.000000 880.000000
0 2257 0.689685 0.794318 0.047741 0.152273 0.992200 1173.000000 880.000000
0 2258 0.688832 0.793182 0.047741 0.152273 0.990640 1173.000000 880.000000
0 2259 0.687980 0.790909 0.047741 0.152273 0.989080 1173.000000 880.000000
0 2260 0.687127 0.788636 0.047741 0.152273 0.989080 1173.000000 880.000000
0 2261 0.686275 0.787500 0.047741 0.152273 0.987260 1173.000000 880.000000
0 2262 0.684569 0.785227 0.047741 0.152273 0.987260 1173.000000 880.000000
0 2263 0.683291 0.782955 0.046888 0.152273 0.988890 1173.000000 880.000000
0 2264 0.682012 0.780682 0.047741 0.152273 0.988300 1173.000000 880.000000
0 2265 0.680733 0.778409 0.046888 0.152273 0.988100 1173.000000 880.000000
0 2266 0.679881 0.776705 0.046888 0.151136 0.987210 1173.000000 880.000000
0 2267 0.678176 0.775000 0.046888 0.152273 0.988760 1173.000000 880.000000
0 2268 0.677323 0.772727 0.046888 0.152273 0.986510 1173.000000 880.000000
0 2269 0.676044 0.770455 0.046036 0.152273 0.987880 1173.000000 880.000000
0 2270 0.674766 0.768182 0.046888 0.152273 0.988100 1173.000000 880.000000
0 2271 0.673487 0.766477 0.046036 0.151136 0.987790 1173.000000 880.000000
0 2272 0.672634 0.764205 0.046036 0.151136 0.987110 1173.000000 880.000000
0 2273 0.670929 0.762500 0.046036 0.152273 0.989230 1173.000000 880.000000
0 2274 0.670077 0.760227 0.046036 0.152273 0.989230 1173.000000 880.000000
0 2275 0.668798 0.758523 0.045183 0.151136 0.988390 1173.000000 880.000000
0 2276 0.667093 0.756250 0.045183 0.151136 0.991290 1173.000000 880.000000
0 2277 0.666240 0.753977 0.045183 0.151136 0.991290 1173.000000 880.000000
0 2278 0.664535 0.752273 0.045183 0.152273 0.993960 1173.000000 880.000000
0 2279 0.663683 0.750000 0.045183 0.152273 0.990950 1173.000000 880.000000
0 2280 0.662404 0.748295 0.044331 0.151136 0.993800 1173.000000 880.000000
0 2281 0.661125 0.746023 0.045183 0.151136 0.993920 1173.000000 880.000000
0 2282 0.659847 0.743750 0.044331 0.151136 0.993800 1173.000000 880.000000
0 2283 0.658994 0.741477 0.044331 0.151136 0.993800 1173.000000 880.000000
0 2284 0.657289 0.739773 0.044331 0.152273 0.996790 1173.000000 880.000000
0 2285 0.656436 0.738068 0.044331 0.151136 0.993520 1173.000000 880.000000
0 2286 0.655158 0.735795 0.043478 0.151136 0.996700 1173.000000 880.000000
0 2287 0.653879 0.733523 0.044331 0.151136 0.996900 1173.000000 880.000000
0 2288 0.652600 0.731250 0.043478 0.151136 1.000000 1173.000000 880.000000
0 2289 0.651748 0.730114 0.043478 0.151136 0.996700 1173.000000 880.000000
0 2290 0.650895 0.727841 0.043478 0.151136 0.996700 1173.000000 880.000000
0 2291 0.650043 0.726705 0.043478 0.151136 0.996560 1173.000000 880.000000
0 2292 0.649190 0.725568 0.043478 0.151136 0.992820 1173.000000 880.000000
0 2293 0.648338 0.724432 0.043478 0.151136 0.992540 1173.000000 880.000000
0 2294 0.647485 0.723295 0.043478 0.151136 0.992250 1173.000000 880.000000
0 2295 0.646633 0.721591 0.043478 0.150000 0.992480 1173.000000 880.000000
0 2296 0.645780 0.720455 0.043478 0.150000 0.988290 1173.000000 880.000000
0 2297 0.644928 0.719318 0.043478 0.150000 0.987850 1173.000000 880.000000
0 2298 0.644075 0.718182 0.043478 0.150000 0.987420 1173.000000 880.000000
0 2299 0.643223 0.717045 0.043478 0.150000 0.986990 1173.000000 880.000000
0 2300 0.642370 0.714773 0.043478 0.150000 0.986990 1173.000000 880.000000
0 2301 0.641517 0.713636 0.043478 0.150000 0.986550 1173.000000 880.000000
0 2302 0.640665 0.712500 0.043478 0.150000 0.986120 1173.000000 880.000000
0 2303 0.639812 0.711364 0.043478 0.150000 0.986120 1173.000000 880.000000
0 2304 0.638960 0.710227 0.043478 0.150000 0.985690 1173.000000 880.000000
0 2305 0.638534 0.708523 0.042626 0.148864 0.985740 1173.000000 880.000000
0 2306 0.637681 0.707386 0.042626 0.148864 0.985290 1173.000000 880.000000
0 2307 0.636829 0.706250 0.042626 0.148864 0.990200 1173.000000 880.000000
0 2308 0.635976 0.705114 0.042626 0.148864 0.989900 1173.000000 880.000000
0 2309 0.635124 0.703977 0.042626 0.148864 0.989900 1173.000000 880.000000
0 2310 0.634271 0.701705 0.042626 0.148864 0.994950 1173.000000 880.000000
0 2311 0.633419 0.700568 0.042626 0.148864 0.994950 1173.000000 880.000000
0 2312 0.632566 0.699432 0.042626 0.148864 0.994950 1173.000000 880.000000
0 2313 0.631714 0.698295 0.042626 0.148864 0.992720 1173.000000 880.000000
0 2314 0.630861 0.697159 0.042626 0.148864 0.986040 1173.000000 880.000000
0 2315 0.630009 0.695455 0.042626 0.147727 0.979790 1173.000000 880.000000
0 2316 0.629156 0.694318 0.042626 0.147727 0.980240 1173.000000 880.000000
0 2317 0.628303 0.693182 0.042626 0.147727 0.974850 1173.000000 880.000000
0 2318 0.627451 0.692045 0.042626 0.147727 0.970060 1173.000000 880.000000
0 2319 0.626598 0.690909 0.042626 0.147727 0.964980 1173.000000 880.000000
0 2320 0.626598 0.689773 0.042626 0.147727 0.960190 1173.000000 880.000000
0 2321 0.625746 0.687500 0.042626 0.147727 0.951500 1173.000000 880.000000
0 2322 0.624893 0.686364 0.042626 0.147727 0.947610 1173.000000 880.000000
0 2323 0.624041 0.684659 0.042626 0.146591 0.945250 1173.000000 880.000000
0 2324 0.623188 0.682955 0.042626 0.147727 0.939680 1173.000000 880.000000
0 2325 0.623188 0.681250 0.042626 0.146591 0.936650 1173.000000 880.000000
0 2326 0.622336 0.680114 0.042626 0.146591 0.938760 1173.000000 880.000000
0 2327 0.621483 0.677841 0.042626 0.146591 0.934840 1173.000000 880.000000
0 2328 0.620631 0.676705 0.042626 0.146591 0.935900 1173.000000 880.000000
0 2329 0.619778 0.675000 0.042626 0.145455 0.937980 1173.000000 880.000000
0 2330 0.619778 0.673295 0.042626 0.146591 0.934090 1173.000000 880.000000
0 2331 0.618926 0.671591 0.042626 0.145455 0.936160 1173.000000 880.000000
0 2332 0.618073 0.670455 0.042626 0.145455 0.939200 1173.000000 880.000000
0 2333 0.617221 0.668750 0.042626 0.146591 0.940270 1173.000000 880.000000
0 2334 0.616368 0.667045 0.042626 0.145455 0.944060 1173.000000 880.000000
0 2335 0.616368 0.665909 0.042626 0.145455 0.933420 1173.000000 880.000000
0 2336 0.615516 0.663636 0.042626 0.145455 0.666670 1173.000000 880.000000
0 2337 0.614663 0.662500 0.042626 0.145455 0.666670 1173.000000 880.000000
0 2338 0.613811 0.660795 0.042626 0.144318 0.666670 1173.000000 880.000000
0 2339 0.612958 0.659659 0.042626 0.144318 0.666670 1173.000000 880.000000
0 2340 0.612958 0.657386 0.042626 0.144318 0.666670 1173.000000 880.000000
0 2341 0.612106 0.656250 0.042626 0.144318 0.666670 1173.000000 880.000000
0 2342 0.611253 0.654545 0.042626 0.143182 0.648910 1173.000000 880.000000
0 2343 0.610401 0.652841 0.042626 0.144318 0.631430 1173.000000 880.000000
0 2344 0.609548 0.651705 0.042626 0.144318 0.614280 1173.000000 880.000000
0 2345 0.609548 0.650000 0.042626 0.143182 0.614790 1173.000000 880.000000
0 2346 0.608696 0.648295 0.042626 0.144318 0.581650 1173.000000 880.000000
0 2347 0.607843 0.646591 0.042626 0.143182 0.565690 1173.000000 880.000000
0 2348 0.606991 0.645455 0.042626 0.143182 0.548870 1173.000000 880.000000
0 2349 0.606138 0.643182 0.042626 0.143182 0.534510 1173.000000 880.000000
0 2350 0.606138 0.642045 0.042626 0.143182 0.519380 1173.000000 880.000000
0 2351 0.605286 0.640341 0.042626 0.142045 0.504820 1173.000000 880.000000
0 2352 0.604433 0.638636 0.042626 0.143182 0.491740 1173.000000 880.000000
0 2353 0.603581 0.636932 0.042626 0.142045 0.476190 1173.000000 880.000000
0 2354 0.602728 0.635795 0.042626 0.142045 0.446620 1173.000000 880.000000
0 2355 0.602728 0.634659 0.042626 0.142045 0.448800 1173.000000 880.000000
0 2356 0.601876 0.632386 0.042626 0.142045 0.437910 1173.000000 880.000000
0 2357 0.601023 0.630114 0.042626 0.142045 0.430280 1173.000000 880.000000
0 2358 0.600171 0.628977 0.042626 0.142045 0.400400 1173.000000 880.000000
0 2359 0.599318 0.626705 0.042626 0.142045 0.413320 1173.000000 880.000000
0 2360 0.598465 0.625568 0.042626 0.142045 0.399320 1173.000000 880.000000
0 2361 0.598039 0.623295 0.041773 0.142045 0.393650 1173.000000 880.000000
0 2362 0.597187 0.621023 0.041773 0.142045 0.391590 1173.000000 880.000000
0 2363 0.596760 0.619886 0.042626 0.142045 0.370210 1173.000000 880.000000
0 2364 0.595908 0.617614 0.042626 0.142045 0.363830 1173.000000 880.000000
0 2365 0.595055 0.616477 0.042626 0.142045 0.371300 1173.000000 880.000000
0 2366 0.594203 0.614205 0.042626 0.142045 0.355280 1173.000000 880.000000
0 2367 0.593777 0.611932 0.041773 0.142045 0.370790 1173.000000 880.000000
0 2368 0.592924 0.610795 0.041773 0.142045 0.355560 1173.000000 880.000000
0 2369 0.592072 0.608523 0.041773 0.142045 0.353970 1173.000000 880.000000
0 2370 0.591645 0.607386 0.042626 0.142045 0.344380 1173.000000 880.000000
0 2371 0.590793 0.605114 0.042626 0.142045 0.342050 1173.000000 880.000000
0 2372 0.589940 0.602841 0.042626 0.142045 0.361970 1173.000000 880.000000
0 2373 0.589514 0.601705 0.041773 0.142045 0.347140 1173.000000 880.000000
0 2374 0.588662 0.599432 0.041773 0.142045 0.334440 1173.000000 880.000000
0 2375 0.587809 0.598295 0.041773 0.142045 0.348570 1173.000000 880.000000
0 2376 0.586957 0.596023 0.041773 0.142045 0.348890 1173.000000 880.000000
0 2377 0.586104 0.593750 0.041773 0.142045 0.349840 1173.000000 880.000000
0 2378 0.585678 0.592614 0.042626 0.142045 0.352010 1173.000000 880.000000
0 2379 0.585251 0.590341 0.041773 0.142045 0.361900 1173.000000 880.000000
0 2380 0.584399 0.589205 0.041773 0.142045 0.376510 1173.000000 880.000000
0 2381 0.583546 0.586932 0.041773 0.142045 0.388570 1173.000000 880.000000
0 2382 0.582694 0.584659 0.041773 0.142045 0.394760 1173.000000 880.000000
0 2383 0.581841 0.583523 0.041773 0.142045 0.413970 1173.000000 880.000000
0 2384 0.580989 0.581250 0.041773 0.142045 0.427460 1173.000000 880.000000
0 2385 0.580989 0.580114 0.041773 0.142045 0.432220 1173.000000 880.000000
0 2386 0.580989 0.577273 0.041773 0.140909 0.432480 1173.000000 880.000000
0 2387 0.580989 0.575000 0.041773 0.140909 0.440640 1173.000000 880.000000
0 2388 0.580989 0.572727 0.041773 0.140909 0.450880 1173.000000 880.000000
0 2389 0.581415 0.570455 0.040921 0.140909 0.455510 1173.000000 880.000000
0 2390 0.581841 0.568750 0.041773 0.139773 0.445160 1173.000000 880.000000
0 2391 0.581841 0.565909 0.041773 0.138636 0.458210 1173.000000 880.000000
0 2392 0.581841 0.563636 0.041773 0.138636 0.465370 1173.000000 880.000000
0 2393 0.582268 0.561364 0.040921 0.138636 0.470380 1173.000000 880.000000
0 2394 0.582268 0.559091 0.040921 0.138636 0.458770 1173.000000 880.000000
0 2395 0.582694 0.557386 0.041773 0.137500 0.449510 1173.000000 880.000000
0 2396 0.582694 0.554545 0.041773 0.136364 0.456860 1173.000000 880.000000
0 2397 0.583120 0.552273 0.040921 0.136364 0.452860 1173.000000 880.000000
0 2398 0.583120 0.550000 0.040921 0.136364 0.451680 1173.000000 880.000000
0 2399 0.583120 0.547727 0.040921 0.136364 0.456400 1173.000000 880.000000
0 2400 0.583546 0.546023 0.041773 0.135227 0.442500 1173.000000 880.000000
0 2401 0.583973 0.543182 0.040921 0.134091 0.448980 1173.000000 880.000000
0 2402 0.583973 0.540909 0.040921 0.134091 0.451550 1173.000000 880.000000
0 2403 0.583973 0.538636 0.040921 0.134091 0.456350 1173.000000 880.000000
0 2404 0.583973 0.536364 0.040921 0.134091 0.577770 1173.000000 880.000000
0 2405 0.584825 0.534659 0.040921 0.132955 0.577310 1173.000000 880.000000
