0 1 0.591219 0.419318 0.034953 0.120455 0.571430 1173.000000 880.000000
0 2 0.590793 0.417614 0.034101 0.119318 0.585370 1173.000000 880.000000
0 3 0.590793 0.416477 0.034101 0.119318 0.585370 1173.000000 880.000000
0 4 0.590793 0.415909 0.034101 0.118182 0.585370 1173.000000 880.000000
0 5 0.590793 0.414773 0.034101 0.118182 0.585370 1173.000000 880.000000
0 6 0.590793 0.414205 0.034101 0.117045 0.585370 1173.000000 880.000000
0 7 0.590793 0.412500 0.034101 0.115909 0.585370 1173.000000 880.000000
0 8 0.590793 0.411932 0.034101 0.114773 0.585370 1173.000000 880.000000
0 9 0.590793 0.410795 0.034101 0.114773 0.585370 1173.000000 880.000000
0 10 0.590793 0.409659 0.034101 0.114773 0.585370 1173.000000 880.000000
0 11 0.590793 0.409091 0.034101 0.113636 0.585370 1173.000000 880.000000
0 12 0.590793 0.407386 0.034101 0.112500 0.585370 1173.000000 880.000000
0 13 0.590793 0.406818 0.034101 0.111364 0.585370 1173.000000 880.000000
0 14 0.590793 0.405682 0.034101 0.111364 0.585370 1173.000000 880.000000
0 15 0.590793 0.405114 0.034101 0.110227 0.585370 1173.000000 880.000000
0 16 0.590793 0.403977 0.034101 0.110227 0.536590 1173.000000 880.000000
0 17 0.590793 0.402273 0.034101 0.109091 0.512200 1173.000000 880.000000
0 18 0.590793 0.401705 0.034101 0.107955 0.487800 1173.000000 880.000000
0 19 0.590793 0.400568 0.034101 0.107955 0.439020 1173.000000 880.000000
0 20 0.590793 0.400000 0.034101 0.106818 0.414630 1173.000000 880.000000
0 21 0.590793 0.398864 0.034101 0.106818 0.390240 1173.000000 880.000000
0 22 0.590793 0.398295 0.034101 0.105682 0.390240 1173.000000 880.000000
0 23 0.589940 0.396023 0.034101 0.105682 0.414630 1173.000000 880.000000
0 24 0.589940 0.394886 0.034101 0.105682 0.414630 1173.000000 880.000000
0 25 0.589088 0.393750 0.034101 0.105682 0.463410 1173.000000 880.000000
0 26 0.589088 0.392614 0.034101 0.105682 0.463410 1173.000000 880.000000
0 27 0.589088 0.391477 0.034101 0.105682 0.463410 1173.000000 880.000000
0 28 0.588235 0.390341 0.034101 0.105682 0.512200 1173.000000 880.000000
0 29 0.588235 0.388636 0.034101 0.104545 0.463410 1173.000000 880.000000
0 30 0.587383 0.386932 0.034101 0.105682 0.439020 1173.000000 880.000000
0 31 0.587383 0.385795 0.034101 0.105682 0.414630 1173.000000 880.000000
0 32 0.587383 0.384659 0.034101 0.105682 0.390240 1173.000000 880.000000
0 33 0.586530 0.383523 0.034101 0.105682 0.414630 1173.000000 880.000000
0 34 0.586530 0.382386 0.034101 0.105682 0.390240 1173.000000 880.000000
0 35 0.585678 0.380682 0.034101 0.104545 0.414630 1173.000000 880.000000
0 36 0.585678 0.379545 0.034101 0.104545 0.414630 1173.000000 880.000000
0 37 0.585678 0.378409 0.034101 0.104545 0.390240 1173.000000 880.000000
0 38 0.584825 0.376705 0.034101 0.105682 0.414630 1173.000000 880.000000
0 39 0.584825 0.375568 0.034101 0.105682 0.390240 1173.000000 880.000000
0 40 0.584825 0.374432 0.034101 0.105682 0.390240 1173.000000 880.000000
0 41 0.583973 0.372727 0.034101 0.104545 0.414630 1173.000000 880.000000
0 42 0.583973 0.371591 0.034101 0.104545 0.390240 1173.000000 880.000000
0 43 0.583120 0.370455 0.034101 0.104545 0.414630 1173.000000 880.000000
0 44 0.583120 0.369318 0.034101 0.104545 0.390240 1173.000000 880.000000
0 45 0.583120 0.368182 0.034101 0.104545 0.390240 1173.000000 880.000000
0 46 0.582268 0.366477 0.034101 0.105682 0.414630 1173.000000 880.000000
0 47 0.582268 0.364773 0.034101 0.104545 0.390240 1173.000000 880.000000
0 48 0.581415 0.363636 0.034101 0.104545 0.414630 1173.000000 880.000000
0 49 0.581415 0.362500 0.034101 0.104545 0.390240 1173.000000 880.000000
0 50 0.581415 0.361364 0.034101 0.104545 0.390240 1173.000000 880.000000
0 51 0.580563 0.360227 0.034101 0.104545 0.414630 1173.000000 880.000000
0 52 0.580563 0.359091 0.034101 0.104545 0.390240 1173.000000 880.000000
0 53 0.580563 0.357955 0.034101 0.104545 0.390240 1173.000000 880.000000
0 54 0.579710 0.356818 0.034101 0.104545 0.390240 1173.000000 880.000000
0 55 0.579710 0.355682 0.034101 0.104545 0.390240 1173.000000 880.000000
0 56 0.579710 0.354545 0.034101 0.104545 0.365850 1173.000000 880.000000
0 57 0.579710 0.353409 0.034101 0.104545 0.365850 1173.000000 880.000000
0 58 0.578858 0.352273 0.034101 0.104545 0.390240 1173.000000 880.000000
0 59 0.578858 0.351136 0.034101 0.104545 0.365850 1173.000000 880.000000
0 60 0.578858 0.350000 0.034101 0.104545 0.365850 1173.000000 880.000000
0 61 0.578858 0.348864 0.034101 0.104545 0.365850 1173.000000 880.000000
0 62 0.578005 0.347727 0.034101 0.104545 0.390240 1173.000000 880.000000
0 63 0.578005 0.346591 0.034101 0.104545 0.390240 1173.000000 880.000000
0 64 0.578005 0.345455 0.034101 0.104545 0.390240 1173.000000 880.000000
0 65 0.578005 0.344318 0.034101 0.104545 0.390240 1173.000000 880.000000
0 66 0.577153 0.343182 0.034101 0.104545 0.414630 1173.000000 880.000000
0 67 0.577153 0.342045 0.034101 0.104545 0.414630 1173.000000 880.000000
0 68 0.577153 0.340909 0.034101 0.104545 0.414630 1173.000000 880.000000
0 69 0.577153 0.339773 0.034101 0.104545 0.414630 1173.000000 880.000000
0 70 0.576300 0.338636 0.034101 0.104545 0.439020 1173.000000 880.000000
0 71 0.576300 0.337500 0.034101 0.104545 0.439020 1173.000000 880.000000
0 72 0.576300 0.336364 0.034101 0.104545 0.439020 1173.000000 880.000000
0 73 0.576300 0.335227 0.034101 0.104545 0.439020 1173.000000 880.000000
0 74 0.575448 0.334091 0.034101 0.104545 0.463410 1173.000000 880.000000
0 75 0.575448 0.332955 0.034101 0.104545 0.463410 1173.000000 880.000000
0 76 0.575448 0.331818 0.034101 0.104545 0.463410 1173.000000 880.000000
0 77 0.575448 0.330682 0.034101 0.104545 0.463410 1173.000000 880.000000
0 78 0.574595 0.329545 0.034101 0.104545 0.487800 1173.000000 880.000000
0 79 0.574595 0.328409 0.034101 0.104545 0.487800 1173.000000 880.000000
0 80 0.574595 0.327273 0.034101 0.104545 0.487800 1173.000000 880.000000
0 81 0.574595 0.326136 0.034101 0.104545 0.487800 1173.000000 880.000000
0 82 0.573743 0.325000 0.034101 0.104545 0.512200 1173.000000 880.000000
0 83 0.573743 0.323864 0.034101 0.104545 0.512200 1173.000000 880.000000
0 84 0.573743 0.322727 0.034101 0.104545 0.512200 1173.000000 880.000000
0 85 0.573743 0.322727 0.034101 0.104545 0.512200 1173.000000 880.000000
0 86 0.573743 0.320455 0.034101 0.104545 0.512200 1173.000000 880.000000
0 87 0.573743 0.319318 0.034101 0.104545 0.512200 1173.000000 880.000000
0 88 0.574595 0.318182 0.034101 0.104545 0.487800 1173.000000 880.000000
0 89 0.574595 0.315909 0.034101 0.104545 0.487800 1173.000000 880.000000
0 90 0.575448 0.314773 0.034101 0.104545 0.463410 1173.000000 880.000000
0 91 0.575448 0.313636 0.034101 0.104545 0.487800 1173.000000 880.000000
0 92 0.576300 0.311364 0.034101 0.104545 0.463410 1173.000000 880.000000
0 93 0.576300 0.310227 0.034101 0.104545 0.463410 1173.000000 880.000000
0 94 0.577153 0.309091 0.034101 0.104545 0.439020 1173.000000 880.000000
0 95 0.577153 0.307955 0.034101 0.104545 0.439020 1173.000000 880.000000
0 96 0.577153 0.305682 0.034101 0.104545 0.439020 1173.000000 880.000000
0 97 0.578005 0.304545 0.034101 0.104545 0.414630 1173.000000 880.000000
0 98 0.578005 0.303409 0.034101 0.104545 0.414630 1173.000000 880.000000
0 99 0.578858 0.301136 0.034101 0.104545 0.390240 1173.000000 880.000000
0 100 0.578858 0.300000 0.034101 0.104545 0.390240 1173.000000 880.000000
0 101 0.579710 0.298864 0.034101 0.104545 0.365850 1173.000000 880.000000
0 102 0.579710 0.296591 0.034101 0.104545 0.365850 1173.000000 880.000000
0 103 0.580563 0.295455 0.034101 0.104545 0.341460 1173.000000 880.000000
0 104 0.580563 0.294318 0.034101 0.104545 0.341460 1173.000000 880.000000
0 105 0.580563 0.293182 0.034101 0.104545 0.341460 1173.000000 880.000000
0 106 0.581415 0.290909 0.034101 0.104545 0.317070 1173.000000 880.000000
0 107 0.581415 0.289773 0.034101 0.104545 0.317070 1173.000000 880.000000
0 108 0.582268 0.288636 0.034101 0.104545 0.292680 1173.000000 880.000000
0 109 0.582268 0.286364 0.034101 0.104545 0.292680 1173.000000 880.000000
0 110 0.583120 0.285227 0.034101 0.104545 0.268290 1173.000000 880.000000
0 111 0.583120 0.284091 0.034101 0.104545 0.268290 1173.000000 880.000000
0 112 0.583973 0.282955 0.034101 0.104545 0.243900 1173.000000 880.000000
0 113 0.583973 0.280682 0.034101 0.104545 0.243900 1173.000000 880.000000
0 114 0.583973 0.279545 0.034101 0.104545 0.243900 1173.000000 880.000000
0 115 0.584399 0.277273 0.034953 0.104545 0.238100 1173.000000 880.000000
0 116 0.584825 0.276136 0.034101 0.104545 0.219510 1173.000000 880.000000
0 117 0.584825 0.275000 0.034101 0.104545 0.219510 1173.000000 880.000000
0 118 0.585251 0.272727 0.034953 0.104545 0.214290 1173.000000 880.000000
0 119 0.585678 0.271591 0.034101 0.104545 0.195120 1173.000000 880.000000
0 120 0.585678 0.270455 0.034101 0.104545 0.195120 1173.000000 880.000000
0 121 0.586104 0.268182 0.034953 0.104545 0.190480 1173.000000 880.000000
0 122 0.586530 0.267045 0.034101 0.104545 0.170730 1173.000000 880.000000
0 123 0.586530 0.265909 0.034101 0.104545 0.170730 1173.000000 880.000000
0 124 0.586957 0.263636 0.034953 0.104545 0.164870 1173.000000 880.000000
0 125 0.587383 0.262500 0.034101 0.104545 0.143190 1173.000000 880.000000
0 126 0.587383 0.261364 0.034101 0.104545 0.141620 1173.000000 880.000000
0 127 0.587809 0.259091 0.034953 0.104545 0.135180 1173.000000 880.000000
0 128 0.588235 0.257955 0.034101 0.104545 0.114080 1173.000000 880.000000
0 129 0.588662 0.255682 0.034953 0.104545 0.108810 1173.000000 880.000000
0 130 0.588662 0.254545 0.034953 0.104545 0.107530 1173.000000 880.000000
0 131 0.589088 0.253409 0.034101 0.104545 0.087071 1173.000000 880.000000
0 132 0.589514 0.251136 0.034953 0.104545 0.082949 1173.000000 880.000000
0 133 0.589514 0.250000 0.034953 0.104545 0.081925 1173.000000 880.000000
0 134 0.589940 0.248864 0.034101 0.104545 0.062156 1173.000000 880.000000
0 135 0.590367 0.246591 0.034953 0.104545 0.059140 1173.000000 880.000000
0 136 0.590367 0.245455 0.034953 0.104545 0.058372 1173.000000 880.000000
0 137 0.590793 0.244318 0.034101 0.104545 0.039339 1173.000000 880.000000
0 138 0.591219 0.242045 0.034953 0.104545 0.037378 1173.000000 880.000000
0 139 0.591219 0.240909 0.034953 0.104545 0.036866 1173.000000 880.000000
0 140 0.591645 0.239773 0.034101 0.104545 0.018621 1173.000000 880.000000
0 141 0.592072 0.237500 0.034953 0.104545 0.017665 1173.000000 880.000000
0 142 0.592072 0.236364 0.034953 0.104545 0.017409 1173.000000 880.000000
