0 1 0.306479 0.017045 0.034953 0.031818 0.743840 1173.000000 880.000000
0 2 0.306479 0.016477 0.034953 0.030682 0.741500 1173.000000 880.000000
0 3 0.306479 0.016477 0.034953 0.030682 0.741500 1173.000000 880.000000
0 4 0.306479 0.016477 0.034953 0.030682 0.741500 1173.000000 880.000000
0 5 0.306905 0.015909 0.034101 0.029545 0.732610 1173.000000 880.000000
0 6 0.307332 0.015909 0.034953 0.029545 0.746030 1173.000000 880.000000
0 7 0.307332 0.015909 0.034953 0.029545 0.746030 1173.000000 880.000000
0 8 0.307758 0.015341 0.034101 0.028409 0.770170 1173.000000 880.000000
0 9 0.307758 0.015341 0.034101 0.028409 0.737340 1173.000000 880.000000
0 10 0.307758 0.015341 0.034101 0.028409 0.744840 1173.000000 880.000000
0 11 0.308610 0.014773 0.034101 0.027273 0.774630 1173.000000 880.000000
0 12 0.308610 0.014773 0.034101 0.027273 0.742440 1173.000000 880.000000
0 13 0.308610 0.014773 0.034101 0.027273 0.742440 1173.000000 880.000000
0 14 0.308610 0.014205 0.034101 0.026136 0.765240 1173.000000 880.000000
0 15 0.309037 0.014205 0.033248 0.026136 0.773960 1173.000000 880.000000
0 16 0.309463 0.014205 0.034101 0.026136 0.747970 1173.000000 880.000000
0 17 0.309463 0.013636 0.034101 0.025000 0.769880 1173.000000 880.000000
0 18 0.309889 0.013636 0.033248 0.025000 0.771740 1173.000000 880.000000
0 19 0.309889 0.013636 0.033248 0.025000 0.779350 1173.000000 880.000000
0 20 0.310315 0.013068 0.034101 0.023864 0.774940 1173.000000 880.000000
0 21 0.310742 0.013068 0.033248 0.023864 0.777270 1173.000000 880.000000
0 22 0.310742 0.013068 0.033248 0.023864 0.777270 1173.000000 880.000000
0 23 0.310742 0.012500 0.033248 0.022727 0.766670 1173.000000 880.000000
0 24 0.311168 0.012500 0.032396 0.022727 0.777780 1173.000000 880.000000
0 25 0.311594 0.012500 0.033248 0.022727 0.783330 1173.000000 880.000000
0 26 0.311594 0.011932 0.033248 0.021591 0.805000 1173.000000 880.000000
0 27 0.311594 0.011932 0.033248 0.021591 0.772500 1173.000000 880.000000
0 28 0.312020 0.011932 0.032396 0.021591 0.784620 1173.000000 880.000000
0 29 0.312020 0.011364 0.032396 0.020455 0.805670 1173.000000 880.000000
0 30 0.312447 0.011364 0.033248 0.020455 0.810530 1173.000000 880.000000
0 31 0.312873 0.011364 0.032396 0.020455 0.782730 1173.000000 880.000000
0 32 0.312873 0.010795 0.032396 0.019318 0.803420 1173.000000 880.000000
0 33 0.312873 0.010795 0.032396 0.019318 0.811970 1173.000000 880.000000
0 34 0.313725 0.010795 0.032396 0.019318 0.764960 1173.000000 880.000000
0 35 0.313725 0.010227 0.032396 0.018182 0.784310 1173.000000 880.000000
0 36 0.313725 0.010227 0.032396 0.018182 0.784310 1173.000000 880.000000
0 37 0.314152 0.010227 0.031543 0.018182 0.797210 1173.000000 880.000000
0 38 0.314152 0.009659 0.031543 0.017045 0.786180 1173.000000 880.000000
0 39 0.314578 0.009659 0.032396 0.017045 0.766030 1173.000000 880.000000
0 40 0.314578 0.009659 0.032396 0.017045 0.766030 1173.000000 880.000000
0 41 0.315004 0.009091 0.031543 0.015909 0.815790 1173.000000 880.000000
0 42 0.315004 0.009091 0.031543 0.015909 0.784210 1173.000000 880.000000
0 43 0.315004 0.009091 0.031543 0.015909 0.784210 1173.000000 880.000000
0 44 0.315857 0.008523 0.031543 0.014773 0.787590 1173.000000 880.000000
0 45 0.315857 0.008523 0.031543 0.014773 0.787590 1173.000000 880.000000
0 46 0.315857 0.008523 0.031543 0.014773 0.755640 1173.000000 880.000000
0 47 0.316283 0.007955 0.030691 0.013636 0.779630 1173.000000 880.000000
0 48 0.316709 0.007955 0.031543 0.013636 0.759110 1173.000000 880.000000
0 49 0.316709 0.007955 0.031543 0.013636 0.759110 1173.000000 880.000000
0 50 0.317136 0.007386 0.030691 0.012500 0.750000 1173.000000 880.000000
0 51 0.317136 0.007386 0.030691 0.012500 0.750000 1173.000000 880.000000
0 52 0.317136 0.007386 0.030691 0.012500 0.750000 1173.000000 880.000000
0 53 0.317562 0.006818 0.031543 0.011364 0.751200 1173.000000 880.000000
0 54 0.317988 0.006818 0.030691 0.011364 0.719900 1173.000000 880.000000
0 55 0.317988 0.006818 0.030691 0.011364 0.719900 1173.000000 880.000000
