0 1 0.517903 0.631250 0.050298 0.142045 0.986110 1173.000000 880.000000
0 2 0.516198 0.628977 0.050298 0.142045 0.989420 1173.000000 880.000000
0 3 0.515345 0.627841 0.050298 0.142045 0.989420 1173.000000 880.000000
0 4 0.513640 0.626705 0.050298 0.142045 0.994710 1173.000000 880.000000
0 5 0.512788 0.625568 0.050298 0.142045 0.994710 1173.000000 880.000000
0 6 0.511509 0.624432 0.049446 0.142045 1.000000 1173.000000 880.000000
0 7 0.510230 0.623295 0.050298 0.142045 1.000000 1173.000000 880.000000
0 8 0.508951 0.622159 0.049446 0.142045 1.000000 1173.000000 880.000000
0 9 0.507673 0.621023 0.050298 0.142045 1.000000 1173.000000 880.000000
0 10 0.506394 0.619886 0.049446 0.142045 1.000000 1173.000000 880.000000
0 11 0.505541 0.618750 0.049446 0.142045 1.000000 1173.000000 880.000000
0 12 0.503836 0.617614 0.049446 0.142045 1.000000 1173.000000 880.000000
0 13 0.502984 0.616477 0.049446 0.142045 1.000000 1173.000000 880.000000
0 14 0.501279 0.615341 0.049446 0.142045 1.000000 1173.000000 880.000000
0 15 0.500426 0.614205 0.049446 0.142045 1.000000 1173.000000 880.000000
0 16 0.499147 0.613068 0.048593 0.142045 1.000000 1173.000000 880.000000
0 17 0.497869 0.611932 0.049446 0.142045 1.000000 1173.000000 880.000000
0 18 0.496590 0.610795 0.048593 0.142045 1.000000 1173.000000 880.000000
0 19 0.495311 0.609659 0.049446 0.142045 1.000000 1173.000000 880.000000
0 20 0.494032 0.608523 0.048593 0.142045 1.000000 1173.000000 880.000000
0 21 0.493180 0.607386 0.048593 0.142045 1.000000 1173.000000 880.000000
0 22 0.491475 0.606250 0.048593 0.142045 1.000000 1173.000000 880.000000
0 23 0.490622 0.605114 0.048593 0.142045 0.993160 1173.000000 880.000000
0 24 0.488917 0.603977 0.048593 0.142045 0.986590 1173.000000 880.000000
0 25 0.488065 0.602841 0.048593 0.142045 0.986590 1173.000000 880.000000
0 26 0.487212 0.601705 0.048593 0.142045 0.979890 1173.000000 880.000000
0 27 0.486360 0.599432 0.048593 0.142045 0.979890 1173.000000 880.000000
0 28 0.486360 0.598295 0.048593 0.142045 0.972630 1173.000000 880.000000
0 29 0.485507 0.596023 0.048593 0.142045 0.972630 1173.000000 880.000000
0 30 0.485507 0.594886 0.048593 0.142045 0.965110 1173.000000 880.000000
0 31 0.485507 0.593750 0.048593 0.142045 0.957310 1173.000000 880.000000
0 32 0.484655 0.591477 0.048593 0.142045 0.957310 1173.000000 880.000000
0 33 0.484655 0.590341 0.048593 0.142045 0.935140 1173.000000 880.000000
0 34 0.484228 0.589205 0.049446 0.142045 0.914450 1173.000000 880.000000
0 35 0.483802 0.586932 0.048593 0.142045 0.899430 1173.000000 880.000000
0 36 0.483802 0.585795 0.048593 0.142045 0.877530 1173.000000 880.000000
0 37 0.483376 0.584659 0.049446 0.142045 0.857410 1173.000000 880.000000
0 38 0.482950 0.582386 0.048593 0.142045 0.854950 1173.000000 880.000000
0 39 0.482523 0.581250 0.049446 0.142045 0.835750 1173.000000 880.000000
0 40 0.482097 0.578977 0.048593 0.142045 0.832920 1173.000000 880.000000
0 41 0.482097 0.577841 0.048593 0.142045 0.817870 1173.000000 880.000000
0 42 0.481671 0.576705 0.049446 0.142045 0.798220 1173.000000 880.000000
0 43 0.481245 0.574432 0.048593 0.142045 0.797480 1173.000000 880.000000
0 44 0.480818 0.573295 0.049446 0.142045 0.778180 1173.000000 880.000000
0 45 0.480818 0.572159 0.049446 0.142045 0.758410 1173.000000 880.000000
0 46 0.480392 0.569886 0.048593 0.142045 0.756160 1173.000000 880.000000
0 47 0.479966 0.568750 0.049446 0.142045 0.738900 1173.000000 880.000000
0 48 0.479966 0.567614 0.049446 0.142045 0.718050 1173.000000 880.000000
0 49 0.479113 0.565341 0.049446 0.142045 0.732450 1173.000000 880.000000
0 50 0.479113 0.564205 0.049446 0.142045 0.711730 1173.000000 880.000000
0 51 0.478687 0.561932 0.048593 0.142045 0.710730 1173.000000 880.000000
0 52 0.478261 0.560795 0.049446 0.142045 0.692760 1173.000000 880.000000
0 53 0.478261 0.559659 0.049446 0.142045 0.674070 1173.000000 880.000000
0 54 0.477408 0.557386 0.049446 0.142045 0.674070 1173.000000 880.000000
0 55 0.477408 0.556250 0.049446 0.142045 0.655640 1173.000000 880.000000
0 56 0.477408 0.555114 0.049446 0.142045 0.641110 1173.000000 880.000000
0 57 0.476556 0.552841 0.049446 0.142045 0.643260 1173.000000 880.000000
0 58 0.476556 0.551705 0.049446 0.142045 0.622950 1173.000000 880.000000
0 59 0.476556 0.550568 0.049446 0.142045 0.605060 1173.000000 880.000000
0 60 0.476130 0.548295 0.048593 0.142045 0.601260 1173.000000 880.000000
0 61 0.476130 0.546023 0.048593 0.142045 0.603720 1173.000000 880.000000
0 62 0.476556 0.544318 0.047741 0.140909 0.589330 1173.000000 880.000000
0 63 0.476556 0.542614 0.047741 0.142045 0.584660 1173.000000 880.000000
0 64 0.476556 0.540341 0.047741 0.142045 0.587300 1173.000000 880.000000
0 65 0.476556 0.538636 0.046036 0.140909 0.575270 1173.000000 880.000000
0 66 0.476556 0.536364 0.046036 0.140909 0.578040 1173.000000 880.000000
0 67 0.476556 0.534659 0.046036 0.142045 0.573450 1173.000000 880.000000
0 68 0.476982 0.532955 0.045183 0.140909 0.560300 1173.000000 880.000000
0 69 0.476982 0.530682 0.045183 0.140909 0.560300 1173.000000 880.000000
0 70 0.476556 0.528409 0.044331 0.140909 0.571620 1173.000000 880.000000
0 71 0.476982 0.527273 0.043478 0.140909 0.545230 1173.000000 880.000000
0 72 0.476982 0.525000 0.043478 0.140909 0.548310 1173.000000 880.000000
0 73 0.476982 0.522727 0.043478 0.140909 0.548310 1173.000000 880.000000
0 74 0.477408 0.521591 0.042626 0.140909 0.529410 1173.000000 880.000000
0 75 0.476982 0.520455 0.043478 0.140909 0.526920 1173.000000 880.000000
0 76 0.476982 0.519318 0.043478 0.140909 0.522150 1173.000000 880.000000
0 77 0.476982 0.518182 0.043478 0.140909 0.514150 1173.000000 880.000000
0 78 0.476982 0.517045 0.043478 0.140909 0.509380 1173.000000 880.000000
0 79 0.476982 0.515909 0.043478 0.140909 0.514460 1173.000000 880.000000
0 80 0.476982 0.514773 0.043478 0.140909 0.509540 1173.000000 880.000000
0 81 0.476982 0.513636 0.043478 0.140909 0.501540 1173.000000 880.000000
0 82 0.476982 0.512500 0.043478 0.140909 0.509380 1173.000000 880.000000
0 83 0.476982 0.511364 0.043478 0.140909 0.504310 1173.000000 880.000000
0 84 0.476556 0.510227 0.044331 0.140909 0.500830 1173.000000 880.000000
0 85 0.476556 0.509091 0.044331 0.140909 0.507920 1173.000000 880.000000
0 86 0.476556 0.507955 0.044331 0.140909 0.499920 1173.000000 880.000000
0 87 0.476556 0.506818 0.044331 0.140909 0.506720 1173.000000 880.000000
0 88 0.476556 0.505682 0.044331 0.140909 0.501280 1173.000000 880.000000
0 89 0.476556 0.504545 0.044331 0.140909 0.493280 1173.000000 880.000000
0 90 0.476556 0.503409 0.044331 0.140909 0.499620 1173.000000 880.000000
0 91 0.476556 0.502273 0.044331 0.140909 0.637890 1173.000000 880.000000
0 92 0.476982 0.501136 0.045183 0.140909 0.622220 1173.000000 880.000000
0 93 0.476982 0.498864 0.045183 0.140909 0.491850 1173.000000 880.000000
0 94 0.476982 0.497159 0.045183 0.139773 0.487750 1173.000000 880.000000
0 95 0.477408 0.494886 0.044331 0.139773 0.486760 1173.000000 880.000000
0 96 0.477408 0.493182 0.044331 0.138636 0.496550 1173.000000 880.000000
0 97 0.477835 0.490909 0.043478 0.138636 0.499370 1173.000000 880.000000
0 98 0.478261 0.489773 0.044331 0.138636 0.493790 1173.000000 880.000000
0 99 0.478687 0.487500 0.043478 0.138636 0.500160 1173.000000 880.000000
0 100 0.478687 0.485795 0.043478 0.137500 0.497950 1173.000000 880.000000
0 101 0.479113 0.483523 0.042626 0.137500 0.496950 1173.000000 880.000000
0 102 0.479113 0.481818 0.042626 0.136364 0.511590 1173.000000 880.000000
0 103 0.479113 0.479545 0.042626 0.136364 0.505430 1173.000000 880.000000
0 104 0.479966 0.478409 0.042626 0.136364 0.501540 1173.000000 880.000000
0 105 0.479966 0.476136 0.042626 0.136364 0.501860 1173.000000 880.000000
0 106 0.480392 0.474432 0.041773 0.135227 0.516000 1173.000000 880.000000
0 107 0.480392 0.472159 0.041773 0.135227 0.510500 1173.000000 880.000000
0 108 0.480818 0.470455 0.040921 0.134091 0.514490 1173.000000 880.000000
0 109 0.480818 0.468182 0.040921 0.134091 0.525810 1173.000000 880.000000
0 110 0.481671 0.467045 0.040921 0.134091 0.509000 1173.000000 880.000000
0 111 0.481671 0.464773 0.040921 0.134091 0.516210 1173.000000 880.000000
0 112 0.481671 0.463636 0.040921 0.134091 0.526320 1173.000000 880.000000
0 113 0.482523 0.462500 0.040921 0.134091 0.510030 1173.000000 880.000000
0 114 0.482523 0.461364 0.040921 0.134091 0.509180 1173.000000 880.000000
0 115 0.483376 0.460227 0.040921 0.134091 0.607440 1173.000000 880.000000
0 116 0.483376 0.459091 0.040921 0.134091 0.608990 1173.000000 880.000000
0 117 0.484228 0.456818 0.040921 0.134091 0.488770 1173.000000 880.000000
0 118 0.484228 0.455682 0.040921 0.134091 0.596470 1173.000000 880.000000
0 119 0.485081 0.454545 0.040921 0.134091 0.591490 1173.000000 880.000000
0 120 0.485081 0.453409 0.040921 0.134091 0.588060 1173.000000 880.000000
0 121 0.485081 0.452273 0.040921 0.134091 0.585660 1173.000000 880.000000
0 122 0.485934 0.451136 0.040921 0.134091 0.581380 1173.000000 880.000000
0 123 0.485934 0.448864 0.040921 0.134091 0.586520 1173.000000 880.000000
0 124 0.486786 0.447727 0.040921 0.134091 0.582750 1173.000000 880.000000
0 125 0.486786 0.446591 0.040921 0.134091 0.586520 1173.000000 880.000000
0 126 0.487639 0.445455 0.040921 0.134091 0.589260 1173.000000 880.000000
0 127 0.487639 0.444318 0.040921 0.134091 0.587210 1173.000000 880.000000
0 128 0.488491 0.443182 0.040921 0.134091 0.583600 1173.000000 880.000000
0 129 0.488491 0.440909 0.040921 0.134091 0.596810 1173.000000 880.000000
0 130 0.488491 0.439773 0.040921 0.134091 0.593720 1173.000000 880.000000
0 131 0.488491 0.438636 0.040921 0.134091 0.598350 1173.000000 880.000000
0 132 0.488491 0.437500 0.040921 0.134091 0.595270 1173.000000 880.000000
0 133 0.488917 0.436364 0.041773 0.134091 0.592610 1173.000000 880.000000
0 134 0.488917 0.435227 0.041773 0.134091 0.595630 1173.000000 880.000000
0 135 0.488917 0.432955 0.041773 0.134091 0.604030 1173.000000 880.000000
0 136 0.488917 0.431818 0.041773 0.134091 0.600840 1173.000000 880.000000
0 137 0.489344 0.430682 0.042626 0.134091 0.598290 1173.000000 880.000000
0 138 0.489344 0.429545 0.042626 0.134091 0.590870 1173.000000 880.000000
0 139 0.489344 0.428409 0.042626 0.134091 0.589060 1173.000000 880.000000
0 140 0.489344 0.427273 0.042626 0.134091 0.582470 1173.000000 880.000000
0 141 0.489344 0.425000 0.042626 0.134091 0.588890 1173.000000 880.000000
0 142 0.489770 0.423864 0.043478 0.134091 0.585160 1173.000000 880.000000
0 143 0.489770 0.422727 0.043478 0.134091 0.585160 1173.000000 880.000000
0 144 0.489770 0.421591 0.043478 0.134091 0.576120 1173.000000 880.000000
0 145 0.489770 0.420455 0.043478 0.134091 0.576120 1173.000000 880.000000
0 146 0.490196 0.419318 0.044331 0.134091 0.566510 1173.000000 880.000000
0 147 0.490196 0.417614 0.044331 0.132955 0.574510 1173.000000 880.000000
0 148 0.490196 0.416477 0.044331 0.132955 0.574510 1173.000000 880.000000
0 149 0.491049 0.414773 0.044331 0.131818 0.571360 1173.000000 880.000000
0 150 0.491049 0.413636 0.044331 0.131818 0.571360 1173.000000 880.000000
0 151 0.491049 0.411932 0.044331 0.130682 0.572870 1173.000000 880.000000
0 152 0.491901 0.410795 0.044331 0.130682 0.572380 1173.000000 880.000000
0 153 0.491901 0.409091 0.044331 0.129545 0.569320 1173.000000 880.000000
0 154 0.491901 0.407955 0.044331 0.129545 0.566690 1173.000000 880.000000
0 155 0.492754 0.406818 0.044331 0.129545 0.566690 1173.000000 880.000000
0 156 0.492754 0.405114 0.044331 0.128409 0.544190 1173.000000 880.000000
0 157 0.492754 0.403977 0.044331 0.128409 0.551640 1173.000000 880.000000
0 158 0.493606 0.402841 0.044331 0.126136 0.558460 1173.000000 880.000000
0 159 0.493606 0.401705 0.044331 0.126136 0.568400 1173.000000 880.000000
0 160 0.493606 0.400000 0.044331 0.125000 0.579810 1173.000000 880.000000
0 161 0.494459 0.398864 0.044331 0.125000 0.583550 1173.000000 880.000000
0 162 0.494459 0.397727 0.044331 0.125000 0.573180 1173.000000 880.000000
0 163 0.494459 0.396023 0.044331 0.123864 0.583700 1173.000000 880.000000
0 164 0.495311 0.394886 0.044331 0.123864 0.592800 1173.000000 880.000000
0 165 0.495311 0.393182 0.044331 0.122727 0.598230 1173.000000 880.000000
0 166 0.495311 0.392045 0.044331 0.122727 0.592870 1173.000000 880.000000
0 167 0.496164 0.390341 0.044331 0.121591 0.602900 1173.000000 880.000000
0 168 0.496164 0.389205 0.044331 0.121591 0.602900 1173.000000 880.000000
0 169 0.497016 0.388636 0.044331 0.120455 0.608710 1173.000000 880.000000
0 170 0.497869 0.386364 0.044331 0.120455 0.613650 1173.000000 880.000000
0 171 0.499147 0.385227 0.043478 0.120455 0.621320 1173.000000 880.000000
0 172 0.500000 0.384091 0.043478 0.120455 0.632280 1173.000000 880.000000
0 173 0.501279 0.382955 0.042626 0.120455 0.642110 1173.000000 880.000000
0 174 0.502558 0.381818 0.043478 0.120455 0.640370 1173.000000 880.000000
0 175 0.503836 0.380682 0.042626 0.120455 0.648890 1173.000000 880.000000
0 176 0.504689 0.379545 0.042626 0.120455 0.660250 1173.000000 880.000000
0 177 0.505968 0.378409 0.041773 0.120455 0.677940 1173.000000 880.000000
0 178 0.507246 0.377273 0.040921 0.120455 0.674040 1173.000000 880.000000
0 179 0.508525 0.376136 0.041773 0.120455 0.667290 1173.000000 880.000000
0 180 0.509804 0.375000 0.040921 0.120455 0.683390 1173.000000 880.000000
0 181 0.510656 0.373864 0.040921 0.120455 0.677860 1173.000000 880.000000
0 182 0.511935 0.372727 0.040068 0.120455 0.659270 1173.000000 880.000000
0 183 0.513214 0.371591 0.040921 0.120455 0.646580 1173.000000 880.000000
0 184 0.514493 0.370455 0.040068 0.120455 0.622660 1173.000000 880.000000
0 185 0.515772 0.369318 0.039216 0.120455 0.608270 1173.000000 880.000000
0 186 0.516624 0.368182 0.039216 0.120455 0.596940 1173.000000 880.000000
0 187 0.517903 0.367045 0.038363 0.120455 0.583300 1173.000000 880.000000
0 188 0.519182 0.365909 0.039216 0.120455 0.558360 1173.000000 880.000000
0 189 0.520460 0.364773 0.038363 0.120455 0.548760 1173.000000 880.000000
0 190 0.521313 0.363636 0.038363 0.120455 0.537590 1173.000000 880.000000
0 191 0.522592 0.362500 0.037511 0.120455 0.519830 1173.000000 880.000000
0 192 0.524297 0.361364 0.037511 0.120455 0.477050 1173.000000 880.000000
0 193 0.524297 0.360227 0.037511 0.120455 0.488470 1173.000000 880.000000
0 194 0.525149 0.359091 0.037511 0.120455 0.473730 1173.000000 880.000000
0 195 0.526002 0.357955 0.037511 0.120455 0.463970 1173.000000 880.000000
0 196 0.526854 0.357955 0.037511 0.120455 0.433440 1173.000000 880.000000
0 197 0.527707 0.356818 0.037511 0.120455 0.440290 1173.000000 880.000000
0 198 0.528559 0.355682 0.037511 0.120455 0.418690 1173.000000 880.000000
0 199 0.529412 0.355682 0.037511 0.120455 0.409350 1173.000000 880.000000
0 200 0.529412 0.354545 0.037511 0.120455 0.428250 1173.000000 880.000000
0 201 0.530264 0.353409 0.037511 0.120455 0.416200 1173.000000 880.000000
0 202 0.531117 0.353409 0.037511 0.120455 0.406850 1173.000000 880.000000
0 203 0.531969 0.352273 0.037511 0.120455 0.416200 1173.000000 880.000000
0 204 0.532822 0.351136 0.037511 0.120455 0.416200 1173.000000 880.000000
0 205 0.533674 0.351136 0.037511 0.120455 0.406850 1173.000000 880.000000
0 206 0.534527 0.350000 0.037511 0.120455 0.409350 1173.000000 880.000000
0 207 0.534527 0.348864 0.037511 0.120455 0.428250 1173.000000 880.000000
0 208 0.535379 0.348864 0.037511 0.120455 0.421180 1173.000000 880.000000
0 209 0.536232 0.347727 0.037511 0.120455 0.421180 1173.000000 880.000000
0 210 0.537084 0.346591 0.037511 0.120455 0.416200 1173.000000 880.000000
0 211 0.537937 0.346591 0.037511 0.120455 0.409350 1173.000000 880.000000
0 212 0.538789 0.345455 0.037511 0.120455 0.409350 1173.000000 880.000000
0 213 0.539642 0.344318 0.037511 0.120455 0.418690 1173.000000 880.000000
0 214 0.539642 0.344318 0.037511 0.120455 0.421180 1173.000000 880.000000
0 215 0.540494 0.343182 0.037511 0.120455 0.421180 1173.000000 880.000000
0 216 0.541347 0.342045 0.037511 0.120455 0.430740 1173.000000 880.000000
0 217 0.542199 0.342045 0.037511 0.120455 0.422010 1173.000000 880.000000
0 218 0.543052 0.340909 0.037511 0.120455 0.542680 1173.000000 880.000000
0 219 0.543905 0.339773 0.037511 0.120455 0.543090 1173.000000 880.000000
0 220 0.544757 0.339773 0.037511 0.120455 0.537280 1173.000000 880.000000
0 221 0.544757 0.338636 0.037511 0.120455 0.537280 1173.000000 880.000000
0 222 0.545610 0.337500 0.037511 0.120455 0.539770 1173.000000 880.000000
0 223 0.546462 0.336364 0.037511 0.120455 0.542680 1173.000000 880.000000
0 224 0.547315 0.335227 0.037511 0.120455 0.539770 1173.000000 880.000000
0 225 0.548167 0.334091 0.037511 0.120455 0.539980 1173.000000 880.000000
0 226 0.548167 0.334091 0.037511 0.120455 0.538320 1173.000000 880.000000
0 227 0.549020 0.332955 0.037511 0.120455 0.535200 1173.000000 880.000000
0 228 0.549872 0.331818 0.037511 0.120455 0.537280 1173.000000 880.000000
0 229 0.550725 0.330682 0.037511 0.120455 0.538940 1173.000000 880.000000
0 230 0.551577 0.329545 0.037511 0.120455 0.535830 1173.000000 880.000000
0 231 0.552430 0.328409 0.037511 0.120455 0.537900 1173.000000 880.000000
0 232 0.552430 0.328409 0.037511 0.120455 0.532710 1173.000000 880.000000
0 233 0.553282 0.327273 0.037511 0.120455 0.532290 1173.000000 880.000000
0 234 0.554135 0.326136 0.037511 0.120455 0.529390 1173.000000 880.000000
0 235 0.554987 0.325000 0.037511 0.120455 0.532290 1173.000000 880.000000
0 236 0.555840 0.323864 0.037511 0.120455 0.529600 1173.000000 880.000000
0 237 0.556692 0.322727 0.037511 0.120455 0.520250 1173.000000 880.000000
0 238 0.556692 0.322727 0.037511 0.120455 0.513810 1173.000000 880.000000
0 239 0.557545 0.321591 0.037511 0.120455 0.501350 1173.000000 880.000000
0 240 0.558397 0.320455 0.037511 0.120455 0.492000 1173.000000 880.000000
0 241 0.559250 0.319318 0.037511 0.120455 0.479540 1173.000000 880.000000
0 242 0.560102 0.318182 0.037511 0.120455 0.470200 1173.000000 880.000000
0 243 0.560955 0.317045 0.037511 0.120455 0.457740 1173.000000 880.000000
0 244 0.560955 0.317045 0.037511 0.120455 0.452750 1173.000000 880.000000
0 245 0.561807 0.315909 0.037511 0.120455 0.443410 1173.000000 880.000000
0 246 0.562660 0.314773 0.037511 0.120455 0.435930 1173.000000 880.000000
0 247 0.563512 0.313636 0.037511 0.120455 0.423470 1173.000000 880.000000
0 248 0.564365 0.312500 0.037511 0.120455 0.413080 1173.000000 880.000000
0 249 0.565217 0.312500 0.037511 0.120455 0.396470 1173.000000 880.000000
0 250 0.565217 0.310795 0.037511 0.119318 0.400210 1173.000000 880.000000
0 251 0.566070 0.309659 0.037511 0.119318 0.390780 1173.000000 880.000000
0 252 0.566922 0.309091 0.037511 0.118182 0.375240 1173.000000 880.000000
0 253 0.567775 0.307955 0.037511 0.118182 0.365710 1173.000000 880.000000
0 254 0.568627 0.307386 0.037511 0.117045 0.350430 1173.000000 880.000000
0 255 0.569480 0.306250 0.037511 0.117045 0.344440 1173.000000 880.000000
0 256 0.569906 0.305682 0.038363 0.115909 0.334110 1173.000000 880.000000
0 257 0.570759 0.304545 0.038363 0.115909 0.342760 1173.000000 880.000000
0 258 0.571611 0.303977 0.038363 0.114773 0.328010 1173.000000 880.000000
0 259 0.572464 0.302841 0.038363 0.114773 0.315860 1173.000000 880.000000
0 260 0.573316 0.301136 0.038363 0.113636 0.306720 1173.000000 880.000000
0 261 0.574169 0.300568 0.038363 0.112500 0.292170 1173.000000 880.000000
0 262 0.575021 0.299432 0.038363 0.112500 0.280000 1173.000000 880.000000
0 263 0.575448 0.298864 0.039216 0.111364 0.271870 1173.000000 880.000000
0 264 0.576300 0.297727 0.039216 0.111364 0.260050 1173.000000 880.000000
0 265 0.577153 0.297159 0.039216 0.110227 0.250760 1173.000000 880.000000
0 266 0.578005 0.296023 0.039216 0.110227 0.238820 1173.000000 880.000000
0 267 0.578858 0.295455 0.039216 0.109091 0.225050 1173.000000 880.000000
0 268 0.579710 0.294318 0.039216 0.109091 0.213200 1173.000000 880.000000
