0 2124 0.978687 0.983523 0.037511 0.035227 0.968750 1173.000000 880.000000
0 2125 0.975703 0.980114 0.038363 0.039773 1.000000 1173.000000 880.000000
0 2126 0.973146 0.977273 0.038363 0.045455 1.000000 1173.000000 880.000000
0 2127 0.970588 0.975000 0.038363 0.050000 1.000000 1173.000000 880.000000
0 2128 0.968031 0.972159 0.038363 0.055682 1.000000 1173.000000 880.000000
0 2129 0.965473 0.969886 0.038363 0.060227 1.000000 1173.000000 880.000000
0 2130 0.962916 0.967045 0.038363 0.065909 1.000000 1173.000000 880.000000
0 2131 0.960784 0.964773 0.039216 0.070455 1.000000 1173.000000 880.000000
0 2132 0.957801 0.961932 0.040068 0.076136 1.000000 1173.000000 880.000000
0 2133 0.955243 0.959091 0.040068 0.081818 1.000000 1173.000000 880.000000
0 2134 0.952685 0.956818 0.040068 0.086364 1.000000 1173.000000 880.000000
0 2135 0.950128 0.953977 0.040068 0.092045 0.983990 1173.000000 880.000000
0 2136 0.947570 0.951705 0.040068 0.096591 0.967050 1173.000000 880.000000
0 2137 0.945013 0.948864 0.040068 0.102273 0.950550 1173.000000 880.000000
0 2138 0.942882 0.946591 0.040921 0.106818 0.933830 1173.000000 880.000000
0 2139 0.940324 0.942045 0.040921 0.109091 0.916890 1173.000000 880.000000
0 2140 0.938619 0.938636 0.040921 0.111364 0.916510 1173.000000 880.000000
0 2141 0.936914 0.935227 0.040921 0.113636 0.932110 1173.000000 880.000000
0 2142 0.934783 0.931250 0.041773 0.117045 0.917310 1173.000000 880.000000
0 2143 0.933078 0.927841 0.041773 0.119318 0.916980 1173.000000 880.000000
0 2144 0.930946 0.924432 0.040921 0.121591 0.914020 1173.000000 880.000000
0 2145 0.928815 0.921023 0.041773 0.123864 0.915450 1173.000000 880.000000
0 2146 0.927110 0.916477 0.041773 0.126136 0.916070 1173.000000 880.000000
0 2147 0.925405 0.913068 0.041773 0.128409 0.914910 1173.000000 880.000000
0 2148 0.923274 0.909659 0.042626 0.130682 0.899590 1173.000000 880.000000
0 2149 0.921142 0.906250 0.041773 0.132955 0.914410 1173.000000 880.000000
0 2150 0.919437 0.902273 0.041773 0.136364 0.914050 1173.000000 880.000000
0 2151 0.917306 0.898864 0.042626 0.138636 0.898610 1173.000000 880.000000
0 2152 0.915601 0.895455 0.042626 0.140909 0.898350 1173.000000 880.000000
0 2153 0.913896 0.892045 0.042626 0.143182 0.898100 1173.000000 880.000000
0 2154 0.912191 0.888636 0.042626 0.143182 0.897170 1173.000000 880.000000
0 2155 0.910486 0.885227 0.042626 0.143182 0.897170 1173.000000 880.000000
0 2156 0.908781 0.881818 0.042626 0.143182 0.896250 1173.000000 880.000000
0 2157 0.907928 0.878409 0.042626 0.143182 0.913540 1173.000000 880.000000
0 2158 0.906223 0.875000 0.042626 0.143182 0.912770 1173.000000 880.000000
0 2159 0.904518 0.871591 0.042626 0.143182 0.912770 1173.000000 880.000000
0 2160 0.903666 0.868182 0.042626 0.143182 0.929600 1173.000000 880.000000
0 2161 0.901961 0.864773 0.042626 0.143182 0.929600 1173.000000 880.000000
0 2162 0.900256 0.861364 0.042626 0.143182 0.928980 1173.000000 880.000000
0 2163 0.898551 0.857955 0.042626 0.143182 0.911220 1173.000000 880.000000
0 2164 0.897698 0.854545 0.042626 0.143182 0.928360 1173.000000 880.000000
0 2165 0.895993 0.851136 0.042626 0.143182 0.928360 1173.000000 880.000000
0 2166 0.894288 0.847727 0.042626 0.143182 0.927740 1173.000000 880.000000
0 2167 0.893436 0.844318 0.042626 0.143182 0.945810 1173.000000 880.000000
0 2168 0.891731 0.840909 0.042626 0.143182 0.945350 1173.000000 880.000000
0 2169 0.890452 0.838636 0.041773 0.143182 0.962520 1173.000000 880.000000
0 2170 0.889599 0.836364 0.041773 0.143182 0.980940 1173.000000 880.000000
0 2171 0.888321 0.833523 0.040921 0.142045 1.000000 1173.000000 880.000000
0 2172 0.887042 0.830682 0.041773 0.143182 0.980790 1173.000000 880.000000
0 2173 0.885763 0.828409 0.040921 0.143182 1.000000 1173.000000 880.000000
0 2174 0.884910 0.826136 0.040921 0.143182 1.000000 1173.000000 880.000000
0 2175 0.883632 0.823295 0.040068 0.142045 1.000000 1173.000000 880.000000
0 2176 0.882353 0.820455 0.040921 0.143182 0.980400 1173.000000 880.000000
0 2177 0.881074 0.818182 0.040068 0.143182 1.000000 1173.000000 880.000000
0 2178 0.880222 0.815341 0.040068 0.142045 1.000000 1173.000000 880.000000
0 2179 0.878943 0.813068 0.039216 0.142045 1.000000 1173.000000 880.000000
0 2180 0.877664 0.810227 0.040068 0.143182 0.980150 1173.000000 880.000000
0 2181 0.876385 0.807955 0.039216 0.143182 1.000000 1173.000000 880.000000
0 2182 0.875533 0.805114 0.039216 0.142045 1.000000 1173.000000 880.000000
0 2183 0.874254 0.802841 0.038363 0.142045 1.000000 1173.000000 880.000000
0 2184 0.872975 0.800000 0.039216 0.143182 1.000000 1173.000000 880.000000
0 2185 0.871697 0.797159 0.038363 0.142045 1.000000 1173.000000 880.000000
0 2186 0.870844 0.794886 0.038363 0.142045 1.000000 1173.000000 880.000000
0 2187 0.869565 0.792614 0.037511 0.142045 1.000000 1173.000000 880.000000
0 2188 0.868713 0.790341 0.037511 0.142045 1.000000 1173.000000 880.000000
0 2189 0.867860 0.788068 0.037511 0.142045 1.000000 1173.000000 880.000000
0 2190 0.867008 0.786932 0.037511 0.142045 1.000000 1173.000000 880.000000
0 2191 0.866155 0.784659 0.037511 0.142045 1.000000 1173.000000 880.000000
0 2192 0.865303 0.783523 0.037511 0.142045 1.000000 1173.000000 880.000000
0 2193 0.865303 0.782386 0.037511 0.142045 1.000000 1173.000000 880.000000
0 2194 0.864450 0.780114 0.037511 0.142045 1.000000 1173.000000 880.000000
0 2195 0.863598 0.778977 0.037511 0.142045 1.000000 1173.000000 880.000000
0 2196 0.862745 0.776705 0.037511 0.142045 1.000000 1173.000000 880.000000
0 2197 0.862745 0.775568 0.037511 0.142045 1.000000 1173.000000 880.000000
0 2198 0.861893 0.774432 0.037511 0.142045 1.000000 1173.000000 880.000000
0 2199 0.861040 0.772159 0.037511 0.142045 1.000000 1173.000000 880.000000
0 2200 0.860188 0.771023 0.037511 0.142045 1.000000 1173.000000 880.000000
0 2201 0.860188 0.769886 0.037511 0.142045 1.000000 1173.000000 880.000000
0 2202 0.859335 0.767614 0.037511 0.142045 1.000000 1173.000000 880.000000
0 2203 0.858483 0.766477 0.037511 0.142045 1.000000 1173.000000 880.000000
0 2204 0.857630 0.764205 0.037511 0.142045 1.000000 1173.000000 880.000000
0 2205 0.856777 0.763068 0.037511 0.142045 1.000000 1173.000000 880.000000
0 2206 0.856777 0.761932 0.037511 0.142045 1.000000 1173.000000 880.000000
0 2207 0.855925 0.759659 0.037511 0.142045 1.000000 1173.000000 880.000000
0 2208 0.855072 0.758523 0.037511 0.142045 1.000000 1173.000000 880.000000
0 2209 0.854220 0.756250 0.037511 0.142045 1.000000 1173.000000 880.000000
0 2210 0.854220 0.755114 0.037511 0.142045 1.000000 1173.000000 880.000000
0 2211 0.853367 0.753977 0.037511 0.142045 1.000000 1173.000000 880.000000
0 2212 0.852515 0.751705 0.037511 0.142045 1.000000 1173.000000 880.000000
0 2213 0.851662 0.750568 0.037511 0.142045 1.000000 1173.000000 880.000000
0 2214 0.851662 0.749432 0.037511 0.142045 1.000000 1173.000000 880.000000
0 2215 0.850810 0.747159 0.037511 0.142045 1.000000 1173.000000 880.000000
0 2216 0.850810 0.744886 0.037511 0.142045 1.000000 1173.000000 880.000000
0 2217 0.850810 0.743182 0.037511 0.140909 1.000000 1173.000000 880.000000
0 2218 0.850810 0.740909 0.037511 0.140909 1.000000 1173.000000 880.000000
0 2219 0.850810 0.739205 0.037511 0.139773 1.000000 1173.000000 880.000000
0 2220 0.850810 0.736932 0.037511 0.139773 1.000000 1173.000000 880.000000
0 2221 0.850810 0.734659 0.037511 0.139773 1.000000 1173.000000 880.000000
0 2222 0.850810 0.732955 0.037511 0.138636 1.000000 1173.000000 880.000000
0 2223 0.850810 0.730682 0.037511 0.138636 1.000000 1173.000000 880.000000
0 2224 0.850810 0.728977 0.037511 0.137500 1.000000 1173.000000 880.000000
0 2225 0.850384 0.726705 0.038363 0.137500 1.000000 1173.000000 880.000000
0 2226 0.850384 0.724432 0.038363 0.137500 1.000000 1173.000000 880.000000
0 2227 0.850384 0.722727 0.038363 0.136364 1.000000 1173.000000 880.000000
0 2228 0.850384 0.720455 0.038363 0.136364 1.000000 1173.000000 880.000000
0 2229 0.850384 0.718750 0.038363 0.135227 1.000000 1173.000000 880.000000
0 2230 0.850384 0.716477 0.038363 0.135227 1.000000 1173.000000 880.000000
0 2231 0.850384 0.714205 0.038363 0.135227 1.000000 1173.000000 880.000000
0 2232 0.850384 0.712500 0.038363 0.134091 1.000000 1173.000000 880.000000
0 2233 0.850384 0.710227 0.038363 0.134091 1.000000 1173.000000 880.000000
0 2234 0.850384 0.708523 0.038363 0.132955 1.000000 1173.000000 880.000000
0 2235 0.849531 0.706250 0.038363 0.132955 1.000000 1173.000000 880.000000
0 2236 0.849531 0.703977 0.038363 0.132955 1.000000 1173.000000 880.000000
0 2237 0.849531 0.702841 0.038363 0.132955 1.000000 1173.000000 880.000000
0 2238 0.849531 0.700568 0.038363 0.132955 1.000000 1173.000000 880.000000
0 2239 0.849531 0.698295 0.038363 0.132955 1.000000 1173.000000 880.000000
0 2240 0.849105 0.697159 0.037511 0.132955 1.000000 1173.000000 880.000000
0 2241 0.848679 0.694886 0.038363 0.132955 1.000000 1173.000000 880.000000
0 2242 0.848679 0.693182 0.038363 0.134091 1.000000 1173.000000 880.000000
0 2243 0.848679 0.691477 0.038363 0.132955 1.000000 1173.000000 880.000000
0 2244 0.848679 0.689205 0.038363 0.132955 1.000000 1173.000000 880.000000
0 2245 0.848252 0.687500 0.037511 0.134091 1.000000 1173.000000 880.000000
0 2246 0.848252 0.685795 0.037511 0.132955 1.000000 1173.000000 880.000000
0 2247 0.847826 0.684091 0.038363 0.134091 1.000000 1173.000000 880.000000
0 2248 0.847826 0.681818 0.038363 0.134091 1.000000 1173.000000 880.000000
0 2249 0.847826 0.680114 0.038363 0.132955 1.000000 1173.000000 880.000000
0 2250 0.847400 0.678409 0.037511 0.134091 1.000000 1173.000000 880.000000
0 2251 0.847400 0.676705 0.037511 0.132955 1.000000 1173.000000 880.000000
0 2252 0.847400 0.674432 0.037511 0.132955 1.000000 1173.000000 880.000000
0 2253 0.846974 0.672727 0.038363 0.134091 1.000000 1173.000000 880.000000
0 2254 0.846974 0.671023 0.038363 0.132955 1.000000 1173.000000 880.000000
0 2255 0.846547 0.669318 0.037511 0.134091 1.000000 1173.000000 880.000000
0 2256 0.846547 0.667045 0.037511 0.134091 1.000000 1173.000000 880.000000
0 2257 0.846547 0.665341 0.037511 0.132955 1.000000 1173.000000 880.000000
0 2258 0.846547 0.663636 0.037511 0.134091 1.000000 1173.000000 880.000000
0 2259 0.846121 0.661364 0.038363 0.134091 1.000000 1173.000000 880.000000
0 2260 0.845695 0.660227 0.037511 0.134091 1.000000 1173.000000 880.000000
0 2261 0.845695 0.657955 0.037511 0.134091 1.000000 1173.000000 880.000000
0 2262 0.845695 0.655682 0.037511 0.134091 1.000000 1173.000000 880.000000
0 2263 0.845695 0.654545 0.037511 0.134091 1.000000 1173.000000 880.000000
0 2264 0.845695 0.652273 0.037511 0.134091 1.000000 1173.000000 880.000000
0 2265 0.845695 0.651136 0.037511 0.134091 1.000000 1173.000000 880.000000
0 2266 0.845695 0.648864 0.037511 0.134091 1.000000 1173.000000 880.000000
0 2267 0.845695 0.647159 0.037511 0.132955 1.000000 1173.000000 880.000000
0 2268 0.846547 0.644886 0.037511 0.132955 1.000000 1173.000000 880.000000
0 2269 0.846547 0.643182 0.037511 0.131818 1.000000 1173.000000 880.000000
0 2270 0.846547 0.640909 0.037511 0.131818 1.000000 1173.000000 880.000000
0 2271 0.847400 0.639205 0.037511 0.130682 1.000000 1173.000000 880.000000
0 2272 0.847400 0.637500 0.037511 0.129545 1.000000 1173.000000 880.000000
0 2273 0.847400 0.635227 0.037511 0.129545 1.000000 1173.000000 880.000000
0 2274 0.848252 0.634091 0.037511 0.129545 1.000000 1173.000000 880.000000
0 2275 0.848252 0.631818 0.037511 0.129545 1.000000 1173.000000 880.000000
0 2276 0.848679 0.630114 0.038363 0.128409 1.000000 1173.000000 880.000000
0 2277 0.849105 0.628409 0.037511 0.127273 1.000000 1173.000000 880.000000
0 2278 0.849105 0.626136 0.037511 0.127273 1.000000 1173.000000 880.000000
0 2279 0.849531 0.624432 0.038363 0.126136 1.000000 1173.000000 880.000000
0 2280 0.849957 0.622159 0.037511 0.126136 1.000000 1173.000000 880.000000
0 2281 0.849957 0.620455 0.037511 0.125000 1.000000 1173.000000 880.000000
0 2282 0.850384 0.618750 0.038363 0.123864 1.000000 1173.000000 880.000000
0 2283 0.850810 0.617045 0.037511 0.125000 1.000000 1173.000000 880.000000
0 2284 0.851236 0.615341 0.038363 0.123864 1.000000 1173.000000 880.000000
0 2285 0.851236 0.613068 0.038363 0.123864 1.000000 1173.000000 880.000000
0 2286 0.851662 0.611364 0.037511 0.122727 1.000000 1173.000000 880.000000
0 2287 0.852089 0.609659 0.038363 0.121591 1.000000 1173.000000 880.000000
0 2288 0.852089 0.607386 0.038363 0.121591 1.000000 1173.000000 880.000000
0 2289 0.852515 0.605682 0.037511 0.120455 1.000000 1173.000000 880.000000
0 2290 0.852941 0.603409 0.038363 0.120455 1.000000 1173.000000 880.000000
0 2291 0.852941 0.601705 0.038363 0.119318 1.000000 1173.000000 880.000000
0 2292 0.853794 0.600568 0.038363 0.119318 1.000000 1173.000000 880.000000
0 2293 0.853794 0.598295 0.038363 0.119318 1.000000 1173.000000 880.000000
0 2294 0.853794 0.597159 0.038363 0.119318 1.000000 1173.000000 880.000000
0 2295 0.854646 0.596023 0.038363 0.119318 1.000000 1173.000000 880.000000
0 2296 0.854646 0.594886 0.038363 0.119318 1.000000 1173.000000 880.000000
0 2297 0.854646 0.593750 0.038363 0.119318 1.000000 1173.000000 880.000000
0 2298 0.855499 0.592614 0.038363 0.119318 1.000000 1173.000000 880.000000
0 2299 0.855499 0.590341 0.038363 0.119318 1.000000 1173.000000 880.000000
0 2300 0.856351 0.589205 0.038363 0.119318 1.000000 1173.000000 880.000000
0 2301 0.856351 0.588068 0.038363 0.119318 1.000000 1173.000000 880.000000
0 2302 0.856351 0.586932 0.038363 0.119318 1.000000 1173.000000 880.000000
0 2303 0.857204 0.585795 0.038363 0.119318 1.000000 1173.000000 880.000000
0 2304 0.857204 0.584659 0.038363 0.119318 1.000000 1173.000000 880.000000
0 2305 0.858056 0.582386 0.038363 0.119318 1.000000 1173.000000 880.000000
0 2306 0.858056 0.581250 0.038363 0.119318 1.000000 1173.000000 880.000000
0 2307 0.858056 0.580114 0.038363 0.119318 1.000000 1173.000000 880.000000
0 2308 0.858909 0.578977 0.038363 0.119318 1.000000 1173.000000 880.000000
0 2309 0.858909 0.577841 0.038363 0.119318 1.000000 1173.000000 880.000000
0 2310 0.858909 0.576705 0.038363 0.119318 1.000000 1173.000000 880.000000
0 2311 0.859761 0.574432 0.038363 0.119318 1.000000 1173.000000 880.000000
0 2312 0.859761 0.573295 0.038363 0.119318 1.000000 1173.000000 880.000000
0 2313 0.860614 0.572159 0.038363 0.119318 1.000000 1173.000000 880.000000
0 2314 0.860614 0.571023 0.038363 0.119318 1.000000 1173.000000 880.000000
0 2315 0.860614 0.569886 0.038363 0.119318 1.000000 1173.000000 880.000000
0 2316 0.861466 0.568750 0.038363 0.119318 1.000000 1173.000000 880.000000
0 2317 0.861466 0.566477 0.038363 0.119318 1.000000 1173.000000 880.000000
0 2318 0.862319 0.565341 0.038363 0.119318 1.000000 1173.000000 880.000000
0 2319 0.862319 0.564205 0.038363 0.119318 1.000000 1173.000000 880.000000
0 2320 0.862319 0.563068 0.038363 0.119318 1.000000 1173.000000 880.000000
0 2321 0.863171 0.561932 0.038363 0.119318 1.000000 1173.000000 880.000000
0 2322 0.863171 0.560795 0.038363 0.119318 1.000000 1173.000000 880.000000
0 2323 0.864024 0.559659 0.038363 0.119318 1.000000 1173.000000 880.000000
0 2324 0.863171 0.557386 0.038363 0.119318 1.000000 1173.000000 880.000000
0 2325 0.863171 0.556250 0.038363 0.119318 1.000000 1173.000000 880.000000
0 2326 0.862319 0.553977 0.038363 0.119318 1.000000 1173.000000 880.000000
0 2327 0.862319 0.552841 0.038363 0.119318 1.000000 1173.000000 880.000000
0 2328 0.861466 0.550568 0.038363 0.119318 1.000000 1173.000000 880.000000
0 2329 0.861466 0.549432 0.038363 0.119318 0.992000 1173.000000 880.000000
0 2330 0.860614 0.547159 0.038363 0.119318 1.000000 1173.000000 880.000000
0 2331 0.860614 0.546023 0.038363 0.119318 0.992210 1173.000000 880.000000
0 2332 0.860188 0.543750 0.037511 0.119318 0.992240 1173.000000 880.000000
0 2333 0.859761 0.542614 0.038363 0.119318 0.992410 1173.000000 880.000000
0 2334 0.859335 0.540341 0.037511 0.119318 0.992450 1173.000000 880.000000
0 2335 0.858909 0.539205 0.038363 0.119318 0.985230 1173.000000 880.000000
0 2336 0.858483 0.536932 0.037511 0.119318 0.992660 1173.000000 880.000000
0 2337 0.858056 0.535795 0.038363 0.119318 0.985640 1173.000000 880.000000
0 2338 0.858056 0.533523 0.038363 0.119318 0.992820 1173.000000 880.000000
0 2339 0.857630 0.532386 0.037511 0.119318 0.985320 1173.000000 880.000000
0 2340 0.857204 0.530114 0.038363 0.119318 0.985640 1173.000000 880.000000
0 2341 0.856777 0.528977 0.037511 0.119318 0.985740 1173.000000 880.000000
0 2342 0.856351 0.526705 0.038363 0.119318 0.833880 1173.000000 880.000000
0 2343 0.855925 0.525568 0.037511 0.119318 0.986160 1173.000000 880.000000
0 2344 0.855499 0.523295 0.038363 0.119318 0.812550 1173.000000 880.000000
0 2345 0.855072 0.522159 0.037511 0.119318 0.808390 1173.000000 880.000000
0 2346 0.855072 0.519886 0.037511 0.119318 0.808390 1173.000000 880.000000
0 2347 0.854220 0.518750 0.037511 0.119318 0.786580 1173.000000 880.000000
0 2348 0.854220 0.516477 0.037511 0.119318 0.831030 1173.000000 880.000000
0 2349 0.853367 0.515341 0.037511 0.119318 0.853670 1173.000000 880.000000
0 2350 0.853367 0.513068 0.037511 0.119318 0.898110 1173.000000 880.000000
0 2351 0.852515 0.511932 0.037511 0.119318 0.987000 1173.000000 880.000000
0 2352 0.852515 0.509659 0.037511 0.119318 0.987000 1173.000000 880.000000
0 2353 0.852515 0.508523 0.037511 0.119318 0.987000 1173.000000 880.000000
0 2354 0.850810 0.506250 0.037511 0.119318 0.987840 1173.000000 880.000000
0 2355 0.849105 0.505114 0.037511 0.119318 0.988680 1173.000000 880.000000
0 2356 0.847400 0.503977 0.037511 0.119318 0.984280 1173.000000 880.000000
0 2357 0.845695 0.501705 0.037511 0.119318 0.989940 1173.000000 880.000000
0 2358 0.843990 0.500568 0.037511 0.119318 0.986160 1173.000000 880.000000
0 2359 0.843137 0.499432 0.037511 0.119318 0.986790 1173.000000 880.000000
0 2360 0.841432 0.497159 0.037511 0.119318 0.988050 1173.000000 880.000000
0 2361 0.839727 0.496023 0.037511 0.119318 0.989310 1173.000000 880.000000
0 2362 0.838022 0.494886 0.037511 0.119318 0.987420 1173.000000 880.000000
0 2363 0.836317 0.493750 0.037511 0.119318 0.989100 1173.000000 880.000000
0 2364 0.834612 0.491477 0.037511 0.119318 0.989940 1173.000000 880.000000
0 2365 0.833760 0.490341 0.037511 0.119318 0.988470 1173.000000 880.000000
0 2366 0.832055 0.489205 0.037511 0.119318 0.990570 1173.000000 880.000000
0 2367 0.830350 0.486932 0.037511 0.119318 0.992660 1173.000000 880.000000
0 2368 0.828645 0.485795 0.037511 0.119318 0.993710 1173.000000 880.000000
0 2369 0.826939 0.484659 0.037511 0.119318 0.996230 1173.000000 880.000000
0 2370 0.825234 0.483523 0.037511 0.119318 0.997060 1173.000000 880.000000
0 2371 0.824382 0.481250 0.037511 0.119318 0.998530 1173.000000 880.000000
0 2372 0.822677 0.480114 0.037511 0.119318 1.000000 1173.000000 880.000000
0 2373 0.820972 0.478977 0.037511 0.119318 1.000000 1173.000000 880.000000
0 2374 0.819267 0.476705 0.037511 0.119318 1.000000 1173.000000 880.000000
0 2375 0.817562 0.475568 0.037511 0.119318 1.000000 1173.000000 880.000000
0 2376 0.815857 0.474432 0.037511 0.119318 1.000000 1173.000000 880.000000
0 2377 0.815004 0.473295 0.037511 0.119318 0.990570 1173.000000 880.000000
0 2378 0.813299 0.470455 0.037511 0.118182 1.000000 1173.000000 880.000000
0 2379 0.812447 0.468182 0.037511 0.118182 1.000000 1173.000000 880.000000
0 2380 0.811168 0.465909 0.036658 0.118182 1.000000 1173.000000 880.000000
0 2381 0.810315 0.464205 0.036658 0.117045 1.000000 1173.000000 880.000000
0 2382 0.809037 0.461364 0.035806 0.115909 1.000000 1173.000000 880.000000
0 2383 0.807758 0.459091 0.036658 0.115909 1.000000 1173.000000 880.000000
0 2384 0.806479 0.457386 0.035806 0.114773 1.000000 1173.000000 880.000000
0 2385 0.805627 0.455114 0.035806 0.114773 1.000000 1173.000000 880.000000
0 2386 0.804348 0.452273 0.034953 0.113636 1.000000 1173.000000 880.000000
0 2387 0.803495 0.450568 0.034953 0.112500 1.000000 1173.000000 880.000000
0 2388 0.802217 0.448295 0.035806 0.112500 1.000000 1173.000000 880.000000
0 2389 0.800938 0.446023 0.034953 0.112500 1.000000 1173.000000 880.000000
0 2390 0.800085 0.443182 0.034953 0.111364 1.000000 1173.000000 880.000000
0 2391 0.798806 0.441477 0.034101 0.110227 1.000000 1173.000000 880.000000
0 2392 0.797954 0.439205 0.034101 0.110227 1.000000 1173.000000 880.000000
0 2393 0.796249 0.436932 0.034101 0.110227 1.000000 1173.000000 880.000000
0 2394 0.795396 0.434659 0.034101 0.107955 1.000000 1173.000000 880.000000
0 2395 0.794118 0.432386 0.033248 0.107955 1.000000 1173.000000 880.000000
0 2396 0.793265 0.430114 0.033248 0.107955 0.465630 1173.000000 880.000000
0 2397 0.792413 0.428409 0.033248 0.106818 0.486840 1173.000000 880.000000
0 2398 0.791560 0.427841 0.033248 0.107955 0.531250 1173.000000 880.000000
0 2399 0.790708 0.427273 0.033248 0.109091 1.000000 1173.000000 880.000000
0 2400 0.789855 0.426705 0.033248 0.110227 1.000000 1173.000000 880.000000
0 2401 0.789003 0.427273 0.033248 0.111364 1.000000 1173.000000 880.000000
0 2402 0.788150 0.425000 0.033248 0.111364 1.000000 1173.000000 880.000000
0 2403 0.787298 0.423295 0.033248 0.110227 0.975000 1173.000000 880.000000
0 2404 0.786445 0.421591 0.033248 0.109091 0.900000 1173.000000 880.000000
0 2405 0.786019 0.419886 0.032396 0.107955 0.846150 1173.000000 880.000000
