0 1527 0.985934 0.963636 0.029838 0.075000 0.957710 1173.000000 880.000000
0 1528 0.984655 0.961932 0.030691 0.076136 1.000000 1173.000000 880.000000
0 1529 0.983802 0.960795 0.032396 0.078409 1.000000 1173.000000 880.000000
0 1530 0.983376 0.960227 0.033248 0.079545 1.000000 1173.000000 880.000000
0 1531 0.982523 0.959091 0.034953 0.081818 1.000000 1173.000000 880.000000
0 1532 0.982097 0.957955 0.035806 0.084091 1.000000 1173.000000 880.000000
0 1533 0.981245 0.957386 0.037511 0.085227 1.000000 1173.000000 880.000000
0 1534 0.980392 0.956250 0.039216 0.087500 1.000000 1173.000000 880.000000
0 1535 0.979966 0.954545 0.040068 0.088636 1.000000 1173.000000 880.000000
0 1536 0.979113 0.953977 0.041773 0.089773 1.000000 1173.000000 880.000000
0 1537 0.978687 0.952841 0.042626 0.092045 1.000000 1173.000000 880.000000
0 1538 0.977835 0.951705 0.044331 0.094318 1.000000 1173.000000 880.000000
0 1539 0.976982 0.951136 0.046036 0.095455 1.000000 1173.000000 880.000000
0 1540 0.976556 0.950000 0.046888 0.097727 1.000000 1173.000000 880.000000
0 1541 0.975703 0.948864 0.048593 0.100000 1.000000 1173.000000 880.000000
0 1542 0.975277 0.948295 0.049446 0.101136 1.000000 1173.000000 880.000000
0 1543 0.973572 0.945455 0.049446 0.102273 1.000000 1173.000000 880.000000
0 1544 0.972720 0.943750 0.049446 0.103409 1.000000 1173.000000 880.000000
0 1545 0.971867 0.941477 0.049446 0.105682 1.000000 1173.000000 880.000000
0 1546 0.971014 0.939773 0.049446 0.106818 1.000000 1173.000000 880.000000
0 1547 0.969736 0.937500 0.048593 0.109091 1.000000 1173.000000 880.000000
0 1548 0.968883 0.935795 0.048593 0.110227 1.000000 1173.000000 880.000000
0 1549 0.968031 0.933523 0.048593 0.112500 1.000000 1173.000000 880.000000
0 1550 0.967178 0.931818 0.048593 0.113636 1.000000 1173.000000 880.000000
0 1551 0.965899 0.929545 0.047741 0.115909 1.000000 1173.000000 880.000000
0 1552 0.964621 0.927841 0.048593 0.117045 1.000000 1173.000000 880.000000
0 1553 0.963768 0.925568 0.048593 0.119318 1.000000 1173.000000 880.000000
0 1554 0.962916 0.923864 0.048593 0.120455 1.000000 1173.000000 880.000000
0 1555 0.961637 0.921591 0.047741 0.122727 1.000000 1173.000000 880.000000
0 1556 0.960784 0.919886 0.047741 0.123864 1.000000 1173.000000 880.000000
0 1557 0.959932 0.917045 0.047741 0.125000 1.000000 1173.000000 880.000000
0 1558 0.959079 0.915341 0.047741 0.126136 1.000000 1173.000000 880.000000
0 1559 0.957801 0.913068 0.046888 0.128409 1.000000 1173.000000 880.000000
0 1560 0.956948 0.911364 0.046888 0.129545 1.000000 1173.000000 880.000000
0 1561 0.956095 0.909091 0.046888 0.131818 1.000000 1173.000000 880.000000
0 1562 0.954817 0.907386 0.047741 0.132955 1.000000 1173.000000 880.000000
0 1563 0.953538 0.905114 0.046888 0.135227 1.000000 1173.000000 880.000000
0 1564 0.952685 0.903409 0.046888 0.136364 1.000000 1173.000000 880.000000
0 1565 0.951833 0.901136 0.046888 0.138636 1.000000 1173.000000 880.000000
0 1566 0.950980 0.899432 0.046888 0.139773 1.000000 1173.000000 880.000000
0 1567 0.949702 0.897159 0.046036 0.142045 1.000000 1173.000000 880.000000
0 1568 0.948849 0.895455 0.046036 0.143182 1.000000 1173.000000 880.000000
0 1569 0.947997 0.893182 0.046036 0.145455 1.000000 1173.000000 880.000000
0 1570 0.947144 0.891477 0.046036 0.146591 1.000000 1173.000000 880.000000
0 1571 0.946292 0.889773 0.046036 0.147727 1.000000 1173.000000 880.000000
0 1572 0.945439 0.886364 0.046036 0.147727 1.000000 1173.000000 880.000000
0 1573 0.945439 0.884091 0.046036 0.147727 1.000000 1173.000000 880.000000
0 1574 0.945439 0.881818 0.046036 0.147727 1.000000 1173.000000 880.000000
0 1575 0.944587 0.878409 0.046036 0.147727 1.000000 1173.000000 880.000000
0 1576 0.944587 0.876136 0.046036 0.147727 1.000000 1173.000000 880.000000
0 1577 0.944587 0.873864 0.046036 0.147727 1.000000 1173.000000 880.000000
0 1578 0.944587 0.871591 0.046036 0.147727 1.000000 1173.000000 880.000000
0 1579 0.943734 0.868182 0.046036 0.147727 1.000000 1173.000000 880.000000
0 1580 0.943734 0.865909 0.046036 0.147727 1.000000 1173.000000 880.000000
0 1581 0.943734 0.863636 0.046036 0.147727 1.000000 1173.000000 880.000000
0 1582 0.943734 0.861364 0.046036 0.147727 1.000000 1173.000000 880.000000
0 1583 0.942882 0.857955 0.046036 0.147727 1.000000 1173.000000 880.000000
0 1584 0.942882 0.855682 0.046036 0.147727 1.000000 1173.000000 880.000000
0 1585 0.942882 0.853409 0.046036 0.147727 1.000000 1173.000000 880.000000
0 1586 0.942882 0.851136 0.046036 0.147727 1.000000 1173.000000 880.000000
0 1587 0.942029 0.847727 0.046036 0.147727 1.000000 1173.000000 880.000000
0 1588 0.941176 0.844318 0.046036 0.147727 1.000000 1173.000000 880.000000
0 1589 0.940324 0.842045 0.046036 0.147727 1.000000 1173.000000 880.000000
0 1590 0.939471 0.838636 0.046036 0.147727 1.000000 1173.000000 880.000000
0 1591 0.939045 0.835227 0.045183 0.147727 1.000000 1173.000000 880.000000
0 1592 0.938619 0.832955 0.046036 0.147727 1.000000 1173.000000 880.000000
0 1593 0.937766 0.829545 0.046036 0.147727 1.000000 1173.000000 880.000000
0 1594 0.936914 0.826705 0.046036 0.148864 1.000000 1173.000000 880.000000
0 1595 0.936061 0.823864 0.046036 0.147727 1.000000 1173.000000 880.000000
0 1596 0.935635 0.820455 0.045183 0.147727 1.000000 1173.000000 880.000000
0 1597 0.934783 0.817614 0.045183 0.148864 1.000000 1173.000000 880.000000
0 1598 0.934356 0.814773 0.046036 0.147727 1.000000 1173.000000 880.000000
0 1599 0.933504 0.811932 0.046036 0.148864 1.000000 1173.000000 880.000000
0 1600 0.933078 0.808523 0.045183 0.148864 1.000000 1173.000000 880.000000
0 1601 0.932225 0.805682 0.045183 0.147727 0.680520 1173.000000 880.000000
0 1602 0.931373 0.802841 0.045183 0.148864 0.680560 1173.000000 880.000000
0 1603 0.930520 0.799432 0.045183 0.148864 0.680700 1173.000000 880.000000
0 1604 0.930094 0.797159 0.046036 0.148864 0.667770 1173.000000 880.000000
0 1605 0.929668 0.793750 0.045183 0.148864 0.682380 1173.000000 880.000000
0 1606 0.928815 0.790341 0.045183 0.148864 0.676210 1173.000000 880.000000
0 1607 0.927962 0.788068 0.045183 0.148864 0.670030 1173.000000 880.000000
0 1608 0.927110 0.784659 0.045183 0.148864 0.679990 1173.000000 880.000000
0 1609 0.927110 0.782386 0.045183 0.148864 0.671720 1173.000000 880.000000
0 1610 0.926257 0.778977 0.045183 0.148864 0.672000 1173.000000 880.000000
0 1611 0.925405 0.776705 0.045183 0.148864 0.669470 1173.000000 880.000000
0 1612 0.924979 0.773864 0.044331 0.147727 0.671610 1173.000000 880.000000
0 1613 0.924126 0.771591 0.044331 0.147727 0.671610 1173.000000 880.000000
0 1614 0.923700 0.769318 0.043478 0.147727 0.666620 1173.000000 880.000000
0 1615 0.922847 0.766477 0.043478 0.146591 0.665240 1173.000000 880.000000
0 1616 0.921995 0.764205 0.043478 0.146591 0.658280 1173.000000 880.000000
0 1617 0.921995 0.761932 0.043478 0.146591 0.649700 1173.000000 880.000000
0 1618 0.921142 0.759091 0.043478 0.145455 0.647580 1173.000000 880.000000
0 1619 0.920716 0.756818 0.042626 0.145455 0.634440 1173.000000 880.000000
0 1620 0.919864 0.754545 0.042626 0.145455 0.621520 1173.000000 880.000000
0 1621 0.919011 0.751705 0.042626 0.144318 0.625310 1173.000000 880.000000
0 1622 0.918585 0.749432 0.041773 0.144318 0.604690 1173.000000 880.000000
0 1623 0.917732 0.747159 0.041773 0.144318 0.604690 1173.000000 880.000000
0 1624 0.917306 0.744318 0.040921 0.143182 0.595530 1173.000000 880.000000
0 1625 0.916880 0.742045 0.041773 0.143182 0.582680 1173.000000 880.000000
0 1626 0.916027 0.739205 0.041773 0.144318 0.585940 1173.000000 880.000000
0 1627 0.915601 0.736364 0.040921 0.143182 0.576730 1173.000000 880.000000
0 1628 0.914749 0.734091 0.040921 0.143182 0.576730 1173.000000 880.000000
0 1629 0.914322 0.731818 0.040068 0.143182 0.561020 1173.000000 880.000000
0 1630 0.913470 0.728977 0.040068 0.142045 0.559030 1173.000000 880.000000
0 1631 0.912617 0.726705 0.040068 0.142045 0.559030 1173.000000 880.000000
0 1632 0.912191 0.724432 0.039216 0.142045 0.545090 1173.000000 880.000000
0 1633 0.911765 0.721591 0.040068 0.140909 0.545000 1173.000000 880.000000
0 1634 0.911338 0.719318 0.039216 0.140909 0.536510 1173.000000 880.000000
0 1635 0.910486 0.717045 0.039216 0.140909 0.531230 1173.000000 880.000000
0 1636 0.909633 0.714205 0.039216 0.139773 0.532090 1173.000000 880.000000
0 1637 0.909207 0.711932 0.038363 0.139773 0.529800 1173.000000 880.000000
0 1638 0.908355 0.709659 0.038363 0.139773 0.521740 1173.000000 880.000000
0 1639 0.907928 0.706818 0.037511 0.138636 0.523580 1173.000000 880.000000
0 1640 0.907076 0.704545 0.037511 0.138636 0.520870 1173.000000 880.000000
0 1641 0.907076 0.702273 0.037511 0.138636 0.514910 1173.000000 880.000000
0 1642 0.906223 0.700000 0.037511 0.138636 0.512740 1173.000000 880.000000
0 1643 0.906223 0.697727 0.037511 0.138636 0.506960 1173.000000 880.000000
0 1644 0.906223 0.696591 0.037511 0.138636 0.491600 1173.000000 880.000000
0 1645 0.906223 0.694318 0.037511 0.138636 0.486000 1173.000000 880.000000
0 1646 0.906223 0.692045 0.037511 0.138636 0.479670 1173.000000 880.000000
0 1647 0.905371 0.690909 0.037511 0.138636 0.471540 1173.000000 880.000000
0 1648 0.905371 0.688636 0.037511 0.138636 0.465940 1173.000000 880.000000
0 1649 0.905371 0.686364 0.037511 0.138636 0.460700 1173.000000 880.000000
0 1650 0.905371 0.685227 0.037511 0.138636 0.447880 1173.000000 880.000000
0 1651 0.905371 0.682955 0.037511 0.138636 0.442820 1173.000000 880.000000
0 1652 0.905371 0.681818 0.037511 0.138636 0.435770 1173.000000 880.000000
0 1653 0.904518 0.679545 0.037511 0.138636 0.430890 1173.000000 880.000000
0 1654 0.904518 0.677273 0.037511 0.138636 0.421140 1173.000000 880.000000
0 1655 0.904518 0.676136 0.037511 0.138636 0.408130 1173.000000 880.000000
0 1656 0.904518 0.673864 0.037511 0.138636 0.398370 1173.000000 880.000000
0 1657 0.904518 0.671591 0.037511 0.138636 0.393500 1173.000000 880.000000
0 1658 0.903666 0.670455 0.037511 0.138636 0.380490 1173.000000 880.000000
0 1659 0.903666 0.668182 0.037511 0.138636 0.383380 1173.000000 880.000000
0 1660 0.903666 0.665909 0.037511 0.138636 0.373980 1173.000000 880.000000
0 1661 0.903666 0.664773 0.037511 0.138636 0.365850 1173.000000 880.000000
0 1662 0.903666 0.662500 0.037511 0.138636 0.365850 1173.000000 880.000000
0 1663 0.903666 0.661364 0.037511 0.138636 0.357720 1173.000000 880.000000
0 1664 0.902813 0.659091 0.037511 0.138636 0.357720 1173.000000 880.000000
0 1665 0.901961 0.656818 0.037511 0.138636 0.357720 1173.000000 880.000000
0 1666 0.901961 0.654545 0.037511 0.138636 0.373800 1173.000000 880.000000
0 1667 0.901108 0.653409 0.037511 0.138636 0.365670 1173.000000 880.000000
0 1668 0.901108 0.651136 0.037511 0.138636 0.382110 1173.000000 880.000000
0 1669 0.900256 0.648864 0.037511 0.138636 0.382110 1173.000000 880.000000
0 1670 0.900256 0.647727 0.037511 0.138636 0.391150 1173.000000 880.000000
0 1671 0.899403 0.645455 0.037511 0.138636 0.391150 1173.000000 880.000000
0 1672 0.899403 0.643182 0.037511 0.138636 0.409030 1173.000000 880.000000
0 1673 0.898551 0.642045 0.037511 0.138636 0.407770 1173.000000 880.000000
0 1674 0.898551 0.639773 0.037511 0.138636 0.426020 1173.000000 880.000000
0 1675 0.897698 0.637500 0.037511 0.138636 0.426020 1173.000000 880.000000
0 1676 0.897698 0.636364 0.037511 0.138636 0.428180 1173.000000 880.000000
0 1677 0.896846 0.634091 0.037511 0.138636 0.428180 1173.000000 880.000000
0 1678 0.896846 0.631818 0.037511 0.138636 0.438840 1173.000000 880.000000
0 1679 0.895993 0.630682 0.037511 0.138636 0.430710 1173.000000 880.000000
0 1680 0.895993 0.628409 0.037511 0.138636 0.447520 1173.000000 880.000000
0 1681 0.895141 0.626136 0.037511 0.138636 0.447520 1173.000000 880.000000
0 1682 0.895141 0.625000 0.037511 0.138636 0.450770 1173.000000 880.000000
0 1683 0.894288 0.622727 0.037511 0.138636 0.450770 1173.000000 880.000000
0 1684 0.894288 0.620455 0.037511 0.138636 0.467930 1173.000000 880.000000
0 1685 0.893436 0.618182 0.037511 0.138636 0.467930 1173.000000 880.000000
0 1686 0.893436 0.617045 0.037511 0.138636 0.477510 1173.000000 880.000000
0 1687 0.892583 0.614773 0.037511 0.138636 0.477510 1173.000000 880.000000
0 1688 0.892583 0.612500 0.037511 0.138636 0.489430 1173.000000 880.000000
0 1689 0.891731 0.611364 0.037511 0.138636 0.481840 1173.000000 880.000000
0 1690 0.891731 0.609091 0.037511 0.138636 0.497200 1173.000000 880.000000
0 1691 0.890878 0.606818 0.037511 0.138636 0.502260 1173.000000 880.000000
0 1692 0.890878 0.605682 0.037511 0.138636 0.512560 1173.000000 880.000000
0 1693 0.890026 0.603409 0.037511 0.138636 0.512560 1173.000000 880.000000
0 1694 0.890026 0.601136 0.037511 0.138636 0.527910 1173.000000 880.000000
0 1695 0.889173 0.600000 0.037511 0.138636 0.520870 1173.000000 880.000000
0 1696 0.889173 0.597727 0.037511 0.138636 0.538750 1173.000000 880.000000
0 1697 0.888321 0.595455 0.037511 0.138636 0.538750 1173.000000 880.000000
0 1698 0.888321 0.594318 0.037511 0.138636 0.547610 1173.000000 880.000000
0 1699 0.887468 0.592045 0.037511 0.138636 0.549950 1173.000000 880.000000
0 1700 0.887468 0.589773 0.037511 0.138636 0.565670 1173.000000 880.000000
0 1701 0.886616 0.588636 0.037511 0.138636 0.559170 1173.000000 880.000000
0 1702 0.886616 0.586364 0.037511 0.138636 0.575070 1173.000000 880.000000
0 1703 0.885763 0.584091 0.037511 0.138636 0.577420 1173.000000 880.000000
0 1704 0.885763 0.582955 0.037511 0.138636 0.587170 1173.000000 880.000000
0 1705 0.884910 0.580114 0.037511 0.137500 0.589980 1173.000000 880.000000
0 1706 0.884058 0.577841 0.037511 0.137500 0.586890 1173.000000 880.000000
0 1707 0.883632 0.575000 0.038363 0.136364 0.598810 1173.000000 880.000000
0 1708 0.883205 0.572727 0.037511 0.136364 0.609550 1173.000000 880.000000
0 1709 0.882353 0.570455 0.037511 0.134091 0.606910 1173.000000 880.000000
0 1710 0.881927 0.568182 0.038363 0.134091 0.619110 1173.000000 880.000000
0 1711 0.881074 0.565909 0.038363 0.134091 0.622760 1173.000000 880.000000
0 1712 0.880648 0.563068 0.037511 0.132955 0.631260 1173.000000 880.000000
0 1713 0.880222 0.560795 0.038363 0.132955 0.642780 1173.000000 880.000000
0 1714 0.879369 0.558523 0.038363 0.130682 0.645430 1173.000000 880.000000
0 1715 0.878517 0.556250 0.038363 0.130682 0.648990 1173.000000 880.000000
0 1716 0.878517 0.553977 0.038363 0.130682 0.653300 1173.000000 880.000000
0 1717 0.877664 0.551136 0.038363 0.129545 0.659550 1173.000000 880.000000
0 1718 0.876812 0.548864 0.038363 0.129545 0.663140 1173.000000 880.000000
0 1719 0.876385 0.546591 0.039216 0.127273 0.674450 1173.000000 880.000000
0 1720 0.875959 0.544318 0.038363 0.127273 0.681420 1173.000000 880.000000
0 1721 0.875107 0.541477 0.038363 0.126136 0.689050 1173.000000 880.000000
0 1722 0.874680 0.539205 0.039216 0.126136 0.699280 1173.000000 880.000000
0 1723 0.873828 0.536932 0.039216 0.126136 0.689210 1173.000000 880.000000
0 1724 0.873402 0.534659 0.038363 0.123864 0.701190 1173.000000 880.000000
0 1725 0.872975 0.532386 0.039216 0.123864 0.711610 1173.000000 880.000000
0 1726 0.872123 0.529545 0.039216 0.122727 0.719700 1173.000000 880.000000
0 1727 0.871270 0.527273 0.039216 0.122727 0.720870 1173.000000 880.000000
0 1728 0.871270 0.525568 0.039216 0.121591 0.734440 1173.000000 880.000000
0 1729 0.870418 0.523864 0.039216 0.122727 0.732970 1173.000000 880.000000
0 1730 0.869565 0.522727 0.039216 0.122727 0.720480 1173.000000 880.000000
0 1731 0.869139 0.521591 0.038363 0.122727 0.719780 1173.000000 880.000000
0 1732 0.868713 0.520455 0.039216 0.122727 0.722820 1173.000000 880.000000
0 1733 0.867860 0.519318 0.039216 0.122727 0.705640 1173.000000 880.000000
0 1734 0.867434 0.517614 0.038363 0.123864 0.715020 1173.000000 880.000000
0 1735 0.867008 0.516477 0.039216 0.123864 0.704450 1173.000000 880.000000
0 1736 0.866581 0.515341 0.038363 0.123864 0.707710 1173.000000 880.000000
0 1737 0.865729 0.514205 0.038363 0.123864 0.697830 1173.000000 880.000000
0 1738 0.865303 0.513068 0.039216 0.123864 0.693620 1173.000000 880.000000
0 1739 0.864876 0.511932 0.038363 0.123864 0.690510 1173.000000 880.000000
0 1740 0.864024 0.510227 0.038363 0.125000 0.693300 1173.000000 880.000000
0 1741 0.864024 0.509091 0.038363 0.125000 0.686060 1173.000000 880.000000
0 1742 0.863171 0.507955 0.038363 0.125000 0.686060 1173.000000 880.000000
0 1743 0.862319 0.506818 0.038363 0.125000 0.672540 1173.000000 880.000000
0 1744 0.862319 0.505682 0.038363 0.125000 0.678810 1173.000000 880.000000
0 1745 0.861466 0.503977 0.038363 0.126136 0.671970 1173.000000 880.000000
0 1746 0.861040 0.502841 0.037511 0.126136 0.667260 1173.000000 880.000000
0 1747 0.860614 0.501705 0.038363 0.126136 0.674500 1173.000000 880.000000
0 1748 0.859761 0.500568 0.038363 0.126136 0.661100 1173.000000 880.000000
0 1749 0.859335 0.499432 0.037511 0.126136 0.659920 1173.000000 880.000000
0 1750 0.858909 0.498295 0.038363 0.126136 0.657610 1173.000000 880.000000
0 1751 0.858483 0.496591 0.037511 0.127273 0.663720 1173.000000 880.000000
0 1752 0.857630 0.495455 0.037511 0.127273 0.645820 1173.000000 880.000000
0 1753 0.857204 0.494318 0.038363 0.127273 0.649870 1173.000000 880.000000
0 1754 0.856777 0.493182 0.037511 0.127273 0.646610 1173.000000 880.000000
0 1755 0.855925 0.492045 0.037511 0.127273 0.638540 1173.000000 880.000000
0 1756 0.855925 0.490909 0.037511 0.127273 0.639530 1173.000000 880.000000
0 1757 0.855072 0.488636 0.037511 0.127273 0.642080 1173.000000 880.000000
0 1758 0.854220 0.487500 0.037511 0.127273 0.624780 1173.000000 880.000000
0 1759 0.853367 0.486364 0.037511 0.127273 0.616520 1173.000000 880.000000
0 1760 0.852515 0.484091 0.037511 0.127273 0.610820 1173.000000 880.000000
0 1761 0.851662 0.482955 0.037511 0.127273 0.601770 1173.000000 880.000000
0 1762 0.850810 0.481818 0.037511 0.127273 0.588590 1173.000000 880.000000
0 1763 0.850810 0.480682 0.037511 0.127273 0.580920 1173.000000 880.000000
0 1764 0.849957 0.478409 0.037511 0.127273 0.585250 1173.000000 880.000000
0 1765 0.849105 0.477273 0.037511 0.127273 0.570500 1173.000000 880.000000
0 1766 0.848252 0.476136 0.037511 0.127273 0.553200 1173.000000 880.000000
0 1767 0.847400 0.473864 0.037511 0.127273 0.552410 1173.000000 880.000000
0 1768 0.846547 0.472727 0.037511 0.127273 0.535100 1173.000000 880.000000
0 1769 0.845695 0.471591 0.037511 0.127273 0.520160 1173.000000 880.000000
0 1770 0.845695 0.470455 0.037511 0.127273 0.522910 1173.000000 880.000000
0 1771 0.844842 0.468182 0.037511 0.127273 0.517010 1173.000000 880.000000
0 1772 0.843990 0.465909 0.037511 0.127273 0.513270 1173.000000 880.000000
0 1773 0.843990 0.463636 0.037511 0.127273 0.516220 1173.000000 880.000000
0 1774 0.843137 0.462500 0.037511 0.127273 0.510520 1173.000000 880.000000
0 1775 0.842285 0.460227 0.037511 0.127273 0.504420 1173.000000 880.000000
0 1776 0.842285 0.457955 0.037511 0.127273 0.507570 1173.000000 880.000000
0 1777 0.841432 0.455682 0.037511 0.127273 0.501870 1173.000000 880.000000
0 1778 0.840580 0.454545 0.037511 0.127273 0.496170 1173.000000 880.000000
0 1779 0.840580 0.452273 0.037511 0.127273 0.505010 1173.000000 880.000000
0 1780 0.839727 0.450000 0.037511 0.127273 0.504420 1173.000000 880.000000
0 1781 0.838875 0.447727 0.037511 0.127273 0.507370 1173.000000 880.000000
0 1782 0.838875 0.446591 0.037511 0.127273 0.507370 1173.000000 880.000000
0 1783 0.838022 0.444318 0.037511 0.127273 0.506590 1173.000000 880.000000
0 1784 0.838022 0.442045 0.037511 0.127273 0.519170 1173.000000 880.000000
0 1785 0.838022 0.440909 0.037511 0.127273 0.519170 1173.000000 880.000000
0 1786 0.838022 0.438636 0.037511 0.127273 0.522120 1173.000000 880.000000
0 1787 0.837170 0.437500 0.037511 0.127273 0.512090 1173.000000 880.000000
0 1788 0.837170 0.435227 0.037511 0.127273 0.530970 1173.000000 880.000000
0 1789 0.837170 0.434091 0.037511 0.127273 0.522120 1173.000000 880.000000
0 1790 0.837170 0.431818 0.037511 0.127273 0.530970 1173.000000 880.000000
0 1791 0.837170 0.430682 0.037511 0.127273 0.535300 1173.000000 880.000000
0 1792 0.836317 0.428409 0.037511 0.127273 0.530970 1173.000000 880.000000
0 1793 0.836317 0.427273 0.037511 0.127273 0.530970 1173.000000 880.000000
0 1794 0.836317 0.425000 0.037511 0.127273 0.533920 1173.000000 880.000000
0 1795 0.836317 0.423864 0.037511 0.127273 0.541000 1173.000000 880.000000
0 1796 0.836317 0.421591 0.037511 0.127273 0.544150 1173.000000 880.000000
0 1797 0.835465 0.420455 0.037511 0.127273 0.533920 1173.000000 880.000000
0 1798 0.835465 0.418182 0.037511 0.127273 0.549850 1173.000000 880.000000
0 1799 0.835465 0.417045 0.037511 0.127273 0.544150 1173.000000 880.000000
0 1800 0.835465 0.414773 0.037511 0.127273 0.553000 1173.000000 880.000000
0 1801 0.835465 0.413636 0.037511 0.127273 0.553000 1173.000000 880.000000
0 1802 0.834612 0.412500 0.037511 0.127273 0.547300 1173.000000 880.000000
0 1803 0.834612 0.411364 0.037511 0.127273 0.547300 1173.000000 880.000000
0 1804 0.834612 0.410227 0.037511 0.127273 0.547300 1173.000000 880.000000
0 1805 0.833760 0.409659 0.037511 0.128409 0.532160 1173.000000 880.000000
0 1806 0.833760 0.409091 0.037511 0.127273 0.528020 1173.000000 880.000000
0 1807 0.833760 0.407955 0.037511 0.127273 0.528020 1173.000000 880.000000
0 1808 0.832907 0.406818 0.037511 0.127273 0.517600 1173.000000 880.000000
0 1809 0.832907 0.406250 0.037511 0.128409 0.513060 1173.000000 880.000000
0 1810 0.832907 0.405682 0.037511 0.127273 0.508750 1173.000000 880.000000
0 1811 0.832055 0.404545 0.037511 0.127273 0.498330 1173.000000 880.000000
0 1812 0.832055 0.403409 0.037511 0.127273 0.498330 1173.000000 880.000000
0 1813 0.832055 0.402841 0.037511 0.128409 0.493960 1173.000000 880.000000
0 1814 0.831202 0.401705 0.037511 0.128409 0.487720 1173.000000 880.000000
0 1815 0.831202 0.401136 0.037511 0.127273 0.483190 1173.000000 880.000000
0 1816 0.831202 0.400000 0.037511 0.127273 0.483190 1173.000000 880.000000
0 1817 0.830350 0.399432 0.037511 0.128409 0.468420 1173.000000 880.000000
0 1818 0.830350 0.398295 0.037511 0.128409 0.468420 1173.000000 880.000000
0 1819 0.830350 0.397727 0.037511 0.127273 0.463720 1173.000000 880.000000
0 1820 0.829497 0.396591 0.037511 0.127273 0.453100 1173.000000 880.000000
0 1821 0.829497 0.396023 0.037511 0.128409 0.449120 1173.000000 880.000000
0 1822 0.829497 0.394886 0.037511 0.128409 0.449120 1173.000000 880.000000
0 1823 0.828645 0.393750 0.037511 0.128409 0.438600 1173.000000 880.000000
0 1824 0.828645 0.393182 0.037511 0.127273 0.433630 1173.000000 880.000000
0 1825 0.828645 0.392614 0.037511 0.128409 0.429820 1173.000000 880.000000
0 1826 0.827792 0.391477 0.037511 0.128409 0.419300 1173.000000 880.000000
0 1827 0.827792 0.390341 0.037511 0.128409 0.429820 1173.000000 880.000000
0 1828 0.827792 0.389773 0.037511 0.127273 0.424780 1173.000000 880.000000
0 1829 0.826939 0.389205 0.037511 0.128409 0.429820 1173.000000 880.000000
0 1830 0.826939 0.388068 0.037511 0.128409 0.429820 1173.000000 880.000000
0 1831 0.826939 0.386932 0.037511 0.128409 0.446980 1173.000000 880.000000
0 1832 0.826087 0.385795 0.037511 0.128409 0.436650 1173.000000 880.000000
0 1833 0.826087 0.385795 0.037511 0.128409 0.444830 1173.000000 880.000000
0 1834 0.826087 0.384659 0.037511 0.128409 0.444830 1173.000000 880.000000
0 1835 0.825234 0.383523 0.037511 0.128409 0.453610 1173.000000 880.000000
0 1836 0.825234 0.382386 0.037511 0.128409 0.453610 1173.000000 880.000000
0 1837 0.825234 0.382386 0.037511 0.128409 0.454970 1173.000000 880.000000
0 1838 0.825234 0.381250 0.037511 0.128409 0.461400 1173.000000 880.000000
0 1839 0.825234 0.380114 0.037511 0.128409 0.476020 1173.000000 880.000000
0 1840 0.825234 0.378977 0.037511 0.128409 0.486940 1173.000000 880.000000
0 1841 0.825234 0.377841 0.037511 0.128409 0.499030 1173.000000 880.000000
0 1842 0.825234 0.376705 0.037511 0.128409 0.509550 1173.000000 880.000000
0 1843 0.825234 0.375568 0.037511 0.128409 0.523780 1173.000000 880.000000
0 1844 0.825661 0.375000 0.036658 0.127273 0.529160 1173.000000 880.000000
0 1845 0.826087 0.373864 0.037511 0.127273 0.553790 1173.000000 880.000000
0 1846 0.826087 0.372727 0.037511 0.127273 0.563820 1173.000000 880.000000
0 1847 0.826087 0.371591 0.037511 0.127273 0.567350 1173.000000 880.000000
0 1848 0.826087 0.370455 0.037511 0.127273 0.569910 1173.000000 880.000000
0 1849 0.826087 0.369318 0.037511 0.127273 0.581510 1173.000000 880.000000
0 1850 0.826513 0.368750 0.036658 0.126136 0.582790 1173.000000 880.000000
0 1851 0.826513 0.367614 0.036658 0.126136 0.594760 1173.000000 880.000000
0 1852 0.826513 0.366477 0.036658 0.126136 0.592940 1173.000000 880.000000
0 1853 0.826939 0.365909 0.037511 0.127273 0.610820 1173.000000 880.000000
0 1854 0.826939 0.364773 0.037511 0.127273 0.606290 1173.000000 880.000000
0 1855 0.826939 0.363636 0.037511 0.127273 0.618490 1173.000000 880.000000
0 1856 0.827366 0.363068 0.036658 0.126136 0.621350 1173.000000 880.000000
0 1857 0.827366 0.361932 0.036658 0.126136 0.625200 1173.000000 880.000000
0 1858 0.827366 0.360795 0.036658 0.126136 0.638800 1173.000000 880.000000
0 1859 0.827366 0.359659 0.036658 0.126136 0.641230 1173.000000 880.000000
0 1860 0.827366 0.358523 0.036658 0.126136 0.656250 1173.000000 880.000000
0 1861 0.827792 0.357386 0.037511 0.126136 0.661510 1173.000000 880.000000
0 1862 0.828218 0.356818 0.036658 0.125000 0.681410 1173.000000 880.000000
0 1863 0.828218 0.355682 0.036658 0.125000 0.681410 1173.000000 880.000000
0 1864 0.828218 0.354545 0.036658 0.125000 0.695740 1173.000000 880.000000
0 1865 0.828218 0.353409 0.036658 0.125000 0.698610 1173.000000 880.000000
0 1866 0.828218 0.352273 0.036658 0.125000 0.713960 1173.000000 880.000000
0 1867 0.828218 0.351136 0.036658 0.125000 0.716220 1173.000000 880.000000
0 1868 0.829071 0.351136 0.036658 0.125000 0.730960 1173.000000 880.000000
0 1869 0.829071 0.349432 0.036658 0.123864 0.740700 1173.000000 880.000000
0 1870 0.829497 0.348295 0.035806 0.123864 0.757290 1173.000000 880.000000
0 1871 0.829923 0.347159 0.036658 0.123864 0.765700 1173.000000 880.000000
0 1872 0.830350 0.345455 0.035806 0.122727 0.781310 1173.000000 880.000000
0 1873 0.830776 0.344318 0.036658 0.122727 0.790030 1173.000000 880.000000
0 1874 0.831202 0.343182 0.035806 0.122727 0.799020 1173.000000 880.000000
0 1875 0.832055 0.342614 0.035806 0.121591 0.817830 1173.000000 880.000000
0 1876 0.832055 0.340909 0.035806 0.120455 0.830040 1173.000000 880.000000
0 1877 0.832481 0.339773 0.034953 0.120455 0.842680 1173.000000 880.000000
0 1878 0.832907 0.338636 0.035806 0.120455 0.850680 1173.000000 880.000000
0 1879 0.833333 0.336932 0.034953 0.119318 0.865230 1173.000000 880.000000
0 1880 0.833760 0.335795 0.035806 0.119318 0.871650 1173.000000 880.000000
0 1881 0.834186 0.334659 0.034953 0.119318 0.885440 1173.000000 880.000000
0 1882 0.835038 0.334091 0.034953 0.118182 0.901360 1173.000000 880.000000
0 1883 0.835038 0.332386 0.034953 0.117045 0.918270 1173.000000 880.000000
0 1884 0.835465 0.331250 0.034101 0.117045 0.933630 1173.000000 880.000000
0 1885 0.835891 0.330114 0.034953 0.117045 0.940020 1173.000000 880.000000
0 1886 0.836317 0.328409 0.034101 0.115909 0.956900 1173.000000 880.000000
0 1887 0.836743 0.327273 0.034953 0.115909 0.957930 1173.000000 880.000000
0 1888 0.837170 0.326136 0.034101 0.115909 0.980820 1173.000000 880.000000
0 1889 0.838022 0.325568 0.034101 0.114773 0.987090 1173.000000 880.000000
0 1890 0.838022 0.323864 0.034101 0.113636 0.987440 1173.000000 880.000000
0 1891 0.838448 0.322727 0.033248 0.113636 0.993560 1173.000000 880.000000
0 1892 0.838875 0.321591 0.034101 0.113636 0.993720 1173.000000 880.000000
0 1893 0.839301 0.319886 0.033248 0.112500 1.000000 1173.000000 880.000000
0 1894 0.839727 0.318750 0.034101 0.112500 1.000000 1173.000000 880.000000
0 1895 0.840153 0.317614 0.033248 0.112500 1.000000 1173.000000 880.000000
0 1896 0.841006 0.317045 0.033248 0.111364 1.000000 1173.000000 880.000000
0 1897 0.841006 0.315909 0.033248 0.111364 1.000000 1173.000000 880.000000
0 1898 0.841858 0.314773 0.033248 0.111364 1.000000 1173.000000 880.000000
0 1899 0.842711 0.313636 0.033248 0.111364 1.000000 1173.000000 880.000000
0 1900 0.843564 0.312500 0.033248 0.111364 1.000000 1173.000000 880.000000
0 1901 0.843564 0.311364 0.033248 0.111364 1.000000 1173.000000 880.000000
0 1902 0.844416 0.310227 0.033248 0.111364 1.000000 1173.000000 880.000000
0 1903 0.845269 0.309091 0.033248 0.111364 1.000000 1173.000000 880.000000
0 1904 0.846121 0.307955 0.033248 0.111364 1.000000 1173.000000 880.000000
0 1905 0.846121 0.307955 0.033248 0.111364 1.000000 1173.000000 880.000000
0 1906 0.846974 0.306818 0.033248 0.111364 1.000000 1173.000000 880.000000
0 1907 0.847826 0.305682 0.033248 0.111364 1.000000 1173.000000 880.000000
0 1908 0.848679 0.304545 0.033248 0.111364 1.000000 1173.000000 880.000000
0 1909 0.848679 0.303409 0.033248 0.111364 1.000000 1173.000000 880.000000
0 1910 0.849531 0.302273 0.033248 0.111364 1.000000 1173.000000 880.000000
0 1911 0.850384 0.301136 0.033248 0.111364 1.000000 1173.000000 880.000000
0 1912 0.851236 0.300000 0.033248 0.111364 1.000000 1173.000000 880.000000
0 1913 0.851236 0.300000 0.033248 0.111364 1.000000 1173.000000 880.000000
0 1914 0.852089 0.298864 0.033248 0.111364 1.000000 1173.000000 880.000000
0 1915 0.852941 0.297727 0.033248 0.111364 1.000000 1173.000000 880.000000
0 1916 0.853794 0.296591 0.033248 0.111364 1.000000 1173.000000 880.000000
0 1917 0.853794 0.295455 0.033248 0.111364 1.000000 1173.000000 880.000000
0 1918 0.854646 0.294318 0.033248 0.111364 1.000000 1173.000000 880.000000
0 1919 0.855499 0.293182 0.033248 0.111364 1.000000 1173.000000 880.000000
0 1920 0.856351 0.292045 0.033248 0.111364 1.000000 1173.000000 880.000000
0 1921 0.857204 0.292045 0.033248 0.111364 1.000000 1173.000000 880.000000
0 1922 0.857204 0.290909 0.033248 0.111364 1.000000 1173.000000 880.000000
0 1923 0.857204 0.290909 0.033248 0.111364 1.000000 1173.000000 880.000000
0 1924 0.857204 0.289773 0.033248 0.111364 1.000000 1173.000000 880.000000
0 1925 0.858056 0.289773 0.033248 0.111364 1.000000 1173.000000 880.000000
0 1926 0.858056 0.288636 0.033248 0.111364 1.000000 1173.000000 880.000000
0 1927 0.858056 0.288636 0.033248 0.111364 1.000000 1173.000000 880.000000
0 1928 0.858909 0.287500 0.033248 0.111364 1.000000 1173.000000 880.000000
0 1929 0.858909 0.287500 0.033248 0.111364 1.000000 1173.000000 880.000000
0 1930 0.858909 0.287500 0.033248 0.111364 1.000000 1173.000000 880.000000
0 1931 0.859761 0.286364 0.033248 0.111364 1.000000 1173.000000 880.000000
0 1932 0.859761 0.286364 0.033248 0.111364 1.000000 1173.000000 880.000000
0 1933 0.859761 0.285227 0.033248 0.111364 1.000000 1173.000000 880.000000
0 1934 0.860614 0.285227 0.033248 0.111364 1.000000 1173.000000 880.000000
0 1935 0.860614 0.284091 0.033248 0.111364 1.000000 1173.000000 880.000000
0 1936 0.860614 0.284091 0.033248 0.111364 1.000000 1173.000000 880.000000
0 1937 0.861466 0.282955 0.033248 0.111364 1.000000 1173.000000 880.000000
0 1938 0.861466 0.282955 0.033248 0.111364 1.000000 1173.000000 880.000000
0 1939 0.861466 0.282955 0.033248 0.111364 1.000000 1173.000000 880.000000
0 1940 0.862319 0.281818 0.033248 0.111364 1.000000 1173.000000 880.000000
0 1941 0.862319 0.281818 0.033248 0.111364 1.000000 1173.000000 880.000000
0 1942 0.862319 0.280682 0.033248 0.111364 1.000000 1173.000000 880.000000
0 1943 0.863171 0.280682 0.033248 0.111364 1.000000 1173.000000 880.000000
0 1944 0.863171 0.279545 0.033248 0.111364 1.000000 1173.000000 880.000000
0 1945 0.863171 0.279545 0.033248 0.111364 1.000000 1173.000000 880.000000
0 1946 0.864024 0.279545 0.033248 0.111364 1.000000 1173.000000 880.000000
0 1947 0.864024 0.279545 0.033248 0.111364 1.000000 1173.000000 880.000000
0 1948 0.864024 0.280682 0.033248 0.111364 1.000000 1173.000000 880.000000
0 1949 0.864024 0.280682 0.033248 0.111364 1.000000 1173.000000 880.000000
0 1950 0.864024 0.281818 0.033248 0.111364 1.000000 1173.000000 880.000000
0 1951 0.864024 0.281818 0.033248 0.111364 1.000000 1173.000000 880.000000
0 1952 0.864024 0.282955 0.033248 0.111364 1.000000 1173.000000 880.000000
0 1953 0.864024 0.282955 0.033248 0.111364 1.000000 1173.000000 880.000000
0 1954 0.864024 0.284091 0.033248 0.111364 1.000000 1173.000000 880.000000
0 1955 0.864024 0.284091 0.033248 0.111364 1.000000 1173.000000 880.000000
0 1956 0.864024 0.285227 0.033248 0.111364 1.000000 1173.000000 880.000000
0 1957 0.864024 0.285227 0.033248 0.111364 1.000000 1173.000000 880.000000
0 1958 0.864024 0.286364 0.033248 0.111364 1.000000 1173.000000 880.000000
0 1959 0.864024 0.286364 0.033248 0.111364 1.000000 1173.000000 880.000000
0 1960 0.864024 0.287500 0.033248 0.111364 1.000000 1173.000000 880.000000
0 1961 0.864024 0.287500 0.033248 0.111364 1.000000 1173.000000 880.000000
0 1962 0.864024 0.288636 0.033248 0.111364 1.000000 1173.000000 880.000000
0 1963 0.864024 0.288636 0.033248 0.111364 1.000000 1173.000000 880.000000
0 1964 0.864024 0.289773 0.033248 0.111364 1.000000 1173.000000 880.000000
0 1965 0.864024 0.289773 0.033248 0.111364 1.000000 1173.000000 880.000000
0 1966 0.864024 0.290909 0.033248 0.111364 0.930300 1173.000000 880.000000
0 1967 0.864024 0.290909 0.033248 0.111364 0.910100 1173.000000 880.000000
0 1968 0.864024 0.292045 0.033248 0.111364 0.913130 1173.000000 880.000000
0 1969 0.864024 0.293182 0.033248 0.111364 0.895200 1173.000000 880.000000
0 1970 0.864024 0.295455 0.033248 0.111364 0.875760 1173.000000 880.000000
0 1971 0.864024 0.297727 0.033248 0.111364 0.858590 1173.000000 880.000000
0 1972 0.864024 0.300000 0.033248 0.111364 0.862120 1173.000000 880.000000
0 1973 0.864024 0.302273 0.033248 0.111364 0.844440 1173.000000 880.000000
0 1974 0.864024 0.304545 0.033248 0.111364 0.829550 1173.000000 880.000000
0 1975 0.864024 0.306818 0.033248 0.111364 0.834090 1173.000000 880.000000
0 1976 0.864024 0.307955 0.033248 0.111364 0.815660 1173.000000 880.000000
0 1977 0.864024 0.310227 0.033248 0.111364 0.794440 1173.000000 880.000000
0 1978 0.864024 0.312500 0.033248 0.111364 0.791670 1173.000000 880.000000
0 1979 0.864024 0.314773 0.033248 0.111364 0.757070 1173.000000 880.000000
0 1980 0.864024 0.317045 0.033248 0.111364 0.740400 1173.000000 880.000000
0 1981 0.864024 0.319318 0.033248 0.111364 0.727270 1173.000000 880.000000
0 1982 0.864024 0.321591 0.033248 0.111364 0.708590 1173.000000 880.000000
0 1983 0.864024 0.323864 0.033248 0.111364 0.694700 1173.000000 880.000000
0 1984 0.864024 0.323864 0.033248 0.111364 0.696970 1173.000000 880.000000
0 1985 0.864024 0.325000 0.033248 0.111364 0.692680 1173.000000 880.000000
0 1986 0.864876 0.326136 0.033248 0.111364 0.666920 1173.000000 880.000000
0 1987 0.864876 0.327273 0.033248 0.111364 0.657580 1173.000000 880.000000
0 1988 0.865729 0.328409 0.033248 0.111364 0.646210 1173.000000 880.000000
0 1989 0.865729 0.329545 0.033248 0.111364 0.637880 1173.000000 880.000000
0 1990 0.865729 0.329545 0.033248 0.111364 0.636360 1173.000000 880.000000
0 1991 0.866581 0.330682 0.033248 0.111364 0.629290 1173.000000 880.000000
0 1992 0.866581 0.331818 0.033248 0.111364 0.620200 1173.000000 880.000000
0 1993 0.867434 0.332955 0.033248 0.111364 0.614390 1173.000000 880.000000
0 1994 0.867434 0.334091 0.033248 0.111364 0.606570 1173.000000 880.000000
0 1995 0.868286 0.335227 0.033248 0.111364 0.592170 1173.000000 880.000000
0 1996 0.868286 0.334091 0.033248 0.111364 0.614900 1173.000000 880.000000
0 1997 0.869139 0.334091 0.033248 0.111364 0.613890 1173.000000 880.000000
0 1998 0.869139 0.332955 0.033248 0.111364 0.634340 1173.000000 880.000000
0 1999 0.869991 0.332955 0.033248 0.111364 0.643940 1173.000000 880.000000
0 2000 0.869139 0.332955 0.033248 0.111364 0.662880 1173.000000 880.000000
0 2001 0.869139 0.334091 0.033248 0.111364 0.679290 1173.000000 880.000000
0 2002 0.868286 0.334091 0.033248 0.111364 0.688130 1173.000000 880.000000
0 2003 0.868286 0.335227 0.033248 0.111364 0.689900 1173.000000 880.000000
0 2004 0.868286 0.335227 0.033248 0.111364 0.709090 1173.000000 880.000000
0 2005 0.867434 0.336364 0.033248 0.111364 0.708080 1173.000000 880.000000
0 2006 0.867434 0.336364 0.033248 0.111364 0.726260 1173.000000 880.000000
0 2007 0.866581 0.337500 0.033248 0.111364 0.734340 1173.000000 880.000000
0 2008 0.866581 0.337500 0.033248 0.111364 0.753540 1173.000000 880.000000
0 2009 0.866581 0.338636 0.033248 0.111364 0.748740 1173.000000 880.000000
0 2010 0.865729 0.338636 0.033248 0.111364 0.770710 1173.000000 880.000000
0 2011 0.865729 0.339773 0.033248 0.111364 0.776770 1173.000000 880.000000
0 2012 0.864876 0.339773 0.033248 0.111364 0.787880 1173.000000 880.000000
0 2013 0.864876 0.340909 0.033248 0.111364 0.793180 1173.000000 880.000000
0 2014 0.864876 0.342045 0.033248 0.111364 0.801770 1173.000000 880.000000
0 2015 0.864876 0.340909 0.033248 0.111364 0.819700 1173.000000 880.000000
0 2016 0.864876 0.340909 0.033248 0.111364 0.838890 1173.000000 880.000000
0 2017 0.865729 0.339773 0.033248 0.111364 0.866410 1173.000000 880.000000
0 2018 0.865729 0.339773 0.033248 0.111364 0.876520 1173.000000 880.000000
0 2019 0.865729 0.338636 0.033248 0.111364 0.890150 1173.000000 880.000000
0 2020 0.866581 0.338636 0.033248 0.111364 0.899240 1173.000000 880.000000
0 2021 0.866581 0.337500 0.033248 0.111364 0.914140 1173.000000 880.000000
0 2022 0.866581 0.337500 0.033248 0.111364 0.917680 1173.000000 880.000000
0 2023 0.867434 0.336364 0.033248 0.111364 0.936870 1173.000000 880.000000
0 2024 0.867434 0.336364 0.033248 0.111364 0.941410 1173.000000 880.000000
0 2025 0.867434 0.335227 0.033248 0.111364 0.952530 1173.000000 880.000000
0 2026 0.868286 0.335227 0.033248 0.111364 0.959600 1173.000000 880.000000
0 2027 0.867434 0.334091 0.033248 0.111364 0.958330 1173.000000 880.000000
0 2028 0.867434 0.332955 0.033248 0.111364 0.958330 1173.000000 880.000000
0 2029 0.866581 0.331818 0.033248 0.111364 0.954040 1173.000000 880.000000
0 2030 0.866581 0.331818 0.033248 0.111364 0.947470 1173.000000 880.000000
0 2031 0.866581 0.330682 0.033248 0.111364 0.947470 1173.000000 880.000000
0 2032 0.865729 0.329545 0.033248 0.111364 0.943430 1173.000000 880.000000
0 2033 0.865729 0.329545 0.033248 0.111364 0.939900 1173.000000 880.000000
0 2034 0.865729 0.328409 0.033248 0.111364 0.939900 1173.000000 880.000000
0 2035 0.864876 0.327273 0.033248 0.111364 0.931820 1173.000000 880.000000
0 2036 0.864876 0.327273 0.033248 0.111364 0.928030 1173.000000 880.000000
0 2037 0.864024 0.326136 0.033248 0.111364 0.923230 1173.000000 880.000000
0 2038 0.864024 0.325000 0.033248 0.111364 0.923230 1173.000000 880.000000
0 2039 0.864024 0.325000 0.033248 0.111364 0.919190 1173.000000 880.000000
0 2040 0.863171 0.323864 0.033248 0.111364 0.909850 1173.000000 880.000000
0 2041 0.863171 0.322727 0.033248 0.111364 0.909850 1173.000000 880.000000
0 2042 0.863171 0.322727 0.033248 0.111364 0.905560 1173.000000 880.000000
0 2043 0.863171 0.321591 0.033248 0.111364 0.905560 1173.000000 880.000000
0 2044 0.863171 0.320455 0.033248 0.111364 0.905560 1173.000000 880.000000
0 2045 0.863171 0.319318 0.033248 0.111364 0.901260 1173.000000 880.000000
0 2046 0.863171 0.318182 0.033248 0.111364 0.901260 1173.000000 880.000000
0 2047 0.863171 0.318182 0.033248 0.111364 0.896970 1173.000000 880.000000
0 2048 0.863171 0.317045 0.033248 0.111364 0.896970 1173.000000 880.000000
0 2049 0.863171 0.315909 0.033248 0.111364 0.896970 1173.000000 880.000000
0 2050 0.863171 0.314773 0.033248 0.111364 0.903030 1173.000000 880.000000
0 2051 0.863171 0.314773 0.033248 0.111364 0.898990 1173.000000 880.000000
0 2052 0.863171 0.313636 0.033248 0.111364 0.898990 1173.000000 880.000000
0 2053 0.863171 0.312500 0.033248 0.111364 0.898990 1173.000000 880.000000
0 2054 0.863171 0.311364 0.033248 0.111364 0.898990 1173.000000 880.000000
0 2055 0.863171 0.310227 0.033248 0.111364 0.903030 1173.000000 880.000000
0 2056 0.863171 0.310227 0.033248 0.111364 0.905300 1173.000000 880.000000
0 2057 0.863171 0.309091 0.033248 0.111364 0.905300 1173.000000 880.000000
0 2058 0.863171 0.307955 0.033248 0.111364 0.905300 1173.000000 880.000000
0 2059 0.863171 0.306818 0.033248 0.111364 0.905300 1173.000000 880.000000
0 2060 0.863171 0.306818 0.033248 0.111364 0.905300 1173.000000 880.000000
0 2061 0.862319 0.305682 0.033248 0.111364 0.898990 1173.000000 880.000000
0 2062 0.862319 0.304545 0.033248 0.111364 0.898990 1173.000000 880.000000
0 2063 0.862319 0.303409 0.033248 0.111364 0.905300 1173.000000 880.000000
0 2064 0.861466 0.302841 0.033248 0.110227 0.897960 1173.000000 880.000000
0 2065 0.861466 0.301705 0.033248 0.110227 0.902040 1173.000000 880.000000
0 2066 0.861466 0.300568 0.033248 0.110227 0.902040 1173.000000 880.000000
0 2067 0.861466 0.300000 0.033248 0.109091 0.901030 1173.000000 880.000000
0 2068 0.860614 0.299432 0.033248 0.110227 0.891580 1173.000000 880.000000
0 2069 0.860614 0.298295 0.033248 0.110227 0.897960 1173.000000 880.000000
0 2070 0.860614 0.297727 0.033248 0.109091 0.901030 1173.000000 880.000000
0 2071 0.860614 0.296591 0.033248 0.109091 0.901030 1173.000000 880.000000
0 2072 0.859761 0.295455 0.033248 0.109091 0.894850 1173.000000 880.000000
0 2073 0.859761 0.294886 0.033248 0.107955 0.893750 1173.000000 880.000000
0 2074 0.859761 0.293750 0.033248 0.107955 0.893750 1173.000000 880.000000
0 2075 0.858909 0.293182 0.033248 0.109091 0.888660 1173.000000 880.000000
0 2076 0.858909 0.292614 0.033248 0.107955 0.882810 1173.000000 880.000000
0 2077 0.858909 0.291477 0.033248 0.107955 0.882810 1173.000000 880.000000
0 2078 0.858909 0.290341 0.033248 0.107955 0.878130 1173.000000 880.000000
0 2079 0.858056 0.289773 0.033248 0.106818 0.870000 1173.000000 880.000000
0 2080 0.858056 0.288636 0.033248 0.106818 0.865000 1173.000000 880.000000
0 2081 0.858056 0.287500 0.033248 0.106818 0.865000 1173.000000 880.000000
0 2082 0.858056 0.287500 0.033248 0.106818 0.860000 1173.000000 880.000000
0 2083 0.857204 0.285227 0.033248 0.106818 0.852630 1173.000000 880.000000
0 2084 0.857204 0.282955 0.033248 0.106818 0.857890 1173.000000 880.000000
0 2085 0.857204 0.281818 0.033248 0.106818 0.852630 1173.000000 880.000000
0 2086 0.856351 0.279545 0.033248 0.106818 0.850790 1173.000000 880.000000
0 2087 0.856351 0.277273 0.033248 0.106818 0.850790 1173.000000 880.000000
0 2088 0.856351 0.276136 0.033248 0.106818 0.850790 1173.000000 880.000000
0 2089 0.855499 0.273864 0.033248 0.106818 0.849470 1173.000000 880.000000
0 2090 0.855499 0.272727 0.033248 0.106818 0.843680 1173.000000 880.000000
0 2091 0.855499 0.270455 0.033248 0.106818 0.849470 1173.000000 880.000000
0 2092 0.854646 0.268182 0.033248 0.106818 0.842630 1173.000000 880.000000
0 2093 0.854646 0.267045 0.033248 0.106818 0.842630 1173.000000 880.000000
0 2094 0.854646 0.264773 0.033248 0.106818 0.848680 1173.000000 880.000000
0 2095 0.854646 0.263636 0.033248 0.106818 0.849470 1173.000000 880.000000
0 2096 0.854646 0.261364 0.033248 0.106818 0.855260 1173.000000 880.000000
0 2097 0.854646 0.259091 0.033248 0.106818 0.861840 1173.000000 880.000000
0 2098 0.854646 0.256818 0.033248 0.106818 0.867370 1173.000000 880.000000
0 2099 0.854646 0.254545 0.033248 0.106818 0.873680 1173.000000 880.000000
0 2100 0.854646 0.252273 0.033248 0.106818 0.878950 1173.000000 880.000000
0 2101 0.854646 0.250000 0.033248 0.106818 0.884210 1173.000000 880.000000
0 2102 0.854220 0.247727 0.034101 0.106818 0.887030 1173.000000 880.000000
0 2103 0.854220 0.246591 0.034101 0.106818 0.887800 1173.000000 880.000000
0 2104 0.854220 0.244886 0.034101 0.105682 0.884800 1173.000000 880.000000
0 2105 0.854220 0.243750 0.034101 0.105682 0.884280 1173.000000 880.000000
0 2106 0.854220 0.241477 0.034101 0.105682 0.884280 1173.000000 880.000000
0 2107 0.854220 0.240341 0.034101 0.105682 0.882460 1173.000000 880.000000
0 2108 0.854220 0.238636 0.034101 0.104545 0.885920 1173.000000 880.000000
0 2109 0.854220 0.237500 0.034101 0.104545 0.881720 1173.000000 880.000000
0 2110 0.854220 0.235227 0.034101 0.104545 0.884870 1173.000000 880.000000
0 2111 0.854220 0.234091 0.034101 0.104545 0.880930 1173.000000 880.000000
0 2112 0.854220 0.232386 0.034101 0.103409 0.884940 1173.000000 880.000000
0 2113 0.854220 0.231250 0.034101 0.103409 0.879370 1173.000000 880.000000
0 2114 0.854220 0.228977 0.034101 0.103409 0.884940 1173.000000 880.000000
0 2115 0.854220 0.227841 0.034101 0.103409 0.885470 1173.000000 880.000000
0 2116 0.854220 0.226136 0.034101 0.102273 0.884210 1173.000000 880.000000
0 2117 0.854220 0.225000 0.034101 0.102273 0.887160 1173.000000 880.000000
0 2118 0.854220 0.222727 0.034101 0.102273 0.885290 1173.000000 880.000000
0 2119 0.854220 0.221591 0.034101 0.102273 0.888770 1173.000000 880.000000
0 2120 0.854220 0.219886 0.034101 0.101136 0.894040 1173.000000 880.000000
0 2121 0.854220 0.218750 0.034101 0.101136 0.889700 1173.000000 880.000000
0 2122 0.854220 0.217614 0.034101 0.101136 0.889430 1173.000000 880.000000
0 2123 0.854220 0.214205 0.034101 0.101136 0.901360 1173.000000 880.000000
0 2124 0.854220 0.210795 0.034101 0.101136 0.914090 1173.000000 880.000000
0 2125 0.854220 0.207386 0.034101 0.101136 0.926830 1173.000000 880.000000
0 2126 0.854220 0.203977 0.034101 0.101136 0.946880 1173.000000 880.000000
0 2127 0.854646 0.201705 0.034953 0.101136 0.949470 1173.000000 880.000000
0 2128 0.855072 0.198295 0.034101 0.101136 0.956640 1173.000000 880.000000
0 2129 0.855072 0.194886 0.034101 0.101136 0.963960 1173.000000 880.000000
0 2130 0.855072 0.191477 0.034101 0.101136 0.964230 1173.000000 880.000000
0 2131 0.855499 0.189205 0.034953 0.101136 0.963230 1173.000000 880.000000
0 2132 0.855499 0.185795 0.034953 0.101136 0.962960 1173.000000 880.000000
0 2133 0.855499 0.182386 0.034953 0.101136 0.967720 1173.000000 880.000000
0 2134 0.855925 0.178977 0.034101 0.101136 0.973170 1173.000000 880.000000
0 2135 0.856351 0.176705 0.034953 0.101136 0.964020 1173.000000 880.000000
0 2136 0.856351 0.173295 0.034953 0.101136 0.962960 1173.000000 880.000000
0 2137 0.856351 0.169886 0.034953 0.101136 0.961900 1173.000000 880.000000
0 2138 0.856351 0.166477 0.034953 0.101136 0.970630 1173.000000 880.000000
0 2139 0.857204 0.164205 0.034953 0.101136 0.960850 1173.000000 880.000000
0 2140 0.856351 0.160795 0.034953 0.101136 0.958730 1173.000000 880.000000
0 2141 0.856351 0.157386 0.034953 0.101136 0.957670 1173.000000 880.000000
0 2142 0.856351 0.153977 0.034953 0.101136 0.956610 1173.000000 880.000000
0 2143 0.856351 0.150568 0.034953 0.101136 0.955560 1173.000000 880.000000
0 2144 0.856351 0.148295 0.034953 0.101136 0.944440 1173.000000 880.000000
0 2145 0.856351 0.144886 0.034953 0.101136 0.944440 1173.000000 880.000000
0 2146 0.856351 0.141477 0.034953 0.101136 0.944440 1173.000000 880.000000
0 2147 0.855925 0.138068 0.035806 0.101136 0.944440 1173.000000 880.000000
0 2148 0.855925 0.134659 0.035806 0.101136 0.944440 1173.000000 880.000000
0 2149 0.855925 0.132386 0.035806 0.101136 0.934880 1173.000000 880.000000
0 2150 0.855925 0.128977 0.035806 0.101136 0.948320 1173.000000 880.000000
0 2151 0.855925 0.125568 0.035806 0.101136 0.958660 1173.000000 880.000000
0 2152 0.855925 0.122159 0.035806 0.101136 0.968990 1173.000000 880.000000
0 2153 0.855925 0.119886 0.035806 0.101136 0.968990 1173.000000 880.000000
0 2154 0.855072 0.117614 0.035806 0.101136 0.970540 1173.000000 880.000000
0 2155 0.855072 0.115909 0.035806 0.100000 0.970210 1173.000000 880.000000
0 2156 0.855072 0.114205 0.035806 0.098864 0.969870 1173.000000 880.000000
0 2157 0.855072 0.111932 0.035806 0.098864 0.969870 1173.000000 880.000000
0 2158 0.855072 0.110227 0.035806 0.097727 0.970330 1173.000000 880.000000
0 2159 0.855072 0.108523 0.035806 0.096591 0.969980 1173.000000 880.000000
0 2160 0.855072 0.106250 0.035806 0.096591 0.969980 1173.000000 880.000000
0 2161 0.855072 0.104545 0.035806 0.095455 0.970450 1173.000000 880.000000
0 2162 0.855072 0.102841 0.035806 0.094318 0.970100 1173.000000 880.000000
0 2163 0.855072 0.100568 0.035806 0.094318 0.970930 1173.000000 880.000000
0 2164 0.855072 0.098864 0.035806 0.093182 0.980390 1173.000000 880.000000
0 2165 0.855072 0.097727 0.035806 0.093182 0.971420 1173.000000 880.000000
0 2166 0.854220 0.095455 0.035806 0.093182 0.973100 1173.000000 880.000000
0 2167 0.854220 0.094318 0.035806 0.093182 0.973100 1173.000000 880.000000
0 2168 0.853794 0.092614 0.034953 0.092045 0.973870 1173.000000 880.000000
0 2169 0.853367 0.090909 0.035806 0.093182 0.974780 1173.000000 880.000000
0 2170 0.852941 0.089205 0.034953 0.092045 0.975610 1173.000000 880.000000
0 2171 0.852941 0.088068 0.034953 0.092045 0.968640 1173.000000 880.000000
0 2172 0.852089 0.085795 0.034953 0.092045 0.977350 1173.000000 880.000000
0 2173 0.852089 0.084659 0.034953 0.092045 0.970960 1173.000000 880.000000
0 2174 0.851662 0.082955 0.034101 0.090909 0.979220 1173.000000 880.000000
0 2175 0.851236 0.081250 0.034953 0.092045 0.979970 1173.000000 880.000000
0 2176 0.850810 0.079545 0.034101 0.090909 0.986750 1173.000000 880.000000
0 2177 0.850810 0.078409 0.034101 0.090909 0.993380 1173.000000 880.000000
0 2178 0.849957 0.076136 0.034101 0.090909 1.000000 1173.000000 880.000000
0 2179 0.849957 0.075000 0.034101 0.090909 1.000000 1173.000000 880.000000
0 2180 0.849957 0.073864 0.034101 0.090909 1.000000 1173.000000 880.000000
0 2181 0.849957 0.072727 0.034101 0.090909 1.000000 1173.000000 880.000000
0 2182 0.849957 0.072727 0.034101 0.090909 1.000000 1173.000000 880.000000
0 2183 0.849957 0.072727 0.034101 0.090909 1.000000 1173.000000 880.000000
0 2184 0.849957 0.071591 0.034101 0.090909 1.000000 1173.000000 880.000000
0 2185 0.849957 0.071591 0.034101 0.090909 1.000000 1173.000000 880.000000
0 2186 0.849957 0.071591 0.034101 0.090909 1.000000 1173.000000 880.000000
0 2187 0.849957 0.070455 0.034101 0.090909 1.000000 1173.000000 880.000000
0 2188 0.849957 0.070455 0.034101 0.090909 0.994280 1173.000000 880.000000
0 2189 0.849957 0.070455 0.034101 0.090909 0.994280 1173.000000 880.000000
0 2190 0.850384 0.069318 0.034953 0.090909 0.994120 1173.000000 880.000000
0 2191 0.850384 0.069318 0.034953 0.090909 0.994120 1173.000000 880.000000
0 2192 0.850384 0.069318 0.034953 0.090909 0.988240 1173.000000 880.000000
0 2193 0.850384 0.068182 0.034953 0.090909 0.988830 1173.000000 880.000000
0 2194 0.850384 0.068182 0.034953 0.090909 0.988830 1173.000000 880.000000
0 2195 0.850384 0.068182 0.034953 0.090909 0.983250 1173.000000 880.000000
0 2196 0.850384 0.068182 0.034953 0.090909 0.983250 1173.000000 880.000000
0 2197 0.850384 0.067045 0.034953 0.090909 0.983250 1173.000000 880.000000
0 2198 0.850384 0.067045 0.034953 0.090909 0.983250 1173.000000 880.000000
0 2199 0.850384 0.067045 0.034953 0.090909 0.978840 1173.000000 880.000000
0 2200 0.850810 0.065909 0.035806 0.090909 0.978180 1173.000000 880.000000
0 2201 0.850810 0.065909 0.035806 0.090909 0.978180 1173.000000 880.000000
0 2202 0.850810 0.065909 0.035806 0.090909 0.968420 1173.000000 880.000000
0 2203 0.850810 0.064773 0.035806 0.090909 0.974160 1173.000000 880.000000
0 2204 0.850810 0.064773 0.035806 0.090909 0.964690 1173.000000 880.000000
0 2205 0.850810 0.064773 0.035806 0.090909 0.962100 1173.000000 880.000000
0 2206 0.850810 0.063636 0.035806 0.090909 0.972720 1173.000000 880.000000
0 2207 0.850810 0.063636 0.035806 0.090909 0.972720 1173.000000 880.000000
0 2208 0.850810 0.063636 0.035806 0.090909 0.972720 1173.000000 880.000000
0 2209 0.851662 0.063636 0.035806 0.090909 0.971290 1173.000000 880.000000
0 2210 0.852515 0.063636 0.035806 0.090909 0.963820 1173.000000 880.000000
0 2211 0.854220 0.063636 0.035806 0.090909 0.960380 1173.000000 880.000000
0 2212 0.855925 0.063636 0.035806 0.090909 0.956930 1173.000000 880.000000
0 2213 0.856777 0.063636 0.035806 0.090909 0.955210 1173.000000 880.000000
0 2214 0.858483 0.063636 0.035806 0.090909 0.941720 1173.000000 880.000000
0 2215 0.860188 0.063636 0.035806 0.090909 0.937700 1173.000000 880.000000
0 2216 0.861040 0.063636 0.035806 0.090909 0.935690 1173.000000 880.000000
0 2217 0.862745 0.063636 0.035806 0.090909 0.931670 1173.000000 880.000000
0 2218 0.864450 0.063636 0.035806 0.090909 0.917310 1173.000000 880.000000
0 2219 0.866155 0.063636 0.035806 0.090909 0.912720 1173.000000 880.000000
0 2220 0.867008 0.063636 0.035806 0.090909 0.910420 1173.000000 880.000000
0 2221 0.868713 0.063636 0.035806 0.090909 0.905830 1173.000000 880.000000
0 2222 0.870418 0.063636 0.035806 0.090909 0.888890 1173.000000 880.000000
0 2223 0.871270 0.063636 0.035806 0.090909 0.888890 1173.000000 880.000000
0 2224 0.872975 0.063636 0.035806 0.090909 0.888890 1173.000000 880.000000
0 2225 0.874680 0.063636 0.035806 0.090909 0.888890 1173.000000 880.000000
0 2226 0.876385 0.063636 0.035806 0.090909 0.876540 1173.000000 880.000000
0 2227 0.878943 0.062500 0.035806 0.090909 0.896640 1173.000000 880.000000
0 2228 0.881500 0.062500 0.035806 0.090909 0.904390 1173.000000 880.000000
0 2229 0.884910 0.062500 0.035806 0.090909 0.914730 1173.000000 880.000000
0 2230 0.887468 0.062500 0.035806 0.090909 0.913870 1173.000000 880.000000
0 2231 0.890878 0.062500 0.035806 0.090909 0.917890 1173.000000 880.000000
0 2232 0.893436 0.062500 0.035806 0.090909 0.920760 1173.000000 880.000000
0 2233 0.896846 0.062500 0.035806 0.090909 0.925350 1173.000000 880.000000
0 2234 0.899403 0.062500 0.035806 0.090909 0.936550 1173.000000 880.000000
0 2235 0.901961 0.062500 0.035806 0.090909 0.943730 1173.000000 880.000000
0 2236 0.905371 0.062500 0.035806 0.090909 0.956930 1173.000000 880.000000
0 2237 0.907928 0.062500 0.035806 0.090909 0.963250 1173.000000 880.000000
0 2238 0.911338 0.062500 0.035806 0.090909 0.981630 1173.000000 880.000000
0 2239 0.913896 0.062500 0.035806 0.090909 0.995120 1173.000000 880.000000
0 2240 0.917306 0.062500 0.035806 0.090909 1.000000 1173.000000 880.000000
0 2241 0.919864 0.062500 0.035806 0.090909 1.000000 1173.000000 880.000000
0 2242 0.923274 0.062500 0.035806 0.090909 1.000000 1173.000000 880.000000
0 2243 0.924979 0.060227 0.035806 0.090909 1.000000 1173.000000 880.000000
0 2244 0.926684 0.059091 0.035806 0.090909 1.000000 1173.000000 880.000000
0 2245 0.928389 0.057955 0.035806 0.090909 1.000000 1173.000000 880.000000
0 2246 0.930094 0.055682 0.035806 0.090909 1.000000 1173.000000 880.000000
0 2247 0.931799 0.054545 0.035806 0.090909 1.000000 1173.000000 880.000000
0 2248 0.933504 0.053409 0.035806 0.090909 1.000000 1173.000000 880.000000
0 2249 0.935209 0.051136 0.035806 0.090909 1.000000 1173.000000 880.000000
0 2250 0.936914 0.050000 0.035806 0.090909 1.000000 1173.000000 880.000000
0 2251 0.938619 0.048864 0.035806 0.090909 1.000000 1173.000000 880.000000
0 2252 0.941176 0.047727 0.035806 0.090909 1.000000 1173.000000 880.000000
0 2253 0.943734 0.046591 0.035806 0.090909 1.000000 1173.000000 880.000000
0 2254 0.947144 0.046023 0.035806 0.089773 1.000000 1173.000000 880.000000
0 2255 0.949702 0.046023 0.035806 0.089773 1.000000 1173.000000 880.000000
0 2256 0.953112 0.045455 0.035806 0.088636 1.000000 1173.000000 880.000000
0 2257 0.956095 0.045455 0.034953 0.088636 1.000000 1173.000000 880.000000
0 2258 0.959079 0.044886 0.035806 0.087500 1.000000 1173.000000 880.000000
0 2259 0.962063 0.044318 0.034953 0.086364 1.000000 1173.000000 880.000000
0 2260 0.965047 0.044318 0.035806 0.086364 1.000000 1173.000000 880.000000
0 2261 0.968031 0.043750 0.034953 0.085227 1.000000 1173.000000 880.000000
