0 1543 0.329071 0.986932 0.034101 0.028409 0.961540 1173.000000 880.000000
0 1544 0.328645 0.984659 0.034953 0.030682 1.000000 1173.000000 880.000000
0 1545 0.328218 0.983523 0.035806 0.032955 1.000000 1173.000000 880.000000
0 1546 0.327792 0.981818 0.036658 0.036364 1.000000 1173.000000 880.000000
0 1547 0.327366 0.980682 0.037511 0.038636 1.000000 1173.000000 880.000000
0 1548 0.326939 0.978977 0.038363 0.042045 1.000000 1173.000000 880.000000
0 1549 0.326513 0.977841 0.039216 0.044318 1.000000 1173.000000 880.000000
0 1550 0.326087 0.976136 0.040068 0.047727 1.000000 1173.000000 880.000000
0 1551 0.325661 0.975000 0.040921 0.050000 1.000000 1173.000000 880.000000
0 1552 0.325234 0.973295 0.041773 0.053409 1.000000 1173.000000 880.000000
0 1553 0.324808 0.972159 0.042626 0.055682 1.000000 1173.000000 880.000000
0 1554 0.324382 0.970455 0.043478 0.059091 1.000000 1173.000000 880.000000
0 1555 0.323956 0.969318 0.044331 0.061364 1.000000 1173.000000 880.000000
0 1556 0.323956 0.968182 0.044331 0.063636 1.000000 1173.000000 880.000000
0 1557 0.323103 0.966477 0.044331 0.067045 1.000000 1173.000000 880.000000
0 1558 0.322251 0.965341 0.044331 0.069318 1.000000 1173.000000 880.000000
0 1559 0.321398 0.963636 0.044331 0.072727 1.000000 1173.000000 880.000000
0 1560 0.320972 0.962500 0.045183 0.075000 1.000000 1173.000000 880.000000
0 1561 0.320119 0.960795 0.045183 0.078409 1.000000 1173.000000 880.000000
0 1562 0.319267 0.959659 0.045183 0.080682 1.000000 1173.000000 880.000000
0 1563 0.318414 0.957955 0.045183 0.084091 1.000000 1173.000000 880.000000
0 1564 0.317988 0.956818 0.046036 0.086364 1.000000 1173.000000 880.000000
0 1565 0.317136 0.955114 0.046036 0.089773 1.000000 1173.000000 880.000000
0 1566 0.316283 0.953977 0.046036 0.092045 1.000000 1173.000000 880.000000
0 1567 0.315431 0.952273 0.046036 0.095455 1.000000 1173.000000 880.000000
0 1568 0.315004 0.951136 0.046888 0.097727 1.000000 1173.000000 880.000000
0 1569 0.314152 0.949432 0.046888 0.101136 1.000000 1173.000000 880.000000
0 1570 0.313299 0.948295 0.046888 0.103409 1.000000 1173.000000 880.000000
0 1571 0.312447 0.946591 0.046888 0.106818 1.000000 1173.000000 880.000000
0 1572 0.312020 0.946023 0.047741 0.110227 0.989800 1173.000000 880.000000
0 1573 0.311168 0.943750 0.047741 0.112500 0.994560 1173.000000 880.000000
0 1574 0.310315 0.942045 0.047741 0.113636 0.989580 1173.000000 880.000000
0 1575 0.309463 0.940909 0.047741 0.115909 0.984670 1173.000000 880.000000
0 1576 0.308610 0.938636 0.047741 0.118182 0.980620 1173.000000 880.000000
0 1577 0.307758 0.936932 0.047741 0.119318 0.850380 1173.000000 880.000000
0 1578 0.306905 0.935795 0.047741 0.121591 0.837230 1173.000000 880.000000
0 1579 0.306053 0.933523 0.047741 0.123864 0.838920 1173.000000 880.000000
0 1580 0.305200 0.931818 0.047741 0.125000 0.839730 1173.000000 880.000000
0 1581 0.304348 0.930682 0.047741 0.127273 0.836670 1173.000000 880.000000
0 1582 0.303495 0.928977 0.047741 0.128409 0.838570 1173.000000 880.000000
0 1583 0.302643 0.926705 0.047741 0.130682 0.842410 1173.000000 880.000000
0 1584 0.301790 0.925568 0.047741 0.132955 0.842400 1173.000000 880.000000
0 1585 0.300938 0.923864 0.047741 0.134091 0.841660 1173.000000 880.000000
0 1586 0.300085 0.921591 0.047741 0.136364 0.847030 1173.000000 880.000000
0 1587 0.299233 0.920455 0.047741 0.138636 0.848670 1173.000000 880.000000
0 1588 0.298380 0.918750 0.047741 0.139773 0.850310 1173.000000 880.000000
0 1589 0.298380 0.917614 0.047741 0.142045 0.846700 1173.000000 880.000000
0 1590 0.297528 0.915341 0.047741 0.142045 0.852970 1173.000000 880.000000
0 1591 0.297528 0.913068 0.047741 0.142045 0.855470 1173.000000 880.000000
0 1592 0.297101 0.910795 0.046888 0.142045 0.848070 1173.000000 880.000000
0 1593 0.297101 0.909091 0.046888 0.143182 0.839990 1173.000000 880.000000
0 1594 0.297101 0.906818 0.046888 0.143182 0.827620 1173.000000 880.000000
0 1595 0.296249 0.904545 0.046888 0.143182 0.827330 1173.000000 880.000000
0 1596 0.296249 0.902841 0.046888 0.144318 0.811100 1173.000000 880.000000
0 1597 0.296249 0.900568 0.046888 0.144318 0.806500 1173.000000 880.000000
0 1598 0.295823 0.898295 0.046036 0.144318 0.805820 1173.000000 880.000000
0 1599 0.295823 0.896591 0.046036 0.145455 0.792250 1173.000000 880.000000
0 1600 0.295823 0.894318 0.046036 0.145455 0.787460 1173.000000 880.000000
0 1601 0.294970 0.892045 0.046036 0.145455 0.783790 1173.000000 880.000000
0 1602 0.294970 0.889773 0.046036 0.145455 0.773930 1173.000000 880.000000
0 1603 0.294970 0.888068 0.046036 0.146591 0.749650 1173.000000 880.000000
0 1604 0.294544 0.885795 0.045183 0.146591 0.748150 1173.000000 880.000000
0 1605 0.294544 0.883523 0.045183 0.146591 0.741450 1173.000000 880.000000
0 1606 0.294544 0.881818 0.045183 0.147727 0.726320 1173.000000 880.000000
0 1607 0.293691 0.879545 0.045183 0.147727 0.734940 1173.000000 880.000000
0 1608 0.293691 0.877273 0.045183 0.147727 0.732400 1173.000000 880.000000
0 1609 0.293691 0.875568 0.045183 0.148864 0.724890 1173.000000 880.000000
0 1610 0.293265 0.873295 0.044331 0.148864 0.725130 1173.000000 880.000000
0 1611 0.293265 0.871023 0.044331 0.148864 0.720700 1173.000000 880.000000
0 1612 0.293265 0.869886 0.044331 0.148864 0.713550 1173.000000 880.000000
0 1613 0.293265 0.867614 0.044331 0.148864 0.717550 1173.000000 880.000000
0 1614 0.293265 0.866477 0.044331 0.148864 0.700110 1173.000000 880.000000
0 1615 0.293265 0.865341 0.044331 0.148864 0.691970 1173.000000 880.000000
0 1616 0.293265 0.863068 0.044331 0.148864 0.692820 1173.000000 880.000000
0 1617 0.293265 0.861932 0.044331 0.148864 0.686110 1173.000000 880.000000
0 1618 0.293265 0.860795 0.044331 0.148864 0.673670 1173.000000 880.000000
0 1619 0.293265 0.858523 0.044331 0.148864 0.667380 1173.000000 880.000000
0 1620 0.293265 0.857386 0.044331 0.148864 0.665240 1173.000000 880.000000
0 1621 0.293265 0.856250 0.044331 0.148864 0.656950 1173.000000 880.000000
0 1622 0.293265 0.853977 0.044331 0.148864 0.639650 1173.000000 880.000000
0 1623 0.293265 0.852841 0.044331 0.148864 0.628500 1173.000000 880.000000
0 1624 0.293265 0.851705 0.044331 0.148864 0.600060 1173.000000 880.000000
0 1625 0.293265 0.850568 0.044331 0.148864 0.588340 1173.000000 880.000000
0 1626 0.292839 0.848295 0.045183 0.148864 0.574780 1173.000000 880.000000
0 1627 0.292839 0.846023 0.045183 0.148864 0.565800 1173.000000 880.000000
0 1628 0.292839 0.843750 0.045183 0.148864 0.550220 1173.000000 880.000000
0 1629 0.292839 0.841477 0.046888 0.148864 0.541260 1173.000000 880.000000
0 1630 0.292839 0.839205 0.046888 0.148864 0.523940 1173.000000 880.000000
0 1631 0.292839 0.836932 0.046888 0.148864 0.512990 1173.000000 880.000000
0 1632 0.292839 0.835795 0.048593 0.148864 0.496470 1173.000000 880.000000
0 1633 0.292839 0.833523 0.048593 0.148864 0.487980 1173.000000 880.000000
0 1634 0.292839 0.831250 0.048593 0.148864 0.477800 1173.000000 880.000000
0 1635 0.292839 0.828977 0.050298 0.148864 0.477400 1173.000000 880.000000
0 1636 0.292839 0.826705 0.050298 0.148864 0.473230 1173.000000 880.000000
0 1637 0.292839 0.824432 0.050298 0.148864 0.471720 1173.000000 880.000000
0 1638 0.293265 0.823295 0.051151 0.148864 0.464730 1173.000000 880.000000
0 1639 0.292413 0.821023 0.051151 0.148864 0.468700 1173.000000 880.000000
0 1640 0.291986 0.819318 0.050298 0.147727 0.471880 1173.000000 880.000000
0 1641 0.291560 0.817614 0.049446 0.148864 0.467260 1173.000000 880.000000
0 1642 0.291560 0.815909 0.049446 0.147727 0.463190 1173.000000 880.000000
0 1643 0.290708 0.814205 0.049446 0.148864 0.479710 1173.000000 880.000000
0 1644 0.290281 0.812500 0.048593 0.147727 0.470910 1173.000000 880.000000
0 1645 0.290281 0.810795 0.048593 0.148864 0.468130 1173.000000 880.000000
0 1646 0.289855 0.809091 0.047741 0.147727 0.465920 1173.000000 880.000000
0 1647 0.289003 0.807386 0.047741 0.148864 0.476080 1173.000000 880.000000
0 1648 0.289003 0.805682 0.047741 0.147727 0.465650 1173.000000 880.000000
0 1649 0.288576 0.803977 0.046888 0.148864 0.466720 1173.000000 880.000000
0 1650 0.288150 0.802273 0.046036 0.147727 0.457320 1173.000000 880.000000
0 1651 0.288150 0.801136 0.046036 0.147727 0.450240 1173.000000 880.000000
0 1652 0.286445 0.798864 0.046036 0.147727 0.482440 1173.000000 880.000000
0 1653 0.285592 0.797727 0.046036 0.147727 0.480220 1173.000000 880.000000
0 1654 0.283887 0.796591 0.046036 0.147727 0.506320 1173.000000 880.000000
0 1655 0.283035 0.794318 0.046036 0.147727 0.520330 1173.000000 880.000000
0 1656 0.281330 0.793182 0.046036 0.147727 0.539070 1173.000000 880.000000
0 1657 0.280477 0.792045 0.046036 0.147727 0.546980 1173.000000 880.000000
0 1658 0.279625 0.790909 0.046036 0.147727 0.560170 1173.000000 880.000000
0 1659 0.277920 0.788636 0.046036 0.147727 0.588760 1173.000000 880.000000
0 1660 0.277067 0.787500 0.046036 0.147727 0.593060 1173.000000 880.000000
0 1661 0.275362 0.786364 0.046036 0.147727 0.616520 1173.000000 880.000000
0 1662 0.274510 0.784091 0.046036 0.147727 0.636220 1173.000000 880.000000
0 1663 0.272805 0.782955 0.046036 0.147727 0.655240 1173.000000 880.000000
0 1664 0.271952 0.781818 0.046036 0.147727 0.655240 1173.000000 880.000000
0 1665 0.271100 0.780682 0.046036 0.147727 0.659960 1173.000000 880.000000
0 1666 0.270247 0.777841 0.046036 0.146591 0.676640 1173.000000 880.000000
0 1667 0.270247 0.776136 0.046036 0.145455 0.664550 1173.000000 880.000000
0 1668 0.270247 0.773864 0.046036 0.145455 0.669490 1173.000000 880.000000
0 1669 0.270247 0.771591 0.046036 0.143182 0.669290 1173.000000 880.000000
0 1670 0.270247 0.769886 0.046036 0.142045 0.671720 1173.000000 880.000000
0 1671 0.269821 0.767614 0.045183 0.142045 0.665640 1173.000000 880.000000
0 1672 0.269821 0.765341 0.045183 0.139773 0.670700 1173.000000 880.000000
0 1673 0.269821 0.763068 0.045183 0.139773 0.670700 1173.000000 880.000000
0 1674 0.269821 0.761364 0.045183 0.138636 0.673290 1173.000000 880.000000
0 1675 0.269821 0.759091 0.045183 0.136364 0.663910 1173.000000 880.000000
0 1676 0.269395 0.756818 0.044331 0.136364 0.663180 1173.000000 880.000000
0 1677 0.269395 0.755114 0.044331 0.135227 0.660380 1173.000000 880.000000
0 1678 0.269395 0.752273 0.044331 0.134091 0.659740 1173.000000 880.000000
0 1679 0.269395 0.750568 0.044331 0.132955 0.656860 1173.000000 880.000000
0 1680 0.269395 0.748864 0.044331 0.131818 0.650700 1173.000000 880.000000
0 1681 0.268542 0.746591 0.044331 0.131818 0.659890 1173.000000 880.000000
0 1682 0.267690 0.745455 0.044331 0.131818 0.659890 1173.000000 880.000000
0 1683 0.267690 0.743750 0.044331 0.132955 0.647590 1173.000000 880.000000
0 1684 0.266837 0.742614 0.044331 0.132955 0.656860 1173.000000 880.000000
0 1685 0.265985 0.740909 0.044331 0.134091 0.653880 1173.000000 880.000000
0 1686 0.265985 0.739773 0.044331 0.134091 0.653880 1173.000000 880.000000
0 1687 0.265132 0.737500 0.044331 0.134091 0.653880 1173.000000 880.000000
0 1688 0.264280 0.736364 0.044331 0.134091 0.663230 1173.000000 880.000000
0 1689 0.264280 0.734659 0.044331 0.135227 0.650940 1173.000000 880.000000
0 1690 0.263427 0.733523 0.044331 0.135227 0.645130 1173.000000 880.000000
0 1691 0.262575 0.731818 0.044331 0.136364 0.651960 1173.000000 880.000000
0 1692 0.262575 0.730682 0.044331 0.136364 0.642290 1173.000000 880.000000
0 1693 0.261722 0.728409 0.044331 0.136364 0.651960 1173.000000 880.000000
0 1694 0.260870 0.727273 0.044331 0.136364 0.646340 1173.000000 880.000000
0 1695 0.260870 0.725568 0.044331 0.137500 0.643670 1173.000000 880.000000
0 1696 0.260017 0.724432 0.044331 0.137500 0.643670 1173.000000 880.000000
0 1697 0.259165 0.722727 0.044331 0.138636 0.651020 1173.000000 880.000000
0 1698 0.259165 0.721591 0.044331 0.138636 0.635530 1173.000000 880.000000
0 1699 0.258312 0.719318 0.044331 0.138636 0.635530 1173.000000 880.000000
0 1700 0.258312 0.718182 0.044331 0.138636 0.635530 1173.000000 880.000000
0 1701 0.257460 0.715909 0.044331 0.138636 0.635530 1173.000000 880.000000
0 1702 0.257460 0.714773 0.044331 0.138636 0.630000 1173.000000 880.000000
0 1703 0.256607 0.712500 0.044331 0.138636 0.630000 1173.000000 880.000000
0 1704 0.256607 0.711364 0.044331 0.138636 0.630000 1173.000000 880.000000
0 1705 0.255754 0.709091 0.044331 0.138636 0.630000 1173.000000 880.000000
0 1706 0.255754 0.707955 0.044331 0.138636 0.624480 1173.000000 880.000000
0 1707 0.254902 0.705682 0.044331 0.138636 0.624480 1173.000000 880.000000
0 1708 0.254902 0.704545 0.044331 0.138636 0.624480 1173.000000 880.000000
0 1709 0.254902 0.702273 0.044331 0.138636 0.624480 1173.000000 880.000000
0 1710 0.254049 0.701136 0.044331 0.138636 0.634910 1173.000000 880.000000
0 1711 0.254049 0.698864 0.044331 0.138636 0.634910 1173.000000 880.000000
0 1712 0.253197 0.697727 0.044331 0.138636 0.645340 1173.000000 880.000000
0 1713 0.253197 0.695455 0.044331 0.138636 0.645340 1173.000000 880.000000
0 1714 0.252344 0.694318 0.044331 0.138636 0.655780 1173.000000 880.000000
0 1715 0.252344 0.692045 0.044331 0.138636 0.671120 1173.000000 880.000000
0 1716 0.251492 0.690909 0.044331 0.138636 0.676640 1173.000000 880.000000
0 1717 0.251492 0.688636 0.044331 0.138636 0.681390 1173.000000 880.000000
0 1718 0.251492 0.687500 0.044331 0.138636 0.676640 1173.000000 880.000000
0 1719 0.250639 0.685227 0.044331 0.138636 0.691670 1173.000000 880.000000
0 1720 0.250213 0.682955 0.043478 0.138636 0.696220 1173.000000 880.000000
0 1721 0.250213 0.681250 0.043478 0.137500 0.698300 1173.000000 880.000000
0 1722 0.249361 0.679545 0.043478 0.138636 0.721390 1173.000000 880.000000
0 1723 0.248934 0.677273 0.042626 0.138636 0.726450 1173.000000 880.000000
0 1724 0.248934 0.675568 0.042626 0.137500 0.728380 1173.000000 880.000000
0 1725 0.248082 0.673864 0.042626 0.138636 0.736970 1173.000000 880.000000
0 1726 0.248082 0.672159 0.042626 0.137500 0.738830 1173.000000 880.000000
0 1727 0.247656 0.669886 0.041773 0.137500 0.744260 1173.000000 880.000000
0 1728 0.246803 0.668182 0.041773 0.138636 0.756910 1173.000000 880.000000
0 1729 0.246803 0.666477 0.041773 0.137500 0.769180 1173.000000 880.000000
0 1730 0.246377 0.664205 0.040921 0.137500 0.775180 1173.000000 880.000000
0 1731 0.246377 0.663068 0.040921 0.137500 0.775180 1173.000000 880.000000
0 1732 0.245524 0.660795 0.040921 0.137500 0.785880 1173.000000 880.000000
0 1733 0.244672 0.659659 0.040921 0.137500 0.796590 1173.000000 880.000000
0 1734 0.243819 0.657386 0.040921 0.137500 0.807290 1173.000000 880.000000
0 1735 0.242967 0.656250 0.040921 0.137500 0.818000 1173.000000 880.000000
0 1736 0.242114 0.655114 0.040921 0.137500 0.826030 1173.000000 880.000000
0 1737 0.241262 0.652841 0.040921 0.137500 0.839410 1173.000000 880.000000
0 1738 0.240835 0.651705 0.041773 0.137500 0.840160 1173.000000 880.000000
0 1739 0.239983 0.650568 0.041773 0.137500 0.850820 1173.000000 880.000000
0 1740 0.239130 0.648295 0.041773 0.137500 0.863610 1173.000000 880.000000
0 1741 0.238278 0.647159 0.041773 0.137500 0.872130 1173.000000 880.000000
0 1742 0.237425 0.646023 0.041773 0.137500 0.882790 1173.000000 880.000000
0 1743 0.236573 0.643750 0.041773 0.137500 0.893440 1173.000000 880.000000
0 1744 0.235720 0.642614 0.041773 0.137500 0.904100 1173.000000 880.000000
0 1745 0.235294 0.641477 0.042626 0.137500 0.904530 1173.000000 880.000000
0 1746 0.234442 0.639205 0.042626 0.137500 0.916430 1173.000000 880.000000
0 1747 0.233589 0.637500 0.042626 0.136364 0.916710 1173.000000 880.000000
0 1748 0.233589 0.636364 0.042626 0.136364 0.916870 1173.000000 880.000000
0 1749 0.232737 0.634659 0.042626 0.135227 0.918950 1173.000000 880.000000
0 1750 0.232310 0.633523 0.041773 0.135227 0.905830 1173.000000 880.000000
0 1751 0.231884 0.631818 0.042626 0.134091 0.889440 1173.000000 880.000000
0 1752 0.231458 0.630682 0.041773 0.134091 0.886390 1173.000000 880.000000
0 1753 0.230605 0.628977 0.041773 0.132955 0.879320 1173.000000 880.000000
0 1754 0.230605 0.627841 0.041773 0.132955 0.869150 1173.000000 880.000000
0 1755 0.229753 0.625568 0.041773 0.132955 0.862540 1173.000000 880.000000
0 1756 0.229753 0.624432 0.041773 0.132955 0.852540 1173.000000 880.000000
0 1757 0.228900 0.622727 0.041773 0.131818 0.848210 1173.000000 880.000000
0 1758 0.228474 0.621591 0.040921 0.131818 0.844410 1173.000000 880.000000
0 1759 0.228048 0.619886 0.041773 0.130682 0.832240 1173.000000 880.000000
0 1760 0.227621 0.618750 0.040921 0.130682 0.830050 1173.000000 880.000000
0 1761 0.226769 0.617045 0.040921 0.129545 0.824490 1173.000000 880.000000
0 1762 0.226769 0.615909 0.040921 0.129545 0.814730 1173.000000 880.000000
0 1763 0.225916 0.614205 0.040921 0.128409 0.812030 1173.000000 880.000000
0 1764 0.225916 0.613068 0.040921 0.128409 0.802540 1173.000000 880.000000
0 1765 0.225064 0.610795 0.040921 0.128409 0.813460 1173.000000 880.000000
0 1766 0.225064 0.609091 0.040921 0.127273 0.804410 1173.000000 880.000000
0 1767 0.225064 0.607386 0.040921 0.128409 0.802900 1173.000000 880.000000
0 1768 0.225064 0.605682 0.040921 0.127273 0.794110 1173.000000 880.000000
0 1769 0.225064 0.603409 0.040921 0.127273 0.800610 1173.000000 880.000000
0 1770 0.225064 0.602273 0.040921 0.127273 0.789060 1173.000000 880.000000
0 1771 0.225064 0.600000 0.040921 0.127273 0.795740 1173.000000 880.000000
0 1772 0.224211 0.598295 0.040921 0.126136 0.794460 1173.000000 880.000000
0 1773 0.224211 0.597159 0.040921 0.126136 0.796650 1173.000000 880.000000
0 1774 0.224211 0.594886 0.040921 0.126136 0.790090 1173.000000 880.000000
0 1775 0.224211 0.593750 0.040921 0.126136 0.792270 1173.000000 880.000000
0 1776 0.224211 0.591477 0.040921 0.126136 0.785710 1173.000000 880.000000
0 1777 0.224211 0.589773 0.040921 0.125000 0.789300 1173.000000 880.000000
0 1778 0.224211 0.588068 0.040921 0.126136 0.793550 1173.000000 880.000000
0 1779 0.224211 0.586364 0.040921 0.125000 0.785620 1173.000000 880.000000
0 1780 0.223359 0.584659 0.040921 0.123864 0.801480 1173.000000 880.000000
0 1781 0.223359 0.582955 0.040921 0.125000 0.791870 1173.000000 880.000000
0 1782 0.223359 0.581250 0.040921 0.123864 0.798520 1173.000000 880.000000
0 1783 0.223359 0.578977 0.040921 0.123864 0.792950 1173.000000 880.000000
0 1784 0.223359 0.577841 0.040921 0.123864 0.795550 1173.000000 880.000000
0 1785 0.223359 0.575568 0.040921 0.123864 0.784790 1173.000000 880.000000
0 1786 0.223359 0.574432 0.040921 0.123864 0.784790 1173.000000 880.000000
0 1787 0.222506 0.572727 0.040921 0.122727 0.782810 1173.000000 880.000000
0 1788 0.222506 0.570455 0.040921 0.122727 0.786560 1173.000000 880.000000
0 1789 0.222506 0.569318 0.040921 0.122727 0.771950 1173.000000 880.000000
0 1790 0.222506 0.567045 0.040921 0.122727 0.775880 1173.000000 880.000000
0 1791 0.222506 0.565341 0.040921 0.121591 0.777780 1173.000000 880.000000
0 1792 0.222506 0.563636 0.040921 0.122727 0.775880 1173.000000 880.000000
0 1793 0.222506 0.561932 0.040921 0.121591 0.777780 1173.000000 880.000000
0 1794 0.222506 0.560795 0.040921 0.121591 0.777780 1173.000000 880.000000
0 1795 0.222506 0.559659 0.040921 0.121591 0.777780 1173.000000 880.000000
0 1796 0.223359 0.558523 0.040921 0.121591 0.767200 1173.000000 880.000000
0 1797 0.223359 0.557386 0.040921 0.121591 0.767200 1173.000000 880.000000
0 1798 0.224211 0.556250 0.040921 0.121591 0.756610 1173.000000 880.000000
0 1799 0.224211 0.555114 0.040921 0.121591 0.756610 1173.000000 880.000000
0 1800 0.225064 0.553977 0.040921 0.121591 0.746030 1173.000000 880.000000
0 1801 0.225916 0.552841 0.040921 0.121591 0.746030 1173.000000 880.000000
0 1802 0.225916 0.551705 0.040921 0.121591 0.746030 1173.000000 880.000000
0 1803 0.226343 0.550568 0.041773 0.121591 0.751110 1173.000000 880.000000
0 1804 0.226343 0.550000 0.041773 0.122727 0.748990 1173.000000 880.000000
0 1805 0.227195 0.549432 0.041773 0.121591 0.746670 1173.000000 880.000000
0 1806 0.227621 0.548864 0.042626 0.122727 0.739160 1173.000000 880.000000
0 1807 0.227621 0.547727 0.042626 0.122727 0.749600 1173.000000 880.000000
0 1808 0.228474 0.547159 0.042626 0.121591 0.736750 1173.000000 880.000000
0 1809 0.228900 0.546591 0.043478 0.122727 0.739770 1173.000000 880.000000
0 1810 0.228900 0.545455 0.043478 0.122727 0.739770 1173.000000 880.000000
0 1811 0.229753 0.545455 0.043478 0.122727 0.735360 1173.000000 880.000000
0 1812 0.230179 0.544318 0.044331 0.122727 0.729960 1173.000000 880.000000
0 1813 0.230179 0.543182 0.044331 0.122727 0.740350 1173.000000 880.000000
0 1814 0.230605 0.542614 0.045183 0.123864 0.733000 1173.000000 880.000000
0 1815 0.231458 0.542045 0.045183 0.122727 0.730550 1173.000000 880.000000
0 1816 0.231458 0.541477 0.045183 0.123864 0.728620 1173.000000 880.000000
0 1817 0.231884 0.540341 0.046036 0.123864 0.733550 1173.000000 880.000000
0 1818 0.232737 0.539773 0.046036 0.122727 0.715760 1173.000000 880.000000
0 1819 0.232737 0.539205 0.046036 0.123864 0.724300 1173.000000 880.000000
0 1820 0.233163 0.538068 0.046888 0.123864 0.714120 1173.000000 880.000000
0 1821 0.234015 0.538068 0.046888 0.123864 0.694480 1173.000000 880.000000
0 1822 0.234015 0.536932 0.046888 0.123864 0.698050 1173.000000 880.000000
0 1823 0.234015 0.535795 0.046888 0.123864 0.698050 1173.000000 880.000000
0 1824 0.234015 0.535795 0.046888 0.123864 0.692210 1173.000000 880.000000
0 1825 0.234015 0.534659 0.046888 0.123864 0.692210 1173.000000 880.000000
0 1826 0.234868 0.533523 0.046888 0.123864 0.680520 1173.000000 880.000000
0 1827 0.234868 0.533523 0.046888 0.123864 0.675810 1173.000000 880.000000
0 1828 0.234868 0.532386 0.046888 0.123864 0.679710 1173.000000 880.000000
0 1829 0.234868 0.532386 0.046888 0.123864 0.675000 1173.000000 880.000000
0 1830 0.235720 0.531250 0.046888 0.123864 0.659090 1173.000000 880.000000
0 1831 0.235720 0.530114 0.046888 0.123864 0.662990 1173.000000 880.000000
0 1832 0.235720 0.530114 0.046888 0.123864 0.653410 1173.000000 880.000000
0 1833 0.235720 0.528977 0.046888 0.123864 0.658280 1173.000000 880.000000
0 1834 0.235720 0.528977 0.046888 0.123864 0.654550 1173.000000 880.000000
0 1835 0.236573 0.527841 0.046888 0.123864 0.643830 1173.000000 880.000000
0 1836 0.236573 0.526705 0.046888 0.123864 0.646430 1173.000000 880.000000
0 1837 0.236573 0.526705 0.046888 0.123864 0.645130 1173.000000 880.000000
0 1838 0.236573 0.525568 0.046888 0.123864 0.645130 1173.000000 880.000000
0 1839 0.237425 0.524432 0.046888 0.123864 0.633440 1173.000000 880.000000
0 1840 0.237425 0.524432 0.046888 0.123864 0.628250 1173.000000 880.000000
0 1841 0.237425 0.523295 0.046888 0.123864 0.629710 1173.000000 880.000000
0 1842 0.237425 0.523295 0.046888 0.123864 0.624510 1173.000000 880.000000
0 1843 0.237425 0.522159 0.046888 0.123864 0.624510 1173.000000 880.000000
0 1844 0.238278 0.521023 0.046888 0.123864 0.608930 1173.000000 880.000000
0 1845 0.238278 0.521023 0.046888 0.123864 0.613960 1173.000000 880.000000
0 1846 0.238278 0.519886 0.046888 0.123864 0.615580 1173.000000 880.000000
0 1847 0.238278 0.519886 0.046888 0.123864 0.610390 1173.000000 880.000000
0 1848 0.239130 0.518750 0.046888 0.123864 0.594640 1173.000000 880.000000
0 1849 0.239130 0.517614 0.046888 0.123864 0.594640 1173.000000 880.000000
0 1850 0.239130 0.517614 0.046888 0.123864 0.591070 1173.000000 880.000000
0 1851 0.239130 0.516477 0.046888 0.123864 0.598210 1173.000000 880.000000
0 1852 0.239983 0.516477 0.046888 0.123864 0.574840 1173.000000 880.000000
0 1853 0.239983 0.514773 0.046888 0.122727 0.574380 1173.000000 880.000000
0 1854 0.240409 0.513636 0.046036 0.122727 0.564640 1173.000000 880.000000
0 1855 0.240409 0.512500 0.046036 0.122727 0.562640 1173.000000 880.000000
0 1856 0.240835 0.511364 0.045183 0.122727 0.558950 1173.000000 880.000000
0 1857 0.240835 0.510795 0.045183 0.121591 0.557610 1173.000000 880.000000
0 1858 0.241262 0.509659 0.044331 0.121591 0.549270 1173.000000 880.000000
0 1859 0.241262 0.508523 0.044331 0.121591 0.542450 1173.000000 880.000000
0 1860 0.241688 0.507386 0.043478 0.121591 0.533650 1173.000000 880.000000
0 1861 0.241688 0.506250 0.043478 0.121591 0.533650 1173.000000 880.000000
0 1862 0.242540 0.505682 0.043478 0.120455 0.515280 1173.000000 880.000000
0 1863 0.242540 0.504545 0.043478 0.120455 0.509530 1173.000000 880.000000
0 1864 0.242967 0.503409 0.042626 0.120455 0.492760 1173.000000 880.000000
0 1865 0.242967 0.502273 0.042626 0.120455 0.492760 1173.000000 880.000000
0 1866 0.243393 0.501705 0.041773 0.119318 0.477740 1173.000000 880.000000
0 1867 0.243819 0.500568 0.040921 0.119318 0.456680 1173.000000 880.000000
0 1868 0.243819 0.499432 0.040921 0.119318 0.456680 1173.000000 880.000000
0 1869 0.244246 0.498295 0.040068 0.119318 0.445360 1173.000000 880.000000
0 1870 0.244246 0.497159 0.040068 0.119318 0.445360 1173.000000 880.000000
0 1871 0.245098 0.496591 0.040068 0.118182 0.429960 1173.000000 880.000000
0 1872 0.245098 0.495455 0.040068 0.118182 0.426790 1173.000000 880.000000
0 1873 0.245524 0.494318 0.039216 0.118182 0.425130 1173.000000 880.000000
0 1874 0.245524 0.493182 0.039216 0.118182 0.446200 1173.000000 880.000000
0 1875 0.245951 0.492045 0.038363 0.118182 0.437270 1173.000000 880.000000
0 1876 0.245951 0.491477 0.038363 0.117045 0.438960 1173.000000 880.000000
0 1877 0.246377 0.490341 0.037511 0.117045 0.425640 1173.000000 880.000000
0 1878 0.246377 0.489205 0.037511 0.117045 0.432480 1173.000000 880.000000
0 1879 0.246803 0.488068 0.036658 0.117045 0.429200 1173.000000 880.000000
0 1880 0.247656 0.487500 0.036658 0.115909 0.401370 1173.000000 880.000000
0 1881 0.246803 0.486364 0.036658 0.115909 0.432920 1173.000000 880.000000
0 1882 0.246377 0.485227 0.037511 0.115909 0.440990 1173.000000 880.000000
0 1883 0.245524 0.484091 0.037511 0.115909 0.470770 1173.000000 880.000000
0 1884 0.245098 0.482955 0.038363 0.115909 0.488180 1173.000000 880.000000
0 1885 0.244246 0.481818 0.038363 0.115909 0.510550 1173.000000 880.000000
0 1886 0.243819 0.480682 0.039216 0.115909 0.541210 1173.000000 880.000000
0 1887 0.242967 0.479545 0.039216 0.115909 0.562900 1173.000000 880.000000
0 1888 0.242540 0.478409 0.040068 0.115909 0.572010 1173.000000 880.000000
0 1889 0.241688 0.477273 0.040068 0.115909 0.591630 1173.000000 880.000000
0 1890 0.241262 0.476136 0.040921 0.115909 0.604910 1173.000000 880.000000
0 1891 0.240409 0.475000 0.040921 0.115909 0.624130 1173.000000 880.000000
0 1892 0.239983 0.473864 0.041773 0.115909 0.636500 1173.000000 880.000000
0 1893 0.239557 0.471591 0.042626 0.115909 0.648580 1173.000000 880.000000
0 1894 0.239557 0.469318 0.044331 0.115909 0.653780 1173.000000 880.000000
0 1895 0.239130 0.467045 0.045183 0.115909 0.665050 1173.000000 880.000000
0 1896 0.239130 0.464773 0.046888 0.115909 0.669900 1173.000000 880.000000
0 1897 0.238278 0.463636 0.046888 0.115909 0.681690 1173.000000 880.000000
0 1898 0.238278 0.462500 0.046888 0.115909 0.681690 1173.000000 880.000000
0 1899 0.237852 0.461364 0.046036 0.115909 0.687910 1173.000000 880.000000
0 1900 0.237852 0.460227 0.046036 0.115909 0.687910 1173.000000 880.000000
0 1901 0.237852 0.459091 0.046036 0.115909 0.687910 1173.000000 880.000000
0 1902 0.237425 0.458523 0.045183 0.114773 0.691360 1173.000000 880.000000
0 1903 0.236999 0.457386 0.046036 0.114773 0.704810 1173.000000 880.000000
0 1904 0.236573 0.456250 0.045183 0.114773 0.711870 1173.000000 880.000000
0 1905 0.236573 0.455114 0.045183 0.114773 0.711870 1173.000000 880.000000
0 1906 0.236573 0.453977 0.045183 0.114773 0.711870 1173.000000 880.000000
0 1907 0.236147 0.453409 0.044331 0.113636 0.716420 1173.000000 880.000000
0 1908 0.236147 0.452273 0.044331 0.113636 0.716420 1173.000000 880.000000
0 1909 0.236147 0.451136 0.044331 0.113636 0.716420 1173.000000 880.000000
0 1910 0.235294 0.450000 0.044331 0.113636 0.729310 1173.000000 880.000000
0 1911 0.235294 0.448864 0.044331 0.113636 0.729310 1173.000000 880.000000
0 1912 0.234868 0.448295 0.043478 0.112500 0.734620 1173.000000 880.000000
0 1913 0.234868 0.447159 0.043478 0.112500 0.734620 1173.000000 880.000000
0 1914 0.234868 0.446023 0.043478 0.112500 0.734620 1173.000000 880.000000
0 1915 0.234442 0.444886 0.042626 0.112500 0.742940 1173.000000 880.000000
0 1916 0.234015 0.443750 0.043478 0.112500 0.747880 1173.000000 880.000000
0 1917 0.233589 0.443182 0.042626 0.111364 0.754010 1173.000000 880.000000
0 1918 0.233589 0.442045 0.042626 0.111364 0.754010 1173.000000 880.000000
0 1919 0.233589 0.440909 0.042626 0.111364 0.767680 1173.000000 880.000000
0 1920 0.233163 0.439773 0.041773 0.111364 0.818790 1173.000000 880.000000
0 1921 0.233163 0.438636 0.041773 0.111364 0.874550 1173.000000 880.000000
0 1922 0.233163 0.438068 0.041773 0.110227 0.930610 1173.000000 880.000000
0 1923 0.234015 0.438068 0.043478 0.112500 0.892310 1173.000000 880.000000
0 1924 0.235720 0.438068 0.045183 0.114773 0.858210 1173.000000 880.000000
0 1925 0.237425 0.438636 0.046888 0.115909 0.822820 1173.000000 880.000000
0 1926 0.237425 0.436932 0.046888 0.114773 0.813550 1173.000000 880.000000
0 1927 0.237852 0.435795 0.046036 0.114773 0.810160 1173.000000 880.000000
0 1928 0.237852 0.434659 0.046036 0.114773 0.812830 1173.000000 880.000000
0 1929 0.238278 0.433523 0.045183 0.114773 0.796660 1173.000000 880.000000
0 1930 0.238704 0.431818 0.046036 0.113636 0.791900 1173.000000 880.000000
0 1931 0.239130 0.430682 0.045183 0.113636 0.788050 1173.000000 880.000000
0 1932 0.239130 0.430114 0.045183 0.112500 0.776670 1173.000000 880.000000
0 1933 0.239557 0.428977 0.044331 0.112500 0.772450 1173.000000 880.000000
0 1934 0.239557 0.427273 0.044331 0.111364 0.777020 1173.000000 880.000000
0 1935 0.240409 0.426136 0.044331 0.111364 0.752240 1173.000000 880.000000
0 1936 0.240835 0.425000 0.043478 0.111364 0.751360 1173.000000 880.000000
0 1937 0.240835 0.423864 0.043478 0.111364 0.751360 1173.000000 880.000000
0 1938 0.241262 0.422159 0.042626 0.110227 0.739500 1173.000000 880.000000
0 1939 0.241262 0.421591 0.042626 0.109091 0.736810 1173.000000 880.000000
0 1940 0.242114 0.420455 0.042626 0.109091 0.728720 1173.000000 880.000000
0 1941 0.242114 0.419318 0.042626 0.109091 0.716390 1173.000000 880.000000
0 1942 0.242540 0.417614 0.041773 0.107955 0.717290 1173.000000 880.000000
0 1943 0.242540 0.416477 0.041773 0.107955 0.717290 1173.000000 880.000000
0 1944 0.242967 0.415341 0.040921 0.107955 0.716410 1173.000000 880.000000
0 1945 0.243819 0.414773 0.040921 0.106818 0.706120 1173.000000 880.000000
0 1946 0.243819 0.414773 0.040921 0.106818 0.706120 1173.000000 880.000000
0 1947 0.243819 0.415909 0.040921 0.106818 0.700970 1173.000000 880.000000
0 1948 0.243819 0.417045 0.040921 0.106818 0.695810 1173.000000 880.000000
0 1949 0.243819 0.417045 0.040921 0.106818 0.700970 1173.000000 880.000000
0 1950 0.243819 0.418182 0.040921 0.106818 0.695810 1173.000000 880.000000
0 1951 0.244672 0.419318 0.040921 0.106818 0.677770 1173.000000 880.000000
0 1952 0.244672 0.419318 0.040921 0.106818 0.670680 1173.000000 880.000000
0 1953 0.244672 0.420455 0.040921 0.106818 0.665310 1173.000000 880.000000
0 1954 0.244672 0.421591 0.040921 0.106818 0.665090 1173.000000 880.000000
0 1955 0.244672 0.421591 0.040921 0.106818 0.665090 1173.000000 880.000000
0 1956 0.244672 0.422727 0.040921 0.106818 0.659940 1173.000000 880.000000
0 1957 0.245524 0.423864 0.040921 0.106818 0.634370 1173.000000 880.000000
0 1958 0.245524 0.423864 0.040921 0.106818 0.634370 1173.000000 880.000000
0 1959 0.245524 0.425000 0.040921 0.106818 0.615900 1173.000000 880.000000
0 1960 0.245524 0.426136 0.040921 0.106818 0.610530 1173.000000 880.000000
0 1961 0.245524 0.426136 0.040921 0.106818 0.592270 1173.000000 880.000000
0 1962 0.245524 0.427273 0.040921 0.106818 0.567990 1173.000000 880.000000
0 1963 0.246377 0.428409 0.040921 0.106818 0.547580 1173.000000 880.000000
0 1964 0.246377 0.428409 0.040921 0.106818 0.548660 1173.000000 880.000000
0 1965 0.246377 0.429545 0.040921 0.106818 0.578730 1173.000000 880.000000
0 1966 0.246377 0.430682 0.040921 0.106818 0.603440 1173.000000 880.000000
0 1967 0.246377 0.430682 0.040921 0.106818 0.643820 1173.000000 880.000000
0 1968 0.246377 0.431818 0.040921 0.106818 0.654350 1173.000000 880.000000
0 1969 0.247229 0.432955 0.040921 0.106818 0.698170 1173.000000 880.000000
0 1970 0.247229 0.435227 0.040921 0.106818 0.703110 1173.000000 880.000000
0 1971 0.248082 0.437500 0.040921 0.106818 0.708060 1173.000000 880.000000
0 1972 0.248934 0.440341 0.040921 0.107955 0.665390 1173.000000 880.000000
0 1973 0.249787 0.442614 0.040921 0.107955 0.638180 1173.000000 880.000000
0 1974 0.250639 0.446023 0.040921 0.107955 0.610540 1173.000000 880.000000
0 1975 0.250639 0.448295 0.040921 0.107955 0.603100 1173.000000 880.000000
0 1976 0.251492 0.450568 0.040921 0.107955 0.581210 1173.000000 880.000000
0 1977 0.252344 0.453409 0.040921 0.109091 0.553120 1173.000000 880.000000
0 1978 0.253197 0.455682 0.040921 0.109091 0.532720 1173.000000 880.000000
0 1979 0.254049 0.459091 0.040921 0.109091 0.511050 1173.000000 880.000000
0 1980 0.254049 0.461364 0.040921 0.109091 0.511050 1173.000000 880.000000
0 1981 0.254902 0.463636 0.040921 0.109091 0.489380 1173.000000 880.000000
0 1982 0.255754 0.466477 0.040921 0.110227 0.473760 1173.000000 880.000000
0 1983 0.256607 0.468750 0.040921 0.110227 0.451900 1173.000000 880.000000
0 1984 0.257460 0.472159 0.040921 0.110227 0.430030 1173.000000 880.000000
0 1985 0.257460 0.472159 0.040921 0.110227 0.437730 1173.000000 880.000000
0 1986 0.257460 0.472159 0.040921 0.110227 0.439400 1173.000000 880.000000
0 1987 0.258312 0.473295 0.040921 0.110227 0.420660 1173.000000 880.000000
0 1988 0.258312 0.473295 0.040921 0.110227 0.433780 1173.000000 880.000000
0 1989 0.258738 0.474432 0.041773 0.110227 0.420610 1173.000000 880.000000
0 1990 0.259165 0.474432 0.040921 0.110227 0.425660 1173.000000 880.000000
0 1991 0.259591 0.475568 0.041773 0.110227 0.415510 1173.000000 880.000000
0 1992 0.260017 0.475568 0.040921 0.110227 0.418370 1173.000000 880.000000
0 1993 0.260443 0.476705 0.041773 0.110227 0.408570 1173.000000 880.000000
0 1994 0.260443 0.476705 0.041773 0.110227 0.422860 1173.000000 880.000000
0 1995 0.261296 0.477841 0.041773 0.110227 0.401630 1173.000000 880.000000
0 1996 0.261296 0.477841 0.041773 0.110227 0.415710 1173.000000 880.000000
0 1997 0.262148 0.478977 0.041773 0.110227 0.394690 1173.000000 880.000000
0 1998 0.262148 0.478977 0.041773 0.110227 0.408570 1173.000000 880.000000
0 1999 0.262148 0.478977 0.041773 0.110227 0.433880 1173.000000 880.000000
0 2000 0.262148 0.480114 0.041773 0.110227 0.428570 1173.000000 880.000000
0 2001 0.262148 0.480114 0.041773 0.110227 0.446730 1173.000000 880.000000
0 2002 0.262148 0.481250 0.041773 0.110227 0.441430 1173.000000 880.000000
0 2003 0.262148 0.481250 0.041773 0.110227 0.459590 1173.000000 880.000000
0 2004 0.262148 0.482386 0.041773 0.110227 0.454290 1173.000000 880.000000
0 2005 0.262148 0.482386 0.041773 0.110227 0.472450 1173.000000 880.000000
0 2006 0.262148 0.483523 0.041773 0.110227 0.480000 1173.000000 880.000000
0 2007 0.262148 0.483523 0.041773 0.110227 0.485310 1173.000000 880.000000
0 2008 0.262148 0.484659 0.041773 0.110227 0.480000 1173.000000 880.000000
0 2009 0.262148 0.484659 0.041773 0.110227 0.485310 1173.000000 880.000000
0 2010 0.262148 0.485795 0.041773 0.110227 0.480000 1173.000000 880.000000
0 2011 0.262148 0.485795 0.041773 0.110227 0.500000 1173.000000 880.000000
0 2012 0.262148 0.486932 0.041773 0.110227 0.505710 1173.000000 880.000000
0 2013 0.262148 0.486932 0.041773 0.110227 0.511020 1173.000000 880.000000
0 2014 0.262148 0.488068 0.041773 0.110227 0.530610 1173.000000 880.000000
0 2015 0.262148 0.486932 0.041773 0.110227 0.535920 1173.000000 880.000000
0 2016 0.262148 0.485795 0.041773 0.110227 0.526530 1173.000000 880.000000
0 2017 0.262575 0.485795 0.040921 0.110227 0.541230 1173.000000 880.000000
0 2018 0.263001 0.484659 0.041773 0.110227 0.542860 1173.000000 880.000000
0 2019 0.263001 0.484659 0.041773 0.110227 0.539590 1173.000000 880.000000
0 2020 0.263427 0.483523 0.040921 0.110227 0.547270 1173.000000 880.000000
0 2021 0.263853 0.483523 0.041773 0.110227 0.545310 1173.000000 880.000000
0 2022 0.263853 0.482386 0.041773 0.110227 0.527350 1173.000000 880.000000
0 2023 0.264280 0.481250 0.040921 0.110227 0.542270 1173.000000 880.000000
0 2024 0.264280 0.481250 0.040921 0.110227 0.533740 1173.000000 880.000000
0 2025 0.264706 0.480114 0.041773 0.110227 0.515310 1173.000000 880.000000
0 2026 0.265132 0.480114 0.040921 0.110227 0.512910 1173.000000 880.000000
0 2027 0.265132 0.478977 0.040921 0.110227 0.527700 1173.000000 880.000000
0 2028 0.265558 0.478977 0.041773 0.110227 0.508370 1173.000000 880.000000
0 2029 0.265985 0.477841 0.040921 0.110227 0.503540 1173.000000 880.000000
0 2030 0.265985 0.476705 0.040921 0.110227 0.506460 1173.000000 880.000000
0 2031 0.265985 0.476705 0.040921 0.110227 0.505830 1173.000000 880.000000
0 2032 0.266837 0.475568 0.040921 0.110227 0.493340 1173.000000 880.000000
0 2033 0.266837 0.475568 0.040921 0.110227 0.489800 1173.000000 880.000000
0 2034 0.266837 0.474432 0.040921 0.110227 0.468550 1173.000000 880.000000
0 2035 0.267690 0.474432 0.040921 0.110227 0.463770 1173.000000 880.000000
0 2036 0.267690 0.473295 0.040921 0.110227 0.463770 1173.000000 880.000000
0 2037 0.267690 0.472159 0.040921 0.110227 0.455230 1173.000000 880.000000
0 2038 0.267690 0.471023 0.040921 0.110227 0.460850 1173.000000 880.000000
0 2039 0.267690 0.469886 0.040921 0.110227 0.460850 1173.000000 880.000000
0 2040 0.267690 0.468750 0.040921 0.110227 0.452310 1173.000000 880.000000
0 2041 0.267690 0.467614 0.040921 0.110227 0.459600 1173.000000 880.000000
0 2042 0.267690 0.467614 0.040921 0.110227 0.438150 1173.000000 880.000000
0 2043 0.267690 0.466477 0.040921 0.110227 0.443570 1173.000000 880.000000
0 2044 0.267690 0.465341 0.040921 0.110227 0.443570 1173.000000 880.000000
0 2045 0.267690 0.464205 0.040921 0.110227 0.434610 1173.000000 880.000000
0 2046 0.267690 0.463068 0.040921 0.110227 0.434610 1173.000000 880.000000
0 2047 0.267690 0.461932 0.040921 0.110227 0.428150 1173.000000 880.000000
0 2048 0.267690 0.460795 0.040921 0.110227 0.428150 1173.000000 880.000000
0 2049 0.267690 0.460795 0.040921 0.110227 0.412330 1173.000000 880.000000
0 2050 0.267690 0.459659 0.040921 0.110227 0.400870 1173.000000 880.000000
0 2051 0.267690 0.458523 0.040921 0.110227 0.406080 1173.000000 880.000000
0 2052 0.267690 0.457386 0.040921 0.110227 0.391920 1173.000000 880.000000
0 2053 0.267690 0.456250 0.040921 0.110227 0.386300 1173.000000 880.000000
0 2054 0.267690 0.455114 0.040921 0.110227 0.396710 1173.000000 880.000000
0 2055 0.267690 0.453977 0.040921 0.110227 0.386300 1173.000000 880.000000
0 2056 0.267690 0.453977 0.040921 0.110227 0.363600 1173.000000 880.000000
0 2057 0.267690 0.452841 0.040921 0.110227 0.368800 1173.000000 880.000000
0 2058 0.268542 0.451705 0.040921 0.110227 0.357350 1173.000000 880.000000
0 2059 0.269395 0.450568 0.040921 0.110227 0.342150 1173.000000 880.000000
0 2060 0.270247 0.450568 0.040921 0.110227 0.326950 1173.000000 880.000000
0 2061 0.271100 0.449432 0.040921 0.110227 0.325490 1173.000000 880.000000
0 2062 0.271952 0.448295 0.040921 0.110227 0.324030 1173.000000 880.000000
0 2063 0.272379 0.447159 0.041773 0.110227 0.309180 1173.000000 880.000000
0 2064 0.273231 0.447159 0.041773 0.110227 0.304490 1173.000000 880.000000
0 2065 0.274084 0.446023 0.041773 0.110227 0.289590 1173.000000 880.000000
0 2066 0.274936 0.444886 0.041773 0.110227 0.288370 1173.000000 880.000000
0 2067 0.275789 0.443750 0.041773 0.110227 0.280610 1173.000000 880.000000
0 2068 0.276641 0.443750 0.041773 0.110227 0.272240 1173.000000 880.000000
0 2069 0.277494 0.442614 0.041773 0.110227 0.271020 1173.000000 880.000000
0 2070 0.277920 0.441477 0.042626 0.110227 0.278310 1173.000000 880.000000
0 2071 0.278772 0.440341 0.042626 0.110227 0.269510 1173.000000 880.000000
0 2072 0.279625 0.440341 0.042626 0.110227 0.258100 1173.000000 880.000000
0 2073 0.280477 0.439205 0.042626 0.110227 0.256900 1173.000000 880.000000
0 2074 0.281330 0.438068 0.042626 0.110227 0.247300 1173.000000 880.000000
0 2075 0.282182 0.436932 0.042626 0.110227 0.245900 1173.000000 880.000000
0 2076 0.283035 0.436932 0.042626 0.110227 0.235690 1173.000000 880.000000
0 2077 0.283035 0.434659 0.042626 0.110227 0.245900 1173.000000 880.000000
0 2078 0.283887 0.433523 0.042626 0.110227 0.237090 1173.000000 880.000000
0 2079 0.283887 0.432386 0.042626 0.110227 0.237090 1173.000000 880.000000
0 2080 0.284740 0.431250 0.042626 0.110227 0.235290 1173.000000 880.000000
0 2081 0.285592 0.430114 0.042626 0.110227 0.233490 1173.000000 880.000000
0 2082 0.285592 0.428977 0.042626 0.110227 0.224290 1173.000000 880.000000
0 2083 0.286445 0.427841 0.042626 0.110227 0.222290 1173.000000 880.000000
0 2084 0.287298 0.426705 0.042626 0.110227 0.220290 1173.000000 880.000000
0 2085 0.287298 0.425568 0.042626 0.110227 0.213690 1173.000000 880.000000
0 2086 0.288150 0.423295 0.042626 0.110227 0.221490 1173.000000 880.000000
0 2087 0.288150 0.422159 0.042626 0.110227 0.221490 1173.000000 880.000000
0 2088 0.289003 0.421023 0.042626 0.110227 0.219090 1173.000000 880.000000
0 2089 0.289855 0.419886 0.042626 0.110227 0.206680 1173.000000 880.000000
0 2090 0.289855 0.418750 0.042626 0.110227 0.206680 1173.000000 880.000000
0 2091 0.290708 0.417614 0.042626 0.110227 0.219690 1173.000000 880.000000
0 2092 0.291560 0.416477 0.042626 0.110227 0.219690 1173.000000 880.000000
0 2093 0.291560 0.415341 0.042626 0.110227 0.219690 1173.000000 880.000000
0 2094 0.292413 0.414205 0.042626 0.110227 0.235290 1173.000000 880.000000
0 2095 0.293265 0.413068 0.042626 0.110227 0.250900 1173.000000 880.000000
0 2096 0.293265 0.410795 0.042626 0.110227 0.260500 1173.000000 880.000000
0 2097 0.293691 0.409659 0.041773 0.110227 0.261430 1173.000000 880.000000
0 2098 0.293691 0.408523 0.041773 0.110227 0.261430 1173.000000 880.000000
0 2099 0.294118 0.406250 0.040921 0.110227 0.271970 1173.000000 880.000000
0 2100 0.294118 0.405114 0.040921 0.110227 0.271970 1173.000000 880.000000
0 2101 0.294544 0.403977 0.040068 0.110227 0.272960 1173.000000 880.000000
0 2102 0.294118 0.401705 0.039216 0.110227 0.257490 1173.000000 880.000000
0 2103 0.294118 0.400000 0.039216 0.109091 0.249840 1173.000000 880.000000
0 2104 0.294544 0.397727 0.038363 0.109091 0.139850 1173.000000 880.000000
0 2105 0.294544 0.396591 0.038363 0.109091 0.240700 1173.000000 880.000000
0 2106 0.294970 0.394318 0.037511 0.109091 0.241470 1173.000000 880.000000
0 2107 0.294970 0.392614 0.037511 0.107955 0.141440 1173.000000 880.000000
0 2108 0.294970 0.390909 0.035806 0.109091 0.206190 1173.000000 880.000000
0 2109 0.294970 0.389205 0.035806 0.107955 0.139780 1173.000000 880.000000
0 2110 0.295396 0.386932 0.034953 0.107955 0.142110 1173.000000 880.000000
0 2111 0.295396 0.385795 0.034953 0.107955 0.187500 1173.000000 880.000000
0 2112 0.295396 0.383523 0.034953 0.107955 0.145830 1173.000000 880.000000
0 2113 0.295823 0.381818 0.034101 0.106818 0.139410 1173.000000 880.000000
0 2114 0.295823 0.379545 0.034101 0.106818 0.142750 1173.000000 880.000000
0 2115 0.295823 0.378409 0.032396 0.106818 0.137380 1173.000000 880.000000
0 2116 0.295823 0.376136 0.032396 0.106818 0.140350 1173.000000 880.000000
0 2117 0.296249 0.374432 0.031543 0.105682 0.141660 1173.000000 880.000000
0 2118 0.296249 0.372727 0.031543 0.106818 0.142940 1173.000000 880.000000
0 2119 0.296675 0.371023 0.030691 0.105682 0.139160 1173.000000 880.000000
0 2120 0.296675 0.368750 0.030691 0.105682 0.136570 1173.000000 880.000000
0 2121 0.297101 0.367614 0.029838 0.105682 0.159570 1173.000000 880.000000
0 2122 0.297101 0.363636 0.029838 0.104545 0.142470 1173.000000 880.000000
0 2123 0.297101 0.360227 0.029838 0.104545 0.150540 1173.000000 880.000000
0 2124 0.297954 0.356818 0.029838 0.104545 0.153520 1173.000000 880.000000
0 2125 0.297954 0.353409 0.029838 0.104545 0.164280 1173.000000 880.000000
0 2126 0.298806 0.350000 0.029838 0.104545 0.166670 1173.000000 880.000000
0 2127 0.298806 0.346591 0.029838 0.104545 0.181600 1173.000000 880.000000
0 2128 0.299233 0.342614 0.028986 0.103409 0.190990 1173.000000 880.000000
0 2129 0.299659 0.339205 0.029838 0.103409 0.186900 1173.000000 880.000000
0 2130 0.300085 0.335795 0.028986 0.103409 0.192550 1173.000000 880.000000
0 2131 0.300512 0.332386 0.029838 0.103409 0.188410 1173.000000 880.000000
0 2132 0.300938 0.328977 0.028986 0.103409 0.200000 1173.000000 880.000000
0 2133 0.301364 0.325568 0.029838 0.103409 0.195650 1173.000000 880.000000
0 2134 0.301364 0.321591 0.029838 0.102273 0.197800 1173.000000 880.000000
0 2135 0.301790 0.318182 0.028986 0.102273 0.213190 1173.000000 880.000000
0 2136 0.302217 0.314773 0.029838 0.102273 0.208790 1173.000000 880.000000
0 2137 0.302643 0.311364 0.028986 0.102273 0.213810 1173.000000 880.000000
0 2138 0.303069 0.307955 0.029838 0.102273 0.209400 1173.000000 880.000000
0 2139 0.303495 0.304545 0.028986 0.102273 0.213810 1173.000000 880.000000
0 2140 0.303495 0.300568 0.028986 0.101136 0.223490 1173.000000 880.000000
0 2141 0.304348 0.297159 0.028986 0.101136 0.216190 1173.000000 880.000000
0 2142 0.304348 0.293750 0.028986 0.101136 0.234600 1173.000000 880.000000
0 2143 0.305200 0.290341 0.028986 0.101136 0.227300 1173.000000 880.000000
0 2144 0.305200 0.286932 0.028986 0.101136 0.227300 1173.000000 880.000000
0 2145 0.306053 0.283523 0.028986 0.101136 0.226670 1173.000000 880.000000
0 2146 0.306053 0.280114 0.028986 0.101136 0.234290 1173.000000 880.000000
0 2147 0.306479 0.277841 0.028133 0.101136 0.227120 1173.000000 880.000000
0 2148 0.306905 0.275568 0.028986 0.101136 0.211110 1173.000000 880.000000
0 2149 0.307332 0.272159 0.028133 0.101136 0.220260 1173.000000 880.000000
0 2150 0.307758 0.269886 0.028986 0.101136 0.226980 1173.000000 880.000000
0 2151 0.308184 0.267614 0.028133 0.101136 0.232680 1173.000000 880.000000
0 2152 0.308610 0.265341 0.028986 0.101136 0.242540 1173.000000 880.000000
0 2153 0.309037 0.261932 0.028133 0.101136 0.286270 1173.000000 880.000000
0 2154 0.309037 0.259659 0.028133 0.101136 0.277450 1173.000000 880.000000
0 2155 0.309889 0.257386 0.028133 0.101136 0.249670 1173.000000 880.000000
0 2156 0.309889 0.253977 0.028133 0.101136 0.251960 1173.000000 880.000000
0 2157 0.310742 0.251705 0.028133 0.101136 0.245100 1173.000000 880.000000
0 2158 0.310742 0.249432 0.028133 0.101136 0.239220 1173.000000 880.000000
0 2159 0.311594 0.247159 0.028133 0.101136 0.251960 1173.000000 880.000000
0 2160 0.311594 0.244886 0.028133 0.101136 0.251960 1173.000000 880.000000
0 2161 0.311594 0.243182 0.028133 0.100000 0.235290 1173.000000 880.000000
0 2162 0.312447 0.242045 0.028133 0.100000 0.221740 1173.000000 880.000000
0 2163 0.312447 0.240341 0.028133 0.098864 0.204880 1173.000000 880.000000
0 2164 0.312873 0.238636 0.027280 0.100000 0.178750 1173.000000 880.000000
0 2165 0.313299 0.236932 0.028133 0.098864 0.193850 1173.000000 880.000000
0 2166 0.313299 0.235795 0.028133 0.098864 0.167780 1173.000000 880.000000
0 2167 0.313725 0.234091 0.027280 0.097727 0.168230 1173.000000 880.000000
0 2168 0.314152 0.232386 0.028133 0.098864 0.170450 1173.000000 880.000000
0 2169 0.314578 0.230682 0.027280 0.097727 0.167190 1173.000000 880.000000
0 2170 0.315004 0.229545 0.028133 0.097727 0.159230 1173.000000 880.000000
0 2171 0.315004 0.227841 0.028133 0.096591 0.167580 1173.000000 880.000000
0 2172 0.315431 0.226136 0.027280 0.095455 0.167560 1173.000000 880.000000
0 2173 0.315857 0.224432 0.028133 0.096591 0.172710 1173.000000 880.000000
0 2174 0.316283 0.222727 0.027280 0.095455 0.179320 1173.000000 880.000000
0 2175 0.316283 0.221591 0.027280 0.095455 0.182890 1173.000000 880.000000
0 2176 0.316709 0.219886 0.028133 0.094318 0.180670 1173.000000 880.000000
0 2177 0.317136 0.218182 0.027280 0.095455 0.194650 1173.000000 880.000000
0 2178 0.317136 0.216477 0.027280 0.094318 0.200580 1173.000000 880.000000
0 2179 0.317988 0.215341 0.027280 0.094318 0.194440 1173.000000 880.000000
0 2180 0.317988 0.213636 0.027280 0.093182 0.202990 1173.000000 880.000000
0 2181 0.318841 0.212500 0.027280 0.093182 0.196790 1173.000000 880.000000
0 2182 0.318841 0.211364 0.027280 0.093182 0.206640 1173.000000 880.000000
0 2183 0.318841 0.211364 0.027280 0.093182 0.194600 1173.000000 880.000000
0 2184 0.318841 0.210227 0.027280 0.093182 0.194600 1173.000000 880.000000
0 2185 0.318841 0.210227 0.027280 0.093182 0.191680 1173.000000 880.000000
0 2186 0.318841 0.209091 0.027280 0.093182 0.200440 1173.000000 880.000000
0 2187 0.319267 0.209091 0.028133 0.093182 0.184270 1173.000000 880.000000
0 2188 0.319267 0.209091 0.028133 0.093182 0.189940 1173.000000 880.000000
0 2189 0.319693 0.207955 0.027280 0.093182 0.188390 1173.000000 880.000000
0 2190 0.319693 0.207955 0.027280 0.093182 0.191310 1173.000000 880.000000
0 2191 0.319693 0.206818 0.027280 0.093182 0.200440 1173.000000 880.000000
0 2192 0.320119 0.206818 0.028133 0.093182 0.186750 1173.000000 880.000000
0 2193 0.320119 0.206818 0.028133 0.093182 0.189940 1173.000000 880.000000
0 2194 0.320119 0.205682 0.028133 0.093182 0.189940 1173.000000 880.000000
0 2195 0.320119 0.205682 0.028133 0.093182 0.189940 1173.000000 880.000000
0 2196 0.320546 0.204545 0.027280 0.093182 0.204450 1173.000000 880.000000
0 2197 0.320546 0.204545 0.027280 0.093182 0.192410 1173.000000 880.000000
0 2198 0.320972 0.204545 0.028133 0.093182 0.193830 1173.000000 880.000000
0 2199 0.320972 0.203409 0.028133 0.093182 0.193830 1173.000000 880.000000
0 2200 0.320972 0.203409 0.028133 0.093182 0.198440 1173.000000 880.000000
0 2201 0.320972 0.202273 0.028133 0.093182 0.210490 1173.000000 880.000000
0 2202 0.320972 0.202273 0.028133 0.093182 0.205530 1173.000000 880.000000
0 2203 0.321824 0.202273 0.028133 0.093182 0.198440 1173.000000 880.000000
0 2204 0.321824 0.201136 0.028133 0.093182 0.205530 1173.000000 880.000000
0 2205 0.322677 0.200000 0.028133 0.093182 0.210490 1173.000000 880.000000
0 2206 0.322677 0.200000 0.028133 0.093182 0.215800 1173.000000 880.000000
0 2207 0.323529 0.198864 0.028133 0.093182 0.208360 1173.000000 880.000000
0 2208 0.324382 0.197727 0.028133 0.093182 0.220410 1173.000000 880.000000
0 2209 0.324382 0.197727 0.028133 0.093182 0.208360 1173.000000 880.000000
0 2210 0.325234 0.196591 0.028133 0.093182 0.220410 1173.000000 880.000000
0 2211 0.325661 0.195455 0.028986 0.093182 0.221690 1173.000000 880.000000
0 2212 0.326087 0.195455 0.028133 0.093182 0.220410 1173.000000 880.000000
0 2213 0.326939 0.194318 0.028133 0.093182 0.220410 1173.000000 880.000000
0 2214 0.327366 0.193182 0.028986 0.093182 0.224100 1173.000000 880.000000
0 2215 0.327792 0.193182 0.028133 0.093182 0.220410 1173.000000 880.000000
0 2216 0.328218 0.192045 0.028986 0.093182 0.224100 1173.000000 880.000000
0 2217 0.328645 0.192045 0.028133 0.093182 0.220410 1173.000000 880.000000
0 2218 0.329497 0.190909 0.028133 0.093182 0.222540 1173.000000 880.000000
0 2219 0.329923 0.189773 0.028986 0.093182 0.226510 1173.000000 880.000000
0 2220 0.330350 0.189773 0.028133 0.093182 0.222540 1173.000000 880.000000
0 2221 0.331202 0.188636 0.028133 0.093182 0.222540 1173.000000 880.000000
0 2222 0.331628 0.187500 0.028986 0.093182 0.236140 1173.000000 880.000000
0 2223 0.332055 0.187500 0.028133 0.093182 0.222540 1173.000000 880.000000
0 2224 0.332481 0.186364 0.028986 0.093182 0.226510 1173.000000 880.000000
0 2225 0.333333 0.185227 0.028986 0.093182 0.219280 1173.000000 880.000000
0 2226 0.333760 0.185227 0.028133 0.093182 0.215450 1173.000000 880.000000
0 2227 0.334186 0.184091 0.028986 0.093182 0.209980 1173.000000 880.000000
0 2228 0.334612 0.184091 0.028133 0.093182 0.212970 1173.000000 880.000000
0 2229 0.335038 0.182955 0.028986 0.093182 0.209980 1173.000000 880.000000
0 2230 0.335891 0.181818 0.028986 0.093182 0.209980 1173.000000 880.000000
0 2231 0.336317 0.181818 0.028133 0.093182 0.199150 1173.000000 880.000000
0 2232 0.336743 0.180682 0.028986 0.093182 0.200690 1173.000000 880.000000
0 2233 0.337596 0.179545 0.028986 0.093182 0.212740 1173.000000 880.000000
0 2234 0.337596 0.179545 0.028986 0.093182 0.200690 1173.000000 880.000000
0 2235 0.338448 0.178409 0.028986 0.093182 0.200690 1173.000000 880.000000
0 2236 0.339301 0.177273 0.028986 0.093182 0.200690 1173.000000 880.000000
0 2237 0.339301 0.177273 0.028986 0.093182 0.188640 1173.000000 880.000000
0 2238 0.340153 0.176136 0.028986 0.093182 0.197930 1173.000000 880.000000
0 2239 0.341006 0.176136 0.028986 0.093182 0.185890 1173.000000 880.000000
0 2240 0.341006 0.175000 0.028986 0.093182 0.185890 1173.000000 880.000000
0 2241 0.341006 0.173864 0.028986 0.093182 0.195180 1173.000000 880.000000
0 2242 0.341432 0.172727 0.029838 0.093182 0.196450 1173.000000 880.000000
0 2243 0.341858 0.171591 0.028986 0.093182 0.226160 1173.000000 880.000000
0 2244 0.341858 0.170455 0.028986 0.093182 0.233050 1173.000000 880.000000
0 2245 0.342285 0.169318 0.029838 0.093182 0.233600 1173.000000 880.000000
0 2246 0.342711 0.168182 0.028986 0.093182 0.211700 1173.000000 880.000000
0 2247 0.342711 0.167045 0.028986 0.093182 0.218590 1173.000000 880.000000
0 2248 0.343137 0.165909 0.029838 0.093182 0.241970 1173.000000 880.000000
0 2249 0.343137 0.164773 0.029838 0.093182 0.252010 1173.000000 880.000000
0 2250 0.343564 0.163636 0.028986 0.093182 0.237520 1173.000000 880.000000
0 2251 0.343990 0.162500 0.029838 0.093182 0.238290 1173.000000 880.000000
0 2252 0.343990 0.161364 0.029838 0.093182 0.238290 1173.000000 880.000000
0 2253 0.344416 0.160227 0.028986 0.093182 0.244410 1173.000000 880.000000
0 2254 0.344842 0.159091 0.029838 0.093182 0.244980 1173.000000 880.000000
0 2255 0.344842 0.157955 0.029838 0.093182 0.263720 1173.000000 880.000000
0 2256 0.344842 0.156818 0.029838 0.093182 0.263720 1173.000000 880.000000
0 2257 0.345695 0.155682 0.029838 0.093182 0.257030 1173.000000 880.000000
0 2258 0.345695 0.154545 0.029838 0.093182 0.257030 1173.000000 880.000000
0 2259 0.345695 0.153409 0.029838 0.093182 0.264390 1173.000000 880.000000
0 2260 0.346547 0.153409 0.029838 0.093182 0.245980 1173.000000 880.000000
0 2261 0.346547 0.152273 0.029838 0.093182 0.257030 1173.000000 880.000000
0 2262 0.346547 0.151136 0.029838 0.093182 0.257030 1173.000000 880.000000
0 2263 0.346547 0.150000 0.029838 0.093182 0.264390 1173.000000 880.000000
0 2264 0.346547 0.148864 0.029838 0.093182 0.264390 1173.000000 880.000000
0 2265 0.346547 0.148295 0.029838 0.092045 0.255420 1173.000000 880.000000
0 2266 0.346547 0.147159 0.029838 0.092045 0.267950 1173.000000 880.000000
0 2267 0.346547 0.146023 0.029838 0.092045 0.268290 1173.000000 880.000000
0 2268 0.346974 0.144886 0.028986 0.092045 0.273870 1173.000000 880.000000
0 2269 0.346974 0.144318 0.028986 0.090909 0.259260 1173.000000 880.000000
0 2270 0.346974 0.143182 0.028986 0.090909 0.277950 1173.000000 880.000000
0 2271 0.346974 0.142045 0.028986 0.090909 0.298410 1173.000000 880.000000
0 2272 0.346974 0.140909 0.028986 0.090909 0.271960 1173.000000 880.000000
0 2273 0.346974 0.140341 0.028986 0.089773 0.295710 1173.000000 880.000000
0 2274 0.346974 0.139205 0.028986 0.089773 0.269290 1173.000000 880.000000
0 2275 0.347826 0.138068 0.028986 0.089773 0.295710 1173.000000 880.000000
0 2276 0.347826 0.136932 0.028986 0.089773 0.307860 1173.000000 880.000000
0 2277 0.347826 0.136364 0.028986 0.088636 0.292950 1173.000000 880.000000
0 2278 0.347826 0.135227 0.028986 0.088636 0.292950 1173.000000 880.000000
0 2279 0.347826 0.134091 0.028986 0.088636 0.299100 1173.000000 880.000000
0 2280 0.347826 0.132955 0.028986 0.088636 0.299100 1173.000000 880.000000
0 2281 0.347826 0.132386 0.028986 0.087500 0.290110 1173.000000 880.000000
0 2282 0.348252 0.131250 0.028133 0.087500 0.291480 1173.000000 880.000000
0 2283 0.348252 0.130114 0.028133 0.087500 0.302410 1173.000000 880.000000
0 2284 0.348252 0.128977 0.028133 0.087500 0.322780 1173.000000 880.000000
0 2285 0.348252 0.128409 0.028133 0.086364 0.288770 1173.000000 880.000000
0 2286 0.348252 0.127273 0.028133 0.086364 0.319710 1173.000000 880.000000
0 2287 0.348252 0.126136 0.028133 0.086364 0.292970 1173.000000 880.000000
0 2288 0.348252 0.125000 0.028133 0.086364 0.315510 1173.000000 880.000000
0 2289 0.349105 0.124432 0.028133 0.085227 0.323140 1173.000000 880.000000
0 2290 0.349531 0.124432 0.028986 0.087500 0.312090 1173.000000 880.000000
0 2291 0.349957 0.125000 0.029838 0.090909 0.302470 1173.000000 880.000000
0 2292 0.350810 0.126136 0.029838 0.093182 0.287820 1173.000000 880.000000
0 2293 0.350810 0.125000 0.029838 0.093182 0.290160 1173.000000 880.000000
0 2294 0.351662 0.124432 0.029838 0.092045 0.309280 1173.000000 880.000000
0 2295 0.352089 0.123295 0.028986 0.092045 0.310450 1173.000000 880.000000
0 2296 0.352941 0.122727 0.028986 0.090909 0.311460 1173.000000 880.000000
0 2297 0.353794 0.122727 0.028986 0.090909 0.303000 1173.000000 880.000000
0 2298 0.354220 0.121591 0.028133 0.090909 0.331520 1173.000000 880.000000
0 2299 0.355072 0.121023 0.028133 0.089773 0.332350 1173.000000 880.000000
0 2300 0.355499 0.119886 0.027280 0.089773 0.341670 1173.000000 880.000000
0 2301 0.356351 0.119318 0.027280 0.088636 0.356350 1173.000000 880.000000
0 2302 0.357204 0.119318 0.027280 0.088636 0.327200 1173.000000 880.000000
0 2303 0.357630 0.118182 0.026428 0.088636 0.365110 1173.000000 880.000000
0 2304 0.358483 0.117614 0.026428 0.087500 0.351760 1173.000000 880.000000
0 2305 0.358909 0.116477 0.025575 0.087500 0.338710 1173.000000 880.000000
0 2306 0.359761 0.115909 0.025575 0.086364 0.325090 1173.000000 880.000000
0 2307 0.360614 0.115909 0.025575 0.086364 0.312530 1173.000000 880.000000
0 2308 0.361040 0.114773 0.024723 0.086364 0.301300 1173.000000 880.000000
0 2309 0.361893 0.114205 0.024723 0.085227 0.282890 1173.000000 880.000000
0 2310 0.362319 0.113068 0.023870 0.085227 0.293560 1173.000000 880.000000
0 2311 0.363171 0.112500 0.023870 0.084091 0.257930 1173.000000 880.000000
0 2312 0.364024 0.112500 0.023870 0.084091 0.241380 1173.000000 880.000000
0 2313 0.364876 0.111932 0.023870 0.085227 0.235480 1173.000000 880.000000
0 2314 0.365729 0.111932 0.023870 0.085227 0.225500 1173.000000 880.000000
0 2315 0.366581 0.112500 0.023870 0.086364 0.184950 1173.000000 880.000000
0 2316 0.367434 0.111932 0.023870 0.087500 0.178600 1173.000000 880.000000
0 2317 0.368286 0.111932 0.023870 0.087500 0.166220 1173.000000 880.000000
0 2318 0.369139 0.112500 0.023870 0.088636 0.154950 1173.000000 880.000000
0 2319 0.369991 0.111932 0.023870 0.089773 0.153450 1173.000000 880.000000
0 2320 0.370844 0.111932 0.023870 0.089773 0.143970 1173.000000 880.000000
0 2321 0.371697 0.112500 0.023870 0.090909 0.134530 1173.000000 880.000000
0 2322 0.372549 0.111932 0.023870 0.092045 0.133310 1173.000000 880.000000
0 2323 0.373402 0.111932 0.023870 0.092045 0.123630 1173.000000 880.000000
0 2324 0.374254 0.112500 0.023870 0.093182 0.110930 1173.000000 880.000000
0 2325 0.374254 0.111364 0.023870 0.093182 0.147070 1173.000000 880.000000
0 2326 0.375107 0.110227 0.023870 0.093182 0.147070 1173.000000 880.000000
0 2327 0.375959 0.109091 0.023870 0.093182 0.149980 1173.000000 880.000000
0 2328 0.376812 0.109091 0.023870 0.093182 0.140010 1173.000000 880.000000
0 2329 0.377664 0.107955 0.023870 0.093182 0.140010 1173.000000 880.000000
0 2330 0.378517 0.106818 0.023870 0.093182 0.141250 1173.000000 880.000000
0 2331 0.379369 0.106818 0.023870 0.093182 0.130040 1173.000000 880.000000
0 2332 0.380222 0.105682 0.023870 0.093182 0.132110 1173.000000 880.000000
0 2333 0.381074 0.104545 0.023870 0.093182 0.131280 1173.000000 880.000000
0 2334 0.381074 0.104545 0.023870 0.093182 0.155800 1173.000000 880.000000
0 2335 0.381927 0.103409 0.023870 0.093182 0.156210 1173.000000 880.000000
0 2336 0.382779 0.102273 0.023870 0.093182 0.132950 1173.000000 880.000000
0 2337 0.383632 0.102273 0.023870 0.093182 0.121730 1173.000000 880.000000
0 2338 0.384484 0.101136 0.023870 0.093182 0.097632 1173.000000 880.000000
0 2339 0.385337 0.100000 0.023870 0.093182 0.097632 1173.000000 880.000000
0 2340 0.386189 0.100000 0.023870 0.093182 0.062318 1173.000000 880.000000
0 2341 0.387042 0.098864 0.023870 0.093182 0.062318 1173.000000 880.000000
0 2342 0.387894 0.097727 0.023870 0.093182 0.072705 1173.000000 880.000000
0 2343 0.387894 0.097727 0.023870 0.093182 0.069796 1173.000000 880.000000
0 2344 0.388747 0.096591 0.023870 0.093182 0.069796 1173.000000 880.000000
0 2345 0.389599 0.095455 0.023870 0.093182 0.069796 1173.000000 880.000000
0 2346 0.390452 0.095455 0.023870 0.093182 0.067719 1173.000000 880.000000
0 2347 0.391304 0.094318 0.023870 0.093182 0.067719 1173.000000 880.000000
0 2348 0.392157 0.093182 0.023870 0.093182 0.067719 1173.000000 880.000000
0 2349 0.393009 0.093182 0.023870 0.093182 0.067719 1173.000000 880.000000
0 2350 0.393862 0.092045 0.023870 0.093182 0.067719 1173.000000 880.000000
0 2351 0.394714 0.090909 0.023870 0.093182 0.067719 1173.000000 880.000000
0 2352 0.395567 0.090909 0.023870 0.093182 0.065642 1173.000000 880.000000
0 2353 0.395567 0.089773 0.023870 0.093182 0.073951 1173.000000 880.000000
0 2354 0.396419 0.088636 0.023870 0.093182 0.073951 1173.000000 880.000000
0 2355 0.397272 0.087500 0.023870 0.093182 0.083506 1173.000000 880.000000
0 2356 0.397698 0.086932 0.023018 0.092045 0.074042 1173.000000 880.000000
0 2357 0.398124 0.085795 0.023870 0.092045 0.080320 1173.000000 880.000000
0 2358 0.398977 0.084659 0.023870 0.092045 0.089571 1173.000000 880.000000
0 2359 0.399403 0.084091 0.023018 0.090909 0.080247 1173.000000 880.000000
0 2360 0.400256 0.082955 0.023018 0.090909 0.080247 1173.000000 880.000000
0 2361 0.400682 0.081818 0.023870 0.090909 0.102170 1173.000000 880.000000
0 2362 0.401535 0.080682 0.023870 0.090909 0.102170 1173.000000 880.000000
0 2363 0.401961 0.080114 0.023018 0.089773 0.093304 1173.000000 880.000000
0 2364 0.402813 0.078977 0.023018 0.089773 0.101790 1173.000000 880.000000
0 2365 0.403240 0.077841 0.023870 0.089773 0.106470 1173.000000 880.000000
0 2366 0.403666 0.077273 0.023018 0.088636 0.097649 1173.000000 880.000000
0 2367 0.404518 0.076136 0.023018 0.088636 0.110310 1173.000000 880.000000
0 2368 0.405371 0.075000 0.023018 0.088636 0.110310 1173.000000 880.000000
0 2369 0.406223 0.075000 0.023018 0.088636 0.105790 1173.000000 880.000000
0 2370 0.406650 0.073864 0.023870 0.088636 0.114800 1173.000000 880.000000
0 2371 0.407502 0.073295 0.023870 0.089773 0.113360 1173.000000 880.000000
0 2372 0.408355 0.073295 0.023870 0.089773 0.108620 1173.000000 880.000000
0 2373 0.409207 0.072159 0.023870 0.089773 0.113360 1173.000000 880.000000
0 2374 0.410060 0.071591 0.023870 0.090909 0.111960 1173.000000 880.000000
0 2375 0.410912 0.071591 0.023870 0.090909 0.107280 1173.000000 880.000000
0 2376 0.411765 0.070455 0.023870 0.090909 0.111960 1173.000000 880.000000
0 2377 0.412617 0.069886 0.023870 0.092045 0.231710 1173.000000 880.000000
0 2378 0.413470 0.069886 0.023870 0.092045 0.219510 1173.000000 880.000000
0 2379 0.414322 0.068750 0.023870 0.092045 0.231710 1173.000000 880.000000
0 2380 0.415175 0.068182 0.023870 0.093182 0.216870 1173.000000 880.000000
0 2381 0.416027 0.068182 0.023870 0.093182 0.204820 1173.000000 880.000000
0 2382 0.416027 0.066477 0.023870 0.092045 0.207320 1173.000000 880.000000
0 2383 0.416880 0.064773 0.023870 0.090909 0.209880 1173.000000 880.000000
0 2384 0.417732 0.063636 0.023870 0.090909 0.209880 1173.000000 880.000000
0 2385 0.418585 0.061932 0.023870 0.089773 0.212500 1173.000000 880.000000
0 2386 0.418585 0.060227 0.023870 0.088636 0.215190 1173.000000 880.000000
0 2387 0.419437 0.059091 0.023870 0.088636 0.215190 1173.000000 880.000000
0 2388 0.420290 0.057955 0.023870 0.086364 0.088670 1173.000000 880.000000
0 2389 0.421142 0.056250 0.023870 0.085227 0.083485 1173.000000 880.000000
0 2390 0.421142 0.055114 0.023870 0.085227 0.089837 1173.000000 880.000000
0 2391 0.421995 0.053409 0.023870 0.084091 0.080460 1173.000000 880.000000
0 2392 0.422847 0.051705 0.023870 0.082955 0.072227 1173.000000 880.000000
0 2393 0.423700 0.050568 0.023870 0.082955 0.065704 1173.000000 880.000000
0 2394 0.423700 0.048864 0.023870 0.081818 0.073217 1173.000000 880.000000
0 2395 0.424552 0.047727 0.023870 0.079545 0.054395 1173.000000 880.000000
0 2396 0.425405 0.046591 0.023870 0.079545 0.047596 1173.000000 880.000000
0 2397 0.426257 0.044886 0.023870 0.078409 0.048276 1173.000000 880.000000
0 2398 0.426257 0.043182 0.023870 0.077273 0.048976 1173.000000 880.000000
0 2399 0.427110 0.042045 0.023870 0.077273 0.048976 1173.000000 880.000000
0 2400 0.427962 0.040341 0.023870 0.076136 0.042596 1173.000000 880.000000
0 2401 0.428815 0.038636 0.023870 0.075000 0.043232 1173.000000 880.000000
0 2402 0.429668 0.038068 0.023870 0.073864 0.047544 1173.000000 880.000000
0 2403 0.429668 0.038068 0.023870 0.073864 0.071578 1173.000000 880.000000
0 2404 0.429668 0.038068 0.023870 0.073864 0.093521 1173.000000 880.000000
0 2405 0.429668 0.038068 0.023870 0.073864 0.141070 1173.000000 880.000000
