0 1810 0.003410 0.519318 0.005115 0.131818 1.000000 1173.000000 880.000000
0 1811 0.003836 0.518182 0.005968 0.131818 1.000000 1173.000000 880.000000
0 1812 0.004689 0.516477 0.007673 0.130682 1.000000 1173.000000 880.000000
0 1813 0.005541 0.515341 0.009378 0.130682 1.000000 1173.000000 880.000000
0 1814 0.005968 0.514205 0.010230 0.130682 1.000000 1173.000000 880.000000
0 1815 0.006820 0.513068 0.011935 0.130682 1.000000 1173.000000 880.000000
0 1816 0.007673 0.511364 0.013640 0.129545 1.000000 1173.000000 880.000000
0 1817 0.008099 0.510227 0.014493 0.129545 1.000000 1173.000000 880.000000
0 1818 0.008951 0.509091 0.016198 0.129545 1.000000 1173.000000 880.000000
0 1819 0.009804 0.507955 0.017903 0.129545 1.000000 1173.000000 880.000000
0 1820 0.010230 0.506818 0.018755 0.129545 1.000000 1173.000000 880.000000
0 1821 0.010656 0.505682 0.019608 0.129545 1.000000 1173.000000 880.000000
0 1822 0.011083 0.504545 0.020460 0.129545 1.000000 1173.000000 880.000000
0 1823 0.011509 0.503409 0.021313 0.129545 1.000000 1173.000000 880.000000
0 1824 0.011935 0.502273 0.022165 0.129545 1.000000 1173.000000 880.000000
0 1825 0.012361 0.502273 0.023018 0.129545 1.000000 1173.000000 880.000000
0 1826 0.012788 0.501136 0.023870 0.129545 1.000000 1173.000000 880.000000
0 1827 0.013214 0.500000 0.024723 0.129545 1.000000 1173.000000 880.000000
0 1828 0.013640 0.498864 0.025575 0.129545 1.000000 1173.000000 880.000000
0 1829 0.014066 0.497727 0.026428 0.129545 1.000000 1173.000000 880.000000
0 1830 0.014493 0.496591 0.027280 0.129545 1.000000 1173.000000 880.000000
0 1831 0.014919 0.496591 0.028133 0.129545 1.000000 1173.000000 880.000000
0 1832 0.015345 0.495455 0.028986 0.129545 1.000000 1173.000000 880.000000
0 1833 0.015772 0.494318 0.029838 0.129545 1.000000 1173.000000 880.000000
0 1834 0.016198 0.493182 0.030691 0.129545 1.000000 1173.000000 880.000000
0 1835 0.016624 0.492045 0.031543 0.129545 1.000000 1173.000000 880.000000
0 1836 0.017050 0.490909 0.032396 0.129545 1.000000 1173.000000 880.000000
0 1837 0.017477 0.490909 0.033248 0.129545 1.000000 1173.000000 880.000000
0 1838 0.017903 0.489773 0.034101 0.129545 1.000000 1173.000000 880.000000
0 1839 0.018329 0.488636 0.034953 0.129545 1.000000 1173.000000 880.000000
0 1840 0.018755 0.487500 0.035806 0.129545 1.000000 1173.000000 880.000000
0 1841 0.019182 0.486364 0.036658 0.129545 1.000000 1173.000000 880.000000
0 1842 0.019608 0.485227 0.037511 0.129545 1.000000 1173.000000 880.000000
0 1843 0.020034 0.485227 0.038363 0.129545 1.000000 1173.000000 880.000000
0 1844 0.020460 0.484091 0.039216 0.129545 1.000000 1173.000000 880.000000
0 1845 0.021313 0.482955 0.039216 0.129545 1.000000 1173.000000 880.000000
0 1846 0.022165 0.481818 0.039216 0.129545 1.000000 1173.000000 880.000000
0 1847 0.023018 0.480682 0.039216 0.129545 1.000000 1173.000000 880.000000
0 1848 0.024723 0.480682 0.039216 0.129545 1.000000 1173.000000 880.000000
0 1849 0.024723 0.478409 0.039216 0.129545 1.000000 1173.000000 880.000000
0 1850 0.025575 0.476136 0.039216 0.129545 1.000000 1173.000000 880.000000
0 1851 0.026428 0.474432 0.039216 0.128409 1.000000 1173.000000 880.000000
0 1852 0.026854 0.472159 0.038363 0.128409 1.000000 1173.000000 880.000000
0 1853 0.027707 0.469886 0.038363 0.128409 1.000000 1173.000000 880.000000
0 1854 0.028559 0.468750 0.038363 0.128409 1.000000 1173.000000 880.000000
0 1855 0.028559 0.467614 0.038363 0.128409 1.000000 1173.000000 880.000000
0 1856 0.029412 0.466477 0.038363 0.128409 1.000000 1173.000000 880.000000
0 1857 0.030264 0.465341 0.038363 0.128409 1.000000 1173.000000 880.000000
0 1858 0.031117 0.464205 0.038363 0.128409 1.000000 1173.000000 880.000000
0 1859 0.031969 0.463636 0.038363 0.129545 1.000000 1173.000000 880.000000
0 1860 0.032822 0.462500 0.038363 0.129545 1.000000 1173.000000 880.000000
0 1861 0.033674 0.461364 0.038363 0.129545 1.000000 1173.000000 880.000000
0 1862 0.034527 0.460227 0.038363 0.129545 1.000000 1173.000000 880.000000
0 1863 0.035379 0.460227 0.038363 0.129545 1.000000 1173.000000 880.000000
0 1864 0.035379 0.457955 0.038363 0.129545 1.000000 1173.000000 880.000000
0 1865 0.036232 0.455682 0.038363 0.129545 1.000000 1173.000000 880.000000
0 1866 0.037084 0.454545 0.038363 0.129545 1.000000 1173.000000 880.000000
0 1867 0.037937 0.452273 0.038363 0.129545 1.000000 1173.000000 880.000000
0 1868 0.038789 0.451136 0.038363 0.129545 1.000000 1173.000000 880.000000
0 1869 0.038789 0.448864 0.038363 0.129545 1.000000 1173.000000 880.000000
0 1870 0.039642 0.446591 0.038363 0.129545 1.000000 1173.000000 880.000000
0 1871 0.040494 0.445455 0.038363 0.129545 1.000000 1173.000000 880.000000
0 1872 0.041347 0.443182 0.038363 0.129545 1.000000 1173.000000 880.000000
0 1873 0.042199 0.442045 0.038363 0.129545 1.000000 1173.000000 880.000000
0 1874 0.042199 0.439773 0.040068 0.129545 1.000000 1173.000000 880.000000
0 1875 0.042626 0.438636 0.040921 0.129545 1.000000 1173.000000 880.000000
0 1876 0.043478 0.437500 0.042626 0.129545 1.000000 1173.000000 880.000000
0 1877 0.043478 0.435227 0.042626 0.129545 1.000000 1173.000000 880.000000
0 1878 0.043905 0.433523 0.041773 0.128409 1.000000 1173.000000 880.000000
0 1879 0.044331 0.431818 0.040921 0.127273 1.000000 1173.000000 880.000000
0 1880 0.044331 0.429545 0.040921 0.127273 1.000000 1173.000000 880.000000
0 1881 0.044757 0.427841 0.040068 0.126136 1.000000 1173.000000 880.000000
0 1882 0.045183 0.426136 0.039216 0.125000 1.000000 1173.000000 880.000000
0 1883 0.045610 0.424432 0.038363 0.123864 1.000000 1173.000000 880.000000
0 1884 0.045610 0.422159 0.038363 0.123864 1.000000 1173.000000 880.000000
0 1885 0.045610 0.421023 0.038363 0.123864 1.000000 1173.000000 880.000000
0 1886 0.046036 0.419318 0.039216 0.125000 1.000000 1173.000000 880.000000
0 1887 0.046462 0.417614 0.038363 0.123864 1.000000 1173.000000 880.000000
0 1888 0.046888 0.415909 0.039216 0.125000 1.000000 1173.000000 880.000000
0 1889 0.046888 0.414773 0.039216 0.125000 1.000000 1173.000000 880.000000
0 1890 0.047741 0.413068 0.039216 0.126136 1.000000 1173.000000 880.000000
0 1891 0.047741 0.411364 0.039216 0.125000 1.000000 1173.000000 880.000000
0 1892 0.048167 0.410227 0.040068 0.125000 1.000000 1173.000000 880.000000
0 1893 0.048167 0.408523 0.040068 0.126136 1.000000 1173.000000 880.000000
0 1894 0.049020 0.407386 0.040068 0.126136 1.000000 1173.000000 880.000000
0 1895 0.049020 0.405114 0.040068 0.126136 1.000000 1173.000000 880.000000
0 1896 0.049446 0.403977 0.040921 0.126136 1.000000 1173.000000 880.000000
0 1897 0.049872 0.402273 0.040068 0.127273 1.000000 1173.000000 880.000000
0 1898 0.050298 0.401136 0.040921 0.127273 1.000000 1173.000000 880.000000
0 1899 0.050298 0.398864 0.040921 0.127273 1.000000 1173.000000 880.000000
0 1900 0.051151 0.397727 0.040921 0.127273 1.000000 1173.000000 880.000000
0 1901 0.051151 0.396591 0.040921 0.127273 1.000000 1173.000000 880.000000
0 1902 0.051577 0.394886 0.041773 0.128409 1.000000 1173.000000 880.000000
0 1903 0.051577 0.393182 0.041773 0.127273 1.000000 1173.000000 880.000000
0 1904 0.052430 0.391477 0.041773 0.128409 1.000000 1173.000000 880.000000
0 1905 0.052430 0.390341 0.041773 0.128409 1.000000 1173.000000 880.000000
0 1906 0.052856 0.388636 0.042626 0.129545 1.000000 1173.000000 880.000000
0 1907 0.053282 0.386932 0.041773 0.128409 1.000000 1173.000000 880.000000
0 1908 0.053708 0.385227 0.042626 0.129545 1.000000 1173.000000 880.000000
0 1909 0.053708 0.384091 0.042626 0.129545 1.000000 1173.000000 880.000000
0 1910 0.054561 0.382955 0.042626 0.129545 1.000000 1173.000000 880.000000
0 1911 0.054561 0.381250 0.042626 0.128409 1.000000 1173.000000 880.000000
0 1912 0.055413 0.380114 0.042626 0.128409 1.000000 1173.000000 880.000000
0 1913 0.056266 0.378977 0.042626 0.128409 1.000000 1173.000000 880.000000
0 1914 0.057118 0.377841 0.042626 0.128409 1.000000 1173.000000 880.000000
0 1915 0.057971 0.376705 0.042626 0.128409 1.000000 1173.000000 880.000000
0 1916 0.058824 0.375568 0.042626 0.126136 1.000000 1173.000000 880.000000
0 1917 0.059676 0.374432 0.042626 0.126136 1.000000 1173.000000 880.000000
0 1918 0.060102 0.373295 0.041773 0.126136 1.000000 1173.000000 880.000000
0 1919 0.060955 0.372159 0.041773 0.126136 1.000000 1173.000000 880.000000
0 1920 0.061807 0.371023 0.041773 0.126136 1.000000 1173.000000 880.000000
0 1921 0.062660 0.369886 0.041773 0.126136 1.000000 1173.000000 880.000000
0 1922 0.063512 0.368750 0.041773 0.123864 1.000000 1173.000000 880.000000
0 1923 0.064365 0.367614 0.041773 0.123864 1.000000 1173.000000 880.000000
0 1924 0.065217 0.366477 0.041773 0.123864 0.985270 1173.000000 880.000000
0 1925 0.066070 0.365341 0.041773 0.123864 0.972730 1173.000000 880.000000
0 1926 0.066496 0.364205 0.040921 0.123864 0.965860 1173.000000 880.000000
0 1927 0.067349 0.363068 0.040921 0.123864 0.957140 1173.000000 880.000000
0 1928 0.068201 0.361932 0.040921 0.121591 0.952380 1173.000000 880.000000
0 1929 0.069054 0.360795 0.040921 0.121591 0.948600 1173.000000 880.000000
0 1930 0.069906 0.359659 0.040921 0.121591 0.947090 1173.000000 880.000000
0 1931 0.070759 0.358523 0.040921 0.121591 0.947850 1173.000000 880.000000
0 1932 0.071611 0.357386 0.040921 0.121591 0.950870 1173.000000 880.000000
0 1933 0.072464 0.356818 0.040921 0.120455 0.955750 1173.000000 880.000000
0 1934 0.073316 0.355682 0.040921 0.120455 0.964520 1173.000000 880.000000
0 1935 0.074169 0.355682 0.040921 0.120455 0.974820 1173.000000 880.000000
0 1936 0.075021 0.354545 0.040921 0.120455 0.986650 1173.000000 880.000000
0 1937 0.075874 0.354545 0.040921 0.120455 1.000000 1173.000000 880.000000
0 1938 0.076726 0.353409 0.040921 0.120455 1.000000 1173.000000 880.000000
0 1939 0.077579 0.353409 0.040921 0.120455 1.000000 1173.000000 880.000000
0 1940 0.078431 0.352273 0.040921 0.120455 1.000000 1173.000000 880.000000
0 1941 0.079284 0.352273 0.040921 0.120455 1.000000 1173.000000 880.000000
0 1942 0.080136 0.352273 0.040921 0.120455 1.000000 1173.000000 880.000000
0 1943 0.080989 0.351136 0.040921 0.120455 1.000000 1173.000000 880.000000
0 1944 0.081841 0.351136 0.040921 0.120455 1.000000 1173.000000 880.000000
0 1945 0.082694 0.350000 0.040921 0.120455 1.000000 1173.000000 880.000000
0 1946 0.083546 0.350000 0.040921 0.120455 1.000000 1173.000000 880.000000
0 1947 0.084399 0.348864 0.040921 0.120455 1.000000 1173.000000 880.000000
0 1948 0.085251 0.348864 0.040921 0.120455 1.000000 1173.000000 880.000000
0 1949 0.086104 0.348864 0.040921 0.120455 1.000000 1173.000000 880.000000
0 1950 0.086957 0.347727 0.040921 0.120455 1.000000 1173.000000 880.000000
0 1951 0.087809 0.347727 0.040921 0.120455 1.000000 1173.000000 880.000000
0 1952 0.088662 0.346591 0.040921 0.120455 1.000000 1173.000000 880.000000
0 1953 0.089514 0.346591 0.040921 0.120455 1.000000 1173.000000 880.000000
0 1954 0.090367 0.345455 0.040921 0.120455 1.000000 1173.000000 880.000000
0 1955 0.091219 0.345455 0.040921 0.120455 1.000000 1173.000000 880.000000
0 1956 0.092924 0.345455 0.040921 0.120455 1.000000 1173.000000 880.000000
0 1957 0.092924 0.346591 0.040921 0.120455 1.000000 1173.000000 880.000000
0 1958 0.093777 0.347727 0.040921 0.120455 1.000000 1173.000000 880.000000
0 1959 0.093777 0.349432 0.040921 0.119318 1.000000 1173.000000 880.000000
0 1960 0.094629 0.350568 0.040921 0.119318 1.000000 1173.000000 880.000000
0 1961 0.095055 0.352273 0.040068 0.118182 1.000000 1173.000000 880.000000
0 1962 0.095482 0.353409 0.040921 0.118182 1.000000 1173.000000 880.000000
0 1963 0.095908 0.355114 0.040068 0.117045 1.000000 1173.000000 880.000000
0 1964 0.096334 0.356250 0.040921 0.117045 1.000000 1173.000000 880.000000
0 1965 0.096760 0.357955 0.040068 0.115909 1.000000 1173.000000 880.000000
0 1966 0.097613 0.359091 0.040068 0.115909 1.000000 1173.000000 880.000000
0 1967 0.097613 0.360795 0.040068 0.114773 1.000000 1173.000000 880.000000
0 1968 0.098465 0.361932 0.040068 0.114773 1.000000 1173.000000 880.000000
0 1969 0.098892 0.363636 0.039216 0.113636 1.000000 1173.000000 880.000000
0 1970 0.099318 0.364773 0.040068 0.113636 1.000000 1173.000000 880.000000
0 1971 0.099744 0.367045 0.039216 0.113636 1.000000 1173.000000 880.000000
0 1972 0.100171 0.368182 0.040068 0.113636 1.000000 1173.000000 880.000000
0 1973 0.100597 0.369886 0.039216 0.112500 1.000000 1173.000000 880.000000
0 1974 0.101449 0.371023 0.039216 0.112500 1.000000 1173.000000 880.000000
0 1975 0.101449 0.372727 0.039216 0.111364 1.000000 1173.000000 880.000000
0 1976 0.102302 0.373864 0.039216 0.111364 1.000000 1173.000000 880.000000
0 1977 0.102728 0.375568 0.038363 0.110227 1.000000 1173.000000 880.000000
0 1978 0.103154 0.376705 0.039216 0.110227 1.000000 1173.000000 880.000000
0 1979 0.103581 0.378409 0.038363 0.109091 1.000000 1173.000000 880.000000
0 1980 0.104007 0.379545 0.039216 0.109091 1.000000 1173.000000 880.000000
0 1981 0.104433 0.381250 0.038363 0.107955 1.000000 1173.000000 880.000000
0 1982 0.105286 0.382386 0.038363 0.107955 1.000000 1173.000000 880.000000
0 1983 0.105286 0.384091 0.038363 0.106818 1.000000 1173.000000 880.000000
0 1984 0.106138 0.385227 0.038363 0.106818 1.000000 1173.000000 880.000000
0 1985 0.106991 0.387500 0.038363 0.106818 1.000000 1173.000000 880.000000
0 1986 0.106991 0.387500 0.038363 0.106818 1.000000 1173.000000 880.000000
0 1987 0.107843 0.387500 0.038363 0.106818 1.000000 1173.000000 880.000000
0 1988 0.108696 0.387500 0.038363 0.106818 1.000000 1173.000000 880.000000
0 1989 0.109548 0.387500 0.038363 0.106818 1.000000 1173.000000 880.000000
0 1990 0.110401 0.387500 0.038363 0.106818 1.000000 1173.000000 880.000000
0 1991 0.111253 0.387500 0.038363 0.106818 1.000000 1173.000000 880.000000
0 1992 0.112106 0.388636 0.038363 0.106818 1.000000 1173.000000 880.000000
0 1993 0.112958 0.388636 0.038363 0.106818 1.000000 1173.000000 880.000000
0 1994 0.113811 0.388636 0.038363 0.106818 1.000000 1173.000000 880.000000
0 1995 0.114663 0.388636 0.038363 0.106818 1.000000 1173.000000 880.000000
0 1996 0.115516 0.388636 0.038363 0.106818 1.000000 1173.000000 880.000000
0 1997 0.116368 0.388636 0.038363 0.106818 1.000000 1173.000000 880.000000
0 1998 0.117221 0.389773 0.038363 0.106818 1.000000 1173.000000 880.000000
0 1999 0.118073 0.389773 0.038363 0.106818 1.000000 1173.000000 880.000000
0 2000 0.118926 0.389773 0.038363 0.106818 1.000000 1173.000000 880.000000
0 2001 0.119778 0.389773 0.038363 0.106818 1.000000 1173.000000 880.000000
0 2002 0.120631 0.389773 0.038363 0.106818 1.000000 1173.000000 880.000000
0 2003 0.121483 0.389773 0.038363 0.106818 1.000000 1173.000000 880.000000
0 2004 0.122336 0.390909 0.038363 0.106818 1.000000 1173.000000 880.000000
0 2005 0.123188 0.390909 0.038363 0.106818 1.000000 1173.000000 880.000000
0 2006 0.124041 0.390909 0.038363 0.106818 1.000000 1173.000000 880.000000
0 2007 0.124893 0.390909 0.038363 0.106818 1.000000 1173.000000 880.000000
0 2008 0.125746 0.390909 0.038363 0.106818 1.000000 1173.000000 880.000000
0 2009 0.126598 0.390909 0.038363 0.106818 1.000000 1173.000000 880.000000
0 2010 0.127451 0.392045 0.038363 0.106818 1.000000 1173.000000 880.000000
0 2011 0.128303 0.390909 0.038363 0.106818 1.000000 1173.000000 880.000000
0 2012 0.129156 0.390909 0.038363 0.106818 1.000000 1173.000000 880.000000
0 2013 0.130009 0.390909 0.038363 0.106818 1.000000 1173.000000 880.000000
0 2014 0.130861 0.389773 0.038363 0.106818 1.000000 1173.000000 880.000000
0 2015 0.132140 0.389773 0.037511 0.106818 1.000000 1173.000000 880.000000
0 2016 0.133419 0.389773 0.038363 0.106818 1.000000 1173.000000 880.000000
0 2017 0.134271 0.389773 0.038363 0.106818 1.000000 1173.000000 880.000000
0 2018 0.135124 0.388636 0.038363 0.106818 1.000000 1173.000000 880.000000
0 2019 0.136402 0.388636 0.037511 0.106818 1.000000 1173.000000 880.000000
0 2020 0.137255 0.388636 0.037511 0.106818 1.000000 1173.000000 880.000000
0 2021 0.138107 0.387500 0.037511 0.106818 1.000000 1173.000000 880.000000
0 2022 0.139386 0.387500 0.038363 0.106818 1.000000 1173.000000 880.000000
0 2023 0.140239 0.387500 0.038363 0.106818 1.000000 1173.000000 880.000000
0 2024 0.141517 0.387500 0.037511 0.106818 1.000000 1173.000000 880.000000
0 2025 0.142370 0.386364 0.037511 0.106818 1.000000 1173.000000 880.000000
0 2026 0.143223 0.386364 0.037511 0.106818 1.000000 1173.000000 880.000000
0 2027 0.144075 0.386364 0.037511 0.106818 1.000000 1173.000000 880.000000
0 2028 0.145780 0.386364 0.037511 0.106818 1.000000 1173.000000 880.000000
0 2029 0.145780 0.384091 0.037511 0.106818 1.000000 1173.000000 880.000000
0 2030 0.146633 0.382955 0.037511 0.106818 1.000000 1173.000000 880.000000
0 2031 0.146633 0.381818 0.037511 0.106818 1.000000 1173.000000 880.000000
0 2032 0.147485 0.380682 0.037511 0.106818 1.000000 1173.000000 880.000000
0 2033 0.147485 0.379545 0.037511 0.106818 1.000000 1173.000000 880.000000
0 2034 0.148338 0.378409 0.037511 0.106818 1.000000 1173.000000 880.000000
0 2035 0.148338 0.377273 0.037511 0.106818 1.000000 1173.000000 880.000000
0 2036 0.149190 0.376136 0.037511 0.106818 1.000000 1173.000000 880.000000
0 2037 0.149190 0.375000 0.037511 0.106818 1.000000 1173.000000 880.000000
0 2038 0.150043 0.373864 0.037511 0.106818 1.000000 1173.000000 880.000000
0 2039 0.150895 0.372727 0.037511 0.106818 0.978950 1173.000000 880.000000
0 2040 0.150895 0.370455 0.037511 0.106818 0.958360 1173.000000 880.000000
0 2041 0.151748 0.369318 0.037511 0.106818 0.937540 1173.000000 880.000000
0 2042 0.151748 0.368182 0.037511 0.106818 0.938250 1173.000000 880.000000
0 2043 0.152600 0.367045 0.037511 0.106818 0.917660 1173.000000 880.000000
0 2044 0.152600 0.365909 0.037511 0.106818 0.938250 1173.000000 880.000000
0 2045 0.153453 0.364773 0.037511 0.106818 0.938250 1173.000000 880.000000
0 2046 0.153453 0.363636 0.037511 0.106818 0.958830 1173.000000 880.000000
0 2047 0.154305 0.362500 0.037511 0.106818 0.938250 1173.000000 880.000000
0 2048 0.154305 0.361364 0.037511 0.106818 0.958830 1173.000000 880.000000
0 2049 0.155158 0.360227 0.037511 0.106818 0.958830 1173.000000 880.000000
0 2050 0.156010 0.359091 0.037511 0.106818 0.958830 1173.000000 880.000000
0 2051 0.156010 0.357955 0.037511 0.106818 0.979420 1173.000000 880.000000
0 2052 0.156863 0.356818 0.037511 0.106818 0.958830 1173.000000 880.000000
0 2053 0.156863 0.355682 0.037511 0.106818 0.959300 1173.000000 880.000000
0 2054 0.157715 0.354545 0.037511 0.106818 0.939650 1173.000000 880.000000
0 2055 0.157715 0.354545 0.037511 0.106818 0.938950 1173.000000 880.000000
0 2056 0.158568 0.353409 0.037511 0.106818 0.919530 1173.000000 880.000000
0 2057 0.158568 0.352273 0.037511 0.106818 0.917660 1173.000000 880.000000
0 2058 0.159420 0.351136 0.037511 0.106818 0.898950 1173.000000 880.000000
0 2059 0.159420 0.350000 0.037511 0.106818 0.893330 1173.000000 880.000000
0 2060 0.160273 0.350000 0.037511 0.106818 0.872980 1173.000000 880.000000
0 2061 0.161125 0.348864 0.037511 0.106818 0.854970 1173.000000 880.000000
0 2062 0.161125 0.347727 0.037511 0.106818 0.851930 1173.000000 880.000000
0 2063 0.161978 0.346591 0.037511 0.106818 0.834390 1173.000000 880.000000
0 2064 0.161978 0.345455 0.037511 0.106818 0.833220 1173.000000 880.000000
0 2065 0.162830 0.345455 0.037511 0.106818 0.983630 1173.000000 880.000000
0 2066 0.162830 0.344318 0.037511 0.106818 0.980350 1173.000000 880.000000
0 2067 0.163683 0.343182 0.037511 0.106818 0.980350 1173.000000 880.000000
0 2068 0.163683 0.342045 0.037511 0.106818 0.977080 1173.000000 880.000000
0 2069 0.164535 0.340909 0.037511 0.106818 0.977080 1173.000000 880.000000
0 2070 0.165388 0.340909 0.037511 0.106818 0.975440 1173.000000 880.000000
0 2071 0.165388 0.339773 0.037511 0.106818 0.971930 1173.000000 880.000000
0 2072 0.166240 0.338636 0.037511 0.106818 0.971930 1173.000000 880.000000
0 2073 0.166240 0.337500 0.037511 0.106818 0.968420 1173.000000 880.000000
0 2074 0.167093 0.336364 0.037511 0.106818 0.964910 1173.000000 880.000000
0 2075 0.167093 0.336364 0.037511 0.106818 0.958830 1173.000000 880.000000
0 2076 0.167945 0.335227 0.037511 0.106818 0.958830 1173.000000 880.000000
0 2077 0.167945 0.334091 0.037511 0.106818 0.955090 1173.000000 880.000000
0 2078 0.168798 0.332955 0.037511 0.106818 0.955090 1173.000000 880.000000
0 2079 0.169650 0.332955 0.037511 0.106818 0.952280 1173.000000 880.000000
0 2080 0.169650 0.330682 0.037511 0.106818 0.951350 1173.000000 880.000000
0 2081 0.170503 0.329545 0.037511 0.106818 0.951350 1173.000000 880.000000
0 2082 0.171355 0.328409 0.037511 0.106818 0.951350 1173.000000 880.000000
0 2083 0.171355 0.326136 0.037511 0.106818 0.950880 1173.000000 880.000000
0 2084 0.172208 0.325000 0.037511 0.106818 0.950880 1173.000000 880.000000
0 2085 0.173061 0.323864 0.037511 0.106818 0.950880 1173.000000 880.000000
0 2086 0.173061 0.321591 0.037511 0.106818 0.950880 1173.000000 880.000000
0 2087 0.173913 0.320455 0.037511 0.106818 0.950880 1173.000000 880.000000
0 2088 0.174766 0.319318 0.037511 0.106818 0.951350 1173.000000 880.000000
0 2089 0.174766 0.317045 0.037511 0.106818 0.951350 1173.000000 880.000000
0 2090 0.175618 0.315909 0.037511 0.106818 0.954390 1173.000000 880.000000
0 2091 0.176471 0.314773 0.037511 0.106818 0.954150 1173.000000 880.000000
0 2092 0.176471 0.312500 0.037511 0.106818 0.954390 1173.000000 880.000000
0 2093 0.177323 0.311364 0.037511 0.106818 0.957430 1173.000000 880.000000
0 2094 0.178176 0.310227 0.037511 0.106818 0.952510 1173.000000 880.000000
0 2095 0.178176 0.307955 0.037511 0.106818 0.957430 1173.000000 880.000000
0 2096 0.179028 0.306818 0.037511 0.106818 0.952750 1173.000000 880.000000
0 2097 0.179881 0.305682 0.037511 0.106818 0.951350 1173.000000 880.000000
0 2098 0.180733 0.304545 0.037511 0.106818 0.951350 1173.000000 880.000000
0 2099 0.180733 0.302273 0.037511 0.106818 0.951810 1173.000000 880.000000
0 2100 0.180733 0.300000 0.037511 0.106818 0.955090 1173.000000 880.000000
0 2101 0.180733 0.298295 0.037511 0.105682 0.959100 1173.000000 880.000000
0 2102 0.181159 0.297159 0.036658 0.105682 0.957930 1173.000000 880.000000
0 2103 0.181586 0.296023 0.035806 0.105682 0.964620 1173.000000 880.000000
0 2104 0.182438 0.295455 0.035806 0.104545 0.574640 1173.000000 880.000000
0 2105 0.182864 0.294318 0.034953 0.104545 0.588840 1173.000000 880.000000
0 2106 0.183291 0.293182 0.034101 0.104545 0.604770 1173.000000 880.000000
0 2107 0.184569 0.292614 0.033248 0.103409 0.602170 1173.000000 880.000000
0 2108 0.184569 0.290341 0.033248 0.103409 0.631520 1173.000000 880.000000
0 2109 0.184569 0.289205 0.033248 0.103409 0.627170 1173.000000 880.000000
0 2110 0.184569 0.286932 0.033248 0.103409 0.629620 1173.000000 880.000000
0 2111 0.184569 0.285795 0.033248 0.103409 0.626630 1173.000000 880.000000
0 2112 0.184569 0.283523 0.033248 0.103409 0.629350 1173.000000 880.000000
0 2113 0.184569 0.282386 0.033248 0.103409 0.648100 1173.000000 880.000000
0 2114 0.184569 0.280114 0.033248 0.103409 0.651090 1173.000000 880.000000
0 2115 0.184569 0.278977 0.033248 0.103409 0.644570 1173.000000 880.000000
0 2116 0.184569 0.275568 0.034953 0.103409 0.653470 1173.000000 880.000000
0 2117 0.184996 0.272159 0.035806 0.103409 0.651420 1173.000000 880.000000
0 2118 0.185422 0.268750 0.036658 0.103409 0.667740 1173.000000 880.000000
0 2119 0.185848 0.265909 0.037511 0.102273 0.653240 1173.000000 880.000000
0 2120 0.185848 0.262500 0.039216 0.102273 0.665650 1173.000000 880.000000
0 2121 0.186275 0.259091 0.040068 0.102273 0.655450 1173.000000 880.000000
0 2122 0.186701 0.255682 0.040921 0.102273 0.662480 1173.000000 880.000000
0 2123 0.187553 0.253409 0.042626 0.102273 0.650510 1173.000000 880.000000
0 2124 0.187553 0.249432 0.042626 0.101136 0.654680 1173.000000 880.000000
0 2125 0.187980 0.246591 0.043478 0.100000 0.656440 1173.000000 880.000000
0 2126 0.188406 0.243182 0.044331 0.097727 0.663410 1173.000000 880.000000
0 2127 0.188406 0.239773 0.044331 0.097727 0.663410 1173.000000 880.000000
0 2128 0.188832 0.236364 0.045183 0.095455 0.669500 1173.000000 880.000000
0 2129 0.189258 0.233523 0.046036 0.094318 0.675970 1173.000000 880.000000
0 2130 0.189685 0.230682 0.046888 0.093182 0.657920 1173.000000 880.000000
0 2131 0.190537 0.226136 0.046888 0.093182 0.666520 1173.000000 880.000000
0 2132 0.191390 0.221591 0.046888 0.093182 0.660070 1173.000000 880.000000
0 2133 0.192242 0.218182 0.046888 0.093182 0.660070 1173.000000 880.000000
0 2134 0.193947 0.213636 0.046888 0.093182 0.638550 1173.000000 880.000000
0 2135 0.194800 0.209091 0.046888 0.093182 0.637690 1173.000000 880.000000
0 2136 0.195652 0.205682 0.046888 0.093182 0.623490 1173.000000 880.000000
0 2137 0.196505 0.201136 0.046888 0.093182 0.622850 1173.000000 880.000000
0 2138 0.198210 0.197727 0.046888 0.093182 0.590150 1173.000000 880.000000
0 2139 0.198636 0.194318 0.046036 0.093182 0.603940 1173.000000 880.000000
0 2140 0.199488 0.190909 0.046036 0.093182 0.588830 1173.000000 880.000000
0 2141 0.199915 0.188636 0.045183 0.093182 0.593930 1173.000000 880.000000
0 2142 0.200767 0.185227 0.045183 0.093182 0.593930 1173.000000 880.000000
0 2143 0.201194 0.182955 0.044331 0.093182 0.580360 1173.000000 880.000000
0 2144 0.202046 0.179545 0.044331 0.093182 0.580360 1173.000000 880.000000
0 2145 0.203325 0.177273 0.043478 0.093182 0.564410 1173.000000 880.000000
0 2146 0.203751 0.173864 0.042626 0.093182 0.556110 1173.000000 880.000000
0 2147 0.204604 0.171023 0.042626 0.094318 0.553690 1173.000000 880.000000
0 2148 0.205030 0.167614 0.041773 0.094318 0.562620 1173.000000 880.000000
0 2149 0.205882 0.165341 0.041773 0.094318 0.561190 1173.000000 880.000000
0 2150 0.206309 0.162500 0.040921 0.095455 0.551020 1173.000000 880.000000
0 2151 0.207161 0.159091 0.040921 0.095455 0.557020 1173.000000 880.000000
0 2152 0.207587 0.156818 0.040068 0.095455 0.559800 1173.000000 880.000000
0 2153 0.208440 0.153409 0.040068 0.095455 0.565690 1173.000000 880.000000
0 2154 0.208866 0.150568 0.039216 0.096591 0.574470 1173.000000 880.000000
0 2155 0.209719 0.148295 0.039216 0.096591 0.555420 1173.000000 880.000000
0 2156 0.210145 0.144886 0.038363 0.096591 0.566730 1173.000000 880.000000
0 2157 0.210997 0.142614 0.038363 0.096591 0.566730 1173.000000 880.000000
0 2158 0.211850 0.140341 0.038363 0.096591 0.561430 1173.000000 880.000000
0 2159 0.212702 0.138068 0.038363 0.096591 0.562690 1173.000000 880.000000
0 2160 0.213555 0.135795 0.038363 0.096591 0.562690 1173.000000 880.000000
0 2161 0.214408 0.133523 0.038363 0.096591 0.562940 1173.000000 880.000000
0 2162 0.215260 0.131250 0.038363 0.096591 0.562940 1173.000000 880.000000
0 2163 0.216113 0.128977 0.038363 0.096591 0.563950 1173.000000 880.000000
0 2164 0.216113 0.126136 0.038363 0.095455 0.607420 1173.000000 880.000000
0 2165 0.216539 0.123864 0.037511 0.095455 0.617780 1173.000000 880.000000
0 2166 0.216539 0.121591 0.037511 0.095455 0.636860 1173.000000 880.000000
0 2167 0.217391 0.119886 0.037511 0.094318 0.632800 1173.000000 880.000000
0 2168 0.217391 0.117614 0.037511 0.094318 0.675660 1173.000000 880.000000
0 2169 0.217818 0.115341 0.036658 0.094318 0.688310 1173.000000 880.000000
0 2170 0.218670 0.113636 0.036658 0.093182 0.704270 1173.000000 880.000000
0 2171 0.218244 0.111364 0.034101 0.093182 0.749630 1173.000000 880.000000
0 2172 0.218670 0.110227 0.031543 0.093182 0.794550 1173.000000 880.000000
0 2173 0.218670 0.107955 0.029838 0.093182 0.857430 1173.000000 880.000000
0 2174 0.219096 0.106818 0.027280 0.093182 0.868570 1173.000000 880.000000
0 2175 0.219523 0.105682 0.028133 0.093182 0.872430 1173.000000 880.000000
0 2176 0.220801 0.105682 0.028986 0.093182 0.849230 1173.000000 880.000000
0 2177 0.222080 0.104545 0.029838 0.093182 0.804550 1173.000000 880.000000
0 2178 0.222933 0.104545 0.031543 0.093182 0.788840 1173.000000 880.000000
0 2179 0.224211 0.103409 0.032396 0.093182 0.771390 1173.000000 880.000000
0 2180 0.225490 0.103409 0.033248 0.093182 0.751510 1173.000000 880.000000
0 2181 0.225490 0.102273 0.033248 0.093182 0.774100 1173.000000 880.000000
0 2182 0.226343 0.101136 0.033248 0.093182 0.777110 1173.000000 880.000000
0 2183 0.227195 0.100000 0.033248 0.093182 0.777110 1173.000000 880.000000
0 2184 0.228048 0.100000 0.033248 0.093182 0.777110 1173.000000 880.000000
0 2185 0.228900 0.098864 0.033248 0.093182 0.780120 1173.000000 880.000000
0 2186 0.229753 0.097727 0.033248 0.093182 0.778310 1173.000000 880.000000
0 2187 0.230605 0.097727 0.033248 0.093182 0.778010 1173.000000 880.000000
0 2188 0.230605 0.097159 0.033248 0.094318 0.819050 1173.000000 880.000000
0 2189 0.231032 0.097159 0.032396 0.094318 0.814410 1173.000000 880.000000
0 2190 0.231884 0.097159 0.032396 0.094318 0.808610 1173.000000 880.000000
0 2191 0.232310 0.096591 0.031543 0.095455 0.826930 1173.000000 880.000000
0 2192 0.233163 0.096591 0.031543 0.095455 0.822910 1173.000000 880.000000
0 2193 0.233589 0.096591 0.030691 0.095455 0.818120 1173.000000 880.000000
0 2194 0.234442 0.096023 0.030691 0.096591 0.814580 1173.000000 880.000000
0 2195 0.234868 0.096023 0.029838 0.096591 0.831400 1173.000000 880.000000
0 2196 0.235720 0.096591 0.029838 0.097727 0.954340 1173.000000 880.000000
0 2197 0.236573 0.095455 0.029838 0.097727 0.954340 1173.000000 880.000000
0 2198 0.237425 0.094318 0.029838 0.097727 0.786720 1173.000000 880.000000
0 2199 0.238278 0.093182 0.029838 0.097727 0.782890 1173.000000 880.000000
0 2200 0.239130 0.092045 0.029838 0.097727 0.764370 1173.000000 880.000000
0 2201 0.239983 0.090909 0.029838 0.097727 0.739460 1173.000000 880.000000
0 2202 0.240835 0.090909 0.029838 0.097727 0.739460 1173.000000 880.000000
0 2203 0.241688 0.089773 0.029838 0.097727 0.714560 1173.000000 880.000000
0 2204 0.242540 0.089773 0.029838 0.097727 0.713600 1173.000000 880.000000
0 2205 0.243393 0.089773 0.029838 0.097727 0.687740 1173.000000 880.000000
0 2206 0.244246 0.088636 0.029838 0.097727 0.692530 1173.000000 880.000000
0 2207 0.245098 0.088636 0.029838 0.097727 0.687100 1173.000000 880.000000
0 2208 0.245951 0.088636 0.029838 0.097727 0.661880 1173.000000 880.000000
0 2209 0.247656 0.088636 0.029838 0.097727 0.630910 1173.000000 880.000000
0 2210 0.247656 0.087500 0.029838 0.097727 0.636970 1173.000000 880.000000
0 2211 0.247656 0.086364 0.029838 0.097727 0.661240 1173.000000 880.000000
0 2212 0.247656 0.085227 0.029838 0.097727 0.666030 1173.000000 880.000000
0 2213 0.248508 0.085227 0.029838 0.097727 0.659960 1173.000000 880.000000
0 2214 0.248508 0.084091 0.029838 0.097727 0.666030 1173.000000 880.000000
0 2215 0.248508 0.082955 0.029838 0.097727 0.685820 1173.000000 880.000000
0 2216 0.249361 0.082955 0.029838 0.097727 0.660920 1173.000000 880.000000
0 2217 0.250213 0.081818 0.029838 0.097727 0.655810 1173.000000 880.000000
0 2218 0.251066 0.081818 0.029838 0.097727 0.655810 1173.000000 880.000000
0 2219 0.251918 0.080682 0.029838 0.097727 0.654850 1173.000000 880.000000
0 2220 0.252771 0.080682 0.029838 0.097727 0.672410 1173.000000 880.000000
0 2221 0.253623 0.079545 0.029838 0.097727 0.670820 1173.000000 880.000000
0 2222 0.255328 0.079545 0.029838 0.097727 0.646550 1173.000000 880.000000
0 2223 0.254476 0.078409 0.029838 0.097727 0.711690 1173.000000 880.000000
0 2224 0.254476 0.077273 0.029838 0.097727 0.738510 1173.000000 880.000000
0 2225 0.254476 0.077273 0.029838 0.097727 0.773630 1173.000000 880.000000
0 2226 0.254476 0.076136 0.029838 0.097727 0.797570 1173.000000 880.000000
0 2227 0.254476 0.075000 0.029838 0.097727 0.830460 1173.000000 880.000000
0 2228 0.254476 0.075000 0.029838 0.097727 0.844830 1173.000000 880.000000
0 2229 0.256181 0.073864 0.029838 0.097727 0.833330 1173.000000 880.000000
0 2230 0.257886 0.073295 0.029838 0.096591 0.815570 1173.000000 880.000000
0 2231 0.259591 0.072727 0.029838 0.095455 0.811110 1173.000000 880.000000
0 2232 0.261296 0.071591 0.029838 0.095455 0.808820 1173.000000 880.000000
0 2233 0.263001 0.071023 0.029838 0.094318 0.782080 1173.000000 880.000000
0 2234 0.265132 0.070455 0.028986 0.093182 0.759040 1173.000000 880.000000
0 2235 0.265132 0.068182 0.028986 0.093182 0.811700 1173.000000 880.000000
0 2236 0.265985 0.065909 0.028986 0.093182 0.818930 1173.000000 880.000000
0 2237 0.266837 0.064773 0.028986 0.093182 0.829260 1173.000000 880.000000
0 2238 0.266837 0.062500 0.028986 0.093182 0.880900 1173.000000 880.000000
0 2239 0.267690 0.061364 0.028986 0.093182 0.878140 1173.000000 880.000000
0 2240 0.268542 0.059091 0.028986 0.093182 0.860240 1173.000000 880.000000
0 2241 0.269395 0.057955 0.028986 0.093182 0.859900 1173.000000 880.000000
0 2242 0.269395 0.057955 0.028986 0.093182 0.909120 1173.000000 880.000000
0 2243 0.270247 0.057955 0.028986 0.093182 0.911880 1173.000000 880.000000
0 2244 0.270247 0.057955 0.028986 0.093182 0.922890 1173.000000 880.000000
0 2245 0.271100 0.057955 0.028986 0.093182 0.896040 1173.000000 880.000000
0 2246 0.271952 0.057955 0.028986 0.093182 0.898800 1173.000000 880.000000
0 2247 0.272379 0.056250 0.029838 0.092045 0.898370 1173.000000 880.000000
0 2248 0.273231 0.055114 0.029838 0.092045 0.878050 1173.000000 880.000000
0 2249 0.274084 0.053409 0.029838 0.090909 0.880320 1173.000000 880.000000
0 2250 0.274936 0.052273 0.029838 0.090909 0.884090 1173.000000 880.000000
0 2251 0.276215 0.050568 0.030691 0.089773 0.845950 1173.000000 880.000000
0 2252 0.276641 0.049432 0.031543 0.089773 0.851640 1173.000000 880.000000
0 2253 0.277494 0.047727 0.031543 0.088636 0.858430 1173.000000 880.000000
0 2254 0.278346 0.046591 0.031543 0.088636 0.841770 1173.000000 880.000000
0 2255 0.279199 0.044886 0.031543 0.087500 0.805670 1173.000000 880.000000
0 2256 0.280477 0.044318 0.032396 0.086364 0.764900 1173.000000 880.000000
0 2257 0.280477 0.043750 0.032396 0.085227 0.760800 1173.000000 880.000000
0 2258 0.281330 0.043182 0.032396 0.084091 0.737090 1173.000000 880.000000
0 2259 0.282182 0.043182 0.032396 0.084091 0.697090 1173.000000 880.000000
0 2260 0.283035 0.042614 0.032396 0.082955 0.693350 1173.000000 880.000000
0 2261 0.283887 0.042045 0.032396 0.081818 0.675800 1173.000000 880.000000
0 2262 0.284740 0.042045 0.032396 0.081818 0.668770 1173.000000 880.000000
0 2263 0.285166 0.041477 0.031543 0.080682 0.665570 1173.000000 880.000000
0 2264 0.286019 0.040909 0.031543 0.079545 0.640850 1173.000000 880.000000
0 2265 0.286445 0.040341 0.030691 0.078409 0.656370 1173.000000 880.000000
0 2266 0.287298 0.039773 0.030691 0.077273 0.634550 1173.000000 880.000000
0 2267 0.287724 0.039205 0.029838 0.076136 0.627450 1173.000000 880.000000
0 2268 0.288576 0.038636 0.029838 0.075000 0.625210 1173.000000 880.000000
0 2269 0.289003 0.038068 0.028986 0.073864 0.615580 1173.000000 880.000000
0 2270 0.289855 0.037500 0.028986 0.072727 0.609670 1173.000000 880.000000
0 2271 0.289855 0.036364 0.028986 0.070455 0.572340 1173.000000 880.000000
0 2272 0.289855 0.035227 0.028986 0.068182 0.580800 1173.000000 880.000000
0 2273 0.289855 0.034091 0.028986 0.065909 0.562710 1173.000000 880.000000
0 2274 0.289855 0.033523 0.028986 0.064773 0.514290 1173.000000 880.000000
0 2275 0.290708 0.032955 0.028986 0.063636 0.483210 1173.000000 880.000000
0 2276 0.291560 0.032955 0.028986 0.063636 0.473680 1173.000000 880.000000
0 2277 0.292413 0.032955 0.028986 0.063636 0.439100 1173.000000 880.000000
0 2278 0.293265 0.032955 0.028986 0.063636 0.377440 1173.000000 880.000000
0 2279 0.294118 0.032955 0.028986 0.063636 0.367920 1173.000000 880.000000
0 2280 0.294970 0.032955 0.028986 0.063636 0.334840 1173.000000 880.000000
0 2281 0.296249 0.032955 0.028133 0.063636 0.332300 1173.000000 880.000000
0 2282 0.297101 0.032386 0.028133 0.062500 0.293590 1173.000000 880.000000
0 2283 0.297954 0.031818 0.028133 0.061364 0.286630 1173.000000 880.000000
0 2284 0.299233 0.031250 0.027280 0.060227 0.289560 1173.000000 880.000000
0 2285 0.300512 0.031250 0.028133 0.060227 0.244010 1173.000000 880.000000
0 2286 0.301790 0.030682 0.027280 0.059091 0.221840 1173.000000 880.000000
0 2287 0.302643 0.030114 0.027280 0.057955 0.221450 1173.000000 880.000000
0 2288 0.304348 0.030114 0.027280 0.057955 0.210370 1173.000000 880.000000
0 2289 0.304348 0.029545 0.027280 0.056818 0.190730 1173.000000 880.000000
0 2290 0.305200 0.028977 0.027280 0.055682 0.190300 1173.000000 880.000000
0 2291 0.305200 0.028977 0.027280 0.055682 0.191520 1173.000000 880.000000
0 2292 0.306053 0.028409 0.027280 0.054545 0.184910 1173.000000 880.000000
0 2293 0.306905 0.027841 0.027280 0.053409 0.188760 1173.000000 880.000000
0 2294 0.306905 0.027841 0.027280 0.053409 0.153410 1173.000000 880.000000
0 2295 0.307758 0.027273 0.027280 0.052273 0.176660 1173.000000 880.000000
0 2296 0.307758 0.027273 0.027280 0.052273 0.177300 1173.000000 880.000000
0 2297 0.308610 0.026705 0.027280 0.051136 0.176550 1173.000000 880.000000
0 2298 0.309463 0.026136 0.027280 0.050000 0.204710 1173.000000 880.000000
0 2299 0.309463 0.026136 0.027280 0.050000 0.200000 1173.000000 880.000000
0 2300 0.310315 0.025568 0.027280 0.048864 0.199040 1173.000000 880.000000
0 2301 0.311168 0.025568 0.027280 0.048864 0.199040 1173.000000 880.000000
0 2302 0.312020 0.025568 0.027280 0.048864 0.193530 1173.000000 880.000000
0 2303 0.312873 0.025568 0.027280 0.048864 0.159090 1173.000000 880.000000
0 2304 0.313725 0.025568 0.027280 0.048864 0.154270 1173.000000 880.000000
0 2305 0.314578 0.025568 0.027280 0.048864 0.154270 1173.000000 880.000000
0 2306 0.315431 0.025568 0.027280 0.048864 0.149450 1173.000000 880.000000
0 2307 0.316283 0.025568 0.027280 0.048864 0.149450 1173.000000 880.000000
0 2308 0.317136 0.025568 0.027280 0.048864 0.165290 1173.000000 880.000000
0 2309 0.317988 0.025568 0.027280 0.048864 0.165290 1173.000000 880.000000
0 2310 0.318841 0.025568 0.027280 0.048864 0.299590 1173.000000 880.000000
0 2311 0.319693 0.023864 0.027280 0.045455 0.171470 1173.000000 880.000000
0 2312 0.320546 0.022727 0.027280 0.043182 0.174050 1173.000000 880.000000
0 2313 0.321398 0.021591 0.027280 0.040909 0.183460 1173.000000 880.000000
0 2314 0.322251 0.020455 0.027280 0.038636 0.163640 1173.000000 880.000000
0 2315 0.323529 0.019318 0.028133 0.036364 0.168450 1173.000000 880.000000
0 2316 0.324382 0.018750 0.028133 0.035227 0.143380 1173.000000 880.000000
0 2317 0.325234 0.018750 0.028133 0.035227 0.143380 1173.000000 880.000000
0 2318 0.326513 0.018182 0.027280 0.034091 0.122190 1173.000000 880.000000
0 2319 0.327792 0.018182 0.028133 0.034091 0.094877 1173.000000 880.000000
0 2320 0.328645 0.018182 0.028133 0.034091 0.091082 1173.000000 880.000000
0 2321 0.329923 0.017614 0.027280 0.032955 0.072727 1173.000000 880.000000
0 2322 0.330776 0.017614 0.027280 0.032955 0.069697 1173.000000 880.000000
0 2323 0.332481 0.017614 0.027280 0.032955 0.046465 1173.000000 880.000000
0 2324 0.333333 0.017045 0.027280 0.031818 0.045977 1173.000000 880.000000
0 2325 0.334186 0.016477 0.027280 0.030682 0.047619 1173.000000 880.000000
0 2326 0.335038 0.015909 0.027280 0.029545 0.023569 1173.000000 880.000000
0 2327 0.335891 0.015341 0.027280 0.028409 0.024476 1173.000000 880.000000
0 2328 0.336743 0.015341 0.027280 0.028409 0.000000 1173.000000 880.000000
0 2329 0.337596 0.014773 0.027280 0.027273 0.000000 1173.000000 880.000000
0 2330 0.338448 0.014205 0.027280 0.026136 0.000000 1173.000000 880.000000
0 2331 0.339301 0.013636 0.027280 0.025000 0.000000 1173.000000 880.000000
0 2332 0.340580 0.013636 0.028133 0.025000 0.000000 1173.000000 880.000000
0 2333 0.341432 0.013068 0.028133 0.023864 0.000000 1173.000000 880.000000
0 2334 0.342285 0.012500 0.028133 0.022727 0.000000 1173.000000 880.000000
0 2335 0.343990 0.011932 0.028133 0.021591 0.000000 1173.000000 880.000000
0 2336 0.344842 0.011364 0.028133 0.020455 0.000000 1173.000000 880.000000
0 2337 0.346547 0.010795 0.028133 0.019318 0.000000 1173.000000 880.000000
0 2338 0.347400 0.010795 0.028133 0.019318 0.000000 1173.000000 880.000000
0 2339 0.349105 0.010227 0.028133 0.018182 0.000000 1173.000000 880.000000
0 2340 0.349957 0.009659 0.028133 0.017045 0.000000 1173.000000 880.000000
0 2341 0.351662 0.009091 0.028133 0.015909 0.000000 1173.000000 880.000000
0 2342 0.352515 0.008523 0.028133 0.014773 0.000000 1173.000000 880.000000
0 2343 0.354220 0.008523 0.028133 0.014773 0.000000 1173.000000 880.000000
0 2344 0.355072 0.007955 0.028133 0.013636 0.000000 1173.000000 880.000000
0 2345 0.355925 0.007386 0.028133 0.012500 0.000000 1173.000000 880.000000
0 2346 0.356777 0.007386 0.028133 0.012500 0.000000 1173.000000 880.000000
0 2347 0.358056 0.006818 0.027280 0.011364 0.000000 1173.000000 880.000000
0 2348 0.358909 0.006818 0.027280 0.011364 0.000000 1173.000000 880.000000
