0 1646 0.977835 0.977273 0.042626 0.047727 0.976740 1173.000000 880.000000
0 1647 0.976982 0.975568 0.042626 0.051136 0.978260 1173.000000 880.000000
0 1648 0.976982 0.974432 0.042626 0.053409 0.979170 1173.000000 880.000000
0 1649 0.976130 0.972727 0.042626 0.056818 0.980390 1173.000000 880.000000
0 1650 0.976130 0.971591 0.042626 0.059091 0.981130 1173.000000 880.000000
0 1651 0.975277 0.970455 0.042626 0.061364 0.924060 1173.000000 880.000000
0 1652 0.975277 0.968750 0.042626 0.064773 0.963490 1173.000000 880.000000
0 1653 0.974425 0.967614 0.042626 0.067045 0.983330 1173.000000 880.000000
0 1654 0.974425 0.965909 0.042626 0.070455 0.984130 1173.000000 880.000000
0 1655 0.973572 0.964773 0.042626 0.072727 0.984620 1173.000000 880.000000
0 1656 0.973572 0.963636 0.042626 0.075000 0.985070 1173.000000 880.000000
0 1657 0.972720 0.961932 0.042626 0.078409 0.985710 1173.000000 880.000000
0 1658 0.972720 0.960795 0.042626 0.080682 0.986110 1173.000000 880.000000
0 1659 0.971867 0.959091 0.042626 0.084091 0.986670 1173.000000 880.000000
0 1660 0.971867 0.957955 0.042626 0.086364 0.987010 1173.000000 880.000000
0 1661 0.971867 0.956818 0.042626 0.088636 0.987340 1173.000000 880.000000
0 1662 0.970162 0.955114 0.042626 0.092045 0.987800 1173.000000 880.000000
0 1663 0.968883 0.953977 0.041773 0.094318 0.988100 1173.000000 880.000000
0 1664 0.967604 0.952273 0.042626 0.097727 0.988510 1173.000000 880.000000
0 1665 0.966326 0.951136 0.041773 0.100000 0.988760 1173.000000 880.000000
0 1666 0.965473 0.950000 0.041773 0.102273 0.989010 1173.000000 880.000000
0 1667 0.963768 0.948295 0.041773 0.105682 0.989360 1173.000000 880.000000
0 1668 0.962489 0.947159 0.040921 0.107955 0.989580 1173.000000 880.000000
0 1669 0.961211 0.945455 0.041773 0.111364 0.989900 1173.000000 880.000000
0 1670 0.959932 0.944318 0.040921 0.113636 0.990100 1173.000000 880.000000
0 1671 0.959079 0.943182 0.040921 0.115909 0.990290 1173.000000 880.000000
0 1672 0.958227 0.942045 0.040921 0.118182 0.990480 1173.000000 880.000000
0 1673 0.957374 0.940909 0.040921 0.120455 0.990650 1173.000000 880.000000
0 1674 0.957374 0.939773 0.040921 0.122727 0.990830 1173.000000 880.000000
0 1675 0.956522 0.938636 0.040921 0.125000 0.990990 1173.000000 880.000000
0 1676 0.956522 0.937500 0.040921 0.127273 0.991150 1173.000000 880.000000
0 1677 0.955669 0.936364 0.040921 0.129545 0.765570 1173.000000 880.000000
0 1678 0.955669 0.935227 0.040921 0.131818 0.725270 1173.000000 880.000000
0 1679 0.954817 0.934091 0.040921 0.134091 0.703480 1173.000000 880.000000
0 1680 0.954817 0.932955 0.040921 0.136364 0.684100 1173.000000 880.000000
0 1681 0.953964 0.931818 0.040921 0.138636 0.661850 1173.000000 880.000000
0 1682 0.953964 0.930682 0.040921 0.140909 0.642290 1173.000000 880.000000
0 1683 0.953112 0.929545 0.040921 0.143182 0.619640 1173.000000 880.000000
0 1684 0.953112 0.928409 0.040921 0.145455 0.596740 1173.000000 880.000000
0 1685 0.952259 0.927273 0.040921 0.147727 0.576880 1173.000000 880.000000
0 1686 0.952259 0.926136 0.040921 0.150000 0.553630 1173.000000 880.000000
0 1687 0.950554 0.924432 0.040921 0.151136 0.557720 1173.000000 880.000000
0 1688 0.949275 0.922727 0.041773 0.152273 0.563260 1173.000000 880.000000
0 1689 0.947997 0.921023 0.040921 0.153409 0.551020 1173.000000 880.000000
0 1690 0.946718 0.918750 0.041773 0.153409 0.560000 1173.000000 880.000000
0 1691 0.945013 0.917045 0.041773 0.154545 0.560000 1173.000000 880.000000
0 1692 0.944160 0.915341 0.041773 0.155682 0.560000 1173.000000 880.000000
0 1693 0.942455 0.913636 0.041773 0.156818 0.580000 1173.000000 880.000000
0 1694 0.941176 0.911364 0.042626 0.156818 0.588240 1173.000000 880.000000
0 1695 0.939898 0.909659 0.041773 0.157955 0.620000 1173.000000 880.000000
0 1696 0.938619 0.907955 0.042626 0.159091 0.627450 1173.000000 880.000000
0 1697 0.937766 0.906818 0.042626 0.159091 0.627450 1173.000000 880.000000
0 1698 0.936061 0.904545 0.042626 0.159091 1.000000 1173.000000 880.000000
0 1699 0.935209 0.902273 0.042626 0.159091 1.000000 1173.000000 880.000000
0 1700 0.934356 0.900000 0.042626 0.159091 0.955500 1173.000000 880.000000
0 1701 0.933504 0.897727 0.042626 0.159091 0.954110 1173.000000 880.000000
0 1702 0.932651 0.896591 0.042626 0.159091 0.947570 1173.000000 880.000000
0 1703 0.931799 0.894318 0.042626 0.159091 0.945490 1173.000000 880.000000
0 1704 0.930946 0.892045 0.042626 0.159091 0.943680 1173.000000 880.000000
0 1705 0.930094 0.889773 0.042626 0.159091 0.942150 1173.000000 880.000000
0 1706 0.928389 0.887500 0.042626 0.159091 0.942150 1173.000000 880.000000
0 1707 0.927536 0.886364 0.042626 0.159091 0.937420 1173.000000 880.000000
0 1708 0.926684 0.884091 0.042626 0.159091 0.936590 1173.000000 880.000000
0 1709 0.925831 0.881818 0.042626 0.159091 0.938810 1173.000000 880.000000
0 1710 0.924979 0.879545 0.042626 0.159091 0.938670 1173.000000 880.000000
0 1711 0.924126 0.877273 0.042626 0.159091 0.938810 1173.000000 880.000000
0 1712 0.923274 0.876136 0.042626 0.159091 0.939230 1173.000000 880.000000
0 1713 0.922421 0.873864 0.042626 0.159091 0.939920 1173.000000 880.000000
0 1714 0.920716 0.871591 0.042626 0.159091 0.937420 1173.000000 880.000000
0 1715 0.919864 0.869318 0.042626 0.159091 0.938530 1173.000000 880.000000
0 1716 0.919011 0.867045 0.042626 0.159091 0.939920 1173.000000 880.000000
0 1717 0.918159 0.865909 0.042626 0.159091 0.941590 1173.000000 880.000000
0 1718 0.917306 0.863636 0.042626 0.159091 0.943540 1173.000000 880.000000
0 1719 0.916454 0.861364 0.042626 0.159091 0.941590 1173.000000 880.000000
0 1720 0.915601 0.859091 0.042626 0.159091 0.941590 1173.000000 880.000000
0 1721 0.914749 0.856818 0.042626 0.159091 0.943960 1173.000000 880.000000
0 1722 0.913896 0.855682 0.042626 0.159091 0.942150 1173.000000 880.000000
0 1723 0.912191 0.852841 0.042626 0.160227 0.936210 1173.000000 880.000000
0 1724 0.911338 0.850568 0.042626 0.160227 0.940760 1173.000000 880.000000
0 1725 0.910486 0.848295 0.042626 0.160227 0.938970 1173.000000 880.000000
0 1726 0.909207 0.846023 0.041773 0.160227 0.937750 1173.000000 880.000000
0 1727 0.908355 0.844318 0.041773 0.161364 0.939580 1173.000000 880.000000
0 1728 0.907076 0.842045 0.042626 0.161364 0.935830 1173.000000 880.000000
0 1729 0.906223 0.839773 0.042626 0.161364 0.934050 1173.000000 880.000000
0 1730 0.904945 0.837500 0.041773 0.161364 0.937900 1173.000000 880.000000
0 1731 0.904092 0.835795 0.041773 0.162500 0.935000 1173.000000 880.000000
0 1732 0.903240 0.833523 0.041773 0.162500 0.935000 1173.000000 880.000000
0 1733 0.901535 0.831250 0.041773 0.162500 0.938890 1173.000000 880.000000
0 1734 0.900682 0.828977 0.041773 0.162500 0.944440 1173.000000 880.000000
0 1735 0.899829 0.827273 0.041773 0.163636 0.947860 1173.000000 880.000000
0 1736 0.898977 0.825000 0.041773 0.163636 0.953660 1173.000000 880.000000
0 1737 0.897698 0.822727 0.040921 0.163636 0.957640 1173.000000 880.000000
0 1738 0.896419 0.820455 0.041773 0.163636 0.964410 1173.000000 880.000000
0 1739 0.895567 0.818750 0.041773 0.164773 0.969180 1173.000000 880.000000
0 1740 0.894288 0.816477 0.040921 0.164773 0.974840 1173.000000 880.000000
0 1741 0.893436 0.814205 0.040921 0.164773 0.980710 1173.000000 880.000000
0 1742 0.892583 0.811932 0.040921 0.164773 0.987140 1173.000000 880.000000
0 1743 0.891731 0.810227 0.040921 0.165909 0.993470 1173.000000 880.000000
0 1744 0.890026 0.806818 0.040921 0.165909 0.993470 1173.000000 880.000000
0 1745 0.889173 0.804545 0.040921 0.165909 0.993470 1173.000000 880.000000
0 1746 0.888321 0.802273 0.040921 0.165909 0.993470 1173.000000 880.000000
0 1747 0.887468 0.800000 0.040921 0.165909 0.993470 1173.000000 880.000000
0 1748 0.886189 0.797727 0.041773 0.165909 0.993610 1173.000000 880.000000
0 1749 0.885337 0.795455 0.041773 0.165909 0.993470 1173.000000 880.000000
0 1750 0.884484 0.793182 0.041773 0.165909 0.993470 1173.000000 880.000000
0 1751 0.883632 0.790909 0.041773 0.165909 0.993470 1173.000000 880.000000
0 1752 0.882353 0.788636 0.042626 0.165909 0.993600 1173.000000 880.000000
0 1753 0.881500 0.786364 0.042626 0.165909 0.993600 1173.000000 880.000000
0 1754 0.880648 0.784091 0.042626 0.165909 0.993600 1173.000000 880.000000
0 1755 0.879795 0.781818 0.042626 0.165909 0.993460 1173.000000 880.000000
0 1756 0.878943 0.778409 0.042626 0.165909 1.000000 1173.000000 880.000000
0 1757 0.878090 0.776136 0.042626 0.165909 1.000000 1173.000000 880.000000
0 1758 0.877238 0.773864 0.042626 0.165909 1.000000 1173.000000 880.000000
0 1759 0.876385 0.771591 0.042626 0.165909 1.000000 1173.000000 880.000000
0 1760 0.876385 0.769318 0.042626 0.165909 1.000000 1173.000000 880.000000
0 1761 0.875533 0.767045 0.042626 0.165909 1.000000 1173.000000 880.000000
0 1762 0.874680 0.764773 0.042626 0.165909 1.000000 1173.000000 880.000000
0 1763 0.873828 0.761364 0.042626 0.165909 1.000000 1173.000000 880.000000
0 1764 0.872975 0.759091 0.042626 0.165909 1.000000 1173.000000 880.000000
0 1765 0.872975 0.756818 0.042626 0.165909 1.000000 1173.000000 880.000000
0 1766 0.872123 0.754545 0.042626 0.165909 1.000000 1173.000000 880.000000
0 1767 0.871270 0.752273 0.042626 0.165909 1.000000 1173.000000 880.000000
0 1768 0.870418 0.750000 0.042626 0.165909 0.993600 1173.000000 880.000000
0 1769 0.869565 0.747727 0.042626 0.165909 0.993600 1173.000000 880.000000
0 1770 0.869565 0.745455 0.042626 0.165909 0.993600 1173.000000 880.000000
0 1771 0.868713 0.742614 0.042626 0.164773 0.993690 1173.000000 880.000000
0 1772 0.868713 0.740341 0.042626 0.164773 1.000000 1173.000000 880.000000
0 1773 0.867860 0.738068 0.042626 0.164773 0.993690 1173.000000 880.000000
0 1774 0.867860 0.736364 0.042626 0.163636 1.000000 1173.000000 880.000000
0 1775 0.867434 0.734091 0.041773 0.163636 1.000000 1173.000000 880.000000
0 1776 0.867008 0.731818 0.042626 0.163636 1.000000 1173.000000 880.000000
0 1777 0.867008 0.729545 0.042626 0.163636 1.000000 1173.000000 880.000000
0 1778 0.866581 0.727841 0.041773 0.162500 1.000000 1173.000000 880.000000
0 1779 0.866155 0.725568 0.042626 0.162500 1.000000 1173.000000 880.000000
0 1780 0.865729 0.723295 0.041773 0.162500 1.000000 1173.000000 880.000000
0 1781 0.865729 0.721023 0.041773 0.162500 1.000000 1173.000000 880.000000
0 1782 0.864876 0.719318 0.041773 0.161364 1.000000 1173.000000 880.000000
0 1783 0.864876 0.717045 0.041773 0.161364 1.000000 1173.000000 880.000000
0 1784 0.864876 0.714205 0.041773 0.160227 1.000000 1173.000000 880.000000
0 1785 0.864024 0.712500 0.041773 0.159091 1.000000 1173.000000 880.000000
0 1786 0.864024 0.710227 0.041773 0.159091 1.000000 1173.000000 880.000000
0 1787 0.863598 0.707955 0.040921 0.159091 1.000000 1173.000000 880.000000
0 1788 0.863171 0.705682 0.041773 0.159091 0.738300 1173.000000 880.000000
0 1789 0.862745 0.703977 0.040921 0.157955 0.733240 1173.000000 880.000000
0 1790 0.862745 0.701705 0.040921 0.157955 0.735420 1173.000000 880.000000
0 1791 0.862319 0.699432 0.041773 0.157955 0.725710 1173.000000 880.000000
0 1792 0.861893 0.697159 0.040921 0.157955 0.722450 1173.000000 880.000000
0 1793 0.861893 0.695455 0.040921 0.156818 0.720450 1173.000000 880.000000
0 1794 0.861040 0.693182 0.040921 0.156818 0.702980 1173.000000 880.000000
0 1795 0.861040 0.690909 0.040921 0.156818 0.702980 1173.000000 880.000000
0 1796 0.861040 0.689205 0.040921 0.155682 0.700830 1173.000000 880.000000
0 1797 0.861040 0.686932 0.040921 0.155682 0.700830 1173.000000 880.000000
0 1798 0.861040 0.684659 0.040921 0.155682 0.700830 1173.000000 880.000000
0 1799 0.861040 0.682955 0.040921 0.154545 0.698640 1173.000000 880.000000
0 1800 0.861040 0.680682 0.040921 0.154545 0.698640 1173.000000 880.000000
0 1801 0.861040 0.679545 0.040921 0.154545 0.698640 1173.000000 880.000000
0 1802 0.861040 0.677273 0.040921 0.154545 0.718750 1173.000000 880.000000
0 1803 0.861040 0.675000 0.040921 0.154545 0.721140 1173.000000 880.000000
0 1804 0.861466 0.673864 0.041773 0.154545 0.726720 1173.000000 880.000000
0 1805 0.861893 0.671591 0.040921 0.154545 0.740800 1173.000000 880.000000
0 1806 0.862319 0.669886 0.041773 0.153409 0.746320 1173.000000 880.000000
0 1807 0.862319 0.668182 0.041773 0.154545 0.748180 1173.000000 880.000000
0 1808 0.863171 0.666477 0.041773 0.153409 0.767350 1173.000000 880.000000
0 1809 0.863171 0.664205 0.041773 0.153409 0.769410 1173.000000 880.000000
0 1810 0.863171 0.662500 0.041773 0.154545 0.771090 1173.000000 880.000000
0 1811 0.863598 0.660795 0.042626 0.153409 0.775950 1173.000000 880.000000
0 1812 0.864024 0.658523 0.041773 0.153409 0.789710 1173.000000 880.000000
0 1813 0.864450 0.657386 0.042626 0.153409 0.793830 1173.000000 880.000000
0 1814 0.864450 0.655114 0.042626 0.153409 0.797580 1173.000000 880.000000
0 1815 0.865303 0.653977 0.042626 0.153409 0.828720 1173.000000 880.000000
0 1816 0.864450 0.651705 0.042626 0.153409 0.814880 1173.000000 880.000000
0 1817 0.863598 0.650568 0.042626 0.153409 0.799450 1173.000000 880.000000
0 1818 0.862745 0.649432 0.042626 0.153409 0.784030 1173.000000 880.000000
0 1819 0.861893 0.647159 0.042626 0.153409 0.770760 1173.000000 880.000000
0 1820 0.861893 0.646023 0.042626 0.153409 0.770760 1173.000000 880.000000
0 1821 0.861040 0.644886 0.042626 0.153409 0.757790 1173.000000 880.000000
0 1822 0.860188 0.642614 0.042626 0.153409 0.745100 1173.000000 880.000000
0 1823 0.859335 0.641477 0.042626 0.153409 0.730100 1173.000000 880.000000
0 1824 0.859335 0.640341 0.042626 0.153409 0.730100 1173.000000 880.000000
0 1825 0.858483 0.638068 0.042626 0.153409 0.717850 1173.000000 880.000000
0 1826 0.857630 0.636932 0.042626 0.153409 0.703000 1173.000000 880.000000
0 1827 0.856777 0.635795 0.042626 0.153409 0.691180 1173.000000 880.000000
0 1828 0.856777 0.633523 0.042626 0.153409 0.694200 1173.000000 880.000000
0 1829 0.855925 0.632386 0.042626 0.153409 0.679640 1173.000000 880.000000
0 1830 0.855072 0.631250 0.042626 0.153409 0.668400 1173.000000 880.000000
0 1831 0.854220 0.628977 0.042626 0.153409 0.657440 1173.000000 880.000000
0 1832 0.854220 0.627841 0.042626 0.153409 0.643170 1173.000000 880.000000
0 1833 0.853367 0.626705 0.042626 0.153409 0.632640 1173.000000 880.000000
0 1834 0.852515 0.624432 0.042626 0.153409 0.622400 1173.000000 880.000000
0 1835 0.851662 0.623295 0.042626 0.153409 0.608420 1173.000000 880.000000
0 1836 0.851662 0.622159 0.042626 0.153409 0.612460 1173.000000 880.000000
0 1837 0.850810 0.619886 0.042626 0.153409 0.589100 1173.000000 880.000000
0 1838 0.850810 0.618182 0.042626 0.152273 0.590410 1173.000000 880.000000
0 1839 0.850810 0.617045 0.042626 0.152273 0.594770 1173.000000 880.000000
0 1840 0.850810 0.614773 0.042626 0.152273 0.599130 1173.000000 880.000000
0 1841 0.850810 0.613068 0.042626 0.151136 0.591750 1173.000000 880.000000
0 1842 0.850810 0.611932 0.042626 0.151136 0.591750 1173.000000 880.000000
0 1843 0.849957 0.609659 0.042626 0.151136 0.583260 1173.000000 880.000000
0 1844 0.849957 0.608523 0.042626 0.151136 0.587940 1173.000000 880.000000
0 1845 0.849957 0.606818 0.042626 0.150000 0.589560 1173.000000 880.000000
0 1846 0.849957 0.604545 0.042626 0.150000 0.581600 1173.000000 880.000000
0 1847 0.849957 0.603409 0.042626 0.150000 0.586470 1173.000000 880.000000
0 1848 0.849957 0.601705 0.042626 0.148864 0.588240 1173.000000 880.000000
0 1849 0.849105 0.600000 0.042626 0.150000 0.578950 1173.000000 880.000000
0 1850 0.849105 0.598295 0.042626 0.148864 0.585860 1173.000000 880.000000
0 1851 0.849105 0.596591 0.042626 0.147727 0.575660 1173.000000 880.000000
0 1852 0.849105 0.595455 0.042626 0.147727 0.575660 1173.000000 880.000000
0 1853 0.849105 0.593182 0.042626 0.147727 0.586140 1173.000000 880.000000
0 1854 0.849105 0.592045 0.042626 0.147727 0.566080 1173.000000 880.000000
0 1855 0.848252 0.590341 0.042626 0.146591 0.547660 1173.000000 880.000000
0 1856 0.848252 0.588068 0.042626 0.146591 0.564400 1173.000000 880.000000
0 1857 0.848252 0.586932 0.042626 0.146591 0.564400 1173.000000 880.000000
0 1858 0.848252 0.585227 0.042626 0.145455 0.566650 1173.000000 880.000000
0 1859 0.848252 0.583523 0.042626 0.146591 0.569980 1173.000000 880.000000
0 1860 0.848252 0.581818 0.042626 0.145455 0.553280 1173.000000 880.000000
0 1861 0.847400 0.580114 0.042626 0.144318 0.560510 1173.000000 880.000000
0 1862 0.847400 0.578409 0.042626 0.145455 0.563920 1173.000000 880.000000
0 1863 0.847400 0.576705 0.042626 0.144318 0.566330 1173.000000 880.000000
0 1864 0.847400 0.575568 0.042626 0.144318 0.566330 1173.000000 880.000000
0 1865 0.847400 0.573295 0.042626 0.144318 0.572150 1173.000000 880.000000
0 1866 0.847400 0.571591 0.042626 0.143182 0.554420 1173.000000 880.000000
0 1867 0.846547 0.570455 0.042626 0.143182 0.578510 1173.000000 880.000000
0 1868 0.846547 0.568750 0.042626 0.142045 0.581080 1173.000000 880.000000
0 1869 0.846547 0.567045 0.042626 0.143182 0.584380 1173.000000 880.000000
0 1870 0.846547 0.565341 0.042626 0.142045 0.586990 1173.000000 880.000000
0 1871 0.846547 0.563636 0.042626 0.140909 0.588550 1173.000000 880.000000
0 1872 0.846547 0.561932 0.042626 0.142045 0.591810 1173.000000 880.000000
0 1873 0.845695 0.560227 0.042626 0.140909 0.580710 1173.000000 880.000000
0 1874 0.845695 0.559091 0.042626 0.140909 0.576000 1173.000000 880.000000
0 1875 0.845695 0.556818 0.042626 0.140909 0.582120 1173.000000 880.000000
0 1876 0.845695 0.555114 0.042626 0.139773 0.578750 1173.000000 880.000000
0 1877 0.845695 0.553977 0.042626 0.139773 0.568310 1173.000000 880.000000
0 1878 0.845695 0.551705 0.042626 0.139773 0.574640 1173.000000 880.000000
0 1879 0.844842 0.550568 0.042626 0.139773 0.557870 1173.000000 880.000000
0 1880 0.844842 0.548864 0.042626 0.138636 0.549020 1173.000000 880.000000
0 1881 0.844842 0.546591 0.042626 0.138636 0.555560 1173.000000 880.000000
0 1882 0.844842 0.545455 0.042626 0.138636 0.551890 1173.000000 880.000000
0 1883 0.844842 0.543750 0.042626 0.137500 0.544680 1173.000000 880.000000
0 1884 0.844842 0.542614 0.042626 0.137500 0.540500 1173.000000 880.000000
0 1885 0.843990 0.540341 0.042626 0.137500 0.537130 1173.000000 880.000000
0 1886 0.843990 0.539205 0.042626 0.137500 0.526840 1173.000000 880.000000
0 1887 0.843564 0.536932 0.041773 0.137500 0.333110 1173.000000 880.000000
0 1888 0.843137 0.535795 0.042626 0.137500 0.325300 1173.000000 880.000000
0 1889 0.843137 0.533523 0.042626 0.137500 0.332370 1173.000000 880.000000
0 1890 0.842711 0.532386 0.041773 0.137500 0.325900 1173.000000 880.000000
0 1891 0.842285 0.530682 0.042626 0.138636 0.512040 1173.000000 880.000000
0 1892 0.842285 0.528977 0.042626 0.137500 0.334620 1173.000000 880.000000
0 1893 0.841858 0.527841 0.041773 0.137500 0.510820 1173.000000 880.000000
0 1894 0.841432 0.525568 0.042626 0.137500 0.337990 1173.000000 880.000000
0 1895 0.841006 0.524432 0.041773 0.137500 0.508200 1173.000000 880.000000
0 1896 0.841006 0.522727 0.041773 0.138636 0.515770 1173.000000 880.000000
0 1897 0.840580 0.521023 0.042626 0.137500 0.517840 1173.000000 880.000000
0 1898 0.840153 0.519318 0.041773 0.138636 0.512360 1173.000000 880.000000
0 1899 0.840153 0.517614 0.041773 0.137500 0.519670 1173.000000 880.000000
0 1900 0.839727 0.515909 0.042626 0.138636 0.521600 1173.000000 880.000000
0 1901 0.839301 0.514773 0.041773 0.138636 0.512360 1173.000000 880.000000
0 1902 0.839301 0.513068 0.041773 0.137500 0.520160 1173.000000 880.000000
0 1903 0.838448 0.511364 0.041773 0.138636 0.513660 1173.000000 880.000000
0 1904 0.838448 0.509659 0.041773 0.137500 0.517380 1173.000000 880.000000
0 1905 0.838448 0.507955 0.041773 0.138636 0.521300 1173.000000 880.000000
0 1906 0.837596 0.506818 0.041773 0.138636 0.520330 1173.000000 880.000000
0 1907 0.837596 0.504545 0.041773 0.138636 0.528460 1173.000000 880.000000
0 1908 0.837596 0.503409 0.041773 0.138636 0.527970 1173.000000 880.000000
0 1909 0.836743 0.501136 0.041773 0.138636 0.525850 1173.000000 880.000000
0 1910 0.836743 0.500000 0.041773 0.138636 0.531220 1173.000000 880.000000
0 1911 0.836743 0.498864 0.041773 0.138636 0.530890 1173.000000 880.000000
0 1912 0.835891 0.497727 0.041773 0.138636 0.530080 1173.000000 880.000000
0 1913 0.835465 0.496591 0.042626 0.138636 0.529570 1173.000000 880.000000
0 1914 0.835038 0.495455 0.041773 0.138636 0.520980 1173.000000 880.000000
0 1915 0.834612 0.494318 0.042626 0.138636 0.526220 1173.000000 880.000000
0 1916 0.834186 0.494318 0.041773 0.138636 0.510570 1173.000000 880.000000
0 1917 0.833760 0.493182 0.042626 0.138636 0.509800 1173.000000 880.000000
0 1918 0.833333 0.492045 0.041773 0.138636 0.507800 1173.000000 880.000000
0 1919 0.832907 0.490909 0.042626 0.138636 0.508050 1173.000000 880.000000
0 1920 0.832481 0.490909 0.041773 0.138636 0.506020 1173.000000 880.000000
0 1921 0.832055 0.489773 0.042626 0.138636 0.505020 1173.000000 880.000000
0 1922 0.831628 0.488636 0.041773 0.138636 0.506020 1173.000000 880.000000
0 1923 0.831202 0.487500 0.042626 0.138636 0.505020 1173.000000 880.000000
0 1924 0.830776 0.487500 0.041773 0.138636 0.496590 1173.000000 880.000000
0 1925 0.830350 0.486364 0.042626 0.138636 0.501670 1173.000000 880.000000
0 1926 0.829923 0.485227 0.041773 0.138636 0.502760 1173.000000 880.000000
0 1927 0.829497 0.484091 0.042626 0.138636 0.501670 1173.000000 880.000000
0 1928 0.829071 0.484091 0.041773 0.138636 0.499190 1173.000000 880.000000
0 1929 0.828645 0.482955 0.042626 0.138636 0.500240 1173.000000 880.000000
0 1930 0.828218 0.481818 0.041773 0.138636 0.499840 1173.000000 880.000000
0 1931 0.827792 0.480682 0.042626 0.138636 0.504540 1173.000000 880.000000
0 1932 0.827792 0.480682 0.042626 0.138636 0.498010 1173.000000 880.000000
0 1933 0.826939 0.479545 0.042626 0.138636 0.498800 1173.000000 880.000000
0 1934 0.826939 0.478409 0.042626 0.138636 0.504540 1173.000000 880.000000
0 1935 0.826939 0.477273 0.042626 0.138636 0.504540 1173.000000 880.000000
0 1936 0.826939 0.476136 0.042626 0.138636 0.512670 1173.000000 880.000000
0 1937 0.826087 0.475000 0.042626 0.138636 0.511080 1173.000000 880.000000
0 1938 0.826087 0.473864 0.042626 0.138636 0.512670 1173.000000 880.000000
0 1939 0.826087 0.472727 0.042626 0.138636 0.518410 1173.000000 880.000000
0 1940 0.826087 0.471591 0.042626 0.138636 0.520800 1173.000000 880.000000
0 1941 0.825234 0.471591 0.042626 0.138636 0.511080 1173.000000 880.000000
0 1942 0.825234 0.470455 0.042626 0.138636 0.516660 1173.000000 880.000000
0 1943 0.825234 0.469318 0.042626 0.138636 0.519210 1173.000000 880.000000
0 1944 0.825234 0.468182 0.042626 0.138636 0.526540 1173.000000 880.000000
0 1945 0.824382 0.467045 0.042626 0.138636 0.532280 1173.000000 880.000000
0 1946 0.824382 0.465909 0.042626 0.138636 0.542320 1173.000000 880.000000
0 1947 0.824382 0.464773 0.042626 0.138636 0.554120 1173.000000 880.000000
0 1948 0.824382 0.463636 0.042626 0.138636 0.564480 1173.000000 880.000000
0 1949 0.824382 0.463636 0.042626 0.138636 0.571020 1173.000000 880.000000
0 1950 0.823529 0.463636 0.042626 0.138636 0.568470 1173.000000 880.000000
0 1951 0.822677 0.463636 0.042626 0.138636 0.572450 1173.000000 880.000000
0 1952 0.821824 0.463636 0.042626 0.138636 0.570380 1173.000000 880.000000
0 1953 0.820972 0.463636 0.042626 0.138636 0.576440 1173.000000 880.000000
0 1954 0.820119 0.463636 0.042626 0.138636 0.571020 1173.000000 880.000000
0 1955 0.819267 0.464773 0.042626 0.138636 0.568790 1173.000000 880.000000
0 1956 0.818414 0.464773 0.042626 0.138636 0.566560 1173.000000 880.000000
0 1957 0.817562 0.464773 0.042626 0.138636 0.568630 1173.000000 880.000000
0 1958 0.816709 0.464773 0.042626 0.138636 0.571020 1173.000000 880.000000
0 1959 0.815857 0.464773 0.042626 0.138636 0.569900 1173.000000 880.000000
0 1960 0.815004 0.465909 0.042626 0.138636 0.572450 1173.000000 880.000000
0 1961 0.814152 0.465909 0.042626 0.138636 0.571820 1173.000000 880.000000
0 1962 0.813299 0.465909 0.042626 0.138636 0.579630 1173.000000 880.000000
0 1963 0.812447 0.465909 0.042626 0.138636 0.582500 1173.000000 880.000000
0 1964 0.811594 0.465909 0.042626 0.138636 0.590790 1173.000000 880.000000
0 1965 0.810742 0.467045 0.042626 0.138636 0.585680 1173.000000 880.000000
0 1966 0.809889 0.468182 0.042626 0.138636 0.586320 1173.000000 880.000000
0 1967 0.809889 0.469886 0.042626 0.137500 0.577950 1173.000000 880.000000
0 1968 0.809889 0.471591 0.042626 0.136364 0.579810 1173.000000 880.000000
0 1969 0.809463 0.473295 0.041773 0.135227 0.570330 1173.000000 880.000000
0 1970 0.809463 0.475000 0.041773 0.134091 0.571760 1173.000000 880.000000
0 1971 0.809463 0.476136 0.041773 0.134091 0.571760 1173.000000 880.000000
0 1972 0.809463 0.477841 0.041773 0.132955 0.576610 1173.000000 880.000000
0 1973 0.809037 0.479545 0.040921 0.131818 0.579800 1173.000000 880.000000
0 1974 0.809037 0.481250 0.040921 0.130682 0.581810 1173.000000 880.000000
0 1975 0.809037 0.482955 0.040921 0.129545 0.589170 1173.000000 880.000000
0 1976 0.809037 0.485227 0.040921 0.129545 0.586340 1173.000000 880.000000
0 1977 0.808184 0.486364 0.040921 0.129545 0.589170 1173.000000 880.000000
0 1978 0.808184 0.487500 0.040921 0.129545 0.595030 1173.000000 880.000000
0 1979 0.808184 0.488636 0.040921 0.129545 0.606210 1173.000000 880.000000
0 1980 0.808184 0.490909 0.040921 0.129545 0.603550 1173.000000 880.000000
0 1981 0.807332 0.492045 0.040921 0.129545 0.612240 1173.000000 880.000000
0 1982 0.807332 0.493182 0.040921 0.129545 0.618280 1173.000000 880.000000
0 1983 0.807332 0.495455 0.040921 0.129545 0.618280 1173.000000 880.000000
0 1984 0.807332 0.496591 0.040921 0.129545 0.609580 1173.000000 880.000000
0 1985 0.806479 0.497727 0.040921 0.129545 0.600890 1173.000000 880.000000
0 1986 0.806479 0.500000 0.040921 0.129545 0.589350 1173.000000 880.000000
0 1987 0.806479 0.501136 0.040921 0.129545 0.583500 1173.000000 880.000000
0 1988 0.806479 0.502273 0.040921 0.129545 0.577640 1173.000000 880.000000
0 1989 0.806479 0.504545 0.040921 0.129545 0.566100 1173.000000 880.000000
0 1990 0.806053 0.504545 0.040068 0.129545 0.568120 1173.000000 880.000000
0 1991 0.805627 0.504545 0.039216 0.129545 0.567250 1173.000000 880.000000
0 1992 0.805627 0.504545 0.039216 0.129545 0.575950 1173.000000 880.000000
0 1993 0.805200 0.504545 0.038363 0.129545 0.578070 1173.000000 880.000000
0 1994 0.805200 0.505114 0.038363 0.128409 0.574370 1173.000000 880.000000
0 1995 0.804774 0.505114 0.037511 0.128409 0.582260 1173.000000 880.000000
0 1996 0.804774 0.505114 0.037511 0.128409 0.585380 1173.000000 880.000000
0 1997 0.804348 0.505114 0.036658 0.128409 0.586920 1173.000000 880.000000
0 1998 0.804348 0.505682 0.036658 0.127273 0.589100 1173.000000 880.000000
0 1999 0.803922 0.505682 0.035806 0.127273 0.593740 1173.000000 880.000000
0 2000 0.803922 0.505682 0.035806 0.127273 0.599710 1173.000000 880.000000
0 2001 0.803495 0.505682 0.034953 0.127273 0.601560 1173.000000 880.000000
0 2002 0.803495 0.506250 0.034953 0.126136 0.600770 1173.000000 880.000000
0 2003 0.803069 0.506250 0.034101 0.126136 0.602570 1173.000000 880.000000
0 2004 0.803069 0.506250 0.034101 0.126136 0.602570 1173.000000 880.000000
0 2005 0.802643 0.506250 0.033248 0.126136 0.606920 1173.000000 880.000000
0 2006 0.802643 0.506818 0.033248 0.125000 0.609910 1173.000000 880.000000
0 2007 0.801790 0.505682 0.033248 0.125000 0.618920 1173.000000 880.000000
0 2008 0.801790 0.505682 0.033248 0.125000 0.618920 1173.000000 880.000000
0 2009 0.800938 0.504545 0.033248 0.125000 0.625450 1173.000000 880.000000
0 2010 0.800938 0.504545 0.033248 0.125000 0.625450 1173.000000 880.000000
0 2011 0.800085 0.504545 0.033248 0.125000 0.622970 1173.000000 880.000000
0 2012 0.800085 0.503409 0.033248 0.125000 0.637840 1173.000000 880.000000
0 2013 0.799233 0.503409 0.033248 0.125000 0.635140 1173.000000 880.000000
0 2014 0.799233 0.503409 0.033248 0.125000 0.632430 1173.000000 880.000000
0 2015 0.798380 0.502273 0.033248 0.125000 0.638740 1173.000000 880.000000
0 2016 0.798380 0.502273 0.033248 0.125000 0.638740 1173.000000 880.000000
0 2017 0.797528 0.502273 0.033248 0.125000 0.636040 1173.000000 880.000000
0 2018 0.797528 0.501136 0.033248 0.125000 0.650000 1173.000000 880.000000
0 2019 0.796675 0.501136 0.033248 0.125000 0.637610 1173.000000 880.000000
0 2020 0.796675 0.501136 0.033248 0.125000 0.630630 1173.000000 880.000000
0 2021 0.796675 0.500000 0.033248 0.125000 0.628600 1173.000000 880.000000
0 2022 0.796675 0.498864 0.033248 0.125000 0.628600 1173.000000 880.000000
0 2023 0.796675 0.497727 0.033248 0.125000 0.628600 1173.000000 880.000000
0 2024 0.796675 0.496591 0.033248 0.125000 0.627030 1173.000000 880.000000
0 2025 0.796675 0.495455 0.033248 0.125000 0.627030 1173.000000 880.000000
0 2026 0.796675 0.494318 0.033248 0.125000 0.627030 1173.000000 880.000000
0 2027 0.796675 0.493182 0.033248 0.125000 0.627030 1173.000000 880.000000
0 2028 0.796675 0.492045 0.033248 0.125000 0.625900 1173.000000 880.000000
0 2029 0.796675 0.492045 0.033248 0.125000 0.616890 1173.000000 880.000000
0 2030 0.795823 0.490909 0.033248 0.125000 0.613960 1173.000000 880.000000
0 2031 0.795823 0.489773 0.033248 0.125000 0.613060 1173.000000 880.000000
0 2032 0.794970 0.488636 0.033248 0.125000 0.609910 1173.000000 880.000000
0 2033 0.794970 0.487500 0.033248 0.125000 0.609910 1173.000000 880.000000
0 2034 0.794118 0.486364 0.033248 0.125000 0.606760 1173.000000 880.000000
0 2035 0.794118 0.485227 0.033248 0.125000 0.600450 1173.000000 880.000000
0 2036 0.793265 0.485227 0.033248 0.125000 0.593470 1173.000000 880.000000
0 2037 0.793265 0.484091 0.033248 0.125000 0.588060 1173.000000 880.000000
0 2038 0.792413 0.482955 0.033248 0.125000 0.590090 1173.000000 880.000000
0 2039 0.792413 0.481818 0.033248 0.125000 0.588060 1173.000000 880.000000
0 2040 0.791560 0.480682 0.033248 0.125000 0.594590 1173.000000 880.000000
0 2041 0.791560 0.479545 0.033248 0.125000 0.592570 1173.000000 880.000000
0 2042 0.791560 0.479545 0.033248 0.125000 0.583560 1173.000000 880.000000
0 2043 0.790708 0.477273 0.033248 0.125000 0.592570 1173.000000 880.000000
0 2044 0.790708 0.475568 0.033248 0.123864 0.606820 1173.000000 880.000000
0 2045 0.789855 0.473295 0.033248 0.123864 0.615910 1173.000000 880.000000
0 2046 0.789855 0.471591 0.033248 0.122727 0.621560 1173.000000 880.000000
0 2047 0.789855 0.469886 0.033248 0.121591 0.625000 1173.000000 880.000000
0 2048 0.789003 0.467614 0.033248 0.121591 0.641200 1173.000000 880.000000
0 2049 0.789003 0.465909 0.033248 0.120455 0.649070 1173.000000 880.000000
0 2050 0.789003 0.464773 0.033248 0.120455 0.648600 1173.000000 880.000000
0 2051 0.789003 0.463636 0.033248 0.120455 0.645790 1173.000000 880.000000
0 2052 0.789003 0.462500 0.033248 0.120455 0.650470 1173.000000 880.000000
0 2053 0.789003 0.461364 0.033248 0.120455 0.642990 1173.000000 880.000000
0 2054 0.789003 0.460227 0.033248 0.120455 0.646730 1173.000000 880.000000
0 2055 0.789003 0.459091 0.033248 0.120455 0.640190 1173.000000 880.000000
0 2056 0.789003 0.457955 0.033248 0.120455 0.640190 1173.000000 880.000000
0 2057 0.789003 0.456818 0.033248 0.120455 0.637380 1173.000000 880.000000
0 2058 0.789003 0.455682 0.033248 0.120455 0.637380 1173.000000 880.000000
0 2059 0.789003 0.454545 0.033248 0.120455 0.634580 1173.000000 880.000000
0 2060 0.789003 0.453409 0.033248 0.120455 0.634580 1173.000000 880.000000
0 2061 0.789003 0.452273 0.033248 0.120455 0.631780 1173.000000 880.000000
0 2062 0.789003 0.451136 0.033248 0.120455 0.631780 1173.000000 880.000000
0 2063 0.789003 0.448864 0.033248 0.120455 0.644860 1173.000000 880.000000
0 2064 0.789003 0.447727 0.033248 0.120455 0.638320 1173.000000 880.000000
0 2065 0.789003 0.446591 0.033248 0.120455 0.638320 1173.000000 880.000000
0 2066 0.789003 0.444318 0.033248 0.120455 0.651400 1173.000000 880.000000
0 2067 0.789003 0.443182 0.033248 0.120455 0.651400 1173.000000 880.000000
0 2068 0.789003 0.442045 0.033248 0.120455 0.655140 1173.000000 880.000000
0 2069 0.789003 0.439773 0.033248 0.120455 0.664490 1173.000000 880.000000
0 2070 0.789003 0.438636 0.033248 0.120455 0.664020 1173.000000 880.000000
0 2071 0.789003 0.437500 0.033248 0.120455 0.664020 1173.000000 880.000000
0 2072 0.789003 0.435227 0.033248 0.120455 0.675470 1173.000000 880.000000
0 2073 0.789003 0.434091 0.033248 0.120455 0.676640 1173.000000 880.000000
0 2074 0.789003 0.432955 0.033248 0.120455 0.676640 1173.000000 880.000000
0 2075 0.789003 0.431818 0.033248 0.120455 0.672900 1173.000000 880.000000
0 2076 0.789855 0.430682 0.033248 0.120455 0.664950 1173.000000 880.000000
0 2077 0.790708 0.429545 0.033248 0.120455 0.657710 1173.000000 880.000000
0 2078 0.791560 0.428409 0.033248 0.120455 0.653970 1173.000000 880.000000
0 2079 0.791560 0.427273 0.033248 0.120455 0.653970 1173.000000 880.000000
0 2080 0.792413 0.426136 0.033248 0.120455 0.650470 1173.000000 880.000000
0 2081 0.793265 0.425000 0.033248 0.120455 0.644390 1173.000000 880.000000
0 2082 0.794118 0.423864 0.033248 0.120455 0.638790 1173.000000 880.000000
0 2083 0.794118 0.422727 0.033248 0.120455 0.638790 1173.000000 880.000000
0 2084 0.794970 0.421591 0.033248 0.120455 0.633640 1173.000000 880.000000
0 2085 0.795823 0.420455 0.033248 0.120455 0.633640 1173.000000 880.000000
0 2086 0.796675 0.419318 0.033248 0.120455 0.630840 1173.000000 880.000000
0 2087 0.796675 0.417045 0.033248 0.120455 0.640190 1173.000000 880.000000
0 2088 0.796675 0.415909 0.033248 0.120455 0.645090 1173.000000 880.000000
0 2089 0.796675 0.414773 0.033248 0.120455 0.640190 1173.000000 880.000000
0 2090 0.796675 0.412500 0.033248 0.120455 0.645790 1173.000000 880.000000
0 2091 0.796675 0.411364 0.033248 0.120455 0.640890 1173.000000 880.000000
0 2092 0.796675 0.410227 0.033248 0.120455 0.646500 1173.000000 880.000000
0 2093 0.796675 0.407955 0.033248 0.120455 0.658880 1173.000000 880.000000
0 2094 0.797528 0.406818 0.033248 0.120455 0.653740 1173.000000 880.000000
0 2095 0.797528 0.405682 0.033248 0.120455 0.660750 1173.000000 880.000000
0 2096 0.797528 0.403409 0.033248 0.120455 0.672900 1173.000000 880.000000
0 2097 0.797528 0.402273 0.033248 0.120455 0.676400 1173.000000 880.000000
0 2098 0.797528 0.401136 0.033248 0.120455 0.691360 1173.000000 880.000000
0 2099 0.797528 0.398864 0.033248 0.120455 0.699300 1173.000000 880.000000
0 2100 0.797528 0.397727 0.033248 0.120455 0.697200 1173.000000 880.000000
0 2101 0.798380 0.396591 0.033248 0.120455 0.703500 1173.000000 880.000000
0 2102 0.798806 0.393750 0.034101 0.119318 0.700410 1173.000000 880.000000
0 2103 0.799659 0.391477 0.035806 0.117045 0.709530 1173.000000 880.000000
0 2104 0.800085 0.389205 0.036658 0.117045 0.704980 1173.000000 880.000000
0 2105 0.800938 0.386932 0.038363 0.114773 0.709930 1173.000000 880.000000
0 2106 0.802217 0.385227 0.039216 0.113636 0.692860 1173.000000 880.000000
0 2107 0.801790 0.381818 0.038363 0.113636 0.713520 1173.000000 880.000000
0 2108 0.801790 0.379545 0.038363 0.113636 0.713520 1173.000000 880.000000
0 2109 0.801790 0.377273 0.038363 0.113636 0.719330 1173.000000 880.000000
0 2110 0.801790 0.375000 0.038363 0.113636 0.714810 1173.000000 880.000000
0 2111 0.801790 0.372727 0.038363 0.113636 0.725360 1173.000000 880.000000
0 2112 0.801364 0.370455 0.037511 0.113636 0.725850 1173.000000 880.000000
0 2113 0.801364 0.368182 0.037511 0.113636 0.734650 1173.000000 880.000000
0 2114 0.801364 0.364773 0.037511 0.113636 0.735090 1173.000000 880.000000
0 2115 0.801364 0.362500 0.037511 0.113636 0.745210 1173.000000 880.000000
0 2116 0.801364 0.360227 0.037511 0.113636 0.745430 1173.000000 880.000000
0 2117 0.800938 0.357955 0.036658 0.113636 0.756080 1173.000000 880.000000
0 2118 0.800938 0.355682 0.036658 0.113636 0.752700 1173.000000 880.000000
0 2119 0.800938 0.353409 0.036658 0.113636 0.759000 1173.000000 880.000000
0 2120 0.800938 0.351136 0.036658 0.113636 0.769130 1173.000000 880.000000
0 2121 0.800938 0.347727 0.036658 0.113636 0.736720 1173.000000 880.000000
0 2122 0.800512 0.345455 0.035806 0.113636 0.754780 1173.000000 880.000000
0 2123 0.800512 0.343182 0.035806 0.113636 0.754780 1173.000000 880.000000
0 2124 0.800512 0.340909 0.035806 0.113636 0.757770 1173.000000 880.000000
0 2125 0.800512 0.338636 0.035806 0.113636 0.757770 1173.000000 880.000000
0 2126 0.800512 0.336364 0.035806 0.113636 0.766290 1173.000000 880.000000
0 2127 0.800938 0.334091 0.034953 0.113636 0.755540 1173.000000 880.000000
0 2128 0.800938 0.328977 0.034953 0.112500 0.792140 1173.000000 880.000000
0 2129 0.801364 0.325000 0.035806 0.111364 0.790930 1173.000000 880.000000
0 2130 0.801790 0.320455 0.034953 0.109091 0.813450 1173.000000 880.000000
0 2131 0.802217 0.315909 0.035806 0.109091 0.806040 1173.000000 880.000000
0 2132 0.802643 0.311364 0.034953 0.106818 0.830830 1173.000000 880.000000
0 2133 0.803069 0.307386 0.035806 0.105682 0.833000 1173.000000 880.000000
0 2134 0.803922 0.303409 0.035806 0.104545 0.820460 1173.000000 880.000000
0 2135 0.803922 0.298864 0.035806 0.104545 0.823960 1173.000000 880.000000
0 2136 0.803922 0.295455 0.035806 0.104545 0.832710 1173.000000 880.000000
0 2137 0.803922 0.292045 0.035806 0.104545 0.842460 1173.000000 880.000000
0 2138 0.803922 0.288636 0.035806 0.104545 0.842460 1173.000000 880.000000
0 2139 0.803922 0.285227 0.035806 0.104545 0.856710 1173.000000 880.000000
0 2140 0.804774 0.281818 0.035806 0.104545 0.833460 1173.000000 880.000000
0 2141 0.804774 0.278409 0.035806 0.104545 0.842960 1173.000000 880.000000
0 2142 0.804774 0.275000 0.035806 0.104545 0.842960 1173.000000 880.000000
0 2143 0.804774 0.271591 0.035806 0.104545 0.842960 1173.000000 880.000000
0 2144 0.804774 0.268182 0.035806 0.104545 0.842960 1173.000000 880.000000
0 2145 0.805627 0.263636 0.035806 0.104545 0.843960 1173.000000 880.000000
0 2146 0.805627 0.260227 0.035806 0.104545 0.843960 1173.000000 880.000000
0 2147 0.805627 0.256818 0.035806 0.104545 0.843960 1173.000000 880.000000
0 2148 0.805627 0.253409 0.035806 0.104545 0.835710 1173.000000 880.000000
0 2149 0.805627 0.250000 0.035806 0.104545 0.827710 1173.000000 880.000000
0 2150 0.806479 0.246591 0.035806 0.104545 0.812450 1173.000000 880.000000
0 2151 0.806479 0.243182 0.035806 0.104545 0.804450 1173.000000 880.000000
0 2152 0.806479 0.239773 0.035806 0.104545 0.796700 1173.000000 880.000000
0 2153 0.806479 0.236364 0.035806 0.104545 0.788700 1173.000000 880.000000
0 2154 0.806479 0.232955 0.035806 0.104545 0.782200 1173.000000 880.000000
0 2155 0.807332 0.229545 0.035806 0.104545 0.747690 1173.000000 880.000000
0 2156 0.806479 0.227273 0.035806 0.104545 0.770440 1173.000000 880.000000
0 2157 0.806479 0.226136 0.035806 0.104545 0.768940 1173.000000 880.000000
0 2158 0.806479 0.223864 0.035806 0.104545 0.761190 1173.000000 880.000000
0 2159 0.806479 0.222727 0.035806 0.104545 0.759690 1173.000000 880.000000
0 2160 0.806479 0.220455 0.035806 0.104545 0.751940 1173.000000 880.000000
0 2161 0.806479 0.219318 0.035806 0.104545 0.751940 1173.000000 880.000000
0 2162 0.805627 0.218182 0.035806 0.104545 0.767690 1173.000000 880.000000
0 2163 0.805627 0.215909 0.035806 0.104545 0.756190 1173.000000 880.000000
0 2164 0.805627 0.214773 0.035806 0.104545 0.752440 1173.000000 880.000000
0 2165 0.805627 0.212500 0.035806 0.104545 0.740940 1173.000000 880.000000
0 2166 0.805627 0.211364 0.035806 0.104545 0.735680 1173.000000 880.000000
0 2167 0.805627 0.210227 0.035806 0.104545 0.729930 1173.000000 880.000000
0 2168 0.804774 0.207955 0.035806 0.104545 0.732680 1173.000000 880.000000
0 2169 0.804774 0.206818 0.035806 0.104545 0.720430 1173.000000 880.000000
0 2170 0.804774 0.204545 0.035806 0.104545 0.714930 1173.000000 880.000000
0 2171 0.804774 0.203409 0.035806 0.104545 0.706930 1173.000000 880.000000
0 2172 0.804774 0.201136 0.035806 0.104545 0.697670 1173.000000 880.000000
0 2173 0.804774 0.200000 0.035806 0.104545 0.669170 1173.000000 880.000000
0 2174 0.803922 0.198864 0.035806 0.104545 0.679920 1173.000000 880.000000
0 2175 0.803922 0.196591 0.035806 0.104545 0.666670 1173.000000 880.000000
0 2176 0.803922 0.195455 0.035806 0.104545 0.658660 1173.000000 880.000000
0 2177 0.803922 0.193182 0.035806 0.104545 0.653910 1173.000000 880.000000
0 2178 0.803922 0.192045 0.035806 0.104545 0.642910 1173.000000 880.000000
0 2179 0.803922 0.190909 0.035806 0.104545 0.619650 1173.000000 880.000000
0 2180 0.803922 0.189773 0.035806 0.104545 0.612650 1173.000000 880.000000
0 2181 0.803922 0.188636 0.035806 0.104545 0.612650 1173.000000 880.000000
0 2182 0.803922 0.187500 0.035806 0.104545 0.601900 1173.000000 880.000000
0 2183 0.803922 0.187500 0.035806 0.104545 0.610150 1173.000000 880.000000
0 2184 0.803922 0.186364 0.035806 0.104545 0.599400 1173.000000 880.000000
0 2185 0.803922 0.185227 0.035806 0.104545 0.591150 1173.000000 880.000000
0 2186 0.803922 0.185227 0.035806 0.104545 0.572890 1173.000000 880.000000
0 2187 0.803922 0.184091 0.035806 0.104545 0.564890 1173.000000 880.000000
0 2188 0.803922 0.182955 0.035806 0.104545 0.554390 1173.000000 880.000000
0 2189 0.803922 0.181818 0.035806 0.104545 0.546390 1173.000000 880.000000
0 2190 0.803922 0.181818 0.035806 0.104545 0.543890 1173.000000 880.000000
0 2191 0.803922 0.180682 0.035806 0.104545 0.544390 1173.000000 880.000000
0 2192 0.803922 0.179545 0.035806 0.104545 0.536630 1173.000000 880.000000
0 2193 0.803922 0.179545 0.035806 0.104545 0.510880 1173.000000 880.000000
0 2194 0.803922 0.178409 0.035806 0.104545 0.503130 1173.000000 880.000000
0 2195 0.803922 0.177273 0.035806 0.104545 0.492870 1173.000000 880.000000
0 2196 0.803922 0.177273 0.035806 0.104545 0.487120 1173.000000 880.000000
0 2197 0.803922 0.176136 0.035806 0.104545 0.482620 1173.000000 880.000000
0 2198 0.803922 0.175000 0.035806 0.104545 0.474870 1173.000000 880.000000
0 2199 0.803922 0.173864 0.035806 0.104545 0.446610 1173.000000 880.000000
0 2200 0.803922 0.173864 0.035806 0.104545 0.423360 1173.000000 880.000000
0 2201 0.803922 0.172727 0.035806 0.104545 0.412850 1173.000000 880.000000
0 2202 0.803922 0.171591 0.035806 0.104545 0.396850 1173.000000 880.000000
0 2203 0.803922 0.171591 0.035806 0.104545 0.383350 1173.000000 880.000000
0 2204 0.803922 0.170455 0.035806 0.104545 0.375090 1173.000000 880.000000
0 2205 0.803922 0.169318 0.035806 0.104545 0.356090 1173.000000 880.000000
