0 1619 0.002984 0.573295 0.004263 0.137500 0.254100 1173.000000 880.000000
0 1620 0.002984 0.571023 0.004263 0.137500 0.254100 1173.000000 880.000000
0 1621 0.003410 0.569318 0.005115 0.136364 0.247930 1173.000000 880.000000
0 1622 0.003836 0.568182 0.005968 0.136364 0.239670 1173.000000 880.000000
0 1623 0.003836 0.565909 0.005968 0.136364 0.239670 1173.000000 880.000000
0 1624 0.004263 0.564205 0.006820 0.135227 0.233330 1173.000000 880.000000
0 1625 0.004689 0.563068 0.007673 0.135227 0.225000 1173.000000 880.000000
0 1626 0.004689 0.561364 0.007673 0.134091 0.218490 1173.000000 880.000000
0 1627 0.005115 0.559091 0.008525 0.134091 0.218490 1173.000000 880.000000
0 1628 0.005541 0.557955 0.009378 0.134091 0.210080 1173.000000 880.000000
0 1629 0.005968 0.556250 0.010230 0.132955 0.203390 1173.000000 880.000000
0 1630 0.005968 0.554545 0.010230 0.131818 0.196580 1173.000000 880.000000
0 1631 0.006394 0.552841 0.011083 0.132955 0.203390 1173.000000 880.000000
0 1632 0.006820 0.551136 0.011935 0.131818 0.196580 1173.000000 880.000000
0 1633 0.006820 0.549432 0.011935 0.130682 0.198280 1173.000000 880.000000
0 1634 0.007246 0.548295 0.012788 0.130682 0.189660 1173.000000 880.000000
0 1635 0.007673 0.546023 0.013640 0.130682 0.198280 1173.000000 880.000000
0 1636 0.007673 0.544318 0.013640 0.129545 0.191300 1173.000000 880.000000
0 1637 0.008099 0.543182 0.014493 0.129545 0.191300 1173.000000 880.000000
0 1638 0.008525 0.541477 0.015345 0.128409 0.184210 1173.000000 880.000000
0 1639 0.008951 0.539205 0.016198 0.128409 0.192980 1173.000000 880.000000
0 1640 0.008951 0.538068 0.016198 0.128409 0.184210 1173.000000 880.000000
0 1641 0.009378 0.536364 0.017050 0.127273 0.185840 1173.000000 880.000000
0 1642 0.009804 0.534659 0.017903 0.126136 0.178570 1173.000000 880.000000
0 1643 0.009804 0.532955 0.017903 0.127273 0.185840 1173.000000 880.000000
0 1644 0.010230 0.531250 0.018755 0.126136 0.178570 1173.000000 880.000000
0 1645 0.010656 0.529545 0.019608 0.125000 0.180180 1173.000000 880.000000
0 1646 0.011083 0.528409 0.020460 0.125000 0.171170 1173.000000 880.000000
0 1647 0.011509 0.526136 0.021313 0.125000 0.180180 1173.000000 880.000000
0 1648 0.011935 0.525000 0.022165 0.125000 0.171170 1173.000000 880.000000
0 1649 0.012361 0.522727 0.023018 0.125000 0.180180 1173.000000 880.000000
0 1650 0.012788 0.521591 0.023870 0.125000 0.171170 1173.000000 880.000000
0 1651 0.013214 0.519318 0.024723 0.125000 0.180180 1173.000000 880.000000
0 1652 0.013640 0.518182 0.025575 0.125000 0.171170 1173.000000 880.000000
0 1653 0.014066 0.515909 0.026428 0.125000 0.180180 1173.000000 880.000000
0 1654 0.014493 0.514773 0.027280 0.125000 0.171170 1173.000000 880.000000
0 1655 0.014919 0.513636 0.028133 0.125000 0.171170 1173.000000 880.000000
0 1656 0.015345 0.511364 0.028986 0.125000 0.180180 1173.000000 880.000000
0 1657 0.015772 0.510227 0.029838 0.125000 0.192690 1173.000000 880.000000
0 1658 0.016198 0.507955 0.030691 0.125000 0.221570 1173.000000 880.000000
0 1659 0.016624 0.506818 0.031543 0.125000 0.240640 1173.000000 880.000000
0 1660 0.017050 0.504545 0.032396 0.125000 0.267730 1173.000000 880.000000
0 1661 0.017477 0.503409 0.033248 0.125000 0.283780 1173.000000 880.000000
0 1662 0.017903 0.502273 0.034101 0.125000 0.292240 1173.000000 880.000000
0 1663 0.018329 0.500000 0.034953 0.125000 0.316820 1173.000000 880.000000
0 1664 0.018755 0.498864 0.035806 0.125000 0.349470 1173.000000 880.000000
0 1665 0.019182 0.496591 0.036658 0.125000 0.370190 1173.000000 880.000000
0 1666 0.019608 0.495455 0.037511 0.125000 0.357960 1173.000000 880.000000
0 1667 0.020034 0.493182 0.038363 0.125000 0.374460 1173.000000 880.000000
0 1668 0.020460 0.492045 0.039216 0.125000 0.375310 1173.000000 880.000000
0 1669 0.021313 0.490909 0.040921 0.125000 0.379670 1173.000000 880.000000
0 1670 0.021313 0.488636 0.040921 0.125000 0.400260 1173.000000 880.000000
0 1671 0.021739 0.487500 0.041773 0.125000 0.421800 1173.000000 880.000000
0 1672 0.022165 0.486364 0.042626 0.125000 0.428720 1173.000000 880.000000
0 1673 0.022592 0.485227 0.043478 0.125000 0.423770 1173.000000 880.000000
0 1674 0.023018 0.482955 0.044331 0.125000 0.439230 1173.000000 880.000000
0 1675 0.023870 0.481818 0.044331 0.125000 0.439230 1173.000000 880.000000
0 1676 0.024723 0.480682 0.044331 0.125000 0.439230 1173.000000 880.000000
0 1677 0.024723 0.479545 0.044331 0.125000 0.449940 1173.000000 880.000000
0 1678 0.025575 0.478409 0.044331 0.125000 0.464220 1173.000000 880.000000
0 1679 0.026428 0.476136 0.044331 0.125000 0.434810 1173.000000 880.000000
0 1680 0.027280 0.475000 0.044331 0.125000 0.395210 1173.000000 880.000000
0 1681 0.028133 0.473864 0.044331 0.125000 0.378380 1173.000000 880.000000
0 1682 0.028986 0.472727 0.044331 0.125000 0.352540 1173.000000 880.000000
0 1683 0.029838 0.471591 0.044331 0.125000 0.328400 1173.000000 880.000000
0 1684 0.029838 0.469318 0.044331 0.125000 0.352200 1173.000000 880.000000
0 1685 0.030691 0.468182 0.044331 0.125000 0.352200 1173.000000 880.000000
0 1686 0.031543 0.467045 0.044331 0.125000 0.352200 1173.000000 880.000000
0 1687 0.032396 0.465909 0.044331 0.125000 0.357640 1173.000000 880.000000
0 1688 0.033248 0.464773 0.044331 0.125000 0.390450 1173.000000 880.000000
0 1689 0.034101 0.462500 0.044331 0.125000 0.451130 1173.000000 880.000000
0 1690 0.034953 0.461364 0.044331 0.125000 0.476800 1173.000000 880.000000
0 1691 0.034953 0.460227 0.044331 0.125000 0.513000 1173.000000 880.000000
0 1692 0.035806 0.459091 0.044331 0.125000 0.549210 1173.000000 880.000000
0 1693 0.036658 0.457955 0.044331 0.125000 0.563490 1173.000000 880.000000
0 1694 0.037511 0.455682 0.044331 0.125000 0.570970 1173.000000 880.000000
0 1695 0.038363 0.454545 0.044331 0.125000 0.589500 1173.000000 880.000000
0 1696 0.039216 0.453409 0.044331 0.125000 0.589500 1173.000000 880.000000
0 1697 0.040068 0.452273 0.044331 0.125000 0.600370 1173.000000 880.000000
0 1698 0.040921 0.451136 0.044331 0.125000 0.604280 1173.000000 880.000000
0 1699 0.040921 0.448864 0.044331 0.125000 0.621960 1173.000000 880.000000
0 1700 0.041773 0.447727 0.044331 0.125000 0.636580 1173.000000 880.000000
0 1701 0.042626 0.446591 0.044331 0.125000 0.640320 1173.000000 880.000000
0 1702 0.043478 0.445455 0.044331 0.125000 0.640320 1173.000000 880.000000
0 1703 0.044331 0.443182 0.044331 0.125000 0.661230 1173.000000 880.000000
0 1704 0.045183 0.442045 0.044331 0.125000 0.664800 1173.000000 880.000000
0 1705 0.046036 0.440909 0.044331 0.125000 0.679250 1173.000000 880.000000
0 1706 0.046462 0.439773 0.045183 0.125000 0.664330 1173.000000 880.000000
0 1707 0.047315 0.437500 0.045183 0.125000 0.673840 1173.000000 880.000000
0 1708 0.048167 0.436364 0.045183 0.125000 0.670670 1173.000000 880.000000
0 1709 0.049020 0.435227 0.045183 0.125000 0.674010 1173.000000 880.000000
0 1710 0.049872 0.434091 0.045183 0.125000 0.670840 1173.000000 880.000000
0 1711 0.050725 0.431818 0.045183 0.125000 0.676680 1173.000000 880.000000
0 1712 0.051577 0.430682 0.045183 0.125000 0.665500 1173.000000 880.000000
0 1713 0.051577 0.429545 0.045183 0.125000 0.673510 1173.000000 880.000000
0 1714 0.052430 0.428409 0.045183 0.125000 0.673510 1173.000000 880.000000
0 1715 0.053282 0.426136 0.045183 0.125000 0.679180 1173.000000 880.000000
0 1716 0.054135 0.425000 0.045183 0.125000 0.679180 1173.000000 880.000000
0 1717 0.054987 0.423864 0.045183 0.125000 0.676010 1173.000000 880.000000
0 1718 0.055840 0.422727 0.045183 0.125000 0.664330 1173.000000 880.000000
0 1719 0.056692 0.420455 0.045183 0.125000 0.670000 1173.000000 880.000000
0 1720 0.057118 0.419318 0.046036 0.125000 0.669940 1173.000000 880.000000
0 1721 0.057971 0.418182 0.046036 0.125000 0.672730 1173.000000 880.000000
0 1722 0.058824 0.417045 0.046036 0.125000 0.669450 1173.000000 880.000000
0 1723 0.059676 0.414773 0.046036 0.125000 0.675020 1173.000000 880.000000
0 1724 0.060529 0.413636 0.046036 0.125000 0.677640 1173.000000 880.000000
0 1725 0.061381 0.412500 0.046036 0.125000 0.659790 1173.000000 880.000000
0 1726 0.062234 0.411364 0.046036 0.125000 0.664370 1173.000000 880.000000
0 1727 0.063086 0.410227 0.046036 0.125000 0.664370 1173.000000 880.000000
0 1728 0.063086 0.408523 0.046036 0.123864 0.665290 1173.000000 880.000000
0 1729 0.063512 0.407386 0.045183 0.123864 0.674070 1173.000000 880.000000
0 1730 0.063512 0.406250 0.045183 0.123864 0.667850 1173.000000 880.000000
0 1731 0.064365 0.404545 0.045183 0.122727 0.640330 1173.000000 880.000000
0 1732 0.064791 0.403409 0.044331 0.122727 0.620910 1173.000000 880.000000
0 1733 0.064791 0.402273 0.044331 0.122727 0.614680 1173.000000 880.000000
0 1734 0.065217 0.401136 0.043478 0.122727 0.592100 1173.000000 880.000000
0 1735 0.065644 0.399432 0.044331 0.121591 0.572330 1173.000000 880.000000
0 1736 0.066070 0.398295 0.043478 0.121591 0.561610 1173.000000 880.000000
0 1737 0.066496 0.397159 0.042626 0.121591 0.537940 1173.000000 880.000000
0 1738 0.066922 0.395455 0.043478 0.120455 0.534150 1173.000000 880.000000
0 1739 0.067349 0.394318 0.042626 0.120455 0.513650 1173.000000 880.000000
0 1740 0.067775 0.393182 0.041773 0.120455 0.492340 1173.000000 880.000000
0 1741 0.067775 0.392045 0.041773 0.120455 0.495330 1173.000000 880.000000
0 1742 0.068627 0.390341 0.041773 0.119318 0.490570 1173.000000 880.000000
0 1743 0.068627 0.389205 0.041773 0.119318 0.497360 1173.000000 880.000000
0 1744 0.069054 0.388068 0.040921 0.119318 0.504430 1173.000000 880.000000
0 1745 0.069480 0.386932 0.040068 0.119318 0.542450 1173.000000 880.000000
0 1746 0.069906 0.385227 0.040921 0.118182 0.551020 1173.000000 880.000000
0 1747 0.070332 0.384091 0.040068 0.118182 0.576790 1173.000000 880.000000
0 1748 0.070759 0.382955 0.039216 0.118182 0.617630 1173.000000 880.000000
0 1749 0.071185 0.381250 0.040068 0.117045 0.623800 1173.000000 880.000000
0 1750 0.071611 0.380114 0.039216 0.117045 0.657530 1173.000000 880.000000
0 1751 0.071611 0.378977 0.039216 0.117045 0.699260 1173.000000 880.000000
0 1752 0.072038 0.377841 0.038363 0.117045 0.735370 1173.000000 880.000000
0 1753 0.072890 0.376136 0.038363 0.115909 0.739760 1173.000000 880.000000
0 1754 0.072890 0.375000 0.038363 0.115909 0.763190 1173.000000 880.000000
0 1755 0.073316 0.373864 0.037511 0.115909 0.781880 1173.000000 880.000000
0 1756 0.074169 0.373295 0.037511 0.114773 0.803920 1173.000000 880.000000
0 1757 0.074169 0.372159 0.037511 0.114773 0.803920 1173.000000 880.000000
0 1758 0.075021 0.371023 0.037511 0.114773 0.784310 1173.000000 880.000000
0 1759 0.075021 0.369886 0.037511 0.114773 0.784310 1173.000000 880.000000
0 1760 0.075874 0.368750 0.037511 0.114773 0.784310 1173.000000 880.000000
0 1761 0.075874 0.367614 0.037511 0.114773 0.784310 1173.000000 880.000000
0 1762 0.076726 0.366477 0.037511 0.114773 0.764710 1173.000000 880.000000
0 1763 0.076726 0.365341 0.037511 0.114773 0.784310 1173.000000 880.000000
0 1764 0.077579 0.364205 0.037511 0.114773 0.764710 1173.000000 880.000000
0 1765 0.077579 0.363068 0.037511 0.114773 0.764710 1173.000000 880.000000
0 1766 0.078431 0.361932 0.037511 0.114773 0.745100 1173.000000 880.000000
0 1767 0.078431 0.360795 0.037511 0.114773 0.764710 1173.000000 880.000000
0 1768 0.079284 0.359659 0.037511 0.114773 0.745100 1173.000000 880.000000
0 1769 0.079284 0.358523 0.037511 0.114773 0.745100 1173.000000 880.000000
0 1770 0.080136 0.357386 0.037511 0.114773 0.745100 1173.000000 880.000000
0 1771 0.080136 0.356250 0.037511 0.114773 0.745100 1173.000000 880.000000
0 1772 0.080989 0.355114 0.037511 0.114773 0.725490 1173.000000 880.000000
0 1773 0.080989 0.353977 0.037511 0.114773 0.725490 1173.000000 880.000000
0 1774 0.081841 0.352841 0.037511 0.114773 0.725490 1173.000000 880.000000
0 1775 0.081841 0.351705 0.037511 0.114773 0.725490 1173.000000 880.000000
0 1776 0.082694 0.350568 0.037511 0.114773 0.705880 1173.000000 880.000000
0 1777 0.082694 0.349432 0.037511 0.114773 0.725490 1173.000000 880.000000
0 1778 0.083546 0.348295 0.037511 0.114773 0.705880 1173.000000 880.000000
0 1779 0.083546 0.347159 0.037511 0.114773 0.705880 1173.000000 880.000000
0 1780 0.084399 0.346023 0.037511 0.114773 0.705880 1173.000000 880.000000
0 1781 0.085251 0.346023 0.037511 0.114773 0.682790 1173.000000 880.000000
0 1782 0.085251 0.343750 0.037511 0.114773 0.686270 1173.000000 880.000000
0 1783 0.086104 0.342614 0.037511 0.114773 0.686270 1173.000000 880.000000
0 1784 0.086957 0.341477 0.037511 0.114773 0.666670 1173.000000 880.000000
0 1785 0.087809 0.340341 0.037511 0.114773 0.666670 1173.000000 880.000000
0 1786 0.088662 0.339205 0.037511 0.114773 0.647060 1173.000000 880.000000
0 1787 0.088662 0.338068 0.037511 0.114773 0.647060 1173.000000 880.000000
0 1788 0.089514 0.336932 0.037511 0.114773 0.647060 1173.000000 880.000000
0 1789 0.090367 0.335795 0.037511 0.114773 0.627450 1173.000000 880.000000
0 1790 0.091219 0.334659 0.037511 0.114773 0.607840 1173.000000 880.000000
0 1791 0.092072 0.333523 0.037511 0.114773 0.607840 1173.000000 880.000000
0 1792 0.092072 0.332386 0.037511 0.114773 0.607840 1173.000000 880.000000
0 1793 0.092924 0.331250 0.037511 0.114773 0.607840 1173.000000 880.000000
0 1794 0.093777 0.330114 0.037511 0.114773 0.588240 1173.000000 880.000000
0 1795 0.094629 0.328977 0.037511 0.114773 0.568630 1173.000000 880.000000
0 1796 0.095482 0.327841 0.037511 0.114773 0.568630 1173.000000 880.000000
0 1797 0.095482 0.326705 0.037511 0.114773 0.568630 1173.000000 880.000000
0 1798 0.096334 0.325568 0.037511 0.114773 0.549020 1173.000000 880.000000
0 1799 0.097187 0.324432 0.037511 0.114773 0.549020 1173.000000 880.000000
0 1800 0.098039 0.323295 0.037511 0.114773 0.529410 1173.000000 880.000000
0 1801 0.098892 0.322159 0.037511 0.114773 0.529410 1173.000000 880.000000
0 1802 0.098892 0.321023 0.037511 0.114773 0.549020 1173.000000 880.000000
0 1803 0.099744 0.319886 0.037511 0.114773 0.549020 1173.000000 880.000000
0 1804 0.100597 0.319318 0.037511 0.113636 0.544550 1173.000000 880.000000
0 1805 0.101449 0.318750 0.037511 0.114773 0.544010 1173.000000 880.000000
0 1806 0.101876 0.318182 0.036658 0.113636 0.569980 1173.000000 880.000000
0 1807 0.102302 0.317045 0.037511 0.113636 0.573160 1173.000000 880.000000
0 1808 0.103154 0.316477 0.037511 0.112500 0.573330 1173.000000 880.000000
0 1809 0.104007 0.315909 0.037511 0.113636 0.572720 1173.000000 880.000000
0 1810 0.104433 0.315341 0.036658 0.112500 0.579320 1173.000000 880.000000
0 1811 0.105286 0.314205 0.036658 0.112500 0.600000 1173.000000 880.000000
0 1812 0.105712 0.313636 0.037511 0.111364 0.597980 1173.000000 880.000000
0 1813 0.106564 0.313068 0.037511 0.112500 0.597330 1173.000000 880.000000
0 1814 0.107417 0.311932 0.037511 0.112500 0.601560 1173.000000 880.000000
0 1815 0.107843 0.311364 0.036658 0.111364 0.608820 1173.000000 880.000000
0 1816 0.108696 0.310227 0.036658 0.111364 0.629710 1173.000000 880.000000
0 1817 0.109122 0.310227 0.037511 0.111364 0.626040 1173.000000 880.000000
0 1818 0.109974 0.309091 0.037511 0.111364 0.626040 1173.000000 880.000000
0 1819 0.110401 0.308523 0.036658 0.110227 0.634970 1173.000000 880.000000
0 1820 0.111253 0.307386 0.036658 0.110227 0.638680 1173.000000 880.000000
0 1821 0.112106 0.307386 0.036658 0.110227 0.655610 1173.000000 880.000000
0 1822 0.112532 0.306250 0.037511 0.110227 0.656240 1173.000000 880.000000
0 1823 0.112958 0.305682 0.036658 0.109091 0.667290 1173.000000 880.000000
0 1824 0.113811 0.304545 0.036658 0.109091 0.668230 1173.000000 880.000000
0 1825 0.114663 0.303977 0.036658 0.110227 0.662110 1173.000000 880.000000
0 1826 0.115516 0.303409 0.036658 0.109091 0.683460 1173.000000 880.000000
0 1827 0.115942 0.302273 0.037511 0.109091 0.683390 1173.000000 880.000000
0 1828 0.116368 0.301705 0.036658 0.107955 0.687260 1173.000000 880.000000
0 1829 0.117221 0.301136 0.036658 0.109091 0.686040 1173.000000 880.000000
0 1830 0.118073 0.300568 0.036658 0.107955 0.685610 1173.000000 880.000000
0 1831 0.118926 0.299432 0.036658 0.107955 0.678030 1173.000000 880.000000
0 1832 0.118926 0.298864 0.036658 0.106818 0.689000 1173.000000 880.000000
0 1833 0.119778 0.298295 0.036658 0.107955 0.682290 1173.000000 880.000000
0 1834 0.120631 0.297727 0.036658 0.106818 0.678950 1173.000000 880.000000
0 1835 0.121483 0.296591 0.036658 0.106818 0.678950 1173.000000 880.000000
0 1836 0.122336 0.296591 0.036658 0.106818 0.671050 1173.000000 880.000000
0 1837 0.122336 0.295455 0.036658 0.106818 0.685170 1173.000000 880.000000
0 1838 0.123188 0.294886 0.036658 0.107955 0.685610 1173.000000 880.000000
0 1839 0.123615 0.293750 0.037511 0.107955 0.679170 1173.000000 880.000000
0 1840 0.124041 0.293182 0.036658 0.109091 0.693300 1173.000000 880.000000
0 1841 0.124467 0.292045 0.037511 0.109091 0.706760 1173.000000 880.000000
0 1842 0.125320 0.292045 0.037511 0.109091 0.703090 1173.000000 880.000000
0 1843 0.125746 0.291477 0.036658 0.110227 0.716600 1173.000000 880.000000
0 1844 0.126172 0.290341 0.037511 0.110227 0.707710 1173.000000 880.000000
0 1845 0.127025 0.289773 0.037511 0.111364 0.726600 1173.000000 880.000000
0 1846 0.127025 0.288636 0.037511 0.111364 0.734010 1173.000000 880.000000
0 1847 0.127877 0.288068 0.037511 0.112500 0.732220 1173.000000 880.000000
0 1848 0.128730 0.288068 0.037511 0.112500 0.727780 1173.000000 880.000000
0 1849 0.129156 0.287500 0.038363 0.113636 0.727940 1173.000000 880.000000
0 1850 0.130009 0.288068 0.038363 0.114773 0.739770 1173.000000 880.000000
0 1851 0.130861 0.288636 0.038363 0.115909 0.737020 1173.000000 880.000000
0 1852 0.131714 0.289205 0.038363 0.117045 0.720740 1173.000000 880.000000
0 1853 0.132566 0.289773 0.038363 0.118182 0.718010 1173.000000 880.000000
0 1854 0.133419 0.290341 0.038363 0.119318 0.730110 1173.000000 880.000000
0 1855 0.134271 0.290909 0.038363 0.120455 0.780980 1173.000000 880.000000
0 1856 0.134271 0.288068 0.038363 0.119318 0.705910 1173.000000 880.000000
0 1857 0.134271 0.285795 0.038363 0.117045 0.693140 1173.000000 880.000000
0 1858 0.134697 0.283523 0.037511 0.114773 0.717860 1173.000000 880.000000
0 1859 0.134697 0.281818 0.037511 0.113636 0.712430 1173.000000 880.000000
0 1860 0.135124 0.279545 0.036658 0.111364 0.719240 1173.000000 880.000000
0 1861 0.135124 0.277273 0.036658 0.109091 0.738750 1173.000000 880.000000
0 1862 0.135976 0.275568 0.036658 0.107955 0.721590 1173.000000 880.000000
0 1863 0.135976 0.274432 0.036658 0.107955 0.676140 1173.000000 880.000000
0 1864 0.136829 0.273864 0.036658 0.109091 0.611060 1173.000000 880.000000
0 1865 0.137255 0.273295 0.037511 0.110227 0.570980 1173.000000 880.000000
0 1866 0.138107 0.272727 0.037511 0.111364 0.546800 1173.000000 880.000000
0 1867 0.138534 0.271591 0.036658 0.111364 0.536500 1173.000000 880.000000
0 1868 0.138960 0.271023 0.037511 0.112500 0.533330 1173.000000 880.000000
0 1869 0.139812 0.270455 0.037511 0.113636 0.509350 1173.000000 880.000000
0 1870 0.140665 0.269886 0.037511 0.114773 0.485400 1173.000000 880.000000
0 1871 0.141091 0.269318 0.038363 0.115909 0.482060 1173.000000 880.000000
0 1872 0.141517 0.268182 0.037511 0.115909 0.470550 1173.000000 880.000000
0 1873 0.142370 0.267614 0.037511 0.117045 0.457050 1173.000000 880.000000
0 1874 0.142796 0.267045 0.038363 0.118182 0.445550 1173.000000 880.000000
0 1875 0.143649 0.266477 0.038363 0.119318 0.441350 1173.000000 880.000000
0 1876 0.144501 0.265909 0.038363 0.120455 0.428690 1173.000000 880.000000
0 1877 0.144501 0.264773 0.038363 0.120455 0.428690 1173.000000 880.000000
0 1878 0.144501 0.263636 0.038363 0.120455 0.437220 1173.000000 880.000000
0 1879 0.145354 0.262500 0.038363 0.120455 0.428690 1173.000000 880.000000
0 1880 0.145354 0.262500 0.038363 0.120455 0.419340 1173.000000 880.000000
0 1881 0.146206 0.261364 0.038363 0.120455 0.421370 1173.000000 880.000000
0 1882 0.146206 0.260227 0.038363 0.120455 0.421370 1173.000000 880.000000
0 1883 0.147059 0.260227 0.038363 0.120455 0.403700 1173.000000 880.000000
0 1884 0.147059 0.259091 0.038363 0.120455 0.403700 1173.000000 880.000000
0 1885 0.147485 0.257955 0.037511 0.120455 0.410180 1173.000000 880.000000
0 1886 0.147911 0.257955 0.038363 0.120455 0.485980 1173.000000 880.000000
0 1887 0.148338 0.256818 0.037511 0.120455 0.485980 1173.000000 880.000000
0 1888 0.148764 0.255682 0.038363 0.120455 0.485980 1173.000000 880.000000
0 1889 0.149190 0.254545 0.037511 0.120455 0.485980 1173.000000 880.000000
0 1890 0.149616 0.254545 0.038363 0.120455 0.476640 1173.000000 880.000000
0 1891 0.150043 0.253409 0.037511 0.120455 0.476640 1173.000000 880.000000
0 1892 0.150043 0.252273 0.037511 0.120455 0.467290 1173.000000 880.000000
0 1893 0.150895 0.252273 0.037511 0.120455 0.457940 1173.000000 880.000000
0 1894 0.150895 0.251136 0.037511 0.120455 0.482040 1173.000000 880.000000
0 1895 0.151748 0.250000 0.037511 0.120455 0.482040 1173.000000 880.000000
0 1896 0.151748 0.250000 0.037511 0.120455 0.485360 1173.000000 880.000000
0 1897 0.152600 0.248864 0.037511 0.120455 0.497610 1173.000000 880.000000
0 1898 0.152600 0.247727 0.037511 0.120455 0.486810 1173.000000 880.000000
0 1899 0.153453 0.247727 0.037511 0.120455 0.490970 1173.000000 880.000000
0 1900 0.153453 0.246591 0.037511 0.120455 0.474350 1173.000000 880.000000
0 1901 0.154305 0.245455 0.037511 0.120455 0.474350 1173.000000 880.000000
0 1902 0.155158 0.245455 0.037511 0.120455 0.478710 1173.000000 880.000000
0 1903 0.156010 0.244318 0.037511 0.120455 0.479340 1173.000000 880.000000
0 1904 0.156863 0.244318 0.037511 0.120455 0.476640 1173.000000 880.000000
0 1905 0.157715 0.243182 0.037511 0.120455 0.477260 1173.000000 880.000000
0 1906 0.158568 0.243182 0.037511 0.120455 0.469160 1173.000000 880.000000
0 1907 0.159420 0.242045 0.037511 0.120455 0.448390 1173.000000 880.000000
0 1908 0.160273 0.240909 0.037511 0.120455 0.423680 1173.000000 880.000000
0 1909 0.161125 0.240909 0.037511 0.120455 0.415370 1173.000000 880.000000
0 1910 0.161978 0.239773 0.037511 0.120455 0.418280 1173.000000 880.000000
0 1911 0.162404 0.239773 0.038363 0.120455 0.409590 1173.000000 880.000000
0 1912 0.163257 0.238636 0.038363 0.120455 0.417920 1173.000000 880.000000
0 1913 0.164109 0.238636 0.038363 0.120455 0.411010 1173.000000 880.000000
0 1914 0.164962 0.237500 0.038363 0.120455 0.413860 1173.000000 880.000000
0 1915 0.165814 0.236364 0.038363 0.120455 0.422190 1173.000000 880.000000
0 1916 0.166667 0.236364 0.038363 0.120455 0.415280 1173.000000 880.000000
0 1917 0.167519 0.235227 0.038363 0.120455 0.423410 1173.000000 880.000000
0 1918 0.168372 0.235227 0.038363 0.120455 0.417310 1173.000000 880.000000
0 1919 0.169224 0.234091 0.038363 0.120455 0.418730 1173.000000 880.000000
0 1920 0.170077 0.234091 0.038363 0.120455 0.413450 1173.000000 880.000000
0 1921 0.170929 0.232955 0.038363 0.120455 0.440670 1173.000000 880.000000
0 1922 0.171782 0.232955 0.038363 0.120455 0.457540 1173.000000 880.000000
0 1923 0.171782 0.231818 0.038363 0.120455 0.456930 1173.000000 880.000000
0 1924 0.172634 0.230682 0.038363 0.120455 0.464850 1173.000000 880.000000
0 1925 0.172634 0.230114 0.038363 0.119318 0.472930 1173.000000 880.000000
0 1926 0.173487 0.228977 0.038363 0.119318 0.460420 1173.000000 880.000000
0 1927 0.173913 0.228409 0.037511 0.118182 0.463490 1173.000000 880.000000
0 1928 0.174339 0.227841 0.038363 0.119318 0.460010 1173.000000 880.000000
0 1929 0.174766 0.227273 0.037511 0.118182 0.459050 1173.000000 880.000000
0 1930 0.175192 0.226136 0.038363 0.118182 0.462530 1173.000000 880.000000
0 1931 0.175618 0.225568 0.037511 0.117045 0.447440 1173.000000 880.000000
0 1932 0.176471 0.224432 0.037511 0.117045 0.450000 1173.000000 880.000000
0 1933 0.176471 0.223864 0.037511 0.115909 0.302480 1173.000000 880.000000
0 1934 0.177323 0.223295 0.037511 0.117045 0.464100 1173.000000 880.000000
0 1935 0.177323 0.222727 0.037511 0.115909 0.277240 1173.000000 880.000000
0 1936 0.178176 0.221591 0.037511 0.115909 0.262350 1173.000000 880.000000
0 1937 0.178602 0.221023 0.036658 0.114773 0.262480 1173.000000 880.000000
0 1938 0.179028 0.219886 0.037511 0.114773 0.253590 1173.000000 880.000000
0 1939 0.179454 0.219318 0.036658 0.113636 0.235820 1173.000000 880.000000
0 1940 0.179881 0.218750 0.037511 0.114773 0.226140 1173.000000 880.000000
0 1941 0.180307 0.218182 0.036658 0.113636 0.225700 1173.000000 880.000000
0 1942 0.181159 0.217045 0.036658 0.113636 0.210620 1173.000000 880.000000
0 1943 0.181159 0.216477 0.036658 0.112500 0.213860 1173.000000 880.000000
0 1944 0.182012 0.215341 0.036658 0.112500 0.216820 1173.000000 880.000000
0 1945 0.182864 0.215341 0.036658 0.112500 0.206820 1173.000000 880.000000
0 1946 0.182864 0.214205 0.036658 0.112500 0.216820 1173.000000 880.000000
0 1947 0.182864 0.214205 0.036658 0.112500 0.218180 1173.000000 880.000000
0 1948 0.182864 0.214205 0.036658 0.112500 0.213860 1173.000000 880.000000
0 1949 0.182864 0.214205 0.036658 0.112500 0.220910 1173.000000 880.000000
0 1950 0.182864 0.214205 0.036658 0.112500 0.225450 1173.000000 880.000000
0 1951 0.182864 0.214205 0.036658 0.112500 0.237050 1173.000000 880.000000
0 1952 0.182864 0.214205 0.036658 0.112500 0.252270 1173.000000 880.000000
0 1953 0.182864 0.214205 0.036658 0.112500 0.259550 1173.000000 880.000000
0 1954 0.183717 0.214205 0.036658 0.112500 0.268180 1173.000000 880.000000
0 1955 0.183717 0.214205 0.036658 0.112500 0.286820 1173.000000 880.000000
0 1956 0.184569 0.215341 0.036658 0.112500 0.277270 1173.000000 880.000000
0 1957 0.184569 0.216477 0.036658 0.112500 0.282050 1173.000000 880.000000
0 1958 0.185422 0.216477 0.036658 0.112500 0.294090 1173.000000 880.000000
0 1959 0.185422 0.217614 0.036658 0.112500 0.301360 1173.000000 880.000000
0 1960 0.186275 0.218750 0.036658 0.112500 0.297270 1173.000000 880.000000
0 1961 0.186275 0.218750 0.036658 0.112500 0.319770 1173.000000 880.000000
0 1962 0.187127 0.219886 0.036658 0.112500 0.319770 1173.000000 880.000000
0 1963 0.187127 0.221023 0.036658 0.112500 0.321820 1173.000000 880.000000
0 1964 0.187980 0.221023 0.036658 0.112500 0.334550 1173.000000 880.000000
0 1965 0.187980 0.222159 0.036658 0.112500 0.343410 1173.000000 880.000000
0 1966 0.188832 0.223295 0.036658 0.112500 0.343410 1173.000000 880.000000
0 1967 0.189685 0.224432 0.036658 0.112500 0.341820 1173.000000 880.000000
0 1968 0.188832 0.227841 0.036658 0.112500 0.333640 1173.000000 880.000000
0 1969 0.188832 0.231250 0.036658 0.112500 0.319550 1173.000000 880.000000
0 1970 0.188832 0.234659 0.036658 0.112500 0.299550 1173.000000 880.000000
0 1971 0.187980 0.238068 0.036658 0.112500 0.293640 1173.000000 880.000000
0 1972 0.187980 0.241477 0.036658 0.112500 0.286820 1173.000000 880.000000
0 1973 0.187980 0.244886 0.036658 0.112500 0.283860 1173.000000 880.000000
0 1974 0.187127 0.248295 0.036658 0.112500 0.279090 1173.000000 880.000000
0 1975 0.187127 0.251705 0.036658 0.112500 0.273860 1173.000000 880.000000
0 1976 0.187127 0.255114 0.036658 0.112500 0.337270 1173.000000 880.000000
0 1977 0.187127 0.256250 0.036658 0.112500 0.354090 1173.000000 880.000000
0 1978 0.187127 0.258523 0.036658 0.112500 0.354550 1173.000000 880.000000
0 1979 0.187980 0.259659 0.036658 0.112500 0.362270 1173.000000 880.000000
0 1980 0.187980 0.261932 0.036658 0.112500 0.362500 1173.000000 880.000000
0 1981 0.188832 0.263636 0.036658 0.111364 0.363640 1173.000000 880.000000
0 1982 0.188832 0.265341 0.036658 0.112500 0.373410 1173.000000 880.000000
0 1983 0.189685 0.267045 0.036658 0.111364 0.367080 1173.000000 880.000000
0 1984 0.189685 0.269318 0.036658 0.111364 0.363640 1173.000000 880.000000
0 1985 0.189685 0.271023 0.036658 0.112500 0.360000 1173.000000 880.000000
0 1986 0.190537 0.272727 0.036658 0.111364 0.356980 1173.000000 880.000000
0 1987 0.190537 0.274432 0.036658 0.112500 0.353640 1173.000000 880.000000
0 1988 0.191390 0.276136 0.036658 0.111364 0.350780 1173.000000 880.000000
0 1989 0.191390 0.278409 0.036658 0.111364 0.345040 1173.000000 880.000000
0 1990 0.192242 0.279545 0.036658 0.111364 0.341140 1173.000000 880.000000
0 1991 0.192242 0.281818 0.036658 0.111364 0.331500 1173.000000 880.000000
0 1992 0.193095 0.284091 0.036658 0.111364 0.317260 1173.000000 880.000000
0 1993 0.193095 0.284091 0.036658 0.111364 0.333330 1173.000000 880.000000
0 1994 0.193947 0.285227 0.036658 0.111364 0.327590 1173.000000 880.000000
0 1995 0.194800 0.285227 0.036658 0.111364 0.333330 1173.000000 880.000000
0 1996 0.195652 0.286364 0.036658 0.111364 0.333330 1173.000000 880.000000
0 1997 0.196505 0.286364 0.036658 0.111364 0.260330 1173.000000 880.000000
0 1998 0.196505 0.287500 0.036658 0.111364 0.260100 1173.000000 880.000000
0 1999 0.197357 0.287500 0.036658 0.111364 0.270200 1173.000000 880.000000
0 2000 0.198210 0.288636 0.036658 0.111364 0.258950 1173.000000 880.000000
0 2001 0.199062 0.288636 0.036658 0.111364 0.269050 1173.000000 880.000000
0 2002 0.199915 0.289773 0.036658 0.111364 0.271810 1173.000000 880.000000
0 2003 0.199915 0.289205 0.036658 0.110227 0.274580 1173.000000 880.000000
0 2004 0.199915 0.289205 0.036658 0.110227 0.274580 1173.000000 880.000000
0 2005 0.200767 0.289205 0.036658 0.110227 0.274580 1173.000000 880.000000
0 2006 0.200767 0.289773 0.036658 0.109091 0.267100 1173.000000 880.000000
0 2007 0.201194 0.289773 0.037511 0.109091 0.268730 1173.000000 880.000000
0 2008 0.201620 0.289773 0.036658 0.109091 0.267100 1173.000000 880.000000
0 2009 0.202046 0.289773 0.037511 0.109091 0.262770 1173.000000 880.000000
0 2010 0.202046 0.290341 0.037511 0.107955 0.261110 1173.000000 880.000000
0 2011 0.202899 0.290341 0.037511 0.107955 0.255090 1173.000000 880.000000
0 2012 0.202899 0.290341 0.037511 0.107955 0.261110 1173.000000 880.000000
0 2013 0.203751 0.290909 0.037511 0.106818 0.247250 1173.000000 880.000000
0 2014 0.203751 0.291477 0.037511 0.107955 0.244680 1173.000000 880.000000
0 2015 0.203751 0.292614 0.037511 0.110227 0.245580 1173.000000 880.000000
0 2016 0.204177 0.294318 0.036658 0.111364 0.231400 1173.000000 880.000000
0 2017 0.204177 0.292614 0.036658 0.107955 0.244790 1173.000000 880.000000
0 2018 0.204177 0.292045 0.036658 0.104545 0.241940 1173.000000 880.000000
0 2019 0.204177 0.290909 0.036658 0.102273 0.247250 1173.000000 880.000000
0 2020 0.205030 0.290341 0.036658 0.098864 0.244320 1173.000000 880.000000
0 2021 0.205456 0.288636 0.035806 0.097727 0.255280 1173.000000 880.000000
0 2022 0.206309 0.286932 0.035806 0.096591 0.269880 1173.000000 880.000000
0 2023 0.207161 0.286364 0.035806 0.095455 0.264840 1173.000000 880.000000
0 2024 0.208014 0.284659 0.035806 0.094318 0.273260 1173.000000 880.000000
0 2025 0.208440 0.282955 0.034953 0.093182 0.293750 1173.000000 880.000000
0 2026 0.209292 0.282386 0.034953 0.092045 0.288620 1173.000000 880.000000
0 2027 0.210145 0.280682 0.034953 0.090909 0.308350 1173.000000 880.000000
0 2028 0.210997 0.280114 0.034953 0.089773 0.300600 1173.000000 880.000000
0 2029 0.211850 0.278409 0.034953 0.088636 0.298370 1173.000000 880.000000
0 2030 0.212276 0.276705 0.034101 0.087500 0.312380 1173.000000 880.000000
0 2031 0.213129 0.276136 0.034101 0.086364 0.296170 1173.000000 880.000000
0 2032 0.213981 0.274432 0.034101 0.085227 0.308410 1173.000000 880.000000
0 2033 0.214834 0.273864 0.034101 0.084091 0.296590 1173.000000 880.000000
0 2034 0.215260 0.272159 0.033248 0.082955 0.297300 1173.000000 880.000000
0 2035 0.216113 0.270455 0.033248 0.081818 0.309590 1173.000000 880.000000
0 2036 0.216965 0.269886 0.033248 0.080682 0.296880 1173.000000 880.000000
0 2037 0.217818 0.268182 0.033248 0.079545 0.301060 1173.000000 880.000000
0 2038 0.218670 0.267614 0.033248 0.078409 0.290000 1173.000000 880.000000
0 2039 0.218670 0.266477 0.033248 0.078409 0.305360 1173.000000 880.000000
0 2040 0.218670 0.265909 0.033248 0.079545 0.301060 1173.000000 880.000000
0 2041 0.219523 0.265341 0.033248 0.080682 0.295830 1173.000000 880.000000
0 2042 0.219523 0.264773 0.033248 0.081818 0.306510 1173.000000 880.000000
0 2043 0.220375 0.264205 0.033248 0.082955 0.293920 1173.000000 880.000000
0 2044 0.220375 0.263636 0.033248 0.084091 0.306000 1173.000000 880.000000
0 2045 0.221228 0.263068 0.033248 0.082955 0.293920 1173.000000 880.000000
0 2046 0.221228 0.262500 0.033248 0.084091 0.290000 1173.000000 880.000000
0 2047 0.222080 0.261932 0.033248 0.085227 0.293420 1173.000000 880.000000
0 2048 0.222080 0.261364 0.033248 0.086364 0.295450 1173.000000 880.000000
0 2049 0.222933 0.260795 0.033248 0.087500 0.291350 1173.000000 880.000000
0 2050 0.222933 0.260227 0.033248 0.088636 0.294940 1173.000000 880.000000
0 2051 0.223785 0.260227 0.033248 0.088636 0.287660 1173.000000 880.000000
0 2052 0.224638 0.259091 0.033248 0.088636 0.279750 1173.000000 880.000000
0 2053 0.225490 0.257955 0.033248 0.088636 0.286390 1173.000000 880.000000
0 2054 0.226343 0.257955 0.033248 0.088636 0.265510 1173.000000 880.000000
0 2055 0.227195 0.256818 0.033248 0.088636 0.271520 1173.000000 880.000000
0 2056 0.228900 0.256818 0.033248 0.088636 0.249050 1173.000000 880.000000
0 2057 0.229753 0.255682 0.033248 0.088636 0.248730 1173.000000 880.000000
0 2058 0.230605 0.255682 0.033248 0.088636 0.228480 1173.000000 880.000000
0 2059 0.231458 0.254545 0.033248 0.088636 0.235760 1173.000000 880.000000
0 2060 0.233163 0.254545 0.033248 0.088636 0.215190 1173.000000 880.000000
0 2061 0.234015 0.253409 0.033248 0.088636 0.212030 1173.000000 880.000000
0 2062 0.234868 0.252273 0.033248 0.088636 0.212030 1173.000000 880.000000
0 2063 0.235720 0.252273 0.033248 0.088636 0.199370 1173.000000 880.000000
0 2064 0.236573 0.251136 0.033248 0.088636 0.199370 1173.000000 880.000000
0 2065 0.238278 0.251136 0.033248 0.088636 0.170890 1173.000000 880.000000
0 2066 0.239130 0.250000 0.033248 0.088636 0.183540 1173.000000 880.000000
0 2067 0.239983 0.250000 0.033248 0.088636 0.170890 1173.000000 880.000000
0 2068 0.240835 0.248864 0.033248 0.088636 0.162970 1173.000000 880.000000
0 2069 0.242540 0.248864 0.033248 0.088636 0.142410 1173.000000 880.000000
0 2070 0.242540 0.247727 0.033248 0.088636 0.151900 1173.000000 880.000000
0 2071 0.243393 0.246591 0.033248 0.088636 0.155060 1173.000000 880.000000
0 2072 0.244246 0.246591 0.033248 0.088636 0.134490 1173.000000 880.000000
0 2073 0.245098 0.245455 0.033248 0.088636 0.134490 1173.000000 880.000000
0 2074 0.245098 0.245455 0.033248 0.088636 0.139240 1173.000000 880.000000
0 2075 0.245951 0.244318 0.033248 0.088636 0.131650 1173.000000 880.000000
0 2076 0.246803 0.244318 0.033248 0.088636 0.121840 1173.000000 880.000000
0 2077 0.247656 0.243182 0.033248 0.088636 0.113920 1173.000000 880.000000
0 2078 0.247656 0.242045 0.033248 0.088636 0.131650 1173.000000 880.000000
0 2079 0.248508 0.242045 0.033248 0.088636 0.111390 1173.000000 880.000000
0 2080 0.249361 0.240909 0.033248 0.088636 0.111390 1173.000000 880.000000
0 2081 0.250213 0.240909 0.033248 0.088636 0.111390 1173.000000 880.000000
0 2082 0.250213 0.239773 0.033248 0.088636 0.111390 1173.000000 880.000000
0 2083 0.251066 0.239773 0.033248 0.088636 0.098734 1173.000000 880.000000
0 2084 0.251918 0.238636 0.033248 0.088636 0.098734 1173.000000 880.000000
0 2085 0.252771 0.238636 0.033248 0.088636 0.096203 1173.000000 880.000000
0 2086 0.252771 0.236364 0.033248 0.088636 0.116140 1173.000000 880.000000
0 2087 0.253623 0.235227 0.033248 0.088636 0.108860 1173.000000 880.000000
0 2088 0.254476 0.234091 0.033248 0.088636 0.108860 1173.000000 880.000000
0 2089 0.255328 0.232955 0.033248 0.088636 0.118990 1173.000000 880.000000
0 2090 0.255328 0.230682 0.033248 0.088636 0.138610 1173.000000 880.000000
0 2091 0.256181 0.229545 0.033248 0.088636 0.138610 1173.000000 880.000000
0 2092 0.257033 0.228409 0.033248 0.088636 0.131650 1173.000000 880.000000
0 2093 0.257886 0.227273 0.033248 0.088636 0.141770 1173.000000 880.000000
0 2094 0.257886 0.225000 0.033248 0.088636 0.161080 1173.000000 880.000000
0 2095 0.258738 0.223864 0.033248 0.088636 0.161080 1173.000000 880.000000
0 2096 0.259591 0.222727 0.033248 0.088636 0.161080 1173.000000 880.000000
0 2097 0.260443 0.221591 0.033248 0.088636 0.170890 1173.000000 880.000000
0 2098 0.260443 0.219318 0.033248 0.088636 0.176580 1173.000000 880.000000
0 2099 0.261296 0.218182 0.033248 0.088636 0.163920 1173.000000 880.000000
0 2100 0.262148 0.217045 0.033248 0.088636 0.146840 1173.000000 880.000000
0 2101 0.263001 0.215909 0.033248 0.088636 0.146840 1173.000000 880.000000
0 2102 0.263001 0.212500 0.033248 0.088636 0.162030 1173.000000 880.000000
0 2103 0.263427 0.210227 0.032396 0.088636 0.176240 1173.000000 880.000000
0 2104 0.263427 0.207955 0.032396 0.088636 0.178840 1173.000000 880.000000
0 2105 0.264280 0.205682 0.032396 0.088636 0.191500 1173.000000 880.000000
0 2106 0.264280 0.202841 0.032396 0.087500 0.208090 1173.000000 880.000000
0 2107 0.264706 0.200568 0.031543 0.087500 0.213900 1173.000000 880.000000
0 2108 0.264706 0.198295 0.031543 0.087500 0.226050 1173.000000 880.000000
0 2109 0.265558 0.196023 0.031543 0.087500 0.228070 1173.000000 880.000000
0 2110 0.265985 0.193182 0.030691 0.086364 0.234470 1173.000000 880.000000
0 2111 0.265985 0.190909 0.030691 0.086364 0.259390 1173.000000 880.000000
0 2112 0.266837 0.188636 0.030691 0.086364 0.260090 1173.000000 880.000000
0 2113 0.266837 0.186364 0.030691 0.086364 0.272380 1173.000000 880.000000
0 2114 0.267263 0.183523 0.029838 0.085227 0.281430 1173.000000 880.000000
0 2115 0.267263 0.181250 0.029838 0.085227 0.293130 1173.000000 880.000000
0 2116 0.268116 0.178977 0.029838 0.085227 0.302630 1173.000000 880.000000
0 2117 0.268116 0.176705 0.029838 0.085227 0.304820 1173.000000 880.000000
0 2118 0.268542 0.173864 0.028986 0.084091 0.318100 1173.000000 880.000000
0 2119 0.269395 0.171591 0.028986 0.084091 0.305140 1173.000000 880.000000
0 2120 0.269395 0.168750 0.028986 0.085227 0.328950 1173.000000 880.000000
0 2121 0.269821 0.166477 0.028133 0.085227 0.339010 1173.000000 880.000000
0 2122 0.269821 0.163636 0.028133 0.084091 0.330200 1173.000000 880.000000
0 2123 0.270673 0.161364 0.028133 0.084091 0.310590 1173.000000 880.000000
0 2124 0.270673 0.159091 0.028133 0.084091 0.299220 1173.000000 880.000000
0 2125 0.271100 0.156818 0.027280 0.084091 0.299390 1173.000000 880.000000
0 2126 0.271100 0.153977 0.027280 0.082955 0.293200 1173.000000 880.000000
0 2127 0.271952 0.151705 0.027280 0.082955 0.271090 1173.000000 880.000000
0 2128 0.272379 0.149432 0.026428 0.082955 0.250840 1173.000000 880.000000
0 2129 0.272379 0.147159 0.026428 0.082955 0.258450 1173.000000 880.000000
0 2130 0.273231 0.144318 0.026428 0.081818 0.240580 1173.000000 880.000000
0 2131 0.273231 0.142045 0.026428 0.081818 0.231160 1173.000000 880.000000
0 2132 0.273657 0.139773 0.025575 0.081818 0.209460 1173.000000 880.000000
0 2133 0.273657 0.137500 0.025575 0.081818 0.216970 1173.000000 880.000000
0 2134 0.274510 0.134659 0.025575 0.080682 0.197130 1173.000000 880.000000
0 2135 0.274510 0.132386 0.025575 0.080682 0.183240 1173.000000 880.000000
0 2136 0.274936 0.130114 0.024723 0.080682 0.159260 1173.000000 880.000000
0 2137 0.275789 0.127841 0.024723 0.080682 0.157410 1173.000000 880.000000
0 2138 0.275789 0.124432 0.024723 0.080682 0.157410 1173.000000 880.000000
0 2139 0.275789 0.122159 0.024723 0.080682 0.143520 1173.000000 880.000000
0 2140 0.276641 0.118750 0.024723 0.080682 0.143520 1173.000000 880.000000
0 2141 0.276641 0.116477 0.024723 0.080682 0.141670 1173.000000 880.000000
0 2142 0.276641 0.114205 0.024723 0.080682 0.138890 1173.000000 880.000000
0 2143 0.277494 0.110795 0.024723 0.080682 0.127780 1173.000000 880.000000
0 2144 0.277494 0.108523 0.024723 0.080682 0.125000 1173.000000 880.000000
0 2145 0.277494 0.106250 0.024723 0.080682 0.122690 1173.000000 880.000000
0 2146 0.278346 0.102841 0.024723 0.080682 0.125000 1173.000000 880.000000
0 2147 0.278346 0.100568 0.024723 0.080682 0.111110 1173.000000 880.000000
0 2148 0.278346 0.097159 0.024723 0.080682 0.136110 1173.000000 880.000000
0 2149 0.279199 0.094886 0.024723 0.080682 0.113430 1173.000000 880.000000
0 2150 0.279199 0.092614 0.024723 0.080682 0.125000 1173.000000 880.000000
0 2151 0.279199 0.089205 0.024723 0.080682 0.138890 1173.000000 880.000000
0 2152 0.280051 0.086932 0.024723 0.080682 0.138890 1173.000000 880.000000
0 2153 0.280051 0.084659 0.024723 0.080682 0.138890 1173.000000 880.000000
0 2154 0.280051 0.081250 0.024723 0.080682 0.164350 1173.000000 880.000000
0 2155 0.280904 0.078977 0.024723 0.080682 0.164350 1173.000000 880.000000
0 2156 0.280904 0.075568 0.024723 0.080682 0.167590 1173.000000 880.000000
0 2157 0.280904 0.073295 0.024723 0.080682 0.179630 1173.000000 880.000000
0 2158 0.281756 0.071023 0.024723 0.080682 0.167590 1173.000000 880.000000
0 2159 0.281756 0.067614 0.024723 0.080682 0.193520 1173.000000 880.000000
0 2160 0.281756 0.065341 0.024723 0.080682 0.197220 1173.000000 880.000000
0 2161 0.282609 0.063068 0.024723 0.080682 0.197220 1173.000000 880.000000
0 2162 0.282609 0.061932 0.024723 0.080682 0.195830 1173.000000 880.000000
0 2163 0.283461 0.060795 0.024723 0.080682 0.179630 1173.000000 880.000000
0 2164 0.284314 0.059659 0.024723 0.080682 0.175930 1173.000000 880.000000
0 2165 0.284740 0.058523 0.025575 0.080682 0.180110 1173.000000 880.000000
0 2166 0.285166 0.057386 0.024723 0.080682 0.168520 1173.000000 880.000000
0 2167 0.286019 0.056250 0.024723 0.080682 0.168520 1173.000000 880.000000
0 2168 0.286445 0.055114 0.025575 0.080682 0.176080 1173.000000 880.000000
0 2169 0.287298 0.053977 0.025575 0.080682 0.185930 1173.000000 880.000000
0 2170 0.287724 0.052841 0.024723 0.080682 0.178700 1173.000000 880.000000
0 2171 0.288576 0.051705 0.024723 0.080682 0.178700 1173.000000 880.000000
0 2172 0.289003 0.050568 0.025575 0.080682 0.185930 1173.000000 880.000000
0 2173 0.289855 0.049432 0.025575 0.080682 0.176080 1173.000000 880.000000
0 2174 0.290281 0.048295 0.024723 0.080682 0.178700 1173.000000 880.000000
0 2175 0.290708 0.047159 0.025575 0.080682 0.185930 1173.000000 880.000000
0 2176 0.291560 0.046023 0.025575 0.080682 0.195790 1173.000000 880.000000
0 2177 0.292413 0.044886 0.025575 0.080682 0.186380 1173.000000 880.000000
0 2178 0.292413 0.043750 0.025575 0.080682 0.195790 1173.000000 880.000000
0 2179 0.293265 0.042614 0.025575 0.080682 0.195790 1173.000000 880.000000
0 2180 0.294118 0.041477 0.025575 0.080682 0.186380 1173.000000 880.000000
0 2181 0.294970 0.040909 0.025575 0.079545 0.174920 1173.000000 880.000000
0 2182 0.294970 0.040341 0.025575 0.078409 0.176960 1173.000000 880.000000
0 2183 0.295823 0.040341 0.025575 0.078409 0.172810 1173.000000 880.000000
0 2184 0.296675 0.039773 0.025575 0.077273 0.154750 1173.000000 880.000000
0 2185 0.296675 0.039773 0.025575 0.077273 0.160820 1173.000000 880.000000
0 2186 0.297528 0.039773 0.025575 0.077273 0.156620 1173.000000 880.000000
0 2187 0.298380 0.039205 0.025575 0.076136 0.158920 1173.000000 880.000000
0 2188 0.299233 0.039205 0.025575 0.076136 0.154650 1173.000000 880.000000
0 2189 0.299233 0.039205 0.025575 0.076136 0.144210 1173.000000 880.000000
0 2190 0.300085 0.038636 0.025575 0.075000 0.142030 1173.000000 880.000000
0 2191 0.300938 0.038636 0.025575 0.075000 0.142030 1173.000000 880.000000
0 2192 0.300938 0.038636 0.025575 0.075000 0.151180 1173.000000 880.000000
0 2193 0.301790 0.038068 0.025575 0.073864 0.153470 1173.000000 880.000000
0 2194 0.302643 0.038068 0.025575 0.073864 0.129030 1173.000000 880.000000
0 2195 0.303495 0.038068 0.025575 0.073864 0.129030 1173.000000 880.000000
0 2196 0.303495 0.037500 0.025575 0.072727 0.137970 1173.000000 880.000000
0 2197 0.304348 0.037500 0.025575 0.072727 0.134490 1173.000000 880.000000
0 2198 0.305200 0.037500 0.025575 0.072727 0.128040 1173.000000 880.000000
0 2199 0.305200 0.036932 0.025575 0.071591 0.119460 1173.000000 880.000000
0 2200 0.306053 0.036932 0.025575 0.071591 0.112400 1173.000000 880.000000
0 2201 0.306905 0.036932 0.025575 0.071591 0.101810 1173.000000 880.000000
0 2202 0.307758 0.036364 0.025575 0.070455 0.093702 1173.000000 880.000000
0 2203 0.307758 0.036364 0.025575 0.070455 0.096262 1173.000000 880.000000
0 2204 0.308610 0.036364 0.025575 0.070455 0.096262 1173.000000 880.000000
0 2205 0.309463 0.035795 0.025575 0.069318 0.088450 1173.000000 880.000000
0 2206 0.309463 0.035795 0.025575 0.069318 0.072320 1173.000000 880.000000
0 2207 0.310315 0.035795 0.025575 0.069318 0.062955 1173.000000 880.000000
0 2208 0.311168 0.035227 0.025575 0.068182 0.052353 1173.000000 880.000000
0 2209 0.312020 0.035227 0.025575 0.068182 0.052353 1173.000000 880.000000
0 2210 0.312020 0.035227 0.025575 0.068182 0.050238 1173.000000 880.000000
0 2211 0.312873 0.034659 0.025575 0.067045 0.042473 1173.000000 880.000000
0 2212 0.313725 0.034659 0.025575 0.067045 0.032796 1173.000000 880.000000
0 2213 0.314578 0.034659 0.025575 0.067045 0.008602 1173.000000 880.000000
0 2214 0.315431 0.034091 0.025575 0.065909 0.008201 1173.000000 880.000000
0 2215 0.316709 0.034091 0.024723 0.065909 0.000000 1173.000000 880.000000
0 2216 0.317988 0.033523 0.025575 0.064773 0.000000 1173.000000 880.000000
0 2217 0.319267 0.033523 0.024723 0.064773 0.000000 1173.000000 880.000000
0 2218 0.320546 0.032955 0.025575 0.063636 0.000000 1173.000000 880.000000
0 2219 0.321824 0.032955 0.024723 0.063636 0.000000 1173.000000 880.000000
0 2220 0.323103 0.032386 0.025575 0.062500 0.000000 1173.000000 880.000000
0 2221 0.324382 0.032386 0.024723 0.062500 0.000000 1173.000000 880.000000
0 2222 0.325661 0.031818 0.025575 0.061364 0.000000 1173.000000 880.000000
0 2223 0.326939 0.031818 0.024723 0.061364 0.000000 1173.000000 880.000000
0 2224 0.328218 0.031250 0.025575 0.060227 0.000000 1173.000000 880.000000
0 2225 0.329497 0.031250 0.024723 0.060227 0.000000 1173.000000 880.000000
0 2226 0.330776 0.030682 0.025575 0.059091 0.000000 1173.000000 880.000000
0 2227 0.332055 0.030682 0.024723 0.059091 0.000000 1173.000000 880.000000
0 2228 0.332907 0.030114 0.024723 0.057955 0.000000 1173.000000 880.000000
0 2229 0.334612 0.030114 0.024723 0.057955 0.000000 1173.000000 880.000000
0 2230 0.335465 0.029545 0.024723 0.056818 0.000000 1173.000000 880.000000
0 2231 0.337170 0.029545 0.024723 0.056818 0.000000 1173.000000 880.000000
0 2232 0.338022 0.028977 0.024723 0.055682 0.000000 1173.000000 880.000000
0 2233 0.339727 0.028977 0.024723 0.055682 0.000000 1173.000000 880.000000
0 2234 0.340580 0.028409 0.024723 0.054545 0.000000 1173.000000 880.000000
0 2235 0.342285 0.028409 0.024723 0.054545 0.000000 1173.000000 880.000000
0 2236 0.343137 0.027841 0.024723 0.053409 0.000000 1173.000000 880.000000
0 2237 0.344842 0.027841 0.024723 0.053409 0.000000 1173.000000 880.000000
0 2238 0.345695 0.027273 0.024723 0.052273 0.000000 1173.000000 880.000000
0 2239 0.347400 0.027273 0.024723 0.052273 0.000000 1173.000000 880.000000
0 2240 0.348252 0.026705 0.024723 0.051136 0.000000 1173.000000 880.000000
0 2241 0.349105 0.026136 0.024723 0.050000 0.000000 1173.000000 880.000000
0 2242 0.349957 0.025568 0.024723 0.048864 0.000000 1173.000000 880.000000
0 2243 0.350810 0.025568 0.024723 0.048864 0.000000 1173.000000 880.000000
0 2244 0.351662 0.025000 0.024723 0.047727 0.029457 1173.000000 880.000000
0 2245 0.352515 0.024432 0.024723 0.046591 0.029365 1173.000000 880.000000
0 2246 0.353367 0.023864 0.024723 0.045455 0.029268 1173.000000 880.000000
0 2247 0.354220 0.023864 0.024723 0.045455 0.029268 1173.000000 880.000000
0 2248 0.355072 0.023295 0.024723 0.044318 0.058333 1173.000000 880.000000
0 2249 0.355925 0.022727 0.024723 0.043182 0.058120 1173.000000 880.000000
0 2250 0.356777 0.022159 0.024723 0.042045 0.057895 1173.000000 880.000000
0 2251 0.357630 0.022159 0.024723 0.042045 0.028070 1173.000000 880.000000
0 2252 0.358483 0.021591 0.024723 0.040909 0.027928 1173.000000 880.000000
0 2253 0.359335 0.021023 0.024723 0.039773 0.000000 1173.000000 880.000000
0 2254 0.360188 0.020455 0.024723 0.038636 0.000000 1173.000000 880.000000
0 2255 0.361040 0.020455 0.024723 0.038636 0.000000 1173.000000 880.000000
0 2256 0.361893 0.019886 0.024723 0.037500 0.000000 1173.000000 880.000000
0 2257 0.362745 0.019318 0.024723 0.036364 0.000000 1173.000000 880.000000
0 2258 0.363598 0.018750 0.024723 0.035227 0.000000 1173.000000 880.000000
0 2259 0.364450 0.018750 0.024723 0.035227 0.000000 1173.000000 880.000000
0 2260 0.365303 0.018182 0.024723 0.034091 0.000000 1173.000000 880.000000
0 2261 0.366155 0.017614 0.024723 0.032955 0.000000 1173.000000 880.000000
0 2262 0.367008 0.017045 0.024723 0.031818 0.000000 1173.000000 880.000000
0 2263 0.367860 0.017045 0.024723 0.031818 0.000000 1173.000000 880.000000
0 2264 0.368713 0.016477 0.024723 0.030682 0.000000 1173.000000 880.000000
0 2265 0.369565 0.015909 0.024723 0.029545 0.000000 1173.000000 880.000000
0 2266 0.370418 0.015341 0.024723 0.028409 0.000000 1173.000000 880.000000
0 2267 0.371270 0.015341 0.024723 0.028409 0.000000 1173.000000 880.000000
0 2268 0.371270 0.014773 0.024723 0.027273 0.000000 1173.000000 880.000000
0 2269 0.372123 0.014205 0.024723 0.026136 0.000000 1173.000000 880.000000
0 2270 0.372975 0.014205 0.024723 0.026136 0.000000 1173.000000 880.000000
0 2271 0.373828 0.013636 0.024723 0.025000 0.000000 1173.000000 880.000000
0 2272 0.374254 0.013068 0.025575 0.023864 0.000000 1173.000000 880.000000
0 2273 0.374680 0.013068 0.024723 0.023864 0.000000 1173.000000 880.000000
0 2274 0.375533 0.012500 0.024723 0.022727 0.000000 1173.000000 880.000000
0 2275 0.376385 0.011932 0.024723 0.021591 0.000000 1173.000000 880.000000
0 2276 0.376812 0.011932 0.025575 0.021591 0.000000 1173.000000 880.000000
0 2277 0.377664 0.011364 0.025575 0.020455 0.000000 1173.000000 880.000000
0 2278 0.378517 0.011364 0.025575 0.020455 0.000000 1173.000000 880.000000
0 2279 0.378943 0.010795 0.024723 0.019318 0.000000 1173.000000 880.000000
0 2280 0.379795 0.010227 0.024723 0.018182 0.000000 1173.000000 880.000000
0 2281 0.380222 0.010227 0.025575 0.018182 0.000000 1173.000000 880.000000
0 2282 0.381074 0.009659 0.025575 0.017045 0.000000 1173.000000 880.000000
0 2283 0.381927 0.009091 0.025575 0.015909 0.000000 1173.000000 880.000000
0 2284 0.382353 0.009091 0.024723 0.015909 0.000000 1173.000000 880.000000
0 2285 0.382779 0.008523 0.025575 0.014773 0.000000 1173.000000 880.000000
0 2286 0.383632 0.007955 0.025575 0.013636 0.000000 1173.000000 880.000000
0 2287 0.384484 0.007955 0.025575 0.013636 0.000000 1173.000000 880.000000
0 2288 0.385337 0.007386 0.025575 0.012500 0.000000 1173.000000 880.000000
