0 1 0.075260 0.624537 0.043229 0.232407 1.000000 1920.000000 1080.000000
0 2 0.074740 0.624074 0.043229 0.231481 1.000000 1920.000000 1080.000000
0 3 0.074740 0.624074 0.043229 0.231481 1.000000 1920.000000 1080.000000
0 4 0.074740 0.624074 0.043229 0.231481 1.000000 1920.000000 1080.000000
0 5 0.074740 0.624074 0.043229 0.231481 1.000000 1920.000000 1080.000000
0 6 0.074740 0.624074 0.043229 0.231481 1.000000 1920.000000 1080.000000
0 7 0.074740 0.624074 0.043229 0.231481 1.000000 1920.000000 1080.000000
0 8 0.074740 0.624074 0.043229 0.231481 1.000000 1920.000000 1080.000000
0 9 0.074740 0.624074 0.043229 0.231481 1.000000 1920.000000 1080.000000
0 10 0.074740 0.624074 0.043229 0.231481 1.000000 1920.000000 1080.000000
0 11 0.074740 0.624074 0.043229 0.231481 1.000000 1920.000000 1080.000000
0 12 0.074740 0.624074 0.043229 0.231481 1.000000 1920.000000 1080.000000
0 13 0.074740 0.624074 0.043229 0.231481 1.000000 1920.000000 1080.000000
0 14 0.074740 0.624074 0.043229 0.231481 1.000000 1920.000000 1080.000000
0 15 0.074740 0.624074 0.043229 0.231481 1.000000 1920.000000 1080.000000
0 16 0.074740 0.624074 0.043229 0.231481 1.000000 1920.000000 1080.000000
0 17 0.074740 0.624074 0.043229 0.231481 1.000000 1920.000000 1080.000000
0 18 0.074740 0.624074 0.043229 0.231481 1.000000 1920.000000 1080.000000
0 19 0.074740 0.624074 0.043229 0.231481 1.000000 1920.000000 1080.000000
0 20 0.074740 0.624074 0.043229 0.231481 1.000000 1920.000000 1080.000000
0 21 0.074740 0.624074 0.043229 0.231481 1.000000 1920.000000 1080.000000
0 22 0.074740 0.624074 0.043229 0.231481 1.000000 1920.000000 1080.000000
0 23 0.074740 0.624074 0.043229 0.231481 1.000000 1920.000000 1080.000000
0 24 0.074740 0.624074 0.043229 0.231481 1.000000 1920.000000 1080.000000
0 25 0.074740 0.624074 0.043229 0.231481 1.000000 1920.000000 1080.000000
0 26 0.074740 0.624074 0.043229 0.231481 1.000000 1920.000000 1080.000000
0 27 0.074740 0.624074 0.043229 0.231481 1.000000 1920.000000 1080.000000
0 28 0.074740 0.624074 0.043229 0.231481 1.000000 1920.000000 1080.000000
0 29 0.074740 0.624074 0.043229 0.231481 1.000000 1920.000000 1080.000000
0 30 0.074740 0.624074 0.043229 0.231481 1.000000 1920.000000 1080.000000
0 31 0.074740 0.624074 0.043229 0.231481 1.000000 1920.000000 1080.000000
0 32 0.074740 0.624074 0.043229 0.231481 1.000000 1920.000000 1080.000000
0 33 0.074740 0.624074 0.043229 0.231481 1.000000 1920.000000 1080.000000
0 34 0.074740 0.624074 0.043229 0.231481 1.000000 1920.000000 1080.000000
0 35 0.074740 0.624074 0.043229 0.231481 1.000000 1920.000000 1080.000000
0 36 0.074740 0.623611 0.043229 0.230556 1.000000 1920.000000 1080.000000
0 37 0.074740 0.623611 0.043229 0.230556 1.000000 1920.000000 1080.000000
0 38 0.074740 0.623611 0.043229 0.230556 1.000000 1920.000000 1080.000000
0 39 0.074740 0.623611 0.043229 0.230556 1.000000 1920.000000 1080.000000
0 40 0.074740 0.623611 0.043229 0.230556 1.000000 1920.000000 1080.000000
0 41 0.074740 0.623611 0.043229 0.230556 1.000000 1920.000000 1080.000000
0 42 0.074740 0.623611 0.043229 0.230556 1.000000 1920.000000 1080.000000
0 43 0.074740 0.623611 0.043229 0.230556 1.000000 1920.000000 1080.000000
0 44 0.074740 0.623611 0.043229 0.230556 1.000000 1920.000000 1080.000000
0 45 0.074740 0.623611 0.043229 0.230556 1.000000 1920.000000 1080.000000
0 46 0.074740 0.623611 0.043229 0.230556 1.000000 1920.000000 1080.000000
0 47 0.074740 0.623611 0.043229 0.230556 1.000000 1920.000000 1080.000000
0 48 0.074740 0.623611 0.043229 0.230556 1.000000 1920.000000 1080.000000
0 49 0.074740 0.623611 0.043229 0.230556 1.000000 1920.000000 1080.000000
0 50 0.074740 0.623611 0.043229 0.230556 1.000000 1920.000000 1080.000000
0 51 0.074740 0.623611 0.043229 0.230556 1.000000 1920.000000 1080.000000
0 52 0.074740 0.623611 0.043229 0.230556 1.000000 1920.000000 1080.000000
0 53 0.074740 0.623611 0.043229 0.230556 1.000000 1920.000000 1080.000000
0 54 0.074740 0.623611 0.043229 0.230556 1.000000 1920.000000 1080.000000
0 55 0.074740 0.623611 0.043229 0.230556 1.000000 1920.000000 1080.000000
0 56 0.074740 0.623611 0.043229 0.230556 1.000000 1920.000000 1080.000000
0 57 0.074740 0.623611 0.043229 0.230556 1.000000 1920.000000 1080.000000
0 58 0.074740 0.623611 0.043229 0.230556 1.000000 1920.000000 1080.000000
0 59 0.074740 0.623611 0.043229 0.230556 1.000000 1920.000000 1080.000000
0 60 0.074740 0.623611 0.043229 0.230556 1.000000 1920.000000 1080.000000
0 61 0.074740 0.623611 0.043229 0.230556 1.000000 1920.000000 1080.000000
0 62 0.074740 0.623611 0.043229 0.230556 1.000000 1920.000000 1080.000000
0 63 0.074740 0.623611 0.043229 0.230556 1.000000 1920.000000 1080.000000
0 64 0.074740 0.623611 0.043229 0.230556 1.000000 1920.000000 1080.000000
0 65 0.074740 0.623611 0.043229 0.230556 1.000000 1920.000000 1080.000000
0 66 0.074740 0.623611 0.043229 0.230556 1.000000 1920.000000 1080.000000
0 67 0.074740 0.623611 0.043229 0.230556 1.000000 1920.000000 1080.000000
0 68 0.074740 0.623611 0.043229 0.230556 1.000000 1920.000000 1080.000000
0 69 0.074740 0.623611 0.043229 0.230556 1.000000 1920.000000 1080.000000
0 70 0.074740 0.623148 0.043229 0.229630 1.000000 1920.000000 1080.000000
0 71 0.074740 0.623148 0.043229 0.229630 1.000000 1920.000000 1080.000000
0 72 0.074740 0.623148 0.043229 0.229630 1.000000 1920.000000 1080.000000
0 73 0.074740 0.623148 0.043229 0.229630 1.000000 1920.000000 1080.000000
0 74 0.074740 0.623148 0.043229 0.229630 1.000000 1920.000000 1080.000000
0 75 0.074740 0.623148 0.043229 0.229630 1.000000 1920.000000 1080.000000
0 76 0.074740 0.623148 0.043229 0.229630 1.000000 1920.000000 1080.000000
0 77 0.074740 0.623148 0.043229 0.229630 1.000000 1920.000000 1080.000000
0 78 0.074740 0.623148 0.043229 0.229630 1.000000 1920.000000 1080.000000
0 79 0.074740 0.623148 0.043229 0.229630 1.000000 1920.000000 1080.000000
0 80 0.074740 0.623148 0.043229 0.229630 1.000000 1920.000000 1080.000000
0 81 0.074740 0.623148 0.043229 0.229630 1.000000 1920.000000 1080.000000
0 82 0.074740 0.623148 0.043229 0.229630 1.000000 1920.000000 1080.000000
0 83 0.074740 0.623148 0.043229 0.229630 1.000000 1920.000000 1080.000000
0 84 0.074740 0.623148 0.043229 0.229630 1.000000 1920.000000 1080.000000
0 85 0.074740 0.623148 0.043229 0.229630 1.000000 1920.000000 1080.000000
0 86 0.074740 0.623148 0.043229 0.229630 1.000000 1920.000000 1080.000000
0 87 0.074740 0.623148 0.043229 0.229630 1.000000 1920.000000 1080.000000
0 88 0.074740 0.623148 0.043229 0.229630 1.000000 1920.000000 1080.000000
0 89 0.074740 0.623148 0.043229 0.229630 1.000000 1920.000000 1080.000000
0 90 0.074740 0.623148 0.043229 0.229630 1.000000 1920.000000 1080.000000
0 91 0.074740 0.623148 0.043229 0.229630 1.000000 1920.000000 1080.000000
0 92 0.074740 0.623148 0.043229 0.229630 1.000000 1920.000000 1080.000000
0 93 0.074740 0.623148 0.043229 0.229630 1.000000 1920.000000 1080.000000
0 94 0.074740 0.623148 0.043229 0.229630 1.000000 1920.000000 1080.000000
0 95 0.074740 0.623148 0.043229 0.229630 1.000000 1920.000000 1080.000000
0 96 0.074740 0.623148 0.043229 0.229630 1.000000 1920.000000 1080.000000
0 97 0.074740 0.623148 0.043229 0.229630 1.000000 1920.000000 1080.000000
0 98 0.074740 0.623148 0.043229 0.229630 1.000000 1920.000000 1080.000000
0 99 0.074740 0.623148 0.043229 0.229630 1.000000 1920.000000 1080.000000
0 100 0.074740 0.623148 0.043229 0.229630 1.000000 1920.000000 1080.000000
0 101 0.074740 0.623148 0.043229 0.229630 1.000000 1920.000000 1080.000000
0 102 0.074740 0.623148 0.043229 0.229630 1.000000 1920.000000 1080.000000
0 103 0.074740 0.623148 0.043229 0.229630 0.983790 1920.000000 1080.000000
0 104 0.074219 0.622685 0.043229 0.230556 0.956570 1920.000000 1080.000000
0 105 0.074219 0.622685 0.043229 0.230556 0.939760 1920.000000 1080.000000
0 106 0.074219 0.622685 0.043229 0.230556 0.917140 1920.000000 1080.000000
0 107 0.074219 0.622685 0.043229 0.230556 0.893240 1920.000000 1080.000000
0 108 0.074219 0.622685 0.043229 0.230556 0.875330 1920.000000 1080.000000
0 109 0.074219 0.622685 0.043229 0.230556 0.851430 1920.000000 1080.000000
0 110 0.074219 0.622685 0.043229 0.230556 0.827140 1920.000000 1080.000000
0 111 0.074219 0.622685 0.043229 0.230556 0.802480 1920.000000 1080.000000
0 112 0.074219 0.622685 0.043229 0.230556 0.793330 1920.000000 1080.000000
0 113 0.074219 0.622685 0.043229 0.230556 0.784000 1920.000000 1080.000000
0 114 0.074219 0.622685 0.043229 0.230556 0.768380 1920.000000 1080.000000
0 115 0.074219 0.622685 0.043229 0.230556 0.758570 1920.000000 1080.000000
0 116 0.074219 0.622685 0.043229 0.230556 0.742290 1920.000000 1080.000000
0 117 0.074219 0.622685 0.043229 0.230556 0.732000 1920.000000 1080.000000
0 118 0.074219 0.622685 0.043229 0.230556 0.721520 1920.000000 1080.000000
0 119 0.073698 0.622685 0.043229 0.230556 0.697710 1920.000000 1080.000000
0 120 0.073698 0.622685 0.043229 0.230556 0.686670 1920.000000 1080.000000
0 121 0.073698 0.622685 0.043229 0.230556 0.668670 1920.000000 1080.000000
0 122 0.073698 0.622685 0.043229 0.230556 0.650290 1920.000000 1080.000000
0 123 0.073698 0.622685 0.043229 0.230556 0.627140 1920.000000 1080.000000
0 124 0.073698 0.622685 0.043229 0.230556 0.603710 1920.000000 1080.000000
0 125 0.073698 0.622685 0.043229 0.230556 0.580000 1920.000000 1080.000000
0 126 0.073698 0.622685 0.043229 0.230556 0.570100 1920.000000 1080.000000
0 127 0.073698 0.622685 0.043229 0.230556 0.567190 1920.000000 1080.000000
0 128 0.073698 0.622685 0.043229 0.230556 0.571430 1920.000000 1080.000000
0 129 0.073698 0.622685 0.043229 0.230556 0.568570 1920.000000 1080.000000
0 130 0.073698 0.622685 0.043229 0.230556 0.565710 1920.000000 1080.000000
0 131 0.073698 0.622685 0.043229 0.230556 0.570140 1920.000000 1080.000000
0 132 0.073698 0.622685 0.043229 0.230556 0.542380 1920.000000 1080.000000
0 133 0.073698 0.623148 0.043229 0.231481 0.560660 1920.000000 1080.000000
0 134 0.073698 0.622222 0.043229 0.231481 0.583000 1920.000000 1080.000000
0 135 0.073698 0.622222 0.043229 0.231481 0.602830 1920.000000 1080.000000
0 136 0.073698 0.622222 0.043229 0.231481 0.622940 1920.000000 1080.000000
0 137 0.073698 0.622222 0.043229 0.231481 0.641100 1920.000000 1080.000000
0 138 0.073698 0.621759 0.043229 0.232407 0.663270 1920.000000 1080.000000
0 139 0.073698 0.621759 0.043229 0.232407 0.684290 1920.000000 1080.000000
0 140 0.073698 0.621759 0.043229 0.232407 0.705590 1920.000000 1080.000000
0 141 0.073698 0.621759 0.043229 0.232407 0.734980 1920.000000 1080.000000
0 142 0.073698 0.621296 0.043229 0.233333 0.756400 1920.000000 1080.000000
0 143 0.074219 0.621296 0.043229 0.233333 0.769390 1920.000000 1080.000000
0 144 0.074219 0.620833 0.043229 0.232407 0.799230 1920.000000 1080.000000
0 145 0.074219 0.620833 0.043229 0.232407 0.821240 1920.000000 1080.000000
0 146 0.074219 0.620370 0.043229 0.233333 0.852630 1920.000000 1080.000000
0 147 0.074219 0.620370 0.043229 0.233333 0.875780 1920.000000 1080.000000
0 148 0.074219 0.620370 0.043229 0.233333 0.899490 1920.000000 1080.000000
0 149 0.074219 0.620370 0.043229 0.233333 0.932240 1920.000000 1080.000000
0 150 0.074219 0.619907 0.043229 0.234259 0.957350 1920.000000 1080.000000
0 151 0.074219 0.619907 0.043229 0.234259 0.991420 1920.000000 1080.000000
0 152 0.074219 0.619907 0.043229 0.234259 1.000000 1920.000000 1080.000000
0 153 0.074740 0.619907 0.043229 0.234259 1.000000 1920.000000 1080.000000
0 154 0.074479 0.619444 0.042708 0.233333 1.000000 1920.000000 1080.000000
0 155 0.074479 0.619907 0.042708 0.232407 1.000000 1920.000000 1080.000000
0 156 0.074479 0.619907 0.042708 0.232407 1.000000 1920.000000 1080.000000
0 157 0.074479 0.620370 0.042708 0.231481 1.000000 1920.000000 1080.000000
0 158 0.074740 0.620370 0.042188 0.231481 1.000000 1920.000000 1080.000000
0 159 0.074479 0.620833 0.041667 0.230556 1.000000 1920.000000 1080.000000
0 160 0.074479 0.620833 0.041667 0.230556 1.000000 1920.000000 1080.000000
0 161 0.074479 0.621296 0.041667 0.229630 1.000000 1920.000000 1080.000000
0 162 0.074479 0.621296 0.041667 0.229630 1.000000 1920.000000 1080.000000
0 163 0.074740 0.621759 0.041146 0.228704 1.000000 1920.000000 1080.000000
0 164 0.074479 0.621296 0.041667 0.229630 1.000000 1920.000000 1080.000000
0 165 0.074479 0.621296 0.041667 0.229630 1.000000 1920.000000 1080.000000
0 166 0.074479 0.621296 0.041667 0.229630 1.000000 1920.000000 1080.000000
0 167 0.074219 0.621296 0.042188 0.229630 1.000000 1920.000000 1080.000000
0 168 0.074219 0.621296 0.042188 0.229630 1.000000 1920.000000 1080.000000
0 169 0.074219 0.621296 0.042188 0.229630 1.000000 1920.000000 1080.000000
0 170 0.073958 0.621296 0.042708 0.229630 1.000000 1920.000000 1080.000000
0 171 0.074219 0.621296 0.043229 0.229630 1.000000 1920.000000 1080.000000
0 172 0.074219 0.621296 0.043229 0.229630 1.000000 1920.000000 1080.000000
0 173 0.073958 0.621296 0.043750 0.229630 1.000000 1920.000000 1080.000000
0 174 0.073958 0.621296 0.043750 0.229630 1.000000 1920.000000 1080.000000
0 175 0.073958 0.621296 0.043750 0.229630 1.000000 1920.000000 1080.000000
0 176 0.073698 0.621296 0.044271 0.229630 1.000000 1920.000000 1080.000000
0 177 0.073698 0.621296 0.044271 0.229630 0.982910 1920.000000 1080.000000
0 178 0.073698 0.621296 0.044271 0.229630 0.915480 1920.000000 1080.000000
0 179 0.073698 0.621296 0.045312 0.229630 0.884360 1920.000000 1080.000000
0 180 0.073698 0.621296 0.045312 0.229630 0.860350 1920.000000 1080.000000
0 181 0.073698 0.621296 0.045312 0.229630 0.836620 1920.000000 1080.000000
0 182 0.073698 0.621296 0.045312 0.229630 0.813160 1920.000000 1080.000000
0 183 0.073438 0.621296 0.045833 0.229630 0.776360 1920.000000 1080.000000
0 184 0.073438 0.621296 0.045833 0.229630 0.752400 1920.000000 1080.000000
0 185 0.073438 0.621296 0.045833 0.229630 0.729980 1920.000000 1080.000000
0 186 0.073438 0.621296 0.046875 0.229630 0.706520 1920.000000 1080.000000
0 187 0.073438 0.621296 0.046875 0.229630 0.685160 1920.000000 1080.000000
0 188 0.073438 0.621296 0.046875 0.229630 0.656430 1920.000000 1080.000000
0 189 0.073177 0.621296 0.047396 0.229630 0.632090 1920.000000 1080.000000
0 190 0.073177 0.621296 0.047396 0.229630 0.614110 1920.000000 1080.000000
0 191 0.073177 0.621296 0.047396 0.229630 0.596650 1920.000000 1080.000000
0 192 0.072917 0.621296 0.047917 0.229630 0.577060 1920.000000 1080.000000
0 193 0.072917 0.621296 0.047917 0.229630 0.560910 1920.000000 1080.000000
0 194 0.073177 0.621296 0.048438 0.229630 0.550120 1920.000000 1080.000000
0 195 0.072917 0.621296 0.048958 0.229630 0.533290 1920.000000 1080.000000
0 196 0.072917 0.621296 0.048958 0.229630 0.519090 1920.000000 1080.000000
0 197 0.072917 0.621296 0.048958 0.229630 0.505390 1920.000000 1080.000000
0 198 0.072656 0.621296 0.049479 0.229630 0.484610 1920.000000 1080.000000
0 199 0.072656 0.621296 0.049479 0.229630 0.475150 1920.000000 1080.000000
0 200 0.072656 0.621296 0.049479 0.229630 0.465860 1920.000000 1080.000000
0 201 0.072917 0.621296 0.050000 0.229630 0.462340 1920.000000 1080.000000
0 202 0.072656 0.621296 0.049479 0.229630 0.441520 1920.000000 1080.000000
0 203 0.072656 0.621296 0.049479 0.229630 0.432770 1920.000000 1080.000000
0 204 0.072656 0.621296 0.049479 0.229630 0.424200 1920.000000 1080.000000
0 205 0.072656 0.622222 0.049479 0.229630 0.405620 1920.000000 1080.000000
0 206 0.072917 0.622222 0.048958 0.229630 0.409640 1920.000000 1080.000000
0 207 0.072656 0.622222 0.048438 0.229630 0.413650 1920.000000 1080.000000
0 208 0.072656 0.622222 0.048438 0.229630 0.417760 1920.000000 1080.000000
0 209 0.072656 0.623148 0.048438 0.229630 0.404000 1920.000000 1080.000000
0 210 0.072917 0.623148 0.047917 0.229630 0.397940 1920.000000 1080.000000
0 211 0.072917 0.623148 0.047917 0.229630 0.395130 1920.000000 1080.000000
0 212 0.072917 0.624074 0.047917 0.229630 0.384980 1920.000000 1080.000000
0 213 0.072656 0.624074 0.047396 0.229630 0.380830 1920.000000 1080.000000
0 214 0.072917 0.624074 0.046875 0.229630 0.379670 1920.000000 1080.000000
0 215 0.072917 0.624074 0.046875 0.229630 0.373100 1920.000000 1080.000000
0 216 0.072917 0.625000 0.046875 0.229630 0.364540 1920.000000 1080.000000
0 217 0.072917 0.625000 0.046875 0.229630 0.361750 1920.000000 1080.000000
0 218 0.073177 0.625000 0.046354 0.229630 0.357430 1920.000000 1080.000000
0 219 0.072917 0.625000 0.045833 0.229630 0.350160 1920.000000 1080.000000
0 220 0.072917 0.625926 0.045833 0.229630 0.340370 1920.000000 1080.000000
0 221 0.072917 0.625926 0.045833 0.229630 0.335360 1920.000000 1080.000000
0 222 0.073177 0.625926 0.045312 0.229630 0.333520 1920.000000 1080.000000
0 223 0.073177 0.626852 0.045312 0.229630 0.326810 1920.000000 1080.000000
0 224 0.073177 0.626852 0.045312 0.229630 0.323840 1920.000000 1080.000000
0 225 0.072917 0.626852 0.044792 0.229630 0.315610 1920.000000 1080.000000
0 226 0.073177 0.626852 0.044271 0.229630 0.312040 1920.000000 1080.000000
0 227 0.073177 0.627778 0.044271 0.229630 0.303960 1920.000000 1080.000000
0 228 0.073177 0.627778 0.044271 0.229630 0.305220 1920.000000 1080.000000
0 229 0.073177 0.627778 0.044271 0.229630 0.333330 1920.000000 1080.000000
0 230 0.073438 0.628704 0.043750 0.229630 0.374250 1920.000000 1080.000000
0 231 0.073958 0.628704 0.043750 0.229630 0.394050 1920.000000 1080.000000
0 232 0.074479 0.628704 0.043750 0.229630 0.425090 1920.000000 1080.000000
0 233 0.075000 0.629167 0.043750 0.228704 0.453370 1920.000000 1080.000000
0 234 0.075521 0.629630 0.043750 0.229630 0.482350 1920.000000 1080.000000
0 235 0.076563 0.630093 0.043750 0.228704 0.502090 1920.000000 1080.000000
0 236 0.077083 0.630093 0.043750 0.228704 0.520590 1920.000000 1080.000000
0 237 0.077604 0.630556 0.043750 0.229630 0.548410 1920.000000 1080.000000
0 238 0.078125 0.631019 0.043750 0.228704 0.574950 1920.000000 1080.000000
0 239 0.078646 0.631019 0.043750 0.228704 0.602750 1920.000000 1080.000000
0 240 0.079687 0.631944 0.043750 0.228704 0.620160 1920.000000 1080.000000
0 241 0.080208 0.631944 0.043750 0.228704 0.629980 1920.000000 1080.000000
0 242 0.080729 0.631944 0.043750 0.228704 0.649340 1920.000000 1080.000000
0 243 0.081250 0.632407 0.043750 0.227778 0.666970 1920.000000 1080.000000
0 244 0.081771 0.632870 0.043750 0.228704 0.682730 1920.000000 1080.000000
0 245 0.082812 0.633333 0.043750 0.227778 0.692780 1920.000000 1080.000000
0 246 0.083333 0.633333 0.043750 0.227778 0.703930 1920.000000 1080.000000
0 247 0.083854 0.633796 0.043750 0.228704 0.719170 1920.000000 1080.000000
0 248 0.084375 0.634259 0.043750 0.227778 0.735750 1920.000000 1080.000000
0 249 0.084896 0.634259 0.043750 0.227778 0.753080 1920.000000 1080.000000
0 250 0.085938 0.635185 0.043750 0.227778 0.761610 1920.000000 1080.000000
0 251 0.086979 0.635185 0.043750 0.227778 0.783570 1920.000000 1080.000000
0 252 0.088542 0.635648 0.043750 0.228704 0.797910 1920.000000 1080.000000
0 253 0.089583 0.636111 0.043750 0.227778 0.818670 1920.000000 1080.000000
0 254 0.091146 0.636574 0.043750 0.228704 0.833970 1920.000000 1080.000000
0 255 0.092448 0.637500 0.044271 0.228704 0.855590 1920.000000 1080.000000
0 256 0.093750 0.637500 0.043750 0.228704 0.874720 1920.000000 1080.000000
0 257 0.095312 0.638426 0.043750 0.228704 0.888710 1920.000000 1080.000000
0 258 0.096615 0.638889 0.044271 0.229630 0.903330 1920.000000 1080.000000
0 259 0.097917 0.639352 0.043750 0.228704 0.922010 1920.000000 1080.000000
0 260 0.099219 0.639815 0.044271 0.229630 0.942840 1920.000000 1080.000000
0 261 0.100781 0.640278 0.044271 0.230556 0.943490 1920.000000 1080.000000
0 262 0.101823 0.640741 0.044271 0.229630 0.950310 1920.000000 1080.000000
0 263 0.103385 0.641204 0.044271 0.230556 0.957350 1920.000000 1080.000000
0 264 0.104948 0.642130 0.044271 0.230556 0.957670 1920.000000 1080.000000
0 265 0.105990 0.642130 0.044271 0.230556 0.970470 1920.000000 1080.000000
0 266 0.107552 0.643056 0.044271 0.230556 0.970700 1920.000000 1080.000000
0 267 0.108594 0.643056 0.044271 0.230556 0.976930 1920.000000 1080.000000
0 268 0.110156 0.643981 0.044271 0.230556 0.980510 1920.000000 1080.000000
0 269 0.111719 0.644444 0.044271 0.231481 0.978370 1920.000000 1080.000000
0 270 0.112760 0.644907 0.044271 0.230556 0.985400 1920.000000 1080.000000
0 271 0.114323 0.645370 0.044271 0.231481 0.983460 1920.000000 1080.000000
0 272 0.115625 0.645833 0.044792 0.232407 0.985310 1920.000000 1080.000000
0 273 0.116927 0.646296 0.044271 0.231481 0.985730 1920.000000 1080.000000
0 274 0.118229 0.646759 0.044792 0.232407 0.984670 1920.000000 1080.000000
0 275 0.119792 0.647685 0.044792 0.232407 0.983170 1920.000000 1080.000000
0 276 0.121094 0.647685 0.044271 0.232407 0.984220 1920.000000 1080.000000
0 277 0.122396 0.648611 0.044792 0.232407 0.983120 1920.000000 1080.000000
0 278 0.123958 0.649074 0.044792 0.233333 0.984100 1920.000000 1080.000000
0 279 0.125000 0.649537 0.044792 0.232407 0.982940 1920.000000 1080.000000
0 280 0.126562 0.650000 0.044792 0.233333 0.982010 1920.000000 1080.000000
0 281 0.128125 0.650926 0.044792 0.233333 0.981100 1920.000000 1080.000000
0 282 0.129427 0.650926 0.045312 0.233333 0.979790 1920.000000 1080.000000
0 283 0.131250 0.650926 0.045833 0.233333 0.978860 1920.000000 1080.000000
0 284 0.132552 0.650926 0.046354 0.233333 0.978660 1920.000000 1080.000000
0 285 0.134375 0.651389 0.046875 0.234259 0.976380 1920.000000 1080.000000
0 286 0.135937 0.651389 0.046875 0.234259 0.977160 1920.000000 1080.000000
0 287 0.137500 0.651389 0.047917 0.234259 0.974730 1920.000000 1080.000000
0 288 0.139063 0.651852 0.047917 0.235185 0.971960 1920.000000 1080.000000
0 289 0.140625 0.651852 0.048958 0.235185 0.967470 1920.000000 1080.000000
0 290 0.142187 0.651852 0.048958 0.235185 0.969540 1920.000000 1080.000000
0 291 0.144010 0.652778 0.049479 0.235185 0.968100 1920.000000 1080.000000
0 292 0.145313 0.652778 0.050000 0.235185 0.971500 1920.000000 1080.000000
0 293 0.147135 0.652778 0.050521 0.235185 0.972150 1920.000000 1080.000000
0 294 0.148438 0.652778 0.051042 0.235185 0.976390 1920.000000 1080.000000
0 295 0.150260 0.653241 0.051562 0.236111 0.979450 1920.000000 1080.000000
0 296 0.151823 0.653241 0.051562 0.236111 0.982660 1920.000000 1080.000000
0 297 0.153385 0.653241 0.052604 0.236111 0.980970 1920.000000 1080.000000
0 298 0.154948 0.653704 0.052604 0.237037 0.981310 1920.000000 1080.000000
0 299 0.156510 0.653704 0.053646 0.237037 0.979950 1920.000000 1080.000000
0 300 0.158073 0.653704 0.053646 0.237037 0.983240 1920.000000 1080.000000
0 301 0.159896 0.654630 0.054167 0.237037 0.978990 1920.000000 1080.000000
0 302 0.161979 0.654630 0.053125 0.237037 0.976960 1920.000000 1080.000000
0 303 0.164583 0.654630 0.052083 0.237037 0.972720 1920.000000 1080.000000
0 304 0.166927 0.654630 0.051562 0.237037 0.968950 1920.000000 1080.000000
0 305 0.169531 0.654630 0.050521 0.237037 0.965700 1920.000000 1080.000000
0 306 0.171615 0.655093 0.049479 0.237963 0.963620 1920.000000 1080.000000
0 307 0.174219 0.655093 0.048438 0.237963 0.960040 1920.000000 1080.000000
0 308 0.176563 0.655093 0.047917 0.237963 0.957110 1920.000000 1080.000000
0 309 0.179167 0.655093 0.046875 0.237963 0.953960 1920.000000 1080.000000
0 310 0.181771 0.655556 0.045833 0.238889 0.951200 1920.000000 1080.000000
0 311 0.183073 0.655093 0.047396 0.237963 0.950460 1920.000000 1080.000000
0 312 0.184896 0.654630 0.048958 0.237037 0.950480 1920.000000 1080.000000
0 313 0.186458 0.655093 0.050000 0.236111 0.952160 1920.000000 1080.000000
0 314 0.188281 0.654630 0.051562 0.235185 0.953410 1920.000000 1080.000000
0 315 0.189844 0.654630 0.052604 0.235185 0.956170 1920.000000 1080.000000
0 316 0.191667 0.654630 0.054167 0.233333 0.958330 1920.000000 1080.000000
0 317 0.193229 0.654630 0.055208 0.233333 0.960290 1920.000000 1080.000000
0 318 0.195052 0.654167 0.056771 0.232407 0.965150 1920.000000 1080.000000
0 319 0.196615 0.654630 0.057813 0.231481 0.967560 1920.000000 1080.000000
0 320 0.198437 0.654167 0.059375 0.230556 0.973390 1920.000000 1080.000000
0 321 0.200260 0.654630 0.060937 0.229630 0.976550 1920.000000 1080.000000
0 322 0.202083 0.653704 0.059375 0.229630 0.983660 1920.000000 1080.000000
0 323 0.204427 0.653704 0.057813 0.229630 0.988810 1920.000000 1080.000000
0 324 0.206771 0.653704 0.056250 0.229630 0.992340 1920.000000 1080.000000
0 325 0.208854 0.653704 0.054167 0.229630 0.998050 1920.000000 1080.000000
0 326 0.211198 0.653704 0.052604 0.229630 1.000000 1920.000000 1080.000000
0 327 0.213542 0.652778 0.051042 0.229630 1.000000 1920.000000 1080.000000
0 328 0.215625 0.652778 0.048958 0.229630 1.000000 1920.000000 1080.000000
0 329 0.217969 0.652778 0.047396 0.229630 1.000000 1920.000000 1080.000000
0 330 0.220312 0.652778 0.045833 0.229630 1.000000 1920.000000 1080.000000
0 331 0.222656 0.652778 0.044271 0.229630 1.000000 1920.000000 1080.000000
0 332 0.224740 0.651852 0.045312 0.229630 1.000000 1920.000000 1080.000000
0 333 0.227083 0.651389 0.045833 0.230556 1.000000 1920.000000 1080.000000
0 334 0.229427 0.650463 0.047396 0.230556 1.000000 1920.000000 1080.000000
0 335 0.231771 0.650000 0.047917 0.231481 1.000000 1920.000000 1080.000000
0 336 0.234115 0.649537 0.049479 0.232407 1.000000 1920.000000 1080.000000
0 337 0.236458 0.648611 0.050000 0.232407 1.000000 1920.000000 1080.000000
0 338 0.238542 0.648148 0.051042 0.233333 1.000000 1920.000000 1080.000000
0 339 0.241146 0.647222 0.052083 0.233333 1.000000 1920.000000 1080.000000
0 340 0.243229 0.646759 0.053125 0.234259 1.000000 1920.000000 1080.000000
0 341 0.245833 0.646296 0.054167 0.235185 1.000000 1920.000000 1080.000000
0 342 0.248438 0.645833 0.053125 0.234259 1.000000 1920.000000 1080.000000
0 343 0.251302 0.645833 0.052604 0.232407 1.000000 1920.000000 1080.000000
0 344 0.253906 0.645370 0.051562 0.231481 1.000000 1920.000000 1080.000000
0 345 0.256771 0.645833 0.051042 0.230556 1.000000 1920.000000 1080.000000
0 346 0.259635 0.645833 0.050521 0.228704 1.000000 1920.000000 1080.000000
0 347 0.262240 0.645370 0.049479 0.227778 1.000000 1920.000000 1080.000000
0 348 0.265104 0.645833 0.048958 0.226852 1.000000 1920.000000 1080.000000
0 349 0.267708 0.645370 0.047917 0.225926 1.000000 1920.000000 1080.000000
0 350 0.270573 0.645370 0.047396 0.224074 1.000000 1920.000000 1080.000000
0 351 0.273438 0.645833 0.046875 0.223148 1.000000 1920.000000 1080.000000
0 352 0.274740 0.644907 0.047396 0.223148 1.000000 1920.000000 1080.000000
0 353 0.276302 0.644444 0.048438 0.222222 1.000000 1920.000000 1080.000000
0 354 0.277604 0.643981 0.048958 0.223148 1.000000 1920.000000 1080.000000
0 355 0.279167 0.643519 0.050000 0.222222 1.000000 1920.000000 1080.000000
0 356 0.280469 0.643519 0.050521 0.222222 1.000000 1920.000000 1080.000000
0 357 0.282031 0.642593 0.051562 0.222222 1.000000 1920.000000 1080.000000
0 358 0.283333 0.642130 0.052083 0.221296 1.000000 1920.000000 1080.000000
0 359 0.284896 0.641667 0.053125 0.222222 1.000000 1920.000000 1080.000000
0 360 0.286198 0.641204 0.053646 0.221296 1.000000 1920.000000 1080.000000
0 361 0.288021 0.641204 0.054167 0.221296 1.000000 1920.000000 1080.000000
0 362 0.290104 0.641204 0.054167 0.221296 1.000000 1920.000000 1080.000000
0 363 0.292708 0.641204 0.054167 0.221296 1.000000 1920.000000 1080.000000
0 364 0.295312 0.641204 0.054167 0.221296 1.000000 1920.000000 1080.000000
0 365 0.297656 0.641667 0.054688 0.222222 1.000000 1920.000000 1080.000000
0 366 0.300260 0.641667 0.054688 0.222222 1.000000 1920.000000 1080.000000
0 367 0.302604 0.641667 0.054167 0.222222 1.000000 1920.000000 1080.000000
0 368 0.304948 0.642130 0.054688 0.223148 1.000000 1920.000000 1080.000000
0 369 0.307552 0.642130 0.054688 0.223148 0.988690 1920.000000 1080.000000
0 370 0.310156 0.642130 0.054688 0.223148 0.977390 1920.000000 1080.000000
0 371 0.312760 0.643056 0.054688 0.223148 0.965500 1920.000000 1080.000000
0 372 0.314583 0.642130 0.054167 0.223148 0.958910 1920.000000 1080.000000
0 373 0.316927 0.641204 0.053646 0.223148 0.950170 1920.000000 1080.000000
0 374 0.319271 0.640278 0.053125 0.223148 0.941590 1920.000000 1080.000000
0 375 0.321354 0.639352 0.052083 0.223148 0.934740 1920.000000 1080.000000
0 376 0.323698 0.638889 0.051562 0.224074 0.917570 1920.000000 1080.000000
0 377 0.326042 0.637963 0.051042 0.224074 0.877670 1920.000000 1080.000000
0 378 0.328125 0.637037 0.050000 0.224074 0.845570 1920.000000 1080.000000
0 379 0.330469 0.636111 0.049479 0.224074 0.803670 1920.000000 1080.000000
0 380 0.332813 0.635185 0.048958 0.224074 0.760880 1920.000000 1080.000000
0 381 0.335156 0.634722 0.048438 0.225000 0.716080 1920.000000 1080.000000
0 382 0.337240 0.633796 0.048438 0.225000 0.674920 1920.000000 1080.000000
0 383 0.339323 0.633333 0.048438 0.225926 0.632650 1920.000000 1080.000000
0 384 0.341406 0.633333 0.048438 0.225926 0.590100 1920.000000 1080.000000
0 385 0.343490 0.632870 0.048438 0.226852 0.547830 1920.000000 1080.000000
0 386 0.345573 0.632407 0.048438 0.227778 0.505560 1920.000000 1080.000000
0 387 0.347917 0.632407 0.047917 0.227778 0.467980 1920.000000 1080.000000
0 388 0.350000 0.631481 0.050000 0.227778 0.489250 1920.000000 1080.000000
0 389 0.352604 0.631019 0.052083 0.226852 0.506400 1920.000000 1080.000000
0 390 0.355208 0.630093 0.054167 0.226852 0.523040 1920.000000 1080.000000
0 391 0.357812 0.630093 0.056250 0.226852 0.536880 1920.000000 1080.000000
0 392 0.358854 0.629167 0.055208 0.226852 0.529860 1920.000000 1080.000000
0 393 0.359896 0.628704 0.054167 0.225926 0.522370 1920.000000 1080.000000
0 394 0.360938 0.628241 0.053125 0.225000 0.519930 1920.000000 1080.000000
0 395 0.361979 0.627778 0.052083 0.225926 0.515580 1920.000000 1080.000000
0 396 0.363281 0.627315 0.050521 0.225000 0.509530 1920.000000 1080.000000
0 397 0.364323 0.626852 0.049479 0.224074 0.506300 1920.000000 1080.000000
0 398 0.365365 0.626389 0.048438 0.225000 0.501090 1920.000000 1080.000000
0 399 0.366406 0.625926 0.047396 0.224074 0.497670 1920.000000 1080.000000
0 400 0.367448 0.625463 0.046354 0.223148 0.493890 1920.000000 1080.000000
0 401 0.369010 0.625463 0.045312 0.223148 0.489900 1920.000000 1080.000000
0 402 0.371094 0.625000 0.045312 0.222222 0.498920 1920.000000 1080.000000
0 403 0.373437 0.625000 0.045833 0.222222 0.530650 1920.000000 1080.000000
0 404 0.375521 0.625000 0.045833 0.222222 0.575600 1920.000000 1080.000000
0 405 0.377865 0.625463 0.046354 0.221296 0.624720 1920.000000 1080.000000
0 406 0.379948 0.625463 0.046354 0.221296 0.669170 1920.000000 1080.000000
0 407 0.382292 0.625000 0.046875 0.220370 0.718150 1920.000000 1080.000000
0 408 0.384375 0.625463 0.046875 0.219444 0.762070 1920.000000 1080.000000
0 409 0.386719 0.625463 0.047396 0.219444 0.808140 1920.000000 1080.000000
0 410 0.388802 0.625463 0.047396 0.219444 0.851620 1920.000000 1080.000000
0 411 0.391406 0.625926 0.047396 0.218519 0.905930 1920.000000 1080.000000
0 412 0.391927 0.625926 0.046354 0.218519 0.926070 1920.000000 1080.000000
0 413 0.392448 0.625926 0.045312 0.218519 0.947110 1920.000000 1080.000000
0 414 0.392969 0.626389 0.044271 0.217593 0.969110 1920.000000 1080.000000
0 415 0.393490 0.626389 0.043229 0.217593 0.992180 1920.000000 1080.000000
0 416 0.394531 0.626852 0.042188 0.216667 0.991960 1920.000000 1080.000000
0 417 0.395052 0.626852 0.041146 0.216667 0.992020 1920.000000 1080.000000
0 418 0.395573 0.626852 0.040104 0.216667 0.992360 1920.000000 1080.000000
0 419 0.396094 0.627315 0.039062 0.215741 0.992690 1920.000000 1080.000000
0 420 0.396615 0.627315 0.038021 0.215741 0.993070 1920.000000 1080.000000
0 421 0.397656 0.628241 0.036979 0.215741 0.992520 1920.000000 1080.000000
0 422 0.399219 0.628704 0.038021 0.216667 0.992350 1920.000000 1080.000000
0 423 0.401042 0.629167 0.038542 0.217593 0.992770 1920.000000 1080.000000
0 424 0.402604 0.630556 0.039583 0.218519 0.992330 1920.000000 1080.000000
0 425 0.404687 0.631019 0.040625 0.219444 0.993560 1920.000000 1080.000000
0 426 0.406510 0.632407 0.041146 0.220370 0.994560 1920.000000 1080.000000
0 427 0.408073 0.632870 0.042188 0.221296 0.995730 1920.000000 1080.000000
0 428 0.410156 0.633333 0.043229 0.222222 0.997780 1920.000000 1080.000000
0 429 0.411719 0.634722 0.044271 0.223148 0.999180 1920.000000 1080.000000
0 430 0.413542 0.635185 0.044792 0.224074 1.000000 1920.000000 1080.000000
0 431 0.415625 0.636574 0.045833 0.225000 1.000000 1920.000000 1080.000000
0 432 0.415885 0.637037 0.045312 0.225926 1.000000 1920.000000 1080.000000
0 433 0.416406 0.637500 0.044271 0.226852 1.000000 1920.000000 1080.000000
0 434 0.416667 0.637963 0.043750 0.227778 1.000000 1920.000000 1080.000000
0 435 0.417187 0.638889 0.042708 0.227778 1.000000 1920.000000 1080.000000
0 436 0.417708 0.639352 0.041667 0.228704 1.000000 1920.000000 1080.000000
0 437 0.417969 0.639815 0.041146 0.229630 1.000000 1920.000000 1080.000000
0 438 0.418490 0.640741 0.040104 0.229630 1.000000 1920.000000 1080.000000
0 439 0.418750 0.641204 0.039583 0.230556 1.000000 1920.000000 1080.000000
0 440 0.419271 0.641667 0.038542 0.231481 1.000000 1920.000000 1080.000000
0 441 0.419792 0.642593 0.037500 0.231481 1.000000 1920.000000 1080.000000
0 442 0.421094 0.642593 0.038021 0.231481 1.000000 1920.000000 1080.000000
0 443 0.422656 0.643056 0.039062 0.230556 1.000000 1920.000000 1080.000000
0 444 0.423958 0.643056 0.039583 0.230556 1.000000 1920.000000 1080.000000
0 445 0.425781 0.643519 0.040104 0.229630 1.000000 1920.000000 1080.000000
0 446 0.427344 0.643981 0.041146 0.228704 1.000000 1920.000000 1080.000000
0 447 0.428646 0.643981 0.041667 0.228704 1.000000 1920.000000 1080.000000
0 448 0.430469 0.644444 0.042188 0.227778 1.000000 1920.000000 1080.000000
0 449 0.431771 0.644444 0.042708 0.227778 1.000000 1920.000000 1080.000000
0 450 0.433333 0.644907 0.043750 0.226852 1.000000 1920.000000 1080.000000
0 451 0.435156 0.645370 0.044271 0.225926 1.000000 1920.000000 1080.000000
0 452 0.435677 0.645833 0.044271 0.226852 1.000000 1920.000000 1080.000000
0 453 0.436458 0.646759 0.043750 0.226852 1.000000 1920.000000 1080.000000
0 454 0.437240 0.647685 0.044271 0.226852 1.000000 1920.000000 1080.000000
0 455 0.438021 0.649074 0.043750 0.227778 1.000000 1920.000000 1080.000000
0 456 0.439063 0.650000 0.043750 0.227778 1.000000 1920.000000 1080.000000
0 457 0.439583 0.650926 0.043750 0.227778 1.000000 1920.000000 1080.000000
0 458 0.440365 0.652315 0.043229 0.228704 1.000000 1920.000000 1080.000000
0 459 0.441146 0.653241 0.043750 0.228704 1.000000 1920.000000 1080.000000
0 460 0.441927 0.654167 0.043229 0.228704 1.000000 1920.000000 1080.000000
0 461 0.442969 0.655556 0.043229 0.229630 1.000000 1920.000000 1080.000000
0 462 0.443229 0.656019 0.043750 0.230556 1.000000 1920.000000 1080.000000
0 463 0.443750 0.656944 0.044792 0.230556 1.000000 1920.000000 1080.000000
0 464 0.444271 0.657407 0.045833 0.231481 0.990060 1920.000000 1080.000000
0 465 0.444792 0.658333 0.046875 0.231481 0.980650 1920.000000 1080.000000
0 466 0.445573 0.658796 0.047396 0.232407 0.971530 1920.000000 1080.000000
0 467 0.445833 0.659722 0.047917 0.232407 0.971840 1920.000000 1080.000000
0 468 0.446354 0.660185 0.048958 0.233333 0.963550 1920.000000 1080.000000
0 469 0.446875 0.661111 0.050000 0.233333 0.955380 1920.000000 1080.000000
0 470 0.447396 0.661574 0.051042 0.234259 0.947980 1920.000000 1080.000000
0 471 0.448177 0.662500 0.051562 0.234259 0.948740 1920.000000 1080.000000
0 472 0.447396 0.662500 0.051042 0.234259 0.974230 1920.000000 1080.000000
0 473 0.446615 0.662500 0.050521 0.234259 1.000000 1920.000000 1080.000000
0 474 0.445833 0.663426 0.050000 0.234259 1.000000 1920.000000 1080.000000
0 475 0.445312 0.663426 0.048958 0.234259 1.000000 1920.000000 1080.000000
0 476 0.444531 0.664352 0.048438 0.234259 1.000000 1920.000000 1080.000000
0 477 0.443750 0.664352 0.047917 0.234259 1.000000 1920.000000 1080.000000
0 478 0.443229 0.664352 0.046875 0.234259 1.000000 1920.000000 1080.000000
0 479 0.442448 0.665278 0.046354 0.234259 1.000000 1920.000000 1080.000000
0 480 0.441667 0.665278 0.045833 0.234259 1.000000 1920.000000 1080.000000
0 481 0.441406 0.666204 0.045312 0.234259 1.000000 1920.000000 1080.000000
0 482 0.441146 0.667130 0.045833 0.234259 1.000000 1920.000000 1080.000000
0 483 0.441146 0.668519 0.045833 0.235185 1.000000 1920.000000 1080.000000
0 484 0.441146 0.669907 0.045833 0.236111 1.000000 1920.000000 1080.000000
0 485 0.440885 0.671296 0.046354 0.237037 1.000000 1920.000000 1080.000000
0 486 0.440885 0.673148 0.046354 0.237037 1.000000 1920.000000 1080.000000
0 487 0.440885 0.674537 0.046354 0.237963 1.000000 1920.000000 1080.000000
0 488 0.440625 0.675926 0.046875 0.238889 1.000000 1920.000000 1080.000000
0 489 0.440625 0.677315 0.046875 0.239815 1.000000 1920.000000 1080.000000
0 490 0.440625 0.678704 0.046875 0.240741 1.000000 1920.000000 1080.000000
0 491 0.440885 0.680556 0.047396 0.240741 1.000000 1920.000000 1080.000000
0 492 0.441406 0.680556 0.046354 0.240741 1.000000 1920.000000 1080.000000
0 493 0.441927 0.680556 0.045312 0.240741 1.000000 1920.000000 1080.000000
0 494 0.442708 0.680556 0.044792 0.240741 1.000000 1920.000000 1080.000000
0 495 0.443229 0.681019 0.043750 0.239815 1.000000 1920.000000 1080.000000
0 496 0.444010 0.681019 0.043229 0.239815 1.000000 1920.000000 1080.000000
0 497 0.444531 0.681019 0.042188 0.239815 1.000000 1920.000000 1080.000000
0 498 0.445052 0.681481 0.041146 0.238889 1.000000 1920.000000 1080.000000
0 499 0.445833 0.681481 0.040625 0.238889 1.000000 1920.000000 1080.000000
0 500 0.446354 0.681481 0.039583 0.238889 1.000000 1920.000000 1080.000000
0 501 0.447135 0.681944 0.039062 0.237963 1.000000 1920.000000 1080.000000
0 502 0.447135 0.681944 0.039062 0.237963 1.000000 1920.000000 1080.000000
0 503 0.447135 0.681944 0.039062 0.237963 1.000000 1920.000000 1080.000000
0 504 0.447135 0.681944 0.039062 0.237963 1.000000 1920.000000 1080.000000
0 505 0.447396 0.681944 0.038542 0.237963 1.000000 1920.000000 1080.000000
0 506 0.447656 0.682407 0.039062 0.237037 1.000000 1920.000000 1080.000000
0 507 0.447656 0.682407 0.039062 0.237037 1.000000 1920.000000 1080.000000
0 508 0.447917 0.682407 0.038542 0.237037 1.000000 1920.000000 1080.000000
0 509 0.447917 0.682407 0.038542 0.237037 1.000000 1920.000000 1080.000000
0 510 0.447917 0.682407 0.038542 0.237037 1.000000 1920.000000 1080.000000
0 511 0.448437 0.683333 0.038542 0.237037 1.000000 1920.000000 1080.000000
0 512 0.448177 0.682407 0.038021 0.237037 1.000000 1920.000000 1080.000000
0 513 0.448177 0.682407 0.038021 0.237037 1.000000 1920.000000 1080.000000
0 514 0.448437 0.681944 0.037500 0.237963 1.000000 1920.000000 1080.000000
0 515 0.448177 0.681481 0.036979 0.237037 1.000000 1920.000000 1080.000000
0 516 0.448437 0.681481 0.036458 0.237037 1.000000 1920.000000 1080.000000
0 517 0.448437 0.681019 0.036458 0.237963 1.000000 1920.000000 1080.000000
0 518 0.448177 0.680556 0.035937 0.237037 1.000000 1920.000000 1080.000000
0 519 0.448437 0.680093 0.035417 0.237963 1.000000 1920.000000 1080.000000
0 520 0.448437 0.680093 0.035417 0.237963 1.000000 1920.000000 1080.000000
0 521 0.448698 0.680093 0.034896 0.237963 1.000000 1920.000000 1080.000000
0 522 0.447917 0.679630 0.035417 0.238889 1.000000 1920.000000 1080.000000
0 523 0.447656 0.679630 0.035937 0.238889 1.000000 1920.000000 1080.000000
0 524 0.446875 0.679630 0.036458 0.238889 1.000000 1920.000000 1080.000000
0 525 0.446615 0.679630 0.036979 0.238889 1.000000 1920.000000 1080.000000
0 526 0.446354 0.680093 0.037500 0.239815 1.000000 1920.000000 1080.000000
0 527 0.445573 0.679630 0.038021 0.240741 1.000000 1920.000000 1080.000000
0 528 0.445312 0.679630 0.038542 0.240741 1.000000 1920.000000 1080.000000
0 529 0.444531 0.679630 0.039062 0.240741 1.000000 1920.000000 1080.000000
0 530 0.444271 0.679630 0.039583 0.240741 1.000000 1920.000000 1080.000000
0 531 0.444010 0.680093 0.040104 0.241667 1.000000 1920.000000 1080.000000
0 532 0.442969 0.678704 0.040104 0.240741 1.000000 1920.000000 1080.000000
0 533 0.441927 0.677778 0.040104 0.240741 1.000000 1920.000000 1080.000000
0 534 0.440885 0.676852 0.040104 0.238889 1.000000 1920.000000 1080.000000
0 535 0.439844 0.675926 0.040104 0.238889 1.000000 1920.000000 1080.000000
0 536 0.438802 0.675463 0.040104 0.237963 1.000000 1920.000000 1080.000000
0 537 0.437760 0.674074 0.040104 0.237037 1.000000 1920.000000 1080.000000
0 538 0.436719 0.673148 0.040104 0.237037 1.000000 1920.000000 1080.000000
0 539 0.435677 0.672222 0.040104 0.235185 1.000000 1920.000000 1080.000000
0 540 0.434635 0.671296 0.040104 0.235185 1.000000 1920.000000 1080.000000
0 541 0.433854 0.670833 0.040625 0.234259 1.000000 1920.000000 1080.000000
0 542 0.432292 0.670370 0.041667 0.235185 1.000000 1920.000000 1080.000000
0 543 0.430990 0.670370 0.043229 0.237037 1.000000 1920.000000 1080.000000
0 544 0.429688 0.670370 0.044792 0.238889 1.000000 1920.000000 1080.000000
0 545 0.428125 0.669907 0.045833 0.239815 1.000000 1920.000000 1080.000000
0 546 0.426823 0.669907 0.047396 0.241667 1.000000 1920.000000 1080.000000
0 547 0.425521 0.670370 0.048958 0.242593 1.000000 1920.000000 1080.000000
0 548 0.424219 0.669907 0.049479 0.239815 1.000000 1920.000000 1080.000000
0 549 0.422917 0.669907 0.050000 0.237963 1.000000 1920.000000 1080.000000
0 550 0.421615 0.669444 0.050521 0.235185 1.000000 1920.000000 1080.000000
0 551 0.420573 0.669444 0.051562 0.233333 1.000000 1920.000000 1080.000000
0 552 0.419010 0.668519 0.050521 0.233333 1.000000 1920.000000 1080.000000
0 553 0.417969 0.668056 0.049479 0.232407 1.000000 1920.000000 1080.000000
0 554 0.416927 0.667593 0.048438 0.231481 1.000000 1920.000000 1080.000000
0 555 0.415625 0.667130 0.047917 0.230556 1.000000 1920.000000 1080.000000
0 556 0.414583 0.666667 0.046875 0.229630 1.000000 1920.000000 1080.000000
0 557 0.413281 0.665741 0.045312 0.229630 1.000000 1920.000000 1080.000000
0 558 0.411979 0.665278 0.044792 0.228704 1.000000 1920.000000 1080.000000
0 559 0.410938 0.664815 0.043750 0.227778 1.000000 1920.000000 1080.000000
0 560 0.409896 0.664352 0.042708 0.226852 1.000000 1920.000000 1080.000000
0 561 0.408854 0.663889 0.041667 0.225926 1.000000 1920.000000 1080.000000
0 562 0.407552 0.662963 0.042188 0.225926 0.982930 1920.000000 1080.000000
0 563 0.406250 0.662500 0.042708 0.226852 0.976000 1920.000000 1080.000000
0 564 0.405208 0.662037 0.042708 0.227778 0.971320 1920.000000 1080.000000
0 565 0.404167 0.662037 0.043750 0.227778 0.964990 1920.000000 1080.000000
0 566 0.403125 0.661574 0.043750 0.228704 0.960480 1920.000000 1080.000000
0 567 0.401823 0.661111 0.044271 0.229630 0.954240 1920.000000 1080.000000
0 568 0.400781 0.661111 0.045312 0.229630 0.948570 1920.000000 1080.000000
0 569 0.399740 0.660648 0.045312 0.230556 0.944320 1920.000000 1080.000000
0 570 0.398438 0.660185 0.045833 0.231481 0.938580 1920.000000 1080.000000
0 571 0.397656 0.660185 0.046354 0.231481 0.934930 1920.000000 1080.000000
0 572 0.396615 0.658333 0.045312 0.231481 0.934040 1920.000000 1080.000000
0 573 0.395833 0.656944 0.044792 0.230556 0.935860 1920.000000 1080.000000
0 574 0.394792 0.655093 0.043750 0.230556 0.937270 1920.000000 1080.000000
0 575 0.394010 0.653704 0.043229 0.229630 0.939230 1920.000000 1080.000000
0 576 0.392969 0.651852 0.042188 0.229630 0.940790 1920.000000 1080.000000
0 577 0.392188 0.650463 0.041667 0.228704 0.930560 1920.000000 1080.000000
0 578 0.391146 0.648611 0.040625 0.228704 0.919300 1920.000000 1080.000000
0 579 0.390365 0.647222 0.040104 0.227778 0.908440 1920.000000 1080.000000
0 580 0.389323 0.645370 0.039062 0.227778 0.896180 1920.000000 1080.000000
0 581 0.388542 0.643981 0.038542 0.226852 0.884610 1920.000000 1080.000000
0 582 0.385156 0.641667 0.043229 0.231481 0.766880 1920.000000 1080.000000
0 583 0.381771 0.639815 0.047917 0.235185 0.671770 1920.000000 1080.000000
0 584 0.378646 0.637963 0.052083 0.238889 0.599300 1920.000000 1080.000000
0 585 0.377083 0.636574 0.051042 0.237963 0.573290 1920.000000 1080.000000
0 586 0.375781 0.635648 0.050521 0.237963 0.549750 1920.000000 1080.000000
0 587 0.374479 0.634722 0.050000 0.237963 0.525730 1920.000000 1080.000000
0 588 0.373177 0.633796 0.049479 0.237963 0.517440 1920.000000 1080.000000
0 589 0.371615 0.632870 0.048438 0.237963 0.503920 1920.000000 1080.000000
0 590 0.370312 0.631944 0.047917 0.236111 0.496680 1920.000000 1080.000000
0 591 0.369010 0.631019 0.047396 0.236111 0.488280 1920.000000 1080.000000
0 592 0.367708 0.630093 0.046875 0.236111 0.479870 1920.000000 1080.000000
0 593 0.366406 0.629167 0.045312 0.236111 0.462490 1920.000000 1080.000000
0 594 0.365104 0.628241 0.044792 0.236111 0.455950 1920.000000 1080.000000
0 595 0.363802 0.627315 0.044271 0.236111 0.449170 1920.000000 1080.000000
0 596 0.362500 0.626389 0.043750 0.234259 0.443490 1920.000000 1080.000000
0 597 0.360938 0.625463 0.042708 0.234259 0.429990 1920.000000 1080.000000
0 598 0.359635 0.624537 0.042188 0.234259 0.422170 1920.000000 1080.000000
0 599 0.358333 0.623611 0.041667 0.234259 0.414070 1920.000000 1080.000000
0 600 0.357031 0.622685 0.041146 0.234259 0.405660 1920.000000 1080.000000
0 601 0.355990 0.622222 0.040104 0.233333 0.391100 1920.000000 1080.000000
0 602 0.353125 0.621759 0.040625 0.232407 0.389790 1920.000000 1080.000000
0 603 0.350521 0.621759 0.041667 0.232407 0.404860 1920.000000 1080.000000
0 604 0.347917 0.621296 0.042708 0.231481 0.468680 1920.000000 1080.000000
0 605 0.345052 0.621296 0.043229 0.231481 0.534530 1920.000000 1080.000000
0 606 0.342448 0.620833 0.044271 0.230556 0.593120 1920.000000 1080.000000
0 607 0.339844 0.620833 0.045312 0.230556 0.647820 1920.000000 1080.000000
0 608 0.336979 0.620370 0.045833 0.229630 0.709170 1920.000000 1080.000000
0 609 0.334375 0.620370 0.046875 0.229630 0.759520 1920.000000 1080.000000
0 610 0.331771 0.619907 0.047917 0.228704 0.808880 1920.000000 1080.000000
0 611 0.329167 0.620370 0.048958 0.227778 0.854810 1920.000000 1080.000000
0 612 0.327344 0.618981 0.047396 0.226852 0.907030 1920.000000 1080.000000
0 613 0.326042 0.618056 0.045833 0.226852 0.950310 1920.000000 1080.000000
0 614 0.324479 0.617130 0.044792 0.226852 0.956830 1920.000000 1080.000000
0 615 0.323177 0.615741 0.043229 0.225926 0.963850 1920.000000 1080.000000
0 616 0.321875 0.614815 0.041667 0.225926 0.969770 1920.000000 1080.000000
0 617 0.320052 0.613889 0.040104 0.225926 0.977240 1920.000000 1080.000000
0 618 0.318750 0.612500 0.038542 0.225000 0.983770 1920.000000 1080.000000
0 619 0.317188 0.611574 0.037500 0.225000 0.989780 1920.000000 1080.000000
0 620 0.315885 0.610648 0.035937 0.225000 0.995610 1920.000000 1080.000000
0 621 0.314583 0.610185 0.034375 0.224074 1.000000 1920.000000 1080.000000
0 622 0.311979 0.609722 0.037500 0.223148 1.000000 1920.000000 1080.000000
0 623 0.309635 0.609722 0.040104 0.223148 1.000000 1920.000000 1080.000000
0 624 0.307031 0.609722 0.043229 0.223148 1.000000 1920.000000 1080.000000
0 625 0.304688 0.609722 0.045833 0.223148 1.000000 1920.000000 1080.000000
0 626 0.302344 0.610185 0.048438 0.222222 1.000000 1920.000000 1080.000000
0 627 0.299740 0.609722 0.051562 0.221296 1.000000 1920.000000 1080.000000
0 628 0.297396 0.609722 0.054167 0.221296 1.000000 1920.000000 1080.000000
0 629 0.294792 0.609722 0.057292 0.221296 1.000000 1920.000000 1080.000000
0 630 0.292448 0.609722 0.059896 0.221296 1.000000 1920.000000 1080.000000
0 631 0.290104 0.610185 0.062500 0.220370 1.000000 1920.000000 1080.000000
0 632 0.288802 0.609259 0.060937 0.220370 1.000000 1920.000000 1080.000000
0 633 0.287760 0.609259 0.058854 0.220370 1.000000 1920.000000 1080.000000
0 634 0.286458 0.609259 0.057292 0.220370 1.000000 1920.000000 1080.000000
0 635 0.285417 0.608796 0.055208 0.221296 1.000000 1920.000000 1080.000000
0 636 0.284375 0.608796 0.054167 0.221296 1.000000 1920.000000 1080.000000
0 637 0.283333 0.608796 0.052083 0.221296 1.000000 1920.000000 1080.000000
0 638 0.282031 0.608333 0.050521 0.222222 1.000000 1920.000000 1080.000000
0 639 0.280990 0.608333 0.048438 0.222222 1.000000 1920.000000 1080.000000
0 640 0.279687 0.608333 0.046875 0.222222 1.000000 1920.000000 1080.000000
0 641 0.278906 0.608333 0.045312 0.222222 1.000000 1920.000000 1080.000000
0 642 0.276302 0.608333 0.045312 0.222222 1.000000 1920.000000 1080.000000
0 643 0.274219 0.608333 0.045312 0.222222 1.000000 1920.000000 1080.000000
0 644 0.272135 0.608333 0.045312 0.222222 1.000000 1920.000000 1080.000000
0 645 0.270052 0.608333 0.045312 0.222222 1.000000 1920.000000 1080.000000
0 646 0.267969 0.609259 0.045312 0.222222 1.000000 1920.000000 1080.000000
0 647 0.265365 0.609259 0.045312 0.222222 1.000000 1920.000000 1080.000000
0 648 0.263281 0.609259 0.045312 0.222222 1.000000 1920.000000 1080.000000
0 649 0.261198 0.609259 0.045312 0.222222 1.000000 1920.000000 1080.000000
0 650 0.259115 0.609259 0.045312 0.222222 1.000000 1920.000000 1080.000000
0 651 0.257031 0.610185 0.045312 0.222222 1.000000 1920.000000 1080.000000
0 652 0.256250 0.609259 0.044792 0.222222 1.000000 1920.000000 1080.000000
0 653 0.255729 0.608796 0.043750 0.223148 1.000000 1920.000000 1080.000000
0 654 0.255208 0.608333 0.042708 0.224074 1.000000 1920.000000 1080.000000
0 655 0.254427 0.607407 0.042188 0.224074 1.000000 1920.000000 1080.000000
0 656 0.253906 0.606944 0.041146 0.225000 1.000000 1920.000000 1080.000000
0 657 0.253385 0.606481 0.040104 0.225926 1.000000 1920.000000 1080.000000
0 658 0.252604 0.605556 0.039583 0.225926 1.000000 1920.000000 1080.000000
0 659 0.252083 0.605093 0.038542 0.226852 1.000000 1920.000000 1080.000000
0 660 0.251563 0.604630 0.037500 0.227778 1.000000 1920.000000 1080.000000
0 661 0.251042 0.604630 0.036458 0.227778 1.000000 1920.000000 1080.000000
0 662 0.248698 0.604167 0.036979 0.228704 1.000000 1920.000000 1080.000000
0 663 0.246615 0.604167 0.038021 0.228704 1.000000 1920.000000 1080.000000
0 664 0.244531 0.604167 0.039062 0.228704 1.000000 1920.000000 1080.000000
0 665 0.242708 0.604167 0.039583 0.228704 1.000000 1920.000000 1080.000000
0 666 0.240625 0.604630 0.040625 0.229630 1.000000 1920.000000 1080.000000
0 667 0.238281 0.604630 0.041146 0.229630 1.000000 1920.000000 1080.000000
0 668 0.236458 0.604630 0.041667 0.229630 1.000000 1920.000000 1080.000000
0 669 0.234375 0.604630 0.042708 0.229630 1.000000 1920.000000 1080.000000
0 670 0.232292 0.604630 0.043750 0.229630 1.000000 1920.000000 1080.000000
0 671 0.230469 0.605093 0.044271 0.230556 1.000000 1920.000000 1080.000000
0 672 0.229167 0.604630 0.045833 0.229630 1.000000 1920.000000 1080.000000
0 673 0.227865 0.604630 0.047396 0.229630 1.000000 1920.000000 1080.000000
0 674 0.226562 0.604630 0.048958 0.229630 1.000000 1920.000000 1080.000000
0 675 0.225260 0.604630 0.050521 0.229630 1.000000 1920.000000 1080.000000
0 676 0.224219 0.605093 0.052604 0.228704 1.000000 1920.000000 1080.000000
0 677 0.222917 0.605093 0.054167 0.228704 1.000000 1920.000000 1080.000000
0 678 0.221615 0.605093 0.055729 0.228704 1.000000 1920.000000 1080.000000
0 679 0.220312 0.605093 0.057292 0.228704 1.000000 1920.000000 1080.000000
0 680 0.219010 0.605093 0.058854 0.228704 1.000000 1920.000000 1080.000000
0 681 0.218229 0.605556 0.060417 0.227778 1.000000 1920.000000 1080.000000
0 682 0.217708 0.605556 0.059375 0.227778 1.000000 1920.000000 1080.000000
0 683 0.217448 0.606019 0.057813 0.228704 1.000000 1920.000000 1080.000000
0 684 0.217188 0.606481 0.056250 0.229630 1.000000 1920.000000 1080.000000
0 685 0.216667 0.607407 0.055208 0.229630 1.000000 1920.000000 1080.000000
0 686 0.216667 0.607870 0.054167 0.230556 1.000000 1920.000000 1080.000000
0 687 0.216406 0.608333 0.052604 0.231481 1.000000 1920.000000 1080.000000
0 688 0.215885 0.609259 0.051562 0.231481 1.000000 1920.000000 1080.000000
0 689 0.215625 0.609722 0.050000 0.232407 1.000000 1920.000000 1080.000000
0 690 0.215365 0.610185 0.048438 0.233333 1.000000 1920.000000 1080.000000
0 691 0.215365 0.611111 0.047396 0.233333 1.000000 1920.000000 1080.000000
0 692 0.215365 0.611111 0.046354 0.233333 1.000000 1920.000000 1080.000000
0 693 0.215625 0.611574 0.044792 0.232407 1.000000 1920.000000 1080.000000
0 694 0.215885 0.611574 0.043229 0.232407 1.000000 1920.000000 1080.000000
0 695 0.216406 0.612037 0.042188 0.231481 1.000000 1920.000000 1080.000000
0 696 0.216667 0.612037 0.040625 0.231481 1.000000 1920.000000 1080.000000
0 697 0.216927 0.612500 0.039062 0.230556 1.000000 1920.000000 1080.000000
0 698 0.217448 0.612500 0.038021 0.230556 1.000000 1920.000000 1080.000000
0 699 0.217708 0.612963 0.036458 0.229630 1.000000 1920.000000 1080.000000
0 700 0.217969 0.612963 0.034896 0.229630 1.000000 1920.000000 1080.000000
0 701 0.218490 0.613889 0.033854 0.229630 1.000000 1920.000000 1080.000000
0 702 0.218490 0.613889 0.033854 0.229630 1.000000 1920.000000 1080.000000
0 703 0.219010 0.614352 0.033854 0.228704 1.000000 1920.000000 1080.000000
0 704 0.219271 0.614815 0.033333 0.227778 1.000000 1920.000000 1080.000000
0 705 0.219792 0.614815 0.033333 0.227778 1.000000 1920.000000 1080.000000
0 706 0.220312 0.615278 0.033333 0.226852 1.000000 1920.000000 1080.000000
0 707 0.220312 0.615741 0.033333 0.225926 1.000000 1920.000000 1080.000000
0 708 0.220833 0.615741 0.033333 0.225926 1.000000 1920.000000 1080.000000
0 709 0.221094 0.616204 0.032813 0.225000 1.000000 1920.000000 1080.000000
0 710 0.221615 0.616667 0.032813 0.224074 1.000000 1920.000000 1080.000000
0 711 0.222135 0.617130 0.032813 0.223148 1.000000 1920.000000 1080.000000
0 712 0.222656 0.617130 0.034896 0.223148 1.000000 1920.000000 1080.000000
0 713 0.223698 0.617593 0.036979 0.224074 1.000000 1920.000000 1080.000000
0 714 0.224479 0.618056 0.038542 0.225000 1.000000 1920.000000 1080.000000
0 715 0.225521 0.618519 0.040625 0.225926 1.000000 1920.000000 1080.000000
0 716 0.226302 0.619444 0.042188 0.225926 1.000000 1920.000000 1080.000000
0 717 0.227083 0.619444 0.044792 0.225926 1.000000 1920.000000 1080.000000
0 718 0.227865 0.619907 0.046354 0.226852 1.000000 1920.000000 1080.000000
0 719 0.228906 0.620370 0.048438 0.227778 1.000000 1920.000000 1080.000000
0 720 0.229687 0.620833 0.050000 0.228704 1.000000 1920.000000 1080.000000
0 721 0.230729 0.621759 0.052083 0.228704 1.000000 1920.000000 1080.000000
0 722 0.230990 0.621759 0.051562 0.228704 1.000000 1920.000000 1080.000000
0 723 0.231771 0.622222 0.051042 0.227778 1.000000 1920.000000 1080.000000
0 724 0.232552 0.622222 0.050521 0.227778 1.000000 1920.000000 1080.000000
0 725 0.232813 0.622685 0.050000 0.226852 1.000000 1920.000000 1080.000000
0 726 0.233594 0.622685 0.049479 0.226852 1.000000 1920.000000 1080.000000
0 727 0.234375 0.623148 0.048958 0.225926 1.000000 1920.000000 1080.000000
0 728 0.234635 0.623148 0.048438 0.225926 1.000000 1920.000000 1080.000000
0 729 0.235417 0.623611 0.047917 0.225000 1.000000 1920.000000 1080.000000
0 730 0.236198 0.623611 0.047396 0.225000 1.000000 1920.000000 1080.000000
0 731 0.236979 0.624537 0.046875 0.225000 1.000000 1920.000000 1080.000000
0 732 0.238542 0.625000 0.046875 0.225926 1.000000 1920.000000 1080.000000
0 733 0.240365 0.625926 0.046354 0.225926 1.000000 1920.000000 1080.000000
0 734 0.242188 0.626852 0.045833 0.225926 1.000000 1920.000000 1080.000000
0 735 0.243750 0.627778 0.045833 0.227778 1.000000 1920.000000 1080.000000
0 736 0.245833 0.628704 0.045833 0.227778 1.000000 1920.000000 1080.000000
0 737 0.247656 0.629630 0.045312 0.227778 1.000000 1920.000000 1080.000000
0 738 0.249219 0.630556 0.045312 0.229630 1.000000 1920.000000 1080.000000
0 739 0.251042 0.631481 0.044792 0.229630 1.000000 1920.000000 1080.000000
0 740 0.253125 0.632407 0.044792 0.229630 1.000000 1920.000000 1080.000000
0 741 0.254688 0.633333 0.044792 0.231481 1.000000 1920.000000 1080.000000
0 742 0.256510 0.634259 0.044271 0.231481 1.000000 1920.000000 1080.000000
0 743 0.258333 0.635185 0.043750 0.231481 1.000000 1920.000000 1080.000000
0 744 0.260417 0.636574 0.043750 0.232407 1.000000 1920.000000 1080.000000
0 745 0.261198 0.636574 0.045312 0.232407 1.000000 1920.000000 1080.000000
0 746 0.261979 0.636574 0.046875 0.232407 1.000000 1920.000000 1080.000000
0 747 0.262760 0.636574 0.048438 0.232407 1.000000 1920.000000 1080.000000
0 748 0.263802 0.637037 0.049479 0.231481 1.000000 1920.000000 1080.000000
0 749 0.264583 0.637037 0.051042 0.231481 1.000000 1920.000000 1080.000000
0 750 0.265365 0.637037 0.052604 0.231481 1.000000 1920.000000 1080.000000
0 751 0.266667 0.637963 0.054167 0.231481 1.000000 1920.000000 1080.000000
0 752 0.268490 0.637963 0.052604 0.231481 1.000000 1920.000000 1080.000000
0 753 0.270313 0.637963 0.051042 0.231481 1.000000 1920.000000 1080.000000
0 754 0.272396 0.637963 0.048958 0.231481 1.000000 1920.000000 1080.000000
0 755 0.274219 0.638426 0.047396 0.232407 1.000000 1920.000000 1080.000000
0 756 0.276562 0.638889 0.045833 0.231481 1.000000 1920.000000 1080.000000
0 757 0.278385 0.638889 0.044271 0.231481 1.000000 1920.000000 1080.000000
0 758 0.280208 0.639352 0.042708 0.232407 1.000000 1920.000000 1080.000000
0 759 0.282292 0.639352 0.040625 0.232407 1.000000 1920.000000 1080.000000
0 760 0.284115 0.639352 0.039062 0.232407 1.000000 1920.000000 1080.000000
0 761 0.286458 0.640278 0.037500 0.232407 1.000000 1920.000000 1080.000000
0 762 0.287760 0.639815 0.039062 0.231481 1.000000 1920.000000 1080.000000
0 763 0.289062 0.640278 0.040625 0.230556 1.000000 1920.000000 1080.000000
0 764 0.290365 0.640278 0.042188 0.230556 1.000000 1920.000000 1080.000000
0 765 0.291927 0.640741 0.043229 0.229630 1.000000 1920.000000 1080.000000
0 766 0.293490 0.641204 0.045312 0.228704 1.000000 1920.000000 1080.000000
0 767 0.294792 0.641204 0.046875 0.228704 1.000000 1920.000000 1080.000000
0 768 0.296354 0.641667 0.047917 0.227778 1.000000 1920.000000 1080.000000
0 769 0.297656 0.641667 0.049479 0.227778 1.000000 1920.000000 1080.000000
0 770 0.298958 0.642130 0.051042 0.226852 1.000000 1920.000000 1080.000000
0 771 0.300781 0.642593 0.052604 0.225926 1.000000 1920.000000 1080.000000
0 772 0.301823 0.643056 0.050521 0.226852 1.000000 1920.000000 1080.000000
0 773 0.303125 0.643519 0.048958 0.227778 1.000000 1920.000000 1080.000000
0 774 0.304427 0.643981 0.047396 0.228704 1.000000 1920.000000 1080.000000
0 775 0.305729 0.644444 0.044792 0.229630 1.000000 1920.000000 1080.000000
0 776 0.307031 0.645370 0.043229 0.231481 1.000000 1920.000000 1080.000000
0 777 0.308333 0.645833 0.041667 0.232407 1.000000 1920.000000 1080.000000
0 778 0.309635 0.646296 0.039062 0.233333 1.000000 1920.000000 1080.000000
0 779 0.310937 0.646759 0.037500 0.234259 1.000000 1920.000000 1080.000000
0 780 0.312240 0.647222 0.035937 0.235185 1.000000 1920.000000 1080.000000
0 781 0.313802 0.648611 0.033854 0.236111 1.000000 1920.000000 1080.000000
0 782 0.315104 0.648148 0.034375 0.235185 1.000000 1920.000000 1080.000000
0 783 0.316406 0.648148 0.034896 0.233333 0.987790 1920.000000 1080.000000
0 784 0.317969 0.648148 0.034896 0.231481 0.975740 1920.000000 1080.000000
0 785 0.319271 0.648611 0.035417 0.230556 0.964000 1920.000000 1080.000000
0 786 0.320833 0.648611 0.035417 0.228704 0.952310 1920.000000 1080.000000
0 787 0.322135 0.648611 0.035937 0.226852 0.941640 1920.000000 1080.000000
0 788 0.323437 0.649074 0.036458 0.225926 0.930670 1920.000000 1080.000000
0 789 0.325000 0.649074 0.036458 0.224074 0.919670 1920.000000 1080.000000
0 790 0.326302 0.649074 0.036979 0.222222 0.910100 1920.000000 1080.000000
0 791 0.327865 0.649537 0.036979 0.221296 0.898440 1920.000000 1080.000000
0 792 0.328906 0.649537 0.036979 0.221296 0.890910 1920.000000 1080.000000
0 793 0.330469 0.650000 0.036979 0.222222 0.878280 1920.000000 1080.000000
0 794 0.332031 0.650463 0.036979 0.223148 0.835280 1920.000000 1080.000000
0 795 0.333333 0.650926 0.037500 0.224074 0.795140 1920.000000 1080.000000
0 796 0.334896 0.651852 0.037500 0.224074 0.752240 1920.000000 1080.000000
0 797 0.336458 0.651852 0.037500 0.224074 0.711140 1920.000000 1080.000000
0 798 0.337760 0.652315 0.038021 0.225000 0.673240 1920.000000 1080.000000
0 799 0.339323 0.652778 0.038021 0.225926 0.631440 1920.000000 1080.000000
0 800 0.340885 0.653241 0.038021 0.226852 0.589650 1920.000000 1080.000000
0 801 0.342448 0.654167 0.038021 0.226852 0.547350 1920.000000 1080.000000
0 802 0.342969 0.653704 0.039062 0.227778 0.533450 1920.000000 1080.000000
0 803 0.344010 0.653241 0.040104 0.228704 0.507440 1920.000000 1080.000000
0 804 0.344792 0.653241 0.041667 0.228704 0.488650 1920.000000 1080.000000
0 805 0.345573 0.652778 0.042188 0.229630 0.470960 1920.000000 1080.000000
0 806 0.346615 0.652778 0.043229 0.229630 0.447840 1920.000000 1080.000000
0 807 0.347396 0.652315 0.044792 0.230556 0.432830 1920.000000 1080.000000
0 808 0.348177 0.651852 0.045312 0.231481 0.416970 1920.000000 1080.000000
0 809 0.348958 0.651852 0.046875 0.231481 0.425200 1920.000000 1080.000000
0 810 0.350000 0.651389 0.047917 0.232407 0.436250 1920.000000 1080.000000
0 811 0.351042 0.651852 0.048958 0.233333 0.442020 1920.000000 1080.000000
0 812 0.351823 0.650926 0.048438 0.233333 0.435920 1920.000000 1080.000000
0 813 0.352865 0.650463 0.048438 0.232407 0.433760 1920.000000 1080.000000
0 814 0.353646 0.650463 0.047917 0.232407 0.426010 1920.000000 1080.000000
0 815 0.354687 0.649537 0.047917 0.232407 0.424480 1920.000000 1080.000000
0 816 0.355729 0.649537 0.047917 0.232407 0.421230 1920.000000 1080.000000
0 817 0.356510 0.649074 0.047396 0.231481 0.414780 1920.000000 1080.000000
0 818 0.357552 0.648148 0.047396 0.231481 0.419580 1920.000000 1080.000000
0 819 0.358333 0.648148 0.046875 0.231481 0.417670 1920.000000 1080.000000
0 820 0.359375 0.647685 0.046875 0.230556 0.422070 1920.000000 1080.000000
0 821 0.360677 0.647685 0.046354 0.230556 0.421600 1920.000000 1080.000000
0 822 0.360677 0.647222 0.046354 0.231481 0.422000 1920.000000 1080.000000
0 823 0.360938 0.647222 0.046875 0.231481 0.426820 1920.000000 1080.000000
0 824 0.361458 0.647222 0.046875 0.231481 0.428260 1920.000000 1080.000000
0 825 0.361458 0.647222 0.046875 0.231481 0.428260 1920.000000 1080.000000
0 826 0.361979 0.647685 0.046875 0.232407 0.428180 1920.000000 1080.000000
0 827 0.362240 0.647685 0.047396 0.232407 0.432840 1920.000000 1080.000000
0 828 0.362240 0.647685 0.047396 0.232407 0.432840 1920.000000 1080.000000
0 829 0.362760 0.647685 0.047396 0.232407 0.434270 1920.000000 1080.000000
0 830 0.363021 0.647685 0.047917 0.232407 0.438810 1920.000000 1080.000000
0 831 0.363542 0.648148 0.047917 0.233333 0.438650 1920.000000 1080.000000
0 832 0.363021 0.648148 0.046875 0.233333 0.429530 1920.000000 1080.000000
0 833 0.362760 0.648148 0.046354 0.233333 0.424810 1920.000000 1080.000000
0 834 0.362240 0.648148 0.045312 0.233333 0.415060 1920.000000 1080.000000
0 835 0.361979 0.648611 0.044792 0.232407 0.409640 1920.000000 1080.000000
0 836 0.361719 0.649074 0.043229 0.233333 0.393990 1920.000000 1080.000000
0 837 0.361458 0.649074 0.042708 0.233333 0.388490 1920.000000 1080.000000
0 838 0.360938 0.649537 0.041667 0.232407 0.376740 1920.000000 1080.000000
0 839 0.360677 0.649537 0.041146 0.232407 0.370830 1920.000000 1080.000000
0 840 0.360156 0.649537 0.040104 0.232407 0.358570 1920.000000 1080.000000
0 841 0.360156 0.650463 0.039062 0.232407 0.345860 1920.000000 1080.000000
0 842 0.359635 0.649537 0.039062 0.232407 0.345660 1920.000000 1080.000000
0 843 0.359635 0.649537 0.039062 0.232407 0.345660 1920.000000 1080.000000
0 844 0.359375 0.649537 0.039583 0.232407 0.350490 1920.000000 1080.000000
0 845 0.359375 0.649074 0.039583 0.231481 0.351680 1920.000000 1080.000000
0 846 0.359115 0.649074 0.040104 0.231481 0.356420 1920.000000 1080.000000
0 847 0.359115 0.648611 0.040104 0.232407 0.356790 1920.000000 1080.000000
0 848 0.358854 0.648148 0.040625 0.231481 0.362650 1920.000000 1080.000000
0 849 0.358854 0.648148 0.040625 0.231481 0.362650 1920.000000 1080.000000
0 850 0.358594 0.648148 0.041146 0.231481 0.367180 1920.000000 1080.000000
0 851 0.358594 0.648148 0.041146 0.231481 0.367180 1920.000000 1080.000000
0 852 0.358333 0.647685 0.041667 0.230556 0.372890 1920.000000 1080.000000
0 853 0.358333 0.647685 0.041667 0.230556 0.372890 1920.000000 1080.000000
0 854 0.358333 0.647685 0.041667 0.230556 0.372890 1920.000000 1080.000000
0 855 0.358333 0.647685 0.041667 0.230556 0.372890 1920.000000 1080.000000
0 856 0.358333 0.647685 0.041667 0.230556 0.372890 1920.000000 1080.000000
0 857 0.358333 0.647685 0.041667 0.230556 0.372890 1920.000000 1080.000000
0 858 0.358333 0.648148 0.041667 0.229630 0.372500 1920.000000 1080.000000
0 859 0.358333 0.648148 0.041667 0.229630 0.372500 1920.000000 1080.000000
0 860 0.358333 0.648148 0.041667 0.229630 0.372500 1920.000000 1080.000000
0 861 0.358333 0.648148 0.041667 0.229630 0.372500 1920.000000 1080.000000
0 862 0.358333 0.648148 0.041667 0.229630 0.372500 1920.000000 1080.000000
0 863 0.358333 0.648148 0.041667 0.229630 0.372500 1920.000000 1080.000000
0 864 0.358333 0.648148 0.041667 0.229630 0.372500 1920.000000 1080.000000
0 865 0.358333 0.648611 0.041667 0.228704 0.372110 1920.000000 1080.000000
0 866 0.358333 0.648611 0.041667 0.228704 0.372110 1920.000000 1080.000000
0 867 0.358333 0.648611 0.041667 0.228704 0.372110 1920.000000 1080.000000
0 868 0.358333 0.648611 0.041667 0.228704 0.372110 1920.000000 1080.000000
0 869 0.358333 0.648611 0.041667 0.228704 0.372110 1920.000000 1080.000000
0 870 0.358333 0.648611 0.041667 0.228704 0.372110 1920.000000 1080.000000
0 871 0.358333 0.649074 0.041667 0.227778 0.371720 1920.000000 1080.000000
0 872 0.358073 0.649074 0.041146 0.227778 0.365640 1920.000000 1080.000000
0 873 0.358073 0.649537 0.041146 0.228704 0.364360 1920.000000 1080.000000
0 874 0.358073 0.649537 0.041146 0.228704 0.364360 1920.000000 1080.000000
0 875 0.358073 0.650000 0.041146 0.229630 0.363100 1920.000000 1080.000000
0 876 0.358073 0.650000 0.041146 0.229630 0.363100 1920.000000 1080.000000
0 877 0.358073 0.650463 0.041146 0.230556 0.361850 1920.000000 1080.000000
0 878 0.358073 0.650463 0.041146 0.230556 0.361850 1920.000000 1080.000000
0 879 0.358073 0.650926 0.041146 0.231481 0.360610 1920.000000 1080.000000
0 880 0.358073 0.650926 0.041146 0.231481 0.360610 1920.000000 1080.000000
0 881 0.358333 0.651852 0.040625 0.231481 0.354530 1920.000000 1080.000000
0 882 0.357812 0.651389 0.040625 0.230556 0.354080 1920.000000 1080.000000
0 883 0.357812 0.651389 0.040625 0.230556 0.354080 1920.000000 1080.000000
0 884 0.357812 0.651389 0.040625 0.230556 0.354080 1920.000000 1080.000000
0 885 0.357812 0.650926 0.040625 0.229630 0.355290 1920.000000 1080.000000
0 886 0.357812 0.651389 0.040625 0.228704 0.354890 1920.000000 1080.000000
0 887 0.357292 0.651389 0.040625 0.228704 0.353210 1920.000000 1080.000000
0 888 0.357292 0.650926 0.040625 0.227778 0.354430 1920.000000 1080.000000
0 889 0.357292 0.650926 0.040625 0.227778 0.354430 1920.000000 1080.000000
0 890 0.357292 0.650926 0.040625 0.227778 0.354430 1920.000000 1080.000000
0 891 0.357292 0.651389 0.040625 0.226852 0.354020 1920.000000 1080.000000
0 892 0.356771 0.650463 0.040625 0.226852 0.353970 1920.000000 1080.000000
0 893 0.356771 0.650463 0.040625 0.226852 0.353970 1920.000000 1080.000000
0 894 0.356771 0.650463 0.040625 0.226852 0.353970 1920.000000 1080.000000
0 895 0.356771 0.650463 0.040625 0.226852 0.353970 1920.000000 1080.000000
0 896 0.356771 0.650463 0.040625 0.226852 0.353970 1920.000000 1080.000000
0 897 0.356510 0.650000 0.041146 0.225926 0.359800 1920.000000 1080.000000
0 898 0.356510 0.650000 0.041146 0.225926 0.359800 1920.000000 1080.000000
0 899 0.356510 0.650000 0.041146 0.225926 0.359800 1920.000000 1080.000000
0 900 0.356510 0.650000 0.041146 0.225926 0.359800 1920.000000 1080.000000
0 901 0.356510 0.650000 0.041146 0.225926 0.359800 1920.000000 1080.000000
0 902 0.356250 0.649074 0.041667 0.225926 0.365990 1920.000000 1080.000000
0 903 0.356250 0.649074 0.041667 0.225926 0.365990 1920.000000 1080.000000
0 904 0.356250 0.649074 0.041667 0.225926 0.365990 1920.000000 1080.000000
0 905 0.356250 0.649074 0.041667 0.225926 0.365990 1920.000000 1080.000000
0 906 0.356250 0.649074 0.041667 0.225926 0.365990 1920.000000 1080.000000
0 907 0.356250 0.648611 0.041667 0.225000 0.367280 1920.000000 1080.000000
0 908 0.356250 0.648611 0.041667 0.225000 0.367280 1920.000000 1080.000000
0 909 0.356250 0.648611 0.041667 0.225000 0.367280 1920.000000 1080.000000
0 910 0.356250 0.648611 0.041667 0.225000 0.367280 1920.000000 1080.000000
0 911 0.356250 0.648611 0.041667 0.225000 0.367280 1920.000000 1080.000000
0 912 0.356250 0.648148 0.041667 0.225926 0.367700 1920.000000 1080.000000
0 913 0.356250 0.648148 0.041667 0.225926 0.367700 1920.000000 1080.000000
0 914 0.356510 0.648148 0.041146 0.225926 0.363160 1920.000000 1080.000000
0 915 0.356510 0.647685 0.041146 0.226852 0.363570 1920.000000 1080.000000
0 916 0.357031 0.647685 0.041146 0.226852 0.365240 1920.000000 1080.000000
0 917 0.357031 0.647685 0.041146 0.226852 0.365240 1920.000000 1080.000000
0 918 0.357031 0.647222 0.041146 0.227778 0.365640 1920.000000 1080.000000
0 919 0.357292 0.647222 0.040625 0.227778 0.360990 1920.000000 1080.000000
0 920 0.357292 0.647222 0.040625 0.227778 0.360990 1920.000000 1080.000000
0 921 0.357812 0.647685 0.040625 0.228704 0.361420 1920.000000 1080.000000
0 922 0.357812 0.647222 0.040625 0.227778 0.362680 1920.000000 1080.000000
0 923 0.357812 0.647222 0.040625 0.227778 0.362680 1920.000000 1080.000000
0 924 0.358073 0.647222 0.041146 0.227778 0.368980 1920.000000 1080.000000
0 925 0.358073 0.647685 0.041146 0.226852 0.368600 1920.000000 1080.000000
0 926 0.358333 0.647685 0.041667 0.226852 0.374740 1920.000000 1080.000000
0 927 0.358333 0.647222 0.041667 0.225926 0.376060 1920.000000 1080.000000
0 928 0.358333 0.647685 0.041667 0.225000 0.375680 1920.000000 1080.000000
0 929 0.358594 0.647685 0.042188 0.225000 0.381700 1920.000000 1080.000000
0 930 0.358594 0.647685 0.042188 0.225000 0.381700 1920.000000 1080.000000
0 931 0.359115 0.648148 0.042188 0.224074 0.382970 1920.000000 1080.000000
0 932 0.359375 0.647685 0.042708 0.225000 0.389200 1920.000000 1080.000000
0 933 0.359896 0.647685 0.043750 0.225000 0.400480 1920.000000 1080.000000
0 934 0.360156 0.647685 0.044271 0.225000 0.405930 1920.000000 1080.000000
0 935 0.360677 0.647222 0.045312 0.225926 0.416840 1920.000000 1080.000000
0 936 0.360938 0.647222 0.045833 0.225926 0.421920 1920.000000 1080.000000
0 937 0.361458 0.647222 0.046875 0.225926 0.431760 1920.000000 1080.000000
0 938 0.361719 0.646759 0.047396 0.226852 0.436900 1920.000000 1080.000000
0 939 0.362240 0.646759 0.048438 0.226852 0.446120 1920.000000 1080.000000
0 940 0.362500 0.646759 0.048958 0.226852 0.450580 1920.000000 1080.000000
0 941 0.363021 0.646759 0.050000 0.226852 0.459220 1920.000000 1080.000000
0 942 0.363281 0.645833 0.049479 0.226852 0.458420 1920.000000 1080.000000
0 943 0.363802 0.645833 0.048438 0.226852 0.452430 1920.000000 1080.000000
0 944 0.364323 0.645833 0.047396 0.226852 0.446180 1920.000000 1080.000000
0 945 0.364583 0.645833 0.046875 0.226852 0.442960 1920.000000 1080.000000
0 946 0.365104 0.645833 0.045833 0.226852 0.436280 1920.000000 1080.000000
0 947 0.365625 0.644907 0.044792 0.226852 0.431170 1920.000000 1080.000000
0 948 0.365885 0.644907 0.044271 0.226852 0.427540 1920.000000 1080.000000
0 949 0.366406 0.644907 0.043229 0.226852 0.420010 1920.000000 1080.000000
0 950 0.366927 0.644907 0.042188 0.226852 0.412110 1920.000000 1080.000000
0 951 0.367448 0.644907 0.041146 0.226852 0.403810 1920.000000 1080.000000
0 952 0.366927 0.643981 0.041146 0.226852 0.403810 1920.000000 1080.000000
0 953 0.366667 0.643519 0.040625 0.225926 0.399170 1920.000000 1080.000000
0 954 0.366406 0.643519 0.041146 0.225926 0.403570 1920.000000 1080.000000
0 955 0.366146 0.642593 0.040625 0.225926 0.399120 1920.000000 1080.000000
0 956 0.366146 0.642593 0.040625 0.225926 0.399120 1920.000000 1080.000000
0 957 0.365625 0.642130 0.040625 0.225000 0.398840 1920.000000 1080.000000
0 958 0.365365 0.641204 0.040104 0.225000 0.394130 1920.000000 1080.000000
0 959 0.365104 0.641204 0.040625 0.225000 0.398790 1920.000000 1080.000000
0 960 0.364844 0.640741 0.040104 0.224074 0.393800 1920.000000 1080.000000
0 961 0.364844 0.640741 0.040104 0.224074 0.393800 1920.000000 1080.000000
0 962 0.364323 0.640741 0.040104 0.224074 0.392050 1920.000000 1080.000000
0 963 0.364063 0.640741 0.039583 0.224074 0.385440 1920.000000 1080.000000
0 964 0.363802 0.640741 0.039062 0.224074 0.378650 1920.000000 1080.000000
0 965 0.363281 0.641204 0.039062 0.225000 0.375540 1920.000000 1080.000000
0 966 0.363021 0.641667 0.038542 0.224074 0.368340 1920.000000 1080.000000
0 967 0.362760 0.641667 0.038021 0.224074 0.361190 1920.000000 1080.000000
0 968 0.362240 0.642130 0.038021 0.225000 0.358110 1920.000000 1080.000000
0 969 0.361979 0.642130 0.037500 0.225000 0.350770 1920.000000 1080.000000
0 970 0.361719 0.642130 0.036979 0.225000 0.343240 1920.000000 1080.000000
0 971 0.361458 0.643056 0.036458 0.225000 0.334100 1920.000000 1080.000000
0 972 0.360677 0.642130 0.036979 0.225000 0.339480 1920.000000 1080.000000
0 973 0.359896 0.641204 0.037500 0.225000 0.344820 1920.000000 1080.000000
0 974 0.359115 0.640278 0.038021 0.225000 0.350130 1920.000000 1080.000000
0 975 0.358333 0.639352 0.038542 0.225000 0.355410 1920.000000 1080.000000
0 976 0.357552 0.638426 0.039062 0.225000 0.360660 1920.000000 1080.000000
0 977 0.356771 0.637500 0.039583 0.225000 0.365870 1920.000000 1080.000000
0 978 0.355990 0.636574 0.040104 0.225000 0.371060 1920.000000 1080.000000
0 979 0.355208 0.635648 0.040625 0.225000 0.376220 1920.000000 1080.000000
0 980 0.354427 0.634722 0.041146 0.225000 0.381350 1920.000000 1080.000000
0 981 0.353646 0.633796 0.041667 0.225000 0.386460 1920.000000 1080.000000
0 982 0.352865 0.632870 0.042188 0.225000 0.396440 1920.000000 1080.000000
0 983 0.352083 0.631944 0.042708 0.225000 0.406080 1920.000000 1080.000000
0 984 0.351302 0.631019 0.043229 0.225000 0.414720 1920.000000 1080.000000
0 985 0.350521 0.630093 0.043750 0.225000 0.423140 1920.000000 1080.000000
0 986 0.349740 0.629167 0.044271 0.225000 0.431380 1920.000000 1080.000000
0 987 0.348958 0.628241 0.044792 0.225000 0.439420 1920.000000 1080.000000
0 988 0.348177 0.627315 0.045312 0.225000 0.458640 1920.000000 1080.000000
0 989 0.347396 0.626389 0.045833 0.225000 0.477440 1920.000000 1080.000000
0 990 0.346615 0.625463 0.046354 0.225000 0.495810 1920.000000 1080.000000
0 991 0.345833 0.625463 0.046875 0.225000 0.512340 1920.000000 1080.000000
0 992 0.344792 0.624537 0.047917 0.225000 0.534990 1920.000000 1080.000000
0 993 0.344010 0.624537 0.049479 0.225000 0.549520 1920.000000 1080.000000
0 994 0.343229 0.624074 0.050000 0.224074 0.565610 1920.000000 1080.000000
0 995 0.342448 0.623611 0.051562 0.225000 0.578850 1920.000000 1080.000000
0 996 0.341927 0.623148 0.052604 0.224074 0.588190 1920.000000 1080.000000
0 997 0.340885 0.623148 0.053646 0.224074 0.605730 1920.000000 1080.000000
0 998 0.340104 0.622222 0.055208 0.224074 0.618010 1920.000000 1080.000000
0 999 0.339323 0.622222 0.055729 0.224074 0.630810 1920.000000 1080.000000
0 1000 0.338542 0.621759 0.057292 0.223148 0.641800 1920.000000 1080.000000
0 1001 0.338021 0.621759 0.058333 0.223148 0.648140 1920.000000 1080.000000
0 1002 0.336979 0.621296 0.057292 0.222222 0.669840 1920.000000 1080.000000
0 1003 0.336458 0.621296 0.056250 0.222222 0.682130 1920.000000 1080.000000
0 1004 0.335938 0.621296 0.055208 0.222222 0.694890 1920.000000 1080.000000
0 1005 0.335156 0.620833 0.054688 0.221296 0.711950 1920.000000 1080.000000
0 1006 0.334635 0.620833 0.053646 0.221296 0.725640 1920.000000 1080.000000
0 1007 0.334115 0.620833 0.052604 0.221296 0.739870 1920.000000 1080.000000
0 1008 0.333333 0.620370 0.052083 0.220370 0.758230 1920.000000 1080.000000
0 1009 0.332813 0.620370 0.051042 0.220370 0.773550 1920.000000 1080.000000
0 1010 0.332292 0.620370 0.050000 0.220370 0.789500 1920.000000 1080.000000
0 1011 0.331771 0.620833 0.048958 0.219444 0.805930 1920.000000 1080.000000
0 1012 0.330729 0.620370 0.047917 0.220370 0.834210 1920.000000 1080.000000
0 1013 0.329688 0.620370 0.046875 0.220370 0.863530 1920.000000 1080.000000
0 1014 0.328906 0.620370 0.045312 0.220370 0.892970 1920.000000 1080.000000
0 1015 0.328125 0.620370 0.044792 0.220370 0.914730 1920.000000 1080.000000
0 1016 0.327344 0.620370 0.043229 0.220370 0.947400 1920.000000 1080.000000
0 1017 0.326302 0.619907 0.042188 0.221296 0.951370 1920.000000 1080.000000
0 1018 0.325521 0.619907 0.041667 0.221296 0.954170 1920.000000 1080.000000
0 1019 0.324740 0.619907 0.040104 0.221296 0.957690 1920.000000 1080.000000
0 1020 0.323698 0.619907 0.039062 0.221296 0.962010 1920.000000 1080.000000
0 1021 0.323177 0.620370 0.038021 0.222222 0.963780 1920.000000 1080.000000
0 1022 0.322656 0.619444 0.038021 0.222222 0.966690 1920.000000 1080.000000
0 1023 0.322135 0.619444 0.038021 0.222222 0.968540 1920.000000 1080.000000
0 1024 0.321615 0.618981 0.038021 0.223148 0.970520 1920.000000 1080.000000
0 1025 0.321354 0.618981 0.038542 0.223148 0.970910 1920.000000 1080.000000
0 1026 0.320833 0.618981 0.038542 0.223148 0.972730 1920.000000 1080.000000
0 1027 0.320312 0.618519 0.038542 0.224074 0.974650 1920.000000 1080.000000
0 1028 0.320052 0.618519 0.039062 0.224074 0.974980 1920.000000 1080.000000
0 1029 0.319531 0.618056 0.039062 0.225000 0.976870 1920.000000 1080.000000
0 1030 0.319010 0.618056 0.039062 0.225000 0.978650 1920.000000 1080.000000
0 1031 0.319010 0.618056 0.039062 0.225000 0.978650 1920.000000 1080.000000
0 1032 0.318750 0.617593 0.038542 0.225926 0.980240 1920.000000 1080.000000
0 1033 0.319010 0.617130 0.038021 0.226852 0.980060 1920.000000 1080.000000
0 1034 0.319271 0.616667 0.037500 0.227778 0.979870 1920.000000 1080.000000
0 1035 0.319271 0.616204 0.036458 0.228704 0.981260 1920.000000 1080.000000
0 1036 0.319531 0.616204 0.035937 0.228704 0.980990 1920.000000 1080.000000
0 1037 0.319792 0.615741 0.035417 0.229630 0.980790 1920.000000 1080.000000
0 1038 0.319792 0.615278 0.034375 0.230556 0.982270 1920.000000 1080.000000
0 1039 0.320052 0.614815 0.033854 0.231481 0.982070 1920.000000 1080.000000
0 1040 0.320312 0.614352 0.033333 0.232407 0.981870 1920.000000 1080.000000
0 1041 0.320573 0.614352 0.032813 0.232407 0.981580 1920.000000 1080.000000
0 1042 0.320312 0.613889 0.032292 0.233333 0.983440 1920.000000 1080.000000
0 1043 0.320312 0.613889 0.032292 0.233333 0.983440 1920.000000 1080.000000
0 1044 0.320573 0.614352 0.031771 0.234259 0.982730 1920.000000 1080.000000
0 1045 0.320312 0.614352 0.031250 0.234259 0.984640 1920.000000 1080.000000
0 1046 0.320312 0.613889 0.031250 0.235185 0.984700 1920.000000 1080.000000
0 1047 0.320573 0.614352 0.030729 0.236111 0.984050 1920.000000 1080.000000
0 1048 0.320312 0.614352 0.030208 0.236111 0.986100 1920.000000 1080.000000
0 1049 0.320312 0.614352 0.030208 0.236111 0.986100 1920.000000 1080.000000
0 1050 0.320573 0.614815 0.029687 0.237037 0.985510 1920.000000 1080.000000
