0 1 0.826562 0.324074 0.031250 0.177778 0.267050 1920.000000 1080.000000
0 2 0.825521 0.323148 0.031250 0.177778 0.252870 1920.000000 1080.000000
0 3 0.825000 0.322222 0.031250 0.177778 0.248360 1920.000000 1080.000000
0 4 0.824479 0.321296 0.031250 0.177778 0.243860 1920.000000 1080.000000
0 5 0.823438 0.321296 0.031250 0.177778 0.224500 1920.000000 1080.000000
0 6 0.822917 0.320370 0.031250 0.177778 0.219990 1920.000000 1080.000000
0 7 0.822396 0.319444 0.031250 0.177778 0.215490 1920.000000 1080.000000
0 8 0.821354 0.319444 0.031250 0.177778 0.203010 1920.000000 1080.000000
0 9 0.820833 0.318519 0.031250 0.177778 0.205390 1920.000000 1080.000000
0 10 0.820312 0.317593 0.031250 0.177778 0.207760 1920.000000 1080.000000
0 11 0.819792 0.317593 0.031250 0.177778 0.204960 1920.000000 1080.000000
0 12 0.818750 0.316667 0.031250 0.177778 0.204540 1920.000000 1080.000000
0 13 0.818229 0.316667 0.031250 0.177778 0.201730 1920.000000 1080.000000
0 14 0.817187 0.315741 0.031250 0.177778 0.201310 1920.000000 1080.000000
0 15 0.816667 0.315741 0.031250 0.177778 0.198510 1920.000000 1080.000000
0 16 0.816146 0.315741 0.031250 0.177778 0.195700 1920.000000 1080.000000
0 17 0.815104 0.314815 0.031250 0.177778 0.210570 1920.000000 1080.000000
0 18 0.814583 0.314815 0.031250 0.177778 0.215410 1920.000000 1080.000000
0 19 0.813542 0.313889 0.031250 0.177778 0.229850 1920.000000 1080.000000
0 20 0.813021 0.313889 0.031250 0.177778 0.234600 1920.000000 1080.000000
0 21 0.812500 0.313889 0.031250 0.177778 0.239360 1920.000000 1080.000000
0 22 0.810937 0.312037 0.031250 0.177778 0.262300 1920.000000 1080.000000
0 23 0.809375 0.311111 0.031250 0.177778 0.280130 1920.000000 1080.000000
0 24 0.808333 0.309259 0.031250 0.177778 0.296950 1920.000000 1080.000000
0 25 0.806771 0.308333 0.031250 0.177778 0.313600 1920.000000 1080.000000
0 26 0.805729 0.306481 0.031250 0.177778 0.329060 1920.000000 1080.000000
0 27 0.804167 0.305556 0.031250 0.177778 0.344520 1920.000000 1080.000000
0 28 0.802604 0.303704 0.031250 0.177778 0.376200 1920.000000 1080.000000
0 29 0.801562 0.302778 0.031250 0.177778 0.400410 1920.000000 1080.000000
0 30 0.800000 0.300926 0.031250 0.177778 0.437360 1920.000000 1080.000000
0 31 0.798958 0.300000 0.031250 0.177778 0.466240 1920.000000 1080.000000
0 32 0.798438 0.299074 0.031250 0.177778 0.481700 1920.000000 1080.000000
0 33 0.797917 0.298148 0.031250 0.177778 0.496980 1920.000000 1080.000000
0 34 0.797396 0.298148 0.031250 0.177778 0.509980 1920.000000 1080.000000
0 35 0.796875 0.297222 0.031250 0.177778 0.525010 1920.000000 1080.000000
0 36 0.796875 0.297222 0.031250 0.177778 0.525010 1920.000000 1080.000000
0 37 0.796354 0.296296 0.031250 0.177778 0.539880 1920.000000 1080.000000
0 38 0.795833 0.295370 0.031250 0.177778 0.554570 1920.000000 1080.000000
0 39 0.795312 0.295370 0.031250 0.177778 0.567320 1920.000000 1080.000000
0 40 0.794792 0.294444 0.031250 0.177778 0.581750 1920.000000 1080.000000
0 41 0.794792 0.294444 0.031250 0.177778 0.581750 1920.000000 1080.000000
0 42 0.793750 0.293519 0.031250 0.177778 0.608600 1920.000000 1080.000000
0 43 0.793229 0.293519 0.031250 0.177778 0.621170 1920.000000 1080.000000
0 44 0.792188 0.293056 0.031250 0.178704 0.648130 1920.000000 1080.000000
0 45 0.791667 0.293056 0.031250 0.178704 0.660640 1920.000000 1080.000000
0 46 0.790885 0.292593 0.030729 0.179630 0.682050 1920.000000 1080.000000
0 47 0.790104 0.292593 0.031250 0.179630 0.699710 1920.000000 1080.000000
0 48 0.789323 0.292130 0.030729 0.180556 0.721430 1920.000000 1080.000000
0 49 0.788542 0.292130 0.031250 0.180556 0.738370 1920.000000 1080.000000
0 50 0.787760 0.291667 0.030729 0.181481 0.760410 1920.000000 1080.000000
0 51 0.787240 0.291667 0.030729 0.181481 0.772930 1920.000000 1080.000000
0 52 0.786198 0.289815 0.030729 0.181481 0.798480 1920.000000 1080.000000
0 53 0.785677 0.288889 0.030729 0.181481 0.811000 1920.000000 1080.000000
0 54 0.784635 0.287963 0.030729 0.181481 0.835530 1920.000000 1080.000000
0 55 0.784115 0.286574 0.030729 0.180556 0.841580 1920.000000 1080.000000
0 56 0.783333 0.285648 0.030208 0.180556 0.852910 1920.000000 1080.000000
0 57 0.782552 0.284722 0.030729 0.180556 0.862240 1920.000000 1080.000000
0 58 0.781771 0.283333 0.030208 0.179630 0.873270 1920.000000 1080.000000
0 59 0.780990 0.282407 0.030729 0.179630 0.882310 1920.000000 1080.000000
0 60 0.780208 0.281481 0.030208 0.179630 0.894390 1920.000000 1080.000000
0 61 0.779687 0.280556 0.030208 0.179630 0.901430 1920.000000 1080.000000
0 62 0.778385 0.279630 0.031771 0.179630 0.912900 1920.000000 1080.000000
0 63 0.777344 0.279630 0.032813 0.179630 0.902880 1920.000000 1080.000000
0 64 0.776302 0.279167 0.033854 0.178704 0.893390 1920.000000 1080.000000
0 65 0.775000 0.278704 0.035417 0.179630 0.881090 1920.000000 1080.000000
0 66 0.773958 0.278704 0.036458 0.179630 0.873170 1920.000000 1080.000000
0 67 0.772917 0.278241 0.037500 0.178704 0.866120 1920.000000 1080.000000
0 68 0.771615 0.277778 0.039062 0.179630 0.856480 1920.000000 1080.000000
0 69 0.770573 0.277315 0.040104 0.178704 0.850850 1920.000000 1080.000000
0 70 0.769531 0.277315 0.041146 0.178704 0.844910 1920.000000 1080.000000
0 71 0.768490 0.277315 0.042188 0.178704 0.839260 1920.000000 1080.000000
0 72 0.767448 0.276389 0.041146 0.178704 0.847870 1920.000000 1080.000000
0 73 0.766667 0.275926 0.040625 0.177778 0.847510 1920.000000 1080.000000
0 74 0.765885 0.275926 0.040104 0.177778 0.840570 1920.000000 1080.000000
0 75 0.764844 0.275463 0.039062 0.176852 0.832650 1920.000000 1080.000000
0 76 0.764062 0.275463 0.038542 0.176852 0.825280 1920.000000 1080.000000
0 77 0.763281 0.275000 0.038021 0.175926 0.819230 1920.000000 1080.000000
0 78 0.762240 0.274537 0.036979 0.175000 0.810530 1920.000000 1080.000000
0 79 0.761458 0.274537 0.036458 0.175000 0.802520 1920.000000 1080.000000
0 80 0.760677 0.274074 0.035937 0.174074 0.796070 1920.000000 1080.000000
0 81 0.760156 0.274074 0.034896 0.174074 0.790070 1920.000000 1080.000000
0 82 0.758854 0.273148 0.034375 0.174074 0.778880 1920.000000 1080.000000
0 83 0.758073 0.272685 0.033854 0.175000 0.771130 1920.000000 1080.000000
0 84 0.756771 0.272685 0.033333 0.175000 0.756280 1920.000000 1080.000000
0 85 0.755990 0.272222 0.032813 0.175926 0.748040 1920.000000 1080.000000
0 86 0.755208 0.272222 0.032292 0.175926 0.738220 1920.000000 1080.000000
0 87 0.753906 0.271759 0.031771 0.176852 0.723620 1920.000000 1080.000000
0 88 0.753125 0.271296 0.031250 0.177778 0.714600 1920.000000 1080.000000
0 89 0.751823 0.271296 0.030729 0.177778 0.697750 1920.000000 1080.000000
0 90 0.751042 0.270833 0.030208 0.178704 0.688100 1920.000000 1080.000000
0 91 0.750260 0.270833 0.029687 0.178704 0.676500 1920.000000 1080.000000
0 92 0.749219 0.269907 0.029687 0.178704 0.668860 1920.000000 1080.000000
0 93 0.748177 0.269444 0.029687 0.177778 0.659820 1920.000000 1080.000000
0 94 0.747396 0.268981 0.029167 0.178704 0.649480 1920.000000 1080.000000
0 95 0.746615 0.268519 0.029687 0.177778 0.652850 1920.000000 1080.000000
0 96 0.745833 0.268056 0.029167 0.178704 0.654640 1920.000000 1080.000000
0 97 0.744792 0.267593 0.029167 0.177778 0.658030 1920.000000 1080.000000
0 98 0.744010 0.266667 0.029687 0.177778 0.663210 1920.000000 1080.000000
0 99 0.743229 0.266667 0.029167 0.177778 0.663210 1920.000000 1080.000000
0 100 0.742188 0.265741 0.029167 0.177778 0.668390 1920.000000 1080.000000
0 101 0.741667 0.265741 0.029167 0.177778 0.668390 1920.000000 1080.000000
0 102 0.740365 0.264352 0.029687 0.176852 0.677080 1920.000000 1080.000000
0 103 0.739323 0.263426 0.029687 0.176852 0.682290 1920.000000 1080.000000
0 104 0.738542 0.262500 0.030208 0.176852 0.687500 1920.000000 1080.000000
0 105 0.737500 0.261574 0.030208 0.176852 0.692710 1920.000000 1080.000000
0 106 0.736719 0.261111 0.030729 0.175926 0.696340 1920.000000 1080.000000
0 107 0.735417 0.260185 0.031250 0.175926 0.701570 1920.000000 1080.000000
0 108 0.734375 0.259259 0.031250 0.175926 0.706810 1920.000000 1080.000000
0 109 0.733594 0.258333 0.031771 0.175926 0.712040 1920.000000 1080.000000
0 110 0.732552 0.257407 0.031771 0.175926 0.717280 1920.000000 1080.000000
0 111 0.731771 0.256944 0.032292 0.175000 0.721050 1920.000000 1080.000000
0 112 0.730208 0.256481 0.032292 0.174074 0.724870 1920.000000 1080.000000
0 113 0.728906 0.256019 0.032813 0.173148 0.728720 1920.000000 1080.000000
0 114 0.727604 0.255556 0.033333 0.172222 0.732620 1920.000000 1080.000000
0 115 0.726562 0.255556 0.033333 0.172222 0.732620 1920.000000 1080.000000
0 116 0.725260 0.255093 0.033854 0.171296 0.736560 1920.000000 1080.000000
0 117 0.723958 0.254630 0.034375 0.170370 0.740540 1920.000000 1080.000000
0 118 0.722917 0.254630 0.034375 0.170370 0.740540 1920.000000 1080.000000
0 119 0.721615 0.254167 0.034896 0.169444 0.744570 1920.000000 1080.000000
0 120 0.720313 0.253704 0.035417 0.168519 0.748630 1920.000000 1080.000000
0 121 0.719271 0.253704 0.035417 0.168519 0.748630 1920.000000 1080.000000
0 122 0.717708 0.252778 0.034375 0.168519 0.754100 1920.000000 1080.000000
0 123 0.716667 0.252778 0.033333 0.168519 0.754100 1920.000000 1080.000000
0 124 0.715365 0.252315 0.032813 0.167593 0.758240 1920.000000 1080.000000
0 125 0.714323 0.251852 0.031771 0.168519 0.759560 1920.000000 1080.000000
0 126 0.713281 0.251852 0.030729 0.168519 0.759560 1920.000000 1080.000000
0 127 0.711719 0.251389 0.029687 0.167593 0.763740 1920.000000 1080.000000
0 128 0.710677 0.250926 0.028646 0.168519 0.765030 1920.000000 1080.000000
0 129 0.709375 0.250463 0.028125 0.167593 0.769230 1920.000000 1080.000000
0 130 0.708333 0.250463 0.027083 0.167593 0.769230 1920.000000 1080.000000
0 131 0.707292 0.250463 0.026042 0.167593 0.769230 1920.000000 1080.000000
0 132 0.705990 0.249537 0.026562 0.167593 0.774730 1920.000000 1080.000000
0 133 0.704948 0.248611 0.026562 0.167593 0.780220 1920.000000 1080.000000
0 134 0.703906 0.248148 0.026562 0.166667 0.784530 1920.000000 1080.000000
0 135 0.702865 0.247685 0.026562 0.167593 0.785710 1920.000000 1080.000000
0 136 0.701823 0.247222 0.026562 0.166667 0.790060 1920.000000 1080.000000
0 137 0.700781 0.246296 0.026562 0.166667 0.795580 1920.000000 1080.000000
0 138 0.699740 0.245833 0.026562 0.167593 0.796700 1920.000000 1080.000000
0 139 0.698698 0.245370 0.026562 0.166667 0.801100 1920.000000 1080.000000
0 140 0.697656 0.244444 0.026562 0.166667 0.806630 1920.000000 1080.000000
0 141 0.696875 0.244444 0.027083 0.166667 0.806630 1920.000000 1080.000000
0 142 0.695052 0.243519 0.027604 0.166667 0.812150 1920.000000 1080.000000
0 143 0.693750 0.243519 0.028125 0.166667 0.812150 1920.000000 1080.000000
0 144 0.692448 0.243519 0.028646 0.166667 0.812150 1920.000000 1080.000000
0 145 0.691146 0.243056 0.029167 0.165741 0.816670 1920.000000 1080.000000
0 146 0.689844 0.243056 0.029687 0.165741 0.816670 1920.000000 1080.000000
0 147 0.688281 0.242593 0.030729 0.166667 0.817680 1920.000000 1080.000000
0 148 0.686979 0.242130 0.031250 0.165741 0.822220 1920.000000 1080.000000
0 149 0.685677 0.242130 0.031771 0.165741 0.822220 1920.000000 1080.000000
0 150 0.684375 0.242130 0.032292 0.165741 0.822220 1920.000000 1080.000000
0 151 0.683073 0.242130 0.032813 0.165741 0.822220 1920.000000 1080.000000
0 152 0.681250 0.241204 0.032292 0.165741 0.827780 1920.000000 1080.000000
0 153 0.679948 0.241204 0.031771 0.165741 0.827780 1920.000000 1080.000000
0 154 0.678385 0.240278 0.031771 0.165741 0.833330 1920.000000 1080.000000
0 155 0.676823 0.240278 0.030729 0.165741 0.833330 1920.000000 1080.000000
0 156 0.675521 0.239815 0.030208 0.164815 0.837990 1920.000000 1080.000000
0 157 0.673958 0.239352 0.030208 0.165741 0.838890 1920.000000 1080.000000
0 158 0.672396 0.238889 0.029167 0.164815 0.843580 1920.000000 1080.000000
0 159 0.670833 0.238426 0.029167 0.165741 0.844440 1920.000000 1080.000000
0 160 0.669531 0.237963 0.028646 0.164815 0.849160 1920.000000 1080.000000
0 161 0.668229 0.237963 0.028125 0.164815 0.849160 1920.000000 1080.000000
0 162 0.666406 0.237037 0.028646 0.164815 0.854750 1920.000000 1080.000000
0 163 0.664583 0.237037 0.029167 0.164815 0.854750 1920.000000 1080.000000
0 164 0.663021 0.237037 0.029167 0.164815 0.854750 1920.000000 1080.000000
0 165 0.661458 0.236574 0.030208 0.165741 0.855560 1920.000000 1080.000000
0 166 0.659896 0.236574 0.030208 0.165741 0.855560 1920.000000 1080.000000
0 167 0.658073 0.236574 0.030729 0.165741 0.855560 1920.000000 1080.000000
0 168 0.656510 0.236111 0.031771 0.166667 0.856350 1920.000000 1080.000000
0 169 0.654948 0.236111 0.031771 0.166667 0.856350 1920.000000 1080.000000
0 170 0.653125 0.236111 0.032292 0.166667 0.856350 1920.000000 1080.000000
0 171 0.651823 0.236111 0.032813 0.166667 0.856350 1920.000000 1080.000000
0 172 0.650781 0.234722 0.032813 0.165741 0.866670 1920.000000 1080.000000
0 173 0.650000 0.233796 0.032292 0.165741 0.872220 1920.000000 1080.000000
0 174 0.649219 0.232870 0.031771 0.165741 0.877780 1920.000000 1080.000000
0 175 0.648438 0.231944 0.031250 0.165741 0.883330 1920.000000 1080.000000
0 176 0.647656 0.231019 0.030729 0.165741 0.888890 1920.000000 1080.000000
0 177 0.646615 0.230093 0.030729 0.165741 0.894440 1920.000000 1080.000000
0 178 0.645833 0.229167 0.030208 0.165741 0.900000 1920.000000 1080.000000
0 179 0.645052 0.228241 0.029687 0.165741 0.905560 1920.000000 1080.000000
0 180 0.644271 0.227315 0.029167 0.165741 0.911110 1920.000000 1080.000000
0 181 0.643490 0.226389 0.028646 0.165741 0.916670 1920.000000 1080.000000
0 182 0.641406 0.225926 0.029687 0.166667 0.917130 1920.000000 1080.000000
0 183 0.639844 0.225926 0.030729 0.166667 0.917130 1920.000000 1080.000000
0 184 0.638021 0.225463 0.031250 0.167593 0.917580 1920.000000 1080.000000
0 185 0.636458 0.225463 0.032292 0.167593 0.920200 1920.000000 1080.000000
0 186 0.634896 0.225000 0.033333 0.168519 0.925600 1920.000000 1080.000000
0 187 0.632812 0.225000 0.034375 0.168519 0.931490 1920.000000 1080.000000
0 188 0.631250 0.224537 0.035417 0.169444 0.936200 1920.000000 1080.000000
0 189 0.629427 0.224537 0.035937 0.169444 0.940610 1920.000000 1080.000000
0 190 0.627865 0.224074 0.036979 0.170370 0.944820 1920.000000 1080.000000
0 191 0.626302 0.224074 0.038021 0.170370 0.948500 1920.000000 1080.000000
0 192 0.625260 0.222685 0.036979 0.169444 0.956820 1920.000000 1080.000000
0 193 0.624479 0.221759 0.036458 0.169444 0.961420 1920.000000 1080.000000
0 194 0.623698 0.220833 0.035937 0.169444 0.965840 1920.000000 1080.000000
0 195 0.623177 0.219907 0.034896 0.169444 0.969630 1920.000000 1080.000000
0 196 0.622396 0.218981 0.034375 0.169444 0.973720 1920.000000 1080.000000
0 197 0.621354 0.218056 0.033333 0.169444 0.977930 1920.000000 1080.000000
0 198 0.620833 0.217130 0.032292 0.169444 0.981280 1920.000000 1080.000000
0 199 0.620052 0.216204 0.031771 0.169444 0.984750 1920.000000 1080.000000
0 200 0.619271 0.215278 0.031250 0.169444 0.987970 1920.000000 1080.000000
0 201 0.618750 0.214352 0.030208 0.169444 0.990790 1920.000000 1080.000000
0 202 0.617188 0.213889 0.030208 0.170370 0.991940 1920.000000 1080.000000
0 203 0.616146 0.213889 0.030208 0.170370 0.992670 1920.000000 1080.000000
0 204 0.615104 0.213889 0.030208 0.170370 0.993400 1920.000000 1080.000000
0 205 0.613802 0.213889 0.029687 0.170370 0.994410 1920.000000 1080.000000
0 206 0.612760 0.213889 0.029687 0.170370 0.995150 1920.000000 1080.000000
0 207 0.611458 0.213426 0.030208 0.171296 0.995990 1920.000000 1080.000000
0 208 0.610156 0.213426 0.029687 0.171296 0.997030 1920.000000 1080.000000
0 209 0.609115 0.213426 0.029687 0.171296 0.997780 1920.000000 1080.000000
0 210 0.608073 0.213426 0.029687 0.171296 0.998520 1920.000000 1080.000000
0 211 0.607031 0.213426 0.029687 0.171296 0.999260 1920.000000 1080.000000
0 212 0.605990 0.212037 0.029687 0.170370 1.000000 1920.000000 1080.000000
0 213 0.605208 0.211111 0.029167 0.170370 1.000000 1920.000000 1080.000000
0 214 0.604427 0.210185 0.028646 0.170370 1.000000 1920.000000 1080.000000
0 215 0.603906 0.209259 0.028646 0.170370 1.000000 1920.000000 1080.000000
0 216 0.603125 0.208333 0.028125 0.170370 1.000000 1920.000000 1080.000000
0 217 0.602344 0.207407 0.027604 0.170370 1.000000 1920.000000 1080.000000
0 218 0.601823 0.206481 0.027604 0.170370 1.000000 1920.000000 1080.000000
0 219 0.601042 0.205556 0.027083 0.170370 1.000000 1920.000000 1080.000000
0 220 0.600260 0.204630 0.026562 0.170370 1.000000 1920.000000 1080.000000
0 221 0.599740 0.204167 0.026562 0.169444 1.000000 1920.000000 1080.000000
0 222 0.598177 0.203241 0.027604 0.169444 1.000000 1920.000000 1080.000000
0 223 0.596875 0.203241 0.028125 0.169444 1.000000 1920.000000 1080.000000
0 224 0.595833 0.203241 0.029167 0.169444 1.000000 1920.000000 1080.000000
0 225 0.594531 0.202778 0.029687 0.168519 1.000000 1920.000000 1080.000000
0 226 0.593490 0.202778 0.030729 0.168519 1.000000 1920.000000 1080.000000
0 227 0.591927 0.202315 0.031771 0.169444 1.000000 1920.000000 1080.000000
0 228 0.590625 0.201852 0.032292 0.168519 1.000000 1920.000000 1080.000000
0 229 0.589583 0.201852 0.033333 0.168519 1.000000 1920.000000 1080.000000
0 230 0.588281 0.201852 0.033854 0.168519 1.000000 1920.000000 1080.000000
0 231 0.587240 0.201852 0.034896 0.168519 1.000000 1920.000000 1080.000000
0 232 0.586458 0.200463 0.034375 0.167593 1.000000 1920.000000 1080.000000
0 233 0.585677 0.199537 0.033854 0.167593 1.000000 1920.000000 1080.000000
0 234 0.584896 0.198611 0.033333 0.167593 1.000000 1920.000000 1080.000000
0 235 0.584375 0.197685 0.032292 0.167593 1.000000 1920.000000 1080.000000
0 236 0.583854 0.197222 0.032292 0.166667 1.000000 1920.000000 1080.000000
0 237 0.583073 0.196296 0.031771 0.166667 1.000000 1920.000000 1080.000000
0 238 0.582552 0.195370 0.030729 0.166667 1.000000 1920.000000 1080.000000
0 239 0.581771 0.194444 0.030208 0.166667 1.000000 1920.000000 1080.000000
0 240 0.580990 0.193519 0.029687 0.166667 1.000000 1920.000000 1080.000000
0 241 0.580729 0.193056 0.029167 0.165741 1.000000 1920.000000 1080.000000
0 242 0.579688 0.192593 0.029167 0.166667 1.000000 1920.000000 1080.000000
0 243 0.579167 0.192593 0.029167 0.166667 1.000000 1920.000000 1080.000000
0 244 0.578646 0.192593 0.029167 0.166667 1.000000 1920.000000 1080.000000
0 245 0.577865 0.192130 0.028646 0.167593 1.000000 1920.000000 1080.000000
0 246 0.577344 0.192130 0.028646 0.167593 1.000000 1920.000000 1080.000000
0 247 0.576562 0.192130 0.029167 0.167593 1.000000 1920.000000 1080.000000
0 248 0.575781 0.191667 0.028646 0.168519 1.000000 1920.000000 1080.000000
0 249 0.575260 0.191667 0.028646 0.168519 1.000000 1920.000000 1080.000000
0 250 0.574740 0.191667 0.028646 0.168519 1.000000 1920.000000 1080.000000
0 251 0.574219 0.192130 0.028646 0.169444 1.000000 1920.000000 1080.000000
0 252 0.573177 0.191204 0.028646 0.169444 1.000000 1920.000000 1080.000000
0 253 0.572656 0.190741 0.028646 0.170370 1.000000 1920.000000 1080.000000
0 254 0.571615 0.189815 0.028646 0.170370 1.000000 1920.000000 1080.000000
0 255 0.571094 0.189352 0.028646 0.171296 1.000000 1920.000000 1080.000000
0 256 0.570312 0.189352 0.028125 0.171296 1.000000 1920.000000 1080.000000
0 257 0.569531 0.188426 0.028646 0.171296 1.000000 1920.000000 1080.000000
0 258 0.568750 0.187963 0.028125 0.172222 1.000000 1920.000000 1080.000000
0 259 0.567969 0.187037 0.028646 0.172222 1.000000 1920.000000 1080.000000
0 260 0.567187 0.186574 0.028125 0.173148 1.000000 1920.000000 1080.000000
0 261 0.566667 0.186574 0.028125 0.173148 1.000000 1920.000000 1080.000000
0 262 0.565625 0.185648 0.028125 0.173148 1.000000 1920.000000 1080.000000
0 263 0.564844 0.185185 0.028646 0.172222 1.000000 1920.000000 1080.000000
0 264 0.564063 0.184259 0.029167 0.172222 1.000000 1920.000000 1080.000000
0 265 0.563281 0.183796 0.029687 0.171296 1.000000 1920.000000 1080.000000
0 266 0.562760 0.183333 0.029687 0.170370 1.000000 1920.000000 1080.000000
0 267 0.561719 0.182407 0.029687 0.170370 1.000000 1920.000000 1080.000000
0 268 0.560937 0.181944 0.030208 0.169444 1.000000 1920.000000 1080.000000
0 269 0.560156 0.181019 0.030729 0.169444 1.000000 1920.000000 1080.000000
0 270 0.559375 0.180556 0.031250 0.168519 1.000000 1920.000000 1080.000000
0 271 0.558854 0.180093 0.031250 0.167593 1.000000 1920.000000 1080.000000
0 272 0.557813 0.179167 0.031250 0.167593 1.000000 1920.000000 1080.000000
0 273 0.557292 0.179167 0.031250 0.167593 1.000000 1920.000000 1080.000000
0 274 0.556250 0.178241 0.031250 0.167593 1.000000 1920.000000 1080.000000
0 275 0.555729 0.178241 0.031250 0.167593 1.000000 1920.000000 1080.000000
0 276 0.554688 0.178241 0.031250 0.167593 1.000000 1920.000000 1080.000000
0 277 0.554167 0.177315 0.031250 0.167593 1.000000 1920.000000 1080.000000
0 278 0.553125 0.177315 0.031250 0.167593 1.000000 1920.000000 1080.000000
0 279 0.552604 0.176389 0.031250 0.167593 1.000000 1920.000000 1080.000000
0 280 0.551562 0.176389 0.031250 0.167593 1.000000 1920.000000 1080.000000
0 281 0.551042 0.176389 0.031250 0.167593 1.000000 1920.000000 1080.000000
0 282 0.550000 0.175463 0.031250 0.167593 1.000000 1920.000000 1080.000000
0 283 0.549479 0.174537 0.031250 0.167593 1.000000 1920.000000 1080.000000
0 284 0.548958 0.174537 0.031250 0.167593 1.000000 1920.000000 1080.000000
0 285 0.547917 0.173611 0.031250 0.167593 1.000000 1920.000000 1080.000000
0 286 0.547396 0.173611 0.031250 0.167593 1.000000 1920.000000 1080.000000
0 287 0.546875 0.172685 0.031250 0.167593 1.000000 1920.000000 1080.000000
0 288 0.545833 0.171759 0.031250 0.167593 1.000000 1920.000000 1080.000000
0 289 0.545312 0.171759 0.031250 0.167593 1.000000 1920.000000 1080.000000
0 290 0.544792 0.170833 0.031250 0.167593 1.000000 1920.000000 1080.000000
0 291 0.544271 0.170833 0.031250 0.167593 1.000000 1920.000000 1080.000000
0 292 0.543750 0.169907 0.031250 0.167593 1.000000 1920.000000 1080.000000
0 293 0.543229 0.168981 0.031250 0.167593 1.000000 1920.000000 1080.000000
0 294 0.542708 0.168981 0.031250 0.167593 1.000000 1920.000000 1080.000000
0 295 0.542708 0.168056 0.031250 0.167593 1.000000 1920.000000 1080.000000
0 296 0.542188 0.168056 0.031250 0.167593 1.000000 1920.000000 1080.000000
0 297 0.541667 0.167130 0.031250 0.167593 1.000000 1920.000000 1080.000000
0 298 0.541667 0.166204 0.031250 0.167593 1.000000 1920.000000 1080.000000
0 299 0.541146 0.166204 0.031250 0.167593 1.000000 1920.000000 1080.000000
0 300 0.540625 0.165278 0.031250 0.167593 1.000000 1920.000000 1080.000000
0 301 0.540625 0.165278 0.031250 0.167593 1.000000 1920.000000 1080.000000
0 302 0.540104 0.164352 0.031250 0.167593 1.000000 1920.000000 1080.000000
0 303 0.540104 0.163426 0.031250 0.167593 1.000000 1920.000000 1080.000000
0 304 0.539583 0.162500 0.031250 0.167593 1.000000 1920.000000 1080.000000
0 305 0.539583 0.161574 0.031250 0.167593 1.000000 1920.000000 1080.000000
0 306 0.539062 0.161574 0.031250 0.167593 1.000000 1920.000000 1080.000000
0 307 0.539062 0.160648 0.031250 0.167593 1.000000 1920.000000 1080.000000
0 308 0.538542 0.159722 0.031250 0.167593 1.000000 1920.000000 1080.000000
0 309 0.538542 0.158796 0.031250 0.167593 1.000000 1920.000000 1080.000000
0 310 0.538021 0.157870 0.031250 0.167593 1.000000 1920.000000 1080.000000
0 311 0.538021 0.157870 0.031250 0.167593 1.000000 1920.000000 1080.000000
0 312 0.537500 0.156944 0.031250 0.167593 1.000000 1920.000000 1080.000000
0 313 0.536979 0.156944 0.031250 0.167593 1.000000 1920.000000 1080.000000
0 314 0.536458 0.156944 0.031250 0.167593 1.000000 1920.000000 1080.000000
0 315 0.535937 0.156019 0.031250 0.167593 1.000000 1920.000000 1080.000000
0 316 0.535417 0.156019 0.031250 0.167593 1.000000 1920.000000 1080.000000
0 317 0.534896 0.156019 0.031250 0.167593 1.000000 1920.000000 1080.000000
0 318 0.534375 0.155093 0.031250 0.167593 1.000000 1920.000000 1080.000000
0 319 0.533854 0.155093 0.031250 0.167593 1.000000 1920.000000 1080.000000
0 320 0.533333 0.155093 0.031250 0.167593 1.000000 1920.000000 1080.000000
0 321 0.532813 0.155093 0.031250 0.167593 1.000000 1920.000000 1080.000000
0 322 0.532292 0.154167 0.031250 0.167593 1.000000 1920.000000 1080.000000
0 323 0.531771 0.153241 0.031250 0.167593 1.000000 1920.000000 1080.000000
0 324 0.531250 0.152315 0.031250 0.167593 1.000000 1920.000000 1080.000000
0 325 0.530729 0.151389 0.031250 0.167593 1.000000 1920.000000 1080.000000
0 326 0.530729 0.150463 0.031250 0.167593 1.000000 1920.000000 1080.000000
0 327 0.530208 0.149537 0.031250 0.167593 1.000000 1920.000000 1080.000000
0 328 0.529687 0.148611 0.031250 0.167593 1.000000 1920.000000 1080.000000
0 329 0.529167 0.147685 0.031250 0.167593 1.000000 1920.000000 1080.000000
0 330 0.528646 0.146759 0.031250 0.167593 1.000000 1920.000000 1080.000000
0 331 0.528646 0.145833 0.031250 0.167593 1.000000 1920.000000 1080.000000
0 332 0.528125 0.144907 0.031250 0.167593 1.000000 1920.000000 1080.000000
0 333 0.527604 0.144907 0.031250 0.167593 1.000000 1920.000000 1080.000000
0 334 0.527083 0.143981 0.031250 0.167593 1.000000 1920.000000 1080.000000
0 335 0.526563 0.143981 0.031250 0.167593 1.000000 1920.000000 1080.000000
0 336 0.526042 0.143981 0.031250 0.167593 1.000000 1920.000000 1080.000000
0 337 0.525521 0.143056 0.031250 0.167593 1.000000 1920.000000 1080.000000
0 338 0.525000 0.143056 0.031250 0.167593 1.000000 1920.000000 1080.000000
0 339 0.524479 0.142130 0.031250 0.167593 1.000000 1920.000000 1080.000000
0 340 0.523958 0.142130 0.031250 0.167593 1.000000 1920.000000 1080.000000
0 341 0.523438 0.142130 0.031250 0.167593 1.000000 1920.000000 1080.000000
0 342 0.522917 0.140278 0.031250 0.167593 1.000000 1920.000000 1080.000000
0 343 0.522396 0.139352 0.031250 0.167593 1.000000 1920.000000 1080.000000
0 344 0.521875 0.137963 0.031250 0.166667 1.000000 1920.000000 1080.000000
0 345 0.521615 0.137037 0.030729 0.166667 1.000000 1920.000000 1080.000000
0 346 0.521354 0.136111 0.031250 0.166667 1.000000 1920.000000 1080.000000
0 347 0.520833 0.134722 0.031250 0.165741 1.000000 1920.000000 1080.000000
0 348 0.520573 0.133796 0.030729 0.165741 1.000000 1920.000000 1080.000000
0 349 0.520052 0.132407 0.030729 0.164815 1.000000 1920.000000 1080.000000
0 350 0.519531 0.131481 0.030729 0.164815 1.000000 1920.000000 1080.000000
0 351 0.519531 0.130556 0.030729 0.164815 1.000000 1920.000000 1080.000000
0 352 0.518750 0.129630 0.031250 0.164815 1.000000 1920.000000 1080.000000
0 353 0.518229 0.129630 0.031250 0.164815 1.000000 1920.000000 1080.000000
0 354 0.517448 0.129630 0.031771 0.164815 1.000000 1920.000000 1080.000000
0 355 0.516927 0.129167 0.031771 0.163889 1.000000 1920.000000 1080.000000
0 356 0.516667 0.129167 0.032292 0.163889 1.000000 1920.000000 1080.000000
0 357 0.515885 0.128704 0.032813 0.164815 1.000000 1920.000000 1080.000000
0 358 0.515365 0.128241 0.032813 0.163889 1.000000 1920.000000 1080.000000
0 359 0.514583 0.128241 0.033333 0.163889 1.000000 1920.000000 1080.000000
0 360 0.514062 0.128241 0.033333 0.163889 1.000000 1920.000000 1080.000000
0 361 0.513802 0.128241 0.033854 0.163889 1.000000 1920.000000 1080.000000
0 362 0.513281 0.127315 0.033854 0.163889 1.000000 1920.000000 1080.000000
0 363 0.513281 0.126389 0.033854 0.163889 1.000000 1920.000000 1080.000000
0 364 0.513021 0.125463 0.033333 0.163889 1.000000 1920.000000 1080.000000
0 365 0.513021 0.124537 0.033333 0.163889 1.000000 1920.000000 1080.000000
0 366 0.512760 0.123611 0.032813 0.163889 1.000000 1920.000000 1080.000000
0 367 0.512500 0.122685 0.033333 0.163889 1.000000 1920.000000 1080.000000
0 368 0.512240 0.121759 0.032813 0.163889 1.000000 1920.000000 1080.000000
0 369 0.512240 0.120833 0.032813 0.163889 1.000000 1920.000000 1080.000000
0 370 0.511979 0.119907 0.032292 0.163889 1.000000 1920.000000 1080.000000
0 371 0.511979 0.119444 0.032292 0.162963 1.000000 1920.000000 1080.000000
0 372 0.511719 0.118519 0.031771 0.162963 1.000000 1920.000000 1080.000000
0 373 0.511719 0.117593 0.031771 0.162963 1.000000 1920.000000 1080.000000
0 374 0.511719 0.116667 0.031771 0.162963 1.000000 1920.000000 1080.000000
0 375 0.511719 0.115741 0.031771 0.162963 1.000000 1920.000000 1080.000000
0 376 0.511979 0.115278 0.031250 0.162037 1.000000 1920.000000 1080.000000
0 377 0.511719 0.114352 0.030729 0.162037 1.000000 1920.000000 1080.000000
0 378 0.511719 0.113426 0.030729 0.162037 1.000000 1920.000000 1080.000000
0 379 0.511719 0.112500 0.030729 0.162037 1.000000 1920.000000 1080.000000
0 380 0.511719 0.111574 0.030729 0.162037 1.000000 1920.000000 1080.000000
0 381 0.511979 0.111574 0.030208 0.162037 1.000000 1920.000000 1080.000000
0 382 0.511458 0.110648 0.030208 0.162037 1.000000 1920.000000 1080.000000
0 383 0.511458 0.109722 0.030208 0.162037 1.000000 1920.000000 1080.000000
0 384 0.511198 0.108796 0.030729 0.162037 1.000000 1920.000000 1080.000000
0 385 0.511198 0.108333 0.030729 0.161111 1.000000 1920.000000 1080.000000
0 386 0.511198 0.107870 0.030729 0.162037 1.000000 1920.000000 1080.000000
0 387 0.510938 0.106944 0.031250 0.162037 1.000000 1920.000000 1080.000000
0 388 0.510938 0.106481 0.031250 0.161111 1.000000 1920.000000 1080.000000
0 389 0.510677 0.105556 0.031771 0.161111 1.000000 1920.000000 1080.000000
0 390 0.510677 0.104630 0.031771 0.161111 1.000000 1920.000000 1080.000000
0 391 0.510677 0.104630 0.031771 0.161111 1.000000 1920.000000 1080.000000
0 392 0.510156 0.103704 0.031771 0.161111 1.000000 1920.000000 1080.000000
0 393 0.509896 0.103241 0.032292 0.160185 1.000000 1920.000000 1080.000000
0 394 0.509896 0.102315 0.032292 0.160185 0.985860 1920.000000 1080.000000
0 395 0.509635 0.102315 0.032813 0.160185 0.986080 1920.000000 1080.000000
0 396 0.509635 0.101852 0.032813 0.159259 0.972000 1920.000000 1080.000000
0 397 0.509115 0.100926 0.032813 0.159259 0.986090 1920.000000 1080.000000
0 398 0.508854 0.100926 0.033333 0.159259 0.972430 1920.000000 1080.000000
0 399 0.508854 0.100000 0.033333 0.159259 0.972610 1920.000000 1080.000000
0 400 0.508594 0.099537 0.033854 0.158333 0.959300 1920.000000 1080.000000
0 401 0.508594 0.099537 0.033854 0.158333 0.959300 1920.000000 1080.000000
0 402 0.508333 0.098611 0.033333 0.158333 0.958680 1920.000000 1080.000000
0 403 0.508333 0.097685 0.033333 0.158333 0.958680 1920.000000 1080.000000
0 404 0.508073 0.096759 0.032813 0.158333 0.972020 1920.000000 1080.000000
0 405 0.508333 0.096296 0.032292 0.157407 0.971600 1920.000000 1080.000000
0 406 0.508333 0.095833 0.032292 0.158333 0.971580 1920.000000 1080.000000
0 407 0.508073 0.094907 0.031771 0.158333 0.971120 1920.000000 1080.000000
0 408 0.508333 0.094444 0.031250 0.157407 0.970660 1920.000000 1080.000000
0 409 0.508073 0.093519 0.030729 0.157407 0.985090 1920.000000 1080.000000
0 410 0.508073 0.092593 0.030729 0.157407 0.985090 1920.000000 1080.000000
0 411 0.508333 0.092593 0.030208 0.157407 0.984830 1920.000000 1080.000000
0 412 0.507812 0.091667 0.030208 0.157407 1.000000 1920.000000 1080.000000
0 413 0.507812 0.090741 0.030208 0.157407 1.000000 1920.000000 1080.000000
0 414 0.507812 0.089815 0.030208 0.157407 1.000000 1920.000000 1080.000000
0 415 0.507552 0.089352 0.029687 0.156481 1.000000 1920.000000 1080.000000
0 416 0.507552 0.088889 0.029687 0.157407 1.000000 1920.000000 1080.000000
0 417 0.507292 0.087963 0.030208 0.157407 1.000000 1920.000000 1080.000000
0 418 0.507031 0.087500 0.029687 0.156481 1.000000 1920.000000 1080.000000
0 419 0.507031 0.086574 0.029687 0.156481 1.000000 1920.000000 1080.000000
0 420 0.507031 0.085648 0.029687 0.156481 1.000000 1920.000000 1080.000000
0 421 0.507031 0.085648 0.029687 0.156481 1.000000 1920.000000 1080.000000
0 422 0.506510 0.084722 0.029687 0.156481 1.000000 1920.000000 1080.000000
0 423 0.506250 0.084259 0.030208 0.155556 1.000000 1920.000000 1080.000000
0 424 0.505990 0.083796 0.030729 0.156481 1.000000 1920.000000 1080.000000
0 425 0.505990 0.083333 0.030729 0.155556 1.000000 1920.000000 1080.000000
0 426 0.505729 0.082870 0.031250 0.156481 1.000000 1920.000000 1080.000000
0 427 0.505469 0.082407 0.031771 0.155556 1.000000 1920.000000 1080.000000
0 428 0.505469 0.081481 0.031771 0.155556 1.000000 1920.000000 1080.000000
0 429 0.505208 0.081481 0.032292 0.155556 1.000000 1920.000000 1080.000000
0 430 0.504948 0.080556 0.032813 0.155556 1.000000 1920.000000 1080.000000
0 431 0.504948 0.080556 0.032813 0.155556 1.000000 1920.000000 1080.000000
0 432 0.504427 0.079167 0.032813 0.154630 1.000000 1920.000000 1080.000000
0 433 0.504167 0.078241 0.032292 0.154630 1.000000 1920.000000 1080.000000
0 434 0.504167 0.077778 0.032292 0.153704 1.000000 1920.000000 1080.000000
0 435 0.503906 0.076389 0.031771 0.152778 0.993980 1920.000000 1080.000000
0 436 0.503906 0.075926 0.031771 0.151852 0.993940 1920.000000 1080.000000
0 437 0.503646 0.075000 0.031250 0.151852 0.987880 1920.000000 1080.000000
0 438 0.503385 0.073611 0.030729 0.150926 0.981710 1920.000000 1080.000000
0 439 0.503385 0.073148 0.030729 0.150000 0.981600 1920.000000 1080.000000
0 440 0.503125 0.072222 0.030208 0.150000 0.975460 1920.000000 1080.000000
0 441 0.503125 0.071759 0.030208 0.149074 0.975310 1920.000000 1080.000000
0 442 0.502604 0.070833 0.030208 0.149074 0.969140 1920.000000 1080.000000
0 443 0.502604 0.070833 0.030208 0.149074 0.969140 1920.000000 1080.000000
0 444 0.502604 0.069907 0.030208 0.149074 0.962960 1920.000000 1080.000000
0 445 0.502604 0.069907 0.030208 0.149074 0.962960 1920.000000 1080.000000
0 446 0.502604 0.068981 0.030208 0.149074 0.956790 1920.000000 1080.000000
0 447 0.502604 0.068981 0.030208 0.149074 0.956790 1920.000000 1080.000000
0 448 0.502604 0.068056 0.030208 0.149074 0.950620 1920.000000 1080.000000
0 449 0.502604 0.068056 0.030208 0.149074 0.950620 1920.000000 1080.000000
0 450 0.502604 0.067130 0.030208 0.149074 0.944440 1920.000000 1080.000000
0 451 0.502604 0.067130 0.030208 0.149074 0.944440 1920.000000 1080.000000
0 452 0.502083 0.066204 0.030208 0.149074 0.938270 1920.000000 1080.000000
0 453 0.502083 0.066204 0.030208 0.149074 0.938270 1920.000000 1080.000000
0 454 0.502083 0.065278 0.030208 0.149074 0.932100 1920.000000 1080.000000
0 455 0.502083 0.065278 0.030208 0.149074 0.932100 1920.000000 1080.000000
0 456 0.502083 0.064352 0.030208 0.149074 0.925930 1920.000000 1080.000000
0 457 0.502083 0.064352 0.030208 0.149074 0.925930 1920.000000 1080.000000
0 458 0.502083 0.063426 0.030208 0.149074 0.919750 1920.000000 1080.000000
0 459 0.502083 0.063426 0.030208 0.149074 0.919750 1920.000000 1080.000000
0 460 0.502083 0.062500 0.030208 0.149074 0.913580 1920.000000 1080.000000
0 461 0.502083 0.062500 0.030208 0.149074 0.913580 1920.000000 1080.000000
0 462 0.502083 0.061574 0.030208 0.149074 0.907410 1920.000000 1080.000000
0 463 0.502083 0.061574 0.030208 0.149074 0.907410 1920.000000 1080.000000
0 464 0.502083 0.061574 0.030208 0.149074 0.907410 1920.000000 1080.000000
0 465 0.502083 0.061574 0.030208 0.149074 0.907410 1920.000000 1080.000000
0 466 0.502083 0.061574 0.030208 0.149074 0.907410 1920.000000 1080.000000
0 467 0.502083 0.061574 0.030208 0.149074 0.907410 1920.000000 1080.000000
0 468 0.502083 0.061574 0.030208 0.149074 0.907410 1920.000000 1080.000000
0 469 0.502083 0.061574 0.030208 0.149074 0.907410 1920.000000 1080.000000
0 470 0.502083 0.061574 0.030208 0.149074 0.907410 1920.000000 1080.000000
0 471 0.502083 0.061574 0.030208 0.149074 0.907410 1920.000000 1080.000000
0 472 0.501563 0.060648 0.030208 0.149074 0.901230 1920.000000 1080.000000
0 473 0.501563 0.059722 0.030208 0.149074 0.895060 1920.000000 1080.000000
0 474 0.501563 0.059722 0.030208 0.149074 0.895060 1920.000000 1080.000000
0 475 0.501042 0.058796 0.030208 0.149074 0.888890 1920.000000 1080.000000
0 476 0.501042 0.058796 0.030208 0.149074 0.888890 1920.000000 1080.000000
0 477 0.501042 0.057870 0.030208 0.149074 0.882720 1920.000000 1080.000000
0 478 0.500521 0.056944 0.030208 0.149074 0.876540 1920.000000 1080.000000
0 479 0.500521 0.056944 0.030208 0.149074 0.876540 1920.000000 1080.000000
0 480 0.500521 0.056019 0.030208 0.149074 0.870370 1920.000000 1080.000000
0 481 0.500521 0.056019 0.030208 0.149074 0.870370 1920.000000 1080.000000
0 482 0.500260 0.055093 0.029687 0.149074 0.864200 1920.000000 1080.000000
0 483 0.500260 0.054167 0.029687 0.149074 0.858020 1920.000000 1080.000000
0 484 0.500000 0.053704 0.029167 0.148148 0.857140 1920.000000 1080.000000
0 485 0.500000 0.053241 0.029167 0.149074 0.851850 1920.000000 1080.000000
0 486 0.499740 0.052778 0.028646 0.148148 0.850930 1920.000000 1080.000000
0 487 0.499740 0.051852 0.028646 0.148148 0.844720 1920.000000 1080.000000
0 488 0.499479 0.051389 0.028125 0.149074 0.839510 1920.000000 1080.000000
0 489 0.499479 0.050926 0.028125 0.148148 0.838510 1920.000000 1080.000000
0 490 0.499219 0.050000 0.027604 0.148148 0.832300 1920.000000 1080.000000
0 491 0.499219 0.050000 0.027604 0.148148 0.832300 1920.000000 1080.000000
0 492 0.499219 0.049074 0.027604 0.148148 0.826090 1920.000000 1080.000000
0 493 0.499219 0.049074 0.027604 0.148148 0.826090 1920.000000 1080.000000
0 494 0.499219 0.048148 0.027604 0.148148 0.819880 1920.000000 1080.000000
0 495 0.499219 0.048148 0.027604 0.148148 0.819880 1920.000000 1080.000000
0 496 0.499479 0.048148 0.028125 0.148148 0.819880 1920.000000 1080.000000
0 497 0.499479 0.047222 0.028125 0.148148 0.813660 1920.000000 1080.000000
0 498 0.499479 0.047222 0.028125 0.148148 0.813660 1920.000000 1080.000000
0 499 0.499479 0.046296 0.028125 0.148148 0.807450 1920.000000 1080.000000
0 500 0.499479 0.046296 0.028125 0.148148 0.807450 1920.000000 1080.000000
0 501 0.499740 0.046296 0.028646 0.148148 0.807450 1920.000000 1080.000000
0 502 0.499740 0.044444 0.028646 0.148148 0.795030 1920.000000 1080.000000
0 503 0.499740 0.043519 0.028646 0.148148 0.788820 1920.000000 1080.000000
0 504 0.499740 0.042593 0.028646 0.148148 0.782610 1920.000000 1080.000000
0 505 0.499740 0.041667 0.028646 0.148148 0.776400 1920.000000 1080.000000
0 506 0.499740 0.040741 0.028646 0.148148 0.770190 1920.000000 1080.000000
0 507 0.499740 0.039815 0.028646 0.148148 0.763980 1920.000000 1080.000000
0 508 0.499740 0.038889 0.028646 0.148148 0.757760 1920.000000 1080.000000
0 509 0.499740 0.037963 0.028646 0.148148 0.751550 1920.000000 1080.000000
0 510 0.499740 0.037037 0.028646 0.148148 0.745340 1920.000000 1080.000000
0 511 0.499740 0.036111 0.028646 0.148148 0.739130 1920.000000 1080.000000
0 512 0.499219 0.035185 0.028646 0.148148 0.719830 1920.000000 1080.000000
0 513 0.499219 0.034259 0.028646 0.148148 0.700750 1920.000000 1080.000000
0 514 0.499219 0.034259 0.028646 0.148148 0.700750 1920.000000 1080.000000
0 515 0.499219 0.033333 0.028646 0.148148 0.681900 1920.000000 1080.000000
0 516 0.499219 0.033333 0.028646 0.148148 0.681900 1920.000000 1080.000000
0 517 0.499219 0.032407 0.028646 0.148148 0.663270 1920.000000 1080.000000
0 518 0.499219 0.031481 0.028646 0.148148 0.657500 1920.000000 1080.000000
0 519 0.499219 0.031481 0.028646 0.148148 0.644850 1920.000000 1080.000000
0 520 0.499219 0.030556 0.028646 0.148148 0.639200 1920.000000 1080.000000
0 521 0.499219 0.030556 0.028646 0.148148 0.626660 1920.000000 1080.000000
0 522 0.498698 0.029630 0.028646 0.148148 0.621120 1920.000000 1080.000000
0 523 0.498698 0.028704 0.028646 0.148148 0.615570 1920.000000 1080.000000
0 524 0.498698 0.028704 0.028646 0.148148 0.627880 1920.000000 1080.000000
0 525 0.498698 0.027778 0.028646 0.148148 0.622230 1920.000000 1080.000000
0 526 0.498698 0.027778 0.028646 0.148148 0.622230 1920.000000 1080.000000
0 527 0.498698 0.026852 0.028646 0.148148 0.628660 1920.000000 1080.000000
0 528 0.498698 0.025926 0.028646 0.148148 0.622890 1920.000000 1080.000000
0 529 0.498698 0.025926 0.028646 0.148148 0.622890 1920.000000 1080.000000
0 530 0.498698 0.025000 0.028646 0.148148 0.628990 1920.000000 1080.000000
0 531 0.498698 0.025000 0.028646 0.148148 0.628990 1920.000000 1080.000000
0 532 0.498177 0.024074 0.028646 0.148148 0.611360 1920.000000 1080.000000
0 533 0.498177 0.023611 0.028646 0.147222 0.621090 1920.000000 1080.000000
0 534 0.498177 0.023148 0.028646 0.148148 0.617240 1920.000000 1080.000000
0 535 0.498177 0.022685 0.028646 0.147222 0.615180 1920.000000 1080.000000
0 536 0.498177 0.022685 0.028646 0.147222 0.626790 1920.000000 1080.000000
0 537 0.498177 0.021759 0.028646 0.147222 0.620760 1920.000000 1080.000000
0 538 0.497917 0.021759 0.028125 0.147222 0.620340 1920.000000 1080.000000
0 539 0.497917 0.021296 0.028125 0.146296 0.629850 1920.000000 1080.000000
0 540 0.497917 0.020833 0.028125 0.147222 0.625910 1920.000000 1080.000000
0 541 0.497917 0.020370 0.028125 0.146296 0.623670 1920.000000 1080.000000
0 542 0.497656 0.019907 0.028646 0.145370 0.621610 1920.000000 1080.000000
0 543 0.497656 0.019444 0.028646 0.146296 0.617700 1920.000000 1080.000000
0 544 0.497656 0.018981 0.028646 0.145370 0.615390 1920.000000 1080.000000
0 545 0.497396 0.018981 0.028125 0.145370 0.626580 1920.000000 1080.000000
0 546 0.497396 0.018056 0.028125 0.145370 0.620250 1920.000000 1080.000000
0 547 0.497396 0.018056 0.028125 0.145370 0.620250 1920.000000 1080.000000
0 548 0.497396 0.017593 0.028125 0.144444 0.617830 1920.000000 1080.000000
0 549 0.497396 0.017130 0.028125 0.145370 0.613920 1920.000000 1080.000000
0 550 0.497396 0.016667 0.028125 0.144444 0.611460 1920.000000 1080.000000
0 551 0.497396 0.016667 0.028125 0.144444 0.611460 1920.000000 1080.000000
0 552 0.496875 0.015741 0.028125 0.144444 0.605100 1920.000000 1080.000000
0 553 0.496875 0.014815 0.028125 0.144444 0.598730 1920.000000 1080.000000
0 554 0.496875 0.014815 0.028125 0.144444 0.598730 1920.000000 1080.000000
0 555 0.496875 0.013889 0.028125 0.144444 0.592360 1920.000000 1080.000000
0 556 0.496875 0.013889 0.028125 0.144444 0.592360 1920.000000 1080.000000
0 557 0.496875 0.012963 0.028125 0.144444 0.585990 1920.000000 1080.000000
0 558 0.496875 0.012037 0.028125 0.144444 0.579620 1920.000000 1080.000000
0 559 0.496875 0.012037 0.028125 0.144444 0.579620 1920.000000 1080.000000
0 560 0.496875 0.011111 0.028125 0.144444 0.573250 1920.000000 1080.000000
0 561 0.496875 0.011111 0.028125 0.144444 0.573250 1920.000000 1080.000000
0 562 0.496354 0.010185 0.028125 0.144444 0.566880 1920.000000 1080.000000
0 563 0.496354 0.010185 0.028125 0.144444 0.566880 1920.000000 1080.000000
0 564 0.496354 0.009259 0.028125 0.144444 0.560510 1920.000000 1080.000000
0 565 0.495833 0.009259 0.028125 0.144444 0.560510 1920.000000 1080.000000
0 566 0.495833 0.008333 0.028125 0.144444 0.554140 1920.000000 1080.000000
0 567 0.495833 0.008333 0.028125 0.144444 0.554140 1920.000000 1080.000000
0 568 0.495312 0.007407 0.028125 0.144444 0.547770 1920.000000 1080.000000
0 569 0.495312 0.007407 0.028125 0.144444 0.547770 1920.000000 1080.000000
0 570 0.495312 0.006481 0.028125 0.144444 0.541400 1920.000000 1080.000000
0 571 0.495312 0.006481 0.028125 0.144444 0.541400 1920.000000 1080.000000
0 572 0.494792 0.005556 0.028125 0.144444 0.525300 1920.000000 1080.000000
0 573 0.494792 0.005556 0.028125 0.144444 0.525300 1920.000000 1080.000000
0 574 0.494792 0.005556 0.028125 0.144444 0.525300 1920.000000 1080.000000
0 575 0.494792 0.005556 0.028125 0.144444 0.525300 1920.000000 1080.000000
0 576 0.494792 0.005556 0.028125 0.144444 0.525300 1920.000000 1080.000000
0 577 0.494271 0.004630 0.028125 0.144444 0.509440 1920.000000 1080.000000
0 578 0.494271 0.004630 0.028125 0.144444 0.509440 1920.000000 1080.000000
0 579 0.494271 0.004630 0.028125 0.144444 0.509440 1920.000000 1080.000000
0 580 0.494271 0.004630 0.028125 0.144444 0.509440 1920.000000 1080.000000
0 581 0.494271 0.004630 0.028125 0.144444 0.499830 1920.000000 1080.000000
0 582 0.493750 0.003241 0.028125 0.143519 0.490910 1920.000000 1080.000000
0 583 0.493750 0.002315 0.028125 0.143519 0.484850 1920.000000 1080.000000
0 584 0.493229 0.001389 0.028125 0.143519 0.469580 1920.000000 1080.000000
0 585 0.493229 0.000463 0.028125 0.143519 0.463640 1920.000000 1080.000000
0 586 0.492969 0.000000 0.027604 0.142593 0.459980 1920.000000 1080.000000
0 587 0.492708 -0.001389 0.028125 0.141667 0.442740 1920.000000 1080.000000
0 588 0.492448 -0.002315 0.027604 0.141667 0.444930 1920.000000 1080.000000
0 589 0.492188 -0.003241 0.028125 0.141667 0.430930 1920.000000 1080.000000
0 590 0.491927 -0.004167 0.027604 0.141667 0.424240 1920.000000 1080.000000
0 591 0.491927 -0.004630 0.027604 0.140741 0.421080 1920.000000 1080.000000
0 592 0.491406 -0.005556 0.027604 0.140741 0.406680 1920.000000 1080.000000
0 593 0.491406 -0.005556 0.027604 0.140741 0.406680 1920.000000 1080.000000
0 594 0.491406 -0.005556 0.027604 0.140741 0.406680 1920.000000 1080.000000
0 595 0.491406 -0.005556 0.027604 0.140741 0.415150 1920.000000 1080.000000
0 596 0.491406 -0.005556 0.027604 0.140741 0.415150 1920.000000 1080.000000
0 597 0.490885 -0.006481 0.027604 0.140741 0.400870 1920.000000 1080.000000
0 598 0.490885 -0.006481 0.027604 0.140741 0.400870 1920.000000 1080.000000
0 599 0.490885 -0.006481 0.027604 0.140741 0.400870 1920.000000 1080.000000
0 600 0.490885 -0.006481 0.027604 0.140741 0.400870 1920.000000 1080.000000
0 601 0.490885 -0.006481 0.027604 0.140741 0.400870 1920.000000 1080.000000
0 602 0.490365 -0.007407 0.027604 0.140741 0.386830 1920.000000 1080.000000
0 603 0.490365 -0.007870 0.027604 0.139815 0.383650 1920.000000 1080.000000
0 604 0.490104 -0.008796 0.027083 0.139815 0.376860 1920.000000 1080.000000
0 605 0.489844 -0.009259 0.027604 0.138889 0.366690 1920.000000 1080.000000
0 606 0.489844 -0.009722 0.027604 0.137963 0.363460 1920.000000 1080.000000
0 607 0.489583 -0.010648 0.027083 0.137963 0.356600 1920.000000 1080.000000
0 608 0.489323 -0.011111 0.027604 0.137037 0.346760 1920.000000 1080.000000
0 609 0.489063 -0.012037 0.027083 0.137037 0.339880 1920.000000 1080.000000
0 610 0.489063 -0.012500 0.027083 0.136111 0.336560 1920.000000 1080.000000
0 611 0.489063 -0.012500 0.027083 0.136111 0.328910 1920.000000 1080.000000
0 612 0.488542 -0.013426 0.027083 0.136111 0.315910 1920.000000 1080.000000
0 613 0.488542 -0.014352 0.027083 0.136111 0.310560 1920.000000 1080.000000
0 614 0.488021 -0.015278 0.027083 0.136111 0.297930 1920.000000 1080.000000
0 615 0.488021 -0.015278 0.027083 0.136111 0.297930 1920.000000 1080.000000
0 616 0.488021 -0.016204 0.027083 0.136111 0.292710 1920.000000 1080.000000
0 617 0.487500 -0.017130 0.027083 0.136111 0.280470 1920.000000 1080.000000
0 618 0.487500 -0.017130 0.027083 0.136111 0.280470 1920.000000 1080.000000
0 619 0.486979 -0.018056 0.027083 0.136111 0.268490 1920.000000 1080.000000
0 620 0.486979 -0.018981 0.027083 0.136111 0.263510 1920.000000 1080.000000
0 621 0.486979 -0.018981 0.027083 0.136111 0.256760 1920.000000 1080.000000
0 622 0.486458 -0.019907 0.027083 0.136111 0.245280 1920.000000 1080.000000
0 623 0.486458 -0.020833 0.027083 0.136111 0.240570 1920.000000 1080.000000
0 624 0.485938 -0.021759 0.027083 0.136111 0.229470 1920.000000 1080.000000
0 625 0.485938 -0.021759 0.027083 0.136111 0.223100 1920.000000 1080.000000
0 626 0.485938 -0.022685 0.027083 0.136111 0.218640 1920.000000 1080.000000
0 627 0.485417 -0.023611 0.027083 0.136111 0.208060 1920.000000 1080.000000
0 628 0.485417 -0.023611 0.027083 0.136111 0.201940 1920.000000 1080.000000
0 629 0.484896 -0.024537 0.027083 0.136111 0.191740 1920.000000 1080.000000
0 630 0.484896 -0.025463 0.027083 0.136111 0.187660 1920.000000 1080.000000
0 631 0.484896 -0.025463 0.027083 0.136111 0.181800 1920.000000 1080.000000
0 632 0.484375 -0.025926 0.027083 0.135185 0.173280 1920.000000 1080.000000
0 633 0.484115 -0.025926 0.027604 0.135185 0.170070 1920.000000 1080.000000
0 634 0.483854 -0.026389 0.027083 0.134259 0.164900 1920.000000 1080.000000
0 635 0.483594 -0.026389 0.027604 0.134259 0.156270 1920.000000 1080.000000
0 636 0.483333 -0.026389 0.027083 0.134259 0.153530 1920.000000 1080.000000
0 637 0.483073 -0.026852 0.027604 0.133333 0.148280 1920.000000 1080.000000
0 638 0.482812 -0.026852 0.027083 0.133333 0.139880 1920.000000 1080.000000
0 639 0.482552 -0.026852 0.027604 0.133333 0.137290 1920.000000 1080.000000
0 640 0.482031 -0.027315 0.027604 0.132407 0.129630 1920.000000 1080.000000
0 641 0.482031 -0.027315 0.027604 0.132407 0.124230 1920.000000 1080.000000
0 642 0.481510 -0.027315 0.027604 0.132407 0.118830 1920.000000 1080.000000
0 643 0.481510 -0.027778 0.027604 0.131481 0.116810 1920.000000 1080.000000
0 644 0.480990 -0.027778 0.027604 0.131481 0.111500 1920.000000 1080.000000
0 645 0.480990 -0.027778 0.027604 0.131481 0.111500 1920.000000 1080.000000
0 646 0.480729 -0.029167 0.027083 0.130556 0.098459 1920.000000 1080.000000
0 647 0.480729 -0.030093 0.027083 0.130556 0.095934 1920.000000 1080.000000
0 648 0.480729 -0.031019 0.027083 0.130556 0.088493 1920.000000 1080.000000
0 649 0.480729 -0.032407 0.027083 0.129630 0.084303 1920.000000 1080.000000
0 650 0.480729 -0.033333 0.027083 0.129630 0.077345 1920.000000 1080.000000
