0 1 0.592187 1.003704 0.040625 0.192593 0.483250 1920.000000 1080.000000
0 2 0.593750 1.003241 0.040625 0.193519 0.485710 1920.000000 1080.000000
0 3 0.595313 1.002778 0.040625 0.194444 0.488150 1920.000000 1080.000000
0 4 0.596875 1.002315 0.040625 0.195370 0.490570 1920.000000 1080.000000
0 5 0.598698 1.002315 0.040104 0.195370 0.490570 1920.000000 1080.000000
0 6 0.600521 1.001852 0.040625 0.196296 0.492960 1920.000000 1080.000000
0 7 0.602083 1.001389 0.040625 0.197222 0.495330 1920.000000 1080.000000
0 8 0.603906 1.001389 0.040104 0.197222 0.495330 1920.000000 1080.000000
0 9 0.605469 1.000926 0.040104 0.198148 0.497670 1920.000000 1080.000000
0 10 0.607031 1.000463 0.040104 0.199074 0.500000 1920.000000 1080.000000
0 11 0.609115 1.000463 0.040104 0.199074 0.500000 1920.000000 1080.000000
0 12 0.609635 1.000463 0.040104 0.199074 0.500000 1920.000000 1080.000000
0 13 0.610677 1.000463 0.040104 0.199074 0.500000 1920.000000 1080.000000
0 14 0.611719 1.000463 0.040104 0.199074 0.500000 1920.000000 1080.000000
0 15 0.612760 1.000463 0.040104 0.199074 0.500000 1920.000000 1080.000000
0 16 0.613802 1.000926 0.040104 0.198148 0.497670 1920.000000 1080.000000
0 17 0.614583 1.000926 0.039583 0.198148 0.497670 1920.000000 1080.000000
0 18 0.615625 1.000926 0.039583 0.198148 0.497670 1920.000000 1080.000000
0 19 0.616667 1.000926 0.039583 0.198148 0.497670 1920.000000 1080.000000
0 20 0.617708 1.000926 0.039583 0.198148 0.497670 1920.000000 1080.000000
0 21 0.618750 1.001389 0.039583 0.197222 0.495330 1920.000000 1080.000000
0 22 0.619271 1.001389 0.039583 0.197222 0.495330 1920.000000 1080.000000
0 23 0.620313 1.001389 0.039583 0.197222 0.495330 1920.000000 1080.000000
0 24 0.621094 1.001852 0.040104 0.196296 0.492960 1920.000000 1080.000000
0 25 0.621875 1.001852 0.039583 0.196296 0.492960 1920.000000 1080.000000
0 26 0.622917 1.002315 0.039583 0.195370 0.490570 1920.000000 1080.000000
0 27 0.623698 1.002315 0.040104 0.195370 0.490570 1920.000000 1080.000000
0 28 0.624479 1.002315 0.039583 0.195370 0.490570 1920.000000 1080.000000
0 29 0.625260 1.002778 0.040104 0.194444 0.488150 1920.000000 1080.000000
0 30 0.626302 1.002778 0.040104 0.194444 0.488150 1920.000000 1080.000000
0 31 0.627344 1.003241 0.040104 0.193519 0.485710 1920.000000 1080.000000
0 32 0.628646 1.003241 0.039583 0.193519 0.485710 1920.000000 1080.000000
0 33 0.630208 1.003241 0.039583 0.193519 0.485710 1920.000000 1080.000000
0 34 0.631771 1.003241 0.039583 0.193519 0.485710 1920.000000 1080.000000
0 35 0.633333 1.003704 0.039583 0.192593 0.483250 1920.000000 1080.000000
0 36 0.634896 1.003704 0.039583 0.192593 0.483250 1920.000000 1080.000000
0 37 0.636458 1.003704 0.039583 0.192593 0.483250 1920.000000 1080.000000
0 38 0.638021 1.004167 0.039583 0.191667 0.480770 1920.000000 1080.000000
0 39 0.639583 1.004167 0.039583 0.191667 0.480770 1920.000000 1080.000000
0 40 0.641146 1.004167 0.039583 0.191667 0.480770 1920.000000 1080.000000
0 41 0.642708 1.004630 0.039583 0.190741 0.478260 1920.000000 1080.000000
0 42 0.642969 1.003704 0.040104 0.190741 0.483090 1920.000000 1080.000000
0 43 0.643490 1.003704 0.040104 0.190741 0.483090 1920.000000 1080.000000
0 44 0.644010 1.003704 0.040104 0.190741 0.483090 1920.000000 1080.000000
0 45 0.644531 1.003704 0.040104 0.190741 0.483090 1920.000000 1080.000000
0 46 0.645052 1.003704 0.040104 0.190741 0.483090 1920.000000 1080.000000
0 47 0.645573 1.003241 0.040104 0.189815 0.485440 1920.000000 1080.000000
0 48 0.646094 1.003241 0.040104 0.189815 0.485440 1920.000000 1080.000000
0 49 0.646615 1.003241 0.040104 0.189815 0.485440 1920.000000 1080.000000
0 50 0.647135 1.003241 0.040104 0.189815 0.485440 1920.000000 1080.000000
0 51 0.647656 1.003241 0.040104 0.189815 0.485440 1920.000000 1080.000000
0 52 0.647396 1.002315 0.040625 0.191667 0.490380 1920.000000 1080.000000
0 53 0.647135 1.001852 0.041146 0.192593 0.492820 1920.000000 1080.000000
0 54 0.646875 1.001389 0.041667 0.193519 0.495240 1920.000000 1080.000000
0 55 0.646875 1.000926 0.041667 0.194444 0.497630 1920.000000 1080.000000
0 56 0.646615 1.000926 0.042188 0.196296 0.497650 1920.000000 1080.000000
0 57 0.646354 1.000000 0.042708 0.198148 0.502330 1920.000000 1080.000000
0 58 0.646354 0.999537 0.042708 0.199074 0.504630 1920.000000 1080.000000
0 59 0.646094 0.999074 0.043229 0.200000 0.506910 1920.000000 1080.000000
0 60 0.645833 0.998611 0.043750 0.200926 0.509170 1920.000000 1080.000000
0 61 0.646094 0.998611 0.044271 0.202778 0.509090 1920.000000 1080.000000
0 62 0.645052 0.997685 0.044271 0.202778 0.513640 1920.000000 1080.000000
0 63 0.644531 0.997685 0.044271 0.202778 0.513640 1920.000000 1080.000000
0 64 0.643750 0.997685 0.043750 0.202778 0.513640 1920.000000 1080.000000
0 65 0.642969 0.997685 0.044271 0.202778 0.513640 1920.000000 1080.000000
0 66 0.642448 0.997685 0.044271 0.202778 0.513640 1920.000000 1080.000000
0 67 0.641667 0.997222 0.043750 0.201852 0.515980 1920.000000 1080.000000
0 68 0.640885 0.997222 0.044271 0.201852 0.515980 1920.000000 1080.000000
0 69 0.640104 0.997222 0.043750 0.201852 0.515980 1920.000000 1080.000000
0 70 0.639583 0.997222 0.043750 0.201852 0.515980 1920.000000 1080.000000
0 71 0.639062 0.997222 0.043750 0.201852 0.515980 1920.000000 1080.000000
0 72 0.638542 0.996759 0.043750 0.202778 0.518180 1920.000000 1080.000000
0 73 0.638021 0.996296 0.043750 0.203704 0.520360 1920.000000 1080.000000
0 74 0.637500 0.995833 0.043750 0.204630 0.522520 1920.000000 1080.000000
0 75 0.637500 0.995370 0.043750 0.205556 0.524660 1920.000000 1080.000000
0 76 0.636979 0.995370 0.043750 0.205556 0.524660 1920.000000 1080.000000
0 77 0.636458 0.994907 0.043750 0.206481 0.526790 1920.000000 1080.000000
0 78 0.636458 0.994444 0.043750 0.207407 0.528890 1920.000000 1080.000000
0 79 0.635938 0.993981 0.043750 0.208333 0.530970 1920.000000 1080.000000
0 80 0.635417 0.993519 0.043750 0.209259 0.533040 1920.000000 1080.000000
0 81 0.635417 0.993519 0.043750 0.209259 0.533040 1920.000000 1080.000000
0 82 0.634635 0.992593 0.043229 0.209259 0.537440 1920.000000 1080.000000
0 83 0.634115 0.992593 0.043229 0.209259 0.537440 1920.000000 1080.000000
0 84 0.633594 0.991667 0.043229 0.209259 0.541850 1920.000000 1080.000000
0 85 0.633073 0.991667 0.043229 0.209259 0.541850 1920.000000 1080.000000
0 86 0.632552 0.990741 0.043229 0.209259 0.546260 1920.000000 1080.000000
0 87 0.632031 0.990741 0.043229 0.209259 0.546260 1920.000000 1080.000000
0 88 0.631510 0.989815 0.043229 0.209259 0.550660 1920.000000 1080.000000
0 89 0.630990 0.989815 0.043229 0.209259 0.550660 1920.000000 1080.000000
0 90 0.630469 0.988889 0.043229 0.209259 0.555070 1920.000000 1080.000000
0 91 0.629948 0.988889 0.043229 0.209259 0.555070 1920.000000 1080.000000
0 92 0.628906 0.987500 0.043229 0.208333 0.561950 1920.000000 1080.000000
0 93 0.627865 0.986574 0.043229 0.208333 0.566370 1920.000000 1080.000000
0 94 0.627083 0.985648 0.043750 0.208333 0.570800 1920.000000 1080.000000
0 95 0.626302 0.984722 0.043229 0.208333 0.575220 1920.000000 1080.000000
0 96 0.625521 0.983796 0.043750 0.208333 0.579650 1920.000000 1080.000000
0 97 0.624479 0.982870 0.043750 0.208333 0.584070 1920.000000 1080.000000
0 98 0.623698 0.981944 0.043229 0.208333 0.588500 1920.000000 1080.000000
0 99 0.622917 0.981019 0.043750 0.208333 0.592920 1920.000000 1080.000000
0 100 0.621875 0.980093 0.043750 0.208333 0.597350 1920.000000 1080.000000
0 101 0.621354 0.979167 0.043750 0.208333 0.601770 1920.000000 1080.000000
0 102 0.620313 0.978704 0.043750 0.211111 0.602620 1920.000000 1080.000000
0 103 0.619531 0.979167 0.043229 0.213889 0.599140 1920.000000 1080.000000
0 104 0.618750 0.979630 0.043750 0.216667 0.595740 1920.000000 1080.000000
0 105 0.617969 0.980093 0.043229 0.219444 0.592440 1920.000000 1080.000000
0 106 0.617188 0.980556 0.043750 0.222222 0.589210 1920.000000 1080.000000
0 107 0.616406 0.980093 0.043229 0.225000 0.590160 1920.000000 1080.000000
0 108 0.615365 0.980556 0.043229 0.227778 0.587040 1920.000000 1080.000000
0 109 0.614844 0.981019 0.043229 0.230556 0.584000 1920.000000 1080.000000
0 110 0.613802 0.981481 0.043229 0.233333 0.581030 1920.000000 1080.000000
0 111 0.613281 0.981944 0.043229 0.236111 0.578120 1920.000000 1080.000000
0 112 0.611719 0.981019 0.043229 0.236111 0.582030 1920.000000 1080.000000
0 113 0.610156 0.980556 0.043229 0.237037 0.583660 1920.000000 1080.000000
0 114 0.608594 0.980556 0.043229 0.237037 0.583660 1920.000000 1080.000000
0 115 0.607031 0.979630 0.043229 0.237037 0.587550 1920.000000 1080.000000
0 116 0.605729 0.979630 0.042708 0.237037 0.587550 1920.000000 1080.000000
0 117 0.604167 0.979167 0.042708 0.237963 0.589150 1920.000000 1080.000000
0 118 0.602604 0.978241 0.042708 0.237963 0.593020 1920.000000 1080.000000
0 119 0.601042 0.978241 0.042708 0.237963 0.593020 1920.000000 1080.000000
0 120 0.599479 0.977778 0.042708 0.238889 0.594590 1920.000000 1080.000000
0 121 0.598437 0.977778 0.042708 0.238889 0.594590 1920.000000 1080.000000
0 122 0.596875 0.976852 0.042708 0.238889 0.598460 1920.000000 1080.000000
0 123 0.595833 0.976852 0.042708 0.238889 0.598460 1920.000000 1080.000000
0 124 0.594531 0.976389 0.042188 0.237963 0.600780 1920.000000 1080.000000
0 125 0.593229 0.975926 0.042708 0.238889 0.602320 1920.000000 1080.000000
0 126 0.592187 0.975926 0.042708 0.238889 0.602320 1920.000000 1080.000000
0 127 0.590885 0.975463 0.042188 0.237963 0.604650 1920.000000 1080.000000
0 128 0.589583 0.975000 0.042708 0.238889 0.606180 1920.000000 1080.000000
0 129 0.588281 0.974537 0.042188 0.237963 0.608530 1920.000000 1080.000000
0 130 0.587240 0.974537 0.042188 0.237963 0.608530 1920.000000 1080.000000
0 131 0.586198 0.974537 0.042188 0.237963 0.608530 1920.000000 1080.000000
0 132 0.584635 0.974074 0.042188 0.238889 0.610040 1920.000000 1080.000000
0 133 0.583594 0.974537 0.042188 0.239815 0.607690 1920.000000 1080.000000
0 134 0.582552 0.974537 0.042188 0.241667 0.606870 1920.000000 1080.000000
0 135 0.581510 0.974537 0.042188 0.241667 0.606870 1920.000000 1080.000000
0 136 0.580469 0.975000 0.042188 0.242593 0.604560 1920.000000 1080.000000
0 137 0.578906 0.975000 0.042188 0.244444 0.603770 1920.000000 1080.000000
0 138 0.577865 0.975000 0.042188 0.244444 0.603770 1920.000000 1080.000000
0 139 0.576823 0.975000 0.042188 0.246296 0.603000 1920.000000 1080.000000
0 140 0.575781 0.975463 0.042188 0.247222 0.600750 1920.000000 1080.000000
0 141 0.574740 0.975926 0.042188 0.248148 0.598510 1920.000000 1080.000000
0 142 0.573438 0.975000 0.041667 0.248148 0.602230 1920.000000 1080.000000
0 143 0.572135 0.974537 0.041146 0.249074 0.603700 1920.000000 1080.000000
0 144 0.571094 0.974074 0.040104 0.250000 0.605170 1920.000000 1080.000000
0 145 0.570052 0.974074 0.040104 0.250000 0.605170 1920.000000 1080.000000
0 146 0.569010 0.973611 0.039062 0.250926 0.606620 1920.000000 1080.000000
0 147 0.567708 0.972685 0.038542 0.250926 0.610290 1920.000000 1080.000000
0 148 0.566667 0.972685 0.038542 0.250926 0.610290 1920.000000 1080.000000
0 149 0.565625 0.972222 0.037500 0.251852 0.611720 1920.000000 1080.000000
0 150 0.564323 0.971759 0.036979 0.252778 0.613140 1920.000000 1080.000000
0 151 0.563542 0.971759 0.036458 0.252778 0.613140 1920.000000 1080.000000
0 152 0.562500 0.970833 0.036458 0.252778 0.616790 1920.000000 1080.000000
0 153 0.561719 0.969907 0.035937 0.252778 0.620440 1920.000000 1080.000000
0 154 0.560937 0.968981 0.036458 0.252778 0.624090 1920.000000 1080.000000
0 155 0.560156 0.968056 0.035937 0.252778 0.627740 1920.000000 1080.000000
0 156 0.559375 0.968056 0.036458 0.252778 0.627740 1920.000000 1080.000000
0 157 0.558594 0.967130 0.035937 0.252778 0.631390 1920.000000 1080.000000
0 158 0.557552 0.966204 0.035937 0.252778 0.635040 1920.000000 1080.000000
0 159 0.557031 0.965278 0.035937 0.252778 0.638690 1920.000000 1080.000000
0 160 0.555990 0.964352 0.035937 0.252778 0.642340 1920.000000 1080.000000
0 161 0.555469 0.964352 0.035937 0.252778 0.642340 1920.000000 1080.000000
0 162 0.554427 0.964815 0.035937 0.253704 0.640000 1920.000000 1080.000000
0 163 0.553385 0.965278 0.035937 0.254630 0.637680 1920.000000 1080.000000
0 164 0.552344 0.965741 0.035937 0.255556 0.635380 1920.000000 1080.000000
0 165 0.551302 0.966204 0.035937 0.256481 0.633090 1920.000000 1080.000000
0 166 0.550260 0.966667 0.035937 0.257407 0.630820 1920.000000 1080.000000
0 167 0.549219 0.967130 0.035937 0.258333 0.628570 1920.000000 1080.000000
0 168 0.548177 0.967593 0.035937 0.259259 0.626330 1920.000000 1080.000000
0 169 0.547135 0.968056 0.035937 0.260185 0.624110 1920.000000 1080.000000
0 170 0.546094 0.968519 0.035937 0.261111 0.621910 1920.000000 1080.000000
0 171 0.545573 0.969444 0.035937 0.261111 0.618370 1920.000000 1080.000000
0 172 0.544271 0.969444 0.035417 0.261111 0.618370 1920.000000 1080.000000
0 173 0.543229 0.969907 0.035417 0.260185 0.617020 1920.000000 1080.000000
0 174 0.542188 0.969907 0.035417 0.260185 0.617020 1920.000000 1080.000000
0 175 0.541146 0.970370 0.035417 0.259259 0.615660 1920.000000 1080.000000
0 176 0.540104 0.970370 0.035417 0.259259 0.615660 1920.000000 1080.000000
0 177 0.539062 0.970833 0.035417 0.258333 0.614290 1920.000000 1080.000000
0 178 0.538021 0.970833 0.035417 0.258333 0.614290 1920.000000 1080.000000
0 179 0.536979 0.971296 0.035417 0.257407 0.612900 1920.000000 1080.000000
0 180 0.535937 0.971296 0.035417 0.257407 0.612900 1920.000000 1080.000000
0 181 0.534896 0.971759 0.035417 0.256481 0.611510 1920.000000 1080.000000
0 182 0.533854 0.971759 0.035417 0.256481 0.611510 1920.000000 1080.000000
0 183 0.533333 0.972222 0.035417 0.255556 0.610110 1920.000000 1080.000000
0 184 0.532813 0.972222 0.035417 0.255556 0.610110 1920.000000 1080.000000
0 185 0.532292 0.972685 0.035417 0.254630 0.608700 1920.000000 1080.000000
0 186 0.531771 0.972685 0.035417 0.254630 0.608700 1920.000000 1080.000000
0 187 0.530990 0.973148 0.035937 0.253704 0.607270 1920.000000 1080.000000
0 188 0.530469 0.973148 0.035937 0.253704 0.607270 1920.000000 1080.000000
0 189 0.529948 0.973611 0.035937 0.252778 0.605840 1920.000000 1080.000000
0 190 0.529427 0.973611 0.035937 0.252778 0.605840 1920.000000 1080.000000
0 191 0.528906 0.974074 0.035937 0.251852 0.604400 1920.000000 1080.000000
0 192 0.527865 0.974074 0.035937 0.251852 0.604400 1920.000000 1080.000000
0 193 0.527344 0.974074 0.035937 0.251852 0.604400 1920.000000 1080.000000
0 194 0.526563 0.974074 0.035417 0.251852 0.604400 1920.000000 1080.000000
0 195 0.525781 0.974537 0.035937 0.250926 0.602940 1920.000000 1080.000000
0 196 0.525260 0.974537 0.035937 0.250926 0.602940 1920.000000 1080.000000
0 197 0.524479 0.974537 0.035417 0.250926 0.602940 1920.000000 1080.000000
0 198 0.523698 0.975000 0.035937 0.250000 0.601480 1920.000000 1080.000000
0 199 0.522917 0.975000 0.035417 0.250000 0.601480 1920.000000 1080.000000
0 200 0.522396 0.975000 0.035417 0.250000 0.601480 1920.000000 1080.000000
0 201 0.521875 0.975463 0.035417 0.249074 0.600000 1920.000000 1080.000000
0 202 0.520833 0.974537 0.035417 0.249074 0.603700 1920.000000 1080.000000
0 203 0.520312 0.973611 0.035417 0.249074 0.607410 1920.000000 1080.000000
0 204 0.519271 0.973148 0.035417 0.248148 0.609670 1920.000000 1080.000000
0 205 0.518750 0.972685 0.035417 0.249074 0.611110 1920.000000 1080.000000
0 206 0.517969 0.972222 0.035937 0.248148 0.613380 1920.000000 1080.000000
0 207 0.517188 0.971296 0.035417 0.248148 0.617100 1920.000000 1080.000000
0 208 0.516406 0.970833 0.035937 0.249074 0.618520 1920.000000 1080.000000
0 209 0.515625 0.970370 0.035417 0.248148 0.620820 1920.000000 1080.000000
0 210 0.514844 0.969444 0.035937 0.248148 0.624540 1920.000000 1080.000000
0 211 0.514323 0.969444 0.035937 0.248148 0.624540 1920.000000 1080.000000
0 212 0.513281 0.968519 0.035937 0.250000 0.627310 1920.000000 1080.000000
0 213 0.512760 0.968519 0.035937 0.251852 0.626370 1920.000000 1080.000000
0 214 0.511719 0.968519 0.035937 0.253704 0.625450 1920.000000 1080.000000
0 215 0.511198 0.968056 0.035937 0.254630 0.626810 1920.000000 1080.000000
0 216 0.510417 0.968056 0.035417 0.256481 0.625900 1920.000000 1080.000000
0 217 0.509635 0.968056 0.035937 0.258333 0.625000 1920.000000 1080.000000
0 218 0.508854 0.967593 0.035417 0.259259 0.626330 1920.000000 1080.000000
0 219 0.508073 0.967593 0.035937 0.261111 0.625440 1920.000000 1080.000000
0 220 0.507292 0.967593 0.035417 0.262963 0.624560 1920.000000 1080.000000
0 221 0.506771 0.967593 0.035417 0.264815 0.623690 1920.000000 1080.000000
0 222 0.506250 0.966667 0.035417 0.264815 0.627180 1920.000000 1080.000000
0 223 0.506250 0.966667 0.035417 0.264815 0.627180 1920.000000 1080.000000
0 224 0.505990 0.966204 0.035937 0.263889 0.629370 1920.000000 1080.000000
0 225 0.505990 0.965741 0.035937 0.264815 0.630660 1920.000000 1080.000000
0 226 0.505990 0.965741 0.035937 0.264815 0.630660 1920.000000 1080.000000
0 227 0.505729 0.965278 0.036458 0.263889 0.632870 1920.000000 1080.000000
0 228 0.505729 0.964815 0.036458 0.264815 0.634150 1920.000000 1080.000000
0 229 0.505469 0.964352 0.036979 0.263889 0.636360 1920.000000 1080.000000
0 230 0.505469 0.964352 0.036979 0.263889 0.636360 1920.000000 1080.000000
0 231 0.505469 0.964352 0.036979 0.263889 0.636360 1920.000000 1080.000000
0 232 0.504948 0.964352 0.036979 0.263889 0.636360 1920.000000 1080.000000
0 233 0.504948 0.964352 0.036979 0.263889 0.636360 1920.000000 1080.000000
0 234 0.504948 0.964352 0.036979 0.263889 0.636360 1920.000000 1080.000000
0 235 0.504687 0.964352 0.036458 0.263889 0.636360 1920.000000 1080.000000
0 236 0.504687 0.964352 0.036458 0.263889 0.636360 1920.000000 1080.000000
0 237 0.504427 0.964352 0.036979 0.263889 0.636360 1920.000000 1080.000000
0 238 0.504167 0.964352 0.036458 0.263889 0.636360 1920.000000 1080.000000
0 239 0.504167 0.964352 0.036458 0.263889 0.636360 1920.000000 1080.000000
0 240 0.504167 0.964352 0.036458 0.263889 0.636360 1920.000000 1080.000000
0 241 0.504167 0.964352 0.036458 0.263889 0.636360 1920.000000 1080.000000
0 242 0.504167 0.964352 0.036458 0.263889 0.636360 1920.000000 1080.000000
0 243 0.504167 0.964815 0.036458 0.262963 0.635090 1920.000000 1080.000000
0 244 0.504167 0.965741 0.036458 0.262963 0.631580 1920.000000 1080.000000
0 245 0.504167 0.965741 0.036458 0.262963 0.631580 1920.000000 1080.000000
0 246 0.504167 0.966667 0.036458 0.262963 0.628070 1920.000000 1080.000000
0 247 0.504167 0.967130 0.036458 0.262037 0.626760 1920.000000 1080.000000
0 248 0.504167 0.967130 0.036458 0.262037 0.626760 1920.000000 1080.000000
0 249 0.504167 0.968056 0.036458 0.262037 0.623240 1920.000000 1080.000000
0 250 0.504167 0.968519 0.036458 0.261111 0.621910 1920.000000 1080.000000
0 251 0.504427 0.969444 0.036979 0.261111 0.618370 1920.000000 1080.000000
0 252 0.504687 0.968981 0.037500 0.260185 0.620570 1920.000000 1080.000000
0 253 0.505469 0.968981 0.038021 0.260185 0.620570 1920.000000 1080.000000
0 254 0.505990 0.968981 0.038021 0.260185 0.620570 1920.000000 1080.000000
0 255 0.506510 0.969444 0.039062 0.259259 0.619220 1920.000000 1080.000000
0 256 0.507031 0.969444 0.039062 0.259259 0.619220 1920.000000 1080.000000
0 257 0.507812 0.968981 0.039583 0.258333 0.621430 1920.000000 1080.000000
0 258 0.508073 0.969444 0.040104 0.257407 0.620070 1920.000000 1080.000000
0 259 0.508854 0.969444 0.040625 0.257407 0.620070 1920.000000 1080.000000
0 260 0.509375 0.969444 0.040625 0.257407 0.620070 1920.000000 1080.000000
0 261 0.510156 0.969907 0.041146 0.256481 0.618710 1920.000000 1080.000000
0 262 0.510417 0.969907 0.041667 0.256481 0.618710 1920.000000 1080.000000
0 263 0.510938 0.970370 0.041667 0.255556 0.617330 1920.000000 1080.000000
0 264 0.511198 0.970833 0.042188 0.254630 0.615940 1920.000000 1080.000000
0 265 0.511719 0.971296 0.042188 0.253704 0.614550 1920.000000 1080.000000
0 266 0.511979 0.972222 0.042708 0.253704 0.610910 1920.000000 1080.000000
0 267 0.512500 0.972685 0.042708 0.252778 0.609490 1920.000000 1080.000000
0 268 0.512760 0.973148 0.043229 0.251852 0.608060 1920.000000 1080.000000
0 269 0.513281 0.973611 0.043229 0.250926 0.606620 1920.000000 1080.000000
0 270 0.513542 0.974074 0.043750 0.250000 0.605170 1920.000000 1080.000000
0 271 0.514323 0.975000 0.044271 0.250000 0.601480 1920.000000 1080.000000
0 272 0.514062 0.974537 0.044792 0.249074 0.603700 1920.000000 1080.000000
0 273 0.513802 0.974537 0.045312 0.249074 0.603700 1920.000000 1080.000000
0 274 0.513542 0.974537 0.045833 0.249074 0.603700 1920.000000 1080.000000
0 275 0.513542 0.974537 0.045833 0.249074 0.603700 1920.000000 1080.000000
0 276 0.513281 0.975000 0.046354 0.248148 0.602230 1920.000000 1080.000000
0 277 0.513021 0.974537 0.046875 0.247222 0.604480 1920.000000 1080.000000
0 278 0.513021 0.974537 0.046875 0.247222 0.604480 1920.000000 1080.000000
0 279 0.512760 0.974537 0.047396 0.247222 0.604480 1920.000000 1080.000000
0 280 0.512500 0.974537 0.047917 0.247222 0.604480 1920.000000 1080.000000
0 281 0.512500 0.975000 0.047917 0.246296 0.603000 1920.000000 1080.000000
0 282 0.511979 0.974074 0.047917 0.246296 0.606740 1920.000000 1080.000000
0 283 0.511719 0.974074 0.047396 0.246296 0.606740 1920.000000 1080.000000
0 284 0.511458 0.973611 0.046875 0.245370 0.609020 1920.000000 1080.000000
0 285 0.511198 0.973148 0.046354 0.246296 0.610490 1920.000000 1080.000000
0 286 0.510938 0.973148 0.045833 0.246296 0.610490 1920.000000 1080.000000
0 287 0.510677 0.972685 0.045312 0.245370 0.612780 1920.000000 1080.000000
0 288 0.510417 0.972222 0.044792 0.246296 0.614230 1920.000000 1080.000000
0 289 0.510156 0.971759 0.044271 0.245370 0.616540 1920.000000 1080.000000
0 290 0.509896 0.971759 0.043750 0.245370 0.616540 1920.000000 1080.000000
0 291 0.509896 0.971759 0.043750 0.245370 0.616540 1920.000000 1080.000000
0 292 0.509115 0.971296 0.043229 0.246296 0.617980 1920.000000 1080.000000
0 293 0.508854 0.971759 0.042708 0.247222 0.615670 1920.000000 1080.000000
0 294 0.508073 0.971296 0.042188 0.248148 0.617100 1920.000000 1080.000000
0 295 0.507812 0.971759 0.041667 0.249074 0.614810 1920.000000 1080.000000
0 296 0.507292 0.971759 0.040625 0.250926 0.613970 1920.000000 1080.000000
0 297 0.506771 0.971759 0.040625 0.250926 0.613970 1920.000000 1080.000000
0 298 0.506250 0.971759 0.039583 0.252778 0.613140 1920.000000 1080.000000
0 299 0.505729 0.971759 0.039583 0.252778 0.613140 1920.000000 1080.000000
0 300 0.505208 0.971759 0.038542 0.254630 0.612320 1920.000000 1080.000000
0 301 0.504948 0.972222 0.038021 0.255556 0.610110 1920.000000 1080.000000
0 302 0.504427 0.971296 0.038021 0.255556 0.613720 1920.000000 1080.000000
0 303 0.504427 0.970370 0.038021 0.255556 0.617330 1920.000000 1080.000000
0 304 0.503906 0.970370 0.038021 0.255556 0.617330 1920.000000 1080.000000
0 305 0.503906 0.969444 0.038021 0.255556 0.620940 1920.000000 1080.000000
0 306 0.503646 0.969444 0.037500 0.255556 0.620940 1920.000000 1080.000000
0 307 0.503385 0.968519 0.038021 0.255556 0.624550 1920.000000 1080.000000
0 308 0.503125 0.967593 0.037500 0.255556 0.628160 1920.000000 1080.000000
0 309 0.502865 0.967593 0.038021 0.255556 0.628160 1920.000000 1080.000000
0 310 0.502604 0.966667 0.037500 0.255556 0.631770 1920.000000 1080.000000
0 311 0.502604 0.966667 0.037500 0.255556 0.631770 1920.000000 1080.000000
0 312 0.502604 0.966667 0.037500 0.255556 0.631770 1920.000000 1080.000000
0 313 0.502604 0.966667 0.037500 0.255556 0.631770 1920.000000 1080.000000
0 314 0.502604 0.966667 0.037500 0.255556 0.631770 1920.000000 1080.000000
0 315 0.502604 0.967593 0.037500 0.255556 0.628160 1920.000000 1080.000000
0 316 0.502865 0.967593 0.038021 0.255556 0.628160 1920.000000 1080.000000
0 317 0.502865 0.967593 0.038021 0.255556 0.628160 1920.000000 1080.000000
0 318 0.503125 0.968056 0.037500 0.254630 0.626810 1920.000000 1080.000000
0 319 0.503125 0.968519 0.037500 0.255556 0.624550 1920.000000 1080.000000
0 320 0.503125 0.968519 0.037500 0.255556 0.624550 1920.000000 1080.000000
0 321 0.503385 0.968981 0.038021 0.254630 0.623190 1920.000000 1080.000000
0 322 0.503385 0.968981 0.038021 0.254630 0.623190 1920.000000 1080.000000
0 323 0.503385 0.969444 0.038021 0.255556 0.620940 1920.000000 1080.000000
0 324 0.503385 0.969444 0.038021 0.255556 0.620940 1920.000000 1080.000000
0 325 0.503646 0.969907 0.037500 0.254630 0.619570 1920.000000 1080.000000
0 326 0.503906 0.969907 0.038021 0.254630 0.619570 1920.000000 1080.000000
0 327 0.503906 0.970370 0.038021 0.255556 0.617330 1920.000000 1080.000000
0 328 0.503906 0.970833 0.038021 0.254630 0.615940 1920.000000 1080.000000
0 329 0.503906 0.970833 0.038021 0.254630 0.615940 1920.000000 1080.000000
0 330 0.503906 0.970833 0.038021 0.254630 0.615940 1920.000000 1080.000000
0 331 0.504427 0.971759 0.038021 0.254630 0.612320 1920.000000 1080.000000
0 332 0.504948 0.971759 0.038021 0.254630 0.612320 1920.000000 1080.000000
0 333 0.505990 0.972222 0.038021 0.253704 0.610910 1920.000000 1080.000000
0 334 0.506510 0.972222 0.038021 0.253704 0.610910 1920.000000 1080.000000
0 335 0.507552 0.972685 0.038021 0.252778 0.609490 1920.000000 1080.000000
0 336 0.508333 0.973148 0.037500 0.251852 0.608060 1920.000000 1080.000000
0 337 0.509115 0.973148 0.038021 0.251852 0.608060 1920.000000 1080.000000
0 338 0.509896 0.973611 0.037500 0.250926 0.606620 1920.000000 1080.000000
0 339 0.510677 0.973611 0.038021 0.250926 0.606620 1920.000000 1080.000000
0 340 0.511458 0.974074 0.037500 0.250000 0.605170 1920.000000 1080.000000
0 341 0.512500 0.975000 0.037500 0.250000 0.601480 1920.000000 1080.000000
0 342 0.512760 0.974537 0.038021 0.249074 0.603700 1920.000000 1080.000000
0 343 0.513281 0.975000 0.038021 0.248148 0.602230 1920.000000 1080.000000
0 344 0.513542 0.975000 0.038542 0.248148 0.602230 1920.000000 1080.000000
0 345 0.514323 0.975463 0.039062 0.247222 0.600750 1920.000000 1080.000000
0 346 0.514844 0.975926 0.039062 0.246296 0.599250 1920.000000 1080.000000
0 347 0.515104 0.975463 0.039583 0.245370 0.601500 1920.000000 1080.000000
0 348 0.515885 0.975926 0.040104 0.244444 0.600000 1920.000000 1080.000000
0 349 0.516146 0.975926 0.040625 0.244444 0.600000 1920.000000 1080.000000
0 350 0.516667 0.976389 0.040625 0.243519 0.598480 1920.000000 1080.000000
0 351 0.517448 0.976852 0.041146 0.242593 0.596960 1920.000000 1080.000000
0 352 0.517448 0.975926 0.041146 0.242593 0.600760 1920.000000 1080.000000
0 353 0.517448 0.975926 0.041146 0.242593 0.600760 1920.000000 1080.000000
0 354 0.517708 0.975926 0.040625 0.242593 0.600760 1920.000000 1080.000000
0 355 0.517969 0.975926 0.041146 0.242593 0.600760 1920.000000 1080.000000
0 356 0.518229 0.975926 0.040625 0.242593 0.600760 1920.000000 1080.000000
0 357 0.518229 0.975463 0.040625 0.241667 0.603050 1920.000000 1080.000000
0 358 0.518490 0.975463 0.041146 0.241667 0.603050 1920.000000 1080.000000
0 359 0.518750 0.975463 0.040625 0.241667 0.603050 1920.000000 1080.000000
0 360 0.518750 0.975463 0.040625 0.241667 0.603050 1920.000000 1080.000000
0 361 0.519271 0.975463 0.040625 0.241667 0.603050 1920.000000 1080.000000
0 362 0.519531 0.974537 0.041146 0.241667 0.606870 1920.000000 1080.000000
0 363 0.520052 0.974074 0.041146 0.242593 0.608370 1920.000000 1080.000000
0 364 0.520573 0.973611 0.041146 0.243519 0.609850 1920.000000 1080.000000
0 365 0.520833 0.973148 0.041667 0.244444 0.611320 1920.000000 1080.000000
0 366 0.521615 0.973148 0.042188 0.244444 0.611320 1920.000000 1080.000000
0 367 0.522135 0.972222 0.042188 0.244444 0.615090 1920.000000 1080.000000
0 368 0.522396 0.971759 0.042708 0.245370 0.616540 1920.000000 1080.000000
0 369 0.522917 0.971296 0.042708 0.246296 0.617980 1920.000000 1080.000000
0 370 0.523438 0.970833 0.042708 0.247222 0.619400 1920.000000 1080.000000
0 371 0.524219 0.970833 0.043229 0.247222 0.619400 1920.000000 1080.000000
0 372 0.524479 0.969907 0.043750 0.249074 0.622220 1920.000000 1080.000000
0 373 0.525000 0.969444 0.043750 0.250000 0.623620 1920.000000 1080.000000
0 374 0.525781 0.968981 0.044271 0.250926 0.625000 1920.000000 1080.000000
0 375 0.526042 0.968981 0.044792 0.252778 0.624090 1920.000000 1080.000000
0 376 0.526823 0.968519 0.045312 0.253704 0.625450 1920.000000 1080.000000
0 377 0.527344 0.968056 0.045312 0.254630 0.626810 1920.000000 1080.000000
0 378 0.527604 0.968056 0.045833 0.256481 0.625900 1920.000000 1080.000000
0 379 0.528385 0.967593 0.046354 0.257407 0.627240 1920.000000 1080.000000
0 380 0.528906 0.967130 0.046354 0.258333 0.628570 1920.000000 1080.000000
0 381 0.529687 0.967130 0.046875 0.260185 0.627660 1920.000000 1080.000000
0 382 0.529687 0.966667 0.046875 0.261111 0.628980 1920.000000 1080.000000
0 383 0.530208 0.966667 0.046875 0.261111 0.628980 1920.000000 1080.000000
0 384 0.530208 0.966667 0.046875 0.261111 0.628980 1920.000000 1080.000000
0 385 0.530729 0.966667 0.046875 0.261111 0.628980 1920.000000 1080.000000
0 386 0.530729 0.967130 0.046875 0.262037 0.626760 1920.000000 1080.000000
0 387 0.531250 0.967130 0.046875 0.262037 0.626760 1920.000000 1080.000000
0 388 0.531250 0.967130 0.046875 0.262037 0.626760 1920.000000 1080.000000
0 389 0.531771 0.967130 0.046875 0.262037 0.626760 1920.000000 1080.000000
0 390 0.531771 0.967130 0.046875 0.262037 0.626760 1920.000000 1080.000000
0 391 0.532292 0.967593 0.046875 0.262963 0.624560 1920.000000 1080.000000
0 392 0.532292 0.967593 0.046875 0.262963 0.624560 1920.000000 1080.000000
0 393 0.532292 0.968056 0.046875 0.262037 0.623240 1920.000000 1080.000000
0 394 0.532292 0.968519 0.046875 0.261111 0.621910 1920.000000 1080.000000
0 395 0.532292 0.968981 0.046875 0.260185 0.620570 1920.000000 1080.000000
0 396 0.532552 0.969907 0.046354 0.260185 0.617020 1920.000000 1080.000000
0 397 0.532552 0.970370 0.046354 0.259259 0.615660 1920.000000 1080.000000
0 398 0.532552 0.970833 0.046354 0.258333 0.614290 1920.000000 1080.000000
0 399 0.532552 0.971296 0.046354 0.257407 0.612900 1920.000000 1080.000000
0 400 0.532552 0.971759 0.046354 0.256481 0.611510 1920.000000 1080.000000
0 401 0.533073 0.972685 0.046354 0.256481 0.607910 1920.000000 1080.000000
0 402 0.532552 0.972685 0.046354 0.254630 0.608700 1920.000000 1080.000000
0 403 0.532552 0.973148 0.046354 0.253704 0.607270 1920.000000 1080.000000
0 404 0.532031 0.973611 0.046354 0.252778 0.605840 1920.000000 1080.000000
0 405 0.532031 0.974074 0.046354 0.251852 0.604400 1920.000000 1080.000000
0 406 0.531771 0.975000 0.046875 0.250000 0.601480 1920.000000 1080.000000
0 407 0.531510 0.975463 0.046354 0.249074 0.600000 1920.000000 1080.000000
0 408 0.531250 0.975926 0.046875 0.248148 0.598510 1920.000000 1080.000000
0 409 0.530990 0.976389 0.046354 0.247222 0.597010 1920.000000 1080.000000
0 410 0.530729 0.976852 0.046875 0.246296 0.595510 1920.000000 1080.000000
0 411 0.530729 0.977778 0.046875 0.244444 0.592450 1920.000000 1080.000000
0 412 0.530729 0.977315 0.046875 0.243519 0.594700 1920.000000 1080.000000
0 413 0.530990 0.977315 0.047396 0.243519 0.594700 1920.000000 1080.000000
0 414 0.530990 0.976852 0.047396 0.242593 0.596960 1920.000000 1080.000000
0 415 0.531510 0.977315 0.047396 0.241667 0.595420 1920.000000 1080.000000
0 416 0.531510 0.977315 0.047396 0.241667 0.595420 1920.000000 1080.000000
0 417 0.531771 0.976852 0.047917 0.240741 0.597700 1920.000000 1080.000000
0 418 0.532031 0.977315 0.047396 0.239815 0.596150 1920.000000 1080.000000
0 419 0.532292 0.976852 0.047917 0.238889 0.598460 1920.000000 1080.000000
0 420 0.532292 0.976852 0.047917 0.238889 0.598460 1920.000000 1080.000000
0 421 0.532813 0.977315 0.047917 0.237963 0.596900 1920.000000 1080.000000
0 422 0.533073 0.976389 0.047396 0.237963 0.600780 1920.000000 1080.000000
0 423 0.533854 0.976389 0.046875 0.237963 0.600780 1920.000000 1080.000000
0 424 0.534375 0.976389 0.046875 0.237963 0.600780 1920.000000 1080.000000
0 425 0.535156 0.975926 0.046354 0.237037 0.603110 1920.000000 1080.000000
0 426 0.535677 0.975926 0.046354 0.237037 0.603110 1920.000000 1080.000000
0 427 0.536458 0.975463 0.045833 0.237963 0.604650 1920.000000 1080.000000
0 428 0.536979 0.975000 0.045833 0.237037 0.607000 1920.000000 1080.000000
0 429 0.537760 0.975000 0.045312 0.237037 0.607000 1920.000000 1080.000000
0 430 0.538281 0.975000 0.045312 0.237037 0.607000 1920.000000 1080.000000
0 431 0.539062 0.975000 0.044792 0.237037 0.607000 1920.000000 1080.000000
0 432 0.539844 0.974537 0.045312 0.237963 0.608530 1920.000000 1080.000000
0 433 0.540885 0.974537 0.045312 0.237963 0.608530 1920.000000 1080.000000
0 434 0.541667 0.974537 0.045833 0.239815 0.607690 1920.000000 1080.000000
0 435 0.542708 0.974537 0.045833 0.239815 0.607690 1920.000000 1080.000000
0 436 0.543750 0.975000 0.045833 0.240741 0.605360 1920.000000 1080.000000
0 437 0.544531 0.974537 0.046354 0.241667 0.606870 1920.000000 1080.000000
0 438 0.545573 0.974537 0.046354 0.241667 0.606870 1920.000000 1080.000000
0 439 0.546354 0.974537 0.046875 0.243519 0.606060 1920.000000 1080.000000
0 440 0.547396 0.974537 0.046875 0.243519 0.606060 1920.000000 1080.000000
0 441 0.548438 0.975000 0.046875 0.244444 0.603770 1920.000000 1080.000000
0 442 0.548958 0.974537 0.046875 0.243519 0.606060 1920.000000 1080.000000
0 443 0.549479 0.974537 0.046875 0.243519 0.606060 1920.000000 1080.000000
0 444 0.550000 0.974537 0.046875 0.243519 0.606060 1920.000000 1080.000000
0 445 0.550521 0.974537 0.046875 0.243519 0.606060 1920.000000 1080.000000
0 446 0.551042 0.974537 0.046875 0.243519 0.606060 1920.000000 1080.000000
0 447 0.551562 0.974537 0.046875 0.243519 0.606060 1920.000000 1080.000000
0 448 0.552083 0.974537 0.046875 0.243519 0.606060 1920.000000 1080.000000
0 449 0.552604 0.974537 0.046875 0.243519 0.606060 1920.000000 1080.000000
0 450 0.553125 0.974537 0.046875 0.243519 0.606060 1920.000000 1080.000000
0 451 0.553906 0.974537 0.046354 0.243519 0.606060 1920.000000 1080.000000
0 452 0.553906 0.973611 0.046354 0.243519 0.609850 1920.000000 1080.000000
0 453 0.554167 0.973611 0.046875 0.243519 0.609850 1920.000000 1080.000000
0 454 0.554427 0.973611 0.046354 0.243519 0.609850 1920.000000 1080.000000
0 455 0.554688 0.973611 0.046875 0.243519 0.609850 1920.000000 1080.000000
0 456 0.554948 0.973611 0.046354 0.243519 0.609850 1920.000000 1080.000000
0 457 0.555208 0.973611 0.046875 0.243519 0.609850 1920.000000 1080.000000
0 458 0.555208 0.973611 0.046875 0.243519 0.609850 1920.000000 1080.000000
0 459 0.555729 0.973611 0.046875 0.243519 0.609850 1920.000000 1080.000000
0 460 0.555729 0.973611 0.046875 0.243519 0.609850 1920.000000 1080.000000
0 461 0.556250 0.973611 0.046875 0.243519 0.609850 1920.000000 1080.000000
0 462 0.556250 0.973611 0.046875 0.243519 0.609850 1920.000000 1080.000000
0 463 0.556250 0.973611 0.046875 0.243519 0.609850 1920.000000 1080.000000
0 464 0.556250 0.973611 0.046875 0.243519 0.609850 1920.000000 1080.000000
0 465 0.556250 0.973611 0.046875 0.243519 0.609850 1920.000000 1080.000000
0 466 0.556250 0.974074 0.046875 0.244444 0.607550 1920.000000 1080.000000
0 467 0.556250 0.974074 0.046875 0.244444 0.607550 1920.000000 1080.000000
0 468 0.556250 0.974074 0.046875 0.244444 0.607550 1920.000000 1080.000000
0 469 0.556250 0.974074 0.046875 0.244444 0.607550 1920.000000 1080.000000
0 470 0.556250 0.974074 0.046875 0.244444 0.607550 1920.000000 1080.000000
0 471 0.556510 0.975000 0.046354 0.244444 0.603770 1920.000000 1080.000000
0 472 0.555729 0.975000 0.046875 0.244444 0.603770 1920.000000 1080.000000
0 473 0.555208 0.975463 0.046875 0.243519 0.602270 1920.000000 1080.000000
0 474 0.554688 0.975926 0.046875 0.242593 0.600760 1920.000000 1080.000000
0 475 0.554167 0.976852 0.046875 0.242593 0.596960 1920.000000 1080.000000
0 476 0.553646 0.977315 0.046875 0.241667 0.595420 1920.000000 1080.000000
0 477 0.553125 0.977778 0.046875 0.240741 0.593870 1920.000000 1080.000000
0 478 0.552604 0.978704 0.046875 0.240741 0.590040 1920.000000 1080.000000
0 479 0.552083 0.979167 0.046875 0.239815 0.588460 1920.000000 1080.000000
0 480 0.551562 0.979630 0.046875 0.238889 0.586870 1920.000000 1080.000000
0 481 0.551042 0.980556 0.046875 0.238889 0.583010 1920.000000 1080.000000
0 482 0.551042 0.980556 0.046875 0.238889 0.583010 1920.000000 1080.000000
0 483 0.551042 0.981019 0.046875 0.237963 0.581400 1920.000000 1080.000000
0 484 0.551042 0.981481 0.046875 0.237037 0.579770 1920.000000 1080.000000
0 485 0.551042 0.981944 0.046875 0.236111 0.578120 1920.000000 1080.000000
0 486 0.551302 0.982407 0.046354 0.235185 0.576470 1920.000000 1080.000000
0 487 0.551302 0.982870 0.046354 0.234259 0.574800 1920.000000 1080.000000
0 488 0.551302 0.983333 0.046354 0.233333 0.573120 1920.000000 1080.000000
0 489 0.551302 0.983796 0.046354 0.232407 0.571430 1920.000000 1080.000000
0 490 0.551302 0.984259 0.046354 0.231481 0.569720 1920.000000 1080.000000
0 491 0.551823 0.984722 0.046354 0.230556 0.568000 1920.000000 1080.000000
0 492 0.551823 0.984259 0.046354 0.231481 0.569720 1920.000000 1080.000000
0 493 0.552344 0.984259 0.046354 0.231481 0.569720 1920.000000 1080.000000
0 494 0.552604 0.984259 0.046875 0.231481 0.569720 1920.000000 1080.000000
0 495 0.552865 0.984259 0.046354 0.231481 0.569720 1920.000000 1080.000000
0 496 0.553385 0.984259 0.046354 0.231481 0.569720 1920.000000 1080.000000
0 497 0.553646 0.984259 0.046875 0.231481 0.569720 1920.000000 1080.000000
0 498 0.553906 0.984259 0.046354 0.231481 0.569720 1920.000000 1080.000000
0 499 0.554167 0.984259 0.046875 0.231481 0.569720 1920.000000 1080.000000
0 500 0.554688 0.984259 0.046875 0.231481 0.569720 1920.000000 1080.000000
0 501 0.555208 0.984259 0.046875 0.231481 0.569720 1920.000000 1080.000000
0 502 0.555729 0.983333 0.046875 0.231481 0.573710 1920.000000 1080.000000
0 503 0.556510 0.982870 0.046354 0.232407 0.575400 1920.000000 1080.000000
0 504 0.557292 0.982407 0.045833 0.233333 0.577080 1920.000000 1080.000000
0 505 0.557813 0.981944 0.045833 0.234259 0.578740 1920.000000 1080.000000
0 506 0.558594 0.981481 0.045312 0.235185 0.580390 1920.000000 1080.000000
0 507 0.559375 0.980556 0.044792 0.235185 0.584310 1920.000000 1080.000000
0 508 0.559896 0.980093 0.044792 0.236111 0.585940 1920.000000 1080.000000
0 509 0.560677 0.979630 0.044271 0.237037 0.587550 1920.000000 1080.000000
0 510 0.561458 0.979167 0.043750 0.237963 0.589150 1920.000000 1080.000000
0 511 0.562500 0.979167 0.043750 0.237963 0.589150 1920.000000 1080.000000
0 512 0.561979 0.979167 0.043750 0.237963 0.589150 1920.000000 1080.000000
0 513 0.561979 0.979167 0.043750 0.237963 0.589150 1920.000000 1080.000000
0 514 0.561719 0.979167 0.043229 0.237963 0.589150 1920.000000 1080.000000
0 515 0.561458 0.979167 0.043750 0.237963 0.589150 1920.000000 1080.000000
0 516 0.561458 0.979167 0.043750 0.237963 0.589150 1920.000000 1080.000000
0 517 0.561198 0.979167 0.043229 0.237963 0.589150 1920.000000 1080.000000
0 518 0.560937 0.979630 0.043750 0.237037 0.587550 1920.000000 1080.000000
0 519 0.560937 0.979630 0.043750 0.237037 0.587550 1920.000000 1080.000000
0 520 0.560677 0.979630 0.043229 0.237037 0.587550 1920.000000 1080.000000
0 521 0.560677 0.980093 0.043229 0.237963 0.585270 1920.000000 1080.000000
0 522 0.560417 0.980093 0.043750 0.237963 0.585270 1920.000000 1080.000000
0 523 0.560156 0.980093 0.043229 0.237963 0.585270 1920.000000 1080.000000
0 524 0.560156 0.980093 0.043229 0.237963 0.585270 1920.000000 1080.000000
0 525 0.559896 0.980556 0.043750 0.237037 0.583660 1920.000000 1080.000000
0 526 0.559635 0.980556 0.043229 0.237037 0.583660 1920.000000 1080.000000
0 527 0.559635 0.980556 0.043229 0.237037 0.583660 1920.000000 1080.000000
0 528 0.559375 0.980556 0.043750 0.237037 0.583660 1920.000000 1080.000000
0 529 0.559115 0.980556 0.043229 0.237037 0.583660 1920.000000 1080.000000
0 530 0.559115 0.980556 0.043229 0.237037 0.583660 1920.000000 1080.000000
0 531 0.559115 0.981481 0.043229 0.237037 0.579770 1920.000000 1080.000000
0 532 0.558594 0.981481 0.043229 0.237037 0.579770 1920.000000 1080.000000
0 533 0.558594 0.981481 0.043229 0.237037 0.579770 1920.000000 1080.000000
0 534 0.558594 0.981481 0.043229 0.237037 0.579770 1920.000000 1080.000000
0 535 0.558594 0.981944 0.043229 0.236111 0.578120 1920.000000 1080.000000
0 536 0.558594 0.981944 0.043229 0.236111 0.578120 1920.000000 1080.000000
0 537 0.558333 0.981944 0.043750 0.236111 0.578120 1920.000000 1080.000000
0 538 0.558333 0.982407 0.043750 0.235185 0.576470 1920.000000 1080.000000
0 539 0.558333 0.982407 0.043750 0.235185 0.576470 1920.000000 1080.000000
0 540 0.558333 0.982407 0.043750 0.235185 0.576470 1920.000000 1080.000000
0 541 0.558333 0.982870 0.043750 0.234259 0.574800 1920.000000 1080.000000
0 542 0.557813 0.982407 0.043750 0.235185 0.576470 1920.000000 1080.000000
0 543 0.557552 0.982407 0.043229 0.235185 0.576470 1920.000000 1080.000000
0 544 0.557292 0.982407 0.043750 0.235185 0.576470 1920.000000 1080.000000
0 545 0.557031 0.982407 0.043229 0.235185 0.576470 1920.000000 1080.000000
0 546 0.556771 0.982407 0.043750 0.235185 0.576470 1920.000000 1080.000000
0 547 0.556510 0.982407 0.043229 0.235185 0.576470 1920.000000 1080.000000
0 548 0.555990 0.982407 0.043229 0.235185 0.576470 1920.000000 1080.000000
0 549 0.555990 0.982407 0.043229 0.235185 0.576470 1920.000000 1080.000000
0 550 0.555469 0.982407 0.043229 0.235185 0.576470 1920.000000 1080.000000
0 551 0.555469 0.982407 0.043229 0.235185 0.576470 1920.000000 1080.000000
0 552 0.554948 0.982407 0.043229 0.235185 0.576470 1920.000000 1080.000000
0 553 0.554427 0.982407 0.043229 0.235185 0.576470 1920.000000 1080.000000
0 554 0.554167 0.982407 0.043750 0.235185 0.576470 1920.000000 1080.000000
0 555 0.553906 0.982407 0.043229 0.235185 0.576470 1920.000000 1080.000000
0 556 0.553646 0.982407 0.043750 0.235185 0.576470 1920.000000 1080.000000
0 557 0.553125 0.982407 0.043750 0.235185 0.576470 1920.000000 1080.000000
0 558 0.552865 0.982407 0.043229 0.235185 0.576470 1920.000000 1080.000000
0 559 0.552604 0.982407 0.043750 0.235185 0.576470 1920.000000 1080.000000
0 560 0.552083 0.982407 0.043750 0.235185 0.576470 1920.000000 1080.000000
0 561 0.552083 0.982870 0.043750 0.234259 0.574800 1920.000000 1080.000000
0 562 0.551042 0.981944 0.043750 0.234259 0.578740 1920.000000 1080.000000
0 563 0.550521 0.981019 0.043750 0.234259 0.582680 1920.000000 1080.000000
0 564 0.550000 0.980093 0.043750 0.234259 0.586610 1920.000000 1080.000000
0 565 0.549219 0.979167 0.043229 0.234259 0.590550 1920.000000 1080.000000
0 566 0.548698 0.978241 0.043229 0.234259 0.594490 1920.000000 1080.000000
0 567 0.547917 0.977315 0.043750 0.234259 0.598430 1920.000000 1080.000000
0 568 0.547135 0.976389 0.043229 0.234259 0.602360 1920.000000 1080.000000
0 569 0.546615 0.975463 0.043229 0.234259 0.606300 1920.000000 1080.000000
0 570 0.546094 0.974537 0.043229 0.234259 0.610240 1920.000000 1080.000000
0 571 0.545573 0.974537 0.043229 0.234259 0.610240 1920.000000 1080.000000
0 572 0.545312 0.974074 0.042708 0.235185 0.611760 1920.000000 1080.000000
0 573 0.545052 0.974537 0.042188 0.236111 0.609380 1920.000000 1080.000000
0 574 0.545052 0.975000 0.042188 0.237037 0.607000 1920.000000 1080.000000
0 575 0.544792 0.975463 0.041667 0.237963 0.604650 1920.000000 1080.000000
0 576 0.544792 0.975926 0.041667 0.238889 0.602320 1920.000000 1080.000000
0 577 0.544531 0.975926 0.041146 0.240741 0.601530 1920.000000 1080.000000
0 578 0.544271 0.976389 0.040625 0.241667 0.599240 1920.000000 1080.000000
0 579 0.544271 0.976852 0.040625 0.242593 0.596960 1920.000000 1080.000000
0 580 0.544010 0.977315 0.040104 0.243519 0.594700 1920.000000 1080.000000
0 581 0.544271 0.977778 0.039583 0.244444 0.592450 1920.000000 1080.000000
0 582 0.543229 0.977778 0.039583 0.244444 0.592450 1920.000000 1080.000000
0 583 0.542708 0.978241 0.039583 0.243519 0.590910 1920.000000 1080.000000
0 584 0.542188 0.978704 0.039583 0.242593 0.589350 1920.000000 1080.000000
0 585 0.541406 0.978704 0.039062 0.242593 0.589350 1920.000000 1080.000000
0 586 0.540885 0.979167 0.039062 0.241667 0.587790 1920.000000 1080.000000
0 587 0.540104 0.979630 0.039583 0.240741 0.586210 1920.000000 1080.000000
0 588 0.539323 0.979630 0.039062 0.240741 0.586210 1920.000000 1080.000000
0 589 0.538802 0.980093 0.039062 0.239815 0.584620 1920.000000 1080.000000
0 590 0.538281 0.980556 0.039062 0.238889 0.583010 1920.000000 1080.000000
0 591 0.537760 0.981019 0.039062 0.237963 0.581400 1920.000000 1080.000000
0 592 0.537240 0.981019 0.039062 0.237963 0.581400 1920.000000 1080.000000
0 593 0.537240 0.981481 0.039062 0.237037 0.579770 1920.000000 1080.000000
0 594 0.536979 0.981944 0.039583 0.236111 0.578120 1920.000000 1080.000000
0 595 0.536719 0.982407 0.039062 0.235185 0.576470 1920.000000 1080.000000
0 596 0.536719 0.982870 0.039062 0.234259 0.574800 1920.000000 1080.000000
0 597 0.536458 0.983333 0.039583 0.233333 0.573120 1920.000000 1080.000000
0 598 0.536198 0.983796 0.039062 0.232407 0.571430 1920.000000 1080.000000
0 599 0.535937 0.984259 0.039583 0.231481 0.569720 1920.000000 1080.000000
0 600 0.535937 0.984722 0.039583 0.230556 0.568000 1920.000000 1080.000000
0 601 0.535937 0.985185 0.039583 0.229630 0.566270 1920.000000 1080.000000
0 602 0.535417 0.985185 0.039583 0.229630 0.566270 1920.000000 1080.000000
0 603 0.534896 0.985648 0.039583 0.228704 0.564520 1920.000000 1080.000000
0 604 0.534635 0.985648 0.039062 0.228704 0.564520 1920.000000 1080.000000
0 605 0.534375 0.986111 0.039583 0.227778 0.562750 1920.000000 1080.000000
0 606 0.534115 0.986574 0.039062 0.226852 0.560980 1920.000000 1080.000000
0 607 0.533594 0.986574 0.039062 0.226852 0.560980 1920.000000 1080.000000
0 608 0.533333 0.987037 0.039583 0.225926 0.559180 1920.000000 1080.000000
0 609 0.533073 0.987037 0.039062 0.225926 0.559180 1920.000000 1080.000000
0 610 0.532552 0.987500 0.039062 0.225000 0.557380 1920.000000 1080.000000
0 611 0.532552 0.987963 0.039062 0.224074 0.555560 1920.000000 1080.000000
0 612 0.531510 0.987037 0.039062 0.224074 0.559670 1920.000000 1080.000000
0 613 0.530729 0.987037 0.039583 0.224074 0.559670 1920.000000 1080.000000
0 614 0.529948 0.987037 0.039062 0.224074 0.559670 1920.000000 1080.000000
0 615 0.529167 0.986574 0.039583 0.223148 0.561980 1920.000000 1080.000000
0 616 0.528385 0.986574 0.039062 0.223148 0.561980 1920.000000 1080.000000
0 617 0.527604 0.986111 0.039583 0.224074 0.563790 1920.000000 1080.000000
0 618 0.526563 0.985648 0.039583 0.223148 0.566120 1920.000000 1080.000000
0 619 0.526042 0.985648 0.039583 0.223148 0.566120 1920.000000 1080.000000
0 620 0.525000 0.985648 0.039583 0.223148 0.566120 1920.000000 1080.000000
0 621 0.524479 0.985648 0.039583 0.223148 0.566120 1920.000000 1080.000000
0 622 0.522917 0.984722 0.039583 0.225000 0.569670 1920.000000 1080.000000
0 623 0.521875 0.984259 0.039583 0.225926 0.571430 1920.000000 1080.000000
0 624 0.520573 0.983333 0.039062 0.227778 0.574900 1920.000000 1080.000000
0 625 0.519271 0.983333 0.039583 0.229630 0.574300 1920.000000 1080.000000
0 626 0.518229 0.982407 0.039583 0.231481 0.577690 1920.000000 1080.000000
0 627 0.516927 0.981944 0.039062 0.232407 0.579370 1920.000000 1080.000000
0 628 0.515625 0.981481 0.039583 0.235185 0.580390 1920.000000 1080.000000
0 629 0.514323 0.981019 0.039062 0.236111 0.582030 1920.000000 1080.000000
0 630 0.513281 0.980093 0.039062 0.237963 0.585270 1920.000000 1080.000000
0 631 0.512240 0.980093 0.039062 0.239815 0.584620 1920.000000 1080.000000
0 632 0.510677 0.979167 0.039062 0.239815 0.588460 1920.000000 1080.000000
0 633 0.509635 0.979167 0.039062 0.239815 0.588460 1920.000000 1080.000000
0 634 0.508594 0.979167 0.039062 0.239815 0.588460 1920.000000 1080.000000
0 635 0.507292 0.979167 0.038542 0.239815 0.588460 1920.000000 1080.000000
0 636 0.506250 0.979167 0.038542 0.239815 0.588460 1920.000000 1080.000000
0 637 0.504948 0.978241 0.039062 0.239815 0.592310 1920.000000 1080.000000
0 638 0.503646 0.978241 0.038542 0.239815 0.592310 1920.000000 1080.000000
0 639 0.502604 0.978241 0.038542 0.239815 0.592310 1920.000000 1080.000000
0 640 0.501563 0.978241 0.038542 0.239815 0.592310 1920.000000 1080.000000
0 641 0.500521 0.978241 0.038542 0.239815 0.592310 1920.000000 1080.000000
0 642 0.499479 0.978241 0.038542 0.239815 0.592310 1920.000000 1080.000000
0 643 0.498437 0.978241 0.038542 0.239815 0.592310 1920.000000 1080.000000
0 644 0.497396 0.978241 0.038542 0.239815 0.592310 1920.000000 1080.000000
0 645 0.496354 0.978241 0.038542 0.239815 0.592310 1920.000000 1080.000000
0 646 0.495312 0.978704 0.038542 0.238889 0.590730 1920.000000 1080.000000
0 647 0.494271 0.978704 0.038542 0.238889 0.590730 1920.000000 1080.000000
0 648 0.493229 0.978704 0.038542 0.238889 0.590730 1920.000000 1080.000000
0 649 0.492188 0.978704 0.038542 0.238889 0.590730 1920.000000 1080.000000
0 650 0.491146 0.978704 0.038542 0.238889 0.590730 1920.000000 1080.000000
0 651 0.490365 0.979630 0.039062 0.238889 0.586870 1920.000000 1080.000000
0 652 0.488802 0.979167 0.039062 0.239815 0.588460 1920.000000 1080.000000
0 653 0.487240 0.979167 0.039062 0.239815 0.588460 1920.000000 1080.000000
0 654 0.485938 0.979167 0.038542 0.239815 0.588460 1920.000000 1080.000000
0 655 0.484635 0.979167 0.039062 0.239815 0.588460 1920.000000 1080.000000
0 656 0.483333 0.979167 0.038542 0.239815 0.588460 1920.000000 1080.000000
0 657 0.481771 0.979167 0.038542 0.239815 0.588460 1920.000000 1080.000000
0 658 0.480469 0.979167 0.039062 0.239815 0.588460 1920.000000 1080.000000
0 659 0.479167 0.979167 0.038542 0.239815 0.588460 1920.000000 1080.000000
0 660 0.477604 0.979167 0.038542 0.239815 0.588460 1920.000000 1080.000000
0 661 0.476562 0.979167 0.038542 0.239815 0.588460 1920.000000 1080.000000
0 662 0.475260 0.979167 0.039062 0.239815 0.588460 1920.000000 1080.000000
0 663 0.474219 0.979167 0.039062 0.239815 0.588460 1920.000000 1080.000000
0 664 0.473177 0.979167 0.039062 0.239815 0.588460 1920.000000 1080.000000
0 665 0.472135 0.979167 0.039062 0.239815 0.588460 1920.000000 1080.000000
0 666 0.471094 0.979167 0.039062 0.239815 0.588460 1920.000000 1080.000000
0 667 0.470052 0.979167 0.039062 0.239815 0.588460 1920.000000 1080.000000
0 668 0.469010 0.979167 0.039062 0.239815 0.588460 1920.000000 1080.000000
0 669 0.467969 0.979167 0.039062 0.239815 0.588460 1920.000000 1080.000000
0 670 0.466927 0.979167 0.039062 0.239815 0.588460 1920.000000 1080.000000
0 671 0.465885 0.979630 0.039062 0.238889 0.586870 1920.000000 1080.000000
0 672 0.464844 0.978704 0.039062 0.238889 0.590730 1920.000000 1080.000000
0 673 0.463802 0.978704 0.039062 0.238889 0.590730 1920.000000 1080.000000
0 674 0.462760 0.977778 0.039062 0.238889 0.594590 1920.000000 1080.000000
0 675 0.461719 0.977778 0.039062 0.238889 0.594590 1920.000000 1080.000000
0 676 0.460677 0.976852 0.039062 0.238889 0.598460 1920.000000 1080.000000
0 677 0.459635 0.976852 0.039062 0.238889 0.598460 1920.000000 1080.000000
0 678 0.458594 0.975926 0.039062 0.238889 0.602320 1920.000000 1080.000000
0 679 0.457552 0.975926 0.039062 0.238889 0.602320 1920.000000 1080.000000
0 680 0.456510 0.975000 0.039062 0.238889 0.606180 1920.000000 1080.000000
0 681 0.455729 0.975000 0.038542 0.238889 0.606180 1920.000000 1080.000000
0 682 0.454948 0.975000 0.039062 0.238889 0.606180 1920.000000 1080.000000
0 683 0.454688 0.975463 0.039583 0.239815 0.603850 1920.000000 1080.000000
0 684 0.454167 0.975463 0.039583 0.239815 0.603850 1920.000000 1080.000000
0 685 0.453646 0.975926 0.040625 0.240741 0.601530 1920.000000 1080.000000
0 686 0.453385 0.976389 0.041146 0.241667 0.599240 1920.000000 1080.000000
0 687 0.452865 0.976389 0.041146 0.241667 0.599240 1920.000000 1080.000000
0 688 0.452344 0.976852 0.042188 0.242593 0.596960 1920.000000 1080.000000
0 689 0.451823 0.976852 0.042188 0.242593 0.596960 1920.000000 1080.000000
0 690 0.451562 0.977315 0.042708 0.243519 0.594700 1920.000000 1080.000000
0 691 0.451302 0.977778 0.043229 0.244444 0.592450 1920.000000 1080.000000
0 692 0.451302 0.978241 0.043229 0.243519 0.590910 1920.000000 1080.000000
0 693 0.451823 0.978704 0.043229 0.242593 0.589350 1920.000000 1080.000000
0 694 0.452344 0.979167 0.043229 0.241667 0.587790 1920.000000 1080.000000
0 695 0.452604 0.979630 0.042708 0.240741 0.586210 1920.000000 1080.000000
0 696 0.453125 0.980093 0.042708 0.239815 0.584620 1920.000000 1080.000000
0 697 0.453385 0.980556 0.043229 0.238889 0.583010 1920.000000 1080.000000
0 698 0.453646 0.981019 0.042708 0.237963 0.581400 1920.000000 1080.000000
0 699 0.454167 0.981481 0.042708 0.237037 0.579770 1920.000000 1080.000000
0 700 0.454688 0.981944 0.042708 0.236111 0.578120 1920.000000 1080.000000
0 701 0.455208 0.982407 0.042708 0.235185 0.576470 1920.000000 1080.000000
0 702 0.455729 0.982407 0.042708 0.235185 0.576470 1920.000000 1080.000000
0 703 0.456771 0.982407 0.042708 0.235185 0.576470 1920.000000 1080.000000
0 704 0.457813 0.982407 0.042708 0.235185 0.576470 1920.000000 1080.000000
0 705 0.458594 0.982407 0.043229 0.235185 0.576470 1920.000000 1080.000000
0 706 0.459635 0.982407 0.043229 0.235185 0.576470 1920.000000 1080.000000
0 707 0.460417 0.982407 0.042708 0.235185 0.576470 1920.000000 1080.000000
0 708 0.461198 0.982407 0.043229 0.235185 0.576470 1920.000000 1080.000000
0 709 0.462240 0.982407 0.043229 0.235185 0.576470 1920.000000 1080.000000
0 710 0.463281 0.982407 0.043229 0.235185 0.576470 1920.000000 1080.000000
0 711 0.464323 0.982407 0.043229 0.235185 0.576470 1920.000000 1080.000000
0 712 0.464323 0.982407 0.043229 0.235185 0.576470 1920.000000 1080.000000
0 713 0.464323 0.982407 0.043229 0.235185 0.576470 1920.000000 1080.000000
0 714 0.464323 0.982407 0.043229 0.235185 0.576470 1920.000000 1080.000000
0 715 0.464323 0.982870 0.043229 0.234259 0.574800 1920.000000 1080.000000
0 716 0.464583 0.982870 0.042708 0.234259 0.574800 1920.000000 1080.000000
0 717 0.464583 0.982870 0.042708 0.234259 0.574800 1920.000000 1080.000000
0 718 0.464583 0.983333 0.042708 0.233333 0.573120 1920.000000 1080.000000
0 719 0.464583 0.983333 0.042708 0.233333 0.573120 1920.000000 1080.000000
0 720 0.464583 0.983333 0.042708 0.233333 0.573120 1920.000000 1080.000000
0 721 0.465104 0.983796 0.042708 0.232407 0.571430 1920.000000 1080.000000
0 722 0.464583 0.983796 0.042708 0.232407 0.571430 1920.000000 1080.000000
0 723 0.464062 0.984259 0.042708 0.231481 0.569720 1920.000000 1080.000000
0 724 0.463542 0.984722 0.042708 0.230556 0.568000 1920.000000 1080.000000
0 725 0.463021 0.985185 0.042708 0.229630 0.566270 1920.000000 1080.000000
0 726 0.462760 0.985648 0.043229 0.228704 0.564520 1920.000000 1080.000000
0 727 0.462240 0.985648 0.043229 0.228704 0.564520 1920.000000 1080.000000
0 728 0.461719 0.986111 0.043229 0.227778 0.562750 1920.000000 1080.000000
0 729 0.461198 0.986574 0.043229 0.226852 0.560980 1920.000000 1080.000000
0 730 0.460677 0.987037 0.043229 0.225926 0.559180 1920.000000 1080.000000
0 731 0.460677 0.987500 0.043229 0.225000 0.557380 1920.000000 1080.000000
0 732 0.460156 0.987500 0.043229 0.225000 0.557380 1920.000000 1080.000000
0 733 0.460156 0.987500 0.043229 0.225000 0.557380 1920.000000 1080.000000
0 734 0.460156 0.987963 0.043229 0.224074 0.555560 1920.000000 1080.000000
0 735 0.459896 0.987963 0.042708 0.224074 0.555560 1920.000000 1080.000000
0 736 0.459896 0.988426 0.042708 0.223148 0.553720 1920.000000 1080.000000
0 737 0.459635 0.988426 0.043229 0.223148 0.553720 1920.000000 1080.000000
0 738 0.459375 0.988426 0.042708 0.223148 0.553720 1920.000000 1080.000000
0 739 0.459375 0.988889 0.042708 0.222222 0.551870 1920.000000 1080.000000
0 740 0.459375 0.988889 0.042708 0.222222 0.551870 1920.000000 1080.000000
0 741 0.459375 0.989352 0.042708 0.221296 0.550000 1920.000000 1080.000000
0 742 0.459635 0.989352 0.043229 0.221296 0.550000 1920.000000 1080.000000
0 743 0.460417 0.989352 0.043750 0.221296 0.550000 1920.000000 1080.000000
0 744 0.460938 0.989352 0.043750 0.221296 0.550000 1920.000000 1080.000000
0 745 0.461719 0.989352 0.044271 0.221296 0.550000 1920.000000 1080.000000
0 746 0.462240 0.989352 0.044271 0.221296 0.550000 1920.000000 1080.000000
0 747 0.463021 0.989352 0.044792 0.221296 0.550000 1920.000000 1080.000000
0 748 0.463542 0.989352 0.044792 0.221296 0.550000 1920.000000 1080.000000
0 749 0.464323 0.989352 0.045312 0.221296 0.550000 1920.000000 1080.000000
0 750 0.464844 0.989352 0.045312 0.221296 0.550000 1920.000000 1080.000000
0 751 0.465625 0.989815 0.045833 0.220370 0.548120 1920.000000 1080.000000
0 752 0.466146 0.989815 0.045833 0.220370 0.548120 1920.000000 1080.000000
0 753 0.467187 0.989815 0.045833 0.220370 0.548120 1920.000000 1080.000000
0 754 0.467969 0.990278 0.045312 0.219444 0.546220 1920.000000 1080.000000
0 755 0.468750 0.990278 0.045833 0.219444 0.546220 1920.000000 1080.000000
0 756 0.469792 0.990741 0.045833 0.218519 0.544300 1920.000000 1080.000000
0 757 0.470573 0.990741 0.045312 0.218519 0.544300 1920.000000 1080.000000
0 758 0.471354 0.990741 0.045833 0.218519 0.544300 1920.000000 1080.000000
0 759 0.472135 0.991204 0.045312 0.217593 0.542370 1920.000000 1080.000000
0 760 0.473177 0.991204 0.045312 0.217593 0.542370 1920.000000 1080.000000
0 761 0.474219 0.991667 0.045312 0.216667 0.540430 1920.000000 1080.000000
0 762 0.474219 0.991667 0.045312 0.216667 0.540430 1920.000000 1080.000000
0 763 0.474740 0.991667 0.045312 0.216667 0.540430 1920.000000 1080.000000
0 764 0.475000 0.991667 0.045833 0.216667 0.540430 1920.000000 1080.000000
0 765 0.475260 0.991667 0.045312 0.216667 0.540430 1920.000000 1080.000000
0 766 0.475781 0.992130 0.045312 0.215741 0.538460 1920.000000 1080.000000
0 767 0.476042 0.992130 0.045833 0.215741 0.538460 1920.000000 1080.000000
0 768 0.476302 0.992130 0.045312 0.215741 0.538460 1920.000000 1080.000000
0 769 0.476562 0.992130 0.045833 0.215741 0.538460 1920.000000 1080.000000
0 770 0.477083 0.992130 0.045833 0.215741 0.538460 1920.000000 1080.000000
0 771 0.477604 0.992593 0.045833 0.214815 0.536480 1920.000000 1080.000000
0 772 0.477604 0.992593 0.045833 0.214815 0.536480 1920.000000 1080.000000
0 773 0.477604 0.992593 0.045833 0.214815 0.536480 1920.000000 1080.000000
0 774 0.477604 0.992593 0.045833 0.214815 0.536480 1920.000000 1080.000000
0 775 0.477604 0.993056 0.045833 0.213889 0.534480 1920.000000 1080.000000
0 776 0.477865 0.993056 0.045312 0.213889 0.534480 1920.000000 1080.000000
0 777 0.477865 0.993056 0.045312 0.213889 0.534480 1920.000000 1080.000000
0 778 0.477865 0.993519 0.045312 0.212963 0.532470 1920.000000 1080.000000
0 779 0.477865 0.993519 0.045312 0.212963 0.532470 1920.000000 1080.000000
0 780 0.477865 0.993519 0.045312 0.212963 0.532470 1920.000000 1080.000000
0 781 0.478385 0.993981 0.045312 0.212037 0.530430 1920.000000 1080.000000
0 782 0.477865 0.993056 0.045312 0.212037 0.534780 1920.000000 1080.000000
0 783 0.477865 0.992593 0.045312 0.212963 0.536800 1920.000000 1080.000000
0 784 0.477865 0.992130 0.045312 0.212037 0.539130 1920.000000 1080.000000
0 785 0.477604 0.991667 0.045833 0.212963 0.541130 1920.000000 1080.000000
0 786 0.477604 0.991204 0.045833 0.212037 0.543480 1920.000000 1080.000000
0 787 0.477344 0.990741 0.045312 0.212963 0.545450 1920.000000 1080.000000
0 788 0.477083 0.989815 0.045833 0.212963 0.549780 1920.000000 1080.000000
0 789 0.477083 0.989815 0.045833 0.212963 0.549780 1920.000000 1080.000000
0 790 0.477083 0.988889 0.045833 0.212963 0.554110 1920.000000 1080.000000
0 791 0.477083 0.988889 0.045833 0.212963 0.554110 1920.000000 1080.000000
0 792 0.476562 0.987963 0.045833 0.214815 0.557940 1920.000000 1080.000000
0 793 0.476562 0.987963 0.045833 0.216667 0.557450 1920.000000 1080.000000
0 794 0.476302 0.987500 0.045312 0.217593 0.559320 1920.000000 1080.000000
0 795 0.476042 0.987037 0.045833 0.220370 0.560670 1920.000000 1080.000000
0 796 0.476042 0.986574 0.045833 0.221296 0.562500 1920.000000 1080.000000
0 797 0.475781 0.986574 0.045312 0.223148 0.561980 1920.000000 1080.000000
0 798 0.475521 0.985648 0.045833 0.225000 0.565570 1920.000000 1080.000000
0 799 0.475260 0.985648 0.045312 0.226852 0.565040 1920.000000 1080.000000
0 800 0.475260 0.985185 0.045312 0.227778 0.566800 1920.000000 1080.000000
0 801 0.475260 0.985185 0.045312 0.229630 0.566270 1920.000000 1080.000000
0 802 0.475000 0.984259 0.044792 0.229630 0.570280 1920.000000 1080.000000
0 803 0.474740 0.983333 0.044271 0.229630 0.574300 1920.000000 1080.000000
0 804 0.474479 0.982870 0.043750 0.228704 0.576610 1920.000000 1080.000000
0 805 0.474479 0.982407 0.043750 0.229630 0.578310 1920.000000 1080.000000
0 806 0.474479 0.981944 0.042708 0.228704 0.580650 1920.000000 1080.000000
0 807 0.474219 0.981019 0.042188 0.228704 0.584680 1920.000000 1080.000000
0 808 0.474219 0.980556 0.042188 0.229630 0.586350 1920.000000 1080.000000
0 809 0.473958 0.980093 0.041667 0.228704 0.588710 1920.000000 1080.000000
0 810 0.473698 0.979167 0.041146 0.228704 0.592740 1920.000000 1080.000000
0 811 0.473958 0.979167 0.040625 0.228704 0.592740 1920.000000 1080.000000
0 812 0.473438 0.979167 0.040625 0.228704 0.592740 1920.000000 1080.000000
0 813 0.473438 0.979167 0.040625 0.228704 0.592740 1920.000000 1080.000000
0 814 0.472917 0.979167 0.040625 0.228704 0.592740 1920.000000 1080.000000
0 815 0.472917 0.980093 0.040625 0.228704 0.588710 1920.000000 1080.000000
0 816 0.472656 0.980093 0.040104 0.228704 0.588710 1920.000000 1080.000000
0 817 0.472396 0.980093 0.040625 0.228704 0.588710 1920.000000 1080.000000
0 818 0.472135 0.980093 0.040104 0.228704 0.588710 1920.000000 1080.000000
0 819 0.471875 0.981019 0.040625 0.228704 0.584680 1920.000000 1080.000000
0 820 0.471615 0.981019 0.040104 0.228704 0.584680 1920.000000 1080.000000
0 821 0.471615 0.981019 0.040104 0.228704 0.584680 1920.000000 1080.000000
0 822 0.471354 0.981019 0.040625 0.228704 0.584680 1920.000000 1080.000000
0 823 0.471094 0.981944 0.040104 0.228704 0.580650 1920.000000 1080.000000
0 824 0.470833 0.981944 0.040625 0.228704 0.580650 1920.000000 1080.000000
0 825 0.470573 0.981944 0.040104 0.228704 0.580650 1920.000000 1080.000000
0 826 0.470573 0.981944 0.040104 0.228704 0.580650 1920.000000 1080.000000
0 827 0.470052 0.982870 0.040104 0.228704 0.576610 1920.000000 1080.000000
0 828 0.470052 0.982870 0.040104 0.228704 0.576610 1920.000000 1080.000000
0 829 0.469531 0.982870 0.040104 0.228704 0.576610 1920.000000 1080.000000
0 830 0.469531 0.982870 0.040104 0.228704 0.576610 1920.000000 1080.000000
0 831 0.469531 0.983796 0.040104 0.228704 0.572580 1920.000000 1080.000000
0 832 0.469531 0.983796 0.040104 0.228704 0.572580 1920.000000 1080.000000
0 833 0.469531 0.983796 0.040104 0.228704 0.572580 1920.000000 1080.000000
0 834 0.469792 0.983796 0.040625 0.228704 0.572580 1920.000000 1080.000000
0 835 0.470052 0.984259 0.040104 0.227778 0.570850 1920.000000 1080.000000
0 836 0.470313 0.984722 0.040625 0.228704 0.568550 1920.000000 1080.000000
0 837 0.470313 0.984722 0.040625 0.228704 0.568550 1920.000000 1080.000000
0 838 0.470573 0.985185 0.040104 0.227778 0.566800 1920.000000 1080.000000
0 839 0.470833 0.985185 0.040625 0.227778 0.566800 1920.000000 1080.000000
0 840 0.470833 0.985185 0.040625 0.227778 0.566800 1920.000000 1080.000000
0 841 0.471354 0.986111 0.040625 0.227778 0.562750 1920.000000 1080.000000
0 842 0.471615 0.985185 0.041146 0.227778 0.566800 1920.000000 1080.000000
0 843 0.471875 0.985185 0.041667 0.227778 0.566800 1920.000000 1080.000000
0 844 0.472135 0.985185 0.042188 0.227778 0.566800 1920.000000 1080.000000
0 845 0.472396 0.985185 0.042708 0.227778 0.566800 1920.000000 1080.000000
0 846 0.472917 0.985185 0.042708 0.227778 0.566800 1920.000000 1080.000000
0 847 0.473177 0.984259 0.043229 0.227778 0.570850 1920.000000 1080.000000
0 848 0.473438 0.984259 0.043750 0.227778 0.570850 1920.000000 1080.000000
0 849 0.473698 0.984259 0.044271 0.227778 0.570850 1920.000000 1080.000000
0 850 0.473958 0.984259 0.044792 0.227778 0.570850 1920.000000 1080.000000
0 851 0.474479 0.984259 0.044792 0.227778 0.570850 1920.000000 1080.000000
0 852 0.474479 0.984259 0.044792 0.227778 0.570850 1920.000000 1080.000000
0 853 0.475000 0.984259 0.044792 0.227778 0.570850 1920.000000 1080.000000
0 854 0.475260 0.984259 0.044271 0.227778 0.570850 1920.000000 1080.000000
0 855 0.475521 0.984259 0.044792 0.227778 0.570850 1920.000000 1080.000000
0 856 0.476042 0.984259 0.044792 0.227778 0.570850 1920.000000 1080.000000
0 857 0.476302 0.984259 0.044271 0.227778 0.570850 1920.000000 1080.000000
0 858 0.476562 0.984259 0.044792 0.227778 0.570850 1920.000000 1080.000000
0 859 0.476823 0.984259 0.044271 0.227778 0.570850 1920.000000 1080.000000
0 860 0.477344 0.984259 0.044271 0.227778 0.570850 1920.000000 1080.000000
0 861 0.477865 0.984722 0.044271 0.226852 0.569110 1920.000000 1080.000000
0 862 0.478646 0.983796 0.044792 0.226852 0.573170 1920.000000 1080.000000
0 863 0.479687 0.983796 0.044792 0.226852 0.573170 1920.000000 1080.000000
0 864 0.480729 0.983796 0.044792 0.226852 0.573170 1920.000000 1080.000000
0 865 0.481771 0.983796 0.044792 0.226852 0.573170 1920.000000 1080.000000
0 866 0.482812 0.983796 0.044792 0.226852 0.573170 1920.000000 1080.000000
0 867 0.483854 0.982870 0.044792 0.226852 0.577240 1920.000000 1080.000000
0 868 0.484896 0.982870 0.044792 0.226852 0.577240 1920.000000 1080.000000
0 869 0.485938 0.982870 0.044792 0.226852 0.577240 1920.000000 1080.000000
0 870 0.486979 0.982870 0.044792 0.226852 0.577240 1920.000000 1080.000000
0 871 0.488021 0.982870 0.044792 0.226852 0.577240 1920.000000 1080.000000
0 872 0.488281 0.981944 0.044271 0.226852 0.581300 1920.000000 1080.000000
0 873 0.488802 0.981944 0.044271 0.226852 0.581300 1920.000000 1080.000000
0 874 0.489583 0.981944 0.043750 0.226852 0.581300 1920.000000 1080.000000
0 875 0.490104 0.981019 0.043750 0.226852 0.585370 1920.000000 1080.000000
0 876 0.490885 0.981019 0.043229 0.226852 0.585370 1920.000000 1080.000000
0 877 0.491406 0.981019 0.043229 0.226852 0.585370 1920.000000 1080.000000
0 878 0.491927 0.980093 0.043229 0.226852 0.589430 1920.000000 1080.000000
0 879 0.492708 0.980093 0.042708 0.226852 0.589430 1920.000000 1080.000000
0 880 0.493229 0.980093 0.042708 0.226852 0.589430 1920.000000 1080.000000
0 881 0.494010 0.980093 0.042188 0.226852 0.589430 1920.000000 1080.000000
0 882 0.494010 0.980093 0.042188 0.226852 0.589430 1920.000000 1080.000000
0 883 0.494531 0.980093 0.042188 0.226852 0.589430 1920.000000 1080.000000
0 884 0.494531 0.980093 0.042188 0.226852 0.589430 1920.000000 1080.000000
0 885 0.495052 0.980093 0.042188 0.226852 0.589430 1920.000000 1080.000000
0 886 0.495312 0.980556 0.041667 0.225926 0.587760 1920.000000 1080.000000
0 887 0.495573 0.980556 0.042188 0.225926 0.587760 1920.000000 1080.000000
0 888 0.495833 0.980556 0.041667 0.225926 0.587760 1920.000000 1080.000000
0 889 0.496094 0.980556 0.042188 0.225926 0.587760 1920.000000 1080.000000
0 890 0.496354 0.980556 0.041667 0.225926 0.587760 1920.000000 1080.000000
0 891 0.496875 0.981481 0.041667 0.225926 0.583670 1920.000000 1080.000000
0 892 0.496354 0.981481 0.041667 0.225926 0.583670 1920.000000 1080.000000
0 893 0.496094 0.981481 0.042188 0.225926 0.583670 1920.000000 1080.000000
0 894 0.495833 0.982407 0.041667 0.225926 0.579590 1920.000000 1080.000000
0 895 0.495573 0.982407 0.042188 0.225926 0.579590 1920.000000 1080.000000
0 896 0.495312 0.983333 0.041667 0.225926 0.575510 1920.000000 1080.000000
0 897 0.495052 0.983333 0.042188 0.225926 0.575510 1920.000000 1080.000000
0 898 0.494531 0.983333 0.042188 0.225926 0.575510 1920.000000 1080.000000
0 899 0.494531 0.984259 0.042188 0.225926 0.571430 1920.000000 1080.000000
0 900 0.494010 0.984259 0.042188 0.225926 0.571430 1920.000000 1080.000000
0 901 0.494010 0.985185 0.042188 0.225926 0.567350 1920.000000 1080.000000
0 902 0.493490 0.985648 0.042188 0.225000 0.565570 1920.000000 1080.000000
0 903 0.493490 0.986111 0.042188 0.224074 0.563790 1920.000000 1080.000000
0 904 0.493229 0.986574 0.041667 0.223148 0.561980 1920.000000 1080.000000
0 905 0.492969 0.987037 0.042188 0.222222 0.560170 1920.000000 1080.000000
0 906 0.492969 0.987963 0.042188 0.222222 0.556020 1920.000000 1080.000000
0 907 0.492708 0.988426 0.041667 0.221296 0.554170 1920.000000 1080.000000
0 908 0.492448 0.988889 0.042188 0.220370 0.552300 1920.000000 1080.000000
0 909 0.492188 0.989352 0.041667 0.219444 0.550420 1920.000000 1080.000000
0 910 0.492188 0.989815 0.041667 0.218519 0.548520 1920.000000 1080.000000
0 911 0.492188 0.990741 0.041667 0.218519 0.544300 1920.000000 1080.000000
0 912 0.492188 0.990278 0.041667 0.217593 0.546610 1920.000000 1080.000000
0 913 0.492188 0.990278 0.041667 0.217593 0.546610 1920.000000 1080.000000
0 914 0.492188 0.990278 0.041667 0.217593 0.546610 1920.000000 1080.000000
0 915 0.492188 0.990278 0.041667 0.217593 0.546610 1920.000000 1080.000000
0 916 0.492188 0.990278 0.041667 0.217593 0.546610 1920.000000 1080.000000
0 917 0.492188 0.990278 0.041667 0.217593 0.546610 1920.000000 1080.000000
0 918 0.492188 0.990278 0.041667 0.217593 0.546610 1920.000000 1080.000000
0 919 0.492188 0.990278 0.041667 0.217593 0.546610 1920.000000 1080.000000
0 920 0.492188 0.990278 0.041667 0.217593 0.546610 1920.000000 1080.000000
0 921 0.492448 0.990278 0.042188 0.217593 0.546610 1920.000000 1080.000000
0 922 0.492448 0.989352 0.042188 0.217593 0.550850 1920.000000 1080.000000
0 923 0.492448 0.989352 0.042188 0.217593 0.550850 1920.000000 1080.000000
0 924 0.492708 0.989352 0.041667 0.217593 0.550850 1920.000000 1080.000000
0 925 0.492969 0.988426 0.042188 0.217593 0.555080 1920.000000 1080.000000
0 926 0.492969 0.988426 0.042188 0.217593 0.555080 1920.000000 1080.000000
0 927 0.493229 0.988426 0.041667 0.217593 0.555080 1920.000000 1080.000000
0 928 0.493490 0.987500 0.042188 0.217593 0.559320 1920.000000 1080.000000
0 929 0.493490 0.987500 0.042188 0.217593 0.559320 1920.000000 1080.000000
0 930 0.493750 0.987500 0.041667 0.217593 0.559320 1920.000000 1080.000000
0 931 0.494010 0.987500 0.042188 0.217593 0.559320 1920.000000 1080.000000
0 932 0.494010 0.986574 0.042188 0.217593 0.563560 1920.000000 1080.000000
0 933 0.494271 0.986574 0.041667 0.217593 0.563560 1920.000000 1080.000000
0 934 0.494271 0.986574 0.041667 0.217593 0.563560 1920.000000 1080.000000
0 935 0.494531 0.985648 0.042188 0.217593 0.567800 1920.000000 1080.000000
0 936 0.494792 0.985648 0.041667 0.217593 0.567800 1920.000000 1080.000000
0 937 0.494792 0.985648 0.041667 0.217593 0.567800 1920.000000 1080.000000
0 938 0.495052 0.984722 0.042188 0.217593 0.572030 1920.000000 1080.000000
0 939 0.495312 0.984722 0.041667 0.217593 0.572030 1920.000000 1080.000000
0 940 0.495312 0.984722 0.041667 0.217593 0.572030 1920.000000 1080.000000
0 941 0.495833 0.984722 0.041667 0.217593 0.572030 1920.000000 1080.000000
0 942 0.495833 0.983796 0.041667 0.219444 0.575630 1920.000000 1080.000000
0 943 0.496354 0.983796 0.041667 0.221296 0.575000 1920.000000 1080.000000
0 944 0.496875 0.982870 0.041667 0.223148 0.578510 1920.000000 1080.000000
0 945 0.497396 0.982870 0.041667 0.225000 0.577870 1920.000000 1080.000000
0 946 0.497917 0.982870 0.041667 0.226852 0.577240 1920.000000 1080.000000
0 947 0.498437 0.981944 0.041667 0.228704 0.580650 1920.000000 1080.000000
0 948 0.498958 0.981944 0.041667 0.230556 0.580000 1920.000000 1080.000000
0 949 0.499479 0.981019 0.041667 0.232407 0.583330 1920.000000 1080.000000
0 950 0.500000 0.981019 0.041667 0.234259 0.582680 1920.000000 1080.000000
0 951 0.500521 0.981019 0.041667 0.236111 0.582030 1920.000000 1080.000000
0 952 0.500521 0.981019 0.041667 0.236111 0.582030 1920.000000 1080.000000
0 953 0.501042 0.981019 0.041667 0.236111 0.582030 1920.000000 1080.000000
0 954 0.501042 0.981019 0.041667 0.236111 0.582030 1920.000000 1080.000000
0 955 0.501563 0.981019 0.041667 0.236111 0.582030 1920.000000 1080.000000
0 956 0.501823 0.981019 0.041146 0.236111 0.582030 1920.000000 1080.000000
0 957 0.502083 0.981019 0.041667 0.236111 0.582030 1920.000000 1080.000000
0 958 0.502344 0.981019 0.041146 0.236111 0.582030 1920.000000 1080.000000
0 959 0.502604 0.981019 0.041667 0.236111 0.582030 1920.000000 1080.000000
0 960 0.502865 0.981019 0.041146 0.236111 0.582030 1920.000000 1080.000000
0 961 0.503385 0.981019 0.041146 0.236111 0.582030 1920.000000 1080.000000
0 962 0.502865 0.981019 0.041146 0.236111 0.582030 1920.000000 1080.000000
0 963 0.502865 0.981019 0.041146 0.236111 0.582030 1920.000000 1080.000000
0 964 0.502604 0.981019 0.041667 0.236111 0.582030 1920.000000 1080.000000
0 965 0.502344 0.981019 0.041146 0.236111 0.582030 1920.000000 1080.000000
0 966 0.502344 0.981019 0.041146 0.236111 0.582030 1920.000000 1080.000000
0 967 0.502083 0.981019 0.041667 0.236111 0.582030 1920.000000 1080.000000
0 968 0.501823 0.981019 0.041146 0.236111 0.582030 1920.000000 1080.000000
0 969 0.501563 0.981019 0.041667 0.236111 0.582030 1920.000000 1080.000000
0 970 0.501563 0.981019 0.041667 0.236111 0.582030 1920.000000 1080.000000
0 971 0.501563 0.981481 0.041667 0.235185 0.580390 1920.000000 1080.000000
0 972 0.501042 0.981481 0.041667 0.235185 0.580390 1920.000000 1080.000000
0 973 0.501042 0.981481 0.041667 0.235185 0.580390 1920.000000 1080.000000
0 974 0.500521 0.981481 0.041667 0.235185 0.580390 1920.000000 1080.000000
0 975 0.500521 0.981481 0.041667 0.235185 0.580390 1920.000000 1080.000000
0 976 0.500260 0.981481 0.041146 0.235185 0.580390 1920.000000 1080.000000
0 977 0.500000 0.981481 0.041667 0.235185 0.580390 1920.000000 1080.000000
0 978 0.499740 0.981481 0.041146 0.235185 0.580390 1920.000000 1080.000000
0 979 0.499479 0.981481 0.041667 0.235185 0.580390 1920.000000 1080.000000
0 980 0.499219 0.981481 0.041146 0.235185 0.580390 1920.000000 1080.000000
0 981 0.499219 0.982407 0.041146 0.235185 0.576470 1920.000000 1080.000000
0 982 0.498437 0.982407 0.041667 0.235185 0.576470 1920.000000 1080.000000
0 983 0.497917 0.982870 0.041667 0.234259 0.574800 1920.000000 1080.000000
0 984 0.497396 0.983333 0.041667 0.233333 0.573120 1920.000000 1080.000000
0 985 0.496875 0.983333 0.041667 0.233333 0.573120 1920.000000 1080.000000
0 986 0.496354 0.983796 0.041667 0.232407 0.571430 1920.000000 1080.000000
0 987 0.495833 0.984259 0.041667 0.231481 0.569720 1920.000000 1080.000000
0 988 0.495312 0.984259 0.041667 0.231481 0.569720 1920.000000 1080.000000
0 989 0.494792 0.984722 0.041667 0.230556 0.568000 1920.000000 1080.000000
0 990 0.494271 0.985185 0.041667 0.229630 0.566270 1920.000000 1080.000000
0 991 0.493750 0.985648 0.041667 0.228704 0.564520 1920.000000 1080.000000
0 992 0.493229 0.985648 0.041667 0.228704 0.564520 1920.000000 1080.000000
0 993 0.492708 0.985648 0.041667 0.228704 0.564520 1920.000000 1080.000000
0 994 0.492188 0.986111 0.041667 0.227778 0.562750 1920.000000 1080.000000
0 995 0.491927 0.986111 0.041146 0.227778 0.562750 1920.000000 1080.000000
0 996 0.491667 0.986574 0.041667 0.226852 0.560980 1920.000000 1080.000000
0 997 0.491146 0.986574 0.041667 0.226852 0.560980 1920.000000 1080.000000
0 998 0.490885 0.986574 0.041146 0.226852 0.560980 1920.000000 1080.000000
0 999 0.490365 0.987037 0.041146 0.225926 0.559180 1920.000000 1080.000000
0 1000 0.489844 0.987037 0.041146 0.225926 0.559180 1920.000000 1080.000000
0 1001 0.489844 0.987500 0.041146 0.225000 0.557380 1920.000000 1080.000000
0 1002 0.489583 0.987500 0.041667 0.225000 0.557380 1920.000000 1080.000000
0 1003 0.489583 0.987500 0.041667 0.225000 0.557380 1920.000000 1080.000000
0 1004 0.489583 0.987963 0.041667 0.224074 0.555560 1920.000000 1080.000000
0 1005 0.489583 0.987963 0.041667 0.224074 0.555560 1920.000000 1080.000000
0 1006 0.489583 0.988426 0.041667 0.223148 0.553720 1920.000000 1080.000000
0 1007 0.489583 0.988426 0.041667 0.223148 0.553720 1920.000000 1080.000000
0 1008 0.489583 0.988426 0.041667 0.223148 0.553720 1920.000000 1080.000000
0 1009 0.489583 0.988889 0.041667 0.222222 0.551870 1920.000000 1080.000000
0 1010 0.489583 0.988889 0.041667 0.222222 0.551870 1920.000000 1080.000000
0 1011 0.489583 0.989352 0.041667 0.221296 0.550000 1920.000000 1080.000000
0 1012 0.489583 0.988426 0.041667 0.221296 0.554170 1920.000000 1080.000000
0 1013 0.489583 0.988426 0.041667 0.221296 0.554170 1920.000000 1080.000000
0 1014 0.489583 0.987500 0.041667 0.221296 0.558330 1920.000000 1080.000000
0 1015 0.489844 0.987500 0.041146 0.221296 0.558330 1920.000000 1080.000000
0 1016 0.490104 0.987500 0.041667 0.221296 0.558330 1920.000000 1080.000000
0 1017 0.490104 0.986574 0.041667 0.221296 0.562500 1920.000000 1080.000000
0 1018 0.490365 0.986574 0.041146 0.221296 0.562500 1920.000000 1080.000000
0 1019 0.490365 0.985648 0.041146 0.221296 0.566670 1920.000000 1080.000000
0 1020 0.490365 0.985648 0.041146 0.221296 0.566670 1920.000000 1080.000000
0 1021 0.490885 0.985648 0.041146 0.221296 0.566670 1920.000000 1080.000000
0 1022 0.490365 0.985185 0.041146 0.222222 0.568460 1920.000000 1080.000000
0 1023 0.489844 0.985185 0.041146 0.222222 0.568460 1920.000000 1080.000000
0 1024 0.489323 0.985648 0.041146 0.223148 0.566120 1920.000000 1080.000000
0 1025 0.488802 0.985648 0.041146 0.223148 0.566120 1920.000000 1080.000000
0 1026 0.488281 0.986111 0.041146 0.224074 0.563790 1920.000000 1080.000000
0 1027 0.487760 0.985648 0.041146 0.225000 0.565570 1920.000000 1080.000000
0 1028 0.487240 0.985648 0.041146 0.225000 0.565570 1920.000000 1080.000000
0 1029 0.486719 0.986111 0.041146 0.225926 0.563270 1920.000000 1080.000000
0 1030 0.486198 0.986111 0.041146 0.225926 0.563270 1920.000000 1080.000000
0 1031 0.485677 0.986574 0.041146 0.226852 0.560980 1920.000000 1080.000000
0 1032 0.484635 0.986111 0.041146 0.227778 0.562750 1920.000000 1080.000000
0 1033 0.484115 0.985648 0.041146 0.228704 0.564520 1920.000000 1080.000000
0 1034 0.483333 0.985185 0.040625 0.229630 0.566270 1920.000000 1080.000000
0 1035 0.482552 0.984722 0.041146 0.230556 0.568000 1920.000000 1080.000000
0 1036 0.482031 0.984259 0.041146 0.231481 0.569720 1920.000000 1080.000000
0 1037 0.481250 0.983796 0.040625 0.232407 0.571430 1920.000000 1080.000000
0 1038 0.480469 0.983333 0.041146 0.233333 0.573120 1920.000000 1080.000000
0 1039 0.479687 0.982870 0.040625 0.234259 0.574800 1920.000000 1080.000000
0 1040 0.479167 0.982407 0.040625 0.235185 0.576470 1920.000000 1080.000000
0 1041 0.478646 0.982407 0.040625 0.235185 0.576470 1920.000000 1080.000000
0 1042 0.477865 0.981481 0.040104 0.235185 0.580390 1920.000000 1080.000000
0 1043 0.477344 0.981481 0.040104 0.235185 0.580390 1920.000000 1080.000000
0 1044 0.477083 0.981481 0.039583 0.235185 0.580390 1920.000000 1080.000000
0 1045 0.476562 0.981481 0.039583 0.235185 0.580390 1920.000000 1080.000000
0 1046 0.476302 0.981019 0.039062 0.234259 0.582680 1920.000000 1080.000000
0 1047 0.475781 0.981019 0.039062 0.234259 0.582680 1920.000000 1080.000000
0 1048 0.475521 0.981019 0.038542 0.234259 0.582680 1920.000000 1080.000000
0 1049 0.475000 0.981019 0.038542 0.234259 0.582680 1920.000000 1080.000000
0 1050 0.474740 0.981019 0.038021 0.234259 0.582680 1920.000000 1080.000000
