0 983 0.237500 0.052778 0.026042 0.140741 0.084839 1920.000000 1080.000000
0 984 0.236979 0.052778 0.026042 0.140741 0.089196 1920.000000 1080.000000
0 985 0.236979 0.053704 0.026042 0.140741 0.110730 1920.000000 1080.000000
0 986 0.236719 0.054630 0.025521 0.140741 0.133330 1920.000000 1080.000000
0 987 0.236458 0.055556 0.026042 0.140741 0.136360 1920.000000 1080.000000
0 988 0.236198 0.056481 0.025521 0.140741 0.159080 1920.000000 1080.000000
0 989 0.236198 0.056944 0.025521 0.139815 0.165130 1920.000000 1080.000000
0 990 0.235677 0.057870 0.025521 0.139815 0.184740 1920.000000 1080.000000
0 991 0.235677 0.058796 0.025521 0.139815 0.206320 1920.000000 1080.000000
0 992 0.235417 0.059722 0.025000 0.139815 0.209180 1920.000000 1080.000000
0 993 0.235417 0.060648 0.025000 0.139815 0.349090 1920.000000 1080.000000
0 994 0.235417 0.060648 0.025000 0.139815 0.221800 1920.000000 1080.000000
0 995 0.235417 0.061574 0.025000 0.139815 0.352980 1920.000000 1080.000000
0 996 0.235417 0.062500 0.025000 0.139815 0.349360 1920.000000 1080.000000
0 997 0.235417 0.062500 0.025000 0.139815 0.347340 1920.000000 1080.000000
0 998 0.235417 0.063426 0.025000 0.139815 0.343850 1920.000000 1080.000000
0 999 0.235417 0.064352 0.025000 0.139815 0.348950 1920.000000 1080.000000
0 1000 0.235417 0.064352 0.025000 0.139815 0.353250 1920.000000 1080.000000
0 1001 0.235417 0.065278 0.025000 0.139815 0.346800 1920.000000 1080.000000
0 1002 0.235417 0.066204 0.025000 0.139815 0.361570 1920.000000 1080.000000
0 1003 0.235937 0.067130 0.025000 0.139815 0.349090 1920.000000 1080.000000
0 1004 0.235937 0.067130 0.025000 0.139815 0.363590 1920.000000 1080.000000
0 1005 0.236458 0.067130 0.025000 0.139815 0.239390 1920.000000 1080.000000
0 1006 0.236458 0.067130 0.025000 0.139815 0.247580 1920.000000 1080.000000
0 1007 0.236979 0.067130 0.025000 0.139815 0.259530 1920.000000 1080.000000
0 1008 0.237500 0.068056 0.025000 0.139815 0.276320 1920.000000 1080.000000
0 1009 0.237500 0.068056 0.025000 0.139815 0.283830 1920.000000 1080.000000
0 1010 0.238021 0.068056 0.025000 0.139815 0.286520 1920.000000 1080.000000
0 1011 0.238021 0.068056 0.025000 0.139815 0.300480 1920.000000 1080.000000
0 1012 0.238542 0.068056 0.025000 0.139815 0.302900 1920.000000 1080.000000
0 1013 0.239063 0.068981 0.025000 0.139815 0.314310 1920.000000 1080.000000
0 1014 0.239063 0.068981 0.025000 0.139815 0.311630 1920.000000 1080.000000
0 1015 0.239323 0.069907 0.024479 0.139815 0.328120 1920.000000 1080.000000
0 1016 0.239583 0.070833 0.025000 0.139815 0.323440 1920.000000 1080.000000
0 1017 0.239844 0.071759 0.024479 0.139815 0.330040 1920.000000 1080.000000
0 1018 0.240104 0.072685 0.025000 0.139815 0.384000 1920.000000 1080.000000
0 1019 0.240365 0.072685 0.024479 0.139815 0.388160 1920.000000 1080.000000
0 1020 0.240365 0.073611 0.024479 0.139815 0.391450 1920.000000 1080.000000
0 1021 0.240885 0.074537 0.024479 0.139815 0.389530 1920.000000 1080.000000
0 1022 0.240885 0.075463 0.024479 0.139815 0.382950 1920.000000 1080.000000
0 1023 0.241406 0.076389 0.024479 0.139815 0.377740 1920.000000 1080.000000
0 1024 0.241406 0.076389 0.024479 0.139815 0.336620 1920.000000 1080.000000
0 1025 0.241667 0.077315 0.025000 0.139815 0.338080 1920.000000 1080.000000
0 1026 0.242188 0.078241 0.025000 0.139815 0.339020 1920.000000 1080.000000
0 1027 0.242448 0.078704 0.025521 0.138889 0.336420 1920.000000 1080.000000
0 1028 0.242969 0.079630 0.025521 0.138889 0.337090 1920.000000 1080.000000
0 1029 0.242969 0.080093 0.025521 0.139815 0.338820 1920.000000 1080.000000
0 1030 0.243229 0.080556 0.026042 0.138889 0.327490 1920.000000 1080.000000
0 1031 0.243750 0.081481 0.026042 0.138889 0.322950 1920.000000 1080.000000
0 1032 0.244010 0.082407 0.026562 0.138889 0.310370 1920.000000 1080.000000
0 1033 0.244531 0.083333 0.026562 0.138889 0.306040 1920.000000 1080.000000
0 1034 0.245052 0.083796 0.026562 0.139815 0.305670 1920.000000 1080.000000
0 1035 0.245573 0.084722 0.026562 0.139815 0.301370 1920.000000 1080.000000
0 1036 0.246094 0.086111 0.026562 0.140741 0.295120 1920.000000 1080.000000
0 1037 0.246615 0.087037 0.026562 0.140741 0.289590 1920.000000 1080.000000
0 1038 0.247135 0.088426 0.026562 0.141667 0.283590 1920.000000 1080.000000
0 1039 0.247656 0.089352 0.026562 0.141667 0.279470 1920.000000 1080.000000
0 1040 0.248177 0.090741 0.026562 0.142593 0.267490 1920.000000 1080.000000
0 1041 0.248698 0.090741 0.026562 0.140741 0.273000 1920.000000 1080.000000
0 1042 0.249219 0.091204 0.026562 0.139815 0.269990 1920.000000 1080.000000
0 1043 0.250000 0.091667 0.027083 0.138889 0.267400 1920.000000 1080.000000
0 1044 0.250000 0.092593 0.027083 0.140741 0.260700 1920.000000 1080.000000
0 1045 0.250260 0.093519 0.026562 0.142593 0.258560 1920.000000 1080.000000
0 1046 0.250781 0.094907 0.026562 0.143519 0.253080 1920.000000 1080.000000
0 1047 0.250781 0.095833 0.026562 0.145370 0.246470 1920.000000 1080.000000
0 1048 0.251302 0.097222 0.026562 0.146296 0.241050 1920.000000 1080.000000
0 1049 0.251563 0.098148 0.026042 0.148148 0.238950 1920.000000 1080.000000
0 1050 0.252083 0.100000 0.026042 0.150000 0.232650 1920.000000 1080.000000
