0 847 0.431771 -0.043056 0.020833 0.112037 0.103560 1920.000000 1080.000000
0 848 0.431771 -0.043056 0.020833 0.112037 0.103560 1920.000000 1080.000000
0 849 0.431771 -0.042593 0.020833 0.112963 0.110050 1920.000000 1080.000000
0 850 0.431771 -0.042593 0.020833 0.112963 0.110050 1920.000000 1080.000000
0 851 0.431771 -0.042130 0.020833 0.113889 0.116440 1920.000000 1080.000000
0 852 0.431771 -0.042130 0.020833 0.113889 0.116440 1920.000000 1080.000000
0 853 0.431771 -0.041667 0.020833 0.114815 0.122730 1920.000000 1080.000000
0 854 0.431771 -0.041667 0.020833 0.114815 0.122730 1920.000000 1080.000000
0 855 0.431771 -0.041204 0.020833 0.115741 0.128920 1920.000000 1080.000000
0 856 0.431771 -0.041204 0.020833 0.115741 0.128920 1920.000000 1080.000000
0 857 0.432031 -0.040741 0.020313 0.116667 0.138390 1920.000000 1080.000000
0 858 0.432031 -0.040741 0.020313 0.116667 0.138390 1920.000000 1080.000000
0 859 0.432031 -0.040741 0.020313 0.116667 0.138390 1920.000000 1080.000000
0 860 0.432292 -0.040741 0.019792 0.116667 0.141930 1920.000000 1080.000000
0 861 0.432552 -0.040741 0.020313 0.116667 0.138390 1920.000000 1080.000000
0 862 0.432812 -0.040278 0.019792 0.117593 0.152240 1920.000000 1080.000000
0 863 0.432812 -0.040278 0.019792 0.117593 0.152240 1920.000000 1080.000000
0 864 0.433073 -0.040278 0.020313 0.117593 0.152340 1920.000000 1080.000000
0 865 0.433333 -0.040278 0.019792 0.117593 0.156250 1920.000000 1080.000000
0 866 0.433333 -0.040278 0.019792 0.117593 0.156250 1920.000000 1080.000000
0 867 0.433854 -0.039815 0.019792 0.118519 0.162790 1920.000000 1080.000000
0 868 0.433333 -0.039815 0.019792 0.118519 0.162790 1920.000000 1080.000000
0 869 0.433333 -0.039352 0.019792 0.119444 0.169230 1920.000000 1080.000000
0 870 0.433333 -0.039352 0.019792 0.119444 0.169230 1920.000000 1080.000000
0 871 0.433333 -0.038889 0.019792 0.120370 0.175570 1920.000000 1080.000000
0 872 0.433333 -0.038889 0.019792 0.120370 0.175570 1920.000000 1080.000000
0 873 0.432812 -0.038426 0.019792 0.121296 0.181820 1920.000000 1080.000000
0 874 0.432812 -0.038426 0.019792 0.121296 0.181820 1920.000000 1080.000000
0 875 0.432812 -0.037963 0.019792 0.122222 0.187970 1920.000000 1080.000000
0 876 0.432812 -0.037963 0.019792 0.122222 0.187970 1920.000000 1080.000000
0 877 0.432812 -0.037500 0.019792 0.123148 0.194030 1920.000000 1080.000000
0 878 0.432292 -0.037500 0.019792 0.123148 0.194030 1920.000000 1080.000000
0 879 0.432292 -0.036574 0.019792 0.123148 0.201490 1920.000000 1080.000000
0 880 0.432292 -0.036574 0.019792 0.123148 0.201490 1920.000000 1080.000000
0 881 0.432292 -0.035648 0.019792 0.123148 0.208960 1920.000000 1080.000000
0 882 0.432292 -0.035648 0.019792 0.123148 0.208960 1920.000000 1080.000000
0 883 0.432292 -0.034722 0.019792 0.123148 0.216420 1920.000000 1080.000000
0 884 0.432292 -0.034722 0.019792 0.123148 0.216420 1920.000000 1080.000000
0 885 0.432292 -0.033796 0.019792 0.123148 0.223880 1920.000000 1080.000000
0 886 0.432292 -0.033796 0.019792 0.123148 0.223880 1920.000000 1080.000000
0 887 0.432292 -0.032870 0.019792 0.123148 0.231340 1920.000000 1080.000000
0 888 0.432292 -0.032870 0.019792 0.123148 0.231340 1920.000000 1080.000000
0 889 0.432552 -0.032407 0.020313 0.124074 0.237040 1920.000000 1080.000000
0 890 0.432552 -0.032407 0.020313 0.124074 0.237040 1920.000000 1080.000000
0 891 0.432812 -0.031944 0.020833 0.125000 0.242650 1920.000000 1080.000000
0 892 0.432812 -0.031481 0.020833 0.125926 0.248180 1920.000000 1080.000000
0 893 0.433073 -0.031481 0.021354 0.125926 0.248180 1920.000000 1080.000000
0 894 0.433073 -0.031019 0.021354 0.126852 0.253620 1920.000000 1080.000000
0 895 0.433333 -0.031019 0.021875 0.126852 0.253620 1920.000000 1080.000000
0 896 0.433333 -0.030556 0.021875 0.127778 0.258990 1920.000000 1080.000000
0 897 0.433854 -0.030093 0.021875 0.128704 0.264290 1920.000000 1080.000000
0 898 0.433854 -0.030093 0.021875 0.128704 0.264290 1920.000000 1080.000000
0 899 0.433854 -0.030093 0.021875 0.128704 0.264290 1920.000000 1080.000000
0 900 0.434115 -0.030093 0.022396 0.128704 0.264290 1920.000000 1080.000000
0 901 0.434375 -0.029630 0.021875 0.129630 0.269500 1920.000000 1080.000000
0 902 0.434635 -0.029630 0.022396 0.129630 0.269500 1920.000000 1080.000000
0 903 0.434635 -0.029630 0.022396 0.129630 0.269500 1920.000000 1080.000000
0 904 0.434896 -0.029630 0.022917 0.129630 0.269500 1920.000000 1080.000000
0 905 0.435156 -0.029167 0.022396 0.130556 0.274650 1920.000000 1080.000000
0 906 0.435417 -0.029167 0.022917 0.130556 0.274650 1920.000000 1080.000000
0 907 0.435417 -0.029167 0.022917 0.130556 0.274650 1920.000000 1080.000000
0 908 0.435417 -0.029167 0.022917 0.130556 0.274650 1920.000000 1080.000000
0 909 0.435937 -0.028704 0.022917 0.131481 0.279720 1920.000000 1080.000000
0 910 0.435937 -0.028704 0.022917 0.131481 0.279720 1920.000000 1080.000000
0 911 0.436198 -0.028704 0.023438 0.131481 0.279720 1920.000000 1080.000000
0 912 0.436198 -0.028704 0.023438 0.131481 0.279720 1920.000000 1080.000000
0 913 0.436719 -0.028241 0.023438 0.132407 0.284720 1920.000000 1080.000000
0 914 0.436719 -0.028241 0.023438 0.132407 0.284720 1920.000000 1080.000000
0 915 0.436979 -0.028241 0.023958 0.132407 0.284720 1920.000000 1080.000000
0 916 0.436979 -0.028241 0.023958 0.132407 0.284720 1920.000000 1080.000000
0 917 0.437500 -0.027778 0.023958 0.133333 0.289660 1920.000000 1080.000000
0 918 0.437500 -0.027778 0.023958 0.133333 0.289660 1920.000000 1080.000000
0 919 0.437500 -0.027778 0.023958 0.133333 0.289660 1920.000000 1080.000000
0 920 0.437500 -0.027778 0.023958 0.133333 0.289660 1920.000000 1080.000000
0 921 0.437500 -0.026852 0.023958 0.133333 0.296550 1920.000000 1080.000000
0 922 0.437500 -0.026852 0.023958 0.133333 0.296550 1920.000000 1080.000000
0 923 0.437500 -0.026852 0.023958 0.133333 0.296550 1920.000000 1080.000000
0 924 0.437500 -0.025926 0.023958 0.133333 0.303450 1920.000000 1080.000000
0 925 0.437500 -0.025926 0.023958 0.133333 0.303450 1920.000000 1080.000000
0 926 0.437500 -0.025926 0.023958 0.133333 0.303450 1920.000000 1080.000000
0 927 0.437500 -0.025000 0.023958 0.133333 0.310340 1920.000000 1080.000000
0 928 0.437500 -0.025463 0.023958 0.134259 0.301660 1920.000000 1080.000000
0 929 0.437500 -0.025463 0.023958 0.136111 0.304200 1920.000000 1080.000000
0 930 0.437500 -0.025463 0.023958 0.137963 0.300000 1920.000000 1080.000000
0 931 0.437760 -0.025463 0.023438 0.137963 0.306520 1920.000000 1080.000000
0 932 0.437760 -0.025463 0.023438 0.139815 0.315790 1920.000000 1080.000000
0 933 0.437760 -0.025463 0.023438 0.141667 0.318180 1920.000000 1080.000000
0 934 0.438021 -0.025463 0.022917 0.141667 0.318180 1920.000000 1080.000000
0 935 0.438021 -0.025463 0.022917 0.143519 0.320510 1920.000000 1080.000000
0 936 0.438021 -0.025463 0.022917 0.145370 0.322780 1920.000000 1080.000000
0 937 0.438281 -0.025000 0.022396 0.146296 0.327040 1920.000000 1080.000000
0 938 0.438281 -0.025000 0.022396 0.146296 0.327040 1920.000000 1080.000000
0 939 0.438542 -0.025000 0.022917 0.146296 0.327040 1920.000000 1080.000000
0 940 0.438542 -0.025000 0.022917 0.146296 0.327040 1920.000000 1080.000000
0 941 0.439063 -0.024537 0.022917 0.147222 0.331250 1920.000000 1080.000000
0 942 0.439063 -0.024074 0.022917 0.146296 0.333330 1920.000000 1080.000000
0 943 0.439323 -0.024074 0.023438 0.146296 0.333330 1920.000000 1080.000000
0 944 0.439583 -0.023611 0.022917 0.147222 0.337500 1920.000000 1080.000000
0 945 0.439844 -0.023611 0.023438 0.147222 0.337500 1920.000000 1080.000000
0 946 0.439844 -0.023611 0.023438 0.147222 0.308150 1920.000000 1080.000000
0 947 0.440365 -0.022685 0.023438 0.147222 0.321330 1920.000000 1080.000000
0 948 0.440625 -0.022685 0.023958 0.147222 0.321810 1920.000000 1080.000000
0 949 0.441146 -0.022222 0.023958 0.146296 0.331190 1920.000000 1080.000000
0 950 0.441406 -0.021759 0.024479 0.147222 0.335420 1920.000000 1080.000000
0 951 0.441927 -0.021296 0.024479 0.146296 0.352200 1920.000000 1080.000000
0 952 0.442188 -0.020833 0.025000 0.147222 0.356250 1920.000000 1080.000000
0 953 0.442708 -0.020370 0.025000 0.146296 0.358490 1920.000000 1080.000000
0 954 0.442969 -0.020370 0.025521 0.146296 0.358490 1920.000000 1080.000000
0 955 0.443490 -0.019444 0.025521 0.146296 0.364780 1920.000000 1080.000000
0 956 0.443750 -0.019444 0.026042 0.146296 0.364780 1920.000000 1080.000000
0 957 0.444271 -0.018519 0.026042 0.146296 0.371070 1920.000000 1080.000000
0 958 0.444271 -0.018519 0.026042 0.146296 0.371070 1920.000000 1080.000000
0 959 0.444271 -0.018519 0.026042 0.146296 0.371070 1920.000000 1080.000000
0 960 0.444271 -0.017593 0.026042 0.146296 0.377360 1920.000000 1080.000000
0 961 0.444271 -0.017593 0.026042 0.146296 0.377360 1920.000000 1080.000000
0 962 0.444792 -0.016667 0.026042 0.146296 0.383650 1920.000000 1080.000000
0 963 0.444792 -0.016667 0.026042 0.146296 0.383650 1920.000000 1080.000000
0 964 0.444792 -0.016667 0.026042 0.146296 0.383650 1920.000000 1080.000000
0 965 0.444792 -0.015741 0.026042 0.146296 0.389940 1920.000000 1080.000000
0 966 0.444792 -0.015741 0.026042 0.146296 0.389940 1920.000000 1080.000000
0 967 0.445312 -0.014815 0.026042 0.146296 0.396230 1920.000000 1080.000000
0 968 0.445573 -0.014815 0.025521 0.146296 0.396230 1920.000000 1080.000000
0 969 0.446094 -0.013889 0.025521 0.146296 0.402520 1920.000000 1080.000000
0 970 0.446615 -0.013889 0.025521 0.146296 0.402520 1920.000000 1080.000000
0 971 0.446875 -0.012963 0.025000 0.146296 0.408810 1920.000000 1080.000000
0 972 0.447396 -0.012500 0.025000 0.145370 0.411390 1920.000000 1080.000000
0 973 0.447917 -0.012037 0.025000 0.146296 0.415090 1920.000000 1080.000000
0 974 0.448177 -0.011574 0.024479 0.145370 0.417720 1920.000000 1080.000000
0 975 0.448698 -0.011111 0.024479 0.146296 0.421380 1920.000000 1080.000000
0 976 0.449219 -0.010648 0.024479 0.145370 0.424050 1920.000000 1080.000000
0 977 0.450000 -0.009722 0.023958 0.145370 0.430380 1920.000000 1080.000000
0 978 0.450000 -0.009722 0.023958 0.145370 0.430380 1920.000000 1080.000000
0 979 0.450260 -0.009259 0.024479 0.146296 0.433960 1920.000000 1080.000000
0 980 0.450521 -0.009259 0.023958 0.146296 0.433960 1920.000000 1080.000000
0 981 0.450781 -0.008796 0.024479 0.147222 0.437500 1920.000000 1080.000000
0 982 0.451042 -0.007870 0.023958 0.147222 0.443750 1920.000000 1080.000000
0 983 0.451302 -0.007870 0.024479 0.147222 0.443750 1920.000000 1080.000000
0 984 0.451302 -0.007407 0.024479 0.148148 0.447200 1920.000000 1080.000000
0 985 0.451823 -0.007407 0.024479 0.148148 0.447200 1920.000000 1080.000000
0 986 0.451823 -0.006944 0.024479 0.149074 0.450620 1920.000000 1080.000000
0 987 0.452344 -0.006019 0.024479 0.149074 0.456790 1920.000000 1080.000000
0 988 0.452604 -0.006019 0.025000 0.149074 0.456790 1920.000000 1080.000000
0 989 0.453125 -0.005093 0.025000 0.149074 0.462960 1920.000000 1080.000000
0 990 0.453646 -0.004630 0.025000 0.148148 0.465840 1920.000000 1080.000000
0 991 0.453906 -0.004167 0.025521 0.149074 0.469140 1920.000000 1080.000000
0 992 0.454427 -0.003241 0.025521 0.149074 0.475310 1920.000000 1080.000000
0 993 0.454948 -0.002778 0.025521 0.148148 0.478260 1920.000000 1080.000000
0 994 0.455208 -0.002315 0.026042 0.149074 0.481480 1920.000000 1080.000000
0 995 0.455729 -0.001852 0.026042 0.148148 0.484470 1920.000000 1080.000000
0 996 0.456250 -0.000926 0.026042 0.148148 0.490680 1920.000000 1080.000000
0 997 0.456771 0.000000 0.026042 0.148148 0.496890 1920.000000 1080.000000
0 998 0.456771 0.000000 0.026042 0.148148 0.496890 1920.000000 1080.000000
0 999 0.456771 0.000000 0.026042 0.148148 0.496890 1920.000000 1080.000000
0 1000 0.456771 0.000000 0.026042 0.148148 0.496890 1920.000000 1080.000000
0 1001 0.456771 0.000000 0.026042 0.148148 0.496890 1920.000000 1080.000000
0 1002 0.456771 0.000000 0.026042 0.148148 0.496890 1920.000000 1080.000000
0 1003 0.456771 0.000000 0.026042 0.148148 0.496890 1920.000000 1080.000000
0 1004 0.456771 0.000000 0.026042 0.148148 0.496890 1920.000000 1080.000000
0 1005 0.456771 0.000000 0.026042 0.148148 0.496890 1920.000000 1080.000000
0 1006 0.456771 0.000000 0.026042 0.148148 0.496890 1920.000000 1080.000000
0 1007 0.457292 0.000000 0.026042 0.148148 0.496890 1920.000000 1080.000000
0 1008 0.457292 -0.000463 0.026042 0.147222 0.493750 1920.000000 1080.000000
0 1009 0.457552 -0.000463 0.026562 0.147222 0.493750 1920.000000 1080.000000
0 1010 0.457813 -0.000463 0.027083 0.147222 0.493750 1920.000000 1080.000000
0 1011 0.458073 -0.000463 0.027604 0.147222 0.493750 1920.000000 1080.000000
0 1012 0.458333 -0.000463 0.028125 0.147222 0.493750 1920.000000 1080.000000
0 1013 0.458594 -0.000463 0.028646 0.147222 0.493750 1920.000000 1080.000000
0 1014 0.458854 -0.000463 0.029167 0.147222 0.493750 1920.000000 1080.000000
0 1015 0.459115 -0.000463 0.029687 0.147222 0.493750 1920.000000 1080.000000
0 1016 0.459375 -0.000463 0.030208 0.147222 0.493750 1920.000000 1080.000000
0 1017 0.459635 -0.000463 0.030729 0.147222 0.493750 1920.000000 1080.000000
0 1018 0.459635 -0.000463 0.030729 0.147222 0.493750 1920.000000 1080.000000
0 1019 0.459635 -0.000463 0.030729 0.147222 0.493750 1920.000000 1080.000000
0 1020 0.459635 -0.000463 0.030729 0.147222 0.493750 1920.000000 1080.000000
0 1021 0.459896 0.000463 0.030208 0.147222 0.500000 1920.000000 1080.000000
0 1022 0.459896 0.000463 0.030208 0.147222 0.500000 1920.000000 1080.000000
0 1023 0.459896 0.000463 0.030208 0.147222 0.500000 1920.000000 1080.000000
0 1024 0.459896 0.000926 0.030208 0.146296 0.503140 1920.000000 1080.000000
0 1025 0.460156 0.001389 0.029687 0.147222 0.506250 1920.000000 1080.000000
0 1026 0.460156 0.001389 0.029687 0.147222 0.506250 1920.000000 1080.000000
0 1027 0.460156 0.001852 0.029687 0.146296 0.509430 1920.000000 1080.000000
0 1028 0.460156 0.001852 0.029687 0.146296 0.509430 1920.000000 1080.000000
0 1029 0.460417 0.002315 0.029167 0.147222 0.512500 1920.000000 1080.000000
0 1030 0.460417 0.002315 0.029167 0.147222 0.512500 1920.000000 1080.000000
0 1031 0.460417 0.002778 0.029167 0.146296 0.515720 1920.000000 1080.000000
0 1032 0.460417 0.002778 0.029167 0.146296 0.515720 1920.000000 1080.000000
0 1033 0.460677 0.003241 0.028646 0.147222 0.518750 1920.000000 1080.000000
0 1034 0.460677 0.003704 0.028646 0.146296 0.522010 1920.000000 1080.000000
0 1035 0.460677 0.003704 0.028646 0.146296 0.522010 1920.000000 1080.000000
0 1036 0.460677 0.003704 0.028646 0.146296 0.522010 1920.000000 1080.000000
0 1037 0.461198 0.004630 0.028646 0.146296 0.528300 1920.000000 1080.000000
0 1038 0.460677 0.004630 0.028646 0.146296 0.528300 1920.000000 1080.000000
0 1039 0.460156 0.004630 0.028646 0.146296 0.528300 1920.000000 1080.000000
0 1040 0.459635 0.004630 0.028646 0.146296 0.528300 1920.000000 1080.000000
0 1041 0.459375 0.005093 0.028125 0.147222 0.531250 1920.000000 1080.000000
0 1042 0.459115 0.005093 0.028646 0.147222 0.531250 1920.000000 1080.000000
0 1043 0.458594 0.005093 0.028646 0.147222 0.531250 1920.000000 1080.000000
0 1044 0.458333 0.005556 0.028125 0.148148 0.534160 1920.000000 1080.000000
0 1045 0.457813 0.005556 0.028125 0.148148 0.534160 1920.000000 1080.000000
0 1046 0.457292 0.005556 0.028125 0.148148 0.534160 1920.000000 1080.000000
0 1047 0.457292 0.006019 0.028125 0.149074 0.537040 1920.000000 1080.000000
0 1048 0.457031 0.003704 0.027604 0.148148 0.521740 1920.000000 1080.000000
0 1049 0.456771 0.001852 0.027083 0.148148 0.509320 1920.000000 1080.000000
0 1050 0.456771 0.000000 0.026042 0.148148 0.496890 1920.000000 1080.000000
