0 1 0.651823 0.055556 0.032813 0.137037 0.368710 1920.000000 1080.000000
0 2 0.651042 0.055093 0.033333 0.136111 0.353430 1920.000000 1080.000000
0 3 0.650781 0.055093 0.033854 0.136111 0.351970 1920.000000 1080.000000
0 4 0.650521 0.055093 0.034375 0.136111 0.350540 1920.000000 1080.000000
0 5 0.650000 0.055093 0.035417 0.136111 0.342150 1920.000000 1080.000000
0 6 0.649740 0.055093 0.035937 0.136111 0.333780 1920.000000 1080.000000
0 7 0.649479 0.054630 0.036458 0.135185 0.334290 1920.000000 1080.000000
0 8 0.648958 0.054630 0.037500 0.135185 0.326160 1920.000000 1080.000000
0 9 0.648698 0.054630 0.038021 0.135185 0.325060 1920.000000 1080.000000
0 10 0.648438 0.054630 0.038542 0.135185 0.323990 1920.000000 1080.000000
0 11 0.648177 0.054630 0.039062 0.135185 0.316330 1920.000000 1080.000000
0 12 0.647917 0.054167 0.039583 0.134259 0.310980 1920.000000 1080.000000
0 13 0.647917 0.054630 0.039583 0.133333 0.313120 1920.000000 1080.000000
0 14 0.647917 0.055093 0.039583 0.132407 0.315300 1920.000000 1080.000000
0 15 0.647917 0.055556 0.039583 0.131481 0.317500 1920.000000 1080.000000
0 16 0.648177 0.056019 0.040104 0.130556 0.320690 1920.000000 1080.000000
0 17 0.647917 0.056481 0.040625 0.129630 0.315740 1920.000000 1080.000000
0 18 0.647917 0.056944 0.040625 0.128704 0.317990 1920.000000 1080.000000
0 19 0.647917 0.057407 0.040625 0.127778 0.320280 1920.000000 1080.000000
0 20 0.647917 0.057870 0.040625 0.126852 0.322600 1920.000000 1080.000000
0 21 0.648177 0.058333 0.041146 0.125926 0.325910 1920.000000 1080.000000
0 22 0.647917 0.057870 0.040625 0.125000 0.313010 1920.000000 1080.000000
0 23 0.647917 0.057870 0.040625 0.125000 0.313010 1920.000000 1080.000000
0 24 0.647917 0.057870 0.040625 0.125000 0.299140 1920.000000 1080.000000
0 25 0.647917 0.057870 0.040625 0.125000 0.299140 1920.000000 1080.000000
0 26 0.648177 0.057870 0.040104 0.125000 0.290720 1920.000000 1080.000000
0 27 0.647917 0.057870 0.039583 0.125000 0.275210 1920.000000 1080.000000
0 28 0.647917 0.057870 0.039583 0.125000 0.275210 1920.000000 1080.000000
0 29 0.647917 0.057870 0.039583 0.125000 0.258790 1920.000000 1080.000000
0 30 0.647917 0.057870 0.039583 0.125000 0.258790 1920.000000 1080.000000
