0 1 0.761719 0.479167 0.007812 0.039815 0.340910 1920.000000 1080.000000
0 2 0.761979 0.473611 0.008333 0.037963 0.309520 1920.000000 1080.000000
0 3 0.762500 0.468981 0.008333 0.036111 0.325000 1920.000000 1080.000000
0 4 0.764323 0.467593 0.008854 0.037037 0.390240 1920.000000 1080.000000
0 5 0.764844 0.475463 0.009896 0.037963 0.442860 1920.000000 1080.000000
0 6 0.766146 0.485185 0.010417 0.038889 0.503880 1920.000000 1080.000000
0 7 0.766667 0.481019 0.011458 0.039815 0.430830 1920.000000 1080.000000
0 8 0.766667 0.487963 0.011458 0.038889 0.484330 1920.000000 1080.000000
0 9 0.767708 0.489352 0.012500 0.039815 0.618180 1920.000000 1080.000000
0 10 0.767448 0.500000 0.013021 0.038889 0.731660 1920.000000 1080.000000
0 11 0.767708 0.490278 0.014583 0.041667 0.745130 1920.000000 1080.000000
0 12 0.767708 0.493519 0.013542 0.040741 0.776130 1920.000000 1080.000000
0 13 0.769531 0.488889 0.013021 0.040741 0.781200 1920.000000 1080.000000
0 14 0.769271 0.486111 0.012500 0.040741 0.504890 1920.000000 1080.000000
0 15 0.770052 0.487037 0.011979 0.040741 0.333330 1920.000000 1080.000000
0 16 0.770833 0.487963 0.011458 0.040741 0.444440 1920.000000 1080.000000
0 17 0.771094 0.486111 0.010937 0.040741 0.466670 1920.000000 1080.000000
0 18 0.771875 0.486111 0.010417 0.040741 0.466670 1920.000000 1080.000000
0 19 0.771875 0.485648 0.009375 0.037963 0.404760 1920.000000 1080.000000
0 20 0.772396 0.484259 0.009375 0.038889 0.385560 1920.000000 1080.000000
0 21 0.771875 0.484722 0.009375 0.039815 0.263160 1920.000000 1080.000000
