0 569 0.999740 0.619907 0.026562 0.150926 0.365380 1920.000000 1080.000000
0 570 0.995573 0.619907 0.026562 0.150926 0.461540 1920.000000 1080.000000
0 571 0.991406 0.619907 0.026562 0.150926 0.557690 1920.000000 1080.000000
0 572 0.987500 0.619907 0.027083 0.150926 0.641510 1920.000000 1080.000000
0 573 0.983594 0.619907 0.027604 0.150926 0.629630 1920.000000 1080.000000
0 574 0.979688 0.619907 0.028125 0.150926 0.581820 1920.000000 1080.000000
0 575 0.975781 0.619907 0.028646 0.150926 0.535710 1920.000000 1080.000000
0 576 0.972135 0.620370 0.029687 0.151852 0.500000 1920.000000 1080.000000
0 577 0.968229 0.620370 0.030208 0.151852 0.491530 1920.000000 1080.000000
0 578 0.964323 0.620370 0.030729 0.151852 0.500000 1920.000000 1080.000000
0 579 0.960417 0.620370 0.031250 0.151852 0.508200 1920.000000 1080.000000
0 580 0.957031 0.621296 0.031771 0.151852 0.516130 1920.000000 1080.000000
0 581 0.953906 0.620833 0.030729 0.150926 0.500000 1920.000000 1080.000000
0 582 0.951302 0.620370 0.029687 0.150000 0.482760 1920.000000 1080.000000
0 583 0.948438 0.619907 0.029167 0.149074 0.473680 1920.000000 1080.000000
0 584 0.945573 0.619444 0.027604 0.148148 0.444440 1920.000000 1080.000000
0 585 0.942708 0.618981 0.027083 0.147222 0.490570 1920.000000 1080.000000
0 586 0.940104 0.618981 0.026042 0.145370 0.588240 1920.000000 1080.000000
0 587 0.939063 0.618519 0.027083 0.148148 0.622640 1920.000000 1080.000000
0 588 0.938281 0.618056 0.028646 0.150926 0.660710 1920.000000 1080.000000
0 589 0.937240 0.618056 0.029687 0.152778 0.741380 1920.000000 1080.000000
0 590 0.936458 0.617593 0.031250 0.155556 0.770490 1920.000000 1080.000000
0 591 0.935417 0.617130 0.032292 0.158333 1.000000 1920.000000 1080.000000
0 592 0.934896 0.617130 0.033333 0.160185 1.000000 1920.000000 1080.000000
0 593 0.934635 0.618056 0.034896 0.160185 1.000000 1920.000000 1080.000000
0 594 0.934635 0.618981 0.035937 0.160185 1.000000 1920.000000 1080.000000
0 595 0.934375 0.619907 0.037500 0.160185 0.972600 1920.000000 1080.000000
0 596 0.934635 0.620833 0.039062 0.160185 0.881580 1920.000000 1080.000000
0 597 0.938281 0.619907 0.040104 0.162037 0.884620 1920.000000 1080.000000
0 598 0.939323 0.619907 0.039062 0.163889 0.842110 1920.000000 1080.000000
0 599 0.940625 0.619907 0.037500 0.165741 0.808220 1920.000000 1080.000000
0 600 0.941927 0.620833 0.035937 0.167593 0.757140 1920.000000 1080.000000
0 601 0.944792 0.615741 0.032292 0.170370 0.777780 1920.000000 1080.000000
0 602 0.946094 0.615741 0.030729 0.172222 0.716670 1920.000000 1080.000000
0 603 0.947656 0.616204 0.029687 0.175000 0.672410 1920.000000 1080.000000
0 604 0.949479 0.616204 0.030208 0.173148 0.610170 1920.000000 1080.000000
0 605 0.951562 0.617130 0.030208 0.171296 0.610170 1920.000000 1080.000000
0 606 0.953906 0.617593 0.030729 0.170370 0.616670 1920.000000 1080.000000
0 607 0.955990 0.618519 0.030729 0.168519 0.565660 1920.000000 1080.000000
0 608 0.958333 0.619444 0.031250 0.166667 0.485460 1920.000000 1080.000000
0 609 0.960677 0.623611 0.031771 0.163889 0.392260 1920.000000 1080.000000
0 610 0.963021 0.628241 0.032292 0.162037 0.414860 1920.000000 1080.000000
0 611 0.966146 0.630556 0.032292 0.162963 0.441220 1920.000000 1080.000000
0 612 0.969531 0.633333 0.032813 0.162963 0.474130 1920.000000 1080.000000
0 613 0.971875 0.636574 0.032292 0.167593 0.569680 1920.000000 1080.000000
0 614 0.974479 0.639815 0.032292 0.172222 0.662340 1920.000000 1080.000000
0 615 0.976823 0.646296 0.031771 0.177778 0.839380 1920.000000 1080.000000
0 616 0.979427 0.652778 0.031771 0.183333 0.857590 1920.000000 1080.000000
0 617 0.982031 0.655093 0.031771 0.186111 0.838550 1920.000000 1080.000000
0 618 0.984896 0.657870 0.031250 0.187963 0.809230 1920.000000 1080.000000
0 619 0.987500 0.660185 0.031250 0.190741 0.617490 1920.000000 1080.000000
0 620 0.990625 0.662963 0.031250 0.192593 0.491250 1920.000000 1080.000000
0 621 0.993750 0.664815 0.031250 0.192593 0.188880 1920.000000 1080.000000
0 622 0.996875 0.667593 0.031250 0.192593 0.159620 1920.000000 1080.000000
0 623 1.000521 0.670370 0.031250 0.192593 0.127070 1920.000000 1080.000000
0 624 1.003646 0.673148 0.031250 0.192593 0.101660 1920.000000 1080.000000
