0 1 0.761198 0.509259 0.017188 0.072222 0.947130 1920.000000 1080.000000
0 2 0.762760 0.503241 0.017188 0.073148 0.975370 1920.000000 1080.000000
0 3 0.764583 0.499074 0.017708 0.072222 0.976850 1920.000000 1080.000000
0 4 0.766406 0.500463 0.016146 0.073148 1.000000 1920.000000 1080.000000
0 5 0.768750 0.508333 0.015625 0.074074 1.000000 1920.000000 1080.000000
0 6 0.771354 0.516667 0.015625 0.074074 1.000000 1920.000000 1080.000000
0 7 0.771615 0.509259 0.016146 0.074074 1.000000 1920.000000 1080.000000
0 8 0.773177 0.514352 0.016146 0.075000 1.000000 1920.000000 1080.000000
0 9 0.775000 0.520370 0.015625 0.075926 1.000000 1920.000000 1080.000000
0 10 0.777344 0.531481 0.016146 0.077778 1.000000 1920.000000 1080.000000
0 11 0.777604 0.519907 0.014583 0.078704 1.000000 1920.000000 1080.000000
0 12 0.778125 0.522222 0.014583 0.077778 1.000000 1920.000000 1080.000000
0 13 0.780729 0.519444 0.013542 0.077778 1.000000 1920.000000 1080.000000
0 14 0.782292 0.515278 0.014583 0.075000 1.000000 1920.000000 1080.000000
0 15 0.783854 0.518056 0.014583 0.075000 1.000000 1920.000000 1080.000000
0 16 0.785417 0.521759 0.014583 0.075000 1.000000 1920.000000 1080.000000
0 17 0.785417 0.518981 0.014583 0.075000 1.000000 1920.000000 1080.000000
0 18 0.789323 0.518519 0.016146 0.075926 1.000000 1920.000000 1080.000000
0 19 0.790885 0.518519 0.016146 0.075926 1.000000 1920.000000 1080.000000
0 20 0.792969 0.518519 0.016146 0.075926 1.000000 1920.000000 1080.000000
0 21 0.795052 0.518981 0.016146 0.075000 1.000000 1920.000000 1080.000000
0 22 0.797135 0.518981 0.016146 0.075000 1.000000 1920.000000 1080.000000
0 23 0.799219 0.519907 0.016146 0.075000 1.000000 1920.000000 1080.000000
0 24 0.800781 0.521296 0.016146 0.075926 1.000000 1920.000000 1080.000000
0 25 0.802865 0.523148 0.016146 0.075926 1.000000 1920.000000 1080.000000
0 26 0.804427 0.525000 0.016146 0.075926 1.000000 1920.000000 1080.000000
0 27 0.806510 0.526852 0.016146 0.075926 1.000000 1920.000000 1080.000000
0 28 0.807813 0.530556 0.016667 0.075926 1.000000 1920.000000 1080.000000
0 29 0.809635 0.534722 0.017188 0.075000 1.000000 1920.000000 1080.000000
0 30 0.810937 0.536574 0.016667 0.075000 1.000000 1920.000000 1080.000000
0 31 0.812500 0.538426 0.016667 0.075000 1.000000 1920.000000 1080.000000
0 32 0.814323 0.540741 0.016146 0.075926 1.000000 1920.000000 1080.000000
0 33 0.817187 0.529630 0.015625 0.075926 1.000000 1920.000000 1080.000000
0 34 0.819271 0.526852 0.015625 0.075926 1.000000 1920.000000 1080.000000
0 35 0.821354 0.524537 0.015625 0.076852 1.000000 1920.000000 1080.000000
0 36 0.823698 0.522222 0.016146 0.077778 1.000000 1920.000000 1080.000000
0 37 0.825781 0.519907 0.016146 0.078704 1.000000 1920.000000 1080.000000
0 38 0.828385 0.518056 0.016146 0.078704 1.000000 1920.000000 1080.000000
0 39 0.830729 0.519444 0.016667 0.079630 1.000000 1920.000000 1080.000000
0 40 0.833333 0.520833 0.016667 0.080556 1.000000 1920.000000 1080.000000
0 41 0.836198 0.522222 0.017188 0.081481 1.000000 1920.000000 1080.000000
0 42 0.838802 0.523611 0.017188 0.082407 1.000000 1920.000000 1080.000000
0 43 0.841406 0.525000 0.017188 0.083333 1.000000 1920.000000 1080.000000
0 44 0.844271 0.526852 0.017708 0.083333 1.000000 1920.000000 1080.000000
0 45 0.846354 0.528704 0.017708 0.083333 1.000000 1920.000000 1080.000000
0 46 0.848437 0.530556 0.017708 0.083333 1.000000 1920.000000 1080.000000
0 47 0.851042 0.532407 0.017708 0.083333 1.000000 1920.000000 1080.000000
0 48 0.853125 0.534259 0.017708 0.083333 1.000000 1920.000000 1080.000000
0 49 0.855729 0.536574 0.017708 0.084259 1.000000 1920.000000 1080.000000
0 50 0.858333 0.536574 0.017708 0.084259 1.000000 1920.000000 1080.000000
0 51 0.860938 0.536574 0.017708 0.084259 1.000000 1920.000000 1080.000000
0 52 0.863021 0.535648 0.017708 0.084259 1.000000 1920.000000 1080.000000
0 53 0.865365 0.535648 0.018229 0.084259 1.000000 1920.000000 1080.000000
0 54 0.867708 0.534722 0.018750 0.084259 1.000000 1920.000000 1080.000000
0 55 0.870052 0.534722 0.019271 0.084259 1.000000 1920.000000 1080.000000
0 56 0.872135 0.534722 0.019271 0.084259 1.000000 1920.000000 1080.000000
0 57 0.874479 0.533796 0.019792 0.084259 1.000000 1920.000000 1080.000000
0 58 0.876823 0.533796 0.020313 0.084259 1.000000 1920.000000 1080.000000
0 59 0.879167 0.533796 0.020833 0.084259 1.000000 1920.000000 1080.000000
0 60 0.880469 0.534259 0.020313 0.087037 1.000000 1920.000000 1080.000000
0 61 0.882552 0.534259 0.020313 0.087037 1.000000 1920.000000 1080.000000
0 62 0.884635 0.534722 0.020313 0.087963 1.000000 1920.000000 1080.000000
0 63 0.886719 0.535185 0.020313 0.088889 1.000000 1920.000000 1080.000000
0 64 0.888802 0.535185 0.020313 0.088889 1.000000 1920.000000 1080.000000
0 65 0.890885 0.535648 0.020313 0.089815 1.000000 1920.000000 1080.000000
0 66 0.892969 0.536111 0.020313 0.090741 1.000000 1920.000000 1080.000000
0 67 0.895312 0.537037 0.019792 0.090741 1.000000 1920.000000 1080.000000
0 68 0.895833 0.536574 0.019792 0.091667 1.000000 1920.000000 1080.000000
0 69 0.896354 0.536574 0.019792 0.091667 1.000000 1920.000000 1080.000000
0 70 0.896875 0.536111 0.019792 0.092593 1.000000 1920.000000 1080.000000
0 71 0.897396 0.536111 0.019792 0.092593 1.000000 1920.000000 1080.000000
0 72 0.898177 0.536111 0.019271 0.092593 1.000000 1920.000000 1080.000000
0 73 0.898698 0.536111 0.019271 0.092593 1.000000 1920.000000 1080.000000
0 74 0.899219 0.536111 0.019271 0.092593 1.000000 1920.000000 1080.000000
0 75 0.899740 0.537037 0.019271 0.092593 1.000000 1920.000000 1080.000000
0 76 0.900260 0.537037 0.019271 0.092593 1.000000 1920.000000 1080.000000
0 77 0.900781 0.537037 0.019271 0.092593 0.985670 1920.000000 1080.000000
0 78 0.901302 0.537963 0.019271 0.092593 0.957010 1920.000000 1080.000000
0 79 0.901823 0.537963 0.019271 0.092593 0.914020 1920.000000 1080.000000
0 80 0.902344 0.537963 0.019271 0.092593 0.887440 1920.000000 1080.000000
0 81 0.902865 0.538889 0.019271 0.092593 0.856700 1920.000000 1080.000000
0 82 0.901823 0.538889 0.019271 0.092593 0.774880 1920.000000 1080.000000
0 83 0.901302 0.538889 0.019271 0.092593 0.718600 1920.000000 1080.000000
0 84 0.900781 0.539815 0.019271 0.092593 0.648250 1920.000000 1080.000000
0 85 0.900260 0.539815 0.019271 0.092593 0.607090 1920.000000 1080.000000
0 86 0.899740 0.539815 0.019271 0.092593 0.570090 1920.000000 1080.000000
0 87 0.899219 0.540741 0.019271 0.092593 0.527620 1920.000000 1080.000000
0 88 0.898698 0.540741 0.019271 0.092593 0.544550 1920.000000 1080.000000
0 89 0.898177 0.541667 0.019271 0.092593 0.554460 1920.000000 1080.000000
0 90 0.897135 0.542593 0.019271 0.092593 0.564360 1920.000000 1080.000000
0 91 0.896354 0.544444 0.019792 0.092593 0.574260 1920.000000 1080.000000
0 92 0.895312 0.545833 0.019792 0.093519 0.578430 1920.000000 1080.000000
0 93 0.894792 0.547685 0.019792 0.093519 0.578430 1920.000000 1080.000000
0 94 0.893750 0.549074 0.019792 0.094444 0.582520 1920.000000 1080.000000
0 95 0.892969 0.550926 0.020313 0.094444 0.553880 1920.000000 1080.000000
0 96 0.891927 0.552315 0.020313 0.093519 0.550740 1920.000000 1080.000000
0 97 0.891406 0.553704 0.020313 0.094444 0.578880 1920.000000 1080.000000
0 98 0.890365 0.555556 0.020313 0.094444 0.615050 1920.000000 1080.000000
0 99 0.889583 0.556944 0.020833 0.095370 0.645400 1920.000000 1080.000000
0 100 0.888542 0.558796 0.020833 0.095370 0.682930 1920.000000 1080.000000
0 101 0.888021 0.560648 0.020833 0.095370 0.727020 1920.000000 1080.000000
0 102 0.886458 0.559722 0.019792 0.097222 0.770920 1920.000000 1080.000000
0 103 0.885417 0.558796 0.018750 0.099074 0.810810 1920.000000 1080.000000
0 104 0.884375 0.557870 0.017708 0.100926 0.840000 1920.000000 1080.000000
0 105 0.882812 0.557870 0.017708 0.100926 0.812990 1920.000000 1080.000000
0 106 0.881250 0.557870 0.017708 0.100926 0.772990 1920.000000 1080.000000
0 107 0.879948 0.558333 0.018229 0.101852 0.758260 1920.000000 1080.000000
0 108 0.878385 0.558333 0.018229 0.101852 0.729480 1920.000000 1080.000000
0 109 0.876823 0.558333 0.018229 0.101852 0.694190 1920.000000 1080.000000
0 110 0.875781 0.558796 0.018229 0.102778 0.678570 1920.000000 1080.000000
0 111 0.874219 0.558796 0.018229 0.102778 0.604170 1920.000000 1080.000000
0 112 0.872917 0.559722 0.018750 0.102778 0.567570 1920.000000 1080.000000
0 113 0.871354 0.559722 0.018750 0.102778 0.501930 1920.000000 1080.000000
0 114 0.869792 0.559722 0.018750 0.102778 0.432430 1920.000000 1080.000000
0 115 0.868750 0.560185 0.018750 0.103704 0.419760 1920.000000 1080.000000
0 116 0.867188 0.560185 0.018750 0.103704 0.388660 1920.000000 1080.000000
0 117 0.865625 0.560185 0.018750 0.103704 0.342020 1920.000000 1080.000000
0 118 0.864323 0.560648 0.019271 0.104630 0.319940 1920.000000 1080.000000
0 119 0.862760 0.560648 0.019271 0.104630 0.335180 1920.000000 1080.000000
0 120 0.861719 0.561574 0.019271 0.104630 0.324790 1920.000000 1080.000000
0 121 0.860156 0.560648 0.020313 0.104630 0.327850 1920.000000 1080.000000
0 122 0.858854 0.560648 0.021875 0.104630 0.344760 1920.000000 1080.000000
0 123 0.857552 0.560648 0.022396 0.104630 0.344500 1920.000000 1080.000000
0 124 0.856250 0.559722 0.023958 0.104630 0.347140 1920.000000 1080.000000
0 125 0.854688 0.559722 0.025000 0.104630 0.349450 1920.000000 1080.000000
0 126 0.853646 0.559722 0.026042 0.104630 0.340560 1920.000000 1080.000000
0 127 0.851302 0.559722 0.025521 0.104630 0.341580 1920.000000 1080.000000
0 128 0.849219 0.559722 0.025521 0.104630 0.341580 1920.000000 1080.000000
0 129 0.847396 0.560185 0.025000 0.105556 0.324580 1920.000000 1080.000000
0 130 0.845313 0.560185 0.025000 0.105556 0.370010 1920.000000 1080.000000
0 131 0.843490 0.560185 0.024479 0.105556 0.424280 1920.000000 1080.000000
0 132 0.841406 0.560648 0.024479 0.106481 0.494250 1920.000000 1080.000000
0 133 0.839323 0.560648 0.024479 0.106481 0.571840 1920.000000 1080.000000
0 134 0.837240 0.560648 0.023438 0.106481 0.634180 1920.000000 1080.000000
0 135 0.835156 0.561111 0.023438 0.107407 0.671310 1920.000000 1080.000000
0 136 0.833333 0.561111 0.022917 0.107407 0.693830 1920.000000 1080.000000
0 137 0.831250 0.561111 0.022917 0.107407 0.736750 1920.000000 1080.000000
0 138 0.829167 0.561574 0.022917 0.108333 0.771000 1920.000000 1080.000000
0 139 0.827344 0.561574 0.022396 0.108333 0.799690 1920.000000 1080.000000
0 140 0.825260 0.561574 0.022396 0.108333 0.834750 1920.000000 1080.000000
0 141 0.823438 0.562037 0.021875 0.109259 0.882160 1920.000000 1080.000000
0 142 0.821354 0.562037 0.021875 0.109259 0.920270 1920.000000 1080.000000
0 143 0.819531 0.562037 0.022396 0.109259 0.960470 1920.000000 1080.000000
0 144 0.817708 0.562500 0.021875 0.110185 1.000000 1920.000000 1080.000000
0 145 0.815885 0.562500 0.022396 0.110185 1.000000 1920.000000 1080.000000
0 146 0.814323 0.563426 0.022396 0.110185 1.000000 1920.000000 1080.000000
0 147 0.811198 0.563889 0.024479 0.109259 1.000000 1920.000000 1080.000000
0 148 0.808073 0.565278 0.026562 0.108333 1.000000 1920.000000 1080.000000
0 149 0.805208 0.566667 0.028125 0.107407 1.000000 1920.000000 1080.000000
0 150 0.801823 0.567130 0.027604 0.104630 1.000000 1920.000000 1080.000000
0 151 0.799219 0.565741 0.026562 0.105556 1.000000 1920.000000 1080.000000
0 152 0.796875 0.564815 0.026042 0.107407 1.000000 1920.000000 1080.000000
0 153 0.794531 0.564352 0.025521 0.108333 1.000000 1920.000000 1080.000000
0 154 0.791927 0.562963 0.024479 0.109259 1.000000 1920.000000 1080.000000
0 155 0.789583 0.562037 0.023958 0.111111 1.000000 1920.000000 1080.000000
0 156 0.787240 0.561574 0.023438 0.112037 1.000000 1920.000000 1080.000000
0 157 0.784115 0.561574 0.023438 0.112037 1.000000 1920.000000 1080.000000
0 158 0.781510 0.562037 0.023438 0.112963 1.000000 1920.000000 1080.000000
0 159 0.778385 0.562500 0.023438 0.112037 1.000000 1920.000000 1080.000000
0 160 0.775781 0.562963 0.023438 0.112963 1.000000 1920.000000 1080.000000
0 161 0.772656 0.562963 0.023438 0.112963 1.000000 1920.000000 1080.000000
0 162 0.770052 0.563889 0.023438 0.112963 1.000000 1920.000000 1080.000000
0 163 0.766667 0.562963 0.022917 0.111111 1.000000 1920.000000 1080.000000
0 164 0.764062 0.562500 0.022917 0.110185 1.000000 1920.000000 1080.000000
0 165 0.761979 0.562500 0.022917 0.110185 1.000000 1920.000000 1080.000000
0 166 0.759635 0.561574 0.022396 0.110185 1.000000 1920.000000 1080.000000
0 167 0.757812 0.560648 0.021875 0.110185 1.000000 1920.000000 1080.000000
0 168 0.755729 0.559722 0.020833 0.110185 1.000000 1920.000000 1080.000000
0 169 0.753906 0.559259 0.020313 0.111111 1.000000 1920.000000 1080.000000
0 170 0.751563 0.558796 0.020833 0.112037 1.000000 1920.000000 1080.000000
0 171 0.749219 0.558333 0.021354 0.112963 1.000000 1920.000000 1080.000000
0 172 0.746875 0.557870 0.021875 0.113889 1.000000 1920.000000 1080.000000
0 173 0.744792 0.557870 0.022917 0.113889 1.000000 1920.000000 1080.000000
0 174 0.741146 0.557870 0.025000 0.112037 1.000000 1920.000000 1080.000000
0 175 0.737760 0.558333 0.026562 0.109259 1.000000 1920.000000 1080.000000
0 176 0.736198 0.560185 0.026562 0.105556 1.000000 1920.000000 1080.000000
0 177 0.735156 0.560185 0.026562 0.107407 1.000000 1920.000000 1080.000000
0 178 0.733594 0.560185 0.026562 0.107407 1.000000 1920.000000 1080.000000
0 179 0.732292 0.560648 0.026042 0.108333 1.000000 1920.000000 1080.000000
0 180 0.731250 0.561111 0.026042 0.109259 1.000000 1920.000000 1080.000000
0 181 0.729948 0.561574 0.025521 0.110185 1.000000 1920.000000 1080.000000
0 182 0.728385 0.562037 0.025521 0.111111 1.000000 1920.000000 1080.000000
0 183 0.727344 0.562500 0.025521 0.112037 1.000000 1920.000000 1080.000000
0 184 0.726042 0.562963 0.025000 0.112963 1.000000 1920.000000 1080.000000
0 185 0.725000 0.563889 0.025000 0.112963 1.000000 1920.000000 1080.000000
0 186 0.723698 0.562963 0.025521 0.112963 1.000000 1920.000000 1080.000000
0 187 0.722656 0.562963 0.025521 0.112963 1.000000 1920.000000 1080.000000
0 188 0.721615 0.562963 0.025521 0.112963 1.000000 1920.000000 1080.000000
0 189 0.720313 0.562037 0.026042 0.112963 1.000000 1920.000000 1080.000000
0 190 0.719271 0.562037 0.026042 0.112963 1.000000 1920.000000 1080.000000
0 191 0.718229 0.562037 0.026042 0.112963 1.000000 1920.000000 1080.000000
0 192 0.717187 0.562037 0.026042 0.112963 1.000000 1920.000000 1080.000000
0 193 0.715625 0.562963 0.026042 0.112963 1.000000 1920.000000 1080.000000
0 194 0.714583 0.564352 0.026042 0.113889 1.000000 1920.000000 1080.000000
0 195 0.713802 0.563889 0.025521 0.114815 1.000000 1920.000000 1080.000000
0 196 0.713281 0.563426 0.025521 0.115741 1.000000 1920.000000 1080.000000
0 197 0.712500 0.562963 0.025000 0.116667 1.000000 1920.000000 1080.000000
0 198 0.711979 0.562963 0.025000 0.116667 1.000000 1920.000000 1080.000000
0 199 0.711198 0.562500 0.024479 0.117593 1.000000 1920.000000 1080.000000
0 200 0.710677 0.562037 0.024479 0.118519 1.000000 1920.000000 1080.000000
0 201 0.710417 0.562500 0.023958 0.119444 1.000000 1920.000000 1080.000000
0 202 0.709896 0.564815 0.023958 0.116667 1.000000 1920.000000 1080.000000
0 203 0.708854 0.566204 0.023958 0.121296 1.000000 1920.000000 1080.000000
0 204 0.708594 0.566667 0.024479 0.120370 1.000000 1920.000000 1080.000000
0 205 0.708333 0.567130 0.025000 0.119444 1.000000 1920.000000 1080.000000
0 206 0.708333 0.568519 0.026042 0.118519 1.000000 1920.000000 1080.000000
0 207 0.707812 0.568519 0.026042 0.118519 1.000000 1920.000000 1080.000000
0 208 0.707292 0.568981 0.026042 0.119444 1.000000 1920.000000 1080.000000
0 209 0.707292 0.569444 0.026042 0.120370 1.000000 1920.000000 1080.000000
0 210 0.706771 0.569907 0.026042 0.119444 1.000000 1920.000000 1080.000000
0 211 0.706771 0.570370 0.026042 0.120370 1.000000 1920.000000 1080.000000
0 212 0.706250 0.570833 0.026042 0.121296 1.000000 1920.000000 1080.000000
0 213 0.706250 0.571759 0.026042 0.121296 1.000000 1920.000000 1080.000000
0 214 0.706771 0.571759 0.026042 0.121296 1.000000 1920.000000 1080.000000
0 215 0.707552 0.572222 0.025521 0.122222 1.000000 1920.000000 1080.000000
0 216 0.708333 0.573148 0.026042 0.122222 1.000000 1920.000000 1080.000000
0 217 0.709115 0.573611 0.025521 0.123148 1.000000 1920.000000 1080.000000
0 218 0.710156 0.574537 0.025521 0.123148 1.000000 1920.000000 1080.000000
0 219 0.710677 0.574074 0.025521 0.124074 1.000000 1920.000000 1080.000000
0 220 0.711198 0.573611 0.025521 0.125000 1.000000 1920.000000 1080.000000
0 221 0.711979 0.573148 0.026042 0.125926 1.000000 1920.000000 1080.000000
0 222 0.713021 0.573148 0.026042 0.125926 1.000000 1920.000000 1080.000000
0 223 0.714063 0.573611 0.026042 0.126852 1.000000 1920.000000 1080.000000
0 224 0.715365 0.574537 0.026562 0.126852 1.000000 1920.000000 1080.000000
0 225 0.716406 0.575000 0.026562 0.127778 1.000000 1920.000000 1080.000000
0 226 0.717448 0.575463 0.026562 0.126852 1.000000 1920.000000 1080.000000
0 227 0.719010 0.575926 0.026562 0.127778 1.000000 1920.000000 1080.000000
0 228 0.720052 0.576389 0.026562 0.128704 1.000000 1920.000000 1080.000000
0 229 0.721094 0.577315 0.026562 0.128704 1.000000 1920.000000 1080.000000
0 230 0.722396 0.577315 0.027083 0.128704 1.000000 1920.000000 1080.000000
0 231 0.723437 0.578241 0.027083 0.128704 1.000000 1920.000000 1080.000000
0 232 0.724479 0.578704 0.027083 0.129630 1.000000 1920.000000 1080.000000
0 233 0.726042 0.579630 0.027083 0.129630 1.000000 1920.000000 1080.000000
0 234 0.727083 0.575926 0.027083 0.129630 1.000000 1920.000000 1080.000000
0 235 0.728646 0.575000 0.027083 0.131481 1.000000 1920.000000 1080.000000
0 236 0.730469 0.575000 0.027604 0.133333 1.000000 1920.000000 1080.000000
0 237 0.731771 0.573611 0.027083 0.132407 1.000000 1920.000000 1080.000000
0 238 0.733333 0.572685 0.026042 0.130556 1.000000 1920.000000 1080.000000
0 239 0.735156 0.572222 0.025521 0.129630 1.000000 1920.000000 1080.000000
0 240 0.737760 0.572685 0.025521 0.130556 1.000000 1920.000000 1080.000000
0 241 0.740625 0.573148 0.026042 0.131481 1.000000 1920.000000 1080.000000
0 242 0.743229 0.573611 0.026042 0.132407 1.000000 1920.000000 1080.000000
0 243 0.746094 0.574537 0.026562 0.134259 1.000000 1920.000000 1080.000000
0 244 0.748177 0.576389 0.024479 0.136111 1.000000 1920.000000 1080.000000
0 245 0.750521 0.578704 0.022917 0.138889 1.000000 1920.000000 1080.000000
0 246 0.753646 0.578704 0.023958 0.138889 1.000000 1920.000000 1080.000000
0 247 0.757031 0.578704 0.024479 0.138889 1.000000 1920.000000 1080.000000
0 248 0.759635 0.579630 0.023438 0.140741 1.000000 1920.000000 1080.000000
0 249 0.762500 0.581019 0.022917 0.141667 1.000000 1920.000000 1080.000000
0 250 0.766146 0.579167 0.023958 0.145370 1.000000 1920.000000 1080.000000
0 251 0.769792 0.577315 0.025000 0.149074 1.000000 1920.000000 1080.000000
0 252 0.774740 0.574537 0.025521 0.149074 1.000000 1920.000000 1080.000000
0 253 0.778125 0.575000 0.025000 0.146296 1.000000 1920.000000 1080.000000
0 254 0.780990 0.575000 0.025521 0.146296 1.000000 1920.000000 1080.000000
0 255 0.784115 0.575463 0.025521 0.147222 0.923500 1920.000000 1080.000000
0 256 0.787240 0.576389 0.025521 0.147222 0.919500 1920.000000 1080.000000
0 257 0.792708 0.574537 0.025000 0.141667 0.922080 1920.000000 1080.000000
0 258 0.796615 0.573611 0.029687 0.143519 0.923080 1920.000000 1080.000000
0 259 0.798958 0.573148 0.034375 0.146296 0.924530 1920.000000 1080.000000
0 260 0.802604 0.573148 0.037500 0.148148 0.900620 1920.000000 1080.000000
0 261 0.806250 0.573148 0.041667 0.150000 0.861620 1920.000000 1080.000000
0 262 0.811198 0.574537 0.042188 0.150926 0.842280 1920.000000 1080.000000
0 263 0.817187 0.579167 0.042708 0.150926 0.805470 1920.000000 1080.000000
0 264 0.821615 0.580093 0.044271 0.150926 0.694700 1920.000000 1080.000000
0 265 0.826042 0.581019 0.045833 0.150926 0.596330 1920.000000 1080.000000
0 266 0.833333 0.583796 0.045833 0.150926 0.568370 1920.000000 1080.000000
0 267 0.838542 0.585648 0.042708 0.150926 0.523360 1920.000000 1080.000000
0 268 0.840885 0.583796 0.042188 0.156481 0.353800 1920.000000 1080.000000
0 269 0.843229 0.583333 0.050000 0.164815 0.361170 1920.000000 1080.000000
0 270 0.847656 0.585185 0.050521 0.164815 0.280700 1920.000000 1080.000000
0 271 0.852344 0.584259 0.042188 0.164815 0.130670 1920.000000 1080.000000
0 272 0.857031 0.582870 0.031771 0.163889 0.168090 1920.000000 1080.000000
0 273 0.864323 0.582870 0.031771 0.163889 0.181040 1920.000000 1080.000000
0 274 0.870573 0.585648 0.031771 0.163889 0.193190 1920.000000 1080.000000
0 275 0.873958 0.586574 0.032292 0.163889 0.255040 1920.000000 1080.000000
0 276 0.877604 0.587963 0.033333 0.164815 0.328580 1920.000000 1080.000000
0 277 0.882292 0.590741 0.033333 0.164815 0.412810 1920.000000 1080.000000
0 278 0.890104 0.585648 0.034375 0.163889 0.440970 1920.000000 1080.000000
0 279 0.893750 0.592130 0.033333 0.173148 0.506790 1920.000000 1080.000000
0 280 0.905208 0.594907 0.033333 0.173148 0.452050 1920.000000 1080.000000
0 281 0.910937 0.592130 0.033333 0.173148 0.528640 1920.000000 1080.000000
0 282 0.914583 0.593981 0.033333 0.173148 0.621520 1920.000000 1080.000000
0 283 0.921094 0.592593 0.034896 0.172222 0.745200 1920.000000 1080.000000
0 284 0.929948 0.592130 0.038021 0.173148 0.803260 1920.000000 1080.000000
0 285 0.937240 0.592130 0.038021 0.173148 0.898220 1920.000000 1080.000000
0 286 0.942969 0.593981 0.038021 0.178704 1.000000 1920.000000 1080.000000
0 287 0.951302 0.593981 0.038021 0.184259 1.000000 1920.000000 1080.000000
0 288 0.957812 0.594907 0.042708 0.184259 1.000000 1920.000000 1080.000000
0 289 0.967708 0.595370 0.042708 0.187037 1.000000 1920.000000 1080.000000
0 290 0.977604 0.595833 0.035417 0.186111 1.000000 1920.000000 1080.000000
0 291 0.983073 0.594907 0.040104 0.186111 0.923080 1920.000000 1080.000000
0 292 0.988802 0.593981 0.044271 0.186111 0.755810 1920.000000 1080.000000
0 293 0.997135 0.593056 0.044271 0.186111 0.569770 1920.000000 1080.000000
