0 504 0.992448 0.568981 0.020313 0.086111 0.586700 1920.000000 1080.000000
0 505 0.975260 0.568519 0.020313 0.087037 0.627890 1920.000000 1080.000000
0 506 0.958073 0.568981 0.020313 0.087963 0.560940 1920.000000 1080.000000
0 507 0.942969 0.568519 0.020313 0.088889 0.533510 1920.000000 1080.000000
0 508 0.928385 0.568981 0.020313 0.089815 0.544900 1920.000000 1080.000000
0 509 0.912760 0.571296 0.020313 0.090741 0.569190 1920.000000 1080.000000
0 510 0.897656 0.573611 0.020313 0.091667 0.546000 1920.000000 1080.000000
0 511 0.882552 0.575926 0.020313 0.092593 0.575500 1920.000000 1080.000000
0 512 0.867188 0.578241 0.019792 0.093519 0.555050 1920.000000 1080.000000
0 513 0.852083 0.580556 0.019792 0.094444 0.566340 1920.000000 1080.000000
0 514 0.836979 0.582870 0.019792 0.095370 0.865380 1920.000000 1080.000000
0 515 0.823698 0.581944 0.020313 0.095370 0.884620 1920.000000 1080.000000
0 516 0.810417 0.581481 0.020833 0.096296 0.895240 1920.000000 1080.000000
0 517 0.797135 0.580556 0.021354 0.096296 0.914290 1920.000000 1080.000000
0 518 0.783854 0.580556 0.021875 0.096296 0.944190 1920.000000 1080.000000
0 519 0.770573 0.579630 0.022396 0.096296 0.967530 1920.000000 1080.000000
0 520 0.757292 0.579167 0.022917 0.097222 0.979870 1920.000000 1080.000000
0 521 0.744010 0.578241 0.023438 0.097222 0.996310 1920.000000 1080.000000
0 522 0.730729 0.578241 0.023958 0.097222 0.995580 1920.000000 1080.000000
0 523 0.717448 0.577315 0.024479 0.097222 0.999210 1920.000000 1080.000000
0 524 0.704167 0.576852 0.025000 0.098148 1.000000 1920.000000 1080.000000
0 525 0.691406 0.576852 0.025521 0.098148 1.000000 1920.000000 1080.000000
0 526 0.679167 0.576389 0.026042 0.099074 1.000000 1920.000000 1080.000000
0 527 0.667448 0.576389 0.026562 0.099074 1.000000 1920.000000 1080.000000
0 528 0.654167 0.577778 0.025000 0.100000 1.000000 1920.000000 1080.000000
0 529 0.640885 0.579167 0.023438 0.100926 1.000000 1920.000000 1080.000000
0 530 0.627604 0.581019 0.021875 0.100926 1.000000 1920.000000 1080.000000
0 531 0.616667 0.581019 0.021875 0.100926 1.000000 1920.000000 1080.000000
0 532 0.605729 0.581481 0.021875 0.101852 1.000000 1920.000000 1080.000000
0 533 0.595052 0.582407 0.022396 0.101852 1.000000 1920.000000 1080.000000
0 534 0.583594 0.582870 0.022396 0.102778 1.000000 1920.000000 1080.000000
0 535 0.572396 0.583796 0.022917 0.102778 1.000000 1920.000000 1080.000000
0 536 0.561458 0.584722 0.022917 0.102778 1.000000 1920.000000 1080.000000
0 537 0.550521 0.586574 0.022917 0.102778 1.000000 1920.000000 1080.000000
0 538 0.539844 0.588889 0.023438 0.103704 1.000000 1920.000000 1080.000000
0 539 0.529687 0.589815 0.023958 0.103704 1.000000 1920.000000 1080.000000
0 540 0.519792 0.590741 0.023958 0.103704 1.000000 1920.000000 1080.000000
0 541 0.509896 0.592130 0.023958 0.104630 1.000000 1920.000000 1080.000000
0 542 0.497656 0.593056 0.029687 0.104630 1.000000 1920.000000 1080.000000
0 543 0.488802 0.595370 0.028646 0.105556 1.000000 1920.000000 1080.000000
0 544 0.480208 0.597685 0.028125 0.106481 1.000000 1920.000000 1080.000000
0 545 0.469271 0.595370 0.028125 0.107407 1.000000 1920.000000 1080.000000
0 546 0.458594 0.593519 0.028646 0.107407 1.000000 1920.000000 1080.000000
0 547 0.448698 0.593981 0.028646 0.106481 1.000000 1920.000000 1080.000000
0 548 0.439063 0.594444 0.028125 0.105556 1.000000 1920.000000 1080.000000
0 549 0.429427 0.595370 0.027604 0.105556 1.000000 1920.000000 1080.000000
0 550 0.419531 0.595370 0.027604 0.107407 1.000000 1920.000000 1080.000000
0 551 0.410156 0.595370 0.027604 0.109259 1.000000 1920.000000 1080.000000
0 552 0.400521 0.595833 0.028125 0.110185 1.000000 1920.000000 1080.000000
0 553 0.391146 0.595833 0.028125 0.112037 1.000000 1920.000000 1080.000000
0 554 0.381510 0.596296 0.028646 0.112963 1.000000 1920.000000 1080.000000
0 555 0.372135 0.596296 0.028646 0.114815 1.000000 1920.000000 1080.000000
0 556 0.362500 0.596296 0.028125 0.116667 1.000000 1920.000000 1080.000000
0 557 0.352865 0.596759 0.028646 0.117593 1.000000 1920.000000 1080.000000
0 558 0.343490 0.596759 0.028646 0.119444 1.000000 1920.000000 1080.000000
0 559 0.333854 0.597222 0.029167 0.120370 1.000000 1920.000000 1080.000000
0 560 0.324479 0.597222 0.029167 0.122222 1.000000 1920.000000 1080.000000
0 561 0.315104 0.597685 0.029167 0.123148 1.000000 1920.000000 1080.000000
0 562 0.306771 0.598611 0.030208 0.123148 1.000000 1920.000000 1080.000000
0 563 0.298438 0.600000 0.031250 0.124074 1.000000 1920.000000 1080.000000
0 564 0.290104 0.601389 0.032292 0.125000 1.000000 1920.000000 1080.000000
0 565 0.282031 0.603241 0.032813 0.125000 1.000000 1920.000000 1080.000000
0 566 0.273698 0.604167 0.033854 0.125000 1.000000 1920.000000 1080.000000
0 567 0.265365 0.605556 0.034896 0.125926 1.000000 1920.000000 1080.000000
0 568 0.257031 0.606944 0.035937 0.126852 1.000000 1920.000000 1080.000000
0 569 0.248958 0.608796 0.036458 0.126852 1.000000 1920.000000 1080.000000
0 570 0.240104 0.610185 0.036458 0.127778 1.000000 1920.000000 1080.000000
0 571 0.231510 0.612037 0.035937 0.129630 1.000000 1920.000000 1080.000000
0 572 0.223177 0.614352 0.035937 0.130556 1.000000 1920.000000 1080.000000
0 573 0.214583 0.616204 0.035417 0.132407 1.000000 1920.000000 1080.000000
0 574 0.206250 0.618056 0.035417 0.132407 1.000000 1920.000000 1080.000000
0 575 0.197656 0.619907 0.034896 0.134259 1.000000 1920.000000 1080.000000
0 576 0.189323 0.622222 0.034896 0.135185 1.000000 1920.000000 1080.000000
0 577 0.180729 0.624074 0.034375 0.137037 1.000000 1920.000000 1080.000000
0 578 0.172396 0.626389 0.034375 0.137963 1.000000 1920.000000 1080.000000
0 579 0.163281 0.625926 0.036979 0.140741 1.000000 1920.000000 1080.000000
0 580 0.154427 0.625463 0.040104 0.143519 1.000000 1920.000000 1080.000000
0 581 0.146875 0.626389 0.040625 0.147222 1.000000 1920.000000 1080.000000
0 582 0.139583 0.627778 0.040625 0.150000 1.000000 1920.000000 1080.000000
0 583 0.128906 0.630556 0.041146 0.151852 1.000000 1920.000000 1080.000000
0 584 0.121615 0.632870 0.042188 0.152778 1.000000 1920.000000 1080.000000
0 585 0.114323 0.635185 0.043229 0.153704 1.000000 1920.000000 1080.000000
0 586 0.107031 0.638426 0.044271 0.154630 1.000000 1920.000000 1080.000000
0 587 0.098698 0.643519 0.047396 0.157407 1.000000 1920.000000 1080.000000
0 588 0.091406 0.644907 0.048438 0.158333 1.000000 1920.000000 1080.000000
0 589 0.084375 0.646759 0.050000 0.160185 1.000000 1920.000000 1080.000000
0 590 0.076563 0.648611 0.053125 0.162037 1.000000 1920.000000 1080.000000
0 591 0.069531 0.650463 0.053646 0.163889 1.000000 1920.000000 1080.000000
0 592 0.061979 0.652315 0.054167 0.165741 1.000000 1920.000000 1080.000000
0 593 0.053906 0.654630 0.054688 0.168519 1.000000 1920.000000 1080.000000
0 594 0.048438 0.657870 0.053125 0.171296 1.000000 1920.000000 1080.000000
0 595 0.041406 0.660648 0.053646 0.175000 1.000000 1920.000000 1080.000000
0 596 0.035677 0.663889 0.054688 0.175926 1.000000 1920.000000 1080.000000
0 597 0.027865 0.668056 0.054688 0.178704 1.000000 1920.000000 1080.000000
0 598 0.023698 0.681019 0.051562 0.182407 0.950000 1920.000000 1080.000000
0 599 0.018490 0.683333 0.049479 0.185185 0.864580 1920.000000 1080.000000
0 600 0.013542 0.686574 0.047917 0.187963 0.774190 1920.000000 1080.000000
0 601 0.007031 0.693056 0.047396 0.187963 0.641300 1920.000000 1080.000000
0 602 0.000781 0.695370 0.046354 0.188889 0.511110 1920.000000 1080.000000
0 603 -0.005208 0.698148 0.045833 0.188889 0.382020 1920.000000 1080.000000
0 604 -0.012500 0.701852 0.045833 0.188889 0.224720 1920.000000 1080.000000
