0 1 0.076302 0.703241 0.025521 0.089815 1.000000 1920.000000 1080.000000
0 2 0.070573 0.691204 0.025521 0.089815 1.000000 1920.000000 1080.000000
0 3 0.067448 0.717130 0.025521 0.089815 1.000000 1920.000000 1080.000000
0 4 0.061719 0.715278 0.025521 0.089815 1.000000 1920.000000 1080.000000
0 5 0.052604 0.712037 0.019792 0.096296 1.000000 1920.000000 1080.000000
0 6 0.045312 0.728241 0.021875 0.097222 1.000000 1920.000000 1080.000000
0 7 0.037760 0.734259 0.023438 0.098148 1.000000 1920.000000 1080.000000
0 8 0.030729 0.741204 0.025000 0.099074 1.000000 1920.000000 1080.000000
0 9 0.021354 0.740278 0.025000 0.099074 1.000000 1920.000000 1080.000000
0 10 0.011979 0.727315 0.025000 0.099074 0.959180 1920.000000 1080.000000
0 11 0.008854 0.750463 0.025000 0.099074 0.836730 1920.000000 1080.000000
