0 330 0.789323 0.542593 0.018229 0.079630 0.114300 1920.000000 1080.000000
0 331 0.782552 0.535648 0.018229 0.078704 0.287470 1920.000000 1080.000000
0 332 0.776302 0.529167 0.018229 0.076852 0.066799 1920.000000 1080.000000
0 333 0.769792 0.522685 0.017708 0.075000 0.217420 1920.000000 1080.000000
0 334 0.763542 0.516204 0.017708 0.073148 0.489290 1920.000000 1080.000000
0 335 0.764583 0.515278 0.017708 0.073148 0.512140 1920.000000 1080.000000
0 336 0.766146 0.514815 0.017708 0.074074 0.422220 1920.000000 1080.000000
0 337 0.767708 0.514815 0.017708 0.074074 0.496300 1920.000000 1080.000000
0 338 0.768750 0.514352 0.017708 0.075000 0.515680 1920.000000 1080.000000
0 339 0.770312 0.514352 0.017708 0.075000 0.221600 1920.000000 1080.000000
0 340 0.771875 0.514352 0.017708 0.075000 0.258190 1920.000000 1080.000000
0 341 0.772917 0.516667 0.017708 0.075926 0.600000 1920.000000 1080.000000
0 342 0.773958 0.519444 0.017708 0.075926 0.579350 1920.000000 1080.000000
0 343 0.775260 0.522222 0.018229 0.075926 0.565600 1920.000000 1080.000000
0 344 0.776563 0.524537 0.017708 0.076852 0.311560 1920.000000 1080.000000
0 345 0.777865 0.527315 0.018229 0.076852 0.320110 1920.000000 1080.000000
0 346 0.778906 0.530093 0.018229 0.076852 0.272160 1920.000000 1080.000000
0 347 0.780469 0.533333 0.018229 0.077778 0.289220 1920.000000 1080.000000
0 348 0.781510 0.535185 0.018229 0.077778 0.385290 1920.000000 1080.000000
0 349 0.782552 0.537500 0.018229 0.078704 0.389530 1920.000000 1080.000000
0 350 0.783594 0.539352 0.018229 0.078704 0.457040 1920.000000 1080.000000
0 351 0.785156 0.541667 0.018229 0.079630 0.414750 1920.000000 1080.000000
0 352 0.787760 0.544907 0.019271 0.082407 0.467540 1920.000000 1080.000000
0 353 0.788802 0.545833 0.020313 0.082407 0.502780 1920.000000 1080.000000
0 354 0.790365 0.547685 0.021354 0.082407 0.429370 1920.000000 1080.000000
0 355 0.791667 0.548611 0.020833 0.082407 0.476960 1920.000000 1080.000000
0 356 0.791667 0.549074 0.016667 0.081481 0.558390 1920.000000 1080.000000
0 357 0.792969 0.550926 0.018229 0.081481 0.542130 1920.000000 1080.000000
0 358 0.794271 0.553241 0.019792 0.082407 0.216520 1920.000000 1080.000000
0 359 0.795052 0.554167 0.019271 0.082407 0.250290 1920.000000 1080.000000
0 360 0.795573 0.556481 0.019271 0.081481 0.242460 1920.000000 1080.000000
0 361 0.796615 0.558333 0.019271 0.081481 0.260790 1920.000000 1080.000000
0 362 0.798177 0.560648 0.019271 0.082407 0.239770 1920.000000 1080.000000
0 363 0.798958 0.560185 0.020833 0.083333 0.278750 1920.000000 1080.000000
0 364 0.800000 0.565741 0.020833 0.083333 0.234790 1920.000000 1080.000000
0 365 0.800000 0.568056 0.018750 0.084259 0.276730 1920.000000 1080.000000
0 366 0.800000 0.570370 0.016667 0.085185 0.308900 1920.000000 1080.000000
0 367 0.801042 0.572685 0.016667 0.086111 0.325920 1920.000000 1080.000000
0 368 0.802083 0.575463 0.016667 0.087963 0.329550 1920.000000 1080.000000
0 369 0.802344 0.574074 0.018229 0.085185 0.330940 1920.000000 1080.000000
0 370 0.803125 0.573611 0.019792 0.082407 0.309970 1920.000000 1080.000000
0 371 0.803385 0.573611 0.018229 0.082407 0.332100 1920.000000 1080.000000
0 372 0.805729 0.573148 0.020833 0.081481 0.284460 1920.000000 1080.000000
0 373 0.806771 0.577315 0.018750 0.087963 0.246900 1920.000000 1080.000000
0 374 0.806510 0.579167 0.019271 0.095370 0.495700 1920.000000 1080.000000
0 375 0.804688 0.575926 0.016667 0.092593 0.221420 1920.000000 1080.000000
0 376 0.804167 0.573148 0.016667 0.090741 0.203240 1920.000000 1080.000000
0 377 0.804167 0.571296 0.016667 0.088889 0.175260 1920.000000 1080.000000
0 378 0.804167 0.569444 0.016667 0.087037 0.145450 1920.000000 1080.000000
0 379 0.804427 0.568056 0.017188 0.086111 0.178040 1920.000000 1080.000000
0 380 0.804688 0.566204 0.018750 0.086111 0.188610 1920.000000 1080.000000
0 381 0.803906 0.564352 0.018229 0.086111 0.246450 1920.000000 1080.000000
0 382 0.803385 0.563426 0.017188 0.086111 0.255320 1920.000000 1080.000000
0 383 0.803125 0.562500 0.016667 0.086111 0.259190 1920.000000 1080.000000
0 384 0.801823 0.562037 0.018229 0.087037 0.209360 1920.000000 1080.000000
0 385 0.800260 0.562037 0.019271 0.087037 0.218280 1920.000000 1080.000000
0 386 0.798958 0.562500 0.019792 0.087963 0.231840 1920.000000 1080.000000
0 387 0.797656 0.562963 0.020313 0.088889 0.227060 1920.000000 1080.000000
0 388 0.796094 0.563426 0.021354 0.089815 0.221570 1920.000000 1080.000000
0 389 0.794792 0.563889 0.021875 0.090741 0.200850 1920.000000 1080.000000
0 390 0.793750 0.564352 0.022917 0.091667 0.213110 1920.000000 1080.000000
0 391 0.793750 0.568981 0.021875 0.093519 0.205650 1920.000000 1080.000000
0 392 0.790885 0.567593 0.021354 0.094444 0.191630 1920.000000 1080.000000
0 393 0.788281 0.566667 0.021354 0.094444 0.189090 1920.000000 1080.000000
0 394 0.783854 0.567130 0.021875 0.093519 0.155950 1920.000000 1080.000000
0 395 0.779687 0.566204 0.021875 0.093519 0.130870 1920.000000 1080.000000
0 396 0.776042 0.566204 0.021875 0.093519 0.111950 1920.000000 1080.000000
0 397 0.772396 0.566204 0.021875 0.093519 0.094847 1920.000000 1080.000000
0 398 0.768750 0.565741 0.021875 0.094444 0.073154 1920.000000 1080.000000
0 399 0.764844 0.565278 0.021354 0.093519 0.123250 1920.000000 1080.000000
0 400 0.761198 0.565278 0.021354 0.093519 0.176240 1920.000000 1080.000000
0 401 0.757552 0.564815 0.021354 0.094444 0.215670 1920.000000 1080.000000
0 402 0.753906 0.564815 0.021354 0.094444 0.211970 1920.000000 1080.000000
0 403 0.750260 0.564815 0.021354 0.094444 0.192330 1920.000000 1080.000000
0 404 0.744271 0.564352 0.021875 0.095370 0.180900 1920.000000 1080.000000
0 405 0.738542 0.564815 0.021875 0.096296 0.162570 1920.000000 1080.000000
0 406 0.732812 0.565278 0.022917 0.097222 0.155560 1920.000000 1080.000000
0 407 0.727083 0.565278 0.022917 0.099074 0.164200 1920.000000 1080.000000
0 408 0.721094 0.565741 0.023438 0.100000 0.175510 1920.000000 1080.000000
0 409 0.715625 0.566204 0.023958 0.100926 0.167120 1920.000000 1080.000000
0 410 0.710156 0.567593 0.024479 0.101852 0.341780 1920.000000 1080.000000
0 411 0.703646 0.568519 0.023958 0.103704 0.346640 1920.000000 1080.000000
0 412 0.697656 0.569444 0.023438 0.105556 0.375050 1920.000000 1080.000000
0 413 0.691927 0.568981 0.023438 0.108333 0.396830 1920.000000 1080.000000
0 414 0.684635 0.568519 0.023438 0.109259 0.415050 1920.000000 1080.000000
0 415 0.677344 0.568056 0.023438 0.110185 0.158150 1920.000000 1080.000000
0 416 0.670052 0.567593 0.023438 0.111111 0.142650 1920.000000 1080.000000
0 417 0.662760 0.567130 0.023438 0.112037 0.131680 1920.000000 1080.000000
0 418 0.654948 0.566667 0.023438 0.112963 0.087133 1920.000000 1080.000000
0 419 0.647135 0.566204 0.023438 0.113889 0.404450 1920.000000 1080.000000
0 420 0.639323 0.565741 0.023438 0.114815 0.408000 1920.000000 1080.000000
0 421 0.631510 0.565278 0.023438 0.115741 0.428920 1920.000000 1080.000000
0 422 0.623698 0.564815 0.023438 0.116667 0.475180 1920.000000 1080.000000
0 423 0.615885 0.565278 0.023438 0.117593 0.552990 1920.000000 1080.000000
0 424 0.605990 0.565278 0.023438 0.117593 0.552990 1920.000000 1080.000000
0 425 0.597135 0.565278 0.023438 0.117593 0.587640 1920.000000 1080.000000
0 426 0.586719 0.562500 0.023438 0.117593 0.043139 1920.000000 1080.000000
0 427 0.577344 0.565278 0.023438 0.117593 0.599180 1920.000000 1080.000000
0 428 0.568490 0.566204 0.023438 0.117593 0.032269 1920.000000 1080.000000
0 429 0.558073 0.568981 0.023438 0.117593 0.023438 1920.000000 1080.000000
0 430 0.547135 0.572685 0.023438 0.117593 0.042799 1920.000000 1080.000000
