0 356 0.866406 0.581944 0.019271 0.117593 0.235400 1920.000000 1080.000000
0 357 0.868229 0.585185 0.019792 0.118519 0.308880 1920.000000 1080.000000
0 358 0.870052 0.586574 0.020313 0.119444 0.135770 1920.000000 1080.000000
0 359 0.872135 0.588426 0.020313 0.119444 0.106920 1920.000000 1080.000000
0 360 0.873698 0.590741 0.020313 0.120370 0.141220 1920.000000 1080.000000
0 361 0.875260 0.593519 0.020313 0.120370 0.197520 1920.000000 1080.000000
0 362 0.876823 0.595833 0.020313 0.121296 0.130870 1920.000000 1080.000000
0 363 0.878646 0.599074 0.020833 0.122222 0.178980 1920.000000 1080.000000
0 364 0.879948 0.600926 0.021354 0.120370 0.152310 1920.000000 1080.000000
0 365 0.881250 0.603704 0.021875 0.118519 0.134130 1920.000000 1080.000000
0 366 0.882552 0.606481 0.022396 0.116667 0.121150 1920.000000 1080.000000
0 367 0.884375 0.609259 0.022917 0.114815 0.107200 1920.000000 1080.000000
0 368 0.887240 0.610648 0.023438 0.115741 0.113870 1920.000000 1080.000000
0 369 0.890365 0.612037 0.024479 0.116667 0.120080 1920.000000 1080.000000
0 370 0.891146 0.612500 0.025000 0.117593 0.147640 1920.000000 1080.000000
0 371 0.892188 0.613426 0.026042 0.119444 0.165010 1920.000000 1080.000000
0 372 0.893229 0.613889 0.027083 0.120370 0.134670 1920.000000 1080.000000
0 373 0.894531 0.615278 0.027604 0.121296 0.148290 1920.000000 1080.000000
0 374 0.898438 0.617593 0.021875 0.122222 0.074838 1920.000000 1080.000000
0 375 0.900000 0.616667 0.022917 0.124074 0.066667 1920.000000 1080.000000
0 376 0.902083 0.615741 0.023958 0.125926 0.065693 1920.000000 1080.000000
0 377 0.903646 0.614815 0.025000 0.127778 0.064748 1920.000000 1080.000000
0 378 0.905729 0.614815 0.026042 0.129630 0.063830 1920.000000 1080.000000
0 379 0.908333 0.611111 0.027083 0.131481 0.097902 1920.000000 1080.000000
0 380 0.909115 0.611111 0.027604 0.133333 0.102940 1920.000000 1080.000000
0 381 0.910156 0.611111 0.028646 0.135185 0.108110 1920.000000 1080.000000
0 382 0.911198 0.611111 0.029687 0.137037 0.161190 1920.000000 1080.000000
0 383 0.912500 0.612037 0.030208 0.138889 0.187340 1920.000000 1080.000000
0 384 0.913542 0.612500 0.030208 0.139815 0.215430 1920.000000 1080.000000
0 385 0.914583 0.613426 0.030208 0.141667 0.193700 1920.000000 1080.000000
0 386 0.915885 0.613889 0.029687 0.142593 0.158510 1920.000000 1080.000000
0 387 0.916927 0.614815 0.029687 0.144444 0.141560 1920.000000 1080.000000
0 388 0.918229 0.616204 0.029167 0.145370 0.098601 1920.000000 1080.000000
0 389 0.919271 0.615741 0.029167 0.146296 0.104050 1920.000000 1080.000000
0 390 0.920573 0.615278 0.029687 0.147222 0.123170 1920.000000 1080.000000
0 391 0.920312 0.619444 0.030208 0.148148 0.114640 1920.000000 1080.000000
0 392 0.920312 0.620833 0.030208 0.149074 0.111740 1920.000000 1080.000000
0 393 0.920573 0.622222 0.030729 0.150000 0.109610 1920.000000 1080.000000
0 394 0.919010 0.623148 0.030729 0.150000 0.111250 1920.000000 1080.000000
0 395 0.917448 0.623148 0.030729 0.150000 0.114110 1920.000000 1080.000000
0 396 0.915885 0.624074 0.030729 0.150000 0.110430 1920.000000 1080.000000
0 397 0.914323 0.624074 0.030729 0.150000 0.123930 1920.000000 1080.000000
0 398 0.912760 0.624074 0.030729 0.150000 0.142130 1920.000000 1080.000000
0 399 0.910156 0.624074 0.030729 0.150000 0.136200 1920.000000 1080.000000
0 400 0.907552 0.624074 0.030729 0.150000 0.150920 1920.000000 1080.000000
0 401 0.905469 0.625000 0.030729 0.150000 0.139880 1920.000000 1080.000000
0 402 0.903385 0.623148 0.030729 0.150000 0.154290 1920.000000 1080.000000
0 403 0.901302 0.622222 0.030729 0.150000 0.163600 1920.000000 1080.000000
0 404 0.896875 0.622222 0.031250 0.150000 0.209190 1920.000000 1080.000000
0 405 0.892708 0.622685 0.031250 0.150926 0.285290 1920.000000 1080.000000
0 406 0.888542 0.623148 0.031250 0.151852 0.318030 1920.000000 1080.000000
0 407 0.884375 0.623611 0.031250 0.152778 0.371820 1920.000000 1080.000000
0 408 0.880208 0.624537 0.031250 0.152778 0.343570 1920.000000 1080.000000
0 409 0.875781 0.624537 0.031771 0.152778 0.372810 1920.000000 1080.000000
0 410 0.871615 0.625000 0.031771 0.153704 0.347500 1920.000000 1080.000000
0 411 0.867448 0.625463 0.031771 0.154630 0.327760 1920.000000 1080.000000
0 412 0.863281 0.625926 0.031771 0.155556 0.289080 1920.000000 1080.000000
0 413 0.859375 0.626852 0.032292 0.155556 0.243640 1920.000000 1080.000000
0 414 0.852604 0.625926 0.032292 0.155556 0.236870 1920.000000 1080.000000
0 415 0.846354 0.625926 0.032292 0.155556 0.251710 1920.000000 1080.000000
0 416 0.840104 0.625926 0.032292 0.155556 0.217150 1920.000000 1080.000000
0 417 0.833854 0.625926 0.032292 0.155556 0.179770 1920.000000 1080.000000
0 418 0.827604 0.625926 0.032292 0.155556 0.158260 1920.000000 1080.000000
0 419 0.821354 0.625926 0.032292 0.155556 0.120880 1920.000000 1080.000000
0 420 0.815104 0.625926 0.032292 0.155556 0.101620 1920.000000 1080.000000
0 421 0.808854 0.625926 0.032292 0.155556 0.055321 1920.000000 1080.000000
0 422 0.802604 0.625926 0.032292 0.155556 0.054288 1920.000000 1080.000000
0 423 0.796354 0.625926 0.032292 0.155556 0.077487 1920.000000 1080.000000
0 424 0.786458 0.627315 0.032292 0.156481 0.092997 1920.000000 1080.000000
0 425 0.776823 0.629630 0.032813 0.157407 0.106180 1920.000000 1080.000000
0 426 0.767188 0.631944 0.032292 0.158333 0.117480 1920.000000 1080.000000
0 427 0.757552 0.634259 0.032813 0.159259 0.132680 1920.000000 1080.000000
0 428 0.748177 0.636574 0.032813 0.160185 0.155980 1920.000000 1080.000000
0 429 0.738281 0.638426 0.032813 0.160185 0.201510 1920.000000 1080.000000
0 430 0.728646 0.640741 0.033333 0.161111 0.223210 1920.000000 1080.000000
0 431 0.719010 0.643056 0.032813 0.162037 0.234910 1920.000000 1080.000000
0 432 0.709375 0.645370 0.033333 0.162963 0.256320 1920.000000 1080.000000
0 433 0.700000 0.647685 0.033333 0.163889 0.268710 1920.000000 1080.000000
0 434 0.689063 0.648148 0.033333 0.164815 0.281740 1920.000000 1080.000000
0 435 0.678646 0.649537 0.033333 0.165741 0.238890 1920.000000 1080.000000
0 436 0.667708 0.650463 0.033333 0.167593 0.247250 1920.000000 1080.000000
0 437 0.657292 0.651852 0.033333 0.168519 0.256830 1920.000000 1080.000000
0 438 0.646615 0.652778 0.032813 0.170370 0.264860 1920.000000 1080.000000
0 439 0.635938 0.654167 0.033333 0.171296 0.274190 1920.000000 1080.000000
0 440 0.625260 0.655093 0.032813 0.173148 0.281910 1920.000000 1080.000000
0 441 0.614583 0.656481 0.033333 0.174074 0.285710 1920.000000 1080.000000
0 442 0.603906 0.657407 0.032813 0.175926 0.298430 1920.000000 1080.000000
0 443 0.593490 0.658796 0.032813 0.176852 0.302080 1920.000000 1080.000000
0 444 0.582031 0.660648 0.034896 0.180556 0.305220 1920.000000 1080.000000
0 445 0.570573 0.662963 0.036979 0.183333 0.283220 1920.000000 1080.000000
0 446 0.559115 0.664815 0.039062 0.187037 0.301850 1920.000000 1080.000000
0 447 0.547656 0.667130 0.041146 0.189815 0.342480 1920.000000 1080.000000
0 448 0.536458 0.668981 0.042708 0.193519 0.362880 1920.000000 1080.000000
0 449 0.525000 0.671296 0.044792 0.196296 0.351680 1920.000000 1080.000000
0 450 0.513542 0.673148 0.046875 0.200000 0.423960 1920.000000 1080.000000
0 451 0.502083 0.675463 0.048958 0.202778 0.452870 1920.000000 1080.000000
0 452 0.490625 0.677315 0.051042 0.206481 0.508390 1920.000000 1080.000000
0 453 0.479687 0.680093 0.053125 0.210185 0.570520 1920.000000 1080.000000
0 454 0.463021 0.683333 0.052083 0.211111 0.667210 1920.000000 1080.000000
0 455 0.446615 0.687500 0.051562 0.212037 0.775000 1920.000000 1080.000000
0 456 0.430208 0.691204 0.051042 0.213889 0.798850 1920.000000 1080.000000
0 457 0.413802 0.695370 0.050521 0.214815 0.832090 1920.000000 1080.000000
0 458 0.397396 0.699074 0.050000 0.216667 0.838910 1920.000000 1080.000000
0 459 0.380990 0.703241 0.049479 0.217593 0.826800 1920.000000 1080.000000
0 460 0.364583 0.706944 0.048958 0.219444 0.824060 1920.000000 1080.000000
0 461 0.348177 0.711111 0.048438 0.220370 0.802370 1920.000000 1080.000000
0 462 0.331771 0.714815 0.047917 0.222222 0.771160 1920.000000 1080.000000
0 463 0.315365 0.718981 0.047396 0.223148 0.737240 1920.000000 1080.000000
0 464 0.295052 0.721296 0.048438 0.225926 0.786020 1920.000000 1080.000000
0 465 0.275260 0.724537 0.049479 0.228704 0.821240 1920.000000 1080.000000
0 466 0.255469 0.727315 0.050521 0.232407 0.696670 1920.000000 1080.000000
0 467 0.235417 0.730556 0.052083 0.235185 0.735590 1920.000000 1080.000000
0 468 0.215625 0.733796 0.053125 0.237963 0.767330 1920.000000 1080.000000
0 469 0.195833 0.736574 0.054167 0.241667 0.720500 1920.000000 1080.000000
0 470 0.175781 0.739815 0.055729 0.244444 0.729040 1920.000000 1080.000000
0 471 0.155990 0.742593 0.056771 0.248148 0.747520 1920.000000 1080.000000
0 472 0.136198 0.745833 0.057813 0.250926 0.668920 1920.000000 1080.000000
0 473 0.116406 0.749074 0.058854 0.253704 0.647720 1920.000000 1080.000000
0 474 0.091927 0.754630 0.056771 0.255556 0.704790 1920.000000 1080.000000
0 475 0.067448 0.760185 0.054688 0.257407 0.768780 1920.000000 1080.000000
0 476 0.043229 0.765741 0.053125 0.259259 0.813430 1920.000000 1080.000000
0 477 0.019271 0.770370 0.062500 0.251852 0.605490 1920.000000 1080.000000
