0 1124 0.013281 0.807870 0.025521 0.282407 1.000000 1920.000000 1080.000000
0 1125 0.013802 0.805093 0.026562 0.280556 1.000000 1920.000000 1080.000000
0 1126 0.014583 0.802315 0.028125 0.278704 1.000000 1920.000000 1080.000000
0 1127 0.015365 0.799537 0.029687 0.276852 1.000000 1920.000000 1080.000000
0 1128 0.016146 0.797222 0.031250 0.274074 1.000000 1920.000000 1080.000000
0 1129 0.016927 0.794444 0.032813 0.272222 1.000000 1920.000000 1080.000000
0 1130 0.017708 0.791667 0.034375 0.270370 1.000000 1920.000000 1080.000000
0 1131 0.018490 0.789352 0.035937 0.267593 1.000000 1920.000000 1080.000000
0 1132 0.019271 0.787037 0.037500 0.268519 0.982490 1920.000000 1080.000000
0 1133 0.020052 0.785648 0.039062 0.269444 0.967920 1920.000000 1080.000000
0 1134 0.020833 0.783796 0.040625 0.269444 0.955780 1920.000000 1080.000000
0 1135 0.021615 0.782407 0.042188 0.270370 0.942690 1920.000000 1080.000000
0 1136 0.022396 0.780093 0.043750 0.271296 0.932690 1920.000000 1080.000000
0 1137 0.023177 0.778704 0.045312 0.272222 0.910550 1920.000000 1080.000000
0 1138 0.023958 0.777315 0.046875 0.273148 0.891260 1920.000000 1080.000000
0 1139 0.024740 0.775463 0.048438 0.273148 0.867880 1920.000000 1080.000000
0 1140 0.025521 0.773611 0.050000 0.275000 0.850340 1920.000000 1080.000000
0 1141 0.026302 0.771759 0.051562 0.275000 0.829400 1920.000000 1080.000000
0 1142 0.027083 0.770370 0.053125 0.275926 0.811180 1920.000000 1080.000000
0 1143 0.027865 0.768981 0.054688 0.276852 0.795660 1920.000000 1080.000000
0 1144 0.028646 0.767130 0.055208 0.276852 0.783890 1920.000000 1080.000000
0 1145 0.029427 0.765278 0.055729 0.276852 0.773890 1920.000000 1080.000000
0 1146 0.030469 0.763426 0.055729 0.276852 0.763430 1920.000000 1080.000000
0 1147 0.031250 0.761574 0.056250 0.276852 0.756760 1920.000000 1080.000000
0 1148 0.032031 0.759722 0.056771 0.276852 0.751090 1920.000000 1080.000000
0 1149 0.033333 0.757870 0.057292 0.276852 0.744650 1920.000000 1080.000000
0 1150 0.034115 0.756019 0.057813 0.276852 0.743100 1920.000000 1080.000000
0 1151 0.034896 0.754167 0.058333 0.276852 0.743040 1920.000000 1080.000000
0 1152 0.035937 0.752315 0.058333 0.276852 0.742180 1920.000000 1080.000000
0 1153 0.036719 0.750463 0.058854 0.276852 0.748980 1920.000000 1080.000000
0 1154 0.038021 0.749074 0.059375 0.275926 0.755710 1920.000000 1080.000000
0 1155 0.040104 0.746759 0.060417 0.275000 0.762290 1920.000000 1080.000000
0 1156 0.042448 0.744444 0.060937 0.274074 0.771040 1920.000000 1080.000000
0 1157 0.044792 0.742130 0.061458 0.273148 0.790540 1920.000000 1080.000000
0 1158 0.046875 0.739815 0.062500 0.272222 0.810170 1920.000000 1080.000000
0 1159 0.049219 0.737500 0.063021 0.271296 0.838300 1920.000000 1080.000000
0 1160 0.051562 0.735185 0.063542 0.270370 0.848220 1920.000000 1080.000000
0 1161 0.053646 0.732870 0.064583 0.269444 0.853420 1920.000000 1080.000000
0 1162 0.055990 0.730556 0.065104 0.268519 0.862760 1920.000000 1080.000000
0 1163 0.058333 0.728241 0.065625 0.267593 0.868750 1920.000000 1080.000000
0 1164 0.060417 0.725926 0.066667 0.266667 0.875590 1920.000000 1080.000000
0 1165 0.062760 0.723611 0.067187 0.265741 0.883280 1920.000000 1080.000000
0 1166 0.065104 0.721296 0.067708 0.264815 0.893660 1920.000000 1080.000000
0 1167 0.066667 0.719444 0.067708 0.264815 0.901380 1920.000000 1080.000000
0 1168 0.068490 0.717593 0.067187 0.264815 0.906750 1920.000000 1080.000000
0 1169 0.070573 0.715741 0.067187 0.264815 0.907130 1920.000000 1080.000000
0 1170 0.072396 0.714815 0.066667 0.264815 0.908080 1920.000000 1080.000000
0 1171 0.074479 0.712963 0.066667 0.264815 0.912490 1920.000000 1080.000000
0 1172 0.076302 0.711111 0.066146 0.264815 0.917250 1920.000000 1080.000000
0 1173 0.078125 0.709259 0.065625 0.264815 0.925180 1920.000000 1080.000000
0 1174 0.080208 0.708333 0.065625 0.264815 0.931850 1920.000000 1080.000000
0 1175 0.082031 0.706481 0.065104 0.264815 0.940630 1920.000000 1080.000000
0 1176 0.084115 0.704630 0.065104 0.264815 0.953540 1920.000000 1080.000000
0 1177 0.085938 0.702778 0.064583 0.264815 0.968640 1920.000000 1080.000000
0 1178 0.088021 0.701852 0.064583 0.264815 0.979090 1920.000000 1080.000000
0 1179 0.089323 0.699537 0.064062 0.263889 0.996500 1920.000000 1080.000000
0 1180 0.090625 0.697685 0.063542 0.262037 1.000000 1920.000000 1080.000000
0 1181 0.091927 0.695833 0.063021 0.260185 1.000000 1920.000000 1080.000000
0 1182 0.093229 0.693981 0.062500 0.258333 1.000000 1920.000000 1080.000000
0 1183 0.094792 0.692130 0.061458 0.256481 1.000000 1920.000000 1080.000000
0 1184 0.096094 0.689815 0.060937 0.255556 0.996390 1920.000000 1080.000000
0 1185 0.097396 0.687963 0.060417 0.253704 0.992730 1920.000000 1080.000000
0 1186 0.098698 0.686111 0.059896 0.251852 0.989010 1920.000000 1080.000000
0 1187 0.100000 0.684259 0.059375 0.250000 0.985240 1920.000000 1080.000000
0 1188 0.101823 0.682407 0.058854 0.248148 0.981410 1920.000000 1080.000000
0 1189 0.103385 0.680093 0.058854 0.247222 0.973880 1920.000000 1080.000000
0 1190 0.104948 0.678704 0.058854 0.246296 0.970040 1920.000000 1080.000000
0 1191 0.106510 0.676852 0.058854 0.246296 0.962550 1920.000000 1080.000000
0 1192 0.108073 0.675463 0.058854 0.245370 0.958650 1920.000000 1080.000000
0 1193 0.109896 0.673611 0.058333 0.245370 0.951130 1920.000000 1080.000000
0 1194 0.111458 0.672222 0.058333 0.244444 0.947170 1920.000000 1080.000000
0 1195 0.113021 0.670370 0.058333 0.244444 0.939620 1920.000000 1080.000000
0 1196 0.114583 0.668981 0.058333 0.243519 0.935610 1920.000000 1080.000000
0 1197 0.116146 0.667130 0.058333 0.243519 0.928030 1920.000000 1080.000000
0 1198 0.118229 0.665741 0.058333 0.242593 0.923950 1920.000000 1080.000000
0 1199 0.118750 0.663889 0.058333 0.242593 0.916350 1920.000000 1080.000000
0 1200 0.119271 0.662500 0.058333 0.241667 0.912210 1920.000000 1080.000000
0 1201 0.120052 0.661111 0.057813 0.240741 0.908050 1920.000000 1080.000000
0 1202 0.120833 0.660185 0.058333 0.240741 0.904210 1920.000000 1080.000000
0 1203 0.121615 0.658333 0.057813 0.240741 0.896550 1920.000000 1080.000000
0 1204 0.122135 0.656944 0.057813 0.239815 0.892310 1920.000000 1080.000000
0 1205 0.122656 0.655556 0.057813 0.238889 0.888030 1920.000000 1080.000000
0 1206 0.123698 0.654630 0.057813 0.238889 0.884170 1920.000000 1080.000000
0 1207 0.124219 0.652778 0.057813 0.238889 0.876450 1920.000000 1080.000000
0 1208 0.125000 0.651389 0.057292 0.237963 0.872090 1920.000000 1080.000000
0 1209 0.125521 0.650000 0.057292 0.237037 0.867700 1920.000000 1080.000000
0 1210 0.126562 0.649074 0.057292 0.237037 0.863810 1920.000000 1080.000000
0 1211 0.127344 0.647222 0.056771 0.237037 0.856030 1920.000000 1080.000000
0 1212 0.128125 0.645370 0.056250 0.237037 0.852140 1920.000000 1080.000000
0 1213 0.129167 0.644444 0.056250 0.237037 0.848250 1920.000000 1080.000000
0 1214 0.129948 0.642593 0.055729 0.237037 0.840470 1920.000000 1080.000000
0 1215 0.130990 0.640741 0.055729 0.237037 0.832680 1920.000000 1080.000000
0 1216 0.131771 0.639815 0.055208 0.237037 0.828790 1920.000000 1080.000000
0 1217 0.132552 0.637963 0.054688 0.237037 0.821010 1920.000000 1080.000000
0 1218 0.133594 0.636111 0.054688 0.237037 0.813230 1920.000000 1080.000000
0 1219 0.134375 0.635185 0.054167 0.237037 0.809340 1920.000000 1080.000000
0 1220 0.135417 0.633333 0.054167 0.237037 0.801560 1920.000000 1080.000000
0 1221 0.136198 0.631481 0.053646 0.237037 0.793770 1920.000000 1080.000000
0 1222 0.137500 0.630556 0.053125 0.237037 0.789880 1920.000000 1080.000000
0 1223 0.138021 0.628241 0.053125 0.236111 0.781250 1920.000000 1080.000000
0 1224 0.139063 0.626389 0.053125 0.236111 0.773440 1920.000000 1080.000000
0 1225 0.140104 0.625000 0.053125 0.235185 0.768630 1920.000000 1080.000000
0 1226 0.141146 0.623148 0.053125 0.235185 0.760780 1920.000000 1080.000000
0 1227 0.142187 0.621759 0.053125 0.234259 0.755910 1920.000000 1080.000000
0 1228 0.143229 0.619907 0.053125 0.234259 0.748030 1920.000000 1080.000000
0 1229 0.144271 0.618056 0.053125 0.234259 0.740160 1920.000000 1080.000000
0 1230 0.145313 0.616667 0.053125 0.233333 0.735180 1920.000000 1080.000000
0 1231 0.146354 0.614815 0.053125 0.233333 0.727270 1920.000000 1080.000000
0 1232 0.147396 0.613426 0.053125 0.232407 0.722220 1920.000000 1080.000000
0 1233 0.148438 0.611574 0.053125 0.232407 0.719830 1920.000000 1080.000000
0 1234 0.149479 0.610185 0.053125 0.231481 0.720460 1920.000000 1080.000000
0 1235 0.150521 0.607870 0.053125 0.230556 0.710910 1920.000000 1080.000000
0 1236 0.151562 0.606481 0.053125 0.229630 0.686320 1920.000000 1080.000000
0 1237 0.152604 0.604630 0.053125 0.229630 0.663700 1920.000000 1080.000000
0 1238 0.153646 0.603241 0.053125 0.228704 0.635610 1920.000000 1080.000000
0 1239 0.154688 0.601852 0.053125 0.227778 0.615030 1920.000000 1080.000000
0 1240 0.155729 0.599537 0.053125 0.226852 0.593180 1920.000000 1080.000000
0 1241 0.156771 0.598148 0.053125 0.225926 0.574960 1920.000000 1080.000000
0 1242 0.157812 0.596296 0.053125 0.225926 0.550700 1920.000000 1080.000000
0 1243 0.158854 0.594907 0.053125 0.225000 0.534940 1920.000000 1080.000000
0 1244 0.159896 0.593519 0.053125 0.224074 0.520320 1920.000000 1080.000000
0 1245 0.160938 0.592593 0.053125 0.224074 0.502020 1920.000000 1080.000000
0 1246 0.161979 0.591667 0.053125 0.224074 0.489470 1920.000000 1080.000000
0 1247 0.163021 0.590741 0.053125 0.224074 0.477770 1920.000000 1080.000000
0 1248 0.164062 0.590741 0.053125 0.224074 0.468740 1920.000000 1080.000000
0 1249 0.165104 0.589815 0.053125 0.224074 0.456870 1920.000000 1080.000000
0 1250 0.166667 0.588889 0.053125 0.224074 0.446640 1920.000000 1080.000000
0 1251 0.167708 0.587963 0.053125 0.224074 0.443570 1920.000000 1080.000000
0 1252 0.168750 0.587963 0.053125 0.224074 0.437410 1920.000000 1080.000000
0 1253 0.169792 0.587037 0.053125 0.224074 0.428420 1920.000000 1080.000000
0 1254 0.170833 0.586111 0.053125 0.224074 0.427500 1920.000000 1080.000000
0 1255 0.172396 0.586111 0.053125 0.224074 0.422270 1920.000000 1080.000000
0 1256 0.172656 0.583796 0.052604 0.223148 0.420070 1920.000000 1080.000000
0 1257 0.173177 0.582407 0.052604 0.222222 0.419980 1920.000000 1080.000000
0 1258 0.173698 0.581019 0.052604 0.221296 0.420300 1920.000000 1080.000000
0 1259 0.173958 0.579167 0.052083 0.221296 0.419390 1920.000000 1080.000000
0 1260 0.174479 0.577778 0.052083 0.220370 0.425080 1920.000000 1080.000000
0 1261 0.175000 0.576389 0.052083 0.219444 0.422540 1920.000000 1080.000000
0 1262 0.175521 0.574537 0.051042 0.219444 0.432310 1920.000000 1080.000000
0 1263 0.176042 0.573148 0.051042 0.218519 0.446490 1920.000000 1080.000000
0 1264 0.176563 0.571759 0.051042 0.217593 0.460790 1920.000000 1080.000000
0 1265 0.176823 0.569907 0.050521 0.217593 0.472800 1920.000000 1080.000000
0 1266 0.177344 0.568519 0.050521 0.216667 0.487320 1920.000000 1080.000000
0 1267 0.177865 0.567130 0.050521 0.215741 0.506240 1920.000000 1080.000000
0 1268 0.178646 0.565741 0.050000 0.214815 0.523300 1920.000000 1080.000000
0 1269 0.178646 0.563426 0.050000 0.213889 0.539990 1920.000000 1080.000000
0 1270 0.179167 0.562037 0.050000 0.212963 0.555090 1920.000000 1080.000000
0 1271 0.179688 0.560185 0.050000 0.212963 0.572950 1920.000000 1080.000000
0 1272 0.180208 0.558796 0.050000 0.212037 0.593500 1920.000000 1080.000000
0 1273 0.180729 0.556944 0.050000 0.210185 0.617290 1920.000000 1080.000000
0 1274 0.181250 0.555093 0.050000 0.210185 0.632980 1920.000000 1080.000000
0 1275 0.181771 0.553704 0.050000 0.209259 0.654160 1920.000000 1080.000000
0 1276 0.182292 0.551852 0.050000 0.209259 0.660250 1920.000000 1080.000000
0 1277 0.182812 0.550000 0.050000 0.207407 0.658470 1920.000000 1080.000000
0 1278 0.183333 0.548611 0.050000 0.206481 0.657860 1920.000000 1080.000000
0 1279 0.183854 0.546759 0.050000 0.206481 0.646490 1920.000000 1080.000000
0 1280 0.184375 0.545370 0.050000 0.205556 0.629840 1920.000000 1080.000000
0 1281 0.184896 0.543981 0.050000 0.204630 0.597800 1920.000000 1080.000000
0 1282 0.185417 0.542130 0.050000 0.204630 0.571650 1920.000000 1080.000000
0 1283 0.186198 0.541204 0.049479 0.204630 0.550820 1920.000000 1080.000000
0 1284 0.186979 0.540278 0.050000 0.204630 0.515560 1920.000000 1080.000000
0 1285 0.187760 0.538889 0.049479 0.203704 0.486380 1920.000000 1080.000000
0 1286 0.188542 0.537963 0.048958 0.203704 0.465680 1920.000000 1080.000000
0 1287 0.189323 0.536574 0.049479 0.204630 0.431120 1920.000000 1080.000000
0 1288 0.190104 0.535648 0.048958 0.204630 0.403180 1920.000000 1080.000000
0 1289 0.190625 0.534259 0.048958 0.203704 0.382040 1920.000000 1080.000000
0 1290 0.191667 0.533333 0.048958 0.203704 0.350510 1920.000000 1080.000000
0 1291 0.192448 0.532407 0.048438 0.203704 0.322280 1920.000000 1080.000000
0 1292 0.192969 0.531019 0.048438 0.204630 0.298970 1920.000000 1080.000000
0 1293 0.194010 0.529630 0.048438 0.203704 0.268410 1920.000000 1080.000000
0 1294 0.194531 0.528704 0.048438 0.203704 0.249640 1920.000000 1080.000000
0 1295 0.195312 0.527778 0.047917 0.203704 0.237190 1920.000000 1080.000000
0 1296 0.196354 0.526852 0.047917 0.203704 0.229550 1920.000000 1080.000000
0 1297 0.196875 0.525926 0.047917 0.203704 0.211400 1920.000000 1080.000000
0 1298 0.197917 0.525000 0.047917 0.203704 0.189700 1920.000000 1080.000000
0 1299 0.198437 0.524074 0.047917 0.203704 0.174820 1920.000000 1080.000000
0 1300 0.199479 0.523148 0.047917 0.203704 0.146110 1920.000000 1080.000000
0 1301 0.200000 0.522222 0.047917 0.203704 0.135160 1920.000000 1080.000000
0 1302 0.201042 0.521296 0.047917 0.203704 0.106600 1920.000000 1080.000000
0 1303 0.201563 0.520370 0.047917 0.203704 0.095704 1920.000000 1080.000000
0 1304 0.202604 0.519444 0.047917 0.203704 0.074052 1920.000000 1080.000000
0 1305 0.203125 0.518519 0.047917 0.203704 0.049725 1920.000000 1080.000000
0 1306 0.204167 0.517593 0.047917 0.203704 0.017175 1920.000000 1080.000000
0 1307 0.204687 0.516667 0.047917 0.203704 0.009488 1920.000000 1080.000000
0 1308 0.205729 0.515741 0.047917 0.203704 0.019267 1920.000000 1080.000000
0 1309 0.206771 0.515741 0.047917 0.203704 0.025690 1920.000000 1080.000000
0 1310 0.207292 0.513426 0.047917 0.202778 0.033724 1920.000000 1080.000000
0 1311 0.207813 0.511574 0.047917 0.200926 0.042024 1920.000000 1080.000000
0 1312 0.208594 0.509722 0.048438 0.199074 0.053191 1920.000000 1080.000000
0 1313 0.209115 0.508333 0.048438 0.198148 0.063088 1920.000000 1080.000000
0 1314 0.209635 0.506481 0.048438 0.196296 0.069224 1920.000000 1080.000000
0 1315 0.210677 0.504630 0.048438 0.194444 0.082585 1920.000000 1080.000000
0 1316 0.211198 0.502778 0.048438 0.192593 0.089586 1920.000000 1080.000000
0 1317 0.211719 0.501389 0.048438 0.191667 0.100650 1920.000000 1080.000000
0 1318 0.212500 0.499537 0.048958 0.189815 0.110270 1920.000000 1080.000000
0 1319 0.213021 0.497685 0.048958 0.187963 0.122810 1920.000000 1080.000000
0 1320 0.214062 0.496296 0.048958 0.187037 0.135340 1920.000000 1080.000000
0 1321 0.214583 0.495370 0.048958 0.187037 0.141460 1920.000000 1080.000000
0 1322 0.215365 0.495370 0.048438 0.187037 0.155640 1920.000000 1080.000000
0 1323 0.216146 0.494907 0.047917 0.187963 0.164870 1920.000000 1080.000000
0 1324 0.216927 0.494444 0.047396 0.187037 0.187190 1920.000000 1080.000000
0 1325 0.217969 0.494444 0.047396 0.187037 0.201970 1920.000000 1080.000000
0 1326 0.218750 0.493981 0.046875 0.187963 0.217790 1920.000000 1080.000000
0 1327 0.219271 0.493519 0.046875 0.187037 0.235970 1920.000000 1080.000000
0 1328 0.220052 0.493056 0.046354 0.187963 0.252120 1920.000000 1080.000000
0 1329 0.221094 0.493056 0.046354 0.187963 0.264710 1920.000000 1080.000000
0 1330 0.221875 0.492593 0.045833 0.187037 0.280790 1920.000000 1080.000000
0 1331 0.222656 0.492130 0.045312 0.187963 0.289220 1920.000000 1080.000000
0 1332 0.223438 0.492130 0.044792 0.187963 0.312150 1920.000000 1080.000000
0 1333 0.224479 0.492130 0.044792 0.187963 0.337000 1920.000000 1080.000000
0 1334 0.225521 0.490741 0.044792 0.187037 0.354060 1920.000000 1080.000000
0 1335 0.226562 0.489815 0.044792 0.187037 0.374610 1920.000000 1080.000000
0 1336 0.227604 0.488426 0.044792 0.186111 0.388590 1920.000000 1080.000000
0 1337 0.229167 0.487500 0.044792 0.186111 0.416240 1920.000000 1080.000000
0 1338 0.230208 0.486574 0.044792 0.186111 0.431720 1920.000000 1080.000000
0 1339 0.231250 0.485185 0.044792 0.185185 0.443760 1920.000000 1080.000000
0 1340 0.232813 0.484259 0.044792 0.185185 0.464970 1920.000000 1080.000000
0 1341 0.233854 0.483333 0.044792 0.185185 0.477610 1920.000000 1080.000000
0 1342 0.234896 0.481944 0.044792 0.184259 0.456550 1920.000000 1080.000000
0 1343 0.235937 0.481019 0.044792 0.184259 0.465690 1920.000000 1080.000000
0 1344 0.237500 0.480093 0.044792 0.184259 0.483740 1920.000000 1080.000000
0 1345 0.238542 0.478704 0.044792 0.183333 0.490670 1920.000000 1080.000000
0 1346 0.239583 0.477778 0.044792 0.183333 0.494710 1920.000000 1080.000000
0 1347 0.241146 0.477315 0.044792 0.182407 0.524090 1920.000000 1080.000000
0 1348 0.240885 0.475463 0.044271 0.182407 0.511920 1920.000000 1080.000000
0 1349 0.241146 0.474537 0.043750 0.182407 0.513250 1920.000000 1080.000000
0 1350 0.241146 0.473611 0.042708 0.182407 0.516370 1920.000000 1080.000000
0 1351 0.241146 0.472685 0.042708 0.182407 0.508820 1920.000000 1080.000000
0 1352 0.241406 0.471759 0.042188 0.182407 0.508380 1920.000000 1080.000000
0 1353 0.241406 0.470370 0.041146 0.181481 0.486230 1920.000000 1080.000000
0 1354 0.241667 0.469444 0.040625 0.181481 0.455120 1920.000000 1080.000000
0 1355 0.241667 0.468519 0.040625 0.181481 0.425820 1920.000000 1080.000000
0 1356 0.241667 0.467593 0.039583 0.181481 0.390270 1920.000000 1080.000000
0 1357 0.241927 0.466667 0.039062 0.181481 0.358270 1920.000000 1080.000000
0 1358 0.242188 0.465741 0.038542 0.181481 0.319320 1920.000000 1080.000000
0 1359 0.241146 0.464352 0.038542 0.180556 0.294420 1920.000000 1080.000000
0 1360 0.240625 0.463889 0.038542 0.179630 0.268650 1920.000000 1080.000000
0 1361 0.240104 0.462963 0.038542 0.179630 0.241640 1920.000000 1080.000000
0 1362 0.239063 0.462500 0.038542 0.178704 0.228870 1920.000000 1080.000000
0 1363 0.238542 0.461111 0.038542 0.177778 0.191500 1920.000000 1080.000000
0 1364 0.238021 0.460648 0.038542 0.176852 0.180830 1920.000000 1080.000000
0 1365 0.236979 0.459722 0.038542 0.176852 0.163610 1920.000000 1080.000000
0 1366 0.236458 0.459259 0.038542 0.175926 0.153300 1920.000000 1080.000000
0 1367 0.235937 0.457870 0.038542 0.175000 0.132490 1920.000000 1080.000000
0 1368 0.234896 0.457407 0.038542 0.174074 0.120710 1920.000000 1080.000000
0 1369 0.234375 0.456481 0.038542 0.174074 0.106380 1920.000000 1080.000000
0 1370 0.233854 0.456019 0.038542 0.173148 0.092979 1920.000000 1080.000000
0 1371 0.232813 0.455093 0.038542 0.173148 0.079433 1920.000000 1080.000000
0 1372 0.231771 0.454167 0.038542 0.173148 0.067518 1920.000000 1080.000000
0 1373 0.231250 0.453241 0.038542 0.173148 0.054610 1920.000000 1080.000000
0 1374 0.230208 0.452315 0.038542 0.173148 0.042128 1920.000000 1080.000000
0 1375 0.229687 0.451852 0.038542 0.174074 0.026667 1920.000000 1080.000000
0 1376 0.228646 0.450926 0.038542 0.174074 0.018695 1920.000000 1080.000000
0 1377 0.228125 0.450463 0.038542 0.173148 0.007376 1920.000000 1080.000000
0 1378 0.227083 0.449537 0.038542 0.173148 0.000000 1920.000000 1080.000000
0 1379 0.226562 0.449074 0.038542 0.174074 0.000000 1920.000000 1080.000000
0 1380 0.225521 0.448148 0.038542 0.174074 0.000000 1920.000000 1080.000000
0 1381 0.225000 0.447222 0.038542 0.174074 0.000000 1920.000000 1080.000000
0 1382 0.223958 0.446296 0.038542 0.174074 0.000000 1920.000000 1080.000000
0 1383 0.223438 0.446296 0.038542 0.174074 0.000000 1920.000000 1080.000000
0 1384 0.222135 0.445370 0.039062 0.174074 0.000000 1920.000000 1080.000000
0 1385 0.220833 0.444444 0.039583 0.174074 0.000000 1920.000000 1080.000000
0 1386 0.219531 0.443981 0.040104 0.173148 0.000000 1920.000000 1080.000000
0 1387 0.218490 0.443519 0.040104 0.174074 0.000000 1920.000000 1080.000000
0 1388 0.217188 0.442593 0.040625 0.174074 0.000000 1920.000000 1080.000000
0 1389 0.215885 0.442130 0.041146 0.173148 0.000000 1920.000000 1080.000000
0 1390 0.214583 0.441204 0.041667 0.173148 0.000000 1920.000000 1080.000000
0 1391 0.213542 0.440741 0.041667 0.174074 0.000000 1920.000000 1080.000000
0 1392 0.212240 0.440278 0.042188 0.173148 0.000000 1920.000000 1080.000000
0 1393 0.210938 0.439352 0.042708 0.173148 0.000000 1920.000000 1080.000000
0 1394 0.209635 0.438426 0.043229 0.173148 0.000000 1920.000000 1080.000000
0 1395 0.208594 0.438426 0.043229 0.173148 0.000000 1920.000000 1080.000000
0 1396 0.207292 0.437500 0.043750 0.173148 0.000000 1920.000000 1080.000000
0 1397 0.205990 0.436574 0.044271 0.173148 0.000000 1920.000000 1080.000000
0 1398 0.204948 0.436574 0.044271 0.173148 0.000000 1920.000000 1080.000000
0 1399 0.202604 0.434722 0.043750 0.173148 0.000000 1920.000000 1080.000000
0 1400 0.200260 0.433796 0.043229 0.173148 0.003799 1920.000000 1080.000000
0 1401 0.198177 0.432870 0.043229 0.173148 0.019630 1920.000000 1080.000000
0 1402 0.195573 0.431019 0.042188 0.171296 0.033045 1920.000000 1080.000000
0 1403 0.193490 0.429630 0.041146 0.170370 0.048311 1920.000000 1080.000000
0 1404 0.190885 0.428241 0.040104 0.169444 0.068980 1920.000000 1080.000000
0 1405 0.188802 0.426389 0.039062 0.167593 0.088490 1920.000000 1080.000000
0 1406 0.186458 0.425463 0.038542 0.165741 0.090667 1920.000000 1080.000000
0 1407 0.184115 0.424074 0.036979 0.164815 0.097765 1920.000000 1080.000000
0 1408 0.181771 0.422222 0.036458 0.162963 0.101690 1920.000000 1080.000000
0 1409 0.179427 0.420833 0.034896 0.162037 0.109790 1920.000000 1080.000000
0 1410 0.177083 0.419444 0.034375 0.161111 0.113600 1920.000000 1080.000000
