0 1325 0.319271 0.297685 0.026042 0.132407 0.000000 1920.000000 1080.000000
0 1326 0.319531 0.297685 0.026562 0.132407 0.000000 1920.000000 1080.000000
0 1327 0.320052 0.297685 0.026562 0.132407 0.000000 1920.000000 1080.000000
0 1328 0.320833 0.297685 0.027083 0.132407 0.000000 1920.000000 1080.000000
0 1329 0.321094 0.297685 0.027604 0.132407 0.007202 1920.000000 1080.000000
0 1330 0.321875 0.297685 0.028125 0.132407 0.014141 1920.000000 1080.000000
0 1331 0.322396 0.297685 0.028125 0.132407 0.017677 1920.000000 1080.000000
0 1332 0.322656 0.297685 0.028646 0.132407 0.020833 1920.000000 1080.000000
0 1333 0.323437 0.297685 0.029167 0.132407 0.030702 1920.000000 1080.000000
0 1334 0.323958 0.297685 0.029167 0.132407 0.034113 1920.000000 1080.000000
0 1335 0.324740 0.298611 0.029687 0.132407 0.041667 1920.000000 1080.000000
0 1336 0.325260 0.298611 0.029687 0.132407 0.045139 1920.000000 1080.000000
0 1337 0.326302 0.298611 0.029687 0.132407 0.055556 1920.000000 1080.000000
0 1338 0.327344 0.298611 0.029687 0.132407 0.062500 1920.000000 1080.000000
0 1339 0.327865 0.298611 0.029687 0.132407 0.062500 1920.000000 1080.000000
0 1340 0.328906 0.298611 0.029687 0.132407 0.062500 1920.000000 1080.000000
0 1341 0.329948 0.298611 0.029687 0.132407 0.079981 1920.000000 1080.000000
0 1342 0.330990 0.299537 0.029687 0.132407 0.099617 1920.000000 1080.000000
0 1343 0.330990 0.300463 0.029687 0.132407 0.101770 1920.000000 1080.000000
0 1344 0.331510 0.301389 0.029687 0.132407 0.112670 1920.000000 1080.000000
0 1345 0.332031 0.302315 0.029687 0.132407 0.123560 1920.000000 1080.000000
0 1346 0.332031 0.303241 0.029687 0.132407 0.121650 1920.000000 1080.000000
0 1347 0.332552 0.304167 0.029687 0.132407 0.132420 1920.000000 1080.000000
0 1348 0.333073 0.305093 0.029687 0.132407 0.143200 1920.000000 1080.000000
0 1349 0.333073 0.305093 0.029687 0.132407 0.144160 1920.000000 1080.000000
0 1350 0.333594 0.305093 0.029687 0.132407 0.154090 1920.000000 1080.000000
0 1351 0.334115 0.306019 0.029687 0.132407 0.159480 1920.000000 1080.000000
0 1352 0.334635 0.306019 0.029687 0.132407 0.163910 1920.000000 1080.000000
0 1353 0.335156 0.306019 0.029687 0.132407 0.172770 1920.000000 1080.000000
0 1354 0.335677 0.306944 0.029687 0.132407 0.181870 1920.000000 1080.000000
0 1355 0.336198 0.306944 0.029687 0.132407 0.190610 1920.000000 1080.000000
0 1356 0.336719 0.306944 0.029687 0.132407 0.199350 1920.000000 1080.000000
0 1357 0.337240 0.307870 0.029687 0.132407 0.207970 1920.000000 1080.000000
0 1358 0.337240 0.307870 0.029687 0.132407 0.207970 1920.000000 1080.000000
0 1359 0.337760 0.308796 0.029687 0.132407 0.216360 1920.000000 1080.000000
0 1360 0.337760 0.308796 0.029687 0.132407 0.211570 1920.000000 1080.000000
0 1361 0.338281 0.309722 0.029687 0.132407 0.219590 1920.000000 1080.000000
0 1362 0.338281 0.309722 0.029687 0.132407 0.219590 1920.000000 1080.000000
0 1363 0.338802 0.310648 0.029687 0.132407 0.222340 1920.000000 1080.000000
0 1364 0.338802 0.310648 0.029687 0.132407 0.217310 1920.000000 1080.000000
0 1365 0.339323 0.311574 0.029687 0.132407 0.219470 1920.000000 1080.000000
0 1366 0.339323 0.311574 0.029687 0.132407 0.214320 1920.000000 1080.000000
0 1367 0.339844 0.311574 0.029687 0.132407 0.214680 1920.000000 1080.000000
0 1368 0.340365 0.311574 0.029687 0.132407 0.222940 1920.000000 1080.000000
0 1369 0.340885 0.311574 0.029687 0.132407 0.231200 1920.000000 1080.000000
0 1370 0.341406 0.311574 0.029687 0.132407 0.242340 1920.000000 1080.000000
0 1371 0.341927 0.311574 0.029687 0.132407 0.245570 1920.000000 1080.000000
0 1372 0.342448 0.311574 0.029687 0.132407 0.257060 1920.000000 1080.000000
0 1373 0.342969 0.311574 0.029687 0.132407 0.265570 1920.000000 1080.000000
0 1374 0.343490 0.311574 0.029687 0.132407 0.274070 1920.000000 1080.000000
0 1375 0.343490 0.311574 0.029687 0.132407 0.272270 1920.000000 1080.000000
0 1376 0.344010 0.311574 0.029687 0.132407 0.280890 1920.000000 1080.000000
0 1377 0.344010 0.311574 0.029687 0.132407 0.284360 1920.000000 1080.000000
0 1378 0.344531 0.312500 0.029687 0.132407 0.279690 1920.000000 1080.000000
0 1379 0.344531 0.312500 0.029687 0.132407 0.278020 1920.000000 1080.000000
0 1380 0.345052 0.312500 0.029687 0.132407 0.290470 1920.000000 1080.000000
0 1381 0.345052 0.312500 0.029687 0.132407 0.285200 1920.000000 1080.000000
0 1382 0.345573 0.313426 0.029687 0.132407 0.283520 1920.000000 1080.000000
0 1383 0.345573 0.313426 0.029687 0.132407 0.287360 1920.000000 1080.000000
0 1384 0.346094 0.313426 0.029687 0.132407 0.296340 1920.000000 1080.000000
0 1385 0.346615 0.313426 0.029687 0.132407 0.309390 1920.000000 1080.000000
0 1386 0.346615 0.313426 0.029687 0.132407 0.313460 1920.000000 1080.000000
0 1387 0.347135 0.313426 0.029687 0.132407 0.322680 1920.000000 1080.000000
0 1388 0.347656 0.313426 0.029687 0.132407 0.336210 1920.000000 1080.000000
0 1389 0.347656 0.313426 0.029687 0.132407 0.340520 1920.000000 1080.000000
0 1390 0.348177 0.313426 0.029687 0.132407 0.349980 1920.000000 1080.000000
0 1391 0.348698 0.313889 0.029687 0.133333 0.356960 1920.000000 1080.000000
0 1392 0.348958 0.313889 0.029167 0.133333 0.363220 1920.000000 1080.000000
0 1393 0.349479 0.314352 0.029167 0.134259 0.370220 1920.000000 1080.000000
0 1394 0.349740 0.314352 0.029687 0.134259 0.373170 1920.000000 1080.000000
0 1395 0.350000 0.314352 0.029167 0.134259 0.379720 1920.000000 1080.000000
0 1396 0.350521 0.314815 0.029167 0.135185 0.386560 1920.000000 1080.000000
0 1397 0.351042 0.314815 0.029167 0.135185 0.395990 1920.000000 1080.000000
0 1398 0.351562 0.315741 0.029167 0.135185 0.392770 1920.000000 1080.000000
0 1399 0.351562 0.315741 0.029167 0.135185 0.377730 1920.000000 1080.000000
0 1400 0.351562 0.315741 0.029167 0.135185 0.370210 1920.000000 1080.000000
0 1401 0.352083 0.316667 0.029167 0.135185 0.364480 1920.000000 1080.000000
0 1402 0.352083 0.316667 0.029167 0.135185 0.358750 1920.000000 1080.000000
0 1403 0.352604 0.316667 0.029167 0.135185 0.354220 1920.000000 1080.000000
0 1404 0.353125 0.317130 0.029167 0.136111 0.351940 1920.000000 1080.000000
0 1405 0.353125 0.317130 0.029167 0.136111 0.344590 1920.000000 1080.000000
0 1406 0.353646 0.317593 0.029167 0.137037 0.344750 1920.000000 1080.000000
0 1407 0.354167 0.317593 0.029167 0.137037 0.341690 1920.000000 1080.000000
0 1408 0.354427 0.318056 0.029687 0.137963 0.328740 1920.000000 1080.000000
0 1409 0.354687 0.318056 0.029167 0.137963 0.333330 1920.000000 1080.000000
0 1410 0.355208 0.318519 0.029167 0.138889 0.329030 1920.000000 1080.000000
0 1411 0.355469 0.318519 0.029687 0.138889 0.324500 1920.000000 1080.000000
0 1412 0.355990 0.318981 0.029687 0.139815 0.321010 1920.000000 1080.000000
0 1413 0.356250 0.318981 0.029167 0.139815 0.326060 1920.000000 1080.000000
0 1414 0.356510 0.319444 0.029687 0.140741 0.314180 1920.000000 1080.000000
0 1415 0.357031 0.319444 0.029687 0.140741 0.316430 1920.000000 1080.000000
0 1416 0.357552 0.319907 0.029687 0.141667 0.324560 1920.000000 1080.000000
0 1417 0.357552 0.319907 0.029687 0.141667 0.323780 1920.000000 1080.000000
0 1418 0.358073 0.320370 0.029687 0.142593 0.339270 1920.000000 1080.000000
0 1419 0.358594 0.320370 0.029687 0.142593 0.336600 1920.000000 1080.000000
0 1420 0.359115 0.321296 0.029687 0.142593 0.335150 1920.000000 1080.000000
0 1421 0.359115 0.321296 0.029687 0.142593 0.329480 1920.000000 1080.000000
0 1422 0.359115 0.321296 0.029687 0.142593 0.112790 1920.000000 1080.000000
0 1423 0.359115 0.322222 0.029687 0.142593 0.334040 1920.000000 1080.000000
0 1424 0.359115 0.322222 0.029687 0.142593 0.103780 1920.000000 1080.000000
0 1425 0.359115 0.322222 0.029687 0.142593 0.107450 1920.000000 1080.000000
0 1426 0.359115 0.323148 0.029687 0.142593 0.101000 1920.000000 1080.000000
0 1427 0.359115 0.323148 0.029687 0.142593 0.101000 1920.000000 1080.000000
0 1428 0.359115 0.324074 0.029687 0.142593 0.312120 1920.000000 1080.000000
0 1429 0.359115 0.324074 0.029687 0.142593 0.304120 1920.000000 1080.000000
0 1430 0.359115 0.324074 0.029687 0.142593 0.283760 1920.000000 1080.000000
0 1431 0.359115 0.325000 0.029687 0.142593 0.258060 1920.000000 1080.000000
0 1432 0.359115 0.325000 0.029687 0.142593 0.242830 1920.000000 1080.000000
0 1433 0.359115 0.325000 0.029687 0.142593 0.227590 1920.000000 1080.000000
0 1434 0.359115 0.325926 0.029687 0.142593 0.193660 1920.000000 1080.000000
0 1435 0.359115 0.325926 0.029687 0.142593 0.170410 1920.000000 1080.000000
0 1436 0.359115 0.326852 0.029687 0.142593 0.107450 1920.000000 1080.000000
0 1437 0.359115 0.326852 0.029687 0.142593 0.107450 1920.000000 1080.000000
0 1438 0.359115 0.326852 0.029687 0.142593 0.107450 1920.000000 1080.000000
0 1439 0.359115 0.327778 0.029687 0.142593 0.098331 1920.000000 1080.000000
0 1440 0.359115 0.327778 0.029687 0.142593 0.098331 1920.000000 1080.000000
0 1441 0.359115 0.328704 0.029687 0.142593 0.089210 1920.000000 1080.000000
0 1442 0.359115 0.328704 0.029687 0.142593 0.089210 1920.000000 1080.000000
0 1443 0.359115 0.328704 0.029687 0.142593 0.092881 1920.000000 1080.000000
0 1444 0.359115 0.328704 0.029687 0.142593 0.092881 1920.000000 1080.000000
0 1445 0.359115 0.328704 0.029687 0.142593 0.090323 1920.000000 1080.000000
0 1446 0.359115 0.328704 0.029687 0.142593 0.090323 1920.000000 1080.000000
0 1447 0.359115 0.328704 0.029687 0.142593 0.090323 1920.000000 1080.000000
0 1448 0.359115 0.328704 0.029687 0.142593 0.090323 1920.000000 1080.000000
0 1449 0.359115 0.328704 0.029687 0.142593 0.096774 1920.000000 1080.000000
0 1450 0.359115 0.328704 0.029687 0.142593 0.096774 1920.000000 1080.000000
0 1451 0.359115 0.329167 0.029687 0.143519 0.096154 1920.000000 1080.000000
0 1452 0.359115 0.329167 0.029687 0.143519 0.096154 1920.000000 1080.000000
0 1453 0.359115 0.329167 0.029687 0.143519 0.096154 1920.000000 1080.000000
0 1454 0.359115 0.329167 0.029687 0.143519 0.096154 1920.000000 1080.000000
0 1455 0.359115 0.329630 0.029687 0.142593 0.090323 1920.000000 1080.000000
0 1456 0.359115 0.329630 0.029687 0.142593 0.090323 1920.000000 1080.000000
0 1457 0.359115 0.329630 0.029687 0.142593 0.096774 1920.000000 1080.000000
0 1458 0.359115 0.329630 0.029687 0.142593 0.096774 1920.000000 1080.000000
0 1459 0.359115 0.329630 0.029687 0.142593 0.096774 1920.000000 1080.000000
0 1460 0.359115 0.330093 0.029687 0.143519 0.096154 1920.000000 1080.000000
0 1461 0.359115 0.330093 0.029687 0.143519 0.096154 1920.000000 1080.000000
0 1462 0.359115 0.330093 0.029687 0.143519 0.096154 1920.000000 1080.000000
0 1463 0.359115 0.330093 0.029687 0.143519 0.096154 1920.000000 1080.000000
0 1464 0.359115 0.330093 0.029687 0.143519 0.102560 1920.000000 1080.000000
0 1465 0.359115 0.330093 0.029687 0.143519 0.102560 1920.000000 1080.000000
0 1466 0.359115 0.330093 0.029687 0.143519 0.090628 1920.000000 1080.000000
0 1467 0.359115 0.330093 0.029687 0.143519 0.090628 1920.000000 1080.000000
0 1468 0.359115 0.330093 0.029687 0.143519 0.090628 1920.000000 1080.000000
0 1469 0.359115 0.331019 0.029687 0.143519 0.098806 1920.000000 1080.000000
0 1470 0.359635 0.331019 0.029687 0.143519 0.096154 1920.000000 1080.000000
0 1471 0.360156 0.331019 0.029687 0.143519 0.088638 1920.000000 1080.000000
0 1472 0.360677 0.331944 0.029687 0.143519 0.096154 1920.000000 1080.000000
0 1473 0.361198 0.331944 0.029687 0.143519 0.096154 1920.000000 1080.000000
0 1474 0.361719 0.331944 0.029687 0.143519 0.096154 1920.000000 1080.000000
0 1475 0.362760 0.332870 0.029687 0.143519 0.089744 1920.000000 1080.000000
0 1476 0.363281 0.332870 0.029687 0.143519 0.089744 1920.000000 1080.000000
0 1477 0.363802 0.333796 0.029687 0.143519 0.083333 1920.000000 1080.000000
0 1478 0.364323 0.333796 0.029687 0.143519 0.083333 1920.000000 1080.000000
0 1479 0.364844 0.333796 0.029687 0.143519 0.089744 1920.000000 1080.000000
0 1480 0.365885 0.334722 0.029687 0.143519 0.083333 1920.000000 1080.000000
0 1481 0.366406 0.334722 0.029687 0.143519 0.082339 1920.000000 1080.000000
0 1482 0.366927 0.334722 0.029687 0.143519 0.081344 1920.000000 1080.000000
0 1483 0.367448 0.335648 0.029687 0.143519 0.073939 1920.000000 1080.000000
0 1484 0.367969 0.335648 0.029687 0.143519 0.072944 1920.000000 1080.000000
0 1485 0.369010 0.336574 0.029687 0.143519 0.064545 1920.000000 1080.000000
0 1486 0.369531 0.336574 0.029687 0.143519 0.063550 1920.000000 1080.000000
0 1487 0.370052 0.336574 0.029687 0.143519 0.068081 1920.000000 1080.000000
0 1488 0.370573 0.337500 0.029687 0.143519 0.060566 1920.000000 1080.000000
0 1489 0.371094 0.337500 0.029687 0.143519 0.059461 1920.000000 1080.000000
0 1490 0.372135 0.338426 0.029687 0.143519 0.052166 1920.000000 1080.000000
0 1491 0.372656 0.338426 0.029687 0.143519 0.050177 1920.000000 1080.000000
0 1492 0.373177 0.338426 0.029687 0.143519 0.050840 1920.000000 1080.000000
0 1493 0.373698 0.339352 0.029687 0.143519 0.043546 1920.000000 1080.000000
0 1494 0.374219 0.339352 0.029687 0.143519 0.044540 1920.000000 1080.000000
0 1495 0.374740 0.339352 0.029687 0.143519 0.048187 1920.000000 1080.000000
0 1496 0.375781 0.340278 0.029687 0.143519 0.041446 1920.000000 1080.000000
0 1497 0.376302 0.340278 0.029687 0.143519 0.043103 1920.000000 1080.000000
0 1498 0.376823 0.341204 0.029687 0.143519 0.036030 1920.000000 1080.000000
0 1499 0.377344 0.341204 0.029687 0.143519 0.038019 1920.000000 1080.000000
0 1500 0.377865 0.341204 0.029687 0.143519 0.037467 1920.000000 1080.000000
0 1501 0.378906 0.342130 0.029687 0.143519 0.032493 1920.000000 1080.000000
0 1502 0.379427 0.342130 0.029687 0.143519 0.032051 1920.000000 1080.000000
0 1503 0.379948 0.343056 0.029687 0.143519 0.031609 1920.000000 1080.000000
0 1504 0.380469 0.343056 0.029687 0.143519 0.034593 1920.000000 1080.000000
0 1505 0.380990 0.343056 0.029687 0.143519 0.034262 1920.000000 1080.000000
0 1506 0.382031 0.343981 0.029687 0.143519 0.030725 1920.000000 1080.000000
0 1507 0.382552 0.343981 0.029687 0.143519 0.030504 1920.000000 1080.000000
0 1508 0.383073 0.343981 0.029687 0.143519 0.034372 1920.000000 1080.000000
0 1509 0.383594 0.344907 0.029687 0.143519 0.027851 1920.000000 1080.000000
0 1510 0.384115 0.344907 0.029687 0.143519 0.032051 1920.000000 1080.000000
0 1511 0.385156 0.345833 0.029687 0.143519 0.032051 1920.000000 1080.000000
0 1512 0.385677 0.345833 0.029687 0.143519 0.032051 1920.000000 1080.000000
0 1513 0.386198 0.345833 0.029687 0.143519 0.032051 1920.000000 1080.000000
0 1514 0.386719 0.346759 0.029687 0.143519 0.025641 1920.000000 1080.000000
0 1515 0.387240 0.346759 0.029687 0.143519 0.025641 1920.000000 1080.000000
0 1516 0.388281 0.347685 0.029687 0.143519 0.023541 1920.000000 1080.000000
0 1517 0.388802 0.347685 0.029687 0.143519 0.023652 1920.000000 1080.000000
0 1518 0.389323 0.347685 0.029687 0.143519 0.025641 1920.000000 1080.000000
0 1519 0.389844 0.348611 0.029687 0.143519 0.019231 1920.000000 1080.000000
0 1520 0.390365 0.348611 0.029687 0.143519 0.023983 1920.000000 1080.000000
0 1521 0.390885 0.348611 0.029687 0.143519 0.025641 1920.000000 1080.000000
0 1522 0.391927 0.349537 0.029687 0.143519 0.019231 1920.000000 1080.000000
0 1523 0.392448 0.349537 0.029687 0.143519 0.019231 1920.000000 1080.000000
0 1524 0.392969 0.349537 0.029687 0.143519 0.028073 1920.000000 1080.000000
0 1525 0.393490 0.350463 0.029687 0.143519 0.022878 1920.000000 1080.000000
0 1526 0.394010 0.350463 0.029687 0.143519 0.025309 1920.000000 1080.000000
0 1527 0.395052 0.350463 0.029687 0.143519 0.016910 1920.000000 1080.000000
0 1528 0.395573 0.351389 0.029687 0.143519 0.029178 1920.000000 1080.000000
0 1529 0.396094 0.351389 0.029687 0.143519 0.017020 1920.000000 1080.000000
0 1530 0.396615 0.351389 0.029687 0.143519 0.017020 1920.000000 1080.000000
0 1531 0.397135 0.352315 0.029687 0.143519 0.012821 1920.000000 1080.000000
0 1532 0.397656 0.352315 0.029687 0.143519 0.017131 1920.000000 1080.000000
0 1533 0.398698 0.352315 0.029687 0.143519 0.017020 1920.000000 1080.000000
0 1534 0.399219 0.353241 0.029687 0.143519 0.010610 1920.000000 1080.000000
0 1535 0.399740 0.353241 0.029687 0.143519 0.015805 1920.000000 1080.000000
0 1536 0.400260 0.353241 0.029687 0.143519 0.021110 1920.000000 1080.000000
0 1537 0.400781 0.354167 0.029687 0.143519 0.016689 1920.000000 1080.000000
0 1538 0.401823 0.354167 0.029687 0.143519 0.021662 1920.000000 1080.000000
0 1539 0.402344 0.354167 0.029687 0.143519 0.024978 1920.000000 1080.000000
0 1540 0.402865 0.355093 0.029687 0.143519 0.025088 1920.000000 1080.000000
0 1541 0.403385 0.355093 0.029687 0.143519 0.028294 1920.000000 1080.000000
0 1542 0.403906 0.355093 0.029687 0.143519 0.033488 1920.000000 1080.000000
0 1543 0.404948 0.356019 0.029687 0.143519 0.033820 1920.000000 1080.000000
0 1544 0.404948 0.356019 0.029687 0.143519 0.038351 1920.000000 1080.000000
0 1545 0.405469 0.356481 0.029687 0.144444 0.041731 1920.000000 1080.000000
0 1546 0.405990 0.356481 0.029687 0.144444 0.047441 1920.000000 1080.000000
0 1547 0.405990 0.356944 0.029687 0.145370 0.054343 1920.000000 1080.000000
0 1548 0.406510 0.357870 0.029687 0.145370 0.050633 1920.000000 1080.000000
0 1549 0.407031 0.357870 0.029687 0.145370 0.056526 1920.000000 1080.000000
0 1550 0.407031 0.358333 0.029687 0.146296 0.065387 1920.000000 1080.000000
0 1551 0.407552 0.358333 0.029687 0.146296 0.068206 1920.000000 1080.000000
0 1552 0.408073 0.359259 0.029687 0.146296 0.068749 1920.000000 1080.000000
0 1553 0.408073 0.359722 0.029687 0.147222 0.074784 1920.000000 1080.000000
0 1554 0.408594 0.359722 0.029687 0.147222 0.079095 1920.000000 1080.000000
0 1555 0.409115 0.360185 0.029687 0.148148 0.086100 1920.000000 1080.000000
0 1556 0.409115 0.360648 0.029687 0.147222 0.079095 1920.000000 1080.000000
0 1557 0.409635 0.361111 0.029687 0.148148 0.082673 1920.000000 1080.000000
0 1558 0.410156 0.361574 0.029687 0.149074 0.082163 1920.000000 1080.000000
0 1559 0.410677 0.361574 0.029687 0.149074 0.077267 1920.000000 1080.000000
0 1560 0.410677 0.362500 0.029687 0.149074 0.073542 1920.000000 1080.000000
0 1561 0.411198 0.362500 0.029687 0.149074 0.073542 1920.000000 1080.000000
0 1562 0.411719 0.362963 0.029687 0.150000 0.068119 1920.000000 1080.000000
0 1563 0.411719 0.363426 0.029687 0.150926 0.069807 1920.000000 1080.000000
0 1564 0.412240 0.363426 0.029687 0.150926 0.069807 1920.000000 1080.000000
0 1565 0.412760 0.364352 0.029687 0.150926 0.061817 1920.000000 1080.000000
0 1566 0.412760 0.364352 0.029687 0.150926 0.065812 1920.000000 1080.000000
0 1567 0.413281 0.364815 0.029687 0.151852 0.069488 1920.000000 1080.000000
0 1568 0.413802 0.365278 0.029687 0.152778 0.068758 1920.000000 1080.000000
0 1569 0.413802 0.365741 0.029687 0.151852 0.065517 1920.000000 1080.000000
0 1570 0.414323 0.366204 0.029687 0.152778 0.138350 1920.000000 1080.000000
0 1571 0.414844 0.366204 0.029687 0.152778 0.143540 1920.000000 1080.000000
0 1572 0.415365 0.366667 0.029687 0.153704 0.142680 1920.000000 1080.000000
0 1573 0.415365 0.367593 0.029687 0.153704 0.145050 1920.000000 1080.000000
0 1574 0.415885 0.367593 0.029687 0.153704 0.142680 1920.000000 1080.000000
0 1575 0.416406 0.368056 0.029687 0.154630 0.145420 1920.000000 1080.000000
0 1576 0.416406 0.368056 0.029687 0.154630 0.145420 1920.000000 1080.000000
0 1577 0.416927 0.368981 0.029687 0.154630 0.138140 1920.000000 1080.000000
0 1578 0.417448 0.369444 0.029687 0.155556 0.142220 1920.000000 1080.000000
0 1579 0.417448 0.369444 0.029687 0.155556 0.143240 1920.000000 1080.000000
0 1580 0.417969 0.369907 0.029687 0.156481 0.144930 1920.000000 1080.000000
0 1581 0.418490 0.369907 0.029687 0.156481 0.143810 1920.000000 1080.000000
0 1582 0.418490 0.370833 0.029687 0.156481 0.142600 1920.000000 1080.000000
0 1583 0.419010 0.371296 0.029687 0.157407 0.144790 1920.000000 1080.000000
0 1584 0.419531 0.371296 0.029687 0.157407 0.147710 1920.000000 1080.000000
0 1585 0.420052 0.371759 0.029687 0.158333 0.159580 1920.000000 1080.000000
0 1586 0.420052 0.372222 0.029687 0.157407 0.186430 1920.000000 1080.000000
0 1587 0.420573 0.372685 0.029687 0.158333 0.215620 1920.000000 1080.000000
0 1588 0.421094 0.373148 0.029687 0.159259 0.229720 1920.000000 1080.000000
0 1589 0.421094 0.373148 0.029687 0.159259 0.248950 1920.000000 1080.000000
0 1590 0.421615 0.374074 0.029687 0.159259 0.257330 1920.000000 1080.000000
0 1591 0.422135 0.374074 0.029687 0.159259 0.258420 1920.000000 1080.000000
0 1592 0.422135 0.374537 0.029687 0.160185 0.289730 1920.000000 1080.000000
0 1593 0.422656 0.375000 0.029687 0.161111 0.303940 1920.000000 1080.000000
0 1594 0.423177 0.375463 0.029687 0.160185 0.299450 1920.000000 1080.000000
0 1595 0.423177 0.375926 0.029687 0.161111 0.315670 1920.000000 1080.000000
0 1596 0.423698 0.375926 0.029687 0.161111 0.347980 1920.000000 1080.000000
0 1597 0.424219 0.376389 0.029687 0.162037 0.345120 1920.000000 1080.000000
0 1598 0.424740 0.377315 0.029687 0.162037 0.356780 1920.000000 1080.000000
0 1599 0.424740 0.377315 0.029687 0.162037 0.370690 1920.000000 1080.000000
0 1600 0.424740 0.377778 0.029687 0.162963 0.374250 1920.000000 1080.000000
0 1601 0.424740 0.378704 0.029687 0.162963 0.400250 1920.000000 1080.000000
0 1602 0.424740 0.378704 0.029687 0.162963 0.417980 1920.000000 1080.000000
0 1603 0.424740 0.379630 0.029687 0.162963 0.416130 1920.000000 1080.000000
0 1604 0.424740 0.380093 0.029687 0.163889 0.417470 1920.000000 1080.000000
0 1605 0.424740 0.380093 0.029687 0.163889 0.435300 1920.000000 1080.000000
0 1606 0.424740 0.381019 0.029687 0.163889 0.417470 1920.000000 1080.000000
0 1607 0.424740 0.381481 0.029687 0.164815 0.418800 1920.000000 1080.000000
0 1608 0.424740 0.382407 0.029687 0.164815 0.416970 1920.000000 1080.000000
0 1609 0.424740 0.382407 0.029687 0.164815 0.418800 1920.000000 1080.000000
0 1610 0.424740 0.382870 0.029687 0.165741 0.420210 1920.000000 1080.000000
0 1611 0.424740 0.383796 0.029687 0.165741 0.418300 1920.000000 1080.000000
0 1612 0.424740 0.383796 0.029687 0.165741 0.418300 1920.000000 1080.000000
0 1613 0.424740 0.384722 0.029687 0.165741 0.418300 1920.000000 1080.000000
0 1614 0.424740 0.385185 0.029687 0.166667 0.401790 1920.000000 1080.000000
0 1615 0.424740 0.386111 0.029687 0.166667 0.401790 1920.000000 1080.000000
0 1616 0.424740 0.386111 0.029687 0.166667 0.401790 1920.000000 1080.000000
0 1617 0.424740 0.386574 0.029687 0.167593 0.396930 1920.000000 1080.000000
0 1618 0.424740 0.387500 0.029687 0.167593 0.713240 1920.000000 1080.000000
0 1619 0.424740 0.387500 0.029687 0.167593 0.386890 1920.000000 1080.000000
0 1620 0.424740 0.388426 0.029687 0.167593 0.696760 1920.000000 1080.000000
0 1621 0.424740 0.388889 0.029687 0.168519 0.696530 1920.000000 1080.000000
0 1622 0.424740 0.388889 0.029687 0.168519 0.690220 1920.000000 1080.000000
0 1623 0.424740 0.389815 0.029687 0.168519 0.680140 1920.000000 1080.000000
0 1624 0.424740 0.390278 0.029687 0.169444 0.673730 1920.000000 1080.000000
0 1625 0.424740 0.391204 0.029687 0.169444 0.685250 1920.000000 1080.000000
0 1626 0.424740 0.391204 0.029687 0.169444 0.685810 1920.000000 1080.000000
0 1627 0.424740 0.391667 0.029687 0.170370 0.690960 1920.000000 1080.000000
0 1628 0.424740 0.392593 0.029687 0.170370 0.689280 1920.000000 1080.000000
0 1629 0.424740 0.392593 0.029687 0.170370 0.695900 1920.000000 1080.000000
0 1630 0.424740 0.393519 0.029687 0.170370 0.693570 1920.000000 1080.000000
0 1631 0.424740 0.393981 0.029687 0.171296 0.707820 1920.000000 1080.000000
0 1632 0.425000 0.394907 0.029167 0.171296 0.716370 1920.000000 1080.000000
0 1633 0.424740 0.394907 0.029687 0.171296 0.713850 1920.000000 1080.000000
0 1634 0.424740 0.395833 0.029687 0.171296 0.712460 1920.000000 1080.000000
0 1635 0.424479 0.395833 0.030208 0.171296 0.709310 1920.000000 1080.000000
0 1636 0.424479 0.396759 0.030208 0.171296 0.707950 1920.000000 1080.000000
0 1637 0.424479 0.397685 0.030208 0.171296 0.712780 1920.000000 1080.000000
0 1638 0.424219 0.397685 0.030729 0.171296 0.703580 1920.000000 1080.000000
0 1639 0.424219 0.398611 0.030729 0.171296 0.708420 1920.000000 1080.000000
0 1640 0.424219 0.399537 0.030729 0.171296 0.708420 1920.000000 1080.000000
0 1641 0.423958 0.399537 0.031250 0.171296 0.698920 1920.000000 1080.000000
0 1642 0.423958 0.400463 0.031250 0.171296 0.689410 1920.000000 1080.000000
0 1643 0.423698 0.400463 0.031771 0.171296 0.681150 1920.000000 1080.000000
0 1644 0.423698 0.401389 0.031771 0.171296 0.657820 1920.000000 1080.000000
0 1645 0.423698 0.402315 0.031771 0.171296 0.655390 1920.000000 1080.000000
0 1646 0.423438 0.402315 0.032292 0.171296 0.445040 1920.000000 1080.000000
0 1647 0.423438 0.403241 0.032292 0.171296 0.437620 1920.000000 1080.000000
0 1648 0.423438 0.404167 0.032292 0.171296 0.456310 1920.000000 1080.000000
0 1649 0.423177 0.404167 0.032813 0.171296 0.475050 1920.000000 1080.000000
0 1650 0.423177 0.405093 0.032813 0.171296 0.487650 1920.000000 1080.000000
0 1651 0.422917 0.405093 0.033333 0.171296 0.495530 1920.000000 1080.000000
0 1652 0.422917 0.406019 0.033333 0.171296 0.515960 1920.000000 1080.000000
0 1653 0.422917 0.406944 0.033333 0.171296 0.526800 1920.000000 1080.000000
0 1654 0.422656 0.406944 0.033854 0.171296 0.535270 1920.000000 1080.000000
0 1655 0.422656 0.407870 0.033854 0.171296 0.526150 1920.000000 1080.000000
0 1656 0.422656 0.408796 0.033854 0.171296 0.536580 1920.000000 1080.000000
0 1657 0.423177 0.409259 0.033854 0.172222 0.547890 1920.000000 1080.000000
0 1658 0.423958 0.410185 0.033333 0.172222 0.559930 1920.000000 1080.000000
0 1659 0.424740 0.411111 0.033854 0.172222 0.547400 1920.000000 1080.000000
0 1660 0.425521 0.412037 0.033333 0.172222 0.534270 1920.000000 1080.000000
0 1661 0.426302 0.412963 0.033854 0.172222 0.504460 1920.000000 1080.000000
0 1662 0.427083 0.413889 0.033333 0.172222 0.488360 1920.000000 1080.000000
0 1663 0.427865 0.415278 0.033854 0.173148 0.462440 1920.000000 1080.000000
0 1664 0.428646 0.416204 0.033333 0.173148 0.446070 1920.000000 1080.000000
0 1665 0.429427 0.417130 0.033854 0.173148 0.408850 1920.000000 1080.000000
0 1666 0.430208 0.418056 0.033333 0.173148 0.374710 1920.000000 1080.000000
0 1667 0.430990 0.418981 0.033854 0.173148 0.329060 1920.000000 1080.000000
0 1668 0.431771 0.419444 0.033333 0.174074 0.287420 1920.000000 1080.000000
0 1669 0.432552 0.420370 0.033854 0.174074 0.249640 1920.000000 1080.000000
0 1670 0.433333 0.421759 0.033333 0.175000 0.200810 1920.000000 1080.000000
0 1671 0.434115 0.422685 0.033854 0.175000 0.182930 1920.000000 1080.000000
0 1672 0.434896 0.423611 0.033333 0.175000 0.176520 1920.000000 1080.000000
0 1673 0.435677 0.424537 0.033854 0.175000 0.173680 1920.000000 1080.000000
0 1674 0.436458 0.425463 0.033333 0.175000 0.172390 1920.000000 1080.000000
0 1675 0.437240 0.426389 0.033854 0.175000 0.172730 1920.000000 1080.000000
0 1676 0.438021 0.427315 0.033333 0.175000 0.171260 1920.000000 1080.000000
0 1677 0.438802 0.428704 0.033854 0.175926 0.266700 1920.000000 1080.000000
0 1678 0.439583 0.429630 0.033333 0.175926 0.295610 1920.000000 1080.000000
0 1679 0.440365 0.430556 0.033854 0.175926 0.333100 1920.000000 1080.000000
0 1680 0.441146 0.431019 0.033333 0.176852 0.366110 1920.000000 1080.000000
0 1681 0.441927 0.431944 0.033854 0.176852 0.403090 1920.000000 1080.000000
0 1682 0.442708 0.432870 0.033333 0.176852 0.434540 1920.000000 1080.000000
0 1683 0.443490 0.433796 0.033854 0.176852 0.471200 1920.000000 1080.000000
0 1684 0.444271 0.435185 0.033333 0.177778 0.501160 1920.000000 1080.000000
0 1685 0.445052 0.436111 0.033854 0.177778 0.535960 1920.000000 1080.000000
0 1686 0.445833 0.437037 0.033333 0.177778 0.566040 1920.000000 1080.000000
0 1687 0.446615 0.437963 0.033854 0.177778 0.599540 1920.000000 1080.000000
0 1688 0.447396 0.438889 0.033333 0.177778 0.626940 1920.000000 1080.000000
0 1689 0.448177 0.439815 0.033854 0.177778 0.678760 1920.000000 1080.000000
0 1690 0.448958 0.440741 0.033333 0.177778 0.734950 1920.000000 1080.000000
0 1691 0.450000 0.442130 0.033333 0.178704 0.796590 1920.000000 1080.000000
0 1692 0.452083 0.442593 0.033333 0.179630 0.881970 1920.000000 1080.000000
0 1693 0.454167 0.443056 0.033333 0.180556 0.967740 1920.000000 1080.000000
0 1694 0.456250 0.443519 0.033333 0.181481 1.000000 1920.000000 1080.000000
0 1695 0.458333 0.443981 0.033333 0.182407 1.000000 1920.000000 1080.000000
0 1696 0.460677 0.444907 0.033854 0.182407 1.000000 1920.000000 1080.000000
0 1697 0.463021 0.445370 0.033333 0.183333 1.000000 1920.000000 1080.000000
0 1698 0.465104 0.445833 0.033333 0.184259 1.000000 1920.000000 1080.000000
0 1699 0.467187 0.446296 0.033333 0.185185 1.000000 1920.000000 1080.000000
0 1700 0.469531 0.447222 0.033854 0.185185 1.000000 1920.000000 1080.000000
0 1701 0.471615 0.447685 0.033854 0.186111 1.000000 1920.000000 1080.000000
0 1702 0.473698 0.448148 0.033854 0.187037 1.000000 1920.000000 1080.000000
0 1703 0.476042 0.448611 0.033333 0.187963 1.000000 1920.000000 1080.000000
0 1704 0.478385 0.449537 0.033854 0.187963 1.000000 1920.000000 1080.000000
0 1705 0.480469 0.450000 0.033854 0.188889 1.000000 1920.000000 1080.000000
0 1706 0.482552 0.450463 0.033854 0.189815 1.000000 1920.000000 1080.000000
0 1707 0.484635 0.450926 0.033854 0.190741 1.000000 1920.000000 1080.000000
0 1708 0.487240 0.451852 0.033854 0.190741 1.000000 1920.000000 1080.000000
0 1709 0.488802 0.451852 0.034896 0.190741 1.000000 1920.000000 1080.000000
0 1710 0.490625 0.452778 0.036458 0.190741 1.000000 1920.000000 1080.000000
0 1711 0.492448 0.452778 0.038021 0.190741 1.000000 1920.000000 1080.000000
0 1712 0.494010 0.453704 0.039062 0.190741 1.000000 1920.000000 1080.000000
0 1713 0.495833 0.453704 0.040625 0.190741 0.991500 1920.000000 1080.000000
0 1714 0.497656 0.454630 0.042188 0.190741 0.959060 1920.000000 1080.000000
0 1715 0.500781 0.455556 0.041146 0.190741 0.924460 1920.000000 1080.000000
0 1716 0.504167 0.456481 0.039583 0.190741 0.886630 1920.000000 1080.000000
0 1717 0.507292 0.457407 0.038542 0.190741 0.847790 1920.000000 1080.000000
0 1718 0.510677 0.458333 0.036979 0.190741 0.813470 1920.000000 1080.000000
0 1719 0.513802 0.459259 0.035937 0.190741 0.769770 1920.000000 1080.000000
0 1720 0.517188 0.461111 0.034375 0.190741 0.717360 1920.000000 1080.000000
0 1721 0.518490 0.460185 0.036979 0.190741 0.703700 1920.000000 1080.000000
0 1722 0.519792 0.460185 0.039583 0.190741 0.690570 1920.000000 1080.000000
0 1723 0.521615 0.460185 0.042188 0.190741 0.671500 1920.000000 1080.000000
0 1724 0.524740 0.460185 0.042188 0.190741 0.634150 1920.000000 1080.000000
0 1725 0.528125 0.460648 0.041667 0.189815 0.598470 1920.000000 1080.000000
0 1726 0.531771 0.461111 0.041667 0.190741 0.552450 1920.000000 1080.000000
0 1727 0.535156 0.461574 0.041146 0.189815 0.507710 1920.000000 1080.000000
0 1728 0.538802 0.462037 0.041146 0.190741 0.461900 1920.000000 1080.000000
0 1729 0.541927 0.462500 0.041146 0.189815 0.423300 1920.000000 1080.000000
0 1730 0.545312 0.462500 0.040625 0.189815 0.380180 1920.000000 1080.000000
0 1731 0.548958 0.463426 0.040625 0.189815 0.363770 1920.000000 1080.000000
0 1732 0.552344 0.463426 0.040104 0.189815 0.367560 1920.000000 1080.000000
0 1733 0.555990 0.464352 0.040104 0.189815 0.361840 1920.000000 1080.000000
0 1734 0.558854 0.464815 0.039583 0.190741 0.364260 1920.000000 1080.000000
0 1735 0.561979 0.465741 0.039583 0.190741 0.363760 1920.000000 1080.000000
0 1736 0.565104 0.466667 0.039583 0.190741 0.365270 1920.000000 1080.000000
0 1737 0.568229 0.467593 0.039583 0.190741 0.364200 1920.000000 1080.000000
0 1738 0.571354 0.468519 0.039583 0.190741 0.362320 1920.000000 1080.000000
0 1739 0.574479 0.469444 0.038542 0.192593 0.363640 1920.000000 1080.000000
0 1740 0.577604 0.470370 0.038542 0.192593 0.363640 1920.000000 1080.000000
0 1741 0.580729 0.471296 0.038542 0.192593 0.362110 1920.000000 1080.000000
0 1742 0.583854 0.472222 0.038542 0.192593 0.354070 1920.000000 1080.000000
0 1743 0.586979 0.473148 0.038542 0.192593 0.325360 1920.000000 1080.000000
0 1744 0.590365 0.474537 0.038021 0.193519 0.294400 1920.000000 1080.000000
0 1745 0.593490 0.474537 0.038021 0.193519 0.268980 1920.000000 1080.000000
0 1746 0.597135 0.475463 0.038021 0.193519 0.234750 1920.000000 1080.000000
0 1747 0.600781 0.475926 0.038021 0.192593 0.204130 1920.000000 1080.000000
0 1748 0.604427 0.476852 0.038021 0.192593 0.173670 1920.000000 1080.000000
0 1749 0.608073 0.477778 0.038021 0.192593 0.139660 1920.000000 1080.000000
0 1750 0.611198 0.478241 0.038021 0.191667 0.111880 1920.000000 1080.000000
0 1751 0.614844 0.479167 0.038021 0.191667 0.089267 1920.000000 1080.000000
0 1752 0.618490 0.479630 0.038021 0.190741 0.074945 1920.000000 1080.000000
0 1753 0.622135 0.480556 0.038021 0.190741 0.062280 1920.000000 1080.000000
0 1754 0.625781 0.481481 0.038021 0.190741 0.095182 1920.000000 1080.000000
0 1755 0.628906 0.481481 0.040104 0.190741 0.120400 1920.000000 1080.000000
0 1756 0.632031 0.481944 0.042188 0.191667 0.148330 1920.000000 1080.000000
0 1757 0.635417 0.481944 0.043750 0.191667 0.171100 1920.000000 1080.000000
0 1758 0.638542 0.482407 0.045833 0.192593 0.192680 1920.000000 1080.000000
0 1759 0.641927 0.482407 0.047396 0.192593 0.212610 1920.000000 1080.000000
0 1760 0.645052 0.482870 0.049479 0.193519 0.231850 1920.000000 1080.000000
0 1761 0.648438 0.482870 0.051042 0.193519 0.249490 1920.000000 1080.000000
0 1762 0.651563 0.483333 0.053125 0.194444 0.264210 1920.000000 1080.000000
0 1763 0.654948 0.483796 0.054688 0.195370 0.278300 1920.000000 1080.000000
0 1764 0.657813 0.483796 0.055208 0.195370 0.273580 1920.000000 1080.000000
0 1765 0.660677 0.483796 0.055729 0.195370 0.273580 1920.000000 1080.000000
0 1766 0.663542 0.484722 0.056250 0.195370 0.311410 1920.000000 1080.000000
0 1767 0.666406 0.484722 0.056771 0.195370 0.350470 1920.000000 1080.000000
0 1768 0.669271 0.485648 0.057292 0.195370 0.392830 1920.000000 1080.000000
0 1769 0.672135 0.485648 0.057813 0.195370 0.430260 1920.000000 1080.000000
0 1770 0.675260 0.486574 0.057813 0.195370 0.472160 1920.000000 1080.000000
0 1771 0.678125 0.486574 0.058333 0.195370 0.508350 1920.000000 1080.000000
0 1772 0.680990 0.486574 0.058854 0.195370 0.543900 1920.000000 1080.000000
0 1773 0.683854 0.487500 0.059375 0.195370 0.581620 1920.000000 1080.000000
0 1774 0.686719 0.487500 0.059896 0.195370 0.615730 1920.000000 1080.000000
0 1775 0.689583 0.488426 0.060417 0.195370 0.649250 1920.000000 1080.000000
0 1776 0.692448 0.488426 0.060937 0.195370 0.682200 1920.000000 1080.000000
0 1777 0.695833 0.489352 0.061458 0.195370 0.722410 1920.000000 1080.000000
0 1778 0.699219 0.489352 0.059896 0.195370 0.763700 1920.000000 1080.000000
0 1779 0.702604 0.489815 0.058333 0.196296 0.808090 1920.000000 1080.000000
0 1780 0.705990 0.489815 0.056771 0.196296 0.853730 1920.000000 1080.000000
0 1781 0.709375 0.490741 0.055208 0.196296 0.909090 1920.000000 1080.000000
0 1782 0.712760 0.490741 0.053646 0.196296 0.959910 1920.000000 1080.000000
0 1783 0.716406 0.491204 0.051562 0.197222 1.000000 1920.000000 1080.000000
0 1784 0.720052 0.491667 0.049479 0.198148 1.000000 1920.000000 1080.000000
0 1785 0.723958 0.492593 0.047917 0.198148 1.000000 1920.000000 1080.000000
0 1786 0.726823 0.493519 0.050521 0.198148 1.000000 1920.000000 1080.000000
0 1787 0.729688 0.494907 0.053125 0.199074 1.000000 1920.000000 1080.000000
0 1788 0.732552 0.496296 0.055729 0.200000 1.000000 1920.000000 1080.000000
0 1789 0.735417 0.497685 0.058333 0.200926 1.000000 1920.000000 1080.000000
0 1790 0.738281 0.499074 0.060937 0.201852 1.000000 1920.000000 1080.000000
0 1791 0.741406 0.499074 0.059896 0.201852 1.000000 1920.000000 1080.000000
0 1792 0.745052 0.499074 0.058854 0.201852 1.000000 1920.000000 1080.000000
0 1793 0.748698 0.499537 0.057813 0.200926 1.000000 1920.000000 1080.000000
0 1794 0.752083 0.499537 0.057292 0.200926 1.000000 1920.000000 1080.000000
0 1795 0.755729 0.499537 0.056250 0.200926 1.000000 1920.000000 1080.000000
0 1796 0.759375 0.500463 0.055208 0.200926 1.000000 1920.000000 1080.000000
0 1797 0.761979 0.500463 0.056250 0.200926 1.000000 1920.000000 1080.000000
0 1798 0.764844 0.500926 0.057813 0.200000 1.000000 1920.000000 1080.000000
0 1799 0.767708 0.500926 0.059375 0.200000 1.000000 1920.000000 1080.000000
0 1800 0.770312 0.501852 0.060417 0.200000 1.000000 1920.000000 1080.000000
0 1801 0.773177 0.501852 0.061979 0.200000 1.000000 1920.000000 1080.000000
0 1802 0.776042 0.502315 0.063542 0.199074 1.000000 1920.000000 1080.000000
0 1803 0.778906 0.503241 0.065104 0.199074 1.000000 1920.000000 1080.000000
0 1804 0.783073 0.503241 0.063021 0.199074 1.000000 1920.000000 1080.000000
0 1805 0.787500 0.503704 0.060417 0.200000 1.000000 1920.000000 1080.000000
0 1806 0.791667 0.504167 0.058333 0.200926 1.000000 1920.000000 1080.000000
0 1807 0.796094 0.504630 0.055729 0.200000 1.000000 1920.000000 1080.000000
0 1808 0.800260 0.505093 0.053646 0.200926 1.000000 1920.000000 1080.000000
0 1809 0.804688 0.505556 0.051042 0.201852 0.984320 1920.000000 1080.000000
0 1810 0.809115 0.506481 0.048438 0.201852 0.934320 1920.000000 1080.000000
0 1811 0.811198 0.506944 0.050521 0.202778 0.890260 1920.000000 1080.000000
0 1812 0.813542 0.507870 0.053125 0.202778 0.844310 1920.000000 1080.000000
0 1813 0.815625 0.508333 0.055208 0.203704 0.808180 1920.000000 1080.000000
0 1814 0.817969 0.509259 0.057813 0.203704 0.770600 1920.000000 1080.000000
0 1815 0.820052 0.509722 0.059896 0.204630 0.740600 1920.000000 1080.000000
0 1816 0.822396 0.510648 0.062500 0.204630 0.709550 1920.000000 1080.000000
0 1817 0.824740 0.511574 0.065104 0.204630 0.681470 1920.000000 1080.000000
0 1818 0.831250 0.510648 0.060417 0.204630 0.603760 1920.000000 1080.000000
0 1819 0.838021 0.510648 0.056250 0.204630 0.526660 1920.000000 1080.000000
0 1820 0.844792 0.510648 0.052083 0.204630 0.489160 1920.000000 1080.000000
0 1821 0.848177 0.510648 0.054688 0.204630 0.513260 1920.000000 1080.000000
0 1822 0.851823 0.511111 0.056771 0.205556 0.511540 1920.000000 1080.000000
0 1823 0.855208 0.512037 0.059375 0.205556 0.474170 1920.000000 1080.000000
0 1824 0.858854 0.512500 0.061458 0.206481 0.428460 1920.000000 1080.000000
0 1825 0.862240 0.512963 0.064062 0.207407 0.397490 1920.000000 1080.000000
0 1826 0.865885 0.513889 0.066146 0.207407 0.393890 1920.000000 1080.000000
0 1827 0.869271 0.514352 0.068750 0.208333 0.388980 1920.000000 1080.000000
0 1828 0.872917 0.514815 0.070833 0.209259 0.385450 1920.000000 1080.000000
0 1829 0.876823 0.515741 0.073438 0.209259 0.378850 1920.000000 1080.000000
0 1830 0.880729 0.514815 0.069792 0.209259 0.372100 1920.000000 1080.000000
0 1831 0.884635 0.513889 0.066146 0.209259 0.365360 1920.000000 1080.000000
0 1832 0.888802 0.513889 0.063021 0.209259 0.358710 1920.000000 1080.000000
0 1833 0.892708 0.512963 0.059375 0.209259 0.351660 1920.000000 1080.000000
0 1834 0.896615 0.512037 0.055729 0.209259 0.310530 1920.000000 1080.000000
