0 1430 0.338281 0.247685 0.023438 0.115741 0.037785 1920.000000 1080.000000
0 1431 0.339323 0.247685 0.023438 0.115741 0.034852 1920.000000 1080.000000
0 1432 0.340885 0.247685 0.023438 0.115741 0.038992 1920.000000 1080.000000
0 1433 0.342448 0.247685 0.023438 0.115741 0.043478 1920.000000 1080.000000
0 1434 0.343750 0.247685 0.023958 0.115741 0.047957 1920.000000 1080.000000
0 1435 0.345052 0.247685 0.023438 0.115741 0.047964 1920.000000 1080.000000
0 1436 0.346615 0.247685 0.023438 0.115741 0.052105 1920.000000 1080.000000
0 1437 0.347917 0.247685 0.023958 0.115741 0.058764 1920.000000 1080.000000
0 1438 0.349479 0.247685 0.023958 0.115741 0.063154 1920.000000 1080.000000
0 1439 0.350781 0.247685 0.023438 0.115741 0.063320 1920.000000 1080.000000
0 1440 0.352344 0.247685 0.023438 0.115741 0.067460 1920.000000 1080.000000
0 1441 0.353646 0.247685 0.023958 0.115741 0.074806 1920.000000 1080.000000
0 1442 0.355208 0.247685 0.023958 0.115741 0.067545 1920.000000 1080.000000
0 1443 0.356510 0.247685 0.023438 0.115741 0.063492 1920.000000 1080.000000
0 1444 0.357812 0.247685 0.023958 0.115741 0.070922 1920.000000 1080.000000
0 1445 0.359375 0.247685 0.023958 0.115741 0.067882 1920.000000 1080.000000
0 1446 0.360938 0.247685 0.023958 0.115741 0.067882 1920.000000 1080.000000
0 1447 0.361979 0.247685 0.023958 0.115741 0.070922 1920.000000 1080.000000
0 1448 0.363542 0.247685 0.023958 0.115741 0.068051 1920.000000 1080.000000
0 1449 0.365104 0.247685 0.023958 0.115741 0.075819 1920.000000 1080.000000
0 1450 0.366667 0.247685 0.023958 0.115741 0.075988 1920.000000 1080.000000
0 1451 0.368229 0.247685 0.023958 0.115741 0.080547 1920.000000 1080.000000
0 1452 0.369792 0.247685 0.023958 0.115741 0.080885 1920.000000 1080.000000
0 1453 0.371354 0.247685 0.023958 0.115741 0.080885 1920.000000 1080.000000
0 1454 0.372917 0.247685 0.023958 0.115741 0.088821 1920.000000 1080.000000
0 1455 0.374479 0.248611 0.023958 0.115741 0.085613 1920.000000 1080.000000
0 1456 0.376042 0.248611 0.023958 0.115741 0.086120 1920.000000 1080.000000
0 1457 0.378125 0.248611 0.023958 0.115741 0.091017 1920.000000 1080.000000
0 1458 0.379688 0.248611 0.023958 0.115741 0.096758 1920.000000 1080.000000
0 1459 0.381250 0.248611 0.023958 0.115741 0.103850 1920.000000 1080.000000
0 1460 0.382812 0.249537 0.023958 0.115741 0.094732 1920.000000 1080.000000
0 1461 0.384375 0.249537 0.023958 0.115741 0.097771 1920.000000 1080.000000
0 1462 0.385937 0.249537 0.023958 0.115741 0.090341 1920.000000 1080.000000
0 1463 0.387500 0.249537 0.023958 0.115741 0.085275 1920.000000 1080.000000
0 1464 0.389583 0.249537 0.023958 0.115741 0.088821 1920.000000 1080.000000
0 1465 0.391146 0.250463 0.023958 0.115741 0.082236 1920.000000 1080.000000
0 1466 0.392708 0.250463 0.023958 0.115741 0.083587 1920.000000 1080.000000
0 1467 0.394271 0.250463 0.023958 0.115741 0.084938 1920.000000 1080.000000
0 1468 0.395833 0.250463 0.023958 0.115741 0.086626 1920.000000 1080.000000
0 1469 0.397396 0.251389 0.023958 0.115741 0.080209 1920.000000 1080.000000
0 1470 0.399479 0.251389 0.023958 0.115741 0.083249 1920.000000 1080.000000
0 1471 0.401042 0.251389 0.023958 0.115741 0.084769 1920.000000 1080.000000
0 1472 0.402604 0.251389 0.023958 0.115741 0.084769 1920.000000 1080.000000
0 1473 0.404167 0.251389 0.023958 0.115741 0.088821 1920.000000 1080.000000
0 1474 0.405729 0.252315 0.023958 0.115741 0.082573 1920.000000 1080.000000
0 1475 0.407292 0.252315 0.023958 0.115741 0.084262 1920.000000 1080.000000
0 1476 0.408854 0.252315 0.023958 0.115741 0.084262 1920.000000 1080.000000
0 1477 0.410938 0.252315 0.023958 0.115741 0.087639 1920.000000 1080.000000
0 1478 0.412500 0.252315 0.023958 0.115741 0.087639 1920.000000 1080.000000
0 1479 0.414062 0.253241 0.023958 0.115741 0.085951 1920.000000 1080.000000
0 1480 0.415625 0.253241 0.023958 0.115741 0.085951 1920.000000 1080.000000
0 1481 0.417187 0.253241 0.023958 0.115741 0.090510 1920.000000 1080.000000
0 1482 0.418750 0.253241 0.023958 0.115741 0.091861 1920.000000 1080.000000
0 1483 0.420833 0.254167 0.023958 0.115741 0.085275 1920.000000 1080.000000
0 1484 0.421875 0.253704 0.023958 0.116667 0.096666 1920.000000 1080.000000
0 1485 0.423438 0.253704 0.023958 0.116667 0.096666 1920.000000 1080.000000
0 1486 0.425000 0.253704 0.023958 0.116667 0.100850 1920.000000 1080.000000
0 1487 0.426302 0.254167 0.024479 0.117593 0.100590 1920.000000 1080.000000
0 1488 0.427604 0.254167 0.023958 0.117593 0.100070 1920.000000 1080.000000
0 1489 0.429167 0.254167 0.023958 0.117593 0.105050 1920.000000 1080.000000
0 1490 0.430469 0.253704 0.024479 0.118519 0.137440 1920.000000 1080.000000
0 1491 0.432031 0.254167 0.024479 0.119444 0.169710 1920.000000 1080.000000
0 1492 0.433594 0.254167 0.024479 0.119444 0.209780 1920.000000 1080.000000
0 1493 0.434635 0.254167 0.024479 0.119444 0.217790 1920.000000 1080.000000
0 1494 0.436198 0.254167 0.024479 0.119444 0.239580 1920.000000 1080.000000
0 1495 0.437760 0.254630 0.024479 0.120370 0.251270 1920.000000 1080.000000
0 1496 0.439063 0.254167 0.025000 0.121296 0.270410 1920.000000 1080.000000
0 1497 0.440625 0.254167 0.025000 0.121296 0.280300 1920.000000 1080.000000
0 1498 0.441927 0.254167 0.024479 0.121296 0.295140 1920.000000 1080.000000
0 1499 0.443229 0.254630 0.025000 0.122222 0.301980 1920.000000 1080.000000
0 1500 0.444792 0.254630 0.025000 0.122222 0.317940 1920.000000 1080.000000
0 1501 0.446354 0.254630 0.025000 0.122222 0.329140 1920.000000 1080.000000
0 1502 0.447917 0.255093 0.025000 0.123148 0.350900 1920.000000 1080.000000
0 1503 0.448698 0.255093 0.025521 0.123148 0.345970 1920.000000 1080.000000
0 1504 0.450000 0.256019 0.026042 0.123148 0.355430 1920.000000 1080.000000
0 1505 0.450781 0.256481 0.026562 0.122222 0.354680 1920.000000 1080.000000
0 1506 0.452083 0.257407 0.027083 0.122222 0.362600 1920.000000 1080.000000
0 1507 0.452865 0.257870 0.027604 0.121296 0.340630 1920.000000 1080.000000
0 1508 0.454167 0.258796 0.028125 0.121296 0.342010 1920.000000 1080.000000
0 1509 0.455208 0.258796 0.028125 0.121296 0.335260 1920.000000 1080.000000
0 1510 0.456250 0.258796 0.028125 0.121296 0.331960 1920.000000 1080.000000
0 1511 0.457292 0.258796 0.028125 0.121296 0.319010 1920.000000 1080.000000
0 1512 0.458333 0.258796 0.028125 0.121296 0.323830 1920.000000 1080.000000
0 1513 0.459896 0.259722 0.028125 0.121296 0.318730 1920.000000 1080.000000
0 1514 0.460938 0.259722 0.028125 0.121296 0.310880 1920.000000 1080.000000
0 1515 0.461979 0.259722 0.028125 0.121296 0.296970 1920.000000 1080.000000
0 1516 0.463021 0.259722 0.028125 0.121296 0.320110 1920.000000 1080.000000
0 1517 0.464583 0.260648 0.028125 0.121296 0.322040 1920.000000 1080.000000
0 1518 0.465104 0.261574 0.028125 0.121296 0.333750 1920.000000 1080.000000
0 1519 0.465885 0.262963 0.027604 0.122222 0.321080 1920.000000 1080.000000
0 1520 0.466927 0.264352 0.027604 0.123148 0.307630 1920.000000 1080.000000
0 1521 0.467448 0.265741 0.027604 0.124074 0.309330 1920.000000 1080.000000
0 1522 0.468490 0.266667 0.027604 0.124074 0.306720 1920.000000 1080.000000
0 1523 0.469271 0.268056 0.027083 0.125000 0.313820 1920.000000 1080.000000
0 1524 0.470052 0.269444 0.027604 0.125926 0.304410 1920.000000 1080.000000
0 1525 0.470833 0.270833 0.027083 0.126852 0.299560 1920.000000 1080.000000
0 1526 0.471875 0.272685 0.027083 0.126852 0.297100 1920.000000 1080.000000
0 1527 0.472396 0.272685 0.027083 0.126852 0.297100 1920.000000 1080.000000
0 1528 0.473177 0.272685 0.027604 0.126852 0.304350 1920.000000 1080.000000
0 1529 0.473698 0.272685 0.027604 0.126852 0.304350 1920.000000 1080.000000
0 1530 0.474740 0.273611 0.027604 0.126852 0.297100 1920.000000 1080.000000
0 1531 0.475260 0.273611 0.027604 0.126852 0.304350 1920.000000 1080.000000
0 1532 0.476042 0.273611 0.028125 0.126852 0.310410 1920.000000 1080.000000
0 1533 0.476823 0.274537 0.027604 0.126852 0.310520 1920.000000 1080.000000
0 1534 0.477604 0.274537 0.028125 0.126852 0.316470 1920.000000 1080.000000
0 1535 0.478125 0.274537 0.028125 0.126852 0.326750 1920.000000 1080.000000
0 1536 0.479167 0.275463 0.028125 0.126852 0.323320 1920.000000 1080.000000
0 1537 0.479167 0.275463 0.028125 0.126852 0.329780 1920.000000 1080.000000
0 1538 0.479687 0.275463 0.028125 0.126852 0.333730 1920.000000 1080.000000
0 1539 0.480208 0.275463 0.028125 0.126852 0.340050 1920.000000 1080.000000
0 1540 0.480208 0.275463 0.028125 0.126852 0.340970 1920.000000 1080.000000
0 1541 0.480729 0.275463 0.028125 0.126852 0.351380 1920.000000 1080.000000
0 1542 0.481250 0.276389 0.028125 0.126852 0.344140 1920.000000 1080.000000
0 1543 0.481250 0.276389 0.028125 0.126852 0.351380 1920.000000 1080.000000
0 1544 0.481771 0.276389 0.028125 0.126852 0.357580 1920.000000 1080.000000
0 1545 0.482292 0.276389 0.028125 0.126852 0.361790 1920.000000 1080.000000
0 1546 0.482292 0.276389 0.028125 0.126852 0.369040 1920.000000 1080.000000
0 1547 0.482812 0.277315 0.028125 0.126852 0.361790 1920.000000 1080.000000
0 1548 0.483333 0.277315 0.028125 0.126852 0.372200 1920.000000 1080.000000
0 1549 0.483333 0.277315 0.028125 0.126852 0.373520 1920.000000 1080.000000
0 1550 0.483854 0.277315 0.028125 0.126852 0.379450 1920.000000 1080.000000
0 1551 0.484375 0.277315 0.028125 0.126852 0.382610 1920.000000 1080.000000
0 1552 0.484375 0.277315 0.028125 0.126852 0.388410 1920.000000 1080.000000
0 1553 0.484896 0.278241 0.028125 0.126852 0.381160 1920.000000 1080.000000
0 1554 0.485417 0.278241 0.028125 0.126852 0.389860 1920.000000 1080.000000
0 1555 0.485417 0.278241 0.028125 0.126852 0.394200 1920.000000 1080.000000
0 1556 0.485938 0.278241 0.028125 0.126852 0.397100 1920.000000 1080.000000
0 1557 0.486458 0.278241 0.028125 0.126852 0.400000 1920.000000 1080.000000
0 1558 0.486979 0.279167 0.028125 0.126852 0.395650 1920.000000 1080.000000
0 1559 0.486979 0.279167 0.028125 0.126852 0.395650 1920.000000 1080.000000
0 1560 0.486979 0.279630 0.028125 0.127778 0.389930 1920.000000 1080.000000
0 1561 0.486979 0.279630 0.028125 0.127778 0.391630 1920.000000 1080.000000
0 1562 0.486979 0.280556 0.028125 0.127778 0.384430 1920.000000 1080.000000
0 1563 0.486979 0.280556 0.028125 0.127778 0.384430 1920.000000 1080.000000
0 1564 0.486979 0.281019 0.028125 0.128704 0.378700 1920.000000 1080.000000
0 1565 0.486979 0.281481 0.028125 0.127778 0.374230 1920.000000 1080.000000
0 1566 0.486979 0.281944 0.028125 0.128704 0.373120 1920.000000 1080.000000
0 1567 0.486979 0.281944 0.028125 0.128704 0.373120 1920.000000 1080.000000
0 1568 0.486979 0.282870 0.028125 0.128704 0.362860 1920.000000 1080.000000
0 1569 0.486979 0.282870 0.028125 0.128704 0.362860 1920.000000 1080.000000
0 1570 0.487240 0.283333 0.028646 0.129630 0.362720 1920.000000 1080.000000
0 1571 0.487240 0.283333 0.028646 0.129630 0.362720 1920.000000 1080.000000
0 1572 0.487240 0.284259 0.028646 0.129630 0.359680 1920.000000 1080.000000
0 1573 0.487240 0.284259 0.028646 0.129630 0.359680 1920.000000 1080.000000
0 1574 0.487240 0.284722 0.028646 0.130556 0.357140 1920.000000 1080.000000
0 1575 0.487240 0.285185 0.028646 0.129630 0.358280 1920.000000 1080.000000
0 1576 0.487240 0.285648 0.028646 0.130556 0.355760 1920.000000 1080.000000
0 1577 0.487240 0.285648 0.028646 0.130556 0.362800 1920.000000 1080.000000
0 1578 0.487240 0.286574 0.028646 0.130556 0.352870 1920.000000 1080.000000
0 1579 0.487240 0.286574 0.028646 0.130556 0.354120 1920.000000 1080.000000
0 1580 0.487240 0.287037 0.028646 0.131481 0.353270 1920.000000 1080.000000
0 1581 0.487500 0.287963 0.029167 0.131481 0.346220 1920.000000 1080.000000
0 1582 0.487500 0.287963 0.029167 0.131481 0.352960 1920.000000 1080.000000
0 1583 0.487500 0.287963 0.029167 0.131481 0.349280 1920.000000 1080.000000
0 1584 0.487500 0.288426 0.029167 0.132407 0.341740 1920.000000 1080.000000
0 1585 0.487500 0.288426 0.029167 0.132407 0.344300 1920.000000 1080.000000
0 1586 0.487500 0.289352 0.029167 0.132407 0.337960 1920.000000 1080.000000
0 1587 0.487500 0.289352 0.029167 0.132407 0.341130 1920.000000 1080.000000
0 1588 0.487500 0.289815 0.029167 0.133333 0.335030 1920.000000 1080.000000
0 1589 0.487500 0.289815 0.029167 0.133333 0.335150 1920.000000 1080.000000
0 1590 0.487500 0.290741 0.029167 0.133333 0.323530 1920.000000 1080.000000
0 1591 0.487500 0.290741 0.029167 0.133333 0.325350 1920.000000 1080.000000
0 1592 0.487500 0.290741 0.029167 0.133333 0.316150 1920.000000 1080.000000
0 1593 0.487500 0.291204 0.029167 0.134259 0.312670 1920.000000 1080.000000
0 1594 0.487500 0.291204 0.029167 0.134259 0.310860 1920.000000 1080.000000
0 1595 0.487500 0.292130 0.029167 0.134259 0.299450 1920.000000 1080.000000
0 1596 0.487500 0.292130 0.029167 0.134259 0.292480 1920.000000 1080.000000
0 1597 0.487500 0.292593 0.029167 0.135185 0.295740 1920.000000 1080.000000
0 1598 0.487500 0.292593 0.029167 0.135185 0.293470 1920.000000 1080.000000
0 1599 0.487500 0.293519 0.029167 0.135185 0.287860 1920.000000 1080.000000
0 1600 0.488021 0.294444 0.029167 0.135185 0.281060 1920.000000 1080.000000
0 1601 0.488542 0.295370 0.029167 0.135185 0.283330 1920.000000 1080.000000
0 1602 0.489063 0.296296 0.029167 0.135185 0.278200 1920.000000 1080.000000
0 1603 0.489583 0.297222 0.029167 0.135185 0.276520 1920.000000 1080.000000
0 1604 0.490104 0.298148 0.029167 0.135185 0.273780 1920.000000 1080.000000
0 1605 0.490625 0.300000 0.029167 0.135185 0.265430 1920.000000 1080.000000
0 1606 0.491146 0.300926 0.029167 0.135185 0.260170 1920.000000 1080.000000
0 1607 0.491667 0.301852 0.029167 0.135185 0.262800 1920.000000 1080.000000
0 1608 0.492188 0.302778 0.029167 0.135185 0.306120 1920.000000 1080.000000
0 1609 0.492708 0.303704 0.029167 0.135185 0.306120 1920.000000 1080.000000
0 1610 0.493229 0.304630 0.029167 0.135185 0.306120 1920.000000 1080.000000
0 1611 0.493750 0.306481 0.029167 0.135185 0.292520 1920.000000 1080.000000
0 1612 0.494271 0.307407 0.029167 0.135185 0.292520 1920.000000 1080.000000
0 1613 0.494792 0.308333 0.029167 0.135185 0.292520 1920.000000 1080.000000
0 1614 0.495312 0.309259 0.029167 0.135185 0.285710 1920.000000 1080.000000
0 1615 0.495833 0.310185 0.029167 0.135185 0.285710 1920.000000 1080.000000
0 1616 0.496354 0.311111 0.029167 0.135185 0.285710 1920.000000 1080.000000
0 1617 0.497396 0.312963 0.029167 0.135185 0.272110 1920.000000 1080.000000
0 1618 0.497396 0.312963 0.029167 0.135185 0.278910 1920.000000 1080.000000
0 1619 0.497396 0.312963 0.029167 0.135185 0.285710 1920.000000 1080.000000
0 1620 0.497656 0.313889 0.029687 0.135185 0.278910 1920.000000 1080.000000
0 1621 0.497656 0.313889 0.029687 0.135185 0.285710 1920.000000 1080.000000
0 1622 0.497656 0.313889 0.029687 0.135185 0.292520 1920.000000 1080.000000
0 1623 0.497917 0.314815 0.030208 0.135185 0.285710 1920.000000 1080.000000
0 1624 0.497917 0.314815 0.030208 0.135185 0.292520 1920.000000 1080.000000
0 1625 0.498177 0.315741 0.030729 0.135185 0.292520 1920.000000 1080.000000
0 1626 0.498177 0.315741 0.030729 0.135185 0.292520 1920.000000 1080.000000
0 1627 0.498177 0.315741 0.030729 0.135185 0.302490 1920.000000 1080.000000
0 1628 0.498437 0.316667 0.031250 0.135185 0.295640 1920.000000 1080.000000
0 1629 0.498437 0.316667 0.031250 0.135185 0.301100 1920.000000 1080.000000
0 1630 0.498958 0.317593 0.031250 0.135185 0.291180 1920.000000 1080.000000
0 1631 0.498958 0.317130 0.031250 0.136111 0.305830 1920.000000 1080.000000
0 1632 0.498958 0.316667 0.031250 0.137037 0.306080 1920.000000 1080.000000
0 1633 0.499479 0.316204 0.031250 0.137963 0.321640 1920.000000 1080.000000
0 1634 0.499479 0.315741 0.031250 0.138889 0.331230 1920.000000 1080.000000
0 1635 0.500000 0.315741 0.031250 0.138889 0.328300 1920.000000 1080.000000
0 1636 0.500000 0.315278 0.031250 0.139815 0.342210 1920.000000 1080.000000
0 1637 0.500521 0.314815 0.031250 0.140741 0.343620 1920.000000 1080.000000
0 1638 0.500521 0.314352 0.031250 0.141667 0.352670 1920.000000 1080.000000
0 1639 0.501042 0.314815 0.031250 0.142593 0.352090 1920.000000 1080.000000
0 1640 0.500521 0.314815 0.031250 0.142593 0.355370 1920.000000 1080.000000
0 1641 0.500260 0.315741 0.031771 0.142593 0.346720 1920.000000 1080.000000
0 1642 0.500000 0.315741 0.031250 0.142593 0.356740 1920.000000 1080.000000
0 1643 0.499740 0.316667 0.031771 0.142593 0.358170 1920.000000 1080.000000
0 1644 0.499479 0.316667 0.031250 0.142593 0.355260 1920.000000 1080.000000
0 1645 0.499219 0.317593 0.031771 0.142593 0.348280 1920.000000 1080.000000
0 1646 0.498958 0.317593 0.032292 0.142593 0.349820 1920.000000 1080.000000
0 1647 0.498698 0.318519 0.031771 0.142593 0.344020 1920.000000 1080.000000
0 1648 0.498437 0.318519 0.032292 0.142593 0.348390 1920.000000 1080.000000
0 1649 0.498177 0.319444 0.031771 0.142593 0.342660 1920.000000 1080.000000
0 1650 0.497917 0.319444 0.032292 0.142593 0.348390 1920.000000 1080.000000
0 1651 0.497917 0.320370 0.032292 0.142593 0.342860 1920.000000 1080.000000
0 1652 0.497396 0.321296 0.032292 0.142593 0.335070 1920.000000 1080.000000
0 1653 0.496875 0.323148 0.032292 0.142593 0.327290 1920.000000 1080.000000
0 1654 0.496875 0.324074 0.032292 0.142593 0.320840 1920.000000 1080.000000
0 1655 0.496354 0.325926 0.032292 0.142593 0.313060 1920.000000 1080.000000
0 1656 0.495833 0.326852 0.032292 0.142593 0.305270 1920.000000 1080.000000
0 1657 0.495833 0.328704 0.032292 0.142593 0.298820 1920.000000 1080.000000
0 1658 0.495833 0.328704 0.032292 0.142593 0.300150 1920.000000 1080.000000
0 1659 0.495833 0.329630 0.032292 0.142593 0.294930 1920.000000 1080.000000
0 1660 0.495833 0.329630 0.032292 0.142593 0.301380 1920.000000 1080.000000
0 1661 0.495833 0.330556 0.032292 0.142593 0.294930 1920.000000 1080.000000
0 1662 0.495833 0.330556 0.032292 0.142593 0.301380 1920.000000 1080.000000
0 1663 0.496354 0.331481 0.032292 0.142593 0.296160 1920.000000 1080.000000
0 1664 0.496354 0.331481 0.032292 0.142593 0.302610 1920.000000 1080.000000
0 1665 0.496354 0.332407 0.032292 0.142593 0.296160 1920.000000 1080.000000
0 1666 0.496354 0.332407 0.032292 0.142593 0.297290 1920.000000 1080.000000
0 1667 0.496354 0.333333 0.032292 0.142593 0.297390 1920.000000 1080.000000
0 1668 0.496354 0.333333 0.032292 0.142593 0.298410 1920.000000 1080.000000
0 1669 0.496875 0.334259 0.032292 0.142593 0.298620 1920.000000 1080.000000
0 1670 0.496875 0.334259 0.032292 0.142593 0.299540 1920.000000 1080.000000
0 1671 0.496875 0.335185 0.032292 0.142593 0.299030 1920.000000 1080.000000
0 1672 0.496875 0.335185 0.032292 0.142593 0.300050 1920.000000 1080.000000
0 1673 0.496875 0.336111 0.032292 0.142593 0.299640 1920.000000 1080.000000
0 1674 0.497396 0.337037 0.032292 0.142593 0.295750 1920.000000 1080.000000
0 1675 0.497396 0.337037 0.032292 0.142593 0.297080 1920.000000 1080.000000
0 1676 0.497396 0.337037 0.032292 0.142593 0.303840 1920.000000 1080.000000
0 1677 0.497917 0.337500 0.032292 0.143519 0.304030 1920.000000 1080.000000
0 1678 0.497917 0.337963 0.032292 0.142593 0.305380 1920.000000 1080.000000
0 1679 0.497917 0.337963 0.032292 0.142593 0.306500 1920.000000 1080.000000
0 1680 0.498437 0.338426 0.032292 0.143519 0.311760 1920.000000 1080.000000
0 1681 0.498437 0.338426 0.032292 0.143519 0.312170 1920.000000 1080.000000
0 1682 0.498698 0.338889 0.031771 0.142593 0.288870 1920.000000 1080.000000
0 1683 0.498958 0.339352 0.032292 0.143519 0.296600 1920.000000 1080.000000
0 1684 0.498958 0.339352 0.032292 0.143519 0.297720 1920.000000 1080.000000
0 1685 0.499219 0.339815 0.031771 0.142593 0.306140 1920.000000 1080.000000
0 1686 0.499479 0.340278 0.032292 0.143519 0.304740 1920.000000 1080.000000
0 1687 0.499740 0.340278 0.031771 0.143519 0.317410 1920.000000 1080.000000
0 1688 0.499740 0.340278 0.031771 0.143519 0.311620 1920.000000 1080.000000
0 1689 0.500000 0.341204 0.032292 0.143519 0.305860 1920.000000 1080.000000
0 1690 0.500260 0.341204 0.031771 0.143519 0.308310 1920.000000 1080.000000
0 1691 0.500260 0.341204 0.031771 0.143519 0.304690 1920.000000 1080.000000
0 1692 0.500781 0.342130 0.031771 0.143519 0.297770 1920.000000 1080.000000
0 1693 0.500260 0.342130 0.031771 0.143519 0.298180 1920.000000 1080.000000
0 1694 0.499740 0.343056 0.031771 0.143519 0.295700 1920.000000 1080.000000
0 1695 0.499740 0.343981 0.031771 0.143519 0.288250 1920.000000 1080.000000
0 1696 0.499219 0.344907 0.031771 0.143519 0.285570 1920.000000 1080.000000
0 1697 0.499219 0.345833 0.031771 0.143519 0.280600 1920.000000 1080.000000
0 1698 0.498698 0.346759 0.031771 0.143519 0.273160 1920.000000 1080.000000
0 1699 0.498698 0.347685 0.031771 0.143519 0.266750 1920.000000 1080.000000
0 1700 0.498177 0.347685 0.031771 0.143519 0.269440 1920.000000 1080.000000
0 1701 0.497656 0.348611 0.031771 0.143519 0.264470 1920.000000 1080.000000
0 1702 0.497656 0.349537 0.031771 0.143519 0.259200 1920.000000 1080.000000
0 1703 0.497135 0.350463 0.031771 0.143519 0.252070 1920.000000 1080.000000
0 1704 0.497135 0.351389 0.031771 0.143519 0.249070 1920.000000 1080.000000
0 1705 0.496615 0.352315 0.031771 0.143519 0.244620 1920.000000 1080.000000
0 1706 0.496615 0.353241 0.031771 0.143519 0.237180 1920.000000 1080.000000
0 1707 0.496094 0.353241 0.031771 0.143519 0.237180 1920.000000 1080.000000
0 1708 0.495573 0.354167 0.031771 0.143519 0.233560 1920.000000 1080.000000
0 1709 0.495573 0.355093 0.031771 0.143519 0.228700 1920.000000 1080.000000
0 1710 0.495052 0.356019 0.031771 0.143519 0.223120 1920.000000 1080.000000
0 1711 0.495052 0.356944 0.031771 0.143519 0.216600 1920.000000 1080.000000
0 1712 0.494531 0.357870 0.031771 0.143519 0.216710 1920.000000 1080.000000
0 1713 0.494531 0.358796 0.031771 0.143519 0.208230 1920.000000 1080.000000
0 1714 0.494010 0.358796 0.031771 0.143519 0.208230 1920.000000 1080.000000
0 1715 0.493490 0.358796 0.031771 0.143519 0.211230 1920.000000 1080.000000
0 1716 0.492969 0.358796 0.031771 0.143519 0.212990 1920.000000 1080.000000
0 1717 0.492448 0.358796 0.031771 0.143519 0.216190 1920.000000 1080.000000
0 1718 0.491927 0.359722 0.031771 0.143519 0.210400 1920.000000 1080.000000
0 1719 0.491406 0.359722 0.031771 0.143519 0.212570 1920.000000 1080.000000
0 1720 0.491146 0.359722 0.032292 0.143519 0.215810 1920.000000 1080.000000
0 1721 0.490625 0.359722 0.032292 0.143519 0.219580 1920.000000 1080.000000
0 1722 0.490104 0.360648 0.032292 0.143519 0.212660 1920.000000 1080.000000
0 1723 0.489583 0.360648 0.032292 0.143519 0.216730 1920.000000 1080.000000
0 1724 0.489323 0.360648 0.031771 0.143519 0.219810 1920.000000 1080.000000
0 1725 0.488802 0.360648 0.031771 0.143519 0.222290 1920.000000 1080.000000
0 1726 0.488281 0.361574 0.031771 0.143519 0.217430 1920.000000 1080.000000
0 1727 0.488021 0.361574 0.032292 0.143519 0.221820 1920.000000 1080.000000
0 1728 0.487500 0.361574 0.032292 0.143519 0.222930 1920.000000 1080.000000
0 1729 0.486979 0.361574 0.032292 0.143519 0.228020 1920.000000 1080.000000
0 1730 0.486458 0.362500 0.032292 0.143519 0.221410 1920.000000 1080.000000
0 1731 0.485938 0.362500 0.032292 0.143519 0.226500 1920.000000 1080.000000
0 1732 0.485417 0.362500 0.032292 0.143519 0.230460 1920.000000 1080.000000
0 1733 0.484896 0.362500 0.032292 0.143519 0.217130 1920.000000 1080.000000
0 1734 0.484896 0.363426 0.032292 0.143519 0.227720 1920.000000 1080.000000
0 1735 0.483854 0.363426 0.032292 0.143519 0.211640 1920.000000 1080.000000
0 1736 0.483333 0.364352 0.032292 0.143519 0.227210 1920.000000 1080.000000
0 1737 0.482552 0.365278 0.031771 0.143519 0.223740 1920.000000 1080.000000
0 1738 0.481771 0.365278 0.032292 0.143519 0.226090 1920.000000 1080.000000
0 1739 0.481250 0.366204 0.032292 0.143519 0.223040 1920.000000 1080.000000
0 1740 0.480469 0.367130 0.031771 0.143519 0.222810 1920.000000 1080.000000
0 1741 0.479687 0.367130 0.032292 0.143519 0.225680 1920.000000 1080.000000
0 1742 0.478906 0.368056 0.031771 0.143519 0.221670 1920.000000 1080.000000
0 1743 0.478385 0.368981 0.031771 0.143519 0.218160 1920.000000 1080.000000
0 1744 0.477604 0.368981 0.032292 0.143519 0.225170 1920.000000 1080.000000
0 1745 0.476823 0.369907 0.031771 0.143519 0.221670 1920.000000 1080.000000
0 1746 0.476302 0.370833 0.031771 0.143519 0.218260 1920.000000 1080.000000
0 1747 0.475781 0.371759 0.031771 0.143519 0.216290 1920.000000 1080.000000
0 1748 0.474219 0.372222 0.031771 0.144444 0.222420 1920.000000 1080.000000
0 1749 0.473177 0.372685 0.031771 0.145370 0.221930 1920.000000 1080.000000
0 1750 0.472135 0.373148 0.031771 0.146296 0.221340 1920.000000 1080.000000
0 1751 0.471094 0.374074 0.031771 0.146296 0.216980 1920.000000 1080.000000
0 1752 0.469792 0.374537 0.032292 0.147222 0.219740 1920.000000 1080.000000
0 1753 0.468750 0.375000 0.032292 0.148148 0.221240 1920.000000 1080.000000
0 1754 0.467708 0.376389 0.032292 0.149074 0.214480 1920.000000 1080.000000
0 1755 0.466406 0.376852 0.031771 0.150000 0.218290 1920.000000 1080.000000
0 1756 0.465365 0.377315 0.031771 0.150926 0.217740 1920.000000 1080.000000
0 1757 0.464062 0.377778 0.032292 0.151852 0.219340 1920.000000 1080.000000
0 1758 0.463021 0.378704 0.032292 0.151852 0.219910 1920.000000 1080.000000
0 1759 0.461979 0.379167 0.032292 0.152778 0.220600 1920.000000 1080.000000
0 1760 0.460938 0.379630 0.032292 0.153704 0.220800 1920.000000 1080.000000
0 1761 0.459896 0.381019 0.032292 0.154630 0.214000 1920.000000 1080.000000
0 1762 0.459115 0.381944 0.032813 0.154630 0.209450 1920.000000 1080.000000
0 1763 0.458594 0.382870 0.032813 0.154630 0.209080 1920.000000 1080.000000
0 1764 0.458073 0.383796 0.032813 0.154630 0.203310 1920.000000 1080.000000
0 1765 0.457552 0.384722 0.032813 0.154630 0.203500 1920.000000 1080.000000
0 1766 0.457031 0.385648 0.032813 0.154630 0.197820 1920.000000 1080.000000
0 1767 0.456250 0.387037 0.033333 0.155556 0.196900 1920.000000 1080.000000
0 1768 0.455729 0.387963 0.033333 0.155556 0.195270 1920.000000 1080.000000
0 1769 0.455208 0.388889 0.033333 0.155556 0.191440 1920.000000 1080.000000
0 1770 0.454688 0.389815 0.033333 0.155556 0.189350 1920.000000 1080.000000
0 1771 0.454167 0.390741 0.033333 0.155556 0.189350 1920.000000 1080.000000
0 1772 0.453646 0.392130 0.033333 0.156481 0.182350 1920.000000 1080.000000
0 1773 0.452604 0.392130 0.033333 0.156481 0.187780 1920.000000 1080.000000
0 1774 0.451562 0.392130 0.033333 0.156481 0.198550 1920.000000 1080.000000
0 1775 0.450781 0.392130 0.033854 0.156481 0.204280 1920.000000 1080.000000
0 1776 0.449740 0.392130 0.033854 0.156481 0.213370 1920.000000 1080.000000
0 1777 0.448958 0.392593 0.033333 0.157407 0.216280 1920.000000 1080.000000
0 1778 0.448177 0.392593 0.033854 0.157407 0.224790 1920.000000 1080.000000
0 1779 0.447135 0.392593 0.033854 0.157407 0.229930 1920.000000 1080.000000
0 1780 0.446094 0.392593 0.033854 0.157407 0.238080 1920.000000 1080.000000
0 1781 0.445573 0.393519 0.033854 0.157407 0.236310 1920.000000 1080.000000
0 1782 0.444010 0.393981 0.033854 0.158333 0.241370 1920.000000 1080.000000
0 1783 0.442969 0.394907 0.033854 0.158333 0.244190 1920.000000 1080.000000
0 1784 0.441927 0.395833 0.033854 0.160185 0.246950 1920.000000 1080.000000
0 1785 0.440885 0.396759 0.033854 0.160185 0.249390 1920.000000 1080.000000
0 1786 0.439583 0.397685 0.034375 0.160185 0.249870 1920.000000 1080.000000
0 1787 0.438542 0.398611 0.034375 0.162037 0.254660 1920.000000 1080.000000
0 1788 0.437500 0.399537 0.034375 0.162037 0.254660 1920.000000 1080.000000
0 1789 0.436458 0.400926 0.034375 0.162963 0.256430 1920.000000 1080.000000
0 1790 0.435417 0.400926 0.034375 0.162963 0.261400 1920.000000 1080.000000
0 1791 0.434375 0.400926 0.034375 0.162963 0.268400 1920.000000 1080.000000
0 1792 0.433333 0.401852 0.034375 0.162963 0.269920 1920.000000 1080.000000
0 1793 0.432292 0.401852 0.034375 0.162963 0.278860 1920.000000 1080.000000
0 1794 0.431771 0.402778 0.034375 0.162963 0.275320 1920.000000 1080.000000
0 1795 0.430729 0.402778 0.034375 0.162963 0.275570 1920.000000 1080.000000
0 1796 0.429688 0.403704 0.034375 0.162963 0.269840 1920.000000 1080.000000
0 1797 0.428646 0.403704 0.034375 0.162963 0.270510 1920.000000 1080.000000
0 1798 0.427604 0.403704 0.034375 0.162963 0.269840 1920.000000 1080.000000
0 1799 0.427083 0.404630 0.034375 0.162963 0.268660 1920.000000 1080.000000
0 1800 0.426042 0.404630 0.034375 0.162963 0.267560 1920.000000 1080.000000
0 1801 0.425000 0.405556 0.034375 0.162963 0.259130 1920.000000 1080.000000
0 1802 0.423958 0.405556 0.034375 0.162963 0.260730 1920.000000 1080.000000
0 1803 0.423438 0.406481 0.034375 0.162963 0.252970 1920.000000 1080.000000
0 1804 0.421875 0.407870 0.034375 0.165741 0.255560 1920.000000 1080.000000
0 1805 0.420833 0.409259 0.034375 0.168519 0.255850 1920.000000 1080.000000
0 1806 0.419271 0.411111 0.034375 0.170370 0.259780 1920.000000 1080.000000
0 1807 0.418229 0.412500 0.034375 0.173148 0.259770 1920.000000 1080.000000
0 1808 0.417187 0.414815 0.034375 0.175926 0.263890 1920.000000 1080.000000
0 1809 0.415625 0.415278 0.034375 0.176852 0.271220 1920.000000 1080.000000
0 1810 0.414583 0.416204 0.034375 0.176852 0.297030 1920.000000 1080.000000
0 1811 0.413542 0.416667 0.034375 0.177778 0.309570 1920.000000 1080.000000
0 1812 0.412500 0.417593 0.034375 0.177778 0.312120 1920.000000 1080.000000
0 1813 0.411458 0.418056 0.034375 0.178704 0.338050 1920.000000 1080.000000
0 1814 0.409896 0.419444 0.034375 0.179630 0.359430 1920.000000 1080.000000
0 1815 0.408854 0.419907 0.034375 0.180556 0.366360 1920.000000 1080.000000
0 1816 0.407813 0.420833 0.034375 0.180556 0.390420 1920.000000 1080.000000
0 1817 0.406771 0.421296 0.034375 0.181481 0.408440 1920.000000 1080.000000
0 1818 0.405729 0.422222 0.034375 0.181481 0.425180 1920.000000 1080.000000
0 1819 0.404687 0.423611 0.034375 0.182407 0.434190 1920.000000 1080.000000
0 1820 0.403906 0.424537 0.034896 0.182407 0.456330 1920.000000 1080.000000
0 1821 0.403385 0.425463 0.034896 0.182407 0.459150 1920.000000 1080.000000
0 1822 0.402865 0.427315 0.034896 0.182407 0.484630 1920.000000 1080.000000
0 1823 0.402604 0.428241 0.035417 0.182407 0.498760 1920.000000 1080.000000
0 1824 0.402083 0.429630 0.035417 0.181481 0.521520 1920.000000 1080.000000
0 1825 0.401562 0.431019 0.035417 0.182407 0.527960 1920.000000 1080.000000
0 1826 0.401302 0.431944 0.035937 0.182407 0.538820 1920.000000 1080.000000
0 1827 0.400781 0.433333 0.035937 0.181481 0.536480 1920.000000 1080.000000
0 1828 0.400260 0.434722 0.035937 0.182407 0.538380 1920.000000 1080.000000
0 1829 0.400000 0.436111 0.036458 0.181481 0.533920 1920.000000 1080.000000
0 1830 0.399479 0.437037 0.036458 0.181481 0.533920 1920.000000 1080.000000
0 1831 0.398958 0.438426 0.036458 0.182407 0.532650 1920.000000 1080.000000
0 1832 0.398438 0.439815 0.036458 0.181481 0.530280 1920.000000 1080.000000
0 1833 0.398177 0.440741 0.036979 0.181481 0.531440 1920.000000 1080.000000
0 1834 0.397656 0.442593 0.036979 0.181481 0.527780 1920.000000 1080.000000
0 1835 0.397135 0.443519 0.036979 0.181481 0.527780 1920.000000 1080.000000
0 1836 0.396875 0.444444 0.037500 0.181481 0.526180 1920.000000 1080.000000
0 1837 0.396354 0.446296 0.037500 0.181481 0.538350 1920.000000 1080.000000
0 1838 0.395833 0.447222 0.037500 0.181481 0.542450 1920.000000 1080.000000
0 1839 0.395573 0.449074 0.038021 0.181481 0.536630 1920.000000 1080.000000
0 1840 0.395052 0.449537 0.038021 0.182407 0.554940 1920.000000 1080.000000
0 1841 0.394792 0.450463 0.038542 0.182407 0.558520 1920.000000 1080.000000
0 1842 0.394271 0.451389 0.038542 0.182407 0.558590 1920.000000 1080.000000
0 1843 0.394010 0.452315 0.039062 0.182407 0.559340 1920.000000 1080.000000
0 1844 0.393490 0.452778 0.039062 0.183333 0.561560 1920.000000 1080.000000
0 1845 0.393229 0.453704 0.039583 0.183333 0.562750 1920.000000 1080.000000
0 1846 0.392708 0.454630 0.039583 0.183333 0.556740 1920.000000 1080.000000
0 1847 0.392448 0.455556 0.040104 0.183333 0.555080 1920.000000 1080.000000
0 1848 0.391927 0.456019 0.040104 0.184259 0.554870 1920.000000 1080.000000
0 1849 0.391927 0.456944 0.040104 0.184259 0.547690 1920.000000 1080.000000
0 1850 0.391667 0.457870 0.040625 0.184259 0.549370 1920.000000 1080.000000
0 1851 0.391146 0.458796 0.040625 0.184259 0.536200 1920.000000 1080.000000
0 1852 0.390885 0.459259 0.041146 0.185185 0.530100 1920.000000 1080.000000
0 1853 0.390365 0.460185 0.041146 0.185185 0.517230 1920.000000 1080.000000
0 1854 0.390104 0.461111 0.041667 0.185185 0.503220 1920.000000 1080.000000
0 1855 0.389583 0.462037 0.041667 0.185185 0.496590 1920.000000 1080.000000
0 1856 0.389323 0.462500 0.042188 0.186111 0.485630 1920.000000 1080.000000
0 1857 0.388802 0.463426 0.042188 0.186111 0.473190 1920.000000 1080.000000
0 1858 0.388542 0.464352 0.042708 0.186111 0.473220 1920.000000 1080.000000
0 1859 0.388542 0.465741 0.042708 0.187037 0.457060 1920.000000 1080.000000
0 1860 0.388021 0.466667 0.042708 0.187037 0.445550 1920.000000 1080.000000
0 1861 0.387500 0.468519 0.042708 0.187037 0.433560 1920.000000 1080.000000
0 1862 0.386979 0.470370 0.042708 0.187037 0.426730 1920.000000 1080.000000
0 1863 0.386458 0.472222 0.042708 0.187037 0.419910 1920.000000 1080.000000
0 1864 0.385937 0.474074 0.042708 0.187037 0.413080 1920.000000 1080.000000
0 1865 0.385417 0.475926 0.042708 0.187037 0.408150 1920.000000 1080.000000
0 1866 0.384896 0.477778 0.042708 0.187037 0.396940 1920.000000 1080.000000
0 1867 0.384375 0.479630 0.042708 0.187037 0.392550 1920.000000 1080.000000
0 1868 0.384375 0.481481 0.042708 0.187037 0.385600 1920.000000 1080.000000
0 1869 0.383854 0.481944 0.042708 0.187963 0.384180 1920.000000 1080.000000
0 1870 0.383333 0.482870 0.042708 0.187963 0.382120 1920.000000 1080.000000
0 1871 0.382812 0.483796 0.042708 0.187963 0.382120 1920.000000 1080.000000
0 1872 0.382292 0.484722 0.042708 0.187963 0.377630 1920.000000 1080.000000
0 1873 0.381771 0.485648 0.042708 0.187963 0.378040 1920.000000 1080.000000
0 1874 0.381250 0.486574 0.042708 0.187963 0.375860 1920.000000 1080.000000
0 1875 0.380729 0.487963 0.042708 0.188889 0.369500 1920.000000 1080.000000
0 1876 0.380208 0.488889 0.042708 0.188889 0.369850 1920.000000 1080.000000
0 1877 0.379688 0.489352 0.042708 0.189815 0.372910 1920.000000 1080.000000
0 1878 0.379167 0.490278 0.042708 0.189815 0.372910 1920.000000 1080.000000
0 1879 0.378646 0.491204 0.042708 0.189815 0.370920 1920.000000 1080.000000
0 1880 0.378125 0.492130 0.042708 0.189815 0.370920 1920.000000 1080.000000
0 1881 0.378125 0.493519 0.042708 0.190741 0.367030 1920.000000 1080.000000
0 1882 0.377604 0.494444 0.042708 0.190741 0.367030 1920.000000 1080.000000
0 1883 0.377083 0.495370 0.042708 0.190741 0.367030 1920.000000 1080.000000
0 1884 0.376563 0.496296 0.042708 0.190741 0.367270 1920.000000 1080.000000
0 1885 0.376042 0.497222 0.042708 0.190741 0.367270 1920.000000 1080.000000
0 1886 0.375521 0.497685 0.042708 0.191667 0.370540 1920.000000 1080.000000
0 1887 0.375000 0.498611 0.042708 0.191667 0.370540 1920.000000 1080.000000
0 1888 0.374479 0.500000 0.042708 0.192593 0.368770 1920.000000 1080.000000
0 1889 0.373958 0.500926 0.042708 0.192593 0.368770 1920.000000 1080.000000
0 1890 0.373437 0.501852 0.042708 0.192593 0.369000 1920.000000 1080.000000
0 1891 0.372917 0.502778 0.042708 0.192593 0.369000 1920.000000 1080.000000
0 1892 0.372396 0.503704 0.042708 0.192593 0.369000 1920.000000 1080.000000
0 1893 0.371875 0.504630 0.042708 0.192593 0.369000 1920.000000 1080.000000
0 1894 0.371875 0.506019 0.042708 0.193519 0.362310 1920.000000 1080.000000
0 1895 0.371354 0.506019 0.042708 0.193519 0.364490 1920.000000 1080.000000
0 1896 0.371094 0.506944 0.043229 0.193519 0.369160 1920.000000 1080.000000
0 1897 0.371094 0.507870 0.043229 0.193519 0.366670 1920.000000 1080.000000
0 1898 0.370833 0.508796 0.043750 0.193519 0.371430 1920.000000 1080.000000
0 1899 0.370312 0.509722 0.043750 0.193519 0.371430 1920.000000 1080.000000
0 1900 0.370312 0.510648 0.043750 0.193519 0.376190 1920.000000 1080.000000
0 1901 0.370052 0.511574 0.044271 0.193519 0.376190 1920.000000 1080.000000
0 1902 0.369792 0.512500 0.044792 0.193519 0.380950 1920.000000 1080.000000
0 1903 0.369792 0.513426 0.044792 0.193519 0.380950 1920.000000 1080.000000
0 1904 0.369271 0.514352 0.044792 0.193519 0.385710 1920.000000 1080.000000
0 1905 0.369271 0.515278 0.044792 0.193519 0.385710 1920.000000 1080.000000
0 1906 0.369010 0.516204 0.045312 0.193519 0.390480 1920.000000 1080.000000
0 1907 0.368750 0.517130 0.045833 0.193519 0.390480 1920.000000 1080.000000
0 1908 0.368750 0.518056 0.045833 0.193519 0.395240 1920.000000 1080.000000
0 1909 0.368229 0.518981 0.045833 0.193519 0.390480 1920.000000 1080.000000
0 1910 0.367969 0.519907 0.046354 0.193519 0.390480 1920.000000 1080.000000
0 1911 0.367969 0.520833 0.046354 0.193519 0.385710 1920.000000 1080.000000
0 1912 0.367708 0.521759 0.046875 0.193519 0.385710 1920.000000 1080.000000
0 1913 0.367708 0.522685 0.046875 0.193519 0.385710 1920.000000 1080.000000
0 1914 0.366927 0.523611 0.046354 0.193519 0.380950 1920.000000 1080.000000
0 1915 0.366406 0.524537 0.046354 0.193519 0.380950 1920.000000 1080.000000
0 1916 0.365885 0.525926 0.046354 0.194444 0.379150 1920.000000 1080.000000
0 1917 0.365365 0.526852 0.046354 0.194444 0.374410 1920.000000 1080.000000
0 1918 0.364844 0.528241 0.046354 0.195370 0.372640 1920.000000 1080.000000
0 1919 0.364323 0.529167 0.046354 0.195370 0.372640 1920.000000 1080.000000
0 1920 0.363802 0.530556 0.046354 0.196296 0.366200 1920.000000 1080.000000
0 1921 0.363281 0.531481 0.046354 0.196296 0.366200 1920.000000 1080.000000
0 1922 0.362760 0.532407 0.046354 0.196296 0.366200 1920.000000 1080.000000
0 1923 0.362240 0.533796 0.046354 0.197222 0.371550 1920.000000 1080.000000
0 1924 0.361719 0.534722 0.046354 0.197222 0.383180 1920.000000 1080.000000
0 1925 0.361198 0.536111 0.046354 0.198148 0.395560 1920.000000 1080.000000
0 1926 0.360677 0.537037 0.046354 0.198148 0.406980 1920.000000 1080.000000
0 1927 0.360156 0.538426 0.046354 0.199074 0.412350 1920.000000 1080.000000
0 1928 0.359635 0.539352 0.046354 0.199074 0.430560 1920.000000 1080.000000
0 1929 0.359115 0.540278 0.046354 0.199074 0.437500 1920.000000 1080.000000
0 1930 0.358594 0.541667 0.046354 0.200000 0.453920 1920.000000 1080.000000
0 1931 0.358073 0.542593 0.046354 0.200000 0.460830 1920.000000 1080.000000
0 1932 0.357552 0.543981 0.046354 0.200926 0.470180 1920.000000 1080.000000
0 1933 0.357031 0.544907 0.046354 0.200926 0.483940 1920.000000 1080.000000
0 1934 0.356510 0.546296 0.046354 0.201852 0.493150 1920.000000 1080.000000
0 1935 0.355990 0.547222 0.046354 0.201852 0.503700 1920.000000 1080.000000
0 1936 0.355729 0.549074 0.045833 0.201852 0.515160 1920.000000 1080.000000
0 1937 0.355469 0.549537 0.046354 0.202778 0.536360 1920.000000 1080.000000
0 1938 0.355469 0.550926 0.046354 0.203704 0.555560 1920.000000 1080.000000
0 1939 0.355208 0.551852 0.046875 0.205556 0.571080 1920.000000 1080.000000
0 1940 0.355208 0.552778 0.046875 0.205556 0.591190 1920.000000 1080.000000
0 1941 0.354948 0.554167 0.047396 0.206481 0.607770 1920.000000 1080.000000
0 1942 0.354948 0.555093 0.047396 0.208333 0.628320 1920.000000 1080.000000
0 1943 0.354687 0.556481 0.047917 0.209259 0.640470 1920.000000 1080.000000
0 1944 0.354687 0.557407 0.047917 0.209259 0.660080 1920.000000 1080.000000
0 1945 0.354427 0.558333 0.048438 0.211111 0.677130 1920.000000 1080.000000
0 1946 0.354427 0.559722 0.048438 0.212037 0.695650 1920.000000 1080.000000
0 1947 0.354167 0.560648 0.048958 0.212037 0.707370 1920.000000 1080.000000
0 1948 0.354167 0.561574 0.048958 0.213889 0.726860 1920.000000 1080.000000
0 1949 0.353906 0.562963 0.049479 0.214815 0.741550 1920.000000 1080.000000
0 1950 0.354167 0.564352 0.050000 0.215741 0.757730 1920.000000 1080.000000
0 1951 0.353646 0.565278 0.050000 0.217593 0.770490 1920.000000 1080.000000
0 1952 0.353125 0.566667 0.050000 0.220370 0.782600 1920.000000 1080.000000
0 1953 0.352604 0.568519 0.050000 0.222222 0.785300 1920.000000 1080.000000
0 1954 0.352083 0.569907 0.050000 0.225000 0.787430 1920.000000 1080.000000
0 1955 0.351562 0.571296 0.050000 0.225926 0.789100 1920.000000 1080.000000
0 1956 0.351042 0.572685 0.050000 0.228704 0.788990 1920.000000 1080.000000
0 1957 0.350521 0.574537 0.050000 0.230556 0.789570 1920.000000 1080.000000
0 1958 0.350000 0.575926 0.050000 0.233333 0.790800 1920.000000 1080.000000
0 1959 0.349479 0.577778 0.050000 0.235185 0.792760 1920.000000 1080.000000
0 1960 0.348698 0.579167 0.049479 0.236111 0.791670 1920.000000 1080.000000
0 1961 0.348438 0.580556 0.048958 0.237037 0.797990 1920.000000 1080.000000
0 1962 0.347917 0.581944 0.048958 0.237963 0.799590 1920.000000 1080.000000
0 1963 0.347656 0.583796 0.048438 0.237963 0.804630 1920.000000 1080.000000
0 1964 0.347135 0.585185 0.048438 0.238889 0.810730 1920.000000 1080.000000
0 1965 0.346875 0.586574 0.047917 0.239815 0.821550 1920.000000 1080.000000
0 1966 0.346615 0.588426 0.047396 0.239815 0.835120 1920.000000 1080.000000
0 1967 0.346094 0.589815 0.047396 0.240741 0.838750 1920.000000 1080.000000
0 1968 0.345573 0.591667 0.046354 0.242593 0.838320 1920.000000 1080.000000
0 1969 0.345052 0.593056 0.046354 0.243519 0.838930 1920.000000 1080.000000
0 1970 0.344792 0.594907 0.045833 0.243519 0.840910 1920.000000 1080.000000
0 1971 0.344531 0.596296 0.045312 0.244444 0.843520 1920.000000 1080.000000
0 1972 0.344010 0.597685 0.045312 0.245370 0.844110 1920.000000 1080.000000
0 1973 0.343750 0.599537 0.044792 0.245370 0.846170 1920.000000 1080.000000
0 1974 0.343229 0.600926 0.044792 0.246296 0.846740 1920.000000 1080.000000
0 1975 0.342969 0.602315 0.044271 0.247222 0.849400 1920.000000 1080.000000
0 1976 0.342708 0.604630 0.043750 0.248148 0.850430 1920.000000 1080.000000
0 1977 0.341667 0.605556 0.043750 0.248148 0.848200 1920.000000 1080.000000
0 1978 0.340885 0.607407 0.044271 0.248148 0.846110 1920.000000 1080.000000
0 1979 0.340104 0.608796 0.044792 0.247222 0.841480 1920.000000 1080.000000
0 1980 0.339583 0.610185 0.044792 0.248148 0.838310 1920.000000 1080.000000
0 1981 0.338802 0.611574 0.045312 0.247222 0.834000 1920.000000 1080.000000
0 1982 0.337760 0.613426 0.045312 0.247222 0.826620 1920.000000 1080.000000
0 1983 0.336979 0.614815 0.045833 0.246296 0.822670 1920.000000 1080.000000
0 1984 0.336458 0.616204 0.045833 0.247222 0.819720 1920.000000 1080.000000
0 1985 0.335677 0.617593 0.046354 0.246296 0.819600 1920.000000 1080.000000
0 1986 0.334896 0.619444 0.046875 0.246296 0.814590 1920.000000 1080.000000
0 1987 0.334375 0.621296 0.046875 0.246296 0.811090 1920.000000 1080.000000
0 1988 0.333854 0.622685 0.046875 0.247222 0.808310 1920.000000 1080.000000
0 1989 0.333333 0.624537 0.046875 0.247222 0.804820 1920.000000 1080.000000
0 1990 0.333073 0.626852 0.046354 0.248148 0.801070 1920.000000 1080.000000
0 1991 0.332813 0.628704 0.046875 0.248148 0.802080 1920.000000 1080.000000
0 1992 0.332552 0.631019 0.046354 0.249074 0.801810 1920.000000 1080.000000
0 1993 0.332031 0.632870 0.046354 0.249074 0.804120 1920.000000 1080.000000
0 1994 0.331771 0.635185 0.045833 0.250000 0.802650 1920.000000 1080.000000
0 1995 0.331510 0.637037 0.046354 0.250000 0.804840 1920.000000 1080.000000
0 1996 0.331250 0.639352 0.045833 0.250926 0.806880 1920.000000 1080.000000
0 1997 0.330729 0.641204 0.045833 0.250926 0.805680 1920.000000 1080.000000
0 1998 0.330729 0.643519 0.045833 0.251852 0.807590 1920.000000 1080.000000
0 1999 0.329688 0.644444 0.045833 0.251852 0.805280 1920.000000 1080.000000
0 2000 0.329167 0.645833 0.045833 0.252778 0.808330 1920.000000 1080.000000
0 2001 0.328646 0.647222 0.045833 0.253704 0.809030 1920.000000 1080.000000
0 2002 0.327865 0.648611 0.046354 0.254630 0.807610 1920.000000 1080.000000
0 2003 0.327344 0.649537 0.046354 0.254630 0.812360 1920.000000 1080.000000
0 2004 0.326562 0.650926 0.045833 0.255556 0.810170 1920.000000 1080.000000
0 2005 0.325781 0.652315 0.046354 0.256481 0.809830 1920.000000 1080.000000
0 2006 0.325260 0.653704 0.046354 0.257407 0.810510 1920.000000 1080.000000
0 2007 0.324740 0.654630 0.046354 0.257407 0.809880 1920.000000 1080.000000
0 2008 0.324219 0.656019 0.046354 0.258333 0.804680 1920.000000 1080.000000
0 2009 0.323437 0.657407 0.046875 0.259259 0.792930 1920.000000 1080.000000
0 2010 0.322656 0.658796 0.046354 0.260185 0.788340 1920.000000 1080.000000
0 2011 0.322135 0.659722 0.046354 0.260185 0.787860 1920.000000 1080.000000
0 2012 0.321354 0.661111 0.046875 0.261111 0.773770 1920.000000 1080.000000
0 2013 0.320833 0.662500 0.046875 0.262037 0.768920 1920.000000 1080.000000
0 2014 0.320312 0.663889 0.046875 0.262963 0.758470 1920.000000 1080.000000
0 2015 0.319792 0.665741 0.046875 0.262963 0.749950 1920.000000 1080.000000
0 2016 0.319271 0.668056 0.046875 0.263889 0.736570 1920.000000 1080.000000
0 2017 0.318750 0.670833 0.046875 0.265741 0.726300 1920.000000 1080.000000
0 2018 0.318229 0.673148 0.046875 0.266667 0.729840 1920.000000 1080.000000
0 2019 0.317969 0.675926 0.046354 0.268519 0.725470 1920.000000 1080.000000
0 2020 0.317448 0.678241 0.046354 0.269444 0.725910 1920.000000 1080.000000
0 2021 0.316927 0.681019 0.046354 0.271296 0.721500 1920.000000 1080.000000
0 2022 0.316667 0.683796 0.045833 0.273148 0.722900 1920.000000 1080.000000
0 2023 0.315885 0.684722 0.046354 0.273148 0.727700 1920.000000 1080.000000
0 2024 0.315365 0.686111 0.046354 0.274074 0.721660 1920.000000 1080.000000
0 2025 0.314844 0.687963 0.046354 0.274074 0.720310 1920.000000 1080.000000
0 2026 0.314323 0.688889 0.046354 0.274074 0.718590 1920.000000 1080.000000
0 2027 0.314063 0.690741 0.046875 0.274074 0.714170 1920.000000 1080.000000
0 2028 0.313542 0.692130 0.046875 0.275000 0.713140 1920.000000 1080.000000
0 2029 0.313021 0.693056 0.046875 0.275000 0.706540 1920.000000 1080.000000
0 2030 0.312500 0.694907 0.046875 0.275000 0.701640 1920.000000 1080.000000
0 2031 0.311979 0.696296 0.046875 0.275926 0.695100 1920.000000 1080.000000
0 2032 0.311719 0.697685 0.047396 0.275000 0.664100 1920.000000 1080.000000
0 2033 0.311198 0.699074 0.047396 0.275926 0.665120 1920.000000 1080.000000
0 2034 0.310677 0.700463 0.047396 0.276852 0.661230 1920.000000 1080.000000
0 2035 0.310156 0.701852 0.047396 0.275926 0.650170 1920.000000 1080.000000
0 2036 0.309635 0.703241 0.047396 0.276852 0.640400 1920.000000 1080.000000
0 2037 0.309375 0.705093 0.047917 0.276852 0.625700 1920.000000 1080.000000
0 2038 0.308594 0.706019 0.048438 0.276852 0.613260 1920.000000 1080.000000
0 2039 0.308073 0.707407 0.048438 0.277778 0.599170 1920.000000 1080.000000
0 2040 0.307552 0.708333 0.048438 0.277778 0.583940 1920.000000 1080.000000
0 2041 0.307031 0.709722 0.048438 0.278704 0.572350 1920.000000 1080.000000
0 2042 0.306510 0.710648 0.048438 0.278704 0.566510 1920.000000 1080.000000
0 2043 0.305990 0.712037 0.049479 0.279630 0.553560 1920.000000 1080.000000
0 2044 0.305469 0.712963 0.049479 0.279630 0.546820 1920.000000 1080.000000
0 2045 0.304948 0.714352 0.049479 0.280556 0.534570 1920.000000 1080.000000
0 2046 0.304427 0.715278 0.049479 0.280556 0.527410 1920.000000 1080.000000
0 2047 0.303906 0.716667 0.049479 0.281481 0.518310 1920.000000 1080.000000
0 2048 0.303646 0.718056 0.050000 0.282407 0.516340 1920.000000 1080.000000
0 2049 0.302604 0.719444 0.050000 0.283333 0.517920 1920.000000 1080.000000
0 2050 0.302083 0.720833 0.050000 0.284259 0.522730 1920.000000 1080.000000
0 2051 0.301563 0.723148 0.050000 0.285185 0.521040 1920.000000 1080.000000
0 2052 0.301042 0.724537 0.050000 0.286111 0.522580 1920.000000 1080.000000
0 2053 0.300260 0.726852 0.050521 0.287037 0.520900 1920.000000 1080.000000
0 2054 0.299740 0.728241 0.050521 0.287963 0.525640 1920.000000 1080.000000
0 2055 0.298958 0.730556 0.050000 0.288889 0.523960 1920.000000 1080.000000
0 2056 0.298438 0.731944 0.050000 0.289815 0.525480 1920.000000 1080.000000
0 2057 0.297656 0.734259 0.050521 0.290741 0.526980 1920.000000 1080.000000
0 2058 0.297135 0.735648 0.050521 0.291667 0.528480 1920.000000 1080.000000
0 2059 0.296615 0.737963 0.050521 0.292593 0.529970 1920.000000 1080.000000
0 2060 0.296094 0.739352 0.050521 0.293519 0.531450 1920.000000 1080.000000
0 2061 0.295052 0.740741 0.050521 0.294444 0.536050 1920.000000 1080.000000
0 2062 0.294531 0.743056 0.050521 0.295370 0.556380 1920.000000 1080.000000
0 2063 0.294010 0.744444 0.050521 0.296296 0.585990 1920.000000 1080.000000
0 2064 0.293490 0.746759 0.050521 0.297222 0.615410 1920.000000 1080.000000
0 2065 0.292708 0.748148 0.051042 0.298148 0.646030 1920.000000 1080.000000
0 2066 0.292187 0.750463 0.051042 0.299074 0.672400 1920.000000 1080.000000
0 2067 0.291406 0.751852 0.050521 0.300000 0.692150 1920.000000 1080.000000
0 2068 0.290885 0.754167 0.050521 0.300926 0.704960 1920.000000 1080.000000
0 2069 0.290104 0.755556 0.051042 0.301852 0.699660 1920.000000 1080.000000
0 2070 0.289583 0.757870 0.051042 0.302778 0.689390 1920.000000 1080.000000
0 2071 0.289062 0.759259 0.051042 0.303704 0.681070 1920.000000 1080.000000
0 2072 0.288542 0.761574 0.051042 0.304630 0.678760 1920.000000 1080.000000
0 2073 0.287240 0.763889 0.051562 0.305556 0.686160 1920.000000 1080.000000
0 2074 0.286198 0.767130 0.051562 0.306481 0.692770 1920.000000 1080.000000
0 2075 0.285417 0.770370 0.052083 0.307407 0.694820 1920.000000 1080.000000
0 2076 0.284375 0.773148 0.052083 0.307407 0.702380 1920.000000 1080.000000
0 2077 0.283594 0.776389 0.052604 0.308333 0.704330 1920.000000 1080.000000
0 2078 0.282552 0.779630 0.052604 0.309259 0.711030 1920.000000 1080.000000
0 2079 0.281510 0.782407 0.052604 0.309259 0.711030 1920.000000 1080.000000
0 2080 0.280729 0.785648 0.053125 0.310185 0.712900 1920.000000 1080.000000
0 2081 0.279687 0.788889 0.053125 0.311111 0.739650 1920.000000 1080.000000
0 2082 0.278906 0.791667 0.053646 0.311111 0.762530 1920.000000 1080.000000
0 2083 0.277865 0.794907 0.053646 0.312037 0.789860 1920.000000 1080.000000
0 2084 0.277083 0.798148 0.054167 0.312963 0.813120 1920.000000 1080.000000
0 2085 0.275260 0.800463 0.054688 0.313889 0.841930 1920.000000 1080.000000
0 2086 0.273958 0.803704 0.055208 0.314815 0.845120 1920.000000 1080.000000
0 2087 0.272396 0.806019 0.055208 0.315741 0.862270 1920.000000 1080.000000
0 2088 0.271094 0.809259 0.055729 0.316667 0.873370 1920.000000 1080.000000
0 2089 0.269531 0.812037 0.055729 0.318519 0.890340 1920.000000 1080.000000
0 2090 0.268229 0.814815 0.056250 0.318519 0.901340 1920.000000 1080.000000
0 2091 0.266667 0.817593 0.056250 0.320370 0.918700 1920.000000 1080.000000
0 2092 0.265365 0.820370 0.056771 0.320370 0.929790 1920.000000 1080.000000
0 2093 0.263802 0.823148 0.056771 0.322222 0.942720 1920.000000 1080.000000
0 2094 0.262500 0.826389 0.057292 0.323148 0.944810 1920.000000 1080.000000
0 2095 0.260937 0.828704 0.057292 0.324074 0.944970 1920.000000 1080.000000
0 2096 0.259635 0.831944 0.057813 0.325000 0.938360 1920.000000 1080.000000
0 2097 0.258333 0.835185 0.058333 0.325926 0.932060 1920.000000 1080.000000
0 2098 0.256771 0.835185 0.058333 0.325926 0.932810 1920.000000 1080.000000
0 2099 0.255729 0.835648 0.058333 0.325000 0.933380 1920.000000 1080.000000
0 2100 0.254688 0.835648 0.058333 0.325000 0.940940 1920.000000 1080.000000
0 2101 0.253646 0.836574 0.058333 0.325000 0.948110 1920.000000 1080.000000
0 2102 0.252344 0.837500 0.057813 0.323148 0.961120 1920.000000 1080.000000
0 2103 0.251042 0.838889 0.057292 0.320370 0.974040 1920.000000 1080.000000
0 2104 0.250000 0.839815 0.057292 0.318519 0.980730 1920.000000 1080.000000
0 2105 0.248698 0.841667 0.056771 0.316667 1.000000 1920.000000 1080.000000
0 2106 0.247656 0.843056 0.056771 0.313889 1.000000 1920.000000 1080.000000
0 2107 0.246615 0.843981 0.055729 0.312037 1.000000 1920.000000 1080.000000
0 2108 0.245573 0.845370 0.055729 0.309259 1.000000 1920.000000 1080.000000
0 2109 0.244271 0.847222 0.055208 0.307407 0.997000 1920.000000 1080.000000
0 2110 0.243229 0.848148 0.055208 0.305556 0.996980 1920.000000 1080.000000
0 2111 0.241927 0.849537 0.054688 0.302778 0.996950 1920.000000 1080.000000
0 2112 0.241146 0.850926 0.054167 0.300000 0.996920 1920.000000 1080.000000
0 2113 0.240104 0.851852 0.054167 0.298148 0.996900 1920.000000 1080.000000
0 2114 0.239063 0.852778 0.054167 0.296296 0.996880 1920.000000 1080.000000
0 2115 0.238021 0.853704 0.054167 0.294444 0.996870 1920.000000 1080.000000
0 2116 0.236979 0.854630 0.054167 0.292593 0.996850 1920.000000 1080.000000
0 2117 0.235937 0.855556 0.054167 0.290741 0.996830 1920.000000 1080.000000
0 2118 0.234896 0.856481 0.054167 0.288889 0.996810 1920.000000 1080.000000
0 2119 0.233854 0.857407 0.054167 0.287037 0.862960 1920.000000 1080.000000
0 2120 0.232813 0.858333 0.054167 0.285185 0.996760 1920.000000 1080.000000
0 2121 0.231771 0.859259 0.054167 0.283333 0.996740 1920.000000 1080.000000
0 2122 0.230729 0.860185 0.054167 0.281481 0.996720 1920.000000 1080.000000
0 2123 0.229687 0.861111 0.054167 0.279630 0.996700 1920.000000 1080.000000
0 2124 0.228646 0.862037 0.054167 0.277778 0.996680 1920.000000 1080.000000
0 2125 0.227083 0.862037 0.055208 0.277778 0.996680 1920.000000 1080.000000
0 2126 0.225521 0.862500 0.056250 0.276852 0.996670 1920.000000 1080.000000
0 2127 0.224479 0.862963 0.057292 0.275926 0.996660 1920.000000 1080.000000
0 2128 0.222917 0.862963 0.058333 0.274074 0.724680 1920.000000 1080.000000
0 2129 0.221615 0.863426 0.058854 0.273148 0.704950 1920.000000 1080.000000
0 2130 0.220312 0.863889 0.060417 0.272222 0.692340 1920.000000 1080.000000
0 2131 0.219010 0.863889 0.060937 0.270370 0.580120 1920.000000 1080.000000
0 2132 0.217448 0.864352 0.061979 0.269444 0.550260 1920.000000 1080.000000
0 2133 0.216406 0.864815 0.063021 0.268519 0.537180 1920.000000 1080.000000
0 2134 0.216406 0.865741 0.063021 0.266667 0.526010 1920.000000 1080.000000
0 2135 0.216667 0.866667 0.063542 0.264815 0.524010 1920.000000 1080.000000
0 2136 0.216927 0.868056 0.063021 0.262037 0.515700 1920.000000 1080.000000
0 2137 0.217188 0.869444 0.063542 0.261111 0.514440 1920.000000 1080.000000
0 2138 0.217448 0.870370 0.063021 0.259259 0.454470 1920.000000 1080.000000
0 2139 0.217708 0.871759 0.063542 0.256481 0.430020 1920.000000 1080.000000
0 2140 0.217708 0.872685 0.063542 0.254630 0.408680 1920.000000 1080.000000
0 2141 0.218229 0.874074 0.063542 0.253704 0.524290 1920.000000 1080.000000
0 2142 0.218229 0.875463 0.063542 0.250926 0.528250 1920.000000 1080.000000
0 2143 0.218750 0.876389 0.063542 0.249074 0.539750 1920.000000 1080.000000
0 2144 0.218750 0.877315 0.063542 0.247222 0.760560 1920.000000 1080.000000
0 2145 0.219271 0.878704 0.063542 0.244444 0.776100 1920.000000 1080.000000
0 2146 0.217708 0.880093 0.064583 0.241667 0.769100 1920.000000 1080.000000
0 2147 0.216667 0.881481 0.065625 0.238889 0.762560 1920.000000 1080.000000
0 2148 0.215625 0.882870 0.066667 0.236111 0.356200 1920.000000 1080.000000
0 2149 0.214583 0.884259 0.067708 0.233333 0.341550 1920.000000 1080.000000
0 2150 0.213542 0.885648 0.068750 0.230556 0.336450 1920.000000 1080.000000
0 2151 0.212500 0.887037 0.069792 0.227778 0.333120 1920.000000 1080.000000
0 2152 0.211198 0.887963 0.071354 0.224074 0.325400 1920.000000 1080.000000
0 2153 0.210156 0.889352 0.072396 0.221296 0.311430 1920.000000 1080.000000
0 2154 0.209115 0.890741 0.073438 0.218519 0.303440 1920.000000 1080.000000
0 2155 0.208073 0.892130 0.074479 0.215741 0.297280 1920.000000 1080.000000
0 2156 0.207031 0.893519 0.075521 0.212963 0.289720 1920.000000 1080.000000
0 2157 0.205990 0.894907 0.076563 0.210185 0.277320 1920.000000 1080.000000
0 2158 0.204948 0.896296 0.077604 0.207407 0.270250 1920.000000 1080.000000
0 2159 0.204427 0.897685 0.077604 0.204630 0.265080 1920.000000 1080.000000
0 2160 0.203906 0.899537 0.077604 0.200926 0.265260 1920.000000 1080.000000
0 2161 0.203646 0.901389 0.078125 0.197222 0.265580 1920.000000 1080.000000
0 2162 0.203125 0.902778 0.078125 0.194444 0.277580 1920.000000 1080.000000
0 2163 0.202865 0.905093 0.077604 0.191667 0.285000 1920.000000 1080.000000
0 2164 0.202604 0.906944 0.078125 0.187963 0.287330 1920.000000 1080.000000
0 2165 0.202083 0.908333 0.078125 0.185185 0.297680 1920.000000 1080.000000
0 2166 0.201563 0.910185 0.078125 0.181481 0.308800 1920.000000 1080.000000
0 2167 0.201563 0.912037 0.078125 0.177778 0.307240 1920.000000 1080.000000
0 2168 0.201563 0.913426 0.078125 0.175000 0.315580 1920.000000 1080.000000
0 2169 0.201563 0.914815 0.078125 0.172222 0.323900 1920.000000 1080.000000
0 2170 0.201563 0.916204 0.078125 0.169444 0.325620 1920.000000 1080.000000
0 2171 0.201563 0.917593 0.078125 0.166667 0.331930 1920.000000 1080.000000
0 2172 0.201563 0.919444 0.078125 0.162963 0.338980 1920.000000 1080.000000
0 2173 0.201563 0.920833 0.078125 0.160185 0.347260 1920.000000 1080.000000
0 2174 0.201563 0.922222 0.078125 0.157407 0.348940 1920.000000 1080.000000
0 2175 0.201563 0.923611 0.078125 0.154630 0.353400 1920.000000 1080.000000
0 2176 0.201563 0.925463 0.078125 0.150926 0.361330 1920.000000 1080.000000
0 2177 0.201563 0.926852 0.078125 0.148148 0.378720 1920.000000 1080.000000
0 2178 0.201563 0.928241 0.078125 0.145370 0.389180 1920.000000 1080.000000
0 2179 0.201563 0.929630 0.078125 0.142593 0.405850 1920.000000 1080.000000
0 2180 0.201563 0.931481 0.078125 0.138889 0.414810 1920.000000 1080.000000
0 2181 0.200521 0.932870 0.078125 0.136111 0.539380 1920.000000 1080.000000
0 2182 0.199479 0.934722 0.078125 0.132407 0.545850 1920.000000 1080.000000
0 2183 0.198958 0.936111 0.078125 0.129630 0.552350 1920.000000 1080.000000
0 2184 0.197917 0.937963 0.078125 0.125926 0.565380 1920.000000 1080.000000
0 2185 0.197396 0.939352 0.078125 0.123148 0.578430 1920.000000 1080.000000
0 2186 0.196354 0.941204 0.078125 0.119444 0.598010 1920.000000 1080.000000
0 2187 0.195312 0.942593 0.078125 0.116667 0.624190 1920.000000 1080.000000
0 2188 0.194792 0.944444 0.078125 0.112963 0.637160 1920.000000 1080.000000
0 2189 0.193750 0.945833 0.078125 0.110185 0.656730 1920.000000 1080.000000
0 2190 0.193229 0.947685 0.078125 0.106481 0.676240 1920.000000 1080.000000
0 2191 0.192188 0.949074 0.078125 0.103704 0.695770 1920.000000 1080.000000
0 2192 0.191146 0.950926 0.078125 0.100000 0.715230 1920.000000 1080.000000
0 2193 0.190625 0.952315 0.078125 0.097222 0.734720 1920.000000 1080.000000
0 2194 0.189583 0.954167 0.078125 0.093519 0.990200 1920.000000 1080.000000
0 2195 0.189062 0.955556 0.078125 0.090741 0.989900 1920.000000 1080.000000
0 2196 0.188021 0.957407 0.078125 0.087037 0.989470 1920.000000 1080.000000
0 2197 0.187500 0.959259 0.078125 0.083333 0.989010 1920.000000 1080.000000
0 2198 0.187500 0.960648 0.075000 0.080556 0.988640 1920.000000 1080.000000
0 2199 0.187500 0.962037 0.071875 0.077778 0.988240 1920.000000 1080.000000
0 2200 0.187500 0.963426 0.068750 0.075000 0.987800 1920.000000 1080.000000
0 2201 0.187760 0.965278 0.065104 0.071296 0.987180 1920.000000 1080.000000
0 2202 0.187760 0.966667 0.061979 0.068519 0.986670 1920.000000 1080.000000
0 2203 0.187760 0.968056 0.058854 0.065741 0.986110 1920.000000 1080.000000
0 2204 0.187760 0.969444 0.055729 0.062963 0.985510 1920.000000 1080.000000
0 2205 0.188281 0.971296 0.052604 0.059259 0.984620 1920.000000 1080.000000
0 2206 0.186458 0.974537 0.053125 0.052778 0.982760 1920.000000 1080.000000
0 2207 0.184896 0.977778 0.053125 0.046296 0.980390 1920.000000 1080.000000
0 2208 0.183333 0.981019 0.053125 0.039815 0.977270 1920.000000 1080.000000
0 2209 0.181771 0.984259 0.053125 0.033333 0.972970 1920.000000 1080.000000
0 2210 0.180208 0.987500 0.053125 0.026852 0.966670 1920.000000 1080.000000
