0 1115 0.343490 0.273611 0.028646 0.119444 0.034066 1920.000000 1080.000000
0 1116 0.343750 0.274074 0.028125 0.118519 0.049471 1920.000000 1080.000000
0 1117 0.344010 0.275000 0.027604 0.116667 0.074074 1920.000000 1080.000000
0 1118 0.344531 0.276389 0.027604 0.115741 0.092593 1920.000000 1080.000000
0 1119 0.345052 0.275926 0.027604 0.116667 0.111110 1920.000000 1080.000000
0 1120 0.346094 0.276389 0.027604 0.117593 0.129630 1920.000000 1080.000000
0 1121 0.347135 0.276389 0.027604 0.117593 0.166670 1920.000000 1080.000000
0 1122 0.348177 0.276389 0.027604 0.119444 0.166670 1920.000000 1080.000000
0 1123 0.348958 0.276389 0.028125 0.119444 0.181820 1920.000000 1080.000000
0 1124 0.350000 0.276852 0.028125 0.120370 0.200000 1920.000000 1080.000000
0 1125 0.351042 0.277315 0.028125 0.121296 0.219560 1920.000000 1080.000000
0 1126 0.351823 0.276852 0.027604 0.122222 0.243800 1920.000000 1080.000000
0 1127 0.352865 0.277315 0.027604 0.123148 0.263540 1920.000000 1080.000000
0 1128 0.353646 0.277315 0.028125 0.123148 0.278970 1920.000000 1080.000000
0 1129 0.354687 0.277315 0.028125 0.125000 0.301470 1920.000000 1080.000000
0 1130 0.355729 0.277315 0.028125 0.125000 0.301740 1920.000000 1080.000000
0 1131 0.356771 0.277778 0.028125 0.125926 0.323690 1920.000000 1080.000000
0 1132 0.357812 0.278241 0.028125 0.126852 0.342290 1920.000000 1080.000000
0 1133 0.358854 0.278241 0.028125 0.126852 0.360210 1920.000000 1080.000000
0 1134 0.359896 0.278241 0.028125 0.126852 0.381950 1920.000000 1080.000000
0 1135 0.360938 0.278241 0.028125 0.126852 0.400000 1920.000000 1080.000000
0 1136 0.361979 0.278241 0.028125 0.126852 0.418840 1920.000000 1080.000000
0 1137 0.363021 0.278241 0.028125 0.126852 0.440320 1920.000000 1080.000000
0 1138 0.364063 0.278241 0.028125 0.126852 0.423720 1920.000000 1080.000000
0 1139 0.365365 0.279167 0.027604 0.126852 0.429150 1920.000000 1080.000000
0 1140 0.365885 0.279167 0.027604 0.126852 0.428880 1920.000000 1080.000000
0 1141 0.366406 0.279167 0.027604 0.126852 0.393180 1920.000000 1080.000000
0 1142 0.367188 0.279630 0.027083 0.125926 0.358900 1920.000000 1080.000000
0 1143 0.367969 0.280093 0.027604 0.126852 0.339640 1920.000000 1080.000000
0 1144 0.368490 0.280556 0.027604 0.125926 0.316840 1920.000000 1080.000000
0 1145 0.369271 0.280556 0.027083 0.125926 0.267320 1920.000000 1080.000000
0 1146 0.369792 0.281019 0.027083 0.125000 0.243480 1920.000000 1080.000000
0 1147 0.370573 0.281481 0.027604 0.125926 0.221140 1920.000000 1080.000000
0 1148 0.371354 0.281944 0.027083 0.125000 0.188120 1920.000000 1080.000000
0 1149 0.371875 0.281944 0.027083 0.125000 0.169670 1920.000000 1080.000000
0 1150 0.372396 0.282407 0.027083 0.124074 0.144930 1920.000000 1080.000000
0 1151 0.373437 0.282870 0.027083 0.125000 0.114320 1920.000000 1080.000000
0 1152 0.373958 0.283333 0.027083 0.124074 0.089168 1920.000000 1080.000000
0 1153 0.374479 0.283333 0.027083 0.124074 0.096017 1920.000000 1080.000000
0 1154 0.375521 0.284259 0.027083 0.124074 0.051992 1920.000000 1080.000000
0 1155 0.376042 0.284259 0.027083 0.124074 0.033403 1920.000000 1080.000000
0 1156 0.376563 0.284259 0.027083 0.124074 0.022222 1920.000000 1080.000000
0 1157 0.377083 0.284259 0.027083 0.124074 0.022222 1920.000000 1080.000000
0 1158 0.377604 0.284259 0.027083 0.124074 0.029630 1920.000000 1080.000000
0 1159 0.378125 0.285185 0.027083 0.124074 0.022222 1920.000000 1080.000000
0 1160 0.378906 0.285185 0.027604 0.124074 0.022222 1920.000000 1080.000000
0 1161 0.379427 0.285185 0.027604 0.124074 0.029630 1920.000000 1080.000000
0 1162 0.379948 0.285185 0.027604 0.124074 0.047599 1920.000000 1080.000000
0 1163 0.380729 0.286111 0.027083 0.124074 0.047939 1920.000000 1080.000000
0 1164 0.381250 0.286111 0.027083 0.124074 0.084556 1920.000000 1080.000000
0 1165 0.382031 0.286111 0.027604 0.124074 0.119480 1920.000000 1080.000000
0 1166 0.382552 0.286111 0.027604 0.124074 0.144030 1920.000000 1080.000000
0 1167 0.383073 0.287037 0.027604 0.124074 0.155420 1920.000000 1080.000000
0 1168 0.383594 0.287037 0.027604 0.124074 0.173390 1920.000000 1080.000000
0 1169 0.384115 0.287037 0.027604 0.124074 0.197530 1920.000000 1080.000000
0 1170 0.384896 0.287037 0.028125 0.124074 0.229630 1920.000000 1080.000000
0 1171 0.385417 0.287037 0.028125 0.124074 0.247140 1920.000000 1080.000000
0 1172 0.386198 0.287963 0.027604 0.124074 0.268860 1920.000000 1080.000000
0 1173 0.386719 0.287963 0.027604 0.124074 0.304530 1920.000000 1080.000000
0 1174 0.387240 0.287963 0.027604 0.124074 0.295200 1920.000000 1080.000000
0 1175 0.388021 0.287963 0.028125 0.124074 0.277710 1920.000000 1080.000000
0 1176 0.388542 0.288889 0.028125 0.124074 0.258450 1920.000000 1080.000000
0 1177 0.389062 0.288889 0.028125 0.124074 0.248890 1920.000000 1080.000000
0 1178 0.389583 0.288889 0.028125 0.124074 0.234480 1920.000000 1080.000000
0 1179 0.390104 0.288889 0.028125 0.124074 0.221820 1920.000000 1080.000000
0 1180 0.391146 0.289815 0.028125 0.124074 0.207140 1920.000000 1080.000000
0 1181 0.391146 0.289815 0.028125 0.124074 0.209290 1920.000000 1080.000000
0 1182 0.391667 0.289815 0.028125 0.124074 0.199190 1920.000000 1080.000000
0 1183 0.391927 0.290741 0.028646 0.124074 0.211110 1920.000000 1080.000000
0 1184 0.392448 0.290741 0.028646 0.124074 0.200000 1920.000000 1080.000000
0 1185 0.392969 0.290741 0.028646 0.124074 0.221690 1920.000000 1080.000000
0 1186 0.393229 0.291667 0.029167 0.124074 0.198960 1920.000000 1080.000000
0 1187 0.393750 0.291667 0.029167 0.124074 0.204030 1920.000000 1080.000000
0 1188 0.394010 0.292130 0.029687 0.123148 0.202520 1920.000000 1080.000000
0 1189 0.394531 0.292593 0.029687 0.124074 0.207540 1920.000000 1080.000000
0 1190 0.395052 0.292593 0.029687 0.124074 0.211880 1920.000000 1080.000000
0 1191 0.395313 0.293056 0.030208 0.123148 0.211610 1920.000000 1080.000000
0 1192 0.395833 0.293519 0.030208 0.124074 0.202890 1920.000000 1080.000000
0 1193 0.396354 0.293519 0.030208 0.124074 0.225860 1920.000000 1080.000000
0 1194 0.396615 0.293981 0.030729 0.123148 0.205220 1920.000000 1080.000000
0 1195 0.397135 0.294444 0.030729 0.124074 0.223090 1920.000000 1080.000000
0 1196 0.397396 0.294907 0.031250 0.123148 0.207240 1920.000000 1080.000000
0 1197 0.397917 0.294907 0.031250 0.123148 0.209690 1920.000000 1080.000000
0 1198 0.398438 0.295370 0.031250 0.124074 0.232420 1920.000000 1080.000000
0 1199 0.398698 0.295833 0.031771 0.123148 0.212210 1920.000000 1080.000000
0 1200 0.399219 0.295833 0.031771 0.123148 0.221470 1920.000000 1080.000000
0 1201 0.399740 0.296759 0.031771 0.123148 0.203780 1920.000000 1080.000000
0 1202 0.400000 0.296759 0.032292 0.123148 0.210020 1920.000000 1080.000000
0 1203 0.400521 0.296759 0.032292 0.123148 0.213690 1920.000000 1080.000000
0 1204 0.401042 0.297685 0.032292 0.123148 0.202910 1920.000000 1080.000000
0 1205 0.401562 0.297685 0.032292 0.123148 0.206230 1920.000000 1080.000000
0 1206 0.402083 0.297685 0.032292 0.123148 0.215470 1920.000000 1080.000000
0 1207 0.402604 0.298611 0.032292 0.123148 0.211440 1920.000000 1080.000000
0 1208 0.403125 0.298611 0.032292 0.123148 0.213570 1920.000000 1080.000000
0 1209 0.403646 0.298611 0.032292 0.123148 0.216180 1920.000000 1080.000000
0 1210 0.404167 0.299537 0.032292 0.123148 0.218190 1920.000000 1080.000000
0 1211 0.404687 0.299537 0.032292 0.123148 0.220450 1920.000000 1080.000000
0 1212 0.405208 0.299537 0.032292 0.123148 0.222460 1920.000000 1080.000000
0 1213 0.405729 0.300463 0.032292 0.123148 0.217250 1920.000000 1080.000000
0 1214 0.406250 0.300463 0.032292 0.123148 0.211090 1920.000000 1080.000000
0 1215 0.406771 0.300463 0.032292 0.123148 0.197940 1920.000000 1080.000000
0 1216 0.407292 0.301389 0.032292 0.123148 0.177450 1920.000000 1080.000000
0 1217 0.407813 0.301389 0.032292 0.123148 0.171640 1920.000000 1080.000000
0 1218 0.408333 0.301389 0.032292 0.123148 0.197940 1920.000000 1080.000000
0 1219 0.408854 0.302315 0.032292 0.123148 0.211090 1920.000000 1080.000000
0 1220 0.409375 0.302315 0.032292 0.123148 0.237380 1920.000000 1080.000000
0 1221 0.409896 0.303241 0.032292 0.123148 0.250530 1920.000000 1080.000000
0 1222 0.409896 0.303241 0.032292 0.123148 0.250530 1920.000000 1080.000000
0 1223 0.410417 0.303704 0.032292 0.124074 0.282190 1920.000000 1080.000000
0 1224 0.410677 0.304167 0.031771 0.125000 0.282730 1920.000000 1080.000000
0 1225 0.410938 0.305093 0.032292 0.125000 0.307190 1920.000000 1080.000000
0 1226 0.411198 0.305556 0.031771 0.125926 0.308220 1920.000000 1080.000000
0 1227 0.411719 0.306019 0.031771 0.126852 0.326440 1920.000000 1080.000000
0 1228 0.411719 0.306944 0.031771 0.126852 0.333800 1920.000000 1080.000000
0 1229 0.412240 0.307407 0.031771 0.127778 0.351820 1920.000000 1080.000000
0 1230 0.412760 0.307407 0.031771 0.127778 0.378280 1920.000000 1080.000000
0 1231 0.412760 0.308333 0.031771 0.127778 0.378280 1920.000000 1080.000000
0 1232 0.413281 0.308796 0.031771 0.128704 0.395850 1920.000000 1080.000000
0 1233 0.413542 0.309259 0.031250 0.129630 0.411700 1920.000000 1080.000000
0 1234 0.413802 0.310185 0.031771 0.129630 0.416150 1920.000000 1080.000000
0 1235 0.414062 0.310648 0.031250 0.130556 0.419190 1920.000000 1080.000000
0 1236 0.414583 0.311111 0.031250 0.131481 0.436660 1920.000000 1080.000000
0 1237 0.415104 0.312037 0.031250 0.131481 0.445370 1920.000000 1080.000000
0 1238 0.415625 0.312037 0.031250 0.131481 0.472430 1920.000000 1080.000000
0 1239 0.416146 0.312037 0.031250 0.131481 0.485960 1920.000000 1080.000000
0 1240 0.416667 0.312963 0.031250 0.131481 0.499480 1920.000000 1080.000000
0 1241 0.417708 0.312963 0.031250 0.131481 0.526540 1920.000000 1080.000000
0 1242 0.418229 0.312963 0.031250 0.131481 0.540070 1920.000000 1080.000000
0 1243 0.418750 0.313889 0.031250 0.131481 0.553590 1920.000000 1080.000000
0 1244 0.419271 0.313889 0.031250 0.131481 0.580650 1920.000000 1080.000000
0 1245 0.420312 0.314815 0.031250 0.131481 0.604380 1920.000000 1080.000000
0 1246 0.420833 0.314815 0.031250 0.131481 0.618020 1920.000000 1080.000000
0 1247 0.421354 0.314815 0.031250 0.131481 0.634760 1920.000000 1080.000000
0 1248 0.421875 0.315741 0.031250 0.131481 0.645310 1920.000000 1080.000000
0 1249 0.422917 0.315741 0.031250 0.131481 0.672590 1920.000000 1080.000000
0 1250 0.423438 0.315741 0.031250 0.131481 0.699870 1920.000000 1080.000000
0 1251 0.423958 0.316667 0.031250 0.131481 0.713520 1920.000000 1080.000000
0 1252 0.424479 0.316667 0.031250 0.131481 0.727160 1920.000000 1080.000000
0 1253 0.425521 0.317593 0.031250 0.131481 0.752380 1920.000000 1080.000000
0 1254 0.425521 0.317593 0.031250 0.131481 0.754440 1920.000000 1080.000000
0 1255 0.425521 0.318519 0.031250 0.131481 0.752380 1920.000000 1080.000000
0 1256 0.426042 0.318519 0.031250 0.131481 0.779890 1920.000000 1080.000000
0 1257 0.426042 0.319444 0.031250 0.131481 0.778060 1920.000000 1080.000000
0 1258 0.426302 0.319907 0.031771 0.132407 0.783150 1920.000000 1080.000000
0 1259 0.426563 0.320370 0.031250 0.131481 0.791930 1920.000000 1080.000000
0 1260 0.426823 0.320833 0.031771 0.132407 0.795030 1920.000000 1080.000000
0 1261 0.426823 0.321296 0.031771 0.131481 0.795290 1920.000000 1080.000000
0 1262 0.427344 0.321759 0.031771 0.132407 0.808690 1920.000000 1080.000000
0 1263 0.427344 0.322685 0.031771 0.132407 0.808690 1920.000000 1080.000000
0 1264 0.427604 0.322685 0.032292 0.132407 0.813270 1920.000000 1080.000000
0 1265 0.427865 0.323611 0.031771 0.132407 0.823810 1920.000000 1080.000000
0 1266 0.428125 0.323611 0.032292 0.132407 0.828040 1920.000000 1080.000000
0 1267 0.428125 0.324537 0.032292 0.132407 0.826610 1920.000000 1080.000000
0 1268 0.428646 0.325463 0.032292 0.132407 0.839950 1920.000000 1080.000000
0 1269 0.429167 0.325463 0.032292 0.132407 0.854500 1920.000000 1080.000000
0 1270 0.429688 0.325926 0.032292 0.133333 0.868640 1920.000000 1080.000000
0 1271 0.430208 0.326389 0.032292 0.134259 0.882580 1920.000000 1080.000000
0 1272 0.430729 0.326389 0.032292 0.134259 0.908680 1920.000000 1080.000000
0 1273 0.431250 0.326852 0.032292 0.135185 0.921610 1920.000000 1080.000000
0 1274 0.431771 0.327315 0.032292 0.136111 0.935110 1920.000000 1080.000000
0 1275 0.432552 0.327315 0.031771 0.136111 0.973630 1920.000000 1080.000000
0 1276 0.433073 0.327778 0.031771 0.137037 0.986790 1920.000000 1080.000000
0 1277 0.433594 0.328241 0.031771 0.137963 1.000000 1920.000000 1080.000000
0 1278 0.434115 0.328241 0.031771 0.137963 1.000000 1920.000000 1080.000000
0 1279 0.434635 0.328704 0.031771 0.138889 1.000000 1920.000000 1080.000000
0 1280 0.435156 0.329167 0.031771 0.139815 1.000000 1920.000000 1080.000000
0 1281 0.435937 0.329630 0.031250 0.140741 1.000000 1920.000000 1080.000000
0 1282 0.435937 0.329630 0.031250 0.140741 1.000000 1920.000000 1080.000000
0 1283 0.435937 0.329630 0.031250 0.140741 1.000000 1920.000000 1080.000000
0 1284 0.435937 0.329630 0.031250 0.140741 1.000000 1920.000000 1080.000000
0 1285 0.435937 0.330556 0.031250 0.140741 1.000000 1920.000000 1080.000000
0 1286 0.436198 0.330556 0.031771 0.140741 1.000000 1920.000000 1080.000000
0 1287 0.436198 0.330556 0.031771 0.140741 0.987030 1920.000000 1080.000000
0 1288 0.436458 0.331481 0.031250 0.140741 0.986820 1920.000000 1080.000000
0 1289 0.436458 0.331481 0.031250 0.140741 0.960460 1920.000000 1080.000000
0 1290 0.436719 0.331481 0.031771 0.140741 0.948130 1920.000000 1080.000000
0 1291 0.436719 0.332407 0.031771 0.140741 0.935170 1920.000000 1080.000000
0 1292 0.436719 0.332407 0.031771 0.140741 0.909230 1920.000000 1080.000000
0 1293 0.436719 0.332407 0.031771 0.140741 0.896270 1920.000000 1080.000000
0 1294 0.437240 0.333333 0.031771 0.140741 0.883300 1920.000000 1080.000000
0 1295 0.437240 0.333333 0.031771 0.140741 0.870340 1920.000000 1080.000000
0 1296 0.437760 0.334259 0.031771 0.140741 0.857370 1920.000000 1080.000000
0 1297 0.438281 0.334722 0.031771 0.139815 0.882530 1920.000000 1080.000000
0 1298 0.438802 0.335648 0.031771 0.139815 0.895590 1920.000000 1080.000000
0 1299 0.439063 0.336574 0.031250 0.139815 0.920410 1920.000000 1080.000000
0 1300 0.439323 0.336574 0.031771 0.139815 0.921690 1920.000000 1080.000000
0 1301 0.439844 0.337500 0.031771 0.139815 0.934740 1920.000000 1080.000000
0 1302 0.440365 0.338426 0.031771 0.139815 0.960840 1920.000000 1080.000000
0 1303 0.440625 0.338889 0.031250 0.138889 0.973290 1920.000000 1080.000000
0 1304 0.441146 0.339815 0.031250 0.138889 1.000000 1920.000000 1080.000000
0 1305 0.441667 0.340741 0.031250 0.138889 1.000000 1920.000000 1080.000000
0 1306 0.441927 0.340741 0.031771 0.138889 1.000000 1920.000000 1080.000000
0 1307 0.442188 0.341667 0.031250 0.138889 1.000000 1920.000000 1080.000000
0 1308 0.442708 0.342593 0.031250 0.138889 1.000000 1920.000000 1080.000000
0 1309 0.443229 0.343056 0.031250 0.137963 1.000000 1920.000000 1080.000000
0 1310 0.443750 0.343981 0.031250 0.137963 1.000000 1920.000000 1080.000000
0 1311 0.444271 0.344907 0.031250 0.137963 1.000000 1920.000000 1080.000000
0 1312 0.444010 0.344907 0.031771 0.137963 1.000000 1920.000000 1080.000000
0 1313 0.444271 0.344907 0.032292 0.137963 1.000000 1920.000000 1080.000000
0 1314 0.444531 0.345370 0.032813 0.137037 1.000000 1920.000000 1080.000000
0 1315 0.444792 0.345833 0.033333 0.137963 1.000000 1920.000000 1080.000000
0 1316 0.445052 0.345833 0.033854 0.137963 0.987980 1920.000000 1080.000000
0 1317 0.445312 0.346296 0.034375 0.137037 0.976360 1920.000000 1080.000000
0 1318 0.445052 0.346759 0.034896 0.137963 0.953730 1920.000000 1080.000000
0 1319 0.445312 0.347222 0.035417 0.137037 0.943100 1920.000000 1080.000000
0 1320 0.445573 0.347222 0.035937 0.137037 0.922150 1920.000000 1080.000000
0 1321 0.445833 0.347685 0.036458 0.137963 0.934080 1920.000000 1080.000000
0 1322 0.446094 0.348148 0.036979 0.137037 0.945470 1920.000000 1080.000000
0 1323 0.446354 0.348148 0.037500 0.137037 0.956970 1920.000000 1080.000000
0 1324 0.446615 0.349074 0.038021 0.137037 0.967890 1920.000000 1080.000000
0 1325 0.447135 0.349074 0.038021 0.137037 0.989300 1920.000000 1080.000000
0 1326 0.447656 0.350000 0.038021 0.137037 1.000000 1920.000000 1080.000000
0 1327 0.448698 0.350000 0.038021 0.137037 1.000000 1920.000000 1080.000000
0 1328 0.449219 0.350926 0.038021 0.137037 1.000000 1920.000000 1080.000000
0 1329 0.450260 0.350926 0.038021 0.137037 1.000000 1920.000000 1080.000000
0 1330 0.450781 0.351852 0.038021 0.137037 1.000000 1920.000000 1080.000000
0 1331 0.451823 0.352778 0.038021 0.137037 1.000000 1920.000000 1080.000000
0 1332 0.452344 0.352778 0.038021 0.137037 1.000000 1920.000000 1080.000000
0 1333 0.452865 0.353704 0.038021 0.137037 1.000000 1920.000000 1080.000000
0 1334 0.453906 0.353704 0.038021 0.137037 1.000000 1920.000000 1080.000000
0 1335 0.454427 0.354630 0.038021 0.137037 1.000000 1920.000000 1080.000000
0 1336 0.455469 0.354630 0.038021 0.137037 1.000000 1920.000000 1080.000000
0 1337 0.455990 0.355556 0.038021 0.137037 1.000000 1920.000000 1080.000000
0 1338 0.457031 0.356481 0.038021 0.137037 1.000000 1920.000000 1080.000000
0 1339 0.456510 0.356019 0.038021 0.137963 1.000000 1920.000000 1080.000000
0 1340 0.456510 0.356481 0.038021 0.138889 1.000000 1920.000000 1080.000000
0 1341 0.456510 0.356944 0.038021 0.139815 1.000000 1920.000000 1080.000000
0 1342 0.456250 0.357407 0.037500 0.140741 1.000000 1920.000000 1080.000000
0 1343 0.456250 0.357870 0.037500 0.141667 1.000000 1920.000000 1080.000000
0 1344 0.455990 0.357870 0.038021 0.141667 1.000000 1920.000000 1080.000000
0 1345 0.455990 0.358333 0.038021 0.142593 1.000000 1920.000000 1080.000000
0 1346 0.455729 0.358796 0.037500 0.143519 1.000000 1920.000000 1080.000000
0 1347 0.455729 0.359259 0.037500 0.144444 1.000000 1920.000000 1080.000000
0 1348 0.455729 0.359722 0.037500 0.145370 1.000000 1920.000000 1080.000000
0 1349 0.455729 0.360185 0.037500 0.146296 1.000000 1920.000000 1080.000000
0 1350 0.455729 0.360185 0.037500 0.146296 1.000000 1920.000000 1080.000000
0 1351 0.455729 0.360648 0.037500 0.147222 1.000000 1920.000000 1080.000000
0 1352 0.456250 0.361111 0.037500 0.146296 1.000000 1920.000000 1080.000000
0 1353 0.456250 0.361574 0.037500 0.147222 1.000000 1920.000000 1080.000000
0 1354 0.456510 0.362500 0.038021 0.147222 1.000000 1920.000000 1080.000000
0 1355 0.456771 0.362500 0.037500 0.147222 1.000000 1920.000000 1080.000000
0 1356 0.457031 0.362963 0.038021 0.148148 1.000000 1920.000000 1080.000000
0 1357 0.457031 0.363426 0.038021 0.147222 1.000000 1920.000000 1080.000000
0 1358 0.457552 0.363889 0.038021 0.148148 1.000000 1920.000000 1080.000000
0 1359 0.457552 0.364815 0.038021 0.148148 1.000000 1920.000000 1080.000000
0 1360 0.457813 0.364815 0.038542 0.148148 0.992300 1920.000000 1080.000000
0 1361 0.458073 0.365278 0.038021 0.149074 0.986650 1920.000000 1080.000000
0 1362 0.458333 0.365741 0.038542 0.148148 0.980290 1920.000000 1080.000000
0 1363 0.458333 0.366204 0.038542 0.149074 0.976300 1920.000000 1080.000000
0 1364 0.458854 0.367130 0.038542 0.149074 0.971110 1920.000000 1080.000000
0 1365 0.458854 0.367130 0.038542 0.149074 0.967080 1920.000000 1080.000000
0 1366 0.459375 0.367130 0.038542 0.149074 0.962880 1920.000000 1080.000000
0 1367 0.459896 0.367130 0.038542 0.149074 0.953990 1920.000000 1080.000000
0 1368 0.460417 0.368056 0.038542 0.149074 0.948150 1920.000000 1080.000000
0 1369 0.460938 0.368056 0.038542 0.149074 0.939420 1920.000000 1080.000000
0 1370 0.460938 0.368056 0.038542 0.149074 0.932840 1920.000000 1080.000000
0 1371 0.461458 0.368056 0.038542 0.149074 0.927410 1920.000000 1080.000000
0 1372 0.461979 0.368981 0.038542 0.149074 0.916050 1920.000000 1080.000000
0 1373 0.462500 0.368981 0.038542 0.149074 0.908400 1920.000000 1080.000000
0 1374 0.463021 0.368981 0.038542 0.149074 0.897780 1920.000000 1080.000000
0 1375 0.463542 0.369907 0.038542 0.149074 0.889380 1920.000000 1080.000000
0 1376 0.463542 0.369907 0.038542 0.149074 0.878020 1920.000000 1080.000000
0 1377 0.464062 0.370833 0.038542 0.149074 0.864030 1920.000000 1080.000000
0 1378 0.464062 0.371759 0.038542 0.149074 0.854400 1920.000000 1080.000000
0 1379 0.464583 0.372685 0.038542 0.149074 0.839260 1920.000000 1080.000000
0 1380 0.464844 0.373611 0.038021 0.149074 0.821070 1920.000000 1080.000000
0 1381 0.465104 0.374537 0.038542 0.149074 0.807000 1920.000000 1080.000000
0 1382 0.465365 0.375463 0.038021 0.149074 0.791290 1920.000000 1080.000000
0 1383 0.465625 0.376389 0.038542 0.149074 0.773740 1920.000000 1080.000000
0 1384 0.465885 0.377315 0.038021 0.149074 0.750170 1920.000000 1080.000000
0 1385 0.466406 0.378241 0.038021 0.149074 0.728480 1920.000000 1080.000000
0 1386 0.466406 0.378241 0.038021 0.149074 0.718050 1920.000000 1080.000000
0 1387 0.466406 0.379167 0.038021 0.149074 0.702040 1920.000000 1080.000000
0 1388 0.466927 0.379167 0.038021 0.149074 0.690610 1920.000000 1080.000000
0 1389 0.466927 0.380093 0.038021 0.149074 0.680760 1920.000000 1080.000000
0 1390 0.466927 0.380093 0.038021 0.149074 0.674670 1920.000000 1080.000000
0 1391 0.467448 0.381019 0.038021 0.149074 0.657660 1920.000000 1080.000000
0 1392 0.467448 0.381944 0.038021 0.149074 0.645980 1920.000000 1080.000000
0 1393 0.467448 0.381944 0.038021 0.149074 0.644640 1920.000000 1080.000000
0 1394 0.467969 0.382870 0.038021 0.149074 0.626960 1920.000000 1080.000000
0 1395 0.467969 0.382870 0.038021 0.149074 0.619870 1920.000000 1080.000000
0 1396 0.467969 0.383796 0.038021 0.149074 0.609190 1920.000000 1080.000000
0 1397 0.468490 0.384722 0.038021 0.149074 0.590760 1920.000000 1080.000000
0 1398 0.469010 0.384722 0.038021 0.149074 0.577830 1920.000000 1080.000000
0 1399 0.469792 0.384722 0.038542 0.149074 0.555880 1920.000000 1080.000000
0 1400 0.470313 0.384722 0.038542 0.149074 0.539750 1920.000000 1080.000000
0 1401 0.471354 0.385648 0.038542 0.149074 0.511770 1920.000000 1080.000000
0 1402 0.471875 0.386111 0.038542 0.150000 0.494480 1920.000000 1080.000000
0 1403 0.472396 0.386574 0.038542 0.150926 0.480000 1920.000000 1080.000000
0 1404 0.473177 0.387037 0.039062 0.151852 0.474240 1920.000000 1080.000000
0 1405 0.473698 0.387963 0.039062 0.151852 0.456940 1920.000000 1080.000000
0 1406 0.474479 0.388889 0.039583 0.153704 0.444280 1920.000000 1080.000000
0 1407 0.475000 0.389352 0.039583 0.154630 0.435300 1920.000000 1080.000000
0 1408 0.476042 0.390278 0.039583 0.154630 0.418440 1920.000000 1080.000000
0 1409 0.476562 0.390741 0.039583 0.155556 0.411050 1920.000000 1080.000000
0 1410 0.477083 0.391204 0.039583 0.156481 0.397860 1920.000000 1080.000000
0 1411 0.477865 0.392130 0.040104 0.158333 0.386550 1920.000000 1080.000000
0 1412 0.478385 0.393056 0.040104 0.158333 0.375000 1920.000000 1080.000000
0 1413 0.479167 0.393519 0.040625 0.159259 0.366280 1920.000000 1080.000000
0 1414 0.479687 0.393981 0.040625 0.160185 0.353700 1920.000000 1080.000000
0 1415 0.480729 0.395370 0.040625 0.161111 0.340040 1920.000000 1080.000000
0 1416 0.480208 0.395370 0.040625 0.161111 0.338810 1920.000000 1080.000000
0 1417 0.479948 0.396296 0.040104 0.161111 0.337000 1920.000000 1080.000000
0 1418 0.479687 0.396296 0.040625 0.161111 0.330490 1920.000000 1080.000000
0 1419 0.479427 0.397222 0.040104 0.161111 0.325490 1920.000000 1080.000000
0 1420 0.478906 0.397222 0.040104 0.161111 0.323220 1920.000000 1080.000000
0 1421 0.478906 0.398148 0.040104 0.161111 0.314950 1920.000000 1080.000000
0 1422 0.478646 0.398148 0.040625 0.161111 0.312550 1920.000000 1080.000000
0 1423 0.478385 0.398148 0.041146 0.161111 0.313000 1920.000000 1080.000000
0 1424 0.478385 0.398611 0.041146 0.162037 0.303980 1920.000000 1080.000000
0 1425 0.478125 0.398611 0.041667 0.162037 0.305420 1920.000000 1080.000000
0 1426 0.478125 0.399074 0.041667 0.161111 0.294960 1920.000000 1080.000000
0 1427 0.477865 0.399537 0.042188 0.162037 0.294550 1920.000000 1080.000000
0 1428 0.477865 0.399537 0.042188 0.162037 0.287210 1920.000000 1080.000000
0 1429 0.477604 0.399537 0.042708 0.162037 0.286420 1920.000000 1080.000000
0 1430 0.477604 0.400463 0.042708 0.162037 0.275050 1920.000000 1080.000000
0 1431 0.477604 0.401389 0.042708 0.162037 0.265740 1920.000000 1080.000000
0 1432 0.477865 0.402315 0.042188 0.162037 0.255610 1920.000000 1080.000000
0 1433 0.477865 0.403241 0.042188 0.162037 0.244250 1920.000000 1080.000000
0 1434 0.478125 0.404167 0.041667 0.162037 0.234150 1920.000000 1080.000000
0 1435 0.478646 0.405093 0.041667 0.162037 0.225730 1920.000000 1080.000000
0 1436 0.477865 0.405093 0.041146 0.162037 0.229400 1920.000000 1080.000000
0 1437 0.477083 0.405093 0.040625 0.162037 0.238420 1920.000000 1080.000000
0 1438 0.476562 0.405093 0.040625 0.162037 0.236840 1920.000000 1080.000000
0 1439 0.475781 0.405093 0.040104 0.162037 0.241040 1920.000000 1080.000000
0 1440 0.475260 0.405093 0.040104 0.162037 0.246360 1920.000000 1080.000000
0 1441 0.474479 0.405093 0.039583 0.162037 0.250890 1920.000000 1080.000000
0 1442 0.473698 0.405093 0.039062 0.162037 0.260770 1920.000000 1080.000000
0 1443 0.473177 0.405093 0.039062 0.162037 0.259050 1920.000000 1080.000000
0 1444 0.472396 0.405093 0.038542 0.162037 0.263560 1920.000000 1080.000000
0 1445 0.471875 0.406019 0.038542 0.162037 0.262500 1920.000000 1080.000000
0 1446 0.470833 0.406019 0.038542 0.162037 0.272270 1920.000000 1080.000000
0 1447 0.469792 0.406019 0.038542 0.162037 0.280450 1920.000000 1080.000000
0 1448 0.469010 0.406481 0.039062 0.162963 0.282190 1920.000000 1080.000000
0 1449 0.467969 0.406944 0.039062 0.162037 0.288350 1920.000000 1080.000000
0 1450 0.466927 0.406944 0.039062 0.162037 0.294560 1920.000000 1080.000000
0 1451 0.466146 0.407407 0.039583 0.162963 0.295840 1920.000000 1080.000000
0 1452 0.465104 0.407870 0.039583 0.162037 0.319730 1920.000000 1080.000000
0 1453 0.464323 0.408333 0.040104 0.162963 0.350070 1920.000000 1080.000000
0 1454 0.463281 0.408333 0.040104 0.162963 0.382150 1920.000000 1080.000000
0 1455 0.462240 0.408796 0.040104 0.162037 0.416080 1920.000000 1080.000000
0 1456 0.461458 0.409259 0.040625 0.162963 0.437530 1920.000000 1080.000000
0 1457 0.460417 0.409259 0.040625 0.162963 0.459060 1920.000000 1080.000000
0 1458 0.459896 0.410185 0.040625 0.162963 0.467930 1920.000000 1080.000000
0 1459 0.459375 0.410185 0.040625 0.162963 0.481510 1920.000000 1080.000000
0 1460 0.459115 0.411111 0.040104 0.162963 0.484860 1920.000000 1080.000000
0 1461 0.458854 0.411574 0.040625 0.162037 0.493670 1920.000000 1080.000000
0 1462 0.458594 0.412037 0.040104 0.162963 0.500940 1920.000000 1080.000000
0 1463 0.458333 0.412500 0.040625 0.162037 0.510070 1920.000000 1080.000000
0 1464 0.458073 0.413426 0.040104 0.162037 0.515590 1920.000000 1080.000000
0 1465 0.458073 0.414352 0.040104 0.162037 0.518140 1920.000000 1080.000000
0 1466 0.457031 0.414352 0.040104 0.162037 0.554200 1920.000000 1080.000000
0 1467 0.455990 0.414815 0.040104 0.162963 0.570190 1920.000000 1080.000000
0 1468 0.455208 0.414815 0.040625 0.162963 0.592430 1920.000000 1080.000000
0 1469 0.454167 0.415741 0.040625 0.162963 0.606740 1920.000000 1080.000000
0 1470 0.453125 0.415741 0.040625 0.162963 0.634410 1920.000000 1080.000000
0 1471 0.452344 0.416204 0.041146 0.163889 0.646070 1920.000000 1080.000000
0 1472 0.451302 0.416204 0.041146 0.163889 0.676400 1920.000000 1080.000000
0 1473 0.450260 0.417130 0.041146 0.163889 0.692420 1920.000000 1080.000000
0 1474 0.449479 0.417130 0.041667 0.163889 0.714520 1920.000000 1080.000000
0 1475 0.448437 0.417593 0.041667 0.164815 0.732810 1920.000000 1080.000000
0 1476 0.447917 0.418519 0.041667 0.164815 0.750050 1920.000000 1080.000000
0 1477 0.447396 0.418519 0.041667 0.164815 0.760470 1920.000000 1080.000000
0 1478 0.447135 0.419444 0.042188 0.164815 0.770680 1920.000000 1080.000000
0 1479 0.446615 0.419907 0.042188 0.165741 0.779470 1920.000000 1080.000000
0 1480 0.446615 0.420833 0.042188 0.165741 0.787260 1920.000000 1080.000000
0 1481 0.445573 0.420833 0.042188 0.165741 0.807320 1920.000000 1080.000000
0 1482 0.445052 0.421296 0.042188 0.166667 0.828590 1920.000000 1080.000000
0 1483 0.444531 0.422222 0.042188 0.166667 0.837290 1920.000000 1080.000000
0 1484 0.444010 0.422222 0.042188 0.166667 0.858110 1920.000000 1080.000000
0 1485 0.443490 0.423148 0.042188 0.166667 0.878450 1920.000000 1080.000000
0 1486 0.442708 0.423611 0.042708 0.167593 0.901100 1920.000000 1080.000000
0 1487 0.442188 0.423611 0.042708 0.167593 0.923080 1920.000000 1080.000000
0 1488 0.441667 0.424537 0.042708 0.167593 0.933270 1920.000000 1080.000000
0 1489 0.441146 0.425000 0.042708 0.168519 0.955230 1920.000000 1080.000000
0 1490 0.440625 0.425926 0.042708 0.168519 0.977350 1920.000000 1080.000000
0 1491 0.440104 0.425926 0.042708 0.168519 1.000000 1920.000000 1080.000000
0 1492 0.439583 0.425926 0.042708 0.168519 1.000000 1920.000000 1080.000000
0 1493 0.439583 0.426852 0.042708 0.168519 1.000000 1920.000000 1080.000000
0 1494 0.439063 0.426852 0.042708 0.168519 1.000000 1920.000000 1080.000000
0 1495 0.438542 0.426852 0.042708 0.168519 1.000000 1920.000000 1080.000000
0 1496 0.438542 0.427778 0.042708 0.168519 1.000000 1920.000000 1080.000000
0 1497 0.438281 0.428241 0.043229 0.169444 1.000000 1920.000000 1080.000000
0 1498 0.438021 0.429167 0.043750 0.169444 0.992260 1920.000000 1080.000000
0 1499 0.438281 0.430093 0.044271 0.171296 0.992310 1920.000000 1080.000000
0 1500 0.438021 0.431019 0.044792 0.171296 0.984800 1920.000000 1080.000000
0 1501 0.437760 0.431944 0.045312 0.173148 0.977510 1920.000000 1080.000000
0 1502 0.438021 0.432870 0.045833 0.173148 0.977770 1920.000000 1080.000000
0 1503 0.437760 0.433796 0.046354 0.175000 0.970760 1920.000000 1080.000000
0 1504 0.437500 0.434722 0.046875 0.175000 0.963560 1920.000000 1080.000000
0 1505 0.437760 0.436111 0.047396 0.175926 0.956640 1920.000000 1080.000000
0 1506 0.438281 0.436574 0.047396 0.175000 0.956750 1920.000000 1080.000000
0 1507 0.438802 0.437500 0.047396 0.175000 0.963960 1920.000000 1080.000000
0 1508 0.439323 0.437963 0.047396 0.174074 0.964060 1920.000000 1080.000000
0 1509 0.440104 0.438889 0.047917 0.174074 0.964440 1920.000000 1080.000000
0 1510 0.440625 0.439352 0.047917 0.173148 0.971630 1920.000000 1080.000000
0 1511 0.441146 0.440278 0.047917 0.173148 0.971630 1920.000000 1080.000000
0 1512 0.442188 0.441667 0.047917 0.172222 0.978610 1920.000000 1080.000000
0 1513 0.443490 0.442593 0.046354 0.172222 1.000000 1920.000000 1080.000000
0 1514 0.445052 0.443519 0.045312 0.172222 1.000000 1920.000000 1080.000000
0 1515 0.446354 0.444907 0.043750 0.171296 1.000000 1920.000000 1080.000000
0 1516 0.447917 0.445833 0.042708 0.171296 1.000000 1920.000000 1080.000000
0 1517 0.449479 0.447685 0.041667 0.171296 1.000000 1920.000000 1080.000000
0 1518 0.450521 0.447685 0.041667 0.171296 1.000000 1920.000000 1080.000000
0 1519 0.452083 0.448611 0.041667 0.171296 1.000000 1920.000000 1080.000000
0 1520 0.453646 0.449537 0.041667 0.171296 1.000000 1920.000000 1080.000000
0 1521 0.455208 0.449537 0.041667 0.171296 1.000000 1920.000000 1080.000000
0 1522 0.456771 0.450463 0.041667 0.171296 1.000000 1920.000000 1080.000000
0 1523 0.458333 0.451389 0.041667 0.171296 1.000000 1920.000000 1080.000000
0 1524 0.459375 0.451389 0.041667 0.171296 1.000000 1920.000000 1080.000000
0 1525 0.460938 0.452315 0.041667 0.171296 1.000000 1920.000000 1080.000000
0 1526 0.462500 0.453241 0.041667 0.171296 1.000000 1920.000000 1080.000000
0 1527 0.464062 0.453241 0.041667 0.171296 1.000000 1920.000000 1080.000000
0 1528 0.465625 0.454167 0.041667 0.171296 1.000000 1920.000000 1080.000000
0 1529 0.467187 0.455093 0.041667 0.171296 1.000000 1920.000000 1080.000000
0 1530 0.468750 0.456019 0.041667 0.171296 1.000000 1920.000000 1080.000000
0 1531 0.470573 0.456019 0.042188 0.171296 1.000000 1920.000000 1080.000000
0 1532 0.472656 0.456481 0.042188 0.172222 1.000000 1920.000000 1080.000000
0 1533 0.474740 0.456944 0.042188 0.173148 1.000000 1920.000000 1080.000000
0 1534 0.476823 0.457870 0.042188 0.173148 1.000000 1920.000000 1080.000000
0 1535 0.479167 0.458333 0.042708 0.174074 1.000000 1920.000000 1080.000000
0 1536 0.481250 0.458796 0.042708 0.175000 1.000000 1920.000000 1080.000000
0 1537 0.483333 0.459722 0.042708 0.175000 1.000000 1920.000000 1080.000000
0 1538 0.485417 0.460185 0.042708 0.175926 1.000000 1920.000000 1080.000000
0 1539 0.487760 0.460648 0.043229 0.176852 1.000000 1920.000000 1080.000000
0 1540 0.489844 0.461574 0.043229 0.176852 1.000000 1920.000000 1080.000000
0 1541 0.491927 0.462037 0.043229 0.177778 1.000000 1920.000000 1080.000000
0 1542 0.494010 0.462500 0.043229 0.178704 1.000000 1920.000000 1080.000000
0 1543 0.496354 0.463426 0.043750 0.178704 1.000000 1920.000000 1080.000000
0 1544 0.498698 0.462963 0.044271 0.177778 1.000000 1920.000000 1080.000000
0 1545 0.501042 0.463426 0.044792 0.176852 1.000000 1920.000000 1080.000000
0 1546 0.503385 0.462963 0.045312 0.175926 1.000000 1920.000000 1080.000000
0 1547 0.505729 0.463426 0.045833 0.175000 1.000000 1920.000000 1080.000000
0 1548 0.508073 0.463889 0.046354 0.174074 1.000000 1920.000000 1080.000000
0 1549 0.510677 0.463426 0.047396 0.173148 1.000000 1920.000000 1080.000000
0 1550 0.513021 0.463889 0.047917 0.172222 1.000000 1920.000000 1080.000000
0 1551 0.515365 0.464352 0.048438 0.171296 1.000000 1920.000000 1080.000000
0 1552 0.517708 0.463889 0.048958 0.170370 1.000000 1920.000000 1080.000000
0 1553 0.520052 0.464352 0.049479 0.169444 1.000000 1920.000000 1080.000000
0 1554 0.522917 0.464815 0.050000 0.168519 1.000000 1920.000000 1080.000000
0 1555 0.525521 0.464352 0.050000 0.169444 1.000000 1920.000000 1080.000000
0 1556 0.528125 0.464352 0.050000 0.171296 1.000000 1920.000000 1080.000000
0 1557 0.530729 0.463889 0.050000 0.172222 1.000000 1920.000000 1080.000000
0 1558 0.533333 0.463889 0.050000 0.174074 1.000000 1920.000000 1080.000000
0 1559 0.536198 0.463889 0.050521 0.175926 1.000000 1920.000000 1080.000000
0 1560 0.538802 0.463889 0.050521 0.175926 1.000000 1920.000000 1080.000000
0 1561 0.541406 0.464815 0.050521 0.175926 1.000000 1920.000000 1080.000000
0 1562 0.544010 0.465741 0.050521 0.175926 1.000000 1920.000000 1080.000000
0 1563 0.546615 0.466667 0.050521 0.175926 0.975640 1920.000000 1080.000000
0 1564 0.549479 0.467593 0.050000 0.175926 0.901550 1920.000000 1080.000000
0 1565 0.552083 0.468519 0.050000 0.175926 0.824310 1920.000000 1080.000000
0 1566 0.554688 0.469444 0.050000 0.175926 0.754250 1920.000000 1080.000000
0 1567 0.557292 0.470370 0.050000 0.175926 0.682460 1920.000000 1080.000000
0 1568 0.560417 0.471296 0.050000 0.175926 0.597780 1920.000000 1080.000000
0 1569 0.563021 0.471296 0.050000 0.175926 0.524910 1920.000000 1080.000000
0 1570 0.566146 0.471296 0.050000 0.175926 0.433480 1920.000000 1080.000000
0 1571 0.569271 0.471296 0.050000 0.175926 0.349870 1920.000000 1080.000000
0 1572 0.572396 0.472222 0.050000 0.175926 0.250230 1920.000000 1080.000000
0 1573 0.575521 0.472222 0.050000 0.175926 0.156850 1920.000000 1080.000000
0 1574 0.578125 0.472222 0.050000 0.175926 0.091812 1920.000000 1080.000000
0 1575 0.581250 0.472222 0.050000 0.175926 0.080963 1920.000000 1080.000000
0 1576 0.584375 0.473148 0.050000 0.175926 0.089221 1920.000000 1080.000000
0 1577 0.587500 0.473148 0.050000 0.175926 0.115510 1920.000000 1080.000000
0 1578 0.590625 0.473148 0.050000 0.175926 0.142440 1920.000000 1080.000000
0 1579 0.593750 0.474074 0.050000 0.175926 0.169210 1920.000000 1080.000000
0 1580 0.594792 0.474537 0.050000 0.176852 0.193940 1920.000000 1080.000000
0 1581 0.595833 0.475000 0.050000 0.177778 0.219490 1920.000000 1080.000000
0 1582 0.596875 0.475463 0.050000 0.178704 0.288500 1920.000000 1080.000000
0 1583 0.597917 0.476389 0.050000 0.180556 0.342520 1920.000000 1080.000000
0 1584 0.602083 0.476852 0.050000 0.181481 0.407400 1920.000000 1080.000000
0 1585 0.606510 0.477315 0.050521 0.182407 0.458870 1920.000000 1080.000000
0 1586 0.611198 0.477778 0.050521 0.183333 0.392370 1920.000000 1080.000000
0 1587 0.613542 0.478704 0.050000 0.183333 0.359320 1920.000000 1080.000000
0 1588 0.616146 0.480093 0.050000 0.182407 0.326460 1920.000000 1080.000000
0 1589 0.618750 0.481019 0.050000 0.182407 0.300640 1920.000000 1080.000000
0 1590 0.621354 0.482407 0.050000 0.181481 0.269040 1920.000000 1080.000000
0 1591 0.623958 0.483333 0.050000 0.181481 0.274110 1920.000000 1080.000000
0 1592 0.626563 0.484722 0.050000 0.180556 0.280610 1920.000000 1080.000000
0 1593 0.629167 0.486111 0.050000 0.179630 0.287180 1920.000000 1080.000000
0 1594 0.632292 0.485185 0.048958 0.179630 0.282050 1920.000000 1080.000000
0 1595 0.635417 0.485185 0.047917 0.179630 0.282050 1920.000000 1080.000000
0 1596 0.638802 0.485185 0.046354 0.179630 0.282050 1920.000000 1080.000000
0 1597 0.641927 0.485185 0.045312 0.179630 0.282050 1920.000000 1080.000000
0 1598 0.645052 0.485185 0.044271 0.179630 0.282050 1920.000000 1080.000000
0 1599 0.648438 0.485185 0.042708 0.179630 0.282050 1920.000000 1080.000000
0 1600 0.651302 0.486111 0.045312 0.179630 0.287180 1920.000000 1080.000000
0 1601 0.654427 0.487037 0.047396 0.179630 0.292310 1920.000000 1080.000000
0 1602 0.657813 0.488426 0.050000 0.180556 0.301020 1920.000000 1080.000000
0 1603 0.660937 0.489352 0.052083 0.180556 0.354210 1920.000000 1080.000000
0 1604 0.664062 0.490278 0.054167 0.180556 0.409620 1920.000000 1080.000000
0 1605 0.667448 0.492130 0.056771 0.180556 0.463310 1920.000000 1080.000000
0 1606 0.670052 0.491667 0.053646 0.181481 0.483310 1920.000000 1080.000000
0 1607 0.672656 0.491667 0.050521 0.181481 0.507200 1920.000000 1080.000000
0 1608 0.675521 0.491204 0.046875 0.182407 0.535460 1920.000000 1080.000000
0 1609 0.678125 0.491204 0.043750 0.182407 0.566840 1920.000000 1080.000000
0 1610 0.681250 0.491204 0.040625 0.182407 0.611620 1920.000000 1080.000000
0 1611 0.683854 0.492130 0.042708 0.182407 0.649390 1920.000000 1080.000000
0 1612 0.686719 0.493519 0.044271 0.181481 0.696140 1920.000000 1080.000000
0 1613 0.689844 0.494444 0.046354 0.181481 0.741400 1920.000000 1080.000000
0 1614 0.692708 0.495833 0.047917 0.180556 0.780610 1920.000000 1080.000000
0 1615 0.695573 0.496759 0.049479 0.180556 0.816330 1920.000000 1080.000000
0 1616 0.698698 0.498148 0.051562 0.179630 0.851380 1920.000000 1080.000000
0 1617 0.701562 0.499074 0.053125 0.179630 0.875530 1920.000000 1080.000000
0 1618 0.704688 0.500463 0.055208 0.178704 0.905190 1920.000000 1080.000000
0 1619 0.708073 0.500000 0.051562 0.179630 0.955490 1920.000000 1080.000000
0 1620 0.711719 0.500463 0.048438 0.180556 1.000000 1920.000000 1080.000000
0 1621 0.715104 0.500463 0.044792 0.180556 1.000000 1920.000000 1080.000000
0 1622 0.718750 0.500463 0.041667 0.182407 1.000000 1920.000000 1080.000000
0 1623 0.722135 0.500463 0.038021 0.182407 1.000000 1920.000000 1080.000000
0 1624 0.726042 0.500926 0.034375 0.183333 1.000000 1920.000000 1080.000000
0 1625 0.728385 0.500926 0.038021 0.183333 1.000000 1920.000000 1080.000000
0 1626 0.730990 0.501389 0.041146 0.182407 1.000000 1920.000000 1080.000000
0 1627 0.733594 0.501852 0.045312 0.181481 1.000000 1920.000000 1080.000000
0 1628 0.736198 0.501852 0.048438 0.181481 1.000000 1920.000000 1080.000000
0 1629 0.738802 0.502315 0.052604 0.180556 1.000000 1920.000000 1080.000000
0 1630 0.741406 0.502778 0.055729 0.179630 1.000000 1920.000000 1080.000000
0 1631 0.744271 0.503704 0.059375 0.179630 1.000000 1920.000000 1080.000000
0 1632 0.747656 0.503241 0.056771 0.182407 1.000000 1920.000000 1080.000000
0 1633 0.751302 0.503241 0.054688 0.184259 1.000000 1920.000000 1080.000000
0 1634 0.755208 0.503241 0.052083 0.187963 1.000000 1920.000000 1080.000000
0 1635 0.758594 0.503241 0.049479 0.189815 1.000000 1920.000000 1080.000000
0 1636 0.762240 0.502778 0.047396 0.192593 1.000000 1920.000000 1080.000000
0 1637 0.766146 0.503241 0.044792 0.195370 1.000000 1920.000000 1080.000000
0 1638 0.768750 0.504167 0.047917 0.193519 1.000000 1920.000000 1080.000000
0 1639 0.771615 0.505556 0.050521 0.190741 1.000000 1920.000000 1080.000000
0 1640 0.774479 0.506481 0.053125 0.188889 1.000000 1920.000000 1080.000000
0 1641 0.777604 0.507870 0.056250 0.186111 1.000000 1920.000000 1080.000000
0 1642 0.779948 0.509259 0.055729 0.187037 1.000000 1920.000000 1080.000000
0 1643 0.782292 0.510648 0.055208 0.187963 1.000000 1920.000000 1080.000000
0 1644 0.784635 0.512037 0.054688 0.188889 1.000000 1920.000000 1080.000000
0 1645 0.786979 0.513889 0.054167 0.190741 1.000000 1920.000000 1080.000000
0 1646 0.791406 0.511574 0.049479 0.191667 1.000000 1920.000000 1080.000000
0 1647 0.795833 0.509722 0.044792 0.191667 1.000000 1920.000000 1080.000000
0 1648 0.800260 0.507870 0.040104 0.191667 1.000000 1920.000000 1080.000000
0 1649 0.805208 0.506481 0.035417 0.192593 1.000000 1920.000000 1080.000000
0 1650 0.808854 0.507870 0.041667 0.191667 0.952810 1920.000000 1080.000000
0 1651 0.812760 0.509722 0.047396 0.191667 0.852320 1920.000000 1080.000000
0 1652 0.816927 0.512037 0.053646 0.190741 0.771090 1920.000000 1080.000000
0 1653 0.819531 0.512500 0.054688 0.189815 0.733740 1920.000000 1080.000000
0 1654 0.822135 0.513426 0.055729 0.189815 0.706220 1920.000000 1080.000000
0 1655 0.824740 0.514352 0.056771 0.189815 0.673480 1920.000000 1080.000000
0 1656 0.827344 0.515278 0.057813 0.189815 0.642420 1920.000000 1080.000000
0 1657 0.830208 0.516204 0.059375 0.189815 0.610050 1920.000000 1080.000000
0 1658 0.833854 0.515741 0.055208 0.190741 0.559800 1920.000000 1080.000000
0 1659 0.837760 0.515278 0.050521 0.191667 0.496270 1920.000000 1080.000000
0 1660 0.841667 0.514815 0.045833 0.192593 0.436160 1920.000000 1080.000000
0 1661 0.845573 0.514352 0.041146 0.193519 0.371610 1920.000000 1080.000000
0 1662 0.849740 0.513889 0.036979 0.194444 0.361370 1920.000000 1080.000000
0 1663 0.852865 0.514815 0.041146 0.194444 0.447100 1920.000000 1080.000000
0 1664 0.855990 0.515741 0.045312 0.194444 0.517020 1920.000000 1080.000000
0 1665 0.859115 0.516667 0.049479 0.194444 0.575090 1920.000000 1080.000000
0 1666 0.862240 0.517593 0.053646 0.194444 0.549760 1920.000000 1080.000000
0 1667 0.865365 0.518519 0.057813 0.194444 0.528730 1920.000000 1080.000000
0 1668 0.868750 0.519907 0.062500 0.193519 0.509760 1920.000000 1080.000000
0 1669 0.872396 0.519907 0.061458 0.193519 0.510160 1920.000000 1080.000000
0 1670 0.876042 0.520370 0.060417 0.194444 0.512900 1920.000000 1080.000000
0 1671 0.879948 0.520833 0.058854 0.195370 0.517460 1920.000000 1080.000000
0 1672 0.883594 0.520833 0.057813 0.195370 0.511370 1920.000000 1080.000000
0 1673 0.887500 0.521296 0.056250 0.196296 0.502090 1920.000000 1080.000000
0 1674 0.891146 0.521759 0.055208 0.197222 0.490040 1920.000000 1080.000000
0 1675 0.895052 0.521759 0.053646 0.197222 0.424250 1920.000000 1080.000000
0 1676 0.898698 0.522222 0.052604 0.198148 0.355910 1920.000000 1080.000000
0 1677 0.902604 0.523148 0.051042 0.198148 0.278220 1920.000000 1080.000000
0 1678 0.905729 0.522685 0.055208 0.197222 0.237050 1920.000000 1080.000000
0 1679 0.909115 0.522685 0.058854 0.195370 0.188600 1920.000000 1080.000000
