0 1416 0.319792 0.296759 0.027083 0.117593 0.000000 1920.000000 1080.000000
0 1417 0.320573 0.295833 0.026562 0.117593 0.000000 1920.000000 1080.000000
0 1418 0.321615 0.295833 0.026562 0.117593 0.000000 1920.000000 1080.000000
0 1419 0.322656 0.294907 0.026562 0.117593 0.000000 1920.000000 1080.000000
0 1420 0.323698 0.294907 0.025521 0.117593 0.000000 1920.000000 1080.000000
0 1421 0.324740 0.293981 0.025521 0.117593 0.000000 1920.000000 1080.000000
0 1422 0.325781 0.293981 0.025521 0.117593 0.000000 1920.000000 1080.000000
0 1423 0.326562 0.293981 0.025000 0.117593 0.000000 1920.000000 1080.000000
0 1424 0.327865 0.293056 0.024479 0.117593 0.000000 1920.000000 1080.000000
0 1425 0.328906 0.293056 0.024479 0.117593 0.000000 1920.000000 1080.000000
0 1426 0.329688 0.292130 0.023958 0.117593 0.000000 1920.000000 1080.000000
0 1427 0.330729 0.292130 0.023958 0.117593 0.000000 1920.000000 1080.000000
0 1428 0.332031 0.292130 0.023438 0.117593 0.000000 1920.000000 1080.000000
0 1429 0.333073 0.292130 0.023438 0.117593 0.000000 1920.000000 1080.000000
0 1430 0.334115 0.292593 0.023438 0.118519 0.000000 1920.000000 1080.000000
0 1431 0.335156 0.293056 0.023438 0.117593 0.060122 1920.000000 1080.000000
0 1432 0.336198 0.293519 0.023438 0.118519 0.066734 1920.000000 1080.000000
0 1433 0.337760 0.293981 0.023438 0.117593 0.075068 1920.000000 1080.000000
0 1434 0.338802 0.294444 0.023438 0.118519 0.089653 1920.000000 1080.000000
0 1435 0.339844 0.294907 0.023438 0.117593 0.093750 1920.000000 1080.000000
0 1436 0.340885 0.295370 0.023438 0.118519 0.102630 1920.000000 1080.000000
0 1437 0.342448 0.296296 0.023438 0.118519 0.108700 1920.000000 1080.000000
0 1438 0.342708 0.296296 0.023958 0.118519 0.109680 1920.000000 1080.000000
0 1439 0.343229 0.296296 0.023958 0.118519 0.116610 1920.000000 1080.000000
0 1440 0.343750 0.296296 0.023958 0.118519 0.125850 1920.000000 1080.000000
0 1441 0.344010 0.296296 0.024479 0.118519 0.130490 1920.000000 1080.000000
0 1442 0.344531 0.296296 0.024479 0.118519 0.130010 1920.000000 1080.000000
0 1443 0.345052 0.296296 0.024479 0.118519 0.126780 1920.000000 1080.000000
0 1444 0.345573 0.296759 0.024479 0.117593 0.117510 1920.000000 1080.000000
0 1445 0.345833 0.296759 0.025000 0.117593 0.110490 1920.000000 1080.000000
0 1446 0.346354 0.296759 0.025000 0.117593 0.107940 1920.000000 1080.000000
0 1447 0.346875 0.296759 0.025000 0.117593 0.108100 1920.000000 1080.000000
0 1448 0.347135 0.296759 0.025521 0.117593 0.106090 1920.000000 1080.000000
0 1449 0.347656 0.296759 0.025521 0.117593 0.047188 1920.000000 1080.000000
0 1450 0.348177 0.296759 0.025521 0.117593 0.050156 1920.000000 1080.000000
0 1451 0.348958 0.297685 0.026042 0.117593 0.044577 1920.000000 1080.000000
0 1452 0.348958 0.297685 0.026042 0.117593 0.044884 1920.000000 1080.000000
0 1453 0.349479 0.297685 0.026042 0.117593 0.049020 1920.000000 1080.000000
0 1454 0.350000 0.297685 0.026042 0.117593 0.049632 1920.000000 1080.000000
0 1455 0.350521 0.297685 0.026042 0.117593 0.051471 1920.000000 1080.000000
0 1456 0.351042 0.297685 0.026042 0.117593 0.057751 1920.000000 1080.000000
0 1457 0.351562 0.297685 0.026042 0.117593 0.056985 1920.000000 1080.000000
0 1458 0.351562 0.297685 0.026042 0.117593 0.058824 1920.000000 1080.000000
0 1459 0.352083 0.297685 0.026042 0.117593 0.060662 1920.000000 1080.000000
0 1460 0.352604 0.297685 0.026042 0.117593 0.057292 1920.000000 1080.000000
0 1461 0.353125 0.298148 0.026042 0.118519 0.058520 1920.000000 1080.000000
0 1462 0.353646 0.298148 0.026042 0.118519 0.098951 1920.000000 1080.000000
0 1463 0.354167 0.298148 0.026042 0.118519 0.106700 1920.000000 1080.000000
0 1464 0.354167 0.298148 0.026042 0.118519 0.111720 1920.000000 1080.000000
0 1465 0.354687 0.298148 0.026042 0.118519 0.125400 1920.000000 1080.000000
0 1466 0.355208 0.298148 0.026042 0.118519 0.131630 1920.000000 1080.000000
0 1467 0.355729 0.298148 0.026042 0.118519 0.144090 1920.000000 1080.000000
0 1468 0.356250 0.298148 0.026042 0.118519 0.144550 1920.000000 1080.000000
0 1469 0.356771 0.298148 0.026042 0.118519 0.146220 1920.000000 1080.000000
0 1470 0.357292 0.299074 0.026042 0.118519 0.139080 1920.000000 1080.000000
0 1471 0.357292 0.299074 0.026042 0.118519 0.138470 1920.000000 1080.000000
0 1472 0.357812 0.300000 0.026042 0.118519 0.133150 1920.000000 1080.000000
0 1473 0.358333 0.300000 0.026042 0.118519 0.133150 1920.000000 1080.000000
0 1474 0.358854 0.300926 0.026042 0.118519 0.126160 1920.000000 1080.000000
0 1475 0.359375 0.301852 0.026042 0.118519 0.120380 1920.000000 1080.000000
0 1476 0.359896 0.301852 0.026042 0.118519 0.121300 1920.000000 1080.000000
0 1477 0.360417 0.302778 0.026042 0.118519 0.115670 1920.000000 1080.000000
0 1478 0.360417 0.303704 0.026042 0.118519 0.107920 1920.000000 1080.000000
0 1479 0.360938 0.303704 0.026042 0.118519 0.107920 1920.000000 1080.000000
0 1480 0.361458 0.304630 0.026042 0.118519 0.103510 1920.000000 1080.000000
0 1481 0.361979 0.305556 0.026042 0.118519 0.095759 1920.000000 1080.000000
0 1482 0.362500 0.305556 0.026042 0.118519 0.096975 1920.000000 1080.000000
0 1483 0.363021 0.306481 0.026042 0.118519 0.091655 1920.000000 1080.000000
0 1484 0.363542 0.307407 0.026042 0.118519 0.085271 1920.000000 1080.000000
0 1485 0.363542 0.307407 0.026042 0.118519 0.086335 1920.000000 1080.000000
0 1486 0.364063 0.308333 0.026042 0.118519 0.078583 1920.000000 1080.000000
0 1487 0.364323 0.308333 0.025521 0.118519 0.079070 1920.000000 1080.000000
0 1488 0.364583 0.309259 0.026042 0.118519 0.073263 1920.000000 1080.000000
0 1489 0.365104 0.309259 0.026042 0.118519 0.074935 1920.000000 1080.000000
0 1490 0.365365 0.310185 0.025521 0.118519 0.073798 1920.000000 1080.000000
0 1491 0.365625 0.310185 0.026042 0.118519 0.074935 1920.000000 1080.000000
0 1492 0.365885 0.311111 0.025521 0.118519 0.066047 1920.000000 1080.000000
0 1493 0.366406 0.311111 0.025521 0.118519 0.070388 1920.000000 1080.000000
0 1494 0.366667 0.312037 0.026042 0.118519 0.067183 1920.000000 1080.000000
0 1495 0.366927 0.312037 0.025521 0.118519 0.067752 1920.000000 1080.000000
0 1496 0.367448 0.312963 0.025521 0.118519 0.062636 1920.000000 1080.000000
0 1497 0.367448 0.312963 0.025521 0.118519 0.066047 1920.000000 1080.000000
0 1498 0.367969 0.313889 0.025521 0.118519 0.062636 1920.000000 1080.000000
0 1499 0.368490 0.314815 0.025521 0.118519 0.054884 1920.000000 1080.000000
0 1500 0.369010 0.314815 0.025521 0.118519 0.056744 1920.000000 1080.000000
0 1501 0.369531 0.314815 0.025521 0.118519 0.064496 1920.000000 1080.000000
0 1502 0.370052 0.315741 0.025521 0.118519 0.058605 1920.000000 1080.000000
0 1503 0.370573 0.315741 0.025521 0.118519 0.061550 1920.000000 1080.000000
0 1504 0.371094 0.316667 0.025521 0.118519 0.055814 1920.000000 1080.000000
0 1505 0.371615 0.316667 0.025521 0.118519 0.060465 1920.000000 1080.000000
0 1506 0.372135 0.316667 0.025521 0.118519 0.065581 1920.000000 1080.000000
0 1507 0.372656 0.317593 0.025521 0.118519 0.057829 1920.000000 1080.000000
0 1508 0.373177 0.317593 0.025521 0.118519 0.062326 1920.000000 1080.000000
0 1509 0.373698 0.318519 0.025521 0.118519 0.059845 1920.000000 1080.000000
0 1510 0.374740 0.318519 0.025521 0.118519 0.063876 1920.000000 1080.000000
0 1511 0.375260 0.318519 0.025521 0.118519 0.073643 1920.000000 1080.000000
0 1512 0.375781 0.319444 0.025521 0.118519 0.067907 1920.000000 1080.000000
0 1513 0.376302 0.319444 0.025521 0.118519 0.073488 1920.000000 1080.000000
0 1514 0.376823 0.320370 0.025521 0.118519 0.071938 1920.000000 1080.000000
0 1515 0.377344 0.320370 0.025521 0.118519 0.077209 1920.000000 1080.000000
0 1516 0.377865 0.320370 0.025521 0.118519 0.083721 1920.000000 1080.000000
0 1517 0.378385 0.321296 0.025521 0.118519 0.080930 1920.000000 1080.000000
0 1518 0.378906 0.321296 0.025521 0.118519 0.082791 1920.000000 1080.000000
0 1519 0.379427 0.322222 0.025521 0.118519 0.084651 1920.000000 1080.000000
0 1520 0.379948 0.322222 0.025521 0.118519 0.086512 1920.000000 1080.000000
0 1521 0.380990 0.323148 0.025521 0.118519 0.083101 1920.000000 1080.000000
0 1522 0.380990 0.323148 0.025521 0.118519 0.091628 1920.000000 1080.000000
0 1523 0.380990 0.324074 0.025521 0.118519 0.084341 1920.000000 1080.000000
0 1524 0.381250 0.324537 0.026042 0.119444 0.087481 1920.000000 1080.000000
0 1525 0.381250 0.325000 0.026042 0.118519 0.085727 1920.000000 1080.000000
0 1526 0.381250 0.325463 0.026042 0.119444 0.087632 1920.000000 1080.000000
0 1527 0.381771 0.326389 0.026042 0.119444 0.082504 1920.000000 1080.000000
0 1528 0.381771 0.326852 0.026042 0.120370 0.089957 1920.000000 1080.000000
0 1529 0.381771 0.327315 0.026042 0.119444 0.083409 1920.000000 1080.000000
0 1530 0.382031 0.327778 0.026562 0.120370 0.085437 1920.000000 1080.000000
0 1531 0.382031 0.328704 0.026562 0.120370 0.082061 1920.000000 1080.000000
0 1532 0.382552 0.329167 0.026562 0.121296 0.085373 1920.000000 1080.000000
0 1533 0.382552 0.329630 0.026562 0.120370 0.079272 1920.000000 1080.000000
0 1534 0.382552 0.330093 0.026562 0.121296 0.082459 1920.000000 1080.000000
0 1535 0.382812 0.331019 0.027083 0.121296 0.073471 1920.000000 1080.000000
0 1536 0.382812 0.331019 0.027083 0.121296 0.076329 1920.000000 1080.000000
0 1537 0.382812 0.331944 0.027083 0.121296 0.074042 1920.000000 1080.000000
0 1538 0.383333 0.332407 0.027083 0.122222 0.075755 1920.000000 1080.000000
0 1539 0.383333 0.333333 0.027083 0.122222 0.070223 1920.000000 1080.000000
0 1540 0.383333 0.333333 0.027083 0.122222 0.074337 1920.000000 1080.000000
0 1541 0.383594 0.334259 0.027604 0.122222 0.069201 1920.000000 1080.000000
0 1542 0.383594 0.334722 0.027604 0.123148 0.068961 1920.000000 1080.000000
0 1543 0.384115 0.335648 0.027604 0.123148 0.071034 1920.000000 1080.000000
0 1544 0.384115 0.335648 0.027604 0.123148 0.071034 1920.000000 1080.000000
0 1545 0.384115 0.335648 0.027604 0.123148 0.069514 1920.000000 1080.000000
0 1546 0.384115 0.335648 0.027604 0.123148 0.073521 1920.000000 1080.000000
0 1547 0.384115 0.336574 0.027604 0.123148 0.067855 1920.000000 1080.000000
0 1548 0.384635 0.336574 0.027604 0.123148 0.071587 1920.000000 1080.000000
0 1549 0.384635 0.336574 0.027604 0.123148 0.075871 1920.000000 1080.000000
0 1550 0.384635 0.336574 0.027604 0.123148 0.073936 1920.000000 1080.000000
0 1551 0.384635 0.337500 0.027604 0.123148 0.068684 1920.000000 1080.000000
0 1552 0.385156 0.337500 0.027604 0.123148 0.072139 1920.000000 1080.000000
0 1553 0.385156 0.337500 0.027604 0.123148 0.076285 1920.000000 1080.000000
0 1554 0.385156 0.337500 0.027604 0.123148 0.076700 1920.000000 1080.000000
0 1555 0.385156 0.338426 0.027604 0.123148 0.069514 1920.000000 1080.000000
0 1556 0.385156 0.338426 0.027604 0.123148 0.075041 1920.000000 1080.000000
0 1557 0.385677 0.338426 0.027604 0.123148 0.077114 1920.000000 1080.000000
0 1558 0.385677 0.338426 0.027604 0.123148 0.079326 1920.000000 1080.000000
0 1559 0.385677 0.339352 0.027604 0.123148 0.079464 1920.000000 1080.000000
0 1560 0.385677 0.339352 0.027604 0.123148 0.082090 1920.000000 1080.000000
0 1561 0.386198 0.339352 0.027604 0.123148 0.087065 1920.000000 1080.000000
0 1562 0.386198 0.339352 0.027604 0.123148 0.091902 1920.000000 1080.000000
0 1563 0.386198 0.340278 0.027604 0.123148 0.087341 1920.000000 1080.000000
0 1564 0.386198 0.340278 0.027604 0.123148 0.090381 1920.000000 1080.000000
0 1565 0.386719 0.340278 0.027604 0.123148 0.090934 1920.000000 1080.000000
0 1566 0.386719 0.340278 0.027604 0.123148 0.092040 1920.000000 1080.000000
0 1567 0.386719 0.341204 0.027604 0.123148 0.087756 1920.000000 1080.000000
0 1568 0.386719 0.341204 0.027604 0.123148 0.088308 1920.000000 1080.000000
0 1569 0.386719 0.341204 0.027604 0.123148 0.088861 1920.000000 1080.000000
0 1570 0.387240 0.341204 0.027604 0.123148 0.093698 1920.000000 1080.000000
0 1571 0.387240 0.342130 0.027604 0.123148 0.086650 1920.000000 1080.000000
0 1572 0.387240 0.342130 0.027604 0.123148 0.088447 1920.000000 1080.000000
0 1573 0.387240 0.342130 0.027604 0.123148 0.088723 1920.000000 1080.000000
0 1574 0.387760 0.342130 0.027604 0.123148 0.088861 1920.000000 1080.000000
0 1575 0.387760 0.343056 0.027604 0.123148 0.082090 1920.000000 1080.000000
0 1576 0.387760 0.343056 0.027604 0.123148 0.082642 1920.000000 1080.000000
0 1577 0.387760 0.343056 0.027604 0.123148 0.080017 1920.000000 1080.000000
0 1578 0.388281 0.343981 0.027604 0.123148 0.078773 1920.000000 1080.000000
0 1579 0.388542 0.343981 0.028125 0.123148 0.078697 1920.000000 1080.000000
0 1580 0.389062 0.343981 0.028125 0.123148 0.076798 1920.000000 1080.000000
0 1581 0.389583 0.344444 0.028125 0.124074 0.076364 1920.000000 1080.000000
0 1582 0.390104 0.344907 0.028125 0.123148 0.071099 1920.000000 1080.000000
0 1583 0.390625 0.344907 0.028125 0.123148 0.069878 1920.000000 1080.000000
0 1584 0.391146 0.345370 0.028125 0.124074 0.075825 1920.000000 1080.000000
0 1585 0.391667 0.345370 0.028125 0.124074 0.074882 1920.000000 1080.000000
0 1586 0.392188 0.345833 0.028125 0.123148 0.075577 1920.000000 1080.000000
0 1587 0.392708 0.346296 0.028125 0.124074 0.080269 1920.000000 1080.000000
0 1588 0.393229 0.346296 0.028125 0.124074 0.081347 1920.000000 1080.000000
0 1589 0.393750 0.346759 0.028125 0.123148 0.078969 1920.000000 1080.000000
0 1590 0.394271 0.347222 0.028125 0.124074 0.084175 1920.000000 1080.000000
0 1591 0.394792 0.347222 0.028125 0.124074 0.081481 1920.000000 1080.000000
0 1592 0.395313 0.347222 0.028125 0.124074 0.086195 1920.000000 1080.000000
0 1593 0.395833 0.348148 0.028125 0.124074 0.085791 1920.000000 1080.000000
0 1594 0.396354 0.348148 0.028125 0.124074 0.081886 1920.000000 1080.000000
0 1595 0.396875 0.348148 0.028125 0.124074 0.082424 1920.000000 1080.000000
0 1596 0.397396 0.349074 0.028125 0.124074 0.080135 1920.000000 1080.000000
0 1597 0.397396 0.349074 0.028125 0.124074 0.079192 1920.000000 1080.000000
0 1598 0.397917 0.350000 0.028125 0.124074 0.078384 1920.000000 1080.000000
0 1599 0.398438 0.350926 0.028125 0.124074 0.075825 1920.000000 1080.000000
0 1600 0.398958 0.351852 0.028125 0.124074 0.068956 1920.000000 1080.000000
0 1601 0.399479 0.351852 0.028125 0.124074 0.069360 1920.000000 1080.000000
0 1602 0.399479 0.352778 0.028125 0.124074 0.074882 1920.000000 1080.000000
0 1603 0.400000 0.353704 0.028125 0.124074 0.067609 1920.000000 1080.000000
0 1604 0.400521 0.354630 0.028125 0.124074 0.066532 1920.000000 1080.000000
0 1605 0.401042 0.354630 0.028125 0.124074 0.061818 1920.000000 1080.000000
0 1606 0.401562 0.355556 0.028125 0.124074 0.066263 1920.000000 1080.000000
0 1607 0.401562 0.356481 0.028125 0.124074 0.057104 1920.000000 1080.000000
0 1608 0.402083 0.357407 0.028125 0.124074 0.042020 1920.000000 1080.000000
0 1609 0.402604 0.357407 0.028125 0.124074 0.036633 1920.000000 1080.000000
0 1610 0.403125 0.358333 0.028125 0.124074 0.026667 1920.000000 1080.000000
0 1611 0.403646 0.359259 0.028125 0.124074 0.016296 1920.000000 1080.000000
0 1612 0.403646 0.360185 0.028125 0.124074 0.010774 1920.000000 1080.000000
0 1613 0.404167 0.360185 0.028125 0.124074 0.013737 1920.000000 1080.000000
0 1614 0.404687 0.361111 0.028125 0.124074 0.009158 1920.000000 1080.000000
0 1615 0.405208 0.362037 0.028125 0.124074 0.008889 1920.000000 1080.000000
0 1616 0.405729 0.362963 0.028125 0.124074 0.004444 1920.000000 1080.000000
0 1617 0.405729 0.362963 0.028125 0.124074 0.008889 1920.000000 1080.000000
0 1618 0.405729 0.362963 0.028125 0.124074 0.009158 1920.000000 1080.000000
0 1619 0.406250 0.362963 0.028125 0.124074 0.013333 1920.000000 1080.000000
0 1620 0.406250 0.363889 0.028125 0.124074 0.009158 1920.000000 1080.000000
0 1621 0.406250 0.363889 0.028125 0.124074 0.014141 1920.000000 1080.000000
0 1622 0.406771 0.363889 0.028125 0.124074 0.013737 1920.000000 1080.000000
0 1623 0.406771 0.364815 0.028125 0.124074 0.014141 1920.000000 1080.000000
0 1624 0.407031 0.364815 0.027604 0.124074 0.013992 1920.000000 1080.000000
0 1625 0.407292 0.364815 0.028125 0.124074 0.014141 1920.000000 1080.000000
0 1626 0.407292 0.364815 0.028125 0.124074 0.014545 1920.000000 1080.000000
0 1627 0.407552 0.365741 0.027604 0.124074 0.009602 1920.000000 1080.000000
0 1628 0.407813 0.365741 0.028125 0.124074 0.009562 1920.000000 1080.000000
0 1629 0.408073 0.365741 0.027604 0.124074 0.014266 1920.000000 1080.000000
0 1630 0.408333 0.366667 0.028125 0.124074 0.009158 1920.000000 1080.000000
0 1631 0.408333 0.366667 0.028125 0.124074 0.009158 1920.000000 1080.000000
0 1632 0.408594 0.366667 0.027604 0.124074 0.009054 1920.000000 1080.000000
0 1633 0.408854 0.366667 0.028125 0.124074 0.008889 1920.000000 1080.000000
0 1634 0.409115 0.367593 0.027604 0.124074 0.004390 1920.000000 1080.000000
0 1635 0.409115 0.367593 0.027604 0.124074 0.008779 1920.000000 1080.000000
0 1636 0.409375 0.367593 0.028125 0.124074 0.008620 1920.000000 1080.000000
0 1637 0.409635 0.368519 0.027604 0.124074 0.004252 1920.000000 1080.000000
0 1638 0.409635 0.368519 0.027604 0.124074 0.004252 1920.000000 1080.000000
0 1639 0.410156 0.368519 0.027604 0.124074 0.004115 1920.000000 1080.000000
0 1640 0.410156 0.368519 0.027604 0.124074 0.008230 1920.000000 1080.000000
0 1641 0.410156 0.369444 0.027604 0.124074 0.004115 1920.000000 1080.000000
0 1642 0.410677 0.369444 0.027604 0.124074 0.007956 1920.000000 1080.000000
0 1643 0.410677 0.369444 0.027604 0.124074 0.011934 1920.000000 1080.000000
0 1644 0.411198 0.370370 0.027604 0.124074 0.011523 1920.000000 1080.000000
0 1645 0.411198 0.370370 0.027604 0.124074 0.014952 1920.000000 1080.000000
0 1646 0.411198 0.370370 0.027604 0.124074 0.015364 1920.000000 1080.000000
0 1647 0.411719 0.371296 0.027604 0.124074 0.014540 1920.000000 1080.000000
0 1648 0.411719 0.371296 0.027604 0.124074 0.018244 1920.000000 1080.000000
0 1649 0.411719 0.371296 0.027604 0.124074 0.021811 1920.000000 1080.000000
0 1650 0.412240 0.372222 0.027604 0.124074 0.020302 1920.000000 1080.000000
0 1651 0.412240 0.372222 0.027604 0.124074 0.019753 1920.000000 1080.000000
0 1652 0.412240 0.373148 0.027604 0.124074 0.018656 1920.000000 1080.000000
0 1653 0.412760 0.373148 0.027604 0.124074 0.022222 1920.000000 1080.000000
0 1654 0.412760 0.373148 0.027604 0.124074 0.024966 1920.000000 1080.000000
0 1655 0.412760 0.374074 0.027604 0.124074 0.026063 1920.000000 1080.000000
0 1656 0.413281 0.374074 0.027604 0.124074 0.029904 1920.000000 1080.000000
0 1657 0.413281 0.374074 0.027604 0.124074 0.030453 1920.000000 1080.000000
0 1658 0.413281 0.375000 0.027604 0.124074 0.030178 1920.000000 1080.000000
0 1659 0.413802 0.375000 0.027604 0.124074 0.032510 1920.000000 1080.000000
0 1660 0.413802 0.375926 0.027604 0.124074 0.030178 1920.000000 1080.000000
0 1661 0.413802 0.375926 0.027604 0.124074 0.004938 1920.000000 1080.000000
0 1662 0.414323 0.375926 0.027604 0.124074 0.005487 1920.000000 1080.000000
0 1663 0.414323 0.376852 0.027604 0.124074 0.004938 1920.000000 1080.000000
0 1664 0.414323 0.376852 0.027604 0.124074 0.005487 1920.000000 1080.000000
0 1665 0.414844 0.376852 0.027604 0.124074 0.006859 1920.000000 1080.000000
0 1666 0.414844 0.377778 0.027604 0.124074 0.005487 1920.000000 1080.000000
0 1667 0.414844 0.377778 0.027604 0.124074 0.006859 1920.000000 1080.000000
0 1668 0.415365 0.378704 0.027604 0.124074 0.006859 1920.000000 1080.000000
0 1669 0.415365 0.378704 0.027604 0.124074 0.005487 1920.000000 1080.000000
0 1670 0.415885 0.379630 0.027604 0.124074 0.002743 1920.000000 1080.000000
0 1671 0.416146 0.380556 0.028125 0.124074 0.002424 1920.000000 1080.000000
0 1672 0.416406 0.381481 0.027604 0.124074 0.000000 1920.000000 1080.000000
0 1673 0.416927 0.382407 0.027604 0.124074 0.000000 1920.000000 1080.000000
0 1674 0.417187 0.383333 0.028125 0.124074 0.000000 1920.000000 1080.000000
0 1675 0.417448 0.384259 0.027604 0.124074 0.000000 1920.000000 1080.000000
0 1676 0.417969 0.385185 0.027604 0.124074 0.000000 1920.000000 1080.000000
0 1677 0.418229 0.386111 0.028125 0.124074 0.000000 1920.000000 1080.000000
0 1678 0.418750 0.387037 0.028125 0.124074 0.000000 1920.000000 1080.000000
0 1679 0.419010 0.387037 0.027604 0.124074 0.000000 1920.000000 1080.000000
0 1680 0.419271 0.387963 0.028125 0.124074 0.000000 1920.000000 1080.000000
0 1681 0.419792 0.388889 0.028125 0.124074 0.000000 1920.000000 1080.000000
0 1682 0.420052 0.389815 0.027604 0.124074 0.000000 1920.000000 1080.000000
0 1683 0.420312 0.390741 0.028125 0.124074 0.000000 1920.000000 1080.000000
0 1684 0.420833 0.391667 0.028125 0.124074 0.000000 1920.000000 1080.000000
0 1685 0.421094 0.392593 0.027604 0.124074 0.000000 1920.000000 1080.000000
0 1686 0.421354 0.393519 0.028125 0.124074 0.000000 1920.000000 1080.000000
0 1687 0.421875 0.394444 0.028125 0.124074 0.000000 1920.000000 1080.000000
0 1688 0.422396 0.395370 0.028125 0.124074 0.000000 1920.000000 1080.000000
0 1689 0.422396 0.395370 0.028125 0.124074 0.000000 1920.000000 1080.000000
0 1690 0.422396 0.395370 0.028125 0.124074 0.000000 1920.000000 1080.000000
0 1691 0.422396 0.395370 0.028125 0.124074 0.000000 1920.000000 1080.000000
0 1692 0.422396 0.395370 0.028125 0.124074 0.000000 1920.000000 1080.000000
0 1693 0.422917 0.396296 0.028125 0.124074 0.000000 1920.000000 1080.000000
0 1694 0.422917 0.396296 0.028125 0.124074 0.000000 1920.000000 1080.000000
0 1695 0.422917 0.396296 0.028125 0.124074 0.000000 1920.000000 1080.000000
0 1696 0.422917 0.396296 0.028125 0.124074 0.000000 1920.000000 1080.000000
0 1697 0.423177 0.396296 0.027604 0.124074 0.000000 1920.000000 1080.000000
0 1698 0.423438 0.397222 0.028125 0.124074 0.000000 1920.000000 1080.000000
0 1699 0.423438 0.397222 0.028125 0.124074 0.000000 1920.000000 1080.000000
0 1700 0.423438 0.397222 0.028125 0.124074 0.000000 1920.000000 1080.000000
0 1701 0.423698 0.397222 0.027604 0.124074 0.000000 1920.000000 1080.000000
0 1702 0.423698 0.397222 0.027604 0.124074 0.000000 1920.000000 1080.000000
0 1703 0.423958 0.398148 0.028125 0.124074 0.000000 1920.000000 1080.000000
0 1704 0.423958 0.398148 0.028125 0.124074 0.000000 1920.000000 1080.000000
0 1705 0.424219 0.398148 0.027604 0.124074 0.000000 1920.000000 1080.000000
0 1706 0.424219 0.398148 0.027604 0.124074 0.000000 1920.000000 1080.000000
0 1707 0.424219 0.398148 0.027604 0.124074 0.000000 1920.000000 1080.000000
0 1708 0.424479 0.399074 0.028125 0.124074 0.000000 1920.000000 1080.000000
0 1709 0.424740 0.399074 0.027604 0.124074 0.000000 1920.000000 1080.000000
0 1710 0.424740 0.399074 0.027604 0.124074 0.000000 1920.000000 1080.000000
0 1711 0.424740 0.399074 0.027604 0.124074 0.000000 1920.000000 1080.000000
0 1712 0.424740 0.399074 0.027604 0.124074 0.000000 1920.000000 1080.000000
0 1713 0.425260 0.400000 0.027604 0.124074 0.000000 1920.000000 1080.000000
0 1714 0.425260 0.400000 0.027604 0.124074 0.000000 1920.000000 1080.000000
0 1715 0.425260 0.400000 0.027604 0.124074 0.000000 1920.000000 1080.000000
0 1716 0.425260 0.400000 0.027604 0.124074 0.000000 1920.000000 1080.000000
0 1717 0.425781 0.400926 0.027604 0.124074 0.000000 1920.000000 1080.000000
0 1718 0.425260 0.400926 0.027604 0.124074 0.000000 1920.000000 1080.000000
0 1719 0.425260 0.400926 0.027604 0.124074 0.000000 1920.000000 1080.000000
0 1720 0.425260 0.401852 0.027604 0.124074 0.000000 1920.000000 1080.000000
0 1721 0.425260 0.401852 0.027604 0.124074 0.000000 1920.000000 1080.000000
0 1722 0.425260 0.401852 0.027604 0.124074 0.002881 1920.000000 1080.000000
0 1723 0.425260 0.402778 0.027604 0.124074 0.002881 1920.000000 1080.000000
0 1724 0.425260 0.402778 0.027604 0.124074 0.002743 1920.000000 1080.000000
0 1725 0.424740 0.403704 0.027604 0.124074 0.002743 1920.000000 1080.000000
0 1726 0.424740 0.403704 0.027604 0.124074 0.005487 1920.000000 1080.000000
0 1727 0.424740 0.403704 0.027604 0.124074 0.005213 1920.000000 1080.000000
0 1728 0.424740 0.404630 0.027604 0.124074 0.005213 1920.000000 1080.000000
0 1729 0.424740 0.404630 0.027604 0.124074 0.004938 1920.000000 1080.000000
0 1730 0.424740 0.405556 0.027604 0.124074 0.004938 1920.000000 1080.000000
0 1731 0.424740 0.405556 0.027604 0.124074 0.007819 1920.000000 1080.000000
0 1732 0.424219 0.405556 0.027604 0.124074 0.006996 1920.000000 1080.000000
0 1733 0.424219 0.406481 0.027604 0.124074 0.006996 1920.000000 1080.000000
0 1734 0.424219 0.406481 0.027604 0.124074 0.008230 1920.000000 1080.000000
0 1735 0.424219 0.407407 0.027604 0.124074 0.005350 1920.000000 1080.000000
0 1736 0.424219 0.407407 0.027604 0.124074 0.004938 1920.000000 1080.000000
0 1737 0.424219 0.407407 0.027604 0.124074 0.004115 1920.000000 1080.000000
0 1738 0.424219 0.408333 0.027604 0.124074 0.001646 1920.000000 1080.000000
0 1739 0.423698 0.408333 0.027604 0.124074 0.000000 1920.000000 1080.000000
0 1740 0.423698 0.409259 0.027604 0.124074 0.000000 1920.000000 1080.000000
0 1741 0.423698 0.409259 0.027604 0.124074 0.000000 1920.000000 1080.000000
0 1742 0.423698 0.409259 0.027604 0.124074 0.000000 1920.000000 1080.000000
0 1743 0.423698 0.410185 0.027604 0.124074 0.000000 1920.000000 1080.000000
0 1744 0.423698 0.410185 0.027604 0.124074 0.000000 1920.000000 1080.000000
0 1745 0.423698 0.411111 0.027604 0.124074 0.000000 1920.000000 1080.000000
0 1746 0.423958 0.411574 0.028125 0.125000 0.000000 1920.000000 1080.000000
0 1747 0.424479 0.412500 0.028125 0.126852 0.000000 1920.000000 1080.000000
0 1748 0.424740 0.413426 0.028646 0.126852 0.000000 1920.000000 1080.000000
0 1749 0.425260 0.414352 0.028646 0.128704 0.000000 1920.000000 1080.000000
0 1750 0.425521 0.415278 0.029167 0.128704 0.000000 1920.000000 1080.000000
0 1751 0.426302 0.416204 0.029687 0.130556 0.000000 1920.000000 1080.000000
0 1752 0.426563 0.417130 0.030208 0.130556 0.000000 1920.000000 1080.000000
0 1753 0.427083 0.418056 0.030208 0.132407 0.000000 1920.000000 1080.000000
0 1754 0.427604 0.419444 0.030208 0.133333 0.000000 1920.000000 1080.000000
0 1755 0.427865 0.419907 0.030729 0.134259 0.000000 1920.000000 1080.000000
0 1756 0.428385 0.421296 0.030729 0.135185 0.000000 1920.000000 1080.000000
0 1757 0.428906 0.421759 0.031771 0.136111 0.000000 1920.000000 1080.000000
0 1758 0.429427 0.423148 0.031771 0.137037 0.000000 1920.000000 1080.000000
0 1759 0.429688 0.423611 0.032292 0.137963 0.000000 1920.000000 1080.000000
0 1760 0.430208 0.425000 0.032292 0.138889 0.000000 1920.000000 1080.000000
0 1761 0.430729 0.425926 0.032292 0.140741 0.000000 1920.000000 1080.000000
0 1762 0.430990 0.426852 0.032813 0.140741 0.000000 1920.000000 1080.000000
0 1763 0.431771 0.427778 0.033333 0.142593 0.000000 1920.000000 1080.000000
0 1764 0.432031 0.428704 0.033854 0.142593 0.000000 1920.000000 1080.000000
0 1765 0.432552 0.429630 0.033854 0.144444 0.000000 1920.000000 1080.000000
0 1766 0.432812 0.430556 0.034375 0.144444 0.000000 1920.000000 1080.000000
0 1767 0.433333 0.431481 0.034375 0.146296 0.030508 1920.000000 1080.000000
0 1768 0.434115 0.432870 0.034896 0.147222 0.032261 1920.000000 1080.000000
0 1769 0.434375 0.433333 0.035417 0.148148 0.037807 1920.000000 1080.000000
0 1770 0.434896 0.434259 0.035417 0.150000 0.042678 1920.000000 1080.000000
0 1771 0.435156 0.435185 0.035937 0.150000 0.049080 1920.000000 1080.000000
0 1772 0.435677 0.436111 0.035937 0.151852 0.051255 1920.000000 1080.000000
0 1773 0.435937 0.437037 0.036458 0.151852 0.053265 1920.000000 1080.000000
0 1774 0.436719 0.437963 0.036979 0.153704 0.053227 1920.000000 1080.000000
0 1775 0.436979 0.438889 0.037500 0.153704 0.055123 1920.000000 1080.000000
0 1776 0.437500 0.439815 0.037500 0.155556 0.059253 1920.000000 1080.000000
0 1777 0.438021 0.441204 0.037500 0.156481 0.056728 1920.000000 1080.000000
0 1778 0.438281 0.441667 0.038021 0.157407 0.061799 1920.000000 1080.000000
0 1779 0.438802 0.443056 0.038021 0.158333 0.062775 1920.000000 1080.000000
0 1780 0.439323 0.443519 0.039062 0.159259 0.063356 1920.000000 1080.000000
0 1781 0.439844 0.444907 0.039062 0.160185 0.064277 1920.000000 1080.000000
0 1782 0.440104 0.445370 0.039583 0.161111 0.069462 1920.000000 1080.000000
0 1783 0.440625 0.446759 0.039583 0.162037 0.066485 1920.000000 1080.000000
0 1784 0.441146 0.447685 0.039583 0.163889 0.070918 1920.000000 1080.000000
0 1785 0.441406 0.448611 0.040104 0.163889 0.072602 1920.000000 1080.000000
0 1786 0.442188 0.449537 0.040625 0.165741 0.072152 1920.000000 1080.000000
0 1787 0.442448 0.450463 0.041146 0.165741 0.073750 1920.000000 1080.000000
0 1788 0.442969 0.451389 0.041146 0.167593 0.075412 1920.000000 1080.000000
0 1789 0.443229 0.452315 0.041667 0.167593 0.111520 1920.000000 1080.000000
0 1790 0.443750 0.453241 0.041667 0.169444 0.146540 1920.000000 1080.000000
0 1791 0.444531 0.454630 0.042188 0.170370 0.202970 1920.000000 1080.000000
0 1792 0.445052 0.455556 0.042188 0.170370 0.234610 1920.000000 1080.000000
0 1793 0.446094 0.456481 0.042188 0.170370 0.292220 1920.000000 1080.000000
0 1794 0.446615 0.457407 0.042188 0.170370 0.324190 1920.000000 1080.000000
0 1795 0.447656 0.458333 0.042188 0.170370 0.382000 1920.000000 1080.000000
0 1796 0.448437 0.459259 0.041667 0.170370 0.421620 1920.000000 1080.000000
0 1797 0.449219 0.460185 0.042188 0.170370 0.475350 1920.000000 1080.000000
0 1798 0.450260 0.461111 0.042188 0.170370 0.509820 1920.000000 1080.000000
0 1799 0.451042 0.462037 0.041667 0.170370 0.526330 1920.000000 1080.000000
0 1800 0.451823 0.462963 0.042188 0.170370 0.543240 1920.000000 1080.000000
0 1801 0.452604 0.463889 0.041667 0.170370 0.560160 1920.000000 1080.000000
0 1802 0.453646 0.464815 0.041667 0.170370 0.582720 1920.000000 1080.000000
0 1803 0.454167 0.465741 0.041667 0.170370 0.593990 1920.000000 1080.000000
0 1804 0.455208 0.466667 0.041667 0.170370 0.627830 1920.000000 1080.000000
0 1805 0.456250 0.468519 0.041667 0.170370 0.648310 1920.000000 1080.000000
0 1806 0.457292 0.468519 0.041667 0.170370 0.672940 1920.000000 1080.000000
0 1807 0.458594 0.469444 0.041146 0.170370 0.703110 1920.000000 1080.000000
0 1808 0.459896 0.469907 0.040625 0.171296 0.735470 1920.000000 1080.000000
0 1809 0.461458 0.470370 0.040625 0.170370 0.770100 1920.000000 1080.000000
0 1810 0.462500 0.470833 0.040625 0.171296 0.794200 1920.000000 1080.000000
0 1811 0.463802 0.471759 0.040104 0.171296 0.826300 1920.000000 1080.000000
0 1812 0.465104 0.472222 0.039583 0.170370 0.870270 1920.000000 1080.000000
0 1813 0.466667 0.472685 0.039583 0.171296 0.906160 1920.000000 1080.000000
0 1814 0.467708 0.473611 0.039583 0.171296 0.929200 1920.000000 1080.000000
0 1815 0.469010 0.473611 0.039062 0.171296 0.976230 1920.000000 1080.000000
0 1816 0.470313 0.474537 0.038542 0.171296 1.000000 1920.000000 1080.000000
0 1817 0.471875 0.475463 0.038542 0.171296 1.000000 1920.000000 1080.000000
0 1818 0.473698 0.475926 0.038021 0.172222 1.000000 1920.000000 1080.000000
0 1819 0.475781 0.476389 0.038021 0.173148 1.000000 1920.000000 1080.000000
0 1820 0.477865 0.477315 0.038021 0.173148 1.000000 1920.000000 1080.000000
0 1821 0.479948 0.477778 0.038021 0.174074 1.000000 1920.000000 1080.000000
0 1822 0.482031 0.478241 0.038021 0.175000 1.000000 1920.000000 1080.000000
0 1823 0.484115 0.479167 0.038021 0.175000 1.000000 1920.000000 1080.000000
0 1824 0.486198 0.479630 0.038021 0.175926 1.000000 1920.000000 1080.000000
0 1825 0.488281 0.481019 0.038021 0.176852 1.000000 1920.000000 1080.000000
0 1826 0.490104 0.481019 0.038542 0.176852 1.000000 1920.000000 1080.000000
0 1827 0.491927 0.481019 0.039062 0.176852 1.000000 1920.000000 1080.000000
0 1828 0.493750 0.481019 0.039583 0.176852 1.000000 1920.000000 1080.000000
0 1829 0.495573 0.481019 0.040104 0.176852 1.000000 1920.000000 1080.000000
0 1830 0.497656 0.481019 0.040104 0.176852 0.576920 1920.000000 1080.000000
0 1831 0.499479 0.481019 0.040625 0.176852 0.518990 1920.000000 1080.000000
0 1832 0.501302 0.481019 0.041146 0.176852 0.462500 1920.000000 1080.000000
0 1833 0.503125 0.481019 0.041667 0.176852 0.407410 1920.000000 1080.000000
0 1834 0.504948 0.481019 0.042188 0.176852 0.341460 1920.000000 1080.000000
0 1835 0.507292 0.481481 0.042708 0.175926 0.277110 1920.000000 1080.000000
0 1836 0.510156 0.482407 0.042188 0.175926 0.195120 1920.000000 1080.000000
0 1837 0.513542 0.483333 0.041667 0.175926 0.098765 1920.000000 1080.000000
0 1838 0.516406 0.484259 0.041146 0.175926 0.012500 1920.000000 1080.000000
0 1839 0.519792 0.485185 0.040625 0.175926 0.009013 1920.000000 1080.000000
0 1840 0.522656 0.486111 0.040104 0.175926 0.022822 1920.000000 1080.000000
0 1841 0.526042 0.487037 0.039583 0.175926 0.039301 1920.000000 1080.000000
0 1842 0.529167 0.487963 0.039583 0.175926 0.057116 1920.000000 1080.000000
0 1843 0.532292 0.488889 0.038542 0.175926 0.075742 1920.000000 1080.000000
0 1844 0.535417 0.489815 0.038542 0.175926 0.092845 1920.000000 1080.000000
0 1845 0.538542 0.490741 0.037500 0.175926 0.169190 1920.000000 1080.000000
0 1846 0.541667 0.491667 0.037500 0.175926 0.274190 1920.000000 1080.000000
0 1847 0.545052 0.492593 0.036979 0.175926 0.378930 1920.000000 1080.000000
0 1848 0.547917 0.493519 0.036458 0.175926 0.475410 1920.000000 1080.000000
0 1849 0.551302 0.494444 0.035937 0.175926 0.394090 1920.000000 1080.000000
0 1850 0.554167 0.495370 0.035417 0.175926 0.411180 1920.000000 1080.000000
0 1851 0.557552 0.496296 0.034896 0.175926 0.408530 1920.000000 1080.000000
0 1852 0.560937 0.497685 0.034375 0.176852 0.405630 1920.000000 1080.000000
0 1853 0.564323 0.497685 0.034896 0.176852 0.382970 1920.000000 1080.000000
0 1854 0.567708 0.498148 0.035417 0.177778 0.347830 1920.000000 1080.000000
0 1855 0.571094 0.498611 0.035937 0.178704 0.257140 1920.000000 1080.000000
0 1856 0.574740 0.499074 0.035937 0.179630 0.157140 1920.000000 1080.000000
0 1857 0.578125 0.499537 0.036458 0.180556 0.070423 1920.000000 1080.000000
0 1858 0.581510 0.500463 0.036979 0.180556 0.000000 1920.000000 1080.000000
0 1859 0.584896 0.500926 0.037500 0.181481 0.000000 1920.000000 1080.000000
0 1860 0.588542 0.501389 0.037500 0.182407 0.000000 1920.000000 1080.000000
0 1861 0.591927 0.501852 0.038021 0.183333 0.007062 1920.000000 1080.000000
0 1862 0.595313 0.502315 0.038542 0.184259 0.031800 1920.000000 1080.000000
0 1863 0.598958 0.503241 0.038542 0.184259 0.055000 1920.000000 1080.000000
0 1864 0.602604 0.504167 0.039583 0.184259 0.085130 1920.000000 1080.000000
0 1865 0.606510 0.505093 0.041146 0.184259 0.123000 1920.000000 1080.000000
0 1866 0.610417 0.506481 0.042708 0.183333 0.159470 1920.000000 1080.000000
0 1867 0.614323 0.507407 0.044271 0.183333 0.191310 1920.000000 1080.000000
0 1868 0.618229 0.508333 0.044792 0.183333 0.227400 1920.000000 1080.000000
0 1869 0.622135 0.509722 0.046354 0.182407 0.264980 1920.000000 1080.000000
0 1870 0.626042 0.510648 0.047917 0.182407 0.298630 1920.000000 1080.000000
0 1871 0.629948 0.511574 0.049479 0.182407 0.328760 1920.000000 1080.000000
0 1872 0.634115 0.512963 0.050521 0.181481 0.366310 1920.000000 1080.000000
0 1873 0.638281 0.513426 0.050521 0.182407 0.395900 1920.000000 1080.000000
0 1874 0.642708 0.513889 0.051042 0.183333 0.397240 1920.000000 1080.000000
0 1875 0.647135 0.514352 0.051562 0.184259 0.391800 1920.000000 1080.000000
0 1876 0.651563 0.514815 0.052083 0.185185 0.389090 1920.000000 1080.000000
0 1877 0.655990 0.515278 0.052604 0.186111 0.378080 1920.000000 1080.000000
0 1878 0.660417 0.515741 0.053125 0.187037 0.370370 1920.000000 1080.000000
0 1879 0.664844 0.516204 0.053646 0.187963 0.360770 1920.000000 1080.000000
0 1880 0.669271 0.516667 0.054167 0.188889 0.351220 1920.000000 1080.000000
0 1881 0.673698 0.517130 0.054688 0.189815 0.341730 1920.000000 1080.000000
0 1882 0.677083 0.517130 0.053125 0.189815 0.375620 1920.000000 1080.000000
0 1883 0.680990 0.517593 0.051562 0.188889 0.418540 1920.000000 1080.000000
0 1884 0.684635 0.518056 0.050521 0.187963 0.453330 1920.000000 1080.000000
0 1885 0.688542 0.518519 0.048958 0.188889 0.489910 1920.000000 1080.000000
0 1886 0.692187 0.518981 0.047917 0.187963 0.538060 1920.000000 1080.000000
0 1887 0.696094 0.519444 0.046354 0.187037 0.600550 1920.000000 1080.000000
0 1888 0.700000 0.520370 0.044792 0.187037 0.661340 1920.000000 1080.000000
0 1889 0.703385 0.520833 0.046354 0.186111 0.704180 1920.000000 1080.000000
0 1890 0.707292 0.522222 0.047917 0.185185 0.931950 1920.000000 1080.000000
0 1891 0.711198 0.523611 0.049479 0.184259 0.967500 1920.000000 1080.000000
0 1892 0.714844 0.524537 0.051562 0.184259 0.994850 1920.000000 1080.000000
0 1893 0.718750 0.525926 0.053125 0.183333 1.000000 1920.000000 1080.000000
0 1894 0.722656 0.527315 0.054688 0.182407 1.000000 1920.000000 1080.000000
0 1895 0.726562 0.527315 0.056250 0.182407 1.000000 1920.000000 1080.000000
0 1896 0.730469 0.528241 0.057813 0.182407 1.000000 1920.000000 1080.000000
0 1897 0.734635 0.528704 0.058854 0.181481 1.000000 1920.000000 1080.000000
0 1898 0.738542 0.529167 0.060417 0.182407 1.000000 1920.000000 1080.000000
0 1899 0.742708 0.529630 0.061458 0.181481 1.000000 1920.000000 1080.000000
0 1900 0.746615 0.530556 0.063021 0.181481 1.000000 1920.000000 1080.000000
0 1901 0.750781 0.530556 0.064062 0.181481 1.000000 1920.000000 1080.000000
0 1902 0.754687 0.531481 0.065625 0.181481 1.000000 1920.000000 1080.000000
0 1903 0.759115 0.532407 0.067187 0.181481 1.000000 1920.000000 1080.000000
0 1904 0.762760 0.531944 0.061979 0.184259 1.000000 1920.000000 1080.000000
0 1905 0.766667 0.531944 0.056250 0.186111 1.000000 1920.000000 1080.000000
0 1906 0.770312 0.531944 0.051042 0.187963 1.000000 1920.000000 1080.000000
0 1907 0.774219 0.531944 0.045312 0.189815 1.000000 1920.000000 1080.000000
0 1908 0.778125 0.532407 0.039583 0.192593 1.000000 1920.000000 1080.000000
0 1909 0.783073 0.533333 0.044271 0.192593 1.000000 1920.000000 1080.000000
0 1910 0.788542 0.534722 0.048958 0.191667 1.000000 1920.000000 1080.000000
0 1911 0.794010 0.535648 0.053646 0.191667 1.000000 1920.000000 1080.000000
0 1912 0.799219 0.537037 0.057813 0.190741 1.000000 1920.000000 1080.000000
0 1913 0.804688 0.537963 0.062500 0.190741 0.939630 1920.000000 1080.000000
0 1914 0.810156 0.539815 0.067187 0.190741 0.875590 1920.000000 1080.000000
0 1915 0.814063 0.539352 0.063542 0.191667 0.848540 1920.000000 1080.000000
0 1916 0.818229 0.538889 0.059375 0.192593 0.816520 1920.000000 1080.000000
0 1917 0.822135 0.538426 0.055729 0.193519 0.781610 1920.000000 1080.000000
0 1918 0.826302 0.537963 0.051562 0.194444 0.741180 1920.000000 1080.000000
0 1919 0.830208 0.537500 0.047917 0.195370 0.694870 1920.000000 1080.000000
0 1920 0.834375 0.537037 0.043750 0.196296 0.636620 1920.000000 1080.000000
0 1921 0.838281 0.537037 0.047396 0.194444 0.591180 1920.000000 1080.000000
0 1922 0.842708 0.537500 0.051042 0.193519 0.578500 1920.000000 1080.000000
0 1923 0.846875 0.537500 0.055208 0.191667 0.609360 1920.000000 1080.000000
0 1924 0.851302 0.537963 0.058854 0.190741 0.570180 1920.000000 1080.000000
0 1925 0.855469 0.537963 0.063021 0.188889 0.496560 1920.000000 1080.000000
0 1926 0.859896 0.538426 0.066667 0.187963 0.416510 1920.000000 1080.000000
0 1927 0.864062 0.538889 0.063542 0.188889 0.339400 1920.000000 1080.000000
0 1928 0.868490 0.539352 0.060937 0.189815 0.270650 1920.000000 1080.000000
0 1929 0.872917 0.540278 0.058333 0.191667 0.188010 1920.000000 1080.000000
0 1930 0.877604 0.540741 0.055208 0.192593 0.115910 1920.000000 1080.000000
0 1931 0.882031 0.541204 0.052604 0.193519 0.053221 1920.000000 1080.000000
0 1932 0.886458 0.542130 0.050000 0.195370 0.011379 1920.000000 1080.000000
0 1933 0.890885 0.542593 0.047396 0.196296 0.009185 1920.000000 1080.000000
0 1934 0.895573 0.543519 0.044271 0.198148 0.018875 1920.000000 1080.000000
0 1935 0.898698 0.541667 0.046354 0.198148 0.039793 1920.000000 1080.000000
0 1936 0.902083 0.540741 0.048958 0.198148 0.055814 1920.000000 1080.000000
0 1937 0.905469 0.538889 0.051562 0.198148 0.072279 1920.000000 1080.000000
0 1938 0.908594 0.537963 0.053646 0.198148 0.088148 1920.000000 1080.000000
0 1939 0.911979 0.536111 0.056250 0.198148 0.099979 1920.000000 1080.000000
