0 2129 0.016667 0.781944 0.032292 0.278704 0.688740 1920.000000 1080.000000
0 2130 0.016927 0.780093 0.032813 0.278704 0.705300 1920.000000 1080.000000
0 2131 0.017448 0.778241 0.033854 0.278704 0.725170 1920.000000 1080.000000
0 2132 0.017708 0.776389 0.034375 0.278704 0.735100 1920.000000 1080.000000
0 2133 0.018229 0.774537 0.035417 0.278704 0.745030 1920.000000 1080.000000
0 2134 0.018750 0.773611 0.036458 0.278704 0.751660 1920.000000 1080.000000
0 2135 0.019010 0.771759 0.036979 0.278704 0.761590 1920.000000 1080.000000
0 2136 0.019531 0.769907 0.038021 0.278704 0.774830 1920.000000 1080.000000
0 2137 0.020052 0.768056 0.039062 0.278704 0.784770 1920.000000 1080.000000
0 2138 0.020313 0.766204 0.039583 0.278704 0.794700 1920.000000 1080.000000
0 2139 0.020833 0.765278 0.040625 0.278704 0.801320 1920.000000 1080.000000
0 2140 0.021354 0.763426 0.041667 0.278704 0.811260 1920.000000 1080.000000
0 2141 0.021615 0.761574 0.042188 0.278704 0.824500 1920.000000 1080.000000
0 2142 0.022135 0.759722 0.043229 0.278704 0.850520 1920.000000 1080.000000
0 2143 0.022656 0.758796 0.044271 0.278704 0.869550 1920.000000 1080.000000
0 2144 0.023698 0.756481 0.045312 0.277778 0.887570 1920.000000 1080.000000
0 2145 0.024740 0.754167 0.046354 0.276852 0.899930 1920.000000 1080.000000
0 2146 0.025781 0.751852 0.047396 0.275926 0.913120 1920.000000 1080.000000
0 2147 0.027083 0.750000 0.047917 0.274074 0.922850 1920.000000 1080.000000
0 2148 0.028125 0.747685 0.048958 0.273148 0.933140 1920.000000 1080.000000
0 2149 0.029167 0.745370 0.050000 0.272222 0.945200 1920.000000 1080.000000
0 2150 0.030208 0.743056 0.051042 0.271296 0.956780 1920.000000 1080.000000
0 2151 0.031510 0.741204 0.051562 0.269444 0.951750 1920.000000 1080.000000
0 2152 0.032552 0.738889 0.052604 0.268519 0.932890 1920.000000 1080.000000
0 2153 0.033594 0.736574 0.053646 0.267593 0.915680 1920.000000 1080.000000
0 2154 0.034635 0.734259 0.054688 0.266667 0.884340 1920.000000 1080.000000
0 2155 0.035937 0.732870 0.055208 0.265741 0.854950 1920.000000 1080.000000
0 2156 0.036979 0.730556 0.055208 0.264815 0.831780 1920.000000 1080.000000
0 2157 0.038021 0.729167 0.055208 0.263889 0.810440 1920.000000 1080.000000
0 2158 0.039062 0.727315 0.055208 0.263889 0.790080 1920.000000 1080.000000
0 2159 0.040104 0.725926 0.055208 0.262963 0.773730 1920.000000 1080.000000
0 2160 0.041146 0.724537 0.055208 0.262037 0.758060 1920.000000 1080.000000
0 2161 0.042188 0.722685 0.055208 0.262037 0.745160 1920.000000 1080.000000
0 2162 0.043229 0.721296 0.055208 0.261111 0.721670 1920.000000 1080.000000
0 2163 0.044792 0.719444 0.055208 0.261111 0.694860 1920.000000 1080.000000
0 2164 0.045833 0.718056 0.055208 0.260185 0.681280 1920.000000 1080.000000
0 2165 0.046875 0.716667 0.055208 0.259259 0.661560 1920.000000 1080.000000
0 2166 0.047917 0.714815 0.055208 0.259259 0.649450 1920.000000 1080.000000
0 2167 0.048958 0.713426 0.055208 0.258333 0.634510 1920.000000 1080.000000
0 2168 0.050000 0.711574 0.055208 0.258333 0.619890 1920.000000 1080.000000
0 2169 0.051042 0.710185 0.055208 0.257407 0.609960 1920.000000 1080.000000
0 2170 0.052604 0.708796 0.055208 0.256481 0.594700 1920.000000 1080.000000
0 2171 0.053125 0.706019 0.055208 0.256481 0.596180 1920.000000 1080.000000
0 2172 0.054167 0.704167 0.055208 0.256481 0.586900 1920.000000 1080.000000
0 2173 0.054688 0.702315 0.055208 0.256481 0.586500 1920.000000 1080.000000
0 2174 0.055729 0.700463 0.055208 0.256481 0.583940 1920.000000 1080.000000
0 2175 0.056771 0.698611 0.055208 0.256481 0.586330 1920.000000 1080.000000
0 2176 0.057292 0.696759 0.055208 0.256481 0.604320 1920.000000 1080.000000
0 2177 0.058333 0.694907 0.055208 0.256481 0.615110 1920.000000 1080.000000
0 2178 0.058854 0.693056 0.055208 0.256481 0.625900 1920.000000 1080.000000
0 2179 0.059896 0.691204 0.055208 0.256481 0.636690 1920.000000 1080.000000
0 2180 0.060937 0.689352 0.055208 0.256481 0.647480 1920.000000 1080.000000
0 2181 0.061198 0.687037 0.054688 0.255556 0.664260 1920.000000 1080.000000
0 2182 0.061719 0.685648 0.054688 0.254630 0.673910 1920.000000 1080.000000
0 2183 0.062240 0.683796 0.054688 0.254630 0.684780 1920.000000 1080.000000
0 2184 0.062760 0.682407 0.054688 0.253704 0.694550 1920.000000 1080.000000
0 2185 0.063281 0.681019 0.054688 0.252778 0.708030 1920.000000 1080.000000
0 2186 0.063802 0.679167 0.054688 0.252778 0.734020 1920.000000 1080.000000
0 2187 0.064323 0.677778 0.054688 0.251852 0.758100 1920.000000 1080.000000
0 2188 0.064844 0.675926 0.054688 0.250000 0.783890 1920.000000 1080.000000
0 2189 0.065365 0.674074 0.054688 0.250000 0.806930 1920.000000 1080.000000
0 2190 0.065885 0.672685 0.054688 0.249074 0.828300 1920.000000 1080.000000
0 2191 0.066406 0.671296 0.054688 0.248148 0.848780 1920.000000 1080.000000
0 2192 0.066927 0.669444 0.054688 0.248148 0.868840 1920.000000 1080.000000
0 2193 0.067448 0.668056 0.054688 0.247222 0.887430 1920.000000 1080.000000
0 2194 0.068229 0.666667 0.054167 0.246296 0.905400 1920.000000 1080.000000
0 2195 0.068750 0.664815 0.054167 0.246296 0.920810 1920.000000 1080.000000
0 2196 0.069792 0.663889 0.054167 0.246296 0.935080 1920.000000 1080.000000
0 2197 0.070833 0.662963 0.054167 0.246296 0.946670 1920.000000 1080.000000
0 2198 0.071875 0.662037 0.054167 0.246296 0.954910 1920.000000 1080.000000
0 2199 0.072917 0.661111 0.054167 0.246296 0.960550 1920.000000 1080.000000
0 2200 0.073958 0.659259 0.054167 0.246296 0.964620 1920.000000 1080.000000
0 2201 0.075000 0.658333 0.054167 0.246296 0.967580 1920.000000 1080.000000
0 2202 0.075521 0.657407 0.054167 0.246296 0.971250 1920.000000 1080.000000
0 2203 0.076563 0.656481 0.054167 0.246296 0.972360 1920.000000 1080.000000
0 2204 0.077604 0.655556 0.054167 0.246296 0.970040 1920.000000 1080.000000
0 2205 0.078646 0.653704 0.054167 0.246296 0.962550 1920.000000 1080.000000
0 2206 0.079687 0.652778 0.054167 0.246296 0.958800 1920.000000 1080.000000
0 2207 0.080729 0.651852 0.054167 0.246296 0.955060 1920.000000 1080.000000
0 2208 0.081771 0.650926 0.054167 0.246296 0.951310 1920.000000 1080.000000
0 2209 0.082812 0.650000 0.054167 0.246296 0.947570 1920.000000 1080.000000
0 2210 0.083073 0.648148 0.053646 0.246296 0.940070 1920.000000 1080.000000
0 2211 0.083594 0.646759 0.053646 0.245370 0.936090 1920.000000 1080.000000
0 2212 0.084115 0.645370 0.053646 0.244444 0.935850 1920.000000 1080.000000
0 2213 0.084375 0.643981 0.053125 0.243519 0.931820 1920.000000 1080.000000
0 2214 0.084896 0.642593 0.053125 0.242593 0.927760 1920.000000 1080.000000
0 2215 0.085417 0.641204 0.053125 0.241667 0.921140 1920.000000 1080.000000
0 2216 0.085677 0.639352 0.052604 0.241667 0.913560 1920.000000 1080.000000
0 2217 0.086198 0.637963 0.052604 0.240741 0.910190 1920.000000 1080.000000
0 2218 0.086719 0.636574 0.052604 0.239815 0.907690 1920.000000 1080.000000
0 2219 0.086979 0.635185 0.052083 0.238889 0.903470 1920.000000 1080.000000
0 2220 0.087500 0.633796 0.052083 0.237963 0.899220 1920.000000 1080.000000
0 2221 0.088021 0.632407 0.052083 0.237037 0.894940 1920.000000 1080.000000
0 2222 0.089063 0.631019 0.052083 0.236111 0.890620 1920.000000 1080.000000
0 2223 0.090104 0.630093 0.052083 0.236111 0.886720 1920.000000 1080.000000
0 2224 0.091146 0.629630 0.052083 0.235185 0.886270 1920.000000 1080.000000
0 2225 0.092188 0.628241 0.052083 0.234259 0.881890 1920.000000 1080.000000
0 2226 0.093750 0.627315 0.052083 0.234259 0.877950 1920.000000 1080.000000
0 2227 0.094792 0.626852 0.052083 0.233333 0.877470 1920.000000 1080.000000
0 2228 0.095833 0.625463 0.052083 0.232407 0.873020 1920.000000 1080.000000
0 2229 0.096875 0.624537 0.052083 0.232407 0.869050 1920.000000 1080.000000
0 2230 0.098437 0.624074 0.052083 0.231481 0.868530 1920.000000 1080.000000
0 2231 0.098958 0.622685 0.052083 0.230556 0.864000 1920.000000 1080.000000
0 2232 0.100000 0.621759 0.052083 0.230556 0.860000 1920.000000 1080.000000
0 2233 0.101042 0.620370 0.052083 0.229630 0.855420 1920.000000 1080.000000
0 2234 0.102083 0.619444 0.052083 0.229630 0.851410 1920.000000 1080.000000
0 2235 0.103125 0.618056 0.052083 0.228704 0.846770 1920.000000 1080.000000
0 2236 0.104167 0.617130 0.052083 0.228704 0.842740 1920.000000 1080.000000
0 2237 0.104688 0.616204 0.052083 0.226852 0.841460 1920.000000 1080.000000
0 2238 0.105729 0.615278 0.052083 0.226852 0.837400 1920.000000 1080.000000
0 2239 0.106771 0.613889 0.052083 0.225926 0.832650 1920.000000 1080.000000
0 2240 0.107813 0.612963 0.052083 0.225926 0.828570 1920.000000 1080.000000
0 2241 0.108854 0.611574 0.052083 0.225000 0.823770 1920.000000 1080.000000
0 2242 0.109896 0.610648 0.052083 0.225000 0.823770 1920.000000 1080.000000
0 2243 0.110937 0.610185 0.052083 0.224074 0.823050 1920.000000 1080.000000
0 2244 0.111198 0.609259 0.052604 0.224074 0.807550 1920.000000 1080.000000
0 2245 0.111719 0.609259 0.052604 0.224074 0.789560 1920.000000 1080.000000
0 2246 0.112240 0.609259 0.052604 0.224074 0.772250 1920.000000 1080.000000
0 2247 0.112760 0.608333 0.052604 0.224074 0.756520 1920.000000 1080.000000
0 2248 0.113281 0.608333 0.052604 0.224074 0.740260 1920.000000 1080.000000
0 2249 0.113802 0.608333 0.052604 0.224074 0.725490 1920.000000 1080.000000
0 2250 0.114323 0.608333 0.052604 0.224074 0.713510 1920.000000 1080.000000
0 2251 0.114583 0.606481 0.052083 0.224074 0.696780 1920.000000 1080.000000
0 2252 0.115104 0.605093 0.052083 0.223148 0.687710 1920.000000 1080.000000
0 2253 0.115625 0.603704 0.051042 0.224074 0.671450 1920.000000 1080.000000
0 2254 0.116146 0.602315 0.051042 0.223148 0.659990 1920.000000 1080.000000
0 2255 0.116406 0.600463 0.050521 0.223148 0.647500 1920.000000 1080.000000
0 2256 0.117188 0.599537 0.050000 0.223148 0.638070 1920.000000 1080.000000
0 2257 0.117708 0.598148 0.050000 0.222222 0.632200 1920.000000 1080.000000
0 2258 0.117969 0.596296 0.049479 0.222222 0.628760 1920.000000 1080.000000
0 2259 0.118750 0.595370 0.048958 0.222222 0.623890 1920.000000 1080.000000
0 2260 0.119010 0.593519 0.048438 0.222222 0.623550 1920.000000 1080.000000
0 2261 0.119531 0.592130 0.048438 0.221296 0.625350 1920.000000 1080.000000
0 2262 0.120052 0.590741 0.047396 0.222222 0.625160 1920.000000 1080.000000
0 2263 0.120573 0.589352 0.047396 0.221296 0.636010 1920.000000 1080.000000
0 2264 0.121354 0.588426 0.046875 0.221296 0.631460 1920.000000 1080.000000
0 2265 0.121354 0.586574 0.046875 0.221296 0.637500 1920.000000 1080.000000
0 2266 0.121875 0.585648 0.046875 0.221296 0.641670 1920.000000 1080.000000
0 2267 0.122396 0.583796 0.046875 0.221296 0.645830 1920.000000 1080.000000
0 2268 0.122396 0.582870 0.046875 0.221296 0.650000 1920.000000 1080.000000
0 2269 0.122917 0.581944 0.046875 0.221296 0.658330 1920.000000 1080.000000
0 2270 0.123438 0.580093 0.046875 0.221296 0.662500 1920.000000 1080.000000
0 2271 0.123958 0.579167 0.046875 0.221296 0.670830 1920.000000 1080.000000
0 2272 0.123958 0.578241 0.046875 0.221296 0.675000 1920.000000 1080.000000
0 2273 0.124479 0.576389 0.046875 0.221296 0.670830 1920.000000 1080.000000
0 2274 0.125000 0.575463 0.046875 0.221296 0.666670 1920.000000 1080.000000
0 2275 0.125521 0.574537 0.046875 0.221296 0.662500 1920.000000 1080.000000
0 2276 0.125521 0.573148 0.046875 0.220370 0.656900 1920.000000 1080.000000
0 2277 0.126042 0.572222 0.046875 0.220370 0.652720 1920.000000 1080.000000
0 2278 0.126302 0.570833 0.046354 0.219444 0.647060 1920.000000 1080.000000
0 2279 0.126562 0.569907 0.046875 0.219444 0.638660 1920.000000 1080.000000
0 2280 0.127083 0.569444 0.046875 0.218519 0.628600 1920.000000 1080.000000
0 2281 0.127344 0.568056 0.046354 0.217593 0.614780 1920.000000 1080.000000
0 2282 0.127865 0.567130 0.046354 0.217593 0.595480 1920.000000 1080.000000
0 2283 0.127865 0.565741 0.046354 0.216667 0.583920 1920.000000 1080.000000
0 2284 0.128385 0.564815 0.046354 0.216667 0.558770 1920.000000 1080.000000
0 2285 0.128906 0.564352 0.046354 0.215741 0.537320 1920.000000 1080.000000
0 2286 0.129167 0.562963 0.045833 0.214815 0.519550 1920.000000 1080.000000
0 2287 0.129427 0.562037 0.046354 0.214815 0.503580 1920.000000 1080.000000
0 2288 0.129688 0.560648 0.045833 0.213889 0.489440 1920.000000 1080.000000
0 2289 0.130208 0.559722 0.045833 0.213889 0.475300 1920.000000 1080.000000
0 2290 0.130729 0.559259 0.045833 0.212963 0.467440 1920.000000 1080.000000
0 2291 0.131250 0.557407 0.045833 0.212963 0.454450 1920.000000 1080.000000
0 2292 0.132292 0.556481 0.045833 0.212963 0.459210 1920.000000 1080.000000
0 2293 0.132812 0.555556 0.045833 0.212963 0.456000 1920.000000 1080.000000
0 2294 0.133854 0.554630 0.045833 0.212963 0.459260 1920.000000 1080.000000
0 2295 0.134635 0.553704 0.046354 0.212963 0.465220 1920.000000 1080.000000
0 2296 0.135417 0.552778 0.045833 0.212963 0.465730 1920.000000 1080.000000
0 2297 0.136198 0.551852 0.046354 0.212963 0.474750 1920.000000 1080.000000
0 2298 0.137240 0.550926 0.046354 0.212963 0.487880 1920.000000 1080.000000
0 2299 0.137760 0.550000 0.046354 0.212963 0.495720 1920.000000 1080.000000
0 2300 0.138802 0.549074 0.046354 0.212963 0.511060 1920.000000 1080.000000
0 2301 0.139583 0.548148 0.046875 0.212963 0.526760 1920.000000 1080.000000
0 2302 0.140365 0.547222 0.046354 0.212963 0.540980 1920.000000 1080.000000
0 2303 0.141146 0.546296 0.046875 0.212963 0.560870 1920.000000 1080.000000
0 2304 0.142187 0.545370 0.046875 0.212963 0.577570 1920.000000 1080.000000
0 2305 0.142187 0.543981 0.046875 0.212037 0.599280 1920.000000 1080.000000
0 2306 0.142187 0.543056 0.046875 0.212037 0.608840 1920.000000 1080.000000
0 2307 0.142448 0.542593 0.046354 0.211111 0.624210 1920.000000 1080.000000
0 2308 0.142708 0.541204 0.046875 0.210185 0.630040 1920.000000 1080.000000
0 2309 0.142708 0.540278 0.046875 0.210185 0.626470 1920.000000 1080.000000
0 2310 0.142969 0.539815 0.046354 0.209259 0.626280 1920.000000 1080.000000
0 2311 0.143229 0.538426 0.046875 0.208333 0.620200 1920.000000 1080.000000
0 2312 0.143490 0.537963 0.046354 0.207407 0.628840 1920.000000 1080.000000
0 2313 0.143490 0.537037 0.046354 0.207407 0.625280 1920.000000 1080.000000
0 2314 0.143750 0.535648 0.046875 0.206481 0.622150 1920.000000 1080.000000
0 2315 0.144010 0.535185 0.046354 0.205556 0.622120 1920.000000 1080.000000
0 2316 0.144010 0.534259 0.046354 0.205556 0.618540 1920.000000 1080.000000
0 2317 0.144531 0.533796 0.046354 0.204630 0.620620 1920.000000 1080.000000
0 2318 0.145052 0.532407 0.046354 0.203704 0.619110 1920.000000 1080.000000
0 2319 0.145573 0.531019 0.046354 0.202778 0.617580 1920.000000 1080.000000
0 2320 0.146094 0.530093 0.046354 0.202778 0.617780 1920.000000 1080.000000
0 2321 0.146615 0.528704 0.046354 0.201852 0.615370 1920.000000 1080.000000
0 2322 0.147135 0.527778 0.046354 0.200000 0.619510 1920.000000 1080.000000
0 2323 0.147656 0.526852 0.046354 0.200000 0.619660 1920.000000 1080.000000
0 2324 0.148177 0.525463 0.046354 0.199074 0.618060 1920.000000 1080.000000
0 2325 0.148698 0.524074 0.046354 0.198148 0.616430 1920.000000 1080.000000
0 2326 0.149219 0.523611 0.046354 0.197222 0.618540 1920.000000 1080.000000
0 2327 0.149740 0.522222 0.046354 0.196296 0.616900 1920.000000 1080.000000
0 2328 0.150260 0.520833 0.046354 0.195370 0.615250 1920.000000 1080.000000
0 2329 0.150781 0.519907 0.046354 0.195370 0.615410 1920.000000 1080.000000
0 2330 0.151302 0.518981 0.046354 0.193519 0.615710 1920.000000 1080.000000
0 2331 0.151823 0.517593 0.046354 0.192593 0.614040 1920.000000 1080.000000
0 2332 0.152344 0.516667 0.046354 0.192593 0.613500 1920.000000 1080.000000
0 2333 0.152865 0.515278 0.046354 0.191667 0.611700 1920.000000 1080.000000
0 2334 0.153646 0.514815 0.045833 0.190741 0.616570 1920.000000 1080.000000
0 2335 0.154167 0.513889 0.045833 0.190741 0.616670 1920.000000 1080.000000
0 2336 0.154688 0.512963 0.045833 0.190741 0.616780 1920.000000 1080.000000
0 2337 0.155208 0.512037 0.045833 0.190741 0.616890 1920.000000 1080.000000
0 2338 0.155729 0.511111 0.045833 0.190741 0.617000 1920.000000 1080.000000
0 2339 0.156250 0.510185 0.045833 0.190741 0.617110 1920.000000 1080.000000
0 2340 0.156771 0.510185 0.045833 0.190741 0.621130 1920.000000 1080.000000
0 2341 0.157292 0.509259 0.045833 0.190741 0.621230 1920.000000 1080.000000
0 2342 0.157812 0.508333 0.045833 0.190741 0.617870 1920.000000 1080.000000
0 2343 0.158333 0.507407 0.045833 0.190741 0.617920 1920.000000 1080.000000
0 2344 0.158854 0.506481 0.045833 0.190741 0.617980 1920.000000 1080.000000
0 2345 0.159375 0.506481 0.045833 0.190741 0.621990 1920.000000 1080.000000
0 2346 0.159896 0.505556 0.045833 0.190741 0.622050 1920.000000 1080.000000
0 2347 0.160417 0.504630 0.045833 0.190741 0.622100 1920.000000 1080.000000
0 2348 0.160938 0.503704 0.045833 0.190741 0.622160 1920.000000 1080.000000
0 2349 0.161458 0.502778 0.045833 0.190741 0.622210 1920.000000 1080.000000
0 2350 0.161979 0.502778 0.045833 0.190741 0.626230 1920.000000 1080.000000
0 2351 0.162500 0.501852 0.045833 0.190741 0.626280 1920.000000 1080.000000
0 2352 0.163542 0.501852 0.045833 0.190741 0.634320 1920.000000 1080.000000
0 2353 0.164583 0.500926 0.045833 0.190741 0.638390 1920.000000 1080.000000
0 2354 0.165625 0.500926 0.045833 0.190741 0.646420 1920.000000 1080.000000
0 2355 0.166667 0.500000 0.045833 0.190741 0.650490 1920.000000 1080.000000
0 2356 0.167187 0.500000 0.045833 0.190741 0.654510 1920.000000 1080.000000
0 2357 0.168229 0.499074 0.045833 0.190741 0.658580 1920.000000 1080.000000
0 2358 0.169271 0.499074 0.045833 0.190741 0.662600 1920.000000 1080.000000
0 2359 0.170313 0.498148 0.045833 0.190741 0.666610 1920.000000 1080.000000
0 2360 0.171354 0.498148 0.045833 0.190741 0.674650 1920.000000 1080.000000
0 2361 0.171875 0.498148 0.045833 0.190741 0.678660 1920.000000 1080.000000
0 2362 0.172917 0.497222 0.045833 0.190741 0.682680 1920.000000 1080.000000
0 2363 0.173958 0.497222 0.045833 0.190741 0.690710 1920.000000 1080.000000
0 2364 0.175000 0.496296 0.045833 0.190741 0.686530 1920.000000 1080.000000
0 2365 0.176042 0.496296 0.045833 0.190741 0.678170 1920.000000 1080.000000
0 2366 0.176563 0.495370 0.045833 0.190741 0.665530 1920.000000 1080.000000
0 2367 0.177604 0.495370 0.045833 0.190741 0.656950 1920.000000 1080.000000
0 2368 0.178646 0.494444 0.045833 0.190741 0.643920 1920.000000 1080.000000
0 2369 0.179688 0.494444 0.045833 0.190741 0.635240 1920.000000 1080.000000
0 2370 0.180729 0.494444 0.045833 0.190741 0.626550 1920.000000 1080.000000
0 2371 0.180729 0.493519 0.045833 0.190741 0.621890 1920.000000 1080.000000
0 2372 0.180990 0.492593 0.045312 0.190741 0.612870 1920.000000 1080.000000
0 2373 0.181250 0.491667 0.044792 0.190741 0.603640 1920.000000 1080.000000
0 2374 0.181771 0.491667 0.044792 0.190741 0.599030 1920.000000 1080.000000
0 2375 0.181771 0.490741 0.044792 0.190741 0.594200 1920.000000 1080.000000
0 2376 0.182031 0.489815 0.044271 0.190741 0.589370 1920.000000 1080.000000
0 2377 0.182292 0.489815 0.043750 0.190741 0.589370 1920.000000 1080.000000
0 2378 0.182812 0.488889 0.043750 0.190741 0.584540 1920.000000 1080.000000
0 2379 0.183073 0.487963 0.043229 0.190741 0.579710 1920.000000 1080.000000
0 2380 0.183073 0.487963 0.043229 0.190741 0.579710 1920.000000 1080.000000
0 2381 0.183333 0.487037 0.042708 0.190741 0.574880 1920.000000 1080.000000
0 2382 0.183854 0.486111 0.042708 0.190741 0.570050 1920.000000 1080.000000
0 2383 0.184115 0.486111 0.042188 0.190741 0.570050 1920.000000 1080.000000
0 2384 0.184375 0.485185 0.041667 0.190741 0.565220 1920.000000 1080.000000
0 2385 0.184375 0.484259 0.041667 0.190741 0.560390 1920.000000 1080.000000
0 2386 0.184896 0.484259 0.041667 0.190741 0.554840 1920.000000 1080.000000
0 2387 0.185156 0.483333 0.041146 0.190741 0.544570 1920.000000 1080.000000
0 2388 0.185417 0.482407 0.040625 0.190741 0.534400 1920.000000 1080.000000
0 2389 0.185417 0.482407 0.040625 0.190741 0.534580 1920.000000 1080.000000
0 2390 0.185938 0.481481 0.040625 0.190741 0.519600 1920.000000 1080.000000
0 2391 0.186198 0.480556 0.040104 0.190741 0.505020 1920.000000 1080.000000
0 2392 0.186458 0.480556 0.039583 0.190741 0.504610 1920.000000 1080.000000
0 2393 0.186719 0.479630 0.039062 0.190741 0.495040 1920.000000 1080.000000
0 2394 0.186979 0.478704 0.039583 0.190741 0.481840 1920.000000 1080.000000
0 2395 0.187240 0.478704 0.039062 0.190741 0.481820 1920.000000 1080.000000
0 2396 0.187500 0.477778 0.038542 0.190741 0.472720 1920.000000 1080.000000
0 2397 0.187760 0.476852 0.038021 0.190741 0.463770 1920.000000 1080.000000
0 2398 0.188281 0.476852 0.038021 0.190741 0.455020 1920.000000 1080.000000
0 2399 0.188281 0.475926 0.038021 0.190741 0.447380 1920.000000 1080.000000
0 2400 0.188281 0.475926 0.038021 0.190741 0.443790 1920.000000 1080.000000
0 2401 0.188281 0.475000 0.038021 0.190741 0.441050 1920.000000 1080.000000
0 2402 0.188281 0.475000 0.038021 0.190741 0.441050 1920.000000 1080.000000
0 2403 0.188802 0.475000 0.038021 0.190741 0.437720 1920.000000 1080.000000
0 2404 0.188802 0.474074 0.038021 0.190741 0.435110 1920.000000 1080.000000
0 2405 0.188802 0.474074 0.038021 0.190741 0.440400 1920.000000 1080.000000
0 2406 0.188802 0.474074 0.038021 0.190741 0.441440 1920.000000 1080.000000
0 2407 0.188802 0.473148 0.038021 0.190741 0.438700 1920.000000 1080.000000
0 2408 0.189323 0.473148 0.038021 0.190741 0.435830 1920.000000 1080.000000
0 2409 0.189323 0.472222 0.038021 0.190741 0.432170 1920.000000 1080.000000
0 2410 0.189323 0.472222 0.038021 0.190741 0.429490 1920.000000 1080.000000
0 2411 0.189323 0.472222 0.038021 0.190741 0.426950 1920.000000 1080.000000
0 2412 0.189323 0.471296 0.038021 0.190741 0.399460 1920.000000 1080.000000
0 2413 0.189844 0.471296 0.038021 0.190741 0.393330 1920.000000 1080.000000
0 2414 0.189844 0.471296 0.038021 0.190741 0.394050 1920.000000 1080.000000
0 2415 0.189844 0.470370 0.038021 0.190741 0.394960 1920.000000 1080.000000
0 2416 0.189844 0.470370 0.038021 0.190741 0.391700 1920.000000 1080.000000
0 2417 0.190365 0.470370 0.038021 0.190741 0.390130 1920.000000 1080.000000
0 2418 0.190365 0.469444 0.038021 0.190741 0.388950 1920.000000 1080.000000
0 2419 0.190885 0.468981 0.038021 0.189815 0.387170 1920.000000 1080.000000
0 2420 0.190885 0.468519 0.038021 0.188889 0.385230 1920.000000 1080.000000
0 2421 0.191406 0.468056 0.038021 0.187963 0.380900 1920.000000 1080.000000
0 2422 0.191406 0.467593 0.038021 0.187037 0.379580 1920.000000 1080.000000
0 2423 0.191927 0.467130 0.038021 0.186111 0.376100 1920.000000 1080.000000
0 2424 0.191927 0.466667 0.038021 0.185185 0.375080 1920.000000 1080.000000
0 2425 0.192448 0.466667 0.038021 0.185185 0.377710 1920.000000 1080.000000
0 2426 0.192448 0.466204 0.038021 0.184259 0.377500 1920.000000 1080.000000
0 2427 0.192969 0.465741 0.038021 0.183333 0.380140 1920.000000 1080.000000
0 2428 0.193229 0.465278 0.038542 0.182407 0.384040 1920.000000 1080.000000
0 2429 0.193490 0.464815 0.038021 0.181481 0.384000 1920.000000 1080.000000
0 2430 0.193750 0.464352 0.038542 0.180556 0.388570 1920.000000 1080.000000
0 2431 0.194010 0.463889 0.038021 0.179630 0.388150 1920.000000 1080.000000
0 2432 0.194271 0.463889 0.038542 0.179630 0.389610 1920.000000 1080.000000
0 2433 0.194531 0.463426 0.038021 0.178704 0.394890 1920.000000 1080.000000
0 2434 0.194792 0.462963 0.038542 0.177778 0.390330 1920.000000 1080.000000
0 2435 0.195052 0.462500 0.038021 0.176852 0.392030 1920.000000 1080.000000
0 2436 0.195312 0.462037 0.038542 0.175926 0.382410 1920.000000 1080.000000
0 2437 0.195573 0.461574 0.038021 0.175000 0.385420 1920.000000 1080.000000
0 2438 0.195833 0.461111 0.038542 0.174074 0.375310 1920.000000 1080.000000
0 2439 0.196354 0.461111 0.038542 0.174074 0.369950 1920.000000 1080.000000
0 2440 0.196354 0.460185 0.038542 0.174074 0.365080 1920.000000 1080.000000
0 2441 0.196875 0.460185 0.038542 0.174074 0.359790 1920.000000 1080.000000
0 2442 0.196875 0.460185 0.038542 0.174074 0.364590 1920.000000 1080.000000
0 2443 0.197396 0.460185 0.038542 0.174074 0.359220 1920.000000 1080.000000
0 2444 0.197396 0.459259 0.038542 0.174074 0.354500 1920.000000 1080.000000
0 2445 0.197917 0.459259 0.038542 0.174074 0.349210 1920.000000 1080.000000
0 2446 0.197917 0.459259 0.038542 0.174074 0.349070 1920.000000 1080.000000
0 2447 0.198437 0.459259 0.038542 0.174074 0.343920 1920.000000 1080.000000
0 2448 0.198437 0.458333 0.038542 0.174074 0.344550 1920.000000 1080.000000
0 2449 0.198958 0.458333 0.038542 0.174074 0.339330 1920.000000 1080.000000
0 2450 0.199479 0.458333 0.038542 0.174074 0.334110 1920.000000 1080.000000
0 2451 0.199479 0.458333 0.038542 0.174074 0.334110 1920.000000 1080.000000
0 2452 0.200000 0.458333 0.038542 0.174074 0.333330 1920.000000 1080.000000
0 2453 0.200000 0.457407 0.038542 0.174074 0.328890 1920.000000 1080.000000
0 2454 0.200521 0.457407 0.038542 0.174074 0.323670 1920.000000 1080.000000
0 2455 0.200521 0.457407 0.038542 0.174074 0.323670 1920.000000 1080.000000
0 2456 0.201042 0.457407 0.038542 0.174074 0.323670 1920.000000 1080.000000
0 2457 0.201042 0.456481 0.038542 0.174074 0.314140 1920.000000 1080.000000
0 2458 0.201563 0.456481 0.038542 0.174074 0.303840 1920.000000 1080.000000
0 2459 0.201563 0.456481 0.038542 0.174074 0.298690 1920.000000 1080.000000
0 2460 0.202083 0.456481 0.038542 0.174074 0.288960 1920.000000 1080.000000
0 2461 0.202604 0.456481 0.038542 0.174074 0.284660 1920.000000 1080.000000
0 2462 0.202604 0.455556 0.038542 0.174074 0.276610 1920.000000 1080.000000
0 2463 0.203125 0.455556 0.038542 0.174074 0.267510 1920.000000 1080.000000
0 2464 0.203125 0.455556 0.038542 0.174074 0.262720 1920.000000 1080.000000
0 2465 0.203646 0.455556 0.038542 0.174074 0.253830 1920.000000 1080.000000
0 2466 0.203646 0.454630 0.038542 0.174074 0.251080 1920.000000 1080.000000
0 2467 0.204167 0.454630 0.038542 0.174074 0.243320 1920.000000 1080.000000
0 2468 0.204167 0.454630 0.038542 0.174074 0.243810 1920.000000 1080.000000
0 2469 0.204687 0.454630 0.038542 0.174074 0.235560 1920.000000 1080.000000
0 2470 0.205208 0.454630 0.038542 0.174074 0.232450 1920.000000 1080.000000
0 2471 0.205208 0.454630 0.038542 0.174074 0.225040 1920.000000 1080.000000
0 2472 0.205729 0.454630 0.038542 0.174074 0.224480 1920.000000 1080.000000
0 2473 0.205729 0.454630 0.038542 0.174074 0.220320 1920.000000 1080.000000
0 2474 0.206250 0.454630 0.038542 0.174074 0.217850 1920.000000 1080.000000
0 2475 0.206510 0.454630 0.038021 0.174074 0.213860 1920.000000 1080.000000
0 2476 0.206771 0.454630 0.038542 0.174074 0.208820 1920.000000 1080.000000
0 2477 0.207031 0.454630 0.038021 0.174074 0.207640 1920.000000 1080.000000
0 2478 0.207292 0.455556 0.038542 0.174074 0.203880 1920.000000 1080.000000
0 2479 0.207813 0.455556 0.038542 0.174074 0.202120 1920.000000 1080.000000
0 2480 0.208073 0.455556 0.038021 0.174074 0.196050 1920.000000 1080.000000
0 2481 0.208333 0.455556 0.038542 0.174074 0.194430 1920.000000 1080.000000
0 2482 0.208594 0.455556 0.038021 0.174074 0.189550 1920.000000 1080.000000
0 2483 0.208854 0.455556 0.038542 0.174074 0.190480 1920.000000 1080.000000
0 2484 0.209115 0.455556 0.038021 0.174074 0.190550 1920.000000 1080.000000
0 2485 0.209635 0.455556 0.038021 0.174074 0.179540 1920.000000 1080.000000
0 2486 0.209896 0.456481 0.038542 0.174074 0.173050 1920.000000 1080.000000
0 2487 0.210156 0.456481 0.038021 0.174074 0.161730 1920.000000 1080.000000
0 2488 0.210417 0.456481 0.038542 0.174074 0.155200 1920.000000 1080.000000
0 2489 0.210677 0.456481 0.038021 0.174074 0.143720 1920.000000 1080.000000
0 2490 0.211198 0.456481 0.038021 0.174074 0.133130 1920.000000 1080.000000
0 2491 0.211198 0.456481 0.038021 0.174074 0.124620 1920.000000 1080.000000
0 2492 0.211719 0.456481 0.038021 0.174074 0.116470 1920.000000 1080.000000
0 2493 0.212240 0.457407 0.038021 0.174074 0.106540 1920.000000 1080.000000
0 2494 0.212240 0.456481 0.038021 0.174074 0.097598 1920.000000 1080.000000
0 2495 0.212760 0.456019 0.038021 0.173148 0.087838 1920.000000 1080.000000
0 2496 0.213281 0.456019 0.038021 0.173148 0.089850 1920.000000 1080.000000
0 2497 0.213802 0.455093 0.038021 0.173148 0.097182 1920.000000 1080.000000
0 2498 0.213802 0.455093 0.038021 0.173148 0.100920 1920.000000 1080.000000
0 2499 0.214323 0.454630 0.038021 0.172222 0.109260 1920.000000 1080.000000
0 2500 0.214844 0.454630 0.038021 0.172222 0.117360 1920.000000 1080.000000
0 2501 0.215365 0.453704 0.038021 0.172222 0.125740 1920.000000 1080.000000
0 2502 0.215365 0.453704 0.038021 0.172222 0.132030 1920.000000 1080.000000
0 2503 0.215885 0.453241 0.038021 0.171296 0.141670 1920.000000 1080.000000
0 2504 0.216406 0.452778 0.038021 0.172222 0.150090 1920.000000 1080.000000
0 2505 0.216927 0.452315 0.038021 0.171296 0.160420 1920.000000 1080.000000
0 2506 0.216927 0.452315 0.038021 0.171296 0.165070 1920.000000 1080.000000
0 2507 0.217448 0.451852 0.038021 0.170370 0.187360 1920.000000 1080.000000
0 2508 0.217969 0.451389 0.038021 0.171296 0.196890 1920.000000 1080.000000
0 2509 0.218490 0.450926 0.038021 0.170370 0.213950 1920.000000 1080.000000
0 2510 0.218490 0.450926 0.038021 0.170370 0.224760 1920.000000 1080.000000
0 2511 0.219010 0.450463 0.038021 0.169444 0.242070 1920.000000 1080.000000
0 2512 0.219531 0.450000 0.038021 0.170370 0.254050 1920.000000 1080.000000
0 2513 0.220052 0.449537 0.038021 0.169444 0.271450 1920.000000 1080.000000
0 2514 0.220052 0.449537 0.038021 0.169444 0.289220 1920.000000 1080.000000
0 2515 0.220573 0.448611 0.038021 0.169444 0.311250 1920.000000 1080.000000
0 2516 0.221094 0.448611 0.038021 0.169444 0.319840 1920.000000 1080.000000
0 2517 0.221615 0.448148 0.038021 0.168519 0.345150 1920.000000 1080.000000
0 2518 0.221615 0.448148 0.038021 0.168519 0.357550 1920.000000 1080.000000
0 2519 0.222135 0.447222 0.038021 0.168519 0.376530 1920.000000 1080.000000
0 2520 0.222656 0.447222 0.038021 0.168519 0.395660 1920.000000 1080.000000
0 2521 0.223177 0.446759 0.038021 0.167593 0.406300 1920.000000 1080.000000
0 2522 0.223698 0.446759 0.038021 0.167593 0.420920 1920.000000 1080.000000
0 2523 0.223698 0.445833 0.038021 0.167593 0.423890 1920.000000 1080.000000
0 2524 0.223698 0.445833 0.038021 0.167593 0.430800 1920.000000 1080.000000
0 2525 0.223958 0.445833 0.037500 0.167593 0.439330 1920.000000 1080.000000
0 2526 0.223958 0.445833 0.037500 0.167593 0.446330 1920.000000 1080.000000
0 2527 0.223958 0.444907 0.037500 0.167593 0.451380 1920.000000 1080.000000
0 2528 0.224219 0.444907 0.036979 0.167593 0.460550 1920.000000 1080.000000
0 2529 0.224479 0.444907 0.037500 0.167593 0.469290 1920.000000 1080.000000
0 2530 0.224479 0.444907 0.037500 0.167593 0.473960 1920.000000 1080.000000
0 2531 0.224740 0.443981 0.036979 0.167593 0.475350 1920.000000 1080.000000
0 2532 0.224740 0.443981 0.036979 0.167593 0.484890 1920.000000 1080.000000
0 2533 0.225000 0.443981 0.036458 0.167593 0.494120 1920.000000 1080.000000
0 2534 0.225000 0.443981 0.036458 0.167593 0.496670 1920.000000 1080.000000
0 2535 0.225260 0.443056 0.036979 0.167593 0.502520 1920.000000 1080.000000
0 2536 0.225521 0.443056 0.036458 0.167593 0.508900 1920.000000 1080.000000
0 2537 0.225521 0.443056 0.036458 0.167593 0.514630 1920.000000 1080.000000
0 2538 0.225521 0.443056 0.036458 0.167593 0.516950 1920.000000 1080.000000
0 2539 0.225781 0.442130 0.035937 0.167593 0.522210 1920.000000 1080.000000
0 2540 0.225781 0.442130 0.035937 0.167593 0.526140 1920.000000 1080.000000
0 2541 0.226302 0.442130 0.035937 0.167593 0.536810 1920.000000 1080.000000
0 2542 0.226302 0.442130 0.035937 0.167593 0.543010 1920.000000 1080.000000
0 2543 0.226302 0.442130 0.035937 0.167593 0.546310 1920.000000 1080.000000
0 2544 0.226562 0.441204 0.035417 0.167593 0.545790 1920.000000 1080.000000
0 2545 0.226562 0.441204 0.035417 0.167593 0.545790 1920.000000 1080.000000
0 2546 0.226562 0.441204 0.035417 0.167593 0.540370 1920.000000 1080.000000
0 2547 0.226823 0.441204 0.034896 0.167593 0.543960 1920.000000 1080.000000
0 2548 0.227083 0.440278 0.035417 0.167593 0.540290 1920.000000 1080.000000
0 2549 0.227083 0.440278 0.035417 0.167593 0.540290 1920.000000 1080.000000
0 2550 0.227344 0.440278 0.034896 0.167593 0.540240 1920.000000 1080.000000
0 2551 0.227344 0.440278 0.034896 0.167593 0.534830 1920.000000 1080.000000
0 2552 0.227604 0.439352 0.034375 0.167593 0.540180 1920.000000 1080.000000
0 2553 0.227604 0.439352 0.034375 0.167593 0.540180 1920.000000 1080.000000
0 2554 0.227865 0.439352 0.034896 0.167593 0.541860 1920.000000 1080.000000
0 2555 0.228125 0.439352 0.034375 0.167593 0.545600 1920.000000 1080.000000
0 2556 0.228125 0.438426 0.034375 0.167593 0.540100 1920.000000 1080.000000
0 2557 0.228125 0.438426 0.034375 0.167593 0.545510 1920.000000 1080.000000
0 2558 0.228385 0.438426 0.033854 0.167593 0.549450 1920.000000 1080.000000
0 2559 0.228385 0.438426 0.033854 0.167593 0.549450 1920.000000 1080.000000
0 2560 0.228906 0.438426 0.033854 0.167593 0.554950 1920.000000 1080.000000
0 2561 0.228906 0.437500 0.033854 0.167593 0.549450 1920.000000 1080.000000
0 2562 0.229427 0.437037 0.033854 0.166667 0.558010 1920.000000 1080.000000
0 2563 0.229948 0.437037 0.033854 0.166667 0.563540 1920.000000 1080.000000
0 2564 0.230469 0.436574 0.033854 0.165741 0.566670 1920.000000 1080.000000
0 2565 0.230990 0.436574 0.033854 0.165741 0.572220 1920.000000 1080.000000
0 2566 0.231250 0.436111 0.033333 0.164815 0.574470 1920.000000 1080.000000
0 2567 0.231771 0.436111 0.033333 0.164815 0.580150 1920.000000 1080.000000
0 2568 0.232031 0.435185 0.033854 0.164815 0.575420 1920.000000 1080.000000
0 2569 0.232552 0.435185 0.033854 0.164815 0.581010 1920.000000 1080.000000
0 2570 0.233073 0.434722 0.033854 0.163889 0.584270 1920.000000 1080.000000
0 2571 0.233594 0.434722 0.033854 0.163889 0.589290 1920.000000 1080.000000
0 2572 0.233854 0.434259 0.033333 0.162963 0.592180 1920.000000 1080.000000
0 2573 0.234375 0.434259 0.033333 0.162963 0.592180 1920.000000 1080.000000
0 2574 0.234896 0.433796 0.033333 0.162037 0.595720 1920.000000 1080.000000
0 2575 0.235417 0.433796 0.033333 0.162037 0.595720 1920.000000 1080.000000
0 2576 0.235677 0.432870 0.033854 0.162037 0.584710 1920.000000 1080.000000
0 2577 0.236198 0.432870 0.033854 0.162037 0.590480 1920.000000 1080.000000
0 2578 0.236458 0.432407 0.033333 0.161111 0.587690 1920.000000 1080.000000
0 2579 0.236979 0.432407 0.033333 0.161111 0.593580 1920.000000 1080.000000
0 2580 0.237500 0.431944 0.033333 0.160185 0.591250 1920.000000 1080.000000
0 2581 0.238021 0.431944 0.033333 0.160185 0.591250 1920.000000 1080.000000
0 2582 0.238542 0.431481 0.033333 0.159259 0.605340 1920.000000 1080.000000
0 2583 0.239063 0.431481 0.033333 0.159259 0.615560 1920.000000 1080.000000
0 2584 0.239063 0.430556 0.033333 0.159259 0.604270 1920.000000 1080.000000
0 2585 0.239583 0.430556 0.033333 0.159259 0.614500 1920.000000 1080.000000
0 2586 0.240104 0.430556 0.033333 0.159259 0.618940 1920.000000 1080.000000
0 2587 0.240625 0.430556 0.033333 0.159259 0.623390 1920.000000 1080.000000
0 2588 0.241146 0.430556 0.033333 0.159259 0.627830 1920.000000 1080.000000
0 2589 0.241667 0.430556 0.033333 0.159259 0.632280 1920.000000 1080.000000
0 2590 0.242188 0.430556 0.033333 0.159259 0.636730 1920.000000 1080.000000
0 2591 0.242708 0.430556 0.033333 0.159259 0.641170 1920.000000 1080.000000
0 2592 0.243229 0.430556 0.033333 0.159259 0.645620 1920.000000 1080.000000
0 2593 0.243750 0.430093 0.033333 0.160185 0.646330 1920.000000 1080.000000
0 2594 0.244271 0.430093 0.033333 0.160185 0.650750 1920.000000 1080.000000
0 2595 0.244792 0.430093 0.033333 0.160185 0.655170 1920.000000 1080.000000
0 2596 0.245052 0.429630 0.033854 0.159259 0.656680 1920.000000 1080.000000
0 2597 0.245573 0.429630 0.033854 0.159259 0.661060 1920.000000 1080.000000
0 2598 0.246094 0.429630 0.033854 0.159259 0.665440 1920.000000 1080.000000
0 2599 0.246615 0.429630 0.033854 0.159259 0.669820 1920.000000 1080.000000
0 2600 0.247135 0.429630 0.033854 0.159259 0.607200 1920.000000 1080.000000
0 2601 0.247656 0.429630 0.033854 0.159259 0.557980 1920.000000 1080.000000
0 2602 0.247917 0.429167 0.033333 0.160185 0.500090 1920.000000 1080.000000
0 2603 0.248438 0.429167 0.033333 0.160185 0.450400 1920.000000 1080.000000
0 2604 0.248958 0.429167 0.033333 0.160185 0.391600 1920.000000 1080.000000
0 2605 0.249479 0.429167 0.033333 0.160185 0.355170 1920.000000 1080.000000
0 2606 0.250000 0.429167 0.033333 0.160185 0.318740 1920.000000 1080.000000
0 2607 0.250521 0.429167 0.033333 0.160185 0.273210 1920.000000 1080.000000
0 2608 0.250781 0.428704 0.033854 0.159259 0.241200 1920.000000 1080.000000
0 2609 0.251302 0.428704 0.033854 0.159259 0.196530 1920.000000 1080.000000
0 2610 0.251823 0.428704 0.033854 0.159259 0.160800 1920.000000 1080.000000
0 2611 0.252344 0.428241 0.033854 0.160185 0.115460 1920.000000 1080.000000
0 2612 0.252865 0.428241 0.033854 0.160185 0.079937 1920.000000 1080.000000
0 2613 0.253385 0.428241 0.033854 0.160185 0.044410 1920.000000 1080.000000
0 2614 0.253906 0.428241 0.033854 0.160185 0.000000 1920.000000 1080.000000
0 2615 0.254427 0.428241 0.033854 0.160185 0.000000 1920.000000 1080.000000
0 2616 0.254948 0.428241 0.033854 0.160185 0.000000 1920.000000 1080.000000
0 2617 0.255469 0.428241 0.033854 0.160185 0.000000 1920.000000 1080.000000
0 2618 0.255990 0.428241 0.033854 0.160185 0.000000 1920.000000 1080.000000
0 2619 0.256510 0.428241 0.033854 0.160185 0.000000 1920.000000 1080.000000
0 2620 0.257031 0.428241 0.033854 0.160185 0.027952 1920.000000 1080.000000
0 2621 0.257031 0.427315 0.033854 0.160185 0.056426 1920.000000 1080.000000
0 2622 0.257552 0.427315 0.033854 0.160185 0.094915 1920.000000 1080.000000
0 2623 0.257552 0.427315 0.033854 0.160185 0.124520 1920.000000 1080.000000
0 2624 0.258073 0.426389 0.033854 0.160185 0.164320 1920.000000 1080.000000
0 2625 0.258594 0.426389 0.033854 0.160185 0.260190 1920.000000 1080.000000
0 2626 0.258594 0.426389 0.033854 0.160185 0.350490 1920.000000 1080.000000
0 2627 0.259115 0.425463 0.033854 0.160185 0.455940 1920.000000 1080.000000
0 2628 0.259115 0.425463 0.033854 0.160185 0.515590 1920.000000 1080.000000
0 2629 0.259635 0.425463 0.033854 0.160185 0.588380 1920.000000 1080.000000
0 2630 0.260156 0.425463 0.033854 0.160185 0.615380 1920.000000 1080.000000
0 2631 0.260156 0.424537 0.033854 0.160185 0.621390 1920.000000 1080.000000
0 2632 0.260677 0.424537 0.033854 0.160185 0.655870 1920.000000 1080.000000
0 2633 0.260677 0.424537 0.033854 0.160185 0.664750 1920.000000 1080.000000
0 2634 0.261198 0.423611 0.033854 0.160185 0.673110 1920.000000 1080.000000
0 2635 0.261719 0.423611 0.033854 0.160185 0.678340 1920.000000 1080.000000
0 2636 0.261719 0.423611 0.033854 0.160185 0.655520 1920.000000 1080.000000
0 2637 0.262240 0.422685 0.033854 0.160185 0.619120 1920.000000 1080.000000
0 2638 0.262240 0.422685 0.033854 0.160185 0.591950 1920.000000 1080.000000
0 2639 0.262760 0.422685 0.033854 0.160185 0.555820 1920.000000 1080.000000
0 2640 0.263281 0.422685 0.033854 0.160185 0.519070 1920.000000 1080.000000
0 2641 0.263281 0.421759 0.033854 0.160185 0.488850 1920.000000 1080.000000
0 2642 0.263281 0.421759 0.033854 0.160185 0.444100 1920.000000 1080.000000
0 2643 0.263281 0.420833 0.033854 0.160185 0.400990 1920.000000 1080.000000
0 2644 0.263281 0.420833 0.033854 0.160185 0.360850 1920.000000 1080.000000
0 2645 0.263542 0.419907 0.033333 0.160185 0.315560 1920.000000 1080.000000
0 2646 0.263802 0.419907 0.033854 0.160185 0.266720 1920.000000 1080.000000
0 2647 0.263802 0.418981 0.033854 0.160185 0.223700 1920.000000 1080.000000
0 2648 0.263802 0.418981 0.033854 0.160185 0.175030 1920.000000 1080.000000
0 2649 0.263802 0.418056 0.033854 0.160185 0.134880 1920.000000 1080.000000
0 2650 0.264062 0.418056 0.033333 0.160185 0.094430 1920.000000 1080.000000
0 2651 0.264062 0.418056 0.033333 0.160185 0.058886 1920.000000 1080.000000
0 2652 0.264323 0.417130 0.033854 0.160185 0.027691 1920.000000 1080.000000
0 2653 0.264323 0.417130 0.033854 0.160185 0.023076 1920.000000 1080.000000
0 2654 0.264323 0.416204 0.033854 0.160185 0.023076 1920.000000 1080.000000
0 2655 0.264583 0.416204 0.033333 0.160185 0.023431 1920.000000 1080.000000
0 2656 0.264583 0.415278 0.033333 0.160185 0.023431 1920.000000 1080.000000
0 2657 0.264583 0.415278 0.033333 0.160185 0.037312 1920.000000 1080.000000
0 2658 0.264844 0.414352 0.033854 0.160185 0.068966 1920.000000 1080.000000
0 2659 0.264844 0.414352 0.033854 0.160185 0.092128 1920.000000 1080.000000
0 2660 0.265104 0.414352 0.033333 0.160185 0.119720 1920.000000 1080.000000
0 2661 0.265104 0.413426 0.033333 0.160185 0.146770 1920.000000 1080.000000
0 2662 0.265104 0.413426 0.033333 0.160185 0.169320 1920.000000 1080.000000
0 2663 0.265104 0.412500 0.033333 0.160185 0.193630 1920.000000 1080.000000
0 2664 0.265365 0.412500 0.033854 0.160185 0.211770 1920.000000 1080.000000
0 2665 0.265625 0.411574 0.033333 0.160185 0.233070 1920.000000 1080.000000
0 2666 0.265625 0.411574 0.033333 0.160185 0.246600 1920.000000 1080.000000
0 2667 0.265625 0.410648 0.033333 0.160185 0.259060 1920.000000 1080.000000
0 2668 0.265625 0.410648 0.033333 0.160185 0.262600 1920.000000 1080.000000
0 2669 0.266146 0.410648 0.033333 0.160185 0.258180 1920.000000 1080.000000
0 2670 0.265625 0.409722 0.033333 0.160185 0.250490 1920.000000 1080.000000
0 2671 0.265625 0.409722 0.033333 0.160185 0.242710 1920.000000 1080.000000
0 2672 0.265625 0.409259 0.033333 0.159259 0.227480 1920.000000 1080.000000
0 2673 0.265625 0.409259 0.033333 0.159259 0.206490 1920.000000 1080.000000
0 2674 0.265625 0.409259 0.033333 0.159259 0.185500 1920.000000 1080.000000
0 2675 0.265625 0.408796 0.033333 0.158333 0.165470 1920.000000 1080.000000
0 2676 0.265625 0.408796 0.033333 0.158333 0.141320 1920.000000 1080.000000
0 2677 0.265625 0.408796 0.033333 0.158333 0.120570 1920.000000 1080.000000
0 2678 0.265625 0.408333 0.033333 0.157407 0.110840 1920.000000 1080.000000
0 2679 0.265625 0.408333 0.033333 0.157407 0.106340 1920.000000 1080.000000
0 2680 0.265625 0.408333 0.033333 0.157407 0.093657 1920.000000 1080.000000
0 2681 0.265625 0.407870 0.033333 0.156481 0.089050 1920.000000 1080.000000
0 2682 0.265625 0.407870 0.033333 0.156481 0.078733 1920.000000 1080.000000
0 2683 0.265625 0.407870 0.033333 0.156481 0.073575 1920.000000 1080.000000
0 2684 0.265625 0.407407 0.033333 0.155556 0.063632 1920.000000 1080.000000
0 2685 0.265625 0.407407 0.033333 0.155556 0.056805 1920.000000 1080.000000
0 2686 0.265365 0.407407 0.033854 0.155556 0.050923 1920.000000 1080.000000
0 2687 0.265365 0.406944 0.033854 0.154630 0.046176 1920.000000 1080.000000
0 2688 0.265365 0.406944 0.033854 0.154630 0.036075 1920.000000 1080.000000
0 2689 0.265365 0.406944 0.033854 0.154630 0.031025 1920.000000 1080.000000
0 2690 0.265365 0.406481 0.033854 0.153704 0.021049 1920.000000 1080.000000
0 2691 0.265365 0.406481 0.033854 0.153704 0.015968 1920.000000 1080.000000
0 2692 0.265365 0.406481 0.033854 0.153704 0.005807 1920.000000 1080.000000
0 2693 0.265365 0.406019 0.033854 0.152778 0.005750 1920.000000 1080.000000
0 2694 0.265365 0.406019 0.033854 0.152778 0.004107 1920.000000 1080.000000
0 2695 0.265365 0.406019 0.033854 0.152778 0.003286 1920.000000 1080.000000
0 2696 0.265365 0.405556 0.033854 0.151852 0.001653 1920.000000 1080.000000
0 2697 0.265365 0.405556 0.033854 0.151852 0.000918 1920.000000 1080.000000
0 2698 0.265365 0.405556 0.033854 0.151852 0.000000 1920.000000 1080.000000
0 2699 0.265365 0.405093 0.033854 0.150926 0.000000 1920.000000 1080.000000
0 2700 0.265365 0.405093 0.033854 0.150926 0.000000 1920.000000 1080.000000
0 2701 0.265365 0.405093 0.033854 0.150926 0.000000 1920.000000 1080.000000
0 2702 0.265365 0.404167 0.033854 0.150926 0.000000 1920.000000 1080.000000
0 2703 0.265885 0.403241 0.033854 0.150926 0.000000 1920.000000 1080.000000
0 2704 0.265885 0.403241 0.033854 0.150926 0.000000 1920.000000 1080.000000
0 2705 0.266406 0.402315 0.033854 0.150926 0.000000 1920.000000 1080.000000
0 2706 0.266406 0.402315 0.033854 0.150926 0.000000 1920.000000 1080.000000
0 2707 0.266927 0.401389 0.033854 0.150926 0.000000 1920.000000 1080.000000
0 2708 0.266927 0.400463 0.033854 0.150926 0.000000 1920.000000 1080.000000
0 2709 0.267448 0.400463 0.033854 0.150926 0.021803 1920.000000 1080.000000
0 2710 0.267448 0.399537 0.033854 0.150926 0.043237 1920.000000 1080.000000
0 2711 0.267969 0.399537 0.033854 0.150926 0.086475 1920.000000 1080.000000
0 2712 0.267969 0.398611 0.033854 0.150926 0.107170 1920.000000 1080.000000
0 2713 0.268490 0.398611 0.033854 0.150926 0.139320 1920.000000 1080.000000
0 2714 0.268490 0.397685 0.033854 0.150926 0.159370 1920.000000 1080.000000
0 2715 0.269010 0.396759 0.033854 0.150926 0.200110 1920.000000 1080.000000
0 2716 0.269010 0.396759 0.033854 0.150926 0.221180 1920.000000 1080.000000
0 2717 0.269531 0.395833 0.033854 0.150926 0.250550 1920.000000 1080.000000
0 2718 0.269531 0.395833 0.033854 0.150926 0.271430 1920.000000 1080.000000
0 2719 0.270052 0.394907 0.033854 0.150926 0.300070 1920.000000 1080.000000
0 2720 0.270052 0.393981 0.033854 0.150926 0.307650 1920.000000 1080.000000
0 2721 0.270573 0.393981 0.033854 0.150926 0.317900 1920.000000 1080.000000
0 2722 0.270573 0.393056 0.033854 0.150926 0.315040 1920.000000 1080.000000
0 2723 0.271094 0.393056 0.033854 0.150926 0.335370 1920.000000 1080.000000
0 2724 0.271094 0.392130 0.033854 0.150926 0.332320 1920.000000 1080.000000
0 2725 0.271615 0.392130 0.033854 0.150926 0.342390 1920.000000 1080.000000
0 2726 0.271094 0.391204 0.033854 0.150926 0.339250 1920.000000 1080.000000
0 2727 0.271094 0.391204 0.033854 0.150926 0.339250 1920.000000 1080.000000
0 2728 0.271094 0.390278 0.033854 0.150926 0.336100 1920.000000 1080.000000
0 2729 0.270833 0.390278 0.033333 0.150926 0.331240 1920.000000 1080.000000
0 2730 0.270573 0.389352 0.033854 0.150926 0.332960 1920.000000 1080.000000
0 2731 0.270573 0.389352 0.033854 0.150926 0.332960 1920.000000 1080.000000
0 2732 0.270573 0.388426 0.033854 0.150926 0.329820 1920.000000 1080.000000
0 2733 0.270313 0.388426 0.033333 0.150926 0.334900 1920.000000 1080.000000
0 2734 0.270313 0.388426 0.033333 0.150926 0.334900 1920.000000 1080.000000
0 2735 0.270052 0.387500 0.033854 0.150926 0.326680 1920.000000 1080.000000
0 2736 0.270052 0.387500 0.033854 0.150926 0.326680 1920.000000 1080.000000
0 2737 0.269792 0.386574 0.033333 0.150926 0.328520 1920.000000 1080.000000
0 2738 0.269792 0.386574 0.033333 0.150926 0.328520 1920.000000 1080.000000
0 2739 0.269531 0.385648 0.033854 0.150926 0.320400 1920.000000 1080.000000
0 2740 0.269531 0.385648 0.033854 0.150926 0.329820 1920.000000 1080.000000
0 2741 0.269271 0.384722 0.033333 0.150926 0.322140 1920.000000 1080.000000
0 2742 0.269271 0.384722 0.033333 0.150926 0.322140 1920.000000 1080.000000
0 2743 0.269271 0.384722 0.033333 0.150926 0.322140 1920.000000 1080.000000
0 2744 0.269010 0.383796 0.033854 0.150926 0.323360 1920.000000 1080.000000
0 2745 0.268750 0.383796 0.033333 0.150926 0.328330 1920.000000 1080.000000
0 2746 0.268750 0.382870 0.033333 0.150926 0.325050 1920.000000 1080.000000
0 2747 0.268750 0.382870 0.033333 0.150926 0.334330 1920.000000 1080.000000
0 2748 0.268490 0.381944 0.033854 0.150926 0.335000 1920.000000 1080.000000
0 2749 0.268229 0.381944 0.033333 0.150926 0.330960 1920.000000 1080.000000
0 2750 0.268229 0.381019 0.033333 0.150926 0.336680 1920.000000 1080.000000
0 2751 0.268229 0.381019 0.033333 0.150926 0.336680 1920.000000 1080.000000
0 2752 0.268229 0.381019 0.033333 0.150926 0.345780 1920.000000 1080.000000
0 2753 0.266667 0.380093 0.033333 0.150926 0.324200 1920.000000 1080.000000
0 2754 0.265625 0.379167 0.033333 0.150926 0.303000 1920.000000 1080.000000
0 2755 0.264062 0.378241 0.033333 0.150926 0.282180 1920.000000 1080.000000
0 2756 0.263021 0.377315 0.033333 0.150926 0.261730 1920.000000 1080.000000
0 2757 0.261979 0.377315 0.033333 0.150926 0.253000 1920.000000 1080.000000
0 2758 0.260417 0.376389 0.033333 0.150926 0.233020 1920.000000 1080.000000
0 2759 0.259375 0.375463 0.033333 0.150926 0.213410 1920.000000 1080.000000
0 2760 0.258333 0.374537 0.033333 0.150926 0.202630 1920.000000 1080.000000
0 2761 0.256771 0.374537 0.033333 0.150926 0.177300 1920.000000 1080.000000
0 2762 0.255729 0.373611 0.033333 0.150926 0.166980 1920.000000 1080.000000
0 2763 0.254688 0.372685 0.033333 0.150926 0.156850 1920.000000 1080.000000
0 2764 0.253125 0.371759 0.033333 0.150926 0.132080 1920.000000 1080.000000
0 2765 0.252083 0.371759 0.033333 0.150926 0.125230 1920.000000 1080.000000
0 2766 0.251042 0.370833 0.033333 0.150926 0.108540 1920.000000 1080.000000
0 2767 0.249479 0.369907 0.033333 0.150926 0.090807 1920.000000 1080.000000
0 2768 0.248438 0.368981 0.033333 0.150926 0.082552 1920.000000 1080.000000
0 2769 0.247396 0.368981 0.033333 0.150926 0.066792 1920.000000 1080.000000
0 2770 0.245833 0.367130 0.033333 0.150926 0.048968 1920.000000 1080.000000
0 2771 0.244792 0.366204 0.033333 0.150926 0.032645 1920.000000 1080.000000
0 2772 0.243750 0.365278 0.033333 0.150926 0.024484 1920.000000 1080.000000
0 2773 0.242448 0.364352 0.033854 0.150926 0.015891 1920.000000 1080.000000
0 2774 0.241146 0.363426 0.033333 0.150926 0.000000 1920.000000 1080.000000
0 2775 0.240104 0.362500 0.033333 0.150926 0.000000 1920.000000 1080.000000
0 2776 0.238802 0.361574 0.033854 0.150926 0.000000 1920.000000 1080.000000
0 2777 0.237760 0.360648 0.033854 0.150926 0.000000 1920.000000 1080.000000
0 2778 0.236458 0.359722 0.033333 0.150926 0.000000 1920.000000 1080.000000
0 2779 0.235156 0.358796 0.033854 0.150926 0.000000 1920.000000 1080.000000
0 2780 0.234115 0.357870 0.033854 0.150926 0.000000 1920.000000 1080.000000
0 2781 0.233073 0.356944 0.033854 0.150926 0.000000 1920.000000 1080.000000
0 2782 0.232031 0.356019 0.033854 0.150926 0.000000 1920.000000 1080.000000
