0 1 0.272656 0.221296 0.038021 0.181481 0.688640 1920.000000 1080.000000
0 2 0.273438 0.221296 0.038542 0.181481 0.695910 1920.000000 1080.000000
0 3 0.274479 0.221296 0.038542 0.181481 0.703490 1920.000000 1080.000000
0 4 0.275521 0.221296 0.038542 0.181481 0.707280 1920.000000 1080.000000
0 5 0.276302 0.220370 0.038021 0.181481 0.708600 1920.000000 1080.000000
0 6 0.277344 0.219907 0.036979 0.182407 0.711910 1920.000000 1080.000000
0 7 0.278646 0.219907 0.036458 0.182407 0.700170 1920.000000 1080.000000
0 8 0.279167 0.219907 0.036458 0.182407 0.689000 1920.000000 1080.000000
0 9 0.280208 0.220833 0.036458 0.182407 0.679190 1920.000000 1080.000000
0 10 0.281250 0.220833 0.036458 0.182407 0.664530 1920.000000 1080.000000
0 11 0.282292 0.221759 0.036458 0.182407 0.639990 1920.000000 1080.000000
0 12 0.283333 0.222685 0.036458 0.182407 0.629250 1920.000000 1080.000000
0 13 0.284375 0.223611 0.036458 0.182407 0.614380 1920.000000 1080.000000
0 14 0.285677 0.224537 0.035937 0.182407 0.603900 1920.000000 1080.000000
0 15 0.286719 0.225463 0.035937 0.182407 0.588170 1920.000000 1080.000000
0 16 0.288281 0.227315 0.035937 0.182407 0.559960 1920.000000 1080.000000
0 17 0.288802 0.226389 0.035937 0.182407 0.544660 1920.000000 1080.000000
0 18 0.289323 0.226389 0.035937 0.182407 0.538670 1920.000000 1080.000000
0 19 0.290365 0.226389 0.035937 0.182407 0.524820 1920.000000 1080.000000
0 20 0.290885 0.225926 0.035937 0.181481 0.514580 1920.000000 1080.000000
0 21 0.291927 0.225926 0.035937 0.181481 0.483680 1920.000000 1080.000000
0 22 0.292448 0.225926 0.035937 0.181481 0.471860 1920.000000 1080.000000
0 23 0.293490 0.225926 0.035937 0.181481 0.453080 1920.000000 1080.000000
0 24 0.294010 0.225926 0.035937 0.181481 0.441260 1920.000000 1080.000000
0 25 0.294531 0.225926 0.035937 0.181481 0.432270 1920.000000 1080.000000
0 26 0.295573 0.225926 0.035937 0.181481 0.399130 1920.000000 1080.000000
0 27 0.296094 0.225926 0.035937 0.181481 0.390360 1920.000000 1080.000000
0 28 0.296615 0.225926 0.035937 0.181481 0.378540 1920.000000 1080.000000
0 29 0.297656 0.226389 0.035937 0.182407 0.360750 1920.000000 1080.000000
0 30 0.298438 0.226389 0.035417 0.182407 0.344460 1920.000000 1080.000000
0 31 0.299479 0.227315 0.035417 0.182407 0.326970 1920.000000 1080.000000
0 32 0.300521 0.227315 0.035417 0.182407 0.295780 1920.000000 1080.000000
0 33 0.301563 0.228241 0.035417 0.182407 0.274340 1920.000000 1080.000000
0 34 0.302604 0.229167 0.035417 0.182407 0.246450 1920.000000 1080.000000
0 35 0.303125 0.229167 0.035417 0.182407 0.234370 1920.000000 1080.000000
0 36 0.303646 0.229167 0.035417 0.182407 0.216590 1920.000000 1080.000000
0 37 0.304167 0.229167 0.035417 0.182407 0.204580 1920.000000 1080.000000
0 38 0.304688 0.229167 0.035417 0.182407 0.182840 1920.000000 1080.000000
0 39 0.305208 0.229167 0.035417 0.182407 0.171720 1920.000000 1080.000000
0 40 0.305990 0.229167 0.035937 0.182407 0.157360 1920.000000 1080.000000
0 41 0.305990 0.229167 0.035937 0.182407 0.168690 1920.000000 1080.000000
0 42 0.306510 0.230093 0.035937 0.182407 0.152600 1920.000000 1080.000000
0 43 0.306510 0.230093 0.035937 0.182407 0.158870 1920.000000 1080.000000
0 44 0.307031 0.231019 0.035937 0.182407 0.142210 1920.000000 1080.000000
0 45 0.307031 0.231944 0.035937 0.182407 0.133770 1920.000000 1080.000000
0 46 0.307552 0.231944 0.035937 0.182407 0.123670 1920.000000 1080.000000
0 47 0.307552 0.232870 0.035937 0.182407 0.127420 1920.000000 1080.000000
0 48 0.308073 0.233796 0.035937 0.182407 0.139750 1920.000000 1080.000000
0 49 0.308073 0.233796 0.035937 0.182407 0.154910 1920.000000 1080.000000
0 50 0.308594 0.234722 0.035937 0.182407 0.166810 1920.000000 1080.000000
0 51 0.308854 0.235648 0.035417 0.182407 0.168200 1920.000000 1080.000000
0 52 0.309115 0.235648 0.035937 0.182407 0.187300 1920.000000 1080.000000
0 53 0.309375 0.236574 0.035417 0.182407 0.195580 1920.000000 1080.000000
0 54 0.309896 0.237500 0.035417 0.182407 0.204730 1920.000000 1080.000000
0 55 0.309896 0.237500 0.035417 0.182407 0.215200 1920.000000 1080.000000
0 56 0.310417 0.238426 0.035417 0.182407 0.225300 1920.000000 1080.000000
0 57 0.310937 0.239352 0.035417 0.182407 0.234520 1920.000000 1080.000000
0 58 0.310937 0.239352 0.035417 0.182407 0.242130 1920.000000 1080.000000
0 59 0.310937 0.240278 0.035417 0.182407 0.249890 1920.000000 1080.000000
0 60 0.310937 0.241204 0.035417 0.182407 0.258820 1920.000000 1080.000000
0 61 0.311198 0.241204 0.035937 0.182407 0.273810 1920.000000 1080.000000
0 62 0.311458 0.242130 0.035417 0.182407 0.284730 1920.000000 1080.000000
0 63 0.311458 0.243056 0.035417 0.182407 0.295930 1920.000000 1080.000000
0 64 0.311719 0.243056 0.035937 0.182407 0.310680 1920.000000 1080.000000
0 65 0.311719 0.243981 0.035937 0.182407 0.319550 1920.000000 1080.000000
0 66 0.311719 0.244907 0.035937 0.182407 0.328430 1920.000000 1080.000000
0 67 0.312240 0.245833 0.035937 0.182407 0.346610 1920.000000 1080.000000
0 68 0.312500 0.247685 0.035417 0.182407 0.355440 1920.000000 1080.000000
0 69 0.313021 0.249537 0.035417 0.182407 0.367080 1920.000000 1080.000000
0 70 0.313802 0.251389 0.034896 0.182407 0.381460 1920.000000 1080.000000
0 71 0.314323 0.253704 0.034896 0.181481 0.394370 1920.000000 1080.000000
0 72 0.315104 0.255556 0.034375 0.181481 0.411390 1920.000000 1080.000000
0 73 0.315625 0.257407 0.034375 0.181481 0.422610 1920.000000 1080.000000
0 74 0.316406 0.260185 0.033854 0.181481 0.436630 1920.000000 1080.000000
0 75 0.316927 0.260185 0.033854 0.181481 0.453010 1920.000000 1080.000000
0 76 0.317448 0.261111 0.033854 0.181481 0.471310 1920.000000 1080.000000
0 77 0.317969 0.261111 0.033854 0.181481 0.493770 1920.000000 1080.000000
0 78 0.318490 0.262037 0.033854 0.181481 0.507150 1920.000000 1080.000000
0 79 0.319271 0.262963 0.034375 0.181481 0.536250 1920.000000 1080.000000
0 80 0.320052 0.265278 0.033854 0.182407 0.552190 1920.000000 1080.000000
0 81 0.321094 0.267593 0.033854 0.183333 0.577050 1920.000000 1080.000000
0 82 0.322135 0.270370 0.033854 0.183333 0.590530 1920.000000 1080.000000
0 83 0.323177 0.272685 0.033854 0.184259 0.624920 1920.000000 1080.000000
0 84 0.324479 0.275463 0.033333 0.184259 0.661380 1920.000000 1080.000000
0 85 0.325000 0.277315 0.033333 0.184259 0.689770 1920.000000 1080.000000
0 86 0.325521 0.280093 0.033333 0.184259 0.698230 1920.000000 1080.000000
0 87 0.326562 0.281944 0.033333 0.184259 0.726920 1920.000000 1080.000000
0 88 0.327083 0.284722 0.033333 0.184259 0.712000 1920.000000 1080.000000
0 89 0.327604 0.286574 0.033333 0.184259 0.705080 1920.000000 1080.000000
0 90 0.328646 0.289352 0.033333 0.184259 0.688690 1920.000000 1080.000000
0 91 0.328906 0.289352 0.033854 0.184259 0.691590 1920.000000 1080.000000
0 92 0.329167 0.290278 0.034375 0.184259 0.690450 1920.000000 1080.000000
0 93 0.329688 0.290278 0.035417 0.184259 0.693910 1920.000000 1080.000000
0 94 0.329948 0.291204 0.035937 0.184259 0.693570 1920.000000 1080.000000
0 95 0.330729 0.292130 0.036458 0.184259 0.689010 1920.000000 1080.000000
0 96 0.331250 0.294907 0.036458 0.184259 0.675000 1920.000000 1080.000000
0 97 0.332292 0.298148 0.036458 0.185185 0.671640 1920.000000 1080.000000
0 98 0.333333 0.301389 0.036458 0.186111 0.663370 1920.000000 1080.000000
0 99 0.334115 0.304167 0.035937 0.186111 0.658420 1920.000000 1080.000000
0 100 0.335156 0.307407 0.035937 0.187037 0.650250 1920.000000 1080.000000
0 101 0.336198 0.310648 0.035937 0.187963 0.642160 1920.000000 1080.000000
0 102 0.337240 0.314352 0.035937 0.187963 0.632350 1920.000000 1080.000000
0 103 0.336719 0.315278 0.035937 0.187963 0.637250 1920.000000 1080.000000
0 104 0.336719 0.316204 0.035937 0.187963 0.647060 1920.000000 1080.000000
0 105 0.336719 0.317130 0.035937 0.187963 0.651960 1920.000000 1080.000000
0 106 0.336719 0.318519 0.035937 0.188889 0.653660 1920.000000 1080.000000
0 107 0.336458 0.319444 0.035417 0.188889 0.658540 1920.000000 1080.000000
0 108 0.336458 0.320370 0.035417 0.188889 0.663410 1920.000000 1080.000000
0 109 0.336198 0.321759 0.035937 0.189815 0.665050 1920.000000 1080.000000
0 110 0.336198 0.322685 0.035937 0.189815 0.428360 1920.000000 1080.000000
0 111 0.335938 0.323611 0.035417 0.189815 0.447870 1920.000000 1080.000000
0 112 0.335938 0.325000 0.035417 0.190741 0.676330 1920.000000 1080.000000
0 113 0.335938 0.325926 0.035417 0.190741 0.681160 1920.000000 1080.000000
0 114 0.335938 0.326852 0.035417 0.190741 0.690820 1920.000000 1080.000000
0 115 0.335938 0.328704 0.035417 0.190741 0.685990 1920.000000 1080.000000
0 116 0.335417 0.328704 0.035417 0.190741 0.690820 1920.000000 1080.000000
0 117 0.335156 0.328704 0.035937 0.190741 0.688890 1920.000000 1080.000000
0 118 0.334635 0.329630 0.035937 0.190741 0.655070 1920.000000 1080.000000
0 119 0.334635 0.329630 0.035937 0.190741 0.626850 1920.000000 1080.000000
0 120 0.334375 0.329630 0.036458 0.190741 0.598630 1920.000000 1080.000000
0 121 0.333854 0.330556 0.036458 0.190741 0.560450 1920.000000 1080.000000
0 122 0.333594 0.330556 0.036979 0.190741 0.520800 1920.000000 1080.000000
0 123 0.333594 0.330556 0.036979 0.190741 0.276100 1920.000000 1080.000000
0 124 0.333073 0.331481 0.036979 0.190741 0.235570 1920.000000 1080.000000
0 125 0.332813 0.331481 0.037500 0.190741 0.199590 1920.000000 1080.000000
0 126 0.332813 0.332407 0.037500 0.190741 0.155320 1920.000000 1080.000000
0 127 0.331771 0.332407 0.037500 0.190741 0.125600 1920.000000 1080.000000
0 128 0.330729 0.332870 0.037500 0.191667 0.117890 1920.000000 1080.000000
0 129 0.329948 0.333333 0.038021 0.190741 0.106080 1920.000000 1080.000000
0 130 0.329167 0.333796 0.037500 0.191667 0.095627 1920.000000 1080.000000
0 131 0.328385 0.334259 0.038021 0.192593 0.096017 1920.000000 1080.000000
0 132 0.327344 0.334722 0.038021 0.191667 0.093100 1920.000000 1080.000000
0 133 0.326562 0.335185 0.038542 0.192593 0.113940 1920.000000 1080.000000
0 134 0.325781 0.335648 0.038021 0.193519 0.162420 1920.000000 1080.000000
0 135 0.325000 0.336111 0.038542 0.192593 0.214930 1920.000000 1080.000000
0 136 0.323958 0.336574 0.038542 0.193519 0.279560 1920.000000 1080.000000
0 137 0.323437 0.337500 0.038542 0.193519 0.324570 1920.000000 1080.000000
0 138 0.322917 0.337500 0.038542 0.193519 0.373140 1920.000000 1080.000000
0 139 0.322656 0.337500 0.039062 0.193519 0.431200 1920.000000 1080.000000
0 140 0.322396 0.337963 0.039583 0.194444 0.485140 1920.000000 1080.000000
0 141 0.321875 0.337963 0.039583 0.194444 0.560230 1920.000000 1080.000000
0 142 0.321615 0.338426 0.040104 0.195370 0.619500 1920.000000 1080.000000
0 143 0.321354 0.338426 0.040625 0.195370 0.685400 1920.000000 1080.000000
0 144 0.320833 0.338889 0.040625 0.196296 0.750340 1920.000000 1080.000000
0 145 0.320573 0.338889 0.041146 0.196296 0.798120 1920.000000 1080.000000
0 146 0.320312 0.339815 0.041667 0.196296 0.793430 1920.000000 1080.000000
0 147 0.319531 0.339815 0.042188 0.196296 0.798120 1920.000000 1080.000000
0 148 0.319010 0.340278 0.042188 0.195370 0.797170 1920.000000 1080.000000
0 149 0.318750 0.340741 0.042708 0.196296 0.798120 1920.000000 1080.000000
0 150 0.317969 0.341204 0.043229 0.195370 0.797170 1920.000000 1080.000000
0 151 0.317448 0.341204 0.043229 0.195370 0.801890 1920.000000 1080.000000
0 152 0.317188 0.342130 0.043750 0.195370 0.811210 1920.000000 1080.000000
0 153 0.316146 0.343056 0.043750 0.197222 0.810890 1920.000000 1080.000000
0 154 0.315104 0.344444 0.043750 0.198148 0.809790 1920.000000 1080.000000
0 155 0.314583 0.345833 0.043750 0.199074 0.811270 1920.000000 1080.000000
0 156 0.313542 0.347222 0.043750 0.200000 0.810460 1920.000000 1080.000000
0 157 0.313021 0.349074 0.043750 0.201852 0.809190 1920.000000 1080.000000
0 158 0.312760 0.349537 0.043229 0.202778 0.815580 1920.000000 1080.000000
0 159 0.312500 0.350463 0.042708 0.202778 0.821250 1920.000000 1080.000000
0 160 0.312240 0.350926 0.042188 0.203704 0.827830 1920.000000 1080.000000
0 161 0.311979 0.351852 0.041667 0.203704 0.833750 1920.000000 1080.000000
0 162 0.311719 0.352315 0.041146 0.204630 0.840540 1920.000000 1080.000000
0 163 0.311458 0.353241 0.040625 0.204630 0.846730 1920.000000 1080.000000
0 164 0.311198 0.353704 0.040104 0.205556 0.856790 1920.000000 1080.000000
0 165 0.310937 0.354630 0.039583 0.205556 0.860400 1920.000000 1080.000000
0 166 0.310937 0.356019 0.039583 0.206481 0.860850 1920.000000 1080.000000
0 167 0.311198 0.356019 0.040104 0.206481 0.870880 1920.000000 1080.000000
0 168 0.311719 0.356019 0.041146 0.206481 0.872660 1920.000000 1080.000000
0 169 0.311979 0.356019 0.041667 0.206481 0.875280 1920.000000 1080.000000
0 170 0.312500 0.356019 0.042708 0.206481 0.870480 1920.000000 1080.000000
0 171 0.312760 0.356019 0.043229 0.206481 0.870640 1920.000000 1080.000000
0 172 0.313281 0.356019 0.044271 0.206481 0.862440 1920.000000 1080.000000
0 173 0.314063 0.356019 0.044792 0.206481 0.858940 1920.000000 1080.000000
0 174 0.314063 0.356944 0.044792 0.206481 0.863150 1920.000000 1080.000000
0 175 0.314323 0.358796 0.044271 0.206481 0.863480 1920.000000 1080.000000
0 176 0.314583 0.359722 0.044792 0.206481 0.844830 1920.000000 1080.000000
0 177 0.314844 0.361574 0.044271 0.206481 0.826670 1920.000000 1080.000000
0 178 0.314844 0.362500 0.044271 0.206481 0.812080 1920.000000 1080.000000
0 179 0.315365 0.364352 0.044271 0.206481 0.795940 1920.000000 1080.000000
0 180 0.315365 0.364352 0.044271 0.206481 0.786650 1920.000000 1080.000000
0 181 0.315365 0.365278 0.044271 0.206481 0.774810 1920.000000 1080.000000
0 182 0.315365 0.366204 0.044271 0.206481 0.762980 1920.000000 1080.000000
0 183 0.315365 0.366667 0.044271 0.207407 0.752250 1920.000000 1080.000000
0 184 0.315365 0.367593 0.044271 0.207407 0.740470 1920.000000 1080.000000
0 185 0.315365 0.368519 0.044271 0.207407 0.734780 1920.000000 1080.000000
0 186 0.315365 0.370370 0.044271 0.207407 0.734990 1920.000000 1080.000000
0 187 0.315365 0.372222 0.044271 0.207407 0.735500 1920.000000 1080.000000
0 188 0.315365 0.374074 0.044271 0.207407 0.731680 1920.000000 1080.000000
0 189 0.315365 0.375926 0.044271 0.207407 0.725580 1920.000000 1080.000000
0 190 0.315365 0.377778 0.044271 0.207407 0.719480 1920.000000 1080.000000
0 191 0.315365 0.379630 0.044271 0.207407 0.713390 1920.000000 1080.000000
0 192 0.315365 0.380556 0.044271 0.207407 0.709770 1920.000000 1080.000000
0 193 0.315365 0.382407 0.044271 0.207407 0.703720 1920.000000 1080.000000
0 194 0.315365 0.383333 0.044271 0.207407 0.702840 1920.000000 1080.000000
0 195 0.315625 0.385185 0.044792 0.207407 0.682760 1920.000000 1080.000000
0 196 0.315625 0.387037 0.044792 0.207407 0.673870 1920.000000 1080.000000
0 197 0.315885 0.387963 0.044271 0.207407 0.658500 1920.000000 1080.000000
0 198 0.315885 0.389815 0.044271 0.207407 0.638760 1920.000000 1080.000000
0 199 0.316146 0.391667 0.044792 0.207407 0.604500 1920.000000 1080.000000
0 200 0.316146 0.392593 0.044792 0.207407 0.588200 1920.000000 1080.000000
0 201 0.316146 0.394444 0.044792 0.207407 0.573030 1920.000000 1080.000000
0 202 0.316667 0.396296 0.044792 0.207407 0.544210 1920.000000 1080.000000
0 203 0.316146 0.399074 0.044792 0.207407 0.535890 1920.000000 1080.000000
0 204 0.315625 0.402315 0.044792 0.208333 0.520500 1920.000000 1080.000000
0 205 0.315104 0.405556 0.044792 0.209259 0.509650 1920.000000 1080.000000
0 206 0.314583 0.408796 0.044792 0.210185 0.494300 1920.000000 1080.000000
0 207 0.314063 0.412500 0.044792 0.210185 0.482250 1920.000000 1080.000000
0 208 0.313281 0.414352 0.045312 0.210185 0.484300 1920.000000 1080.000000
0 209 0.312760 0.417130 0.045312 0.210185 0.466560 1920.000000 1080.000000
0 210 0.312240 0.418981 0.045312 0.210185 0.461320 1920.000000 1080.000000
0 211 0.311979 0.421759 0.045833 0.210185 0.452790 1920.000000 1080.000000
0 212 0.311458 0.424537 0.045833 0.210185 0.443380 1920.000000 1080.000000
0 213 0.310937 0.426389 0.045833 0.210185 0.441800 1920.000000 1080.000000
0 214 0.310417 0.429167 0.045833 0.210185 0.432290 1920.000000 1080.000000
0 215 0.310156 0.431944 0.046354 0.210185 0.429090 1920.000000 1080.000000
0 216 0.309635 0.433796 0.046354 0.210185 0.426170 1920.000000 1080.000000
0 217 0.309115 0.436574 0.046354 0.210185 0.421350 1920.000000 1080.000000
0 218 0.308854 0.439352 0.046875 0.210185 0.418020 1920.000000 1080.000000
0 219 0.308854 0.441204 0.046875 0.210185 0.413530 1920.000000 1080.000000
0 220 0.308854 0.443981 0.046875 0.210185 0.408180 1920.000000 1080.000000
0 221 0.308854 0.446759 0.046875 0.210185 0.398790 1920.000000 1080.000000
0 222 0.308854 0.449537 0.046875 0.210185 0.395460 1920.000000 1080.000000
0 223 0.308854 0.452315 0.046875 0.210185 0.383070 1920.000000 1080.000000
0 224 0.308854 0.455093 0.046875 0.210185 0.372860 1920.000000 1080.000000
0 225 0.308854 0.457870 0.046875 0.210185 0.366400 1920.000000 1080.000000
0 226 0.307812 0.460648 0.046875 0.210185 0.365340 1920.000000 1080.000000
0 227 0.307292 0.463426 0.046875 0.210185 0.358440 1920.000000 1080.000000
0 228 0.306250 0.466204 0.046875 0.210185 0.359840 1920.000000 1080.000000
0 229 0.305729 0.468981 0.046875 0.210185 0.352660 1920.000000 1080.000000
0 230 0.305208 0.471759 0.046875 0.210185 0.346490 1920.000000 1080.000000
0 231 0.304167 0.474537 0.046875 0.210185 0.347700 1920.000000 1080.000000
0 232 0.303646 0.477315 0.046875 0.210185 0.339940 1920.000000 1080.000000
0 233 0.303125 0.480093 0.046875 0.210185 0.331980 1920.000000 1080.000000
0 234 0.302083 0.482870 0.046875 0.210185 0.334010 1920.000000 1080.000000
0 235 0.301563 0.485648 0.046875 0.210185 0.325960 1920.000000 1080.000000
0 236 0.301042 0.488426 0.046875 0.210185 0.317810 1920.000000 1080.000000
0 237 0.300260 0.490278 0.047396 0.210185 0.317740 1920.000000 1080.000000
0 238 0.300000 0.492593 0.047917 0.211111 0.312440 1920.000000 1080.000000
0 239 0.299740 0.494907 0.048438 0.212037 0.311010 1920.000000 1080.000000
0 240 0.299219 0.497685 0.048438 0.212037 0.302730 1920.000000 1080.000000
0 241 0.298958 0.499537 0.048958 0.212037 0.297890 1920.000000 1080.000000
0 242 0.298698 0.501852 0.049479 0.212963 0.292480 1920.000000 1080.000000
0 243 0.297917 0.504167 0.050000 0.213889 0.295900 1920.000000 1080.000000
0 244 0.297656 0.506944 0.050521 0.213889 0.286770 1920.000000 1080.000000
0 245 0.297396 0.508796 0.051042 0.213889 0.281960 1920.000000 1080.000000
0 246 0.296875 0.511111 0.051042 0.214815 0.277150 1920.000000 1080.000000
0 247 0.296615 0.513426 0.051562 0.215741 0.270600 1920.000000 1080.000000
0 248 0.296354 0.516204 0.052083 0.215741 0.265760 1920.000000 1080.000000
0 249 0.295312 0.517130 0.052083 0.215741 0.270030 1920.000000 1080.000000
0 250 0.294792 0.518981 0.052083 0.215741 0.265800 1920.000000 1080.000000
0 251 0.294271 0.520833 0.052083 0.215741 0.261060 1920.000000 1080.000000
0 252 0.293750 0.521759 0.052083 0.215741 0.265340 1920.000000 1080.000000
0 253 0.292969 0.523611 0.052604 0.215741 0.255490 1920.000000 1080.000000
0 254 0.292448 0.525463 0.052604 0.215741 0.246350 1920.000000 1080.000000
0 255 0.291927 0.526389 0.052604 0.215741 0.245270 1920.000000 1080.000000
0 256 0.291406 0.528241 0.052604 0.215741 0.235880 1920.000000 1080.000000
0 257 0.290625 0.530093 0.053125 0.215741 0.231140 1920.000000 1080.000000
0 258 0.290104 0.531019 0.053125 0.215741 0.235040 1920.000000 1080.000000
0 259 0.289583 0.532870 0.053125 0.215741 0.235040 1920.000000 1080.000000
0 260 0.289062 0.534722 0.053125 0.215741 0.239320 1920.000000 1080.000000
0 261 0.288021 0.535648 0.053125 0.215741 0.239320 1920.000000 1080.000000
0 262 0.287500 0.536574 0.053125 0.215741 0.239320 1920.000000 1080.000000
0 263 0.286979 0.538426 0.053125 0.215741 0.239320 1920.000000 1080.000000
0 264 0.286458 0.539352 0.053125 0.215741 0.239320 1920.000000 1080.000000
0 265 0.285938 0.541204 0.053125 0.215741 0.235040 1920.000000 1080.000000
0 266 0.285417 0.542130 0.053125 0.215741 0.239320 1920.000000 1080.000000
0 267 0.284896 0.543981 0.053125 0.215741 0.235040 1920.000000 1080.000000
0 268 0.284375 0.544907 0.053125 0.215741 0.235040 1920.000000 1080.000000
0 269 0.283854 0.546759 0.053125 0.215741 0.235040 1920.000000 1080.000000
0 270 0.283333 0.547685 0.053125 0.215741 0.235040 1920.000000 1080.000000
0 271 0.282813 0.549537 0.053125 0.215741 0.230770 1920.000000 1080.000000
0 272 0.281771 0.550463 0.053125 0.215741 0.235040 1920.000000 1080.000000
0 273 0.280729 0.551389 0.053125 0.215741 0.235040 1920.000000 1080.000000
0 274 0.280208 0.553241 0.053125 0.215741 0.230770 1920.000000 1080.000000
0 275 0.279167 0.554167 0.053125 0.215741 0.235040 1920.000000 1080.000000
0 276 0.278646 0.555093 0.053125 0.215741 0.235040 1920.000000 1080.000000
0 277 0.277604 0.556944 0.053125 0.215741 0.235040 1920.000000 1080.000000
0 278 0.277083 0.557870 0.053125 0.215741 0.235040 1920.000000 1080.000000
0 279 0.276042 0.559722 0.053125 0.215741 0.235040 1920.000000 1080.000000
0 280 0.275521 0.560648 0.053125 0.215741 0.235040 1920.000000 1080.000000
0 281 0.274479 0.561574 0.053125 0.215741 0.239320 1920.000000 1080.000000
0 282 0.273958 0.563426 0.053125 0.215741 0.235040 1920.000000 1080.000000
0 283 0.272917 0.564352 0.053125 0.215741 0.239320 1920.000000 1080.000000
0 284 0.272396 0.566204 0.053125 0.215741 0.235040 1920.000000 1080.000000
0 285 0.271094 0.567130 0.053646 0.217593 0.241530 1920.000000 1080.000000
0 286 0.270052 0.568519 0.053646 0.218519 0.240510 1920.000000 1080.000000
0 287 0.269010 0.569907 0.054688 0.219444 0.243700 1920.000000 1080.000000
0 288 0.267969 0.571296 0.054688 0.220370 0.242680 1920.000000 1080.000000
0 289 0.266927 0.572222 0.055729 0.222222 0.248960 1920.000000 1080.000000
0 290 0.265885 0.574074 0.055729 0.224074 0.246910 1920.000000 1080.000000
0 291 0.264844 0.575463 0.055729 0.225000 0.245900 1920.000000 1080.000000
0 292 0.263802 0.576852 0.056771 0.225926 0.244900 1920.000000 1080.000000
0 293 0.262760 0.577778 0.056771 0.227778 0.246960 1920.000000 1080.000000
0 294 0.261719 0.579167 0.057813 0.228704 0.245970 1920.000000 1080.000000
0 295 0.260677 0.580556 0.057813 0.229630 0.244980 1920.000000 1080.000000
0 296 0.259896 0.582407 0.058333 0.231481 0.243030 1920.000000 1080.000000
0 297 0.258594 0.582407 0.057813 0.231481 0.247010 1920.000000 1080.000000
0 298 0.257552 0.583333 0.057813 0.231481 0.247010 1920.000000 1080.000000
0 299 0.256771 0.584259 0.057292 0.231481 0.247010 1920.000000 1080.000000
0 300 0.255729 0.585185 0.057292 0.231481 0.247010 1920.000000 1080.000000
0 301 0.254948 0.586111 0.056771 0.231481 0.247010 1920.000000 1080.000000
0 302 0.253906 0.587037 0.056771 0.231481 0.247010 1920.000000 1080.000000
0 303 0.252865 0.587963 0.055729 0.231481 0.247010 1920.000000 1080.000000
0 304 0.251823 0.588889 0.055729 0.231481 0.247010 1920.000000 1080.000000
0 305 0.251042 0.589815 0.055208 0.231481 0.239040 1920.000000 1080.000000
0 306 0.250000 0.590741 0.055208 0.231481 0.231080 1920.000000 1080.000000
0 307 0.249219 0.591667 0.054688 0.231481 0.223110 1920.000000 1080.000000
0 308 0.248177 0.592593 0.054688 0.231481 0.219120 1920.000000 1080.000000
0 309 0.247396 0.593519 0.054167 0.231481 0.219120 1920.000000 1080.000000
0 310 0.245573 0.593519 0.054688 0.231481 0.227090 1920.000000 1080.000000
0 311 0.244010 0.594444 0.055729 0.231481 0.231080 1920.000000 1080.000000
0 312 0.242448 0.595370 0.055729 0.231481 0.231080 1920.000000 1080.000000
0 313 0.240885 0.596296 0.056771 0.231481 0.235060 1920.000000 1080.000000
0 314 0.239063 0.597222 0.057292 0.231481 0.239040 1920.000000 1080.000000
0 315 0.237760 0.597222 0.057813 0.231481 0.248470 1920.000000 1080.000000
0 316 0.235937 0.598148 0.058333 0.231481 0.247010 1920.000000 1080.000000
0 317 0.234375 0.599074 0.059375 0.231481 0.252380 1920.000000 1080.000000
0 318 0.232813 0.600000 0.059375 0.231481 0.256370 1920.000000 1080.000000
0 319 0.231250 0.600926 0.060417 0.231481 0.261690 1920.000000 1080.000000
0 320 0.229948 0.601852 0.060937 0.231481 0.261800 1920.000000 1080.000000
0 321 0.228385 0.604167 0.060937 0.234259 0.267550 1920.000000 1080.000000
0 322 0.227344 0.606481 0.060937 0.237037 0.274650 1920.000000 1080.000000
0 323 0.226302 0.609259 0.060937 0.240741 0.274500 1920.000000 1080.000000
0 324 0.225260 0.612037 0.060937 0.242593 0.275180 1920.000000 1080.000000
0 325 0.224219 0.614815 0.060937 0.246296 0.268010 1920.000000 1080.000000
0 326 0.222656 0.617130 0.060937 0.249074 0.263840 1920.000000 1080.000000
0 327 0.221615 0.619907 0.060937 0.250926 0.254740 1920.000000 1080.000000
0 328 0.220573 0.622685 0.060937 0.254630 0.252430 1920.000000 1080.000000
0 329 0.219531 0.625000 0.060937 0.257407 0.254420 1920.000000 1080.000000
0 330 0.218490 0.628241 0.060937 0.260185 0.249490 1920.000000 1080.000000
0 331 0.216927 0.627778 0.060937 0.257407 0.252450 1920.000000 1080.000000
0 332 0.215365 0.627778 0.060937 0.253704 0.255840 1920.000000 1080.000000
0 333 0.213802 0.627315 0.060937 0.250926 0.258940 1920.000000 1080.000000
0 334 0.212240 0.627315 0.060937 0.247222 0.259080 1920.000000 1080.000000
0 335 0.210677 0.626852 0.060937 0.244444 0.265780 1920.000000 1080.000000
0 336 0.209115 0.626852 0.060937 0.240741 0.274820 1920.000000 1080.000000
0 337 0.207552 0.626389 0.060937 0.237963 0.286490 1920.000000 1080.000000
0 338 0.205990 0.626389 0.060937 0.234259 0.295940 1920.000000 1080.000000
0 339 0.204948 0.626852 0.060937 0.231481 0.305760 1920.000000 1080.000000
0 340 0.203385 0.628241 0.060937 0.232407 0.312820 1920.000000 1080.000000
0 341 0.202344 0.630556 0.060937 0.233333 0.317510 1920.000000 1080.000000
0 342 0.200781 0.632870 0.060937 0.234259 0.319630 1920.000000 1080.000000
0 343 0.199740 0.634722 0.060937 0.236111 0.323660 1920.000000 1080.000000
0 344 0.198437 0.637037 0.061458 0.237037 0.325410 1920.000000 1080.000000
0 345 0.197135 0.639352 0.060937 0.237963 0.324660 1920.000000 1080.000000
0 346 0.195833 0.641667 0.061458 0.238889 0.326430 1920.000000 1080.000000
0 347 0.194792 0.643519 0.061458 0.240741 0.329340 1920.000000 1080.000000
0 348 0.193229 0.645833 0.061458 0.241667 0.330140 1920.000000 1080.000000
0 349 0.192188 0.648148 0.061458 0.242593 0.330930 1920.000000 1080.000000
0 350 0.191146 0.650463 0.061458 0.243519 0.323590 1920.000000 1080.000000
0 351 0.189583 0.653704 0.061458 0.248148 0.316300 1920.000000 1080.000000
0 352 0.188281 0.657407 0.060937 0.253704 0.323760 1920.000000 1080.000000
0 353 0.186719 0.661574 0.060937 0.258333 0.321000 1920.000000 1080.000000
0 354 0.185677 0.664815 0.060937 0.262963 0.327560 1920.000000 1080.000000
0 355 0.184115 0.668981 0.060937 0.267593 0.329920 1920.000000 1080.000000
0 356 0.182812 0.672685 0.060417 0.273148 0.320220 1920.000000 1080.000000
0 357 0.181510 0.675926 0.060937 0.277778 0.313870 1920.000000 1080.000000
0 358 0.180208 0.680093 0.060417 0.282407 0.302300 1920.000000 1080.000000
0 359 0.178646 0.683796 0.060417 0.287963 0.296680 1920.000000 1080.000000
0 360 0.177604 0.687963 0.060417 0.292593 0.285120 1920.000000 1080.000000
0 361 0.176042 0.689352 0.060417 0.293519 0.284630 1920.000000 1080.000000
0 362 0.174479 0.691667 0.060417 0.294444 0.285210 1920.000000 1080.000000
0 363 0.173177 0.693981 0.060937 0.295370 0.291950 1920.000000 1080.000000
0 364 0.171615 0.696296 0.060937 0.296296 0.298540 1920.000000 1080.000000
0 365 0.170313 0.698611 0.061458 0.297222 0.303800 1920.000000 1080.000000
0 366 0.169010 0.700926 0.060937 0.298148 0.303560 1920.000000 1080.000000
0 367 0.167448 0.703241 0.060937 0.299074 0.305140 1920.000000 1080.000000
0 368 0.166146 0.705556 0.061458 0.300000 0.306270 1920.000000 1080.000000
0 369 0.164583 0.707407 0.061458 0.300000 0.306790 1920.000000 1080.000000
0 370 0.163281 0.709722 0.061979 0.300926 0.307900 1920.000000 1080.000000
0 371 0.161719 0.712037 0.061979 0.301852 0.310650 1920.000000 1080.000000
0 372 0.160417 0.714352 0.061458 0.302778 0.317710 1920.000000 1080.000000
0 373 0.159115 0.716667 0.061979 0.303704 0.321810 1920.000000 1080.000000
0 374 0.157552 0.718981 0.061979 0.304630 0.323860 1920.000000 1080.000000
0 375 0.156250 0.721296 0.062500 0.305556 0.332750 1920.000000 1080.000000
0 376 0.154688 0.723611 0.062500 0.306481 0.322460 1920.000000 1080.000000
0 377 0.153646 0.725926 0.062500 0.307407 0.324400 1920.000000 1080.000000
0 378 0.152344 0.727778 0.063021 0.309259 0.327580 1920.000000 1080.000000
0 379 0.151042 0.730093 0.063542 0.310185 0.328830 1920.000000 1080.000000
0 380 0.149740 0.732407 0.064062 0.311111 0.330050 1920.000000 1080.000000
0 381 0.148438 0.734722 0.064583 0.312037 0.330840 1920.000000 1080.000000
0 382 0.147396 0.737500 0.064583 0.313889 0.331410 1920.000000 1080.000000
0 383 0.146094 0.739815 0.065104 0.314815 0.332450 1920.000000 1080.000000
0 384 0.145052 0.741667 0.066146 0.316667 0.336730 1920.000000 1080.000000
0 385 0.143750 0.743981 0.066667 0.317593 0.338630 1920.000000 1080.000000
0 386 0.142708 0.746759 0.066667 0.319444 0.341440 1920.000000 1080.000000
0 387 0.141406 0.749074 0.067187 0.320370 0.343380 1920.000000 1080.000000
0 388 0.140104 0.751389 0.067708 0.321296 0.346650 1920.000000 1080.000000
0 389 0.138802 0.753704 0.068229 0.322222 0.347660 1920.000000 1080.000000
0 390 0.138021 0.756481 0.068750 0.324074 0.349210 1920.000000 1080.000000
0 391 0.136458 0.757407 0.068750 0.324074 0.354630 1920.000000 1080.000000
0 392 0.134896 0.759259 0.068750 0.324074 0.356750 1920.000000 1080.000000
0 393 0.133854 0.761111 0.068750 0.324074 0.360300 1920.000000 1080.000000
0 394 0.132292 0.762963 0.068750 0.324074 0.361440 1920.000000 1080.000000
0 395 0.131250 0.764815 0.068750 0.324074 0.365040 1920.000000 1080.000000
0 396 0.129688 0.766667 0.068750 0.324074 0.367050 1920.000000 1080.000000
0 397 0.128646 0.768519 0.068750 0.324074 0.370820 1920.000000 1080.000000
0 398 0.127083 0.770370 0.068750 0.324074 0.373560 1920.000000 1080.000000
0 399 0.126042 0.772222 0.068750 0.324074 0.377350 1920.000000 1080.000000
0 400 0.124479 0.773148 0.068750 0.324074 0.383990 1920.000000 1080.000000
0 401 0.123438 0.775000 0.068750 0.324074 0.388730 1920.000000 1080.000000
0 402 0.121875 0.776852 0.068750 0.324074 0.390630 1920.000000 1080.000000
0 403 0.120833 0.778704 0.068750 0.324074 0.393460 1920.000000 1080.000000
0 404 0.119271 0.780556 0.068750 0.324074 0.394360 1920.000000 1080.000000
0 405 0.118229 0.782407 0.068750 0.324074 0.397060 1920.000000 1080.000000
0 406 0.116667 0.784259 0.068750 0.324074 0.399970 1920.000000 1080.000000
0 407 0.115625 0.786111 0.068750 0.324074 0.401710 1920.000000 1080.000000
0 408 0.114062 0.787963 0.068750 0.324074 0.403400 1920.000000 1080.000000
0 409 0.113021 0.789815 0.068750 0.324074 0.405050 1920.000000 1080.000000
0 410 0.111458 0.791667 0.068750 0.324074 0.407130 1920.000000 1080.000000
0 411 0.109896 0.793519 0.068750 0.324074 0.409980 1920.000000 1080.000000
0 412 0.108854 0.795370 0.068750 0.324074 0.412960 1920.000000 1080.000000
0 413 0.107292 0.797222 0.068750 0.324074 0.417900 1920.000000 1080.000000
0 414 0.105990 0.799074 0.069271 0.324074 0.420250 1920.000000 1080.000000
0 415 0.104688 0.800926 0.068750 0.324074 0.425920 1920.000000 1080.000000
0 416 0.103385 0.802778 0.069271 0.324074 0.428290 1920.000000 1080.000000
0 417 0.102083 0.805556 0.068750 0.324074 0.431160 1920.000000 1080.000000
0 418 0.100521 0.807407 0.068750 0.324074 0.431160 1920.000000 1080.000000
0 419 0.099219 0.809259 0.069271 0.324074 0.432110 1920.000000 1080.000000
0 420 0.097917 0.811111 0.068750 0.324074 0.435020 1920.000000 1080.000000
0 421 0.096615 0.812963 0.069271 0.324074 0.435940 1920.000000 1080.000000
0 422 0.095052 0.814815 0.069271 0.324074 0.435660 1920.000000 1080.000000
0 423 0.094010 0.816667 0.069271 0.324074 0.437560 1920.000000 1080.000000
0 424 0.092448 0.818519 0.069271 0.324074 0.436410 1920.000000 1080.000000
0 425 0.091406 0.821296 0.069271 0.324074 0.434200 1920.000000 1080.000000
0 426 0.090365 0.822222 0.069271 0.322222 0.438650 1920.000000 1080.000000
0 427 0.089583 0.824074 0.069792 0.320370 0.437630 1920.000000 1080.000000
0 428 0.088802 0.825926 0.070312 0.318519 0.435950 1920.000000 1080.000000
0 429 0.088281 0.827778 0.070312 0.316667 0.434770 1920.000000 1080.000000
0 430 0.087240 0.829167 0.070312 0.313889 0.432700 1920.000000 1080.000000
0 431 0.086458 0.831019 0.070833 0.312037 0.429790 1920.000000 1080.000000
0 432 0.085677 0.832870 0.071354 0.310185 0.427710 1920.000000 1080.000000
0 433 0.085156 0.834722 0.071354 0.308333 0.425020 1920.000000 1080.000000
0 434 0.084115 0.836111 0.071354 0.305556 0.423070 1920.000000 1080.000000
0 435 0.083333 0.837963 0.071875 0.303704 0.421790 1920.000000 1080.000000
0 436 0.082812 0.839815 0.071875 0.301852 0.423730 1920.000000 1080.000000
0 437 0.082031 0.841667 0.072396 0.300000 0.426840 1920.000000 1080.000000
0 438 0.081250 0.843519 0.072917 0.298148 0.428390 1920.000000 1080.000000
0 439 0.080208 0.844907 0.072917 0.295370 0.432760 1920.000000 1080.000000
0 440 0.079687 0.846759 0.072917 0.293519 0.434140 1920.000000 1080.000000
0 441 0.078906 0.848611 0.073438 0.291667 0.436890 1920.000000 1080.000000
0 442 0.078125 0.850463 0.073958 0.289815 0.438070 1920.000000 1080.000000
0 443 0.077083 0.851852 0.073958 0.287037 0.444630 1920.000000 1080.000000
0 444 0.076563 0.853704 0.073958 0.285185 0.442870 1920.000000 1080.000000
0 445 0.075781 0.855556 0.074479 0.283333 0.442180 1920.000000 1080.000000
0 446 0.075000 0.857407 0.075000 0.281481 0.441220 1920.000000 1080.000000
0 447 0.074479 0.859259 0.075000 0.279630 0.439600 1920.000000 1080.000000
0 448 0.072917 0.860185 0.075000 0.277778 0.443990 1920.000000 1080.000000
0 449 0.071875 0.861574 0.075000 0.275000 0.441960 1920.000000 1080.000000
0 450 0.070312 0.862963 0.075000 0.272222 0.443160 1920.000000 1080.000000
0 451 0.069271 0.863889 0.075000 0.270370 0.444770 1920.000000 1080.000000
0 452 0.068229 0.865278 0.075000 0.267593 0.444590 1920.000000 1080.000000
0 453 0.066667 0.867130 0.075000 0.265741 0.446120 1920.000000 1080.000000
0 454 0.065625 0.868056 0.075000 0.263889 0.451190 1920.000000 1080.000000
0 455 0.064583 0.869444 0.075000 0.261111 0.455880 1920.000000 1080.000000
0 456 0.063021 0.870833 0.075000 0.258333 0.460640 1920.000000 1080.000000
0 457 0.061979 0.872222 0.075000 0.255556 0.465230 1920.000000 1080.000000
0 458 0.060937 0.873148 0.075000 0.253704 0.470170 1920.000000 1080.000000
0 459 0.059375 0.875000 0.075000 0.251852 0.618320 1920.000000 1080.000000
0 460 0.058333 0.876389 0.075000 0.249074 0.612110 1920.000000 1080.000000
0 461 0.057292 0.877315 0.075000 0.247222 0.607540 1920.000000 1080.000000
0 462 0.055729 0.878704 0.075000 0.244444 0.605960 1920.000000 1080.000000
0 463 0.054688 0.880093 0.075000 0.241667 0.600290 1920.000000 1080.000000
0 464 0.053646 0.881481 0.075000 0.238889 0.594810 1920.000000 1080.000000
0 465 0.052344 0.882870 0.074479 0.236111 0.590870 1920.000000 1080.000000
0 466 0.051302 0.884259 0.074479 0.233333 0.585720 1920.000000 1080.000000
0 467 0.050521 0.885648 0.073958 0.230556 0.577870 1920.000000 1080.000000
0 468 0.049479 0.887037 0.073958 0.227778 0.573120 1920.000000 1080.000000
0 469 0.048698 0.888426 0.073438 0.225000 0.554290 1920.000000 1080.000000
0 470 0.047656 0.889815 0.073438 0.222222 0.538510 1920.000000 1080.000000
0 471 0.046354 0.891667 0.072917 0.218519 0.525000 1920.000000 1080.000000
0 472 0.045573 0.893056 0.072396 0.215741 0.510010 1920.000000 1080.000000
0 473 0.044531 0.894444 0.072396 0.212963 0.498050 1920.000000 1080.000000
0 474 0.043750 0.895833 0.071875 0.210185 0.478920 1920.000000 1080.000000
0 475 0.042708 0.897222 0.071875 0.207407 0.467590 1920.000000 1080.000000
0 476 0.041927 0.898611 0.071354 0.204630 0.452600 1920.000000 1080.000000
0 477 0.040625 0.900463 0.070833 0.200926 0.439430 1920.000000 1080.000000
0 478 0.039583 0.901852 0.070833 0.198148 0.448990 1920.000000 1080.000000
0 479 0.038802 0.903241 0.070312 0.195370 0.995280 1920.000000 1080.000000
0 480 0.037760 0.904630 0.070312 0.192593 0.995220 1920.000000 1080.000000
0 481 0.036979 0.906019 0.069792 0.189815 0.995150 1920.000000 1080.000000
0 482 0.035937 0.907407 0.069792 0.187037 0.995070 1920.000000 1080.000000
0 483 0.035156 0.909259 0.069271 0.183333 0.994970 1920.000000 1080.000000
0 484 0.034375 0.910648 0.067708 0.180556 0.994900 1920.000000 1080.000000
0 485 0.033854 0.912037 0.066667 0.177778 0.994820 1920.000000 1080.000000
0 486 0.033333 0.913426 0.065625 0.175000 0.994740 1920.000000 1080.000000
0 487 0.032813 0.914815 0.064583 0.172222 0.994650 1920.000000 1080.000000
0 488 0.032292 0.916204 0.063542 0.169444 0.994570 1920.000000 1080.000000
0 489 0.031771 0.917593 0.062500 0.166667 0.994480 1920.000000 1080.000000
0 490 0.031250 0.918981 0.061458 0.163889 0.994380 1920.000000 1080.000000
0 491 0.030729 0.920370 0.060417 0.161111 0.994290 1920.000000 1080.000000
0 492 0.030208 0.921759 0.059375 0.158333 0.994190 1920.000000 1080.000000
0 493 0.029687 0.923148 0.058333 0.155556 0.994080 1920.000000 1080.000000
0 494 0.029167 0.924537 0.057292 0.152778 0.993980 1920.000000 1080.000000
0 495 0.028646 0.925926 0.056250 0.150000 0.993870 1920.000000 1080.000000
0 496 0.028125 0.927315 0.055208 0.147222 0.993750 1920.000000 1080.000000
0 497 0.027604 0.928704 0.054167 0.144444 0.993630 1920.000000 1080.000000
