0 224 0.259896 0.210648 0.028125 0.132407 0.005303 1920.000000 1080.000000
0 225 0.260417 0.212500 0.028125 0.132407 0.009470 1920.000000 1080.000000
0 226 0.261198 0.214352 0.028646 0.132407 0.015129 1920.000000 1080.000000
0 227 0.261979 0.217130 0.029167 0.132407 0.022904 1920.000000 1080.000000
0 228 0.262760 0.218981 0.029687 0.132407 0.026820 1920.000000 1080.000000
0 229 0.263542 0.221296 0.030208 0.131481 0.033543 1920.000000 1080.000000
0 230 0.264062 0.223611 0.030208 0.132407 0.038136 1920.000000 1080.000000
0 231 0.264844 0.225926 0.030729 0.131481 0.042424 1920.000000 1080.000000
0 232 0.265625 0.227778 0.031250 0.131481 0.050556 1920.000000 1080.000000
0 233 0.266406 0.230556 0.031771 0.131481 0.057861 1920.000000 1080.000000
0 234 0.267188 0.232407 0.032292 0.131481 0.066933 1920.000000 1080.000000
0 235 0.268229 0.235185 0.032292 0.131481 0.074481 1920.000000 1080.000000
0 236 0.268490 0.236111 0.032813 0.131481 0.078671 1920.000000 1080.000000
0 237 0.269010 0.237037 0.032813 0.131481 0.078562 1920.000000 1080.000000
0 238 0.269792 0.238889 0.033333 0.131481 0.086498 1920.000000 1080.000000
0 239 0.270313 0.239815 0.033333 0.131481 0.087144 1920.000000 1080.000000
0 240 0.270833 0.240741 0.034375 0.131481 0.090492 1920.000000 1080.000000
0 241 0.271354 0.242593 0.034375 0.131481 0.092892 1920.000000 1080.000000
0 242 0.272135 0.243519 0.034896 0.131481 0.093891 1920.000000 1080.000000
0 243 0.272656 0.244444 0.034896 0.131481 0.099753 1920.000000 1080.000000
0 244 0.273438 0.246296 0.035417 0.131481 0.110670 1920.000000 1080.000000
0 245 0.273958 0.246296 0.035417 0.131481 0.113610 1920.000000 1080.000000
0 246 0.275000 0.247222 0.035417 0.131481 0.123850 1920.000000 1080.000000
0 247 0.276042 0.247222 0.035417 0.131481 0.129730 1920.000000 1080.000000
0 248 0.277083 0.248148 0.035417 0.131481 0.139860 1920.000000 1080.000000
0 249 0.278125 0.249074 0.035417 0.131481 0.151110 1920.000000 1080.000000
0 250 0.279167 0.249074 0.035417 0.131481 0.157700 1920.000000 1080.000000
0 251 0.279687 0.250000 0.035417 0.131481 0.166010 1920.000000 1080.000000
0 252 0.280729 0.250000 0.035417 0.131481 0.173610 1920.000000 1080.000000
0 253 0.281771 0.250926 0.035417 0.131481 0.178980 1920.000000 1080.000000
0 254 0.282813 0.251852 0.035417 0.131481 0.191040 1920.000000 1080.000000
0 255 0.283854 0.251852 0.035417 0.131481 0.202700 1920.000000 1080.000000
0 256 0.284896 0.252778 0.035417 0.131481 0.218710 1920.000000 1080.000000
0 257 0.285938 0.253704 0.035417 0.131481 0.233400 1920.000000 1080.000000
0 258 0.286198 0.254167 0.034896 0.132407 0.238360 1920.000000 1080.000000
0 259 0.286719 0.255093 0.034896 0.132407 0.246530 1920.000000 1080.000000
0 260 0.287240 0.255556 0.034896 0.133333 0.254460 1920.000000 1080.000000
0 261 0.287760 0.256481 0.034896 0.133333 0.263890 1920.000000 1080.000000
0 262 0.288542 0.257407 0.034375 0.135185 0.273730 1920.000000 1080.000000
0 263 0.288802 0.258333 0.033854 0.135185 0.275820 1920.000000 1080.000000
0 264 0.289323 0.258796 0.033854 0.136111 0.283990 1920.000000 1080.000000
0 265 0.289844 0.259722 0.033854 0.136111 0.293410 1920.000000 1080.000000
0 266 0.290365 0.260185 0.033854 0.137037 0.302620 1920.000000 1080.000000
0 267 0.291146 0.261574 0.033333 0.137963 0.317330 1920.000000 1080.000000
0 268 0.291406 0.261574 0.032813 0.137963 0.318850 1920.000000 1080.000000
0 269 0.291927 0.261574 0.032813 0.137963 0.323540 1920.000000 1080.000000
0 270 0.292448 0.261574 0.032813 0.137963 0.329790 1920.000000 1080.000000
0 271 0.292969 0.261574 0.032813 0.137963 0.334580 1920.000000 1080.000000
0 272 0.293490 0.262500 0.032813 0.137963 0.344370 1920.000000 1080.000000
0 273 0.294010 0.262500 0.032813 0.137963 0.345000 1920.000000 1080.000000
0 274 0.294792 0.262500 0.032292 0.137963 0.352380 1920.000000 1080.000000
0 275 0.295312 0.262500 0.032292 0.137963 0.356190 1920.000000 1080.000000
0 276 0.295833 0.262500 0.032292 0.137963 0.360950 1920.000000 1080.000000
0 277 0.296354 0.263426 0.032292 0.137963 0.373540 1920.000000 1080.000000
0 278 0.296875 0.263426 0.032292 0.137963 0.378310 1920.000000 1080.000000
0 279 0.297396 0.263426 0.032292 0.137963 0.382220 1920.000000 1080.000000
0 280 0.297917 0.263426 0.032292 0.137963 0.390160 1920.000000 1080.000000
0 281 0.298698 0.264352 0.031771 0.137963 0.402370 1920.000000 1080.000000
0 282 0.298698 0.264352 0.031771 0.137963 0.403010 1920.000000 1080.000000
0 283 0.299219 0.264352 0.031771 0.137963 0.403330 1920.000000 1080.000000
0 284 0.299740 0.264352 0.031771 0.137963 0.411180 1920.000000 1080.000000
0 285 0.299740 0.265278 0.031771 0.137963 0.417200 1920.000000 1080.000000
0 286 0.300260 0.265278 0.031771 0.137963 0.422150 1920.000000 1080.000000
0 287 0.300781 0.265278 0.031771 0.137963 0.429680 1920.000000 1080.000000
0 288 0.301302 0.265278 0.031771 0.137963 0.435050 1920.000000 1080.000000
0 289 0.301302 0.266204 0.031771 0.137963 0.440750 1920.000000 1080.000000
0 290 0.301823 0.266204 0.031771 0.137963 0.445810 1920.000000 1080.000000
0 291 0.302344 0.266204 0.031771 0.137963 0.453760 1920.000000 1080.000000
0 292 0.302865 0.267130 0.031771 0.137963 0.464950 1920.000000 1080.000000
0 293 0.302865 0.266204 0.031771 0.137963 0.455700 1920.000000 1080.000000
0 294 0.303125 0.266204 0.032292 0.137963 0.465080 1920.000000 1080.000000
0 295 0.303646 0.266204 0.032292 0.137963 0.470480 1920.000000 1080.000000
0 296 0.303906 0.266204 0.032813 0.137963 0.467920 1920.000000 1080.000000
0 297 0.303906 0.266204 0.032813 0.137963 0.467920 1920.000000 1080.000000
0 298 0.304427 0.266204 0.032813 0.137963 0.476250 1920.000000 1080.000000
0 299 0.304688 0.265741 0.033333 0.137037 0.473000 1920.000000 1080.000000
0 300 0.305208 0.265741 0.033333 0.137037 0.477440 1920.000000 1080.000000
0 301 0.305208 0.265741 0.033333 0.137037 0.476820 1920.000000 1080.000000
0 302 0.305469 0.265741 0.033854 0.137037 0.478750 1920.000000 1080.000000
0 303 0.305990 0.265741 0.033854 0.137037 0.483220 1920.000000 1080.000000
0 304 0.306250 0.265741 0.034375 0.137037 0.480620 1920.000000 1080.000000
0 305 0.306771 0.265741 0.034375 0.137037 0.491740 1920.000000 1080.000000
0 306 0.306771 0.265741 0.034375 0.137037 0.487330 1920.000000 1080.000000
0 307 0.306771 0.266204 0.034375 0.137963 0.490750 1920.000000 1080.000000
0 308 0.306771 0.266204 0.034375 0.137963 0.494630 1920.000000 1080.000000
0 309 0.307292 0.266667 0.034375 0.138889 0.497970 1920.000000 1080.000000
0 310 0.307292 0.267130 0.034375 0.137963 0.501290 1920.000000 1080.000000
0 311 0.307292 0.267593 0.034375 0.138889 0.503010 1920.000000 1080.000000
0 312 0.307812 0.267593 0.034375 0.138889 0.511220 1920.000000 1080.000000
0 313 0.307812 0.268056 0.034375 0.139815 0.514430 1920.000000 1080.000000
0 314 0.307812 0.268519 0.034375 0.138889 0.513390 1920.000000 1080.000000
0 315 0.308333 0.268981 0.034375 0.139815 0.521010 1920.000000 1080.000000
0 316 0.308333 0.268981 0.034375 0.139815 0.520330 1920.000000 1080.000000
0 317 0.308333 0.269444 0.034375 0.140741 0.526290 1920.000000 1080.000000
0 318 0.308854 0.270370 0.034375 0.140741 0.537220 1920.000000 1080.000000
0 319 0.308854 0.270370 0.034375 0.140741 0.537220 1920.000000 1080.000000
0 320 0.309115 0.270833 0.033854 0.141667 0.542800 1920.000000 1080.000000
0 321 0.309375 0.271296 0.034375 0.140741 0.550780 1920.000000 1080.000000
0 322 0.309635 0.271759 0.033854 0.141667 0.556280 1920.000000 1080.000000
0 323 0.309635 0.271759 0.033854 0.141667 0.556280 1920.000000 1080.000000
0 324 0.310156 0.272685 0.033854 0.141667 0.567100 1920.000000 1080.000000
0 325 0.310156 0.272685 0.033854 0.141667 0.565330 1920.000000 1080.000000
0 326 0.310677 0.273611 0.033854 0.141667 0.576050 1920.000000 1080.000000
0 327 0.310677 0.273611 0.033854 0.141667 0.576050 1920.000000 1080.000000
0 328 0.310937 0.274074 0.033333 0.142593 0.581440 1920.000000 1080.000000
0 329 0.311198 0.274537 0.033854 0.141667 0.589140 1920.000000 1080.000000
0 330 0.311458 0.275000 0.033333 0.142593 0.594440 1920.000000 1080.000000
0 331 0.311979 0.275926 0.033333 0.142593 0.605060 1920.000000 1080.000000
0 332 0.311458 0.275926 0.033333 0.142593 0.600890 1920.000000 1080.000000
0 333 0.311458 0.276389 0.033333 0.143519 0.599310 1920.000000 1080.000000
0 334 0.311458 0.276852 0.033333 0.144444 0.604210 1920.000000 1080.000000
0 335 0.311458 0.277778 0.033333 0.144444 0.610580 1920.000000 1080.000000
0 336 0.311458 0.277778 0.033333 0.144444 0.610580 1920.000000 1080.000000
0 337 0.311458 0.278241 0.033333 0.145370 0.613050 1920.000000 1080.000000
0 338 0.311198 0.278704 0.033854 0.146296 0.615400 1920.000000 1080.000000
0 339 0.311198 0.279630 0.033854 0.146296 0.621690 1920.000000 1080.000000
0 340 0.311198 0.279630 0.033854 0.146296 0.621690 1920.000000 1080.000000
0 341 0.311198 0.280093 0.033854 0.147222 0.624050 1920.000000 1080.000000
0 342 0.311198 0.280556 0.033854 0.148148 0.625070 1920.000000 1080.000000
0 343 0.311198 0.281481 0.033854 0.148148 0.631280 1920.000000 1080.000000
0 344 0.311198 0.281481 0.033854 0.148148 0.631280 1920.000000 1080.000000
0 345 0.311458 0.282407 0.033333 0.148148 0.639750 1920.000000 1080.000000
0 346 0.311719 0.282407 0.033854 0.148148 0.643520 1920.000000 1080.000000
0 347 0.311979 0.283333 0.033333 0.148148 0.651980 1920.000000 1080.000000
0 348 0.312240 0.283333 0.033854 0.148148 0.653300 1920.000000 1080.000000
0 349 0.312500 0.284259 0.033333 0.148148 0.661830 1920.000000 1080.000000
0 350 0.312500 0.285185 0.033333 0.148148 0.664410 1920.000000 1080.000000
0 351 0.313021 0.285185 0.033333 0.148148 0.670230 1920.000000 1080.000000
0 352 0.313021 0.286111 0.033333 0.148148 0.672910 1920.000000 1080.000000
0 353 0.313542 0.286111 0.033333 0.148148 0.672910 1920.000000 1080.000000
0 354 0.313542 0.287037 0.033333 0.148148 0.681410 1920.000000 1080.000000
0 355 0.314063 0.287963 0.033333 0.148148 0.687630 1920.000000 1080.000000
0 356 0.314063 0.287963 0.033333 0.148148 0.684190 1920.000000 1080.000000
0 357 0.314063 0.288889 0.033333 0.148148 0.686960 1920.000000 1080.000000
0 358 0.314063 0.289815 0.033333 0.148148 0.695650 1920.000000 1080.000000
0 359 0.314063 0.289815 0.033333 0.148148 0.692310 1920.000000 1080.000000
0 360 0.314063 0.290741 0.033333 0.148148 0.695170 1920.000000 1080.000000
0 361 0.314063 0.291667 0.033333 0.148148 0.698040 1920.000000 1080.000000
0 362 0.314063 0.291667 0.033333 0.148148 0.698040 1920.000000 1080.000000
0 363 0.314063 0.292593 0.033333 0.148148 0.704250 1920.000000 1080.000000
0 364 0.314063 0.293519 0.033333 0.148148 0.710460 1920.000000 1080.000000
0 365 0.314063 0.293519 0.033333 0.148148 0.707120 1920.000000 1080.000000
0 366 0.314063 0.294444 0.033333 0.148148 0.713330 1920.000000 1080.000000
0 367 0.314063 0.295370 0.033333 0.148148 0.719540 1920.000000 1080.000000
0 368 0.314063 0.295370 0.033333 0.148148 0.716200 1920.000000 1080.000000
0 369 0.314063 0.296296 0.033333 0.148148 0.722410 1920.000000 1080.000000
0 370 0.314063 0.297222 0.033333 0.148148 0.728620 1920.000000 1080.000000
0 371 0.314063 0.297222 0.033333 0.148148 0.728620 1920.000000 1080.000000
0 372 0.314583 0.298148 0.033333 0.148148 0.734830 1920.000000 1080.000000
0 373 0.314583 0.299074 0.033333 0.148148 0.741040 1920.000000 1080.000000
0 374 0.314583 0.299074 0.033333 0.148148 0.741040 1920.000000 1080.000000
0 375 0.314583 0.300000 0.033333 0.148148 0.743910 1920.000000 1080.000000
0 376 0.315104 0.300926 0.033333 0.148148 0.753460 1920.000000 1080.000000
0 377 0.315104 0.300926 0.033333 0.148148 0.753460 1920.000000 1080.000000
0 378 0.315104 0.301852 0.033333 0.148148 0.759680 1920.000000 1080.000000
0 379 0.315104 0.302778 0.033333 0.148148 0.762540 1920.000000 1080.000000
0 380 0.315104 0.302778 0.033333 0.148148 0.762540 1920.000000 1080.000000
0 381 0.315625 0.303704 0.033333 0.148148 0.772100 1920.000000 1080.000000
0 382 0.315625 0.304630 0.033333 0.148148 0.774960 1920.000000 1080.000000
0 383 0.315625 0.304630 0.033333 0.148148 0.774960 1920.000000 1080.000000
0 384 0.315625 0.305556 0.033333 0.148148 0.781180 1920.000000 1080.000000
0 385 0.316146 0.306481 0.033333 0.148148 0.790730 1920.000000 1080.000000
0 386 0.316146 0.306481 0.033333 0.148148 0.787390 1920.000000 1080.000000
0 387 0.316667 0.306481 0.033333 0.148148 0.787480 1920.000000 1080.000000
0 388 0.316667 0.307407 0.033333 0.148148 0.793690 1920.000000 1080.000000
0 389 0.317188 0.307407 0.033333 0.148148 0.790730 1920.000000 1080.000000
0 390 0.317188 0.308333 0.033333 0.148148 0.796940 1920.000000 1080.000000
0 391 0.317708 0.308333 0.033333 0.148148 0.800290 1920.000000 1080.000000
0 392 0.317708 0.308333 0.033333 0.148148 0.800290 1920.000000 1080.000000
0 393 0.318229 0.309259 0.033333 0.148148 0.809840 1920.000000 1080.000000
0 394 0.318229 0.309259 0.033333 0.148148 0.809840 1920.000000 1080.000000
0 395 0.318750 0.310185 0.033333 0.148148 0.816050 1920.000000 1080.000000
0 396 0.318750 0.310185 0.033333 0.148148 0.816050 1920.000000 1080.000000
0 397 0.319271 0.310185 0.033333 0.148148 0.816720 1920.000000 1080.000000
0 398 0.319271 0.311111 0.033333 0.148148 0.822930 1920.000000 1080.000000
0 399 0.319792 0.311111 0.033333 0.148148 0.826370 1920.000000 1080.000000
0 400 0.320312 0.312037 0.033333 0.148148 0.836020 1920.000000 1080.000000
0 401 0.319792 0.312500 0.033333 0.149074 0.830200 1920.000000 1080.000000
0 402 0.319531 0.313426 0.033854 0.149074 0.834460 1920.000000 1080.000000
0 403 0.319271 0.313889 0.033333 0.150000 0.833980 1920.000000 1080.000000
0 404 0.319010 0.314815 0.033854 0.150000 0.834910 1920.000000 1080.000000
0 405 0.319010 0.315741 0.033854 0.150000 0.838260 1920.000000 1080.000000
0 406 0.318490 0.316204 0.033854 0.150926 0.835920 1920.000000 1080.000000
0 407 0.318490 0.317593 0.033854 0.151852 0.839670 1920.000000 1080.000000
0 408 0.317969 0.318056 0.033854 0.152778 0.837350 1920.000000 1080.000000
0 409 0.317969 0.318981 0.033854 0.152778 0.843370 1920.000000 1080.000000
0 410 0.317708 0.319907 0.034375 0.152778 0.847780 1920.000000 1080.000000
0 411 0.317448 0.320370 0.033854 0.153704 0.847030 1920.000000 1080.000000
0 412 0.317188 0.321296 0.034375 0.153704 0.851460 1920.000000 1080.000000
0 413 0.317188 0.322685 0.034375 0.154630 0.851900 1920.000000 1080.000000
0 414 0.316667 0.322685 0.034375 0.154630 0.848610 1920.000000 1080.000000
0 415 0.316146 0.323148 0.034375 0.155556 0.846240 1920.000000 1080.000000
0 416 0.315625 0.323611 0.034375 0.154630 0.847990 1920.000000 1080.000000
0 417 0.315365 0.324074 0.033854 0.155556 0.846960 1920.000000 1080.000000
0 418 0.314844 0.324537 0.033854 0.156481 0.844560 1920.000000 1080.000000
0 419 0.314323 0.325000 0.033854 0.155556 0.842930 1920.000000 1080.000000
0 420 0.314323 0.325463 0.033854 0.156481 0.843850 1920.000000 1080.000000
0 421 0.313802 0.325926 0.033854 0.155556 0.841670 1920.000000 1080.000000
0 422 0.313281 0.326389 0.033854 0.156481 0.837250 1920.000000 1080.000000
0 423 0.313021 0.326852 0.033333 0.157407 0.835990 1920.000000 1080.000000
0 424 0.312500 0.327315 0.033333 0.156481 0.837560 1920.000000 1080.000000
0 425 0.311979 0.327778 0.033333 0.157407 0.831850 1920.000000 1080.000000
0 426 0.311979 0.328704 0.033333 0.157407 0.837700 1920.000000 1080.000000
0 427 0.311458 0.329167 0.033333 0.158333 0.835330 1920.000000 1080.000000
0 428 0.311198 0.330093 0.033854 0.158333 0.840290 1920.000000 1080.000000
0 429 0.311198 0.331481 0.033854 0.159259 0.841220 1920.000000 1080.000000
0 430 0.310937 0.332407 0.034375 0.159259 0.844710 1920.000000 1080.000000
0 431 0.310677 0.333796 0.034896 0.160185 0.846180 1920.000000 1080.000000
0 432 0.310677 0.334722 0.034896 0.160185 0.850570 1920.000000 1080.000000
0 433 0.310417 0.336111 0.035417 0.161111 0.855160 1920.000000 1080.000000
0 434 0.310156 0.337037 0.035937 0.161111 0.858940 1920.000000 1080.000000
0 435 0.310156 0.338426 0.035937 0.162037 0.864120 1920.000000 1080.000000
0 436 0.309896 0.339352 0.036458 0.162037 0.867960 1920.000000 1080.000000
0 437 0.309896 0.340741 0.036458 0.162963 0.866320 1920.000000 1080.000000
0 438 0.309375 0.341667 0.036458 0.162963 0.868470 1920.000000 1080.000000
0 439 0.309375 0.342593 0.036458 0.162963 0.873000 1920.000000 1080.000000
0 440 0.309375 0.343519 0.036458 0.162963 0.873000 1920.000000 1080.000000
0 441 0.309375 0.344444 0.036458 0.162963 0.877540 1920.000000 1080.000000
0 442 0.309375 0.345370 0.036458 0.162963 0.882070 1920.000000 1080.000000
0 443 0.309375 0.346296 0.036458 0.162963 0.882070 1920.000000 1080.000000
0 444 0.309115 0.347222 0.035937 0.162963 0.884990 1920.000000 1080.000000
0 445 0.309115 0.348148 0.035937 0.162963 0.889590 1920.000000 1080.000000
0 446 0.309115 0.349074 0.035937 0.162963 0.889590 1920.000000 1080.000000
0 447 0.309115 0.350000 0.035937 0.162963 0.894190 1920.000000 1080.000000
0 448 0.309115 0.350926 0.035937 0.162963 0.898790 1920.000000 1080.000000
0 449 0.309115 0.351852 0.035937 0.162963 0.898790 1920.000000 1080.000000
0 450 0.309115 0.352315 0.035937 0.163889 0.899360 1920.000000 1080.000000
0 451 0.309115 0.353241 0.035937 0.163889 0.899360 1920.000000 1080.000000
0 452 0.309375 0.354167 0.035417 0.163889 0.904250 1920.000000 1080.000000
0 453 0.309635 0.354630 0.035937 0.164815 0.906150 1920.000000 1080.000000
0 454 0.309635 0.355556 0.035937 0.164815 0.910610 1920.000000 1080.000000
0 455 0.309896 0.356944 0.035417 0.165741 0.911430 1920.000000 1080.000000
0 456 0.309896 0.357407 0.035417 0.166667 0.910320 1920.000000 1080.000000
0 457 0.310156 0.358333 0.035937 0.166667 0.916020 1920.000000 1080.000000
0 458 0.310417 0.359259 0.035417 0.166667 0.916330 1920.000000 1080.000000
0 459 0.310417 0.359722 0.035417 0.167593 0.916790 1920.000000 1080.000000
0 460 0.310417 0.360648 0.035417 0.167593 0.919730 1920.000000 1080.000000
0 461 0.310937 0.362037 0.035417 0.168519 0.925950 1920.000000 1080.000000
0 462 0.310937 0.362037 0.035417 0.168519 0.921600 1920.000000 1080.000000
0 463 0.311198 0.362963 0.035937 0.168519 0.927010 1920.000000 1080.000000
0 464 0.311458 0.363889 0.035417 0.168519 0.930310 1920.000000 1080.000000
0 465 0.311719 0.364815 0.035937 0.168519 0.931300 1920.000000 1080.000000
0 466 0.311979 0.364815 0.035417 0.168519 0.931580 1920.000000 1080.000000
0 467 0.312240 0.365741 0.035937 0.168519 0.936770 1920.000000 1080.000000
0 468 0.312500 0.366667 0.036458 0.168519 0.941810 1920.000000 1080.000000
0 469 0.312760 0.367593 0.035937 0.168519 0.940980 1920.000000 1080.000000
0 470 0.313021 0.367593 0.036458 0.168519 0.941810 1920.000000 1080.000000
0 471 0.313281 0.368519 0.035937 0.168519 0.946210 1920.000000 1080.000000
0 472 0.313542 0.369444 0.036458 0.168519 0.946970 1920.000000 1080.000000
0 473 0.314063 0.370370 0.036458 0.168519 0.951050 1920.000000 1080.000000
0 474 0.313542 0.371296 0.036458 0.168519 0.954280 1920.000000 1080.000000
0 475 0.313542 0.372685 0.036458 0.169444 0.954530 1920.000000 1080.000000
0 476 0.313542 0.374537 0.036458 0.169444 0.962800 1920.000000 1080.000000
0 477 0.313281 0.375926 0.035937 0.170370 0.966020 1920.000000 1080.000000
0 478 0.313281 0.377315 0.035937 0.171296 0.970430 1920.000000 1080.000000
0 479 0.313281 0.378704 0.035937 0.170370 0.974520 1920.000000 1080.000000
0 480 0.313281 0.380093 0.035937 0.171296 0.978880 1920.000000 1080.000000
0 481 0.313021 0.381481 0.035417 0.172222 0.982950 1920.000000 1080.000000
0 482 0.313021 0.383333 0.035417 0.172222 0.986980 1920.000000 1080.000000
0 483 0.313021 0.384722 0.035417 0.173148 0.991370 1920.000000 1080.000000
0 484 0.313021 0.386574 0.035417 0.173148 1.000000 1920.000000 1080.000000
0 485 0.313021 0.387500 0.035417 0.173148 1.000000 1920.000000 1080.000000
0 486 0.313281 0.388426 0.035937 0.173148 1.000000 1920.000000 1080.000000
0 487 0.313281 0.389352 0.035937 0.173148 1.000000 1920.000000 1080.000000
0 488 0.313542 0.390278 0.036458 0.173148 1.000000 1920.000000 1080.000000
0 489 0.313542 0.391204 0.036458 0.173148 1.000000 1920.000000 1080.000000
0 490 0.313802 0.392130 0.036979 0.173148 1.000000 1920.000000 1080.000000
0 491 0.313802 0.393056 0.036979 0.173148 1.000000 1920.000000 1080.000000
0 492 0.314063 0.393981 0.037500 0.173148 1.000000 1920.000000 1080.000000
0 493 0.314063 0.394907 0.037500 0.173148 1.000000 1920.000000 1080.000000
0 494 0.314323 0.395833 0.038021 0.173148 1.000000 1920.000000 1080.000000
0 495 0.314323 0.396759 0.038021 0.173148 1.000000 1920.000000 1080.000000
0 496 0.314583 0.397685 0.038542 0.173148 1.000000 1920.000000 1080.000000
0 497 0.314583 0.398611 0.038542 0.173148 1.000000 1920.000000 1080.000000
0 498 0.315104 0.400463 0.038542 0.173148 1.000000 1920.000000 1080.000000
0 499 0.314583 0.401389 0.038542 0.173148 1.000000 1920.000000 1080.000000
0 500 0.314583 0.402315 0.038542 0.173148 1.000000 1920.000000 1080.000000
0 501 0.314583 0.404167 0.038542 0.173148 1.000000 1920.000000 1080.000000
0 502 0.314063 0.405093 0.038542 0.173148 1.000000 1920.000000 1080.000000
0 503 0.314063 0.406944 0.038542 0.173148 1.000000 1920.000000 1080.000000
0 504 0.314063 0.407870 0.038542 0.173148 1.000000 1920.000000 1080.000000
0 505 0.313542 0.408796 0.038542 0.173148 1.000000 1920.000000 1080.000000
0 506 0.313542 0.410648 0.038542 0.173148 1.000000 1920.000000 1080.000000
0 507 0.313542 0.411574 0.038542 0.173148 1.000000 1920.000000 1080.000000
0 508 0.313021 0.413426 0.038542 0.173148 1.000000 1920.000000 1080.000000
0 509 0.313021 0.414352 0.038542 0.173148 1.000000 1920.000000 1080.000000
0 510 0.313021 0.416204 0.038542 0.173148 1.000000 1920.000000 1080.000000
0 511 0.312500 0.416667 0.038542 0.174074 1.000000 1920.000000 1080.000000
0 512 0.312240 0.418056 0.039062 0.175000 1.000000 1920.000000 1080.000000
0 513 0.311719 0.418981 0.039062 0.175000 0.998060 1920.000000 1080.000000
0 514 0.311458 0.420370 0.039583 0.175926 0.994490 1920.000000 1080.000000
0 515 0.311458 0.421296 0.039583 0.175926 0.994490 1920.000000 1080.000000
0 516 0.310937 0.422222 0.039583 0.177778 0.992730 1920.000000 1080.000000
0 517 0.310677 0.423148 0.040104 0.177778 0.991030 1920.000000 1080.000000
0 518 0.310156 0.424537 0.040104 0.178704 0.989690 1920.000000 1080.000000
0 519 0.309896 0.425463 0.040625 0.178704 0.986430 1920.000000 1080.000000
0 520 0.309896 0.426852 0.040625 0.179630 0.987020 1920.000000 1080.000000
0 521 0.309896 0.427778 0.040625 0.179630 0.987020 1920.000000 1080.000000
0 522 0.309896 0.429630 0.040625 0.179630 0.988060 1920.000000 1080.000000
0 523 0.309896 0.431481 0.040625 0.179630 0.989090 1920.000000 1080.000000
0 524 0.309896 0.432407 0.040625 0.179630 0.987730 1920.000000 1080.000000
0 525 0.309896 0.434259 0.040625 0.179630 0.988900 1920.000000 1080.000000
0 526 0.309896 0.436111 0.040625 0.179630 0.989480 1920.000000 1080.000000
0 527 0.309896 0.437963 0.040625 0.179630 0.990650 1920.000000 1080.000000
0 528 0.309896 0.438889 0.040625 0.179630 0.990650 1920.000000 1080.000000
0 529 0.309896 0.440741 0.040625 0.179630 0.990910 1920.000000 1080.000000
0 530 0.309896 0.442593 0.040625 0.179630 0.991560 1920.000000 1080.000000
0 531 0.310417 0.444444 0.040625 0.179630 0.993570 1920.000000 1080.000000
0 532 0.309896 0.445370 0.040625 0.179630 0.992860 1920.000000 1080.000000
0 533 0.309896 0.446759 0.040625 0.180556 0.993540 1920.000000 1080.000000
0 534 0.309896 0.448148 0.040625 0.181481 0.992930 1920.000000 1080.000000
0 535 0.309896 0.449074 0.040625 0.181481 0.993640 1920.000000 1080.000000
0 536 0.309896 0.450463 0.040625 0.182407 0.993670 1920.000000 1080.000000
0 537 0.309896 0.452315 0.040625 0.182407 0.995080 1920.000000 1080.000000
0 538 0.309896 0.453241 0.040625 0.182407 0.994630 1920.000000 1080.000000
0 539 0.309896 0.454630 0.040625 0.183333 0.995420 1920.000000 1080.000000
0 540 0.309896 0.456019 0.040625 0.184259 0.996200 1920.000000 1080.000000
0 541 0.309896 0.456944 0.040625 0.184259 0.996960 1920.000000 1080.000000
0 542 0.309896 0.458333 0.040625 0.185185 0.997730 1920.000000 1080.000000
0 543 0.309896 0.460185 0.040625 0.185185 0.999240 1920.000000 1080.000000
0 544 0.309896 0.461111 0.040625 0.185185 0.999240 1920.000000 1080.000000
0 545 0.309896 0.462500 0.040625 0.186111 1.000000 1920.000000 1080.000000
0 546 0.309896 0.463889 0.040625 0.187037 1.000000 1920.000000 1080.000000
0 547 0.309896 0.465278 0.040625 0.187963 1.000000 1920.000000 1080.000000
0 548 0.309896 0.466667 0.040625 0.188889 1.000000 1920.000000 1080.000000
0 549 0.309896 0.468519 0.040625 0.188889 0.990120 1920.000000 1080.000000
0 550 0.309896 0.469907 0.040625 0.189815 0.980210 1920.000000 1080.000000
0 551 0.309896 0.471296 0.040625 0.190741 0.970280 1920.000000 1080.000000
0 552 0.309896 0.472685 0.040625 0.191667 0.960560 1920.000000 1080.000000
0 553 0.309896 0.474074 0.040625 0.192593 0.950640 1920.000000 1080.000000
0 554 0.309896 0.475926 0.040625 0.192593 0.940770 1920.000000 1080.000000
0 555 0.309375 0.477315 0.040625 0.193519 0.930800 1920.000000 1080.000000
0 556 0.309375 0.479167 0.040625 0.193519 0.911030 1920.000000 1080.000000
0 557 0.309375 0.480556 0.040625 0.194444 0.891780 1920.000000 1080.000000
0 558 0.308854 0.482870 0.040625 0.195370 0.891630 1920.000000 1080.000000
0 559 0.308854 0.484259 0.040625 0.196296 0.892790 1920.000000 1080.000000
0 560 0.308854 0.486111 0.040625 0.196296 0.883050 1920.000000 1080.000000
0 561 0.308333 0.487500 0.040625 0.197222 0.893940 1920.000000 1080.000000
0 562 0.308333 0.489815 0.040625 0.198148 0.884130 1920.000000 1080.000000
0 563 0.308333 0.491204 0.040625 0.199074 0.885370 1920.000000 1080.000000
0 564 0.307812 0.493056 0.040625 0.199074 0.885370 1920.000000 1080.000000
0 565 0.307812 0.494444 0.040625 0.200000 0.886600 1920.000000 1080.000000
0 566 0.307812 0.496759 0.040625 0.200926 0.887120 1920.000000 1080.000000
0 567 0.307292 0.497685 0.040625 0.200926 0.867500 1920.000000 1080.000000
0 568 0.307031 0.498611 0.040104 0.200926 0.845680 1920.000000 1080.000000
0 569 0.306771 0.499537 0.040625 0.200926 0.828590 1920.000000 1080.000000
0 570 0.306510 0.500463 0.040104 0.200926 0.805930 1920.000000 1080.000000
0 571 0.306250 0.501852 0.040625 0.201852 0.788910 1920.000000 1080.000000
0 572 0.305990 0.502778 0.040104 0.201852 0.765370 1920.000000 1080.000000
0 573 0.305469 0.503704 0.040104 0.201852 0.755590 1920.000000 1080.000000
0 574 0.305469 0.504630 0.040104 0.201852 0.729540 1920.000000 1080.000000
0 575 0.304948 0.505556 0.040104 0.201852 0.724970 1920.000000 1080.000000
0 576 0.304948 0.507407 0.040104 0.201852 0.709640 1920.000000 1080.000000
0 577 0.304167 0.508333 0.040625 0.201852 0.709610 1920.000000 1080.000000
0 578 0.303385 0.509259 0.041146 0.201852 0.704280 1920.000000 1080.000000
0 579 0.302865 0.510648 0.041146 0.202778 0.694770 1920.000000 1080.000000
0 580 0.302083 0.511574 0.041667 0.202778 0.689670 1920.000000 1080.000000
0 581 0.301302 0.512500 0.042188 0.202778 0.684700 1920.000000 1080.000000
0 582 0.300781 0.513889 0.042188 0.203704 0.675370 1920.000000 1080.000000
0 583 0.300000 0.514815 0.042708 0.203704 0.670610 1920.000000 1080.000000
0 584 0.299219 0.515741 0.043229 0.203704 0.665970 1920.000000 1080.000000
0 585 0.298698 0.517130 0.043229 0.204630 0.665380 1920.000000 1080.000000
0 586 0.297917 0.518056 0.043750 0.204630 0.679650 1920.000000 1080.000000
0 587 0.297135 0.518981 0.044271 0.204630 0.693590 1920.000000 1080.000000
0 588 0.296615 0.520370 0.044271 0.205556 0.703100 1920.000000 1080.000000
0 589 0.295833 0.521296 0.044792 0.205556 0.716560 1920.000000 1080.000000
0 590 0.295312 0.522685 0.044792 0.206481 0.734810 1920.000000 1080.000000
0 591 0.294792 0.523611 0.044792 0.206481 0.711770 1920.000000 1080.000000
0 592 0.294271 0.525000 0.044792 0.205556 0.696360 1920.000000 1080.000000
0 593 0.294271 0.526389 0.044792 0.206481 0.671900 1920.000000 1080.000000
0 594 0.293750 0.527778 0.044792 0.205556 0.656100 1920.000000 1080.000000
0 595 0.293490 0.529167 0.044271 0.206481 0.634030 1920.000000 1080.000000
0 596 0.293229 0.530556 0.044792 0.205556 0.614810 1920.000000 1080.000000
0 597 0.292708 0.531944 0.044792 0.204630 0.595630 1920.000000 1080.000000
0 598 0.292448 0.533333 0.044271 0.205556 0.574980 1920.000000 1080.000000
0 599 0.292187 0.534722 0.044792 0.204630 0.552660 1920.000000 1080.000000
0 600 0.291927 0.536111 0.044271 0.205556 0.531230 1920.000000 1080.000000
0 601 0.291406 0.537500 0.044271 0.204630 0.510580 1920.000000 1080.000000
0 602 0.291406 0.539352 0.044271 0.204630 0.484130 1920.000000 1080.000000
0 603 0.290365 0.539815 0.044271 0.205556 0.478780 1920.000000 1080.000000
0 604 0.289844 0.540741 0.044271 0.205556 0.459480 1920.000000 1080.000000
0 605 0.289323 0.541667 0.044271 0.205556 0.448070 1920.000000 1080.000000
0 606 0.288802 0.543056 0.044271 0.206481 0.427950 1920.000000 1080.000000
0 607 0.288021 0.543981 0.044792 0.206481 0.427650 1920.000000 1080.000000
0 608 0.287500 0.544907 0.044792 0.206481 0.409790 1920.000000 1080.000000
0 609 0.286979 0.546296 0.044792 0.207407 0.397910 1920.000000 1080.000000
0 610 0.286198 0.547222 0.044271 0.207407 0.387910 1920.000000 1080.000000
0 611 0.285677 0.548148 0.044271 0.207407 0.382220 1920.000000 1080.000000
0 612 0.284896 0.549074 0.044792 0.207407 0.386670 1920.000000 1080.000000
0 613 0.284375 0.550463 0.044792 0.208333 0.389380 1920.000000 1080.000000
0 614 0.283854 0.551389 0.044792 0.208333 0.393810 1920.000000 1080.000000
0 615 0.283333 0.552315 0.044792 0.208333 0.402650 1920.000000 1080.000000
0 616 0.282813 0.553704 0.044792 0.209259 0.405290 1920.000000 1080.000000
0 617 0.282292 0.554630 0.044792 0.209259 0.409690 1920.000000 1080.000000
0 618 0.281771 0.556019 0.044792 0.210185 0.416670 1920.000000 1080.000000
0 619 0.281250 0.557870 0.044792 0.210185 0.416670 1920.000000 1080.000000
0 620 0.281250 0.558796 0.044792 0.210185 0.421050 1920.000000 1080.000000
0 621 0.280729 0.560648 0.044792 0.210185 0.425440 1920.000000 1080.000000
0 622 0.280208 0.562037 0.044792 0.211111 0.427950 1920.000000 1080.000000
0 623 0.279687 0.563889 0.044792 0.211111 0.427950 1920.000000 1080.000000
0 624 0.279687 0.564815 0.044792 0.211111 0.436680 1920.000000 1080.000000
0 625 0.279167 0.566667 0.044792 0.211111 0.436680 1920.000000 1080.000000
0 626 0.278646 0.568056 0.044792 0.212037 0.439130 1920.000000 1080.000000
0 627 0.278646 0.569907 0.044792 0.212037 0.443480 1920.000000 1080.000000
0 628 0.277604 0.570833 0.044792 0.212037 0.452170 1920.000000 1080.000000
0 629 0.276562 0.572222 0.044792 0.212963 0.458870 1920.000000 1080.000000
0 630 0.275521 0.573611 0.044792 0.213889 0.465520 1920.000000 1080.000000
0 631 0.274740 0.575463 0.044271 0.213889 0.469830 1920.000000 1080.000000
0 632 0.273698 0.576389 0.044271 0.213889 0.478450 1920.000000 1080.000000
0 633 0.272656 0.577778 0.044271 0.214815 0.484980 1920.000000 1080.000000
0 634 0.271615 0.579167 0.044271 0.215741 0.491450 1920.000000 1080.000000
0 635 0.270833 0.581019 0.043750 0.215741 0.495730 1920.000000 1080.000000
0 636 0.269792 0.581944 0.043750 0.215741 0.504270 1920.000000 1080.000000
0 637 0.268750 0.583333 0.043750 0.216667 0.510640 1920.000000 1080.000000
0 638 0.267708 0.584722 0.043750 0.217593 0.516950 1920.000000 1080.000000
0 639 0.267188 0.586574 0.043750 0.217593 0.521190 1920.000000 1080.000000
0 640 0.266146 0.588426 0.043750 0.219444 0.521010 1920.000000 1080.000000
0 641 0.265625 0.590741 0.043750 0.220370 0.518830 1920.000000 1080.000000
0 642 0.265104 0.592593 0.043750 0.222222 0.518670 1920.000000 1080.000000
0 643 0.264583 0.594907 0.043750 0.223148 0.516530 1920.000000 1080.000000
0 644 0.264062 0.596759 0.043750 0.225000 0.516390 1920.000000 1080.000000
0 645 0.263021 0.599074 0.043750 0.225926 0.514290 1920.000000 1080.000000
0 646 0.262500 0.600926 0.043750 0.227778 0.514170 1920.000000 1080.000000
0 647 0.261979 0.603241 0.043750 0.228704 0.512100 1920.000000 1080.000000
0 648 0.261458 0.605093 0.043750 0.230556 0.512000 1920.000000 1080.000000
0 649 0.260937 0.607407 0.043750 0.231481 0.509960 1920.000000 1080.000000
0 650 0.260417 0.608333 0.043750 0.231481 0.513940 1920.000000 1080.000000
0 651 0.260156 0.610185 0.044271 0.231481 0.529140 1920.000000 1080.000000
0 652 0.259635 0.611111 0.044271 0.231481 0.533030 1920.000000 1080.000000
0 653 0.259375 0.612963 0.044792 0.231481 0.527870 1920.000000 1080.000000
0 654 0.259115 0.614815 0.045312 0.231481 0.522640 1920.000000 1080.000000
0 655 0.258594 0.615741 0.045312 0.231481 0.524580 1920.000000 1080.000000
0 656 0.258333 0.617593 0.045833 0.231481 0.524370 1920.000000 1080.000000
0 657 0.258073 0.619444 0.046354 0.231481 0.521910 1920.000000 1080.000000
0 658 0.257552 0.620370 0.046354 0.231481 0.523420 1920.000000 1080.000000
0 659 0.257292 0.622222 0.046875 0.231481 0.522480 1920.000000 1080.000000
0 660 0.257292 0.624074 0.046875 0.231481 0.520950 1920.000000 1080.000000
0 661 0.257292 0.624537 0.046875 0.232407 0.521720 1920.000000 1080.000000
0 662 0.257292 0.625926 0.046875 0.233333 0.526080 1920.000000 1080.000000
0 663 0.257292 0.626852 0.046875 0.233333 0.533250 1920.000000 1080.000000
0 664 0.257292 0.628241 0.046875 0.234259 0.538290 1920.000000 1080.000000
0 665 0.257292 0.629167 0.046875 0.234259 0.544690 1920.000000 1080.000000
0 666 0.257292 0.630556 0.046875 0.235185 0.549670 1920.000000 1080.000000
0 667 0.257552 0.631481 0.046354 0.235185 0.556300 1920.000000 1080.000000
0 668 0.257552 0.632407 0.046354 0.237037 0.566060 1920.000000 1080.000000
0 669 0.257552 0.633333 0.046354 0.237037 0.571160 1920.000000 1080.000000
0 670 0.257552 0.634722 0.046354 0.237963 0.576400 1920.000000 1080.000000
0 671 0.257552 0.635648 0.046354 0.237963 0.583460 1920.000000 1080.000000
0 672 0.257552 0.637037 0.046354 0.238889 0.594810 1920.000000 1080.000000
0 673 0.257552 0.637963 0.046354 0.238889 0.601030 1920.000000 1080.000000
0 674 0.257812 0.639352 0.045833 0.239815 0.601120 1920.000000 1080.000000
0 675 0.258854 0.639815 0.045833 0.240741 0.601530 1920.000000 1080.000000
0 676 0.260417 0.640741 0.045833 0.240741 0.598430 1920.000000 1080.000000
0 677 0.261979 0.641667 0.045833 0.240741 0.588620 1920.000000 1080.000000
0 678 0.263542 0.642593 0.045833 0.240741 0.576390 1920.000000 1080.000000
0 679 0.265104 0.643519 0.045833 0.240741 0.563390 1920.000000 1080.000000
0 680 0.266667 0.644444 0.045833 0.240741 0.554870 1920.000000 1080.000000
0 681 0.268229 0.645370 0.045833 0.240741 0.539020 1920.000000 1080.000000
0 682 0.269271 0.646296 0.045833 0.240741 0.530290 1920.000000 1080.000000
0 683 0.270833 0.647222 0.045833 0.240741 0.524470 1920.000000 1080.000000
0 684 0.272396 0.648148 0.045833 0.240741 0.510610 1920.000000 1080.000000
0 685 0.273958 0.649074 0.045833 0.240741 0.492660 1920.000000 1080.000000
0 686 0.275521 0.650000 0.045833 0.240741 0.480390 1920.000000 1080.000000
0 687 0.277083 0.650926 0.045833 0.240741 0.448960 1920.000000 1080.000000
0 688 0.278646 0.651852 0.045833 0.240741 0.423350 1920.000000 1080.000000
0 689 0.280729 0.651852 0.046875 0.240741 0.388400 1920.000000 1080.000000
0 690 0.283073 0.652778 0.048438 0.240741 0.348740 1920.000000 1080.000000
0 691 0.285677 0.653704 0.049479 0.240741 0.300130 1920.000000 1080.000000
0 692 0.288021 0.654630 0.051042 0.240741 0.283100 1920.000000 1080.000000
0 693 0.290365 0.655093 0.051562 0.239815 0.266690 1920.000000 1080.000000
0 694 0.292708 0.656019 0.053125 0.239815 0.247500 1920.000000 1080.000000
0 695 0.295312 0.656481 0.054167 0.240741 0.232180 1920.000000 1080.000000
0 696 0.297656 0.657407 0.055729 0.240741 0.216120 1920.000000 1080.000000
0 697 0.300000 0.657870 0.056250 0.239815 0.202890 1920.000000 1080.000000
0 698 0.302344 0.658796 0.057813 0.239815 0.187710 1920.000000 1080.000000
0 699 0.304948 0.659722 0.058854 0.239815 0.170720 1920.000000 1080.000000
0 700 0.307292 0.660648 0.060417 0.239815 0.156310 1920.000000 1080.000000
0 701 0.309896 0.661574 0.061458 0.239815 0.143370 1920.000000 1080.000000
0 702 0.311458 0.661574 0.060417 0.239815 0.128530 1920.000000 1080.000000
0 703 0.313281 0.662500 0.059896 0.239815 0.126920 1920.000000 1080.000000
0 704 0.314844 0.663426 0.058854 0.239815 0.136300 1920.000000 1080.000000
0 705 0.316667 0.663889 0.058333 0.238889 0.146340 1920.000000 1080.000000
0 706 0.318490 0.664815 0.056771 0.238889 0.152400 1920.000000 1080.000000
0 707 0.320312 0.665741 0.056250 0.238889 0.163690 1920.000000 1080.000000
0 708 0.321875 0.666667 0.055208 0.238889 0.173170 1920.000000 1080.000000
0 709 0.323698 0.666667 0.054688 0.238889 0.187000 1920.000000 1080.000000
0 710 0.325260 0.667593 0.053646 0.238889 0.193640 1920.000000 1080.000000
0 711 0.327344 0.668519 0.052604 0.238889 0.205920 1920.000000 1080.000000
0 712 0.328906 0.669444 0.051562 0.238889 0.216990 1920.000000 1080.000000
0 713 0.330729 0.669907 0.051042 0.237963 0.226920 1920.000000 1080.000000
0 714 0.332292 0.670833 0.050000 0.237963 0.237910 1920.000000 1080.000000
0 715 0.334115 0.671759 0.049479 0.237963 0.250520 1920.000000 1080.000000
0 716 0.336198 0.672685 0.048438 0.237963 0.262540 1920.000000 1080.000000
0 717 0.337760 0.674537 0.048438 0.239815 0.273240 1920.000000 1080.000000
0 718 0.339323 0.676852 0.048438 0.240741 0.281530 1920.000000 1080.000000
0 719 0.340885 0.679167 0.048438 0.241667 0.290240 1920.000000 1080.000000
0 720 0.342708 0.681019 0.048958 0.243519 0.309290 1920.000000 1080.000000
0 721 0.344271 0.683333 0.048958 0.244444 0.294940 1920.000000 1080.000000
0 722 0.345833 0.685648 0.048958 0.245370 0.293590 1920.000000 1080.000000
0 723 0.347396 0.687500 0.048958 0.247222 0.286060 1920.000000 1080.000000
0 724 0.349219 0.689815 0.049479 0.248148 0.273850 1920.000000 1080.000000
0 725 0.350781 0.692130 0.049479 0.249074 0.265970 1920.000000 1080.000000
0 726 0.352344 0.693981 0.049479 0.250926 0.261410 1920.000000 1080.000000
0 727 0.353906 0.696296 0.049479 0.251852 0.251070 1920.000000 1080.000000
0 728 0.355729 0.699074 0.050000 0.253704 0.243710 1920.000000 1080.000000
0 729 0.356510 0.700000 0.049479 0.253704 0.244090 1920.000000 1080.000000
0 730 0.357812 0.700926 0.048958 0.253704 0.242950 1920.000000 1080.000000
0 731 0.358854 0.701852 0.047917 0.253704 0.237650 1920.000000 1080.000000
0 732 0.359896 0.702778 0.047917 0.253704 0.232840 1920.000000 1080.000000
0 733 0.361198 0.704630 0.047396 0.253704 0.229090 1920.000000 1080.000000
0 734 0.362240 0.705556 0.046354 0.253704 0.236360 1920.000000 1080.000000
0 735 0.363281 0.706481 0.046354 0.253704 0.240000 1920.000000 1080.000000
0 736 0.364323 0.707407 0.045312 0.253704 0.243640 1920.000000 1080.000000
0 737 0.365625 0.708333 0.044792 0.253704 0.250910 1920.000000 1080.000000
0 738 0.366667 0.710185 0.044792 0.253704 0.250910 1920.000000 1080.000000
0 739 0.367708 0.711111 0.043750 0.253704 0.258180 1920.000000 1080.000000
0 740 0.369010 0.712037 0.043229 0.253704 0.261820 1920.000000 1080.000000
0 741 0.369792 0.712963 0.042708 0.253704 0.269090 1920.000000 1080.000000
0 742 0.371094 0.713889 0.042188 0.253704 0.272730 1920.000000 1080.000000
0 743 0.372396 0.715741 0.041667 0.253704 0.321030 1920.000000 1080.000000
0 744 0.372656 0.717593 0.042188 0.255556 0.366030 1920.000000 1080.000000
0 745 0.373177 0.719907 0.043229 0.256481 0.409040 1920.000000 1080.000000
0 746 0.373698 0.722222 0.044271 0.257407 0.481370 1920.000000 1080.000000
0 747 0.374219 0.724537 0.045312 0.258333 0.546350 1920.000000 1080.000000
0 748 0.374740 0.727315 0.046354 0.260185 0.609260 1920.000000 1080.000000
0 749 0.375260 0.729630 0.047396 0.261111 0.671220 1920.000000 1080.000000
0 750 0.375521 0.731481 0.047917 0.262963 0.707980 1920.000000 1080.000000
0 751 0.376042 0.733796 0.048958 0.263889 0.746780 1920.000000 1080.000000
0 752 0.376563 0.736574 0.050000 0.265741 0.783510 1920.000000 1080.000000
0 753 0.377083 0.738889 0.051042 0.266667 0.818810 1920.000000 1080.000000
0 754 0.377604 0.741204 0.052083 0.267593 0.852510 1920.000000 1080.000000
0 755 0.378125 0.743519 0.053125 0.268519 0.884700 1920.000000 1080.000000
0 756 0.378646 0.746296 0.054167 0.270370 0.914970 1920.000000 1080.000000
0 757 0.378125 0.748611 0.054167 0.271296 0.936440 1920.000000 1080.000000
0 758 0.378125 0.751389 0.054167 0.273148 0.964770 1920.000000 1080.000000
0 759 0.377604 0.754630 0.054167 0.274074 0.985890 1920.000000 1080.000000
0 760 0.377604 0.756944 0.054167 0.275000 1.000000 1920.000000 1080.000000
0 761 0.377604 0.760185 0.054167 0.275926 1.000000 1920.000000 1080.000000
0 762 0.377083 0.762963 0.054167 0.277778 1.000000 1920.000000 1080.000000
0 763 0.377083 0.765278 0.054167 0.278704 1.000000 1920.000000 1080.000000
0 764 0.376563 0.768519 0.054167 0.279630 1.000000 1920.000000 1080.000000
0 765 0.376563 0.771296 0.054167 0.281481 1.000000 1920.000000 1080.000000
0 766 0.376563 0.774537 0.054167 0.282407 1.000000 1920.000000 1080.000000
0 767 0.376042 0.775926 0.054167 0.283333 1.000000 1920.000000 1080.000000
0 768 0.375781 0.778241 0.054688 0.284259 1.000000 1920.000000 1080.000000
0 769 0.375521 0.780556 0.054167 0.285185 1.000000 1920.000000 1080.000000
0 770 0.375260 0.782870 0.054688 0.286111 1.000000 1920.000000 1080.000000
0 771 0.375260 0.785185 0.054688 0.287037 1.000000 1920.000000 1080.000000
0 772 0.374740 0.787500 0.054688 0.287963 1.000000 1920.000000 1080.000000
0 773 0.374740 0.789815 0.054688 0.288889 1.000000 1920.000000 1080.000000
0 774 0.374479 0.792130 0.055208 0.289815 1.000000 1920.000000 1080.000000
0 775 0.374219 0.794444 0.054688 0.290741 1.000000 1920.000000 1080.000000
0 776 0.373958 0.796759 0.055208 0.291667 1.000000 1920.000000 1080.000000
0 777 0.373958 0.799074 0.055208 0.292593 1.000000 1920.000000 1080.000000
0 778 0.372917 0.800926 0.055208 0.292593 1.000000 1920.000000 1080.000000
0 779 0.372135 0.803241 0.055729 0.293519 1.000000 1920.000000 1080.000000
0 780 0.371354 0.805093 0.055208 0.293519 1.000000 1920.000000 1080.000000
0 781 0.370573 0.807407 0.055729 0.294444 1.000000 1920.000000 1080.000000
0 782 0.369531 0.809722 0.055729 0.295370 1.000000 1920.000000 1080.000000
0 783 0.369010 0.811574 0.055729 0.295370 1.000000 1920.000000 1080.000000
0 784 0.367969 0.813889 0.055729 0.296296 1.000000 1920.000000 1080.000000
0 785 0.367448 0.816204 0.055729 0.297222 1.000000 1920.000000 1080.000000
0 786 0.366667 0.818056 0.056250 0.297222 1.000000 1920.000000 1080.000000
0 787 0.365625 0.820370 0.056250 0.298148 1.000000 1920.000000 1080.000000
0 788 0.365104 0.822222 0.056250 0.298148 1.000000 1920.000000 1080.000000
0 789 0.364063 0.824537 0.056250 0.299074 1.000000 1920.000000 1080.000000
0 790 0.363281 0.826852 0.056771 0.300000 1.000000 1920.000000 1080.000000
0 791 0.362500 0.828704 0.056250 0.300000 1.000000 1920.000000 1080.000000
0 792 0.361719 0.831019 0.056771 0.300926 1.000000 1920.000000 1080.000000
0 793 0.361198 0.833796 0.056771 0.300926 1.000000 1920.000000 1080.000000
0 794 0.360417 0.835648 0.057292 0.300926 1.000000 1920.000000 1080.000000
0 795 0.359896 0.837963 0.057292 0.300000 1.000000 1920.000000 1080.000000
0 796 0.359375 0.840278 0.057292 0.299074 1.000000 1920.000000 1080.000000
0 797 0.358854 0.842593 0.057292 0.298148 1.000000 1920.000000 1080.000000
0 798 0.358333 0.844907 0.057292 0.297222 1.000000 1920.000000 1080.000000
0 799 0.357812 0.847222 0.057292 0.296296 1.000000 1920.000000 1080.000000
0 800 0.357292 0.849537 0.057292 0.295370 1.000000 1920.000000 1080.000000
0 801 0.356771 0.851852 0.057292 0.294444 1.000000 1920.000000 1080.000000
0 802 0.356250 0.854167 0.057292 0.293519 0.996860 1920.000000 1080.000000
0 803 0.355208 0.854630 0.057292 0.290741 1.000000 1920.000000 1080.000000
0 804 0.354427 0.856019 0.057813 0.287963 1.000000 1920.000000 1080.000000
0 805 0.353906 0.856944 0.057813 0.284259 1.000000 1920.000000 1080.000000
0 806 0.353125 0.857870 0.058333 0.282407 1.000000 1920.000000 1080.000000
0 807 0.352604 0.859259 0.058333 0.279630 1.000000 1920.000000 1080.000000
0 808 0.351562 0.860185 0.058333 0.275926 1.000000 1920.000000 1080.000000
0 809 0.351042 0.861574 0.058333 0.273148 1.000000 1920.000000 1080.000000
0 810 0.350260 0.862500 0.058854 0.271296 1.000000 1920.000000 1080.000000
0 811 0.349740 0.863426 0.058854 0.267593 1.000000 1920.000000 1080.000000
0 812 0.348958 0.864815 0.059375 0.264815 1.000000 1920.000000 1080.000000
0 813 0.348438 0.866204 0.059375 0.262037 1.000000 1920.000000 1080.000000
0 814 0.347396 0.867130 0.059375 0.260185 1.000000 1920.000000 1080.000000
0 815 0.346354 0.868519 0.059375 0.257407 1.000000 1920.000000 1080.000000
0 816 0.345573 0.869907 0.059896 0.254630 1.000000 1920.000000 1080.000000
0 817 0.344531 0.871296 0.059896 0.251852 1.000000 1920.000000 1080.000000
0 818 0.343490 0.872685 0.059896 0.249074 1.000000 1920.000000 1080.000000
0 819 0.342708 0.874537 0.060417 0.247222 1.000000 1920.000000 1080.000000
0 820 0.341667 0.875463 0.060417 0.245370 1.000000 1920.000000 1080.000000
0 821 0.340625 0.876852 0.060417 0.242593 1.000000 1920.000000 1080.000000
0 822 0.339844 0.878241 0.060937 0.239815 1.000000 1920.000000 1080.000000
0 823 0.338802 0.879630 0.060937 0.237037 1.000000 1920.000000 1080.000000
0 824 0.337760 0.881019 0.060937 0.234259 1.000000 1920.000000 1080.000000
0 825 0.336979 0.882870 0.061458 0.232407 1.000000 1920.000000 1080.000000
0 826 0.335938 0.884259 0.061458 0.229630 1.000000 1920.000000 1080.000000
0 827 0.334896 0.886111 0.061458 0.225926 1.000000 1920.000000 1080.000000
0 828 0.333854 0.887963 0.061458 0.222222 1.000000 1920.000000 1080.000000
0 829 0.333073 0.889352 0.060937 0.219444 1.000000 1920.000000 1080.000000
0 830 0.332031 0.891204 0.060937 0.215741 1.000000 1920.000000 1080.000000
0 831 0.331250 0.893519 0.061458 0.212963 1.000000 1920.000000 1080.000000
0 832 0.330208 0.894907 0.061458 0.210185 1.000000 1920.000000 1080.000000
0 833 0.329427 0.896759 0.060937 0.206481 1.000000 1920.000000 1080.000000
0 834 0.328385 0.898611 0.060937 0.202778 1.000000 1920.000000 1080.000000
0 835 0.327344 0.900000 0.060937 0.200000 1.000000 1920.000000 1080.000000
0 836 0.326302 0.901852 0.060937 0.196296 1.000000 1920.000000 1080.000000
0 837 0.325781 0.904167 0.060937 0.193519 0.995240 1920.000000 1080.000000
0 838 0.324479 0.905093 0.061458 0.191667 0.995190 1920.000000 1080.000000
0 839 0.323437 0.906481 0.061458 0.188889 0.995120 1920.000000 1080.000000
0 840 0.322396 0.907870 0.061458 0.186111 0.995050 1920.000000 1080.000000
0 841 0.321354 0.908796 0.061458 0.184259 0.995000 1920.000000 1080.000000
0 842 0.320312 0.910185 0.061458 0.181481 0.994920 1920.000000 1080.000000
0 843 0.319271 0.911574 0.061458 0.178704 0.994850 1920.000000 1080.000000
0 844 0.318229 0.912500 0.061458 0.176852 0.994790 1920.000000 1080.000000
0 845 0.317188 0.913889 0.061458 0.174074 0.994710 1920.000000 1080.000000
0 846 0.316146 0.915278 0.061458 0.171296 0.994620 1920.000000 1080.000000
0 847 0.315104 0.916204 0.061458 0.169444 0.994570 1920.000000 1080.000000
0 848 0.314063 0.917593 0.061458 0.166667 0.994480 1920.000000 1080.000000
0 849 0.313021 0.918981 0.061458 0.163889 0.994380 1920.000000 1080.000000
0 850 0.311979 0.919907 0.061458 0.162037 0.994320 1920.000000 1080.000000
0 851 0.310937 0.921296 0.061458 0.159259 0.994220 1920.000000 1080.000000
0 852 0.309896 0.922685 0.061458 0.156481 0.994120 1920.000000 1080.000000
0 853 0.308333 0.924074 0.061458 0.153704 0.994010 1920.000000 1080.000000
0 854 0.307292 0.925926 0.061458 0.150000 0.993870 1920.000000 1080.000000
0 855 0.305729 0.927778 0.061458 0.146296 0.993710 1920.000000 1080.000000
0 856 0.304688 0.929167 0.061458 0.143519 0.993590 1920.000000 1080.000000
0 857 0.303125 0.931019 0.061458 0.139815 0.993420 1920.000000 1080.000000
0 858 0.302083 0.932870 0.061458 0.136111 0.993240 1920.000000 1080.000000
0 859 0.300521 0.934722 0.061458 0.132407 0.993060 1920.000000 1080.000000
0 860 0.299479 0.936111 0.061458 0.129630 0.992910 1920.000000 1080.000000
0 861 0.297917 0.937963 0.061458 0.125926 0.992700 1920.000000 1080.000000
0 862 0.296875 0.939815 0.061458 0.122222 0.992480 1920.000000 1080.000000
0 863 0.295312 0.941204 0.061458 0.119444 0.992310 1920.000000 1080.000000
0 864 0.294271 0.943056 0.061458 0.115741 0.992060 1920.000000 1080.000000
0 865 0.292708 0.944907 0.061458 0.112037 0.991800 1920.000000 1080.000000
0 866 0.291667 0.946759 0.061458 0.108333 0.991530 1920.000000 1080.000000
0 867 0.290625 0.948148 0.061458 0.105556 0.991300 1920.000000 1080.000000
0 868 0.290104 0.949537 0.061458 0.102778 0.991070 1920.000000 1080.000000
0 869 0.289583 0.951389 0.061458 0.099074 0.990740 1920.000000 1080.000000
0 870 0.289062 0.952778 0.061458 0.096296 0.990480 1920.000000 1080.000000
0 871 0.288281 0.954167 0.060937 0.093519 0.990200 1920.000000 1080.000000
0 872 0.287760 0.956019 0.060937 0.089815 0.989800 1920.000000 1080.000000
0 873 0.286979 0.957407 0.061458 0.087037 0.989470 1920.000000 1080.000000
0 874 0.286458 0.958796 0.061458 0.084259 0.989130 1920.000000 1080.000000
0 875 0.285677 0.960648 0.060937 0.080556 0.988640 1920.000000 1080.000000
0 876 0.285156 0.962037 0.060937 0.077778 0.988240 1920.000000 1080.000000
0 877 0.284635 0.963426 0.060937 0.075000 0.987800 1920.000000 1080.000000
