0 796 0.290365 0.292130 0.027604 0.137963 0.007037 1920.000000 1080.000000
0 797 0.290885 0.292130 0.027604 0.137963 0.004691 1920.000000 1080.000000
0 798 0.291667 0.293056 0.028125 0.137963 0.002424 1920.000000 1080.000000
0 799 0.292708 0.293056 0.028125 0.137963 0.002424 1920.000000 1080.000000
0 800 0.293229 0.293981 0.028125 0.137963 0.000000 1920.000000 1080.000000
0 801 0.294271 0.294907 0.028125 0.137963 0.000000 1920.000000 1080.000000
0 802 0.295052 0.294907 0.028646 0.137963 0.000000 1920.000000 1080.000000
0 803 0.296094 0.295833 0.028646 0.137963 0.000000 1920.000000 1080.000000
0 804 0.296615 0.296759 0.028646 0.137963 0.000000 1920.000000 1080.000000
0 805 0.297396 0.296759 0.029167 0.137963 0.000000 1920.000000 1080.000000
0 806 0.298438 0.297685 0.029167 0.137963 0.000000 1920.000000 1080.000000
0 807 0.298958 0.298611 0.029167 0.137963 0.000000 1920.000000 1080.000000
0 808 0.300000 0.298611 0.029167 0.137963 0.000000 1920.000000 1080.000000
0 809 0.300781 0.299537 0.029687 0.137963 0.000000 1920.000000 1080.000000
0 810 0.301823 0.300463 0.029687 0.137963 0.000000 1920.000000 1080.000000
0 811 0.302865 0.299537 0.029687 0.137963 0.000000 1920.000000 1080.000000
0 812 0.304427 0.299537 0.029687 0.137963 0.000000 1920.000000 1080.000000
0 813 0.305469 0.299537 0.029687 0.137963 0.000000 1920.000000 1080.000000
0 814 0.307031 0.299537 0.029687 0.137963 0.000000 1920.000000 1080.000000
0 815 0.308073 0.299074 0.029687 0.137037 0.000000 1920.000000 1080.000000
0 816 0.309635 0.299074 0.029687 0.137037 0.000000 1920.000000 1080.000000
0 817 0.310937 0.299074 0.029167 0.137037 0.000000 1920.000000 1080.000000
0 818 0.312240 0.298611 0.029687 0.137963 0.000000 1920.000000 1080.000000
0 819 0.313542 0.298611 0.029167 0.137963 0.000936 1920.000000 1080.000000
0 820 0.314844 0.298148 0.029687 0.137037 0.002893 1920.000000 1080.000000
0 821 0.316146 0.298148 0.029167 0.137037 0.016366 1920.000000 1080.000000
0 822 0.317448 0.298148 0.029687 0.137037 0.035293 1920.000000 1080.000000
0 823 0.318750 0.298148 0.029167 0.137037 0.049806 1920.000000 1080.000000
0 824 0.320312 0.298148 0.029167 0.137037 0.071235 1920.000000 1080.000000
0 825 0.321354 0.298148 0.029167 0.137037 0.086189 1920.000000 1080.000000
0 826 0.322396 0.299074 0.029167 0.137037 0.103850 1920.000000 1080.000000
0 827 0.323437 0.299074 0.029167 0.137037 0.120100 1920.000000 1080.000000
0 828 0.324479 0.300000 0.029167 0.137037 0.139060 1920.000000 1080.000000
0 829 0.325521 0.300000 0.029167 0.137037 0.155420 1920.000000 1080.000000
0 830 0.326562 0.300926 0.029167 0.137037 0.174850 1920.000000 1080.000000
0 831 0.327604 0.300926 0.029167 0.137037 0.193570 1920.000000 1080.000000
0 832 0.328646 0.301852 0.029167 0.137037 0.212410 1920.000000 1080.000000
0 833 0.330208 0.301852 0.029167 0.137037 0.236310 1920.000000 1080.000000
0 834 0.331250 0.302778 0.029167 0.137037 0.256090 1920.000000 1080.000000
0 835 0.332292 0.302778 0.029167 0.137037 0.272460 1920.000000 1080.000000
0 836 0.333333 0.303704 0.029167 0.137037 0.293890 1920.000000 1080.000000
0 837 0.334375 0.303704 0.029167 0.137037 0.311670 1920.000000 1080.000000
0 838 0.335417 0.304630 0.029167 0.137037 0.326500 1920.000000 1080.000000
0 839 0.336458 0.304630 0.029167 0.137037 0.346760 1920.000000 1080.000000
0 840 0.337500 0.305556 0.029167 0.137037 0.363240 1920.000000 1080.000000
0 841 0.339062 0.306481 0.029167 0.137037 0.393620 1920.000000 1080.000000
0 842 0.339583 0.306481 0.029167 0.137037 0.406220 1920.000000 1080.000000
0 843 0.340104 0.307407 0.029167 0.137037 0.419990 1920.000000 1080.000000
0 844 0.341146 0.308333 0.029167 0.137037 0.449780 1920.000000 1080.000000
0 845 0.341667 0.309259 0.029167 0.137037 0.470390 1920.000000 1080.000000
0 846 0.342187 0.309722 0.029167 0.136111 0.489450 1920.000000 1080.000000
0 847 0.343229 0.310648 0.029167 0.136111 0.519910 1920.000000 1080.000000
0 848 0.343750 0.311574 0.029167 0.136111 0.538880 1920.000000 1080.000000
0 849 0.344271 0.312500 0.029167 0.136111 0.553580 1920.000000 1080.000000
0 850 0.345313 0.312963 0.029167 0.135185 0.584200 1920.000000 1080.000000
0 851 0.345833 0.313889 0.029167 0.135185 0.595890 1920.000000 1080.000000
0 852 0.346354 0.314815 0.029167 0.135185 0.606400 1920.000000 1080.000000
0 853 0.347396 0.315741 0.029167 0.135185 0.618810 1920.000000 1080.000000
0 854 0.348438 0.315741 0.029167 0.135185 0.630030 1920.000000 1080.000000
0 855 0.349479 0.315741 0.029167 0.135185 0.646740 1920.000000 1080.000000
0 856 0.350521 0.315741 0.029167 0.135185 0.659030 1920.000000 1080.000000
0 857 0.351562 0.315741 0.029167 0.135185 0.675860 1920.000000 1080.000000
0 858 0.352604 0.315741 0.029167 0.135185 0.694470 1920.000000 1080.000000
0 859 0.353646 0.315741 0.029167 0.135185 0.707480 1920.000000 1080.000000
0 860 0.354687 0.316204 0.029167 0.134259 0.728910 1920.000000 1080.000000
0 861 0.355729 0.316204 0.029167 0.134259 0.750420 1920.000000 1080.000000
0 862 0.356771 0.316204 0.029167 0.134259 0.765800 1920.000000 1080.000000
0 863 0.357812 0.316204 0.029167 0.134259 0.788030 1920.000000 1080.000000
0 864 0.358854 0.316204 0.029167 0.134259 0.803410 1920.000000 1080.000000
0 865 0.359896 0.316204 0.029167 0.134259 0.823240 1920.000000 1080.000000
0 866 0.360938 0.316204 0.029167 0.134259 0.845710 1920.000000 1080.000000
0 867 0.361979 0.317130 0.029167 0.134259 0.856400 1920.000000 1080.000000
0 868 0.362500 0.317130 0.029167 0.134259 0.870940 1920.000000 1080.000000
0 869 0.363021 0.317130 0.029167 0.134259 0.885480 1920.000000 1080.000000
0 870 0.363802 0.317130 0.029687 0.134259 0.894900 1920.000000 1080.000000
0 871 0.364323 0.318056 0.029687 0.134259 0.896550 1920.000000 1080.000000
0 872 0.364844 0.318056 0.029687 0.134259 0.910720 1920.000000 1080.000000
0 873 0.365885 0.318056 0.029687 0.134259 0.925600 1920.000000 1080.000000
0 874 0.366406 0.318056 0.029687 0.134259 0.933040 1920.000000 1080.000000
0 875 0.366927 0.318981 0.029687 0.134259 0.941430 1920.000000 1080.000000
0 876 0.367708 0.318981 0.030208 0.134259 0.949620 1920.000000 1080.000000
0 877 0.368229 0.318981 0.030208 0.134259 0.956120 1920.000000 1080.000000
0 878 0.369271 0.319907 0.030208 0.134259 0.956470 1920.000000 1080.000000
0 879 0.369792 0.319907 0.030208 0.134259 0.948920 1920.000000 1080.000000
0 880 0.370833 0.320833 0.030208 0.134259 0.948340 1920.000000 1080.000000
0 881 0.371875 0.321759 0.030208 0.134259 0.940560 1920.000000 1080.000000
0 882 0.372917 0.322685 0.030208 0.134259 0.940560 1920.000000 1080.000000
0 883 0.373437 0.323611 0.030208 0.134259 0.955420 1920.000000 1080.000000
0 884 0.374479 0.324537 0.030208 0.134259 0.955420 1920.000000 1080.000000
0 885 0.375521 0.325463 0.030208 0.134259 0.940560 1920.000000 1080.000000
0 886 0.376563 0.326389 0.030208 0.134259 0.940560 1920.000000 1080.000000
0 887 0.377083 0.327315 0.030208 0.134259 0.955420 1920.000000 1080.000000
0 888 0.378125 0.328241 0.030208 0.134259 0.955420 1920.000000 1080.000000
0 889 0.379167 0.329167 0.030208 0.134259 0.955420 1920.000000 1080.000000
0 890 0.380208 0.330093 0.030208 0.134259 0.940100 1920.000000 1080.000000
0 891 0.381250 0.331019 0.030208 0.134259 0.924540 1920.000000 1080.000000
0 892 0.382292 0.332407 0.030208 0.135185 0.907760 1920.000000 1080.000000
0 893 0.383333 0.333333 0.030208 0.135185 0.891040 1920.000000 1080.000000
0 894 0.384375 0.334722 0.030208 0.136111 0.874140 1920.000000 1080.000000
0 895 0.385937 0.335648 0.030208 0.136111 0.856280 1920.000000 1080.000000
0 896 0.386979 0.337037 0.030208 0.137037 0.839270 1920.000000 1080.000000
0 897 0.388021 0.337963 0.030208 0.137037 0.821860 1920.000000 1080.000000
0 898 0.389062 0.339352 0.030208 0.137963 0.804750 1920.000000 1080.000000
0 899 0.390104 0.340278 0.030208 0.137963 0.772200 1920.000000 1080.000000
0 900 0.391667 0.341667 0.030208 0.138889 0.737790 1920.000000 1080.000000
0 901 0.392708 0.342593 0.030208 0.138889 0.705020 1920.000000 1080.000000
0 902 0.393750 0.343981 0.030208 0.139815 0.686440 1920.000000 1080.000000
0 903 0.394792 0.344907 0.030208 0.139815 0.653430 1920.000000 1080.000000
0 904 0.396354 0.346759 0.030208 0.139815 0.615300 1920.000000 1080.000000
0 905 0.397396 0.346759 0.030208 0.139815 0.584630 1920.000000 1080.000000
0 906 0.398438 0.347685 0.030208 0.139815 0.551400 1920.000000 1080.000000
0 907 0.399479 0.347685 0.030208 0.139815 0.534790 1920.000000 1080.000000
0 908 0.400521 0.348611 0.030208 0.139815 0.501560 1920.000000 1080.000000
0 909 0.401562 0.349074 0.030208 0.140741 0.484880 1920.000000 1080.000000
0 910 0.402604 0.349537 0.030208 0.139815 0.451720 1920.000000 1080.000000
0 911 0.403646 0.350000 0.030208 0.140741 0.435030 1920.000000 1080.000000
0 912 0.404687 0.350463 0.030208 0.139815 0.401870 1920.000000 1080.000000
0 913 0.405729 0.350926 0.030208 0.140741 0.389280 1920.000000 1080.000000
0 914 0.406771 0.351852 0.030208 0.140741 0.368560 1920.000000 1080.000000
0 915 0.408333 0.352778 0.030208 0.140741 0.351940 1920.000000 1080.000000
0 916 0.409896 0.353704 0.030208 0.140741 0.330900 1920.000000 1080.000000
0 917 0.411458 0.354630 0.030208 0.140741 0.314170 1920.000000 1080.000000
0 918 0.413281 0.355556 0.029687 0.140741 0.280590 1920.000000 1080.000000
0 919 0.415104 0.356481 0.030208 0.140741 0.242270 1920.000000 1080.000000
0 920 0.416667 0.357407 0.030208 0.140741 0.225430 1920.000000 1080.000000
0 921 0.418490 0.358333 0.029687 0.140741 0.189660 1920.000000 1080.000000
0 922 0.420052 0.359259 0.029687 0.140741 0.172410 1920.000000 1080.000000
0 923 0.421875 0.360185 0.030208 0.140741 0.152540 1920.000000 1080.000000
0 924 0.423698 0.361111 0.029687 0.140741 0.103450 1920.000000 1080.000000
0 925 0.425260 0.362037 0.029687 0.140741 0.086207 1920.000000 1080.000000
0 926 0.426823 0.362963 0.029687 0.140741 0.068966 1920.000000 1080.000000
0 927 0.428906 0.363889 0.029687 0.140741 0.034483 1920.000000 1080.000000
0 928 0.430469 0.363889 0.029687 0.140741 0.017241 1920.000000 1080.000000
0 929 0.432031 0.364815 0.029687 0.140741 0.000000 1920.000000 1080.000000
0 930 0.433594 0.365741 0.029687 0.140741 0.000000 1920.000000 1080.000000
0 931 0.435677 0.366667 0.029687 0.140741 0.000000 1920.000000 1080.000000
0 932 0.437240 0.367593 0.029687 0.140741 0.000225 1920.000000 1080.000000
0 933 0.438802 0.367593 0.029687 0.140741 0.000676 1920.000000 1080.000000
0 934 0.440365 0.368519 0.029687 0.140741 0.001014 1920.000000 1080.000000
0 935 0.442448 0.369444 0.029687 0.140741 0.002028 1920.000000 1080.000000
0 936 0.444010 0.370370 0.029687 0.140741 0.002367 1920.000000 1080.000000
0 937 0.445573 0.371296 0.029687 0.140741 0.002704 1920.000000 1080.000000
0 938 0.447135 0.371296 0.029687 0.140741 0.004057 1920.000000 1080.000000
0 939 0.449219 0.372222 0.029687 0.140741 0.004958 1920.000000 1080.000000
0 940 0.450781 0.373148 0.029687 0.140741 0.022200 1920.000000 1080.000000
0 941 0.452344 0.374074 0.029687 0.140741 0.039441 1920.000000 1080.000000
0 942 0.453906 0.375000 0.029687 0.140741 0.021636 1920.000000 1080.000000
0 943 0.455990 0.375926 0.029687 0.140741 0.003606 1920.000000 1080.000000
0 944 0.457552 0.375926 0.029687 0.140741 0.005747 1920.000000 1080.000000
0 945 0.459115 0.375926 0.029687 0.140741 0.005747 1920.000000 1080.000000
0 946 0.461198 0.376852 0.029687 0.140741 0.004282 1920.000000 1080.000000
0 947 0.462760 0.376852 0.029687 0.140741 0.006761 1920.000000 1080.000000
0 948 0.464323 0.377778 0.029687 0.140741 0.004733 1920.000000 1080.000000
0 949 0.466406 0.377778 0.029687 0.140741 0.007776 1920.000000 1080.000000
0 950 0.467969 0.378704 0.029687 0.140741 0.005409 1920.000000 1080.000000
0 951 0.470052 0.378704 0.029687 0.140741 0.008452 1920.000000 1080.000000
0 952 0.471615 0.379630 0.029687 0.140741 0.019721 1920.000000 1080.000000
0 953 0.473177 0.379630 0.029687 0.140741 0.049696 1920.000000 1080.000000
0 954 0.475260 0.380556 0.029687 0.140741 0.034934 1920.000000 1080.000000
0 955 0.476823 0.380556 0.029687 0.140741 0.030989 1920.000000 1080.000000
0 956 0.478906 0.381481 0.029687 0.140741 0.027834 1920.000000 1080.000000
0 957 0.480469 0.381481 0.029687 0.140741 0.023439 1920.000000 1080.000000
0 958 0.482031 0.381481 0.029687 0.140741 0.018368 1920.000000 1080.000000
0 959 0.483594 0.382407 0.029687 0.140741 0.010142 1920.000000 1080.000000
0 960 0.485156 0.382407 0.029687 0.140741 0.005071 1920.000000 1080.000000
0 961 0.486719 0.383333 0.029687 0.140741 0.000000 1920.000000 1080.000000
0 962 0.488281 0.383333 0.029687 0.140741 0.000000 1920.000000 1080.000000
0 963 0.489844 0.383333 0.029687 0.140741 0.000000 1920.000000 1080.000000
0 964 0.491406 0.384259 0.029687 0.140741 0.000000 1920.000000 1080.000000
0 965 0.492969 0.384259 0.029687 0.140741 0.000000 1920.000000 1080.000000
0 966 0.494531 0.385185 0.029687 0.140741 0.000000 1920.000000 1080.000000
0 967 0.496094 0.385185 0.029687 0.140741 0.000000 1920.000000 1080.000000
0 968 0.497656 0.386111 0.029687 0.140741 0.000000 1920.000000 1080.000000
0 969 0.498698 0.386111 0.029687 0.140741 0.000000 1920.000000 1080.000000
0 970 0.500260 0.386111 0.029687 0.140741 0.000000 1920.000000 1080.000000
0 971 0.501823 0.386111 0.029687 0.140741 0.000000 1920.000000 1080.000000
0 972 0.503385 0.387037 0.029687 0.140741 0.000000 1920.000000 1080.000000
0 973 0.504948 0.387037 0.029687 0.140741 0.000000 1920.000000 1080.000000
0 974 0.505990 0.387037 0.029687 0.140741 0.000000 1920.000000 1080.000000
0 975 0.507552 0.387963 0.029687 0.140741 0.000000 1920.000000 1080.000000
0 976 0.509115 0.387963 0.029687 0.140741 0.000000 1920.000000 1080.000000
0 977 0.510677 0.387963 0.029687 0.140741 0.000000 1920.000000 1080.000000
0 978 0.512240 0.388889 0.029687 0.140741 0.000000 1920.000000 1080.000000
0 979 0.512760 0.388889 0.029687 0.140741 0.000000 1920.000000 1080.000000
0 980 0.513802 0.389352 0.029687 0.141667 0.000000 1920.000000 1080.000000
0 981 0.514583 0.390278 0.030208 0.141667 0.011006 1920.000000 1080.000000
0 982 0.515365 0.390741 0.029687 0.142593 0.022692 1920.000000 1080.000000
0 983 0.516146 0.391667 0.030208 0.142593 0.043740 1920.000000 1080.000000
0 984 0.517188 0.392130 0.030208 0.143519 0.060952 1920.000000 1080.000000
0 985 0.517969 0.393056 0.030729 0.143519 0.076282 1920.000000 1080.000000
0 986 0.518750 0.393519 0.030208 0.144444 0.088092 1920.000000 1080.000000
0 987 0.519792 0.394444 0.030208 0.144444 0.099104 1920.000000 1080.000000
0 988 0.520573 0.394907 0.030729 0.145370 0.120680 1920.000000 1080.000000
0 989 0.521354 0.395370 0.030208 0.146296 0.133030 1920.000000 1080.000000
0 990 0.522135 0.396296 0.030729 0.146296 0.147170 1920.000000 1080.000000
0 991 0.523177 0.396759 0.030729 0.147222 0.165620 1920.000000 1080.000000
0 992 0.523958 0.397685 0.031250 0.147222 0.175820 1920.000000 1080.000000
0 993 0.524740 0.398148 0.030729 0.148148 0.192030 1920.000000 1080.000000
0 994 0.525521 0.399074 0.031250 0.148148 0.208840 1920.000000 1080.000000
0 995 0.526563 0.399537 0.031250 0.149074 0.213420 1920.000000 1080.000000
0 996 0.527604 0.400463 0.031250 0.149074 0.215440 1920.000000 1080.000000
0 997 0.528125 0.400463 0.031250 0.149074 0.228900 1920.000000 1080.000000
0 998 0.528646 0.401389 0.031250 0.149074 0.232950 1920.000000 1080.000000
0 999 0.529167 0.401389 0.031250 0.149074 0.238620 1920.000000 1080.000000
0 1000 0.529948 0.402315 0.031771 0.149074 0.242230 1920.000000 1080.000000
0 1001 0.530469 0.403241 0.031771 0.149074 0.233270 1920.000000 1080.000000
0 1002 0.530990 0.403241 0.031771 0.149074 0.234770 1920.000000 1080.000000
0 1003 0.531510 0.404167 0.031771 0.149074 0.217840 1920.000000 1080.000000
0 1004 0.532552 0.404167 0.031771 0.149074 0.203700 1920.000000 1080.000000
0 1005 0.533073 0.405093 0.031771 0.149074 0.195940 1920.000000 1080.000000
0 1006 0.533594 0.406019 0.031771 0.149074 0.193950 1920.000000 1080.000000
0 1007 0.534115 0.406019 0.031771 0.149074 0.197030 1920.000000 1080.000000
0 1008 0.534896 0.406944 0.032292 0.149074 0.197430 1920.000000 1080.000000
0 1009 0.535417 0.406944 0.032292 0.149074 0.201350 1920.000000 1080.000000
0 1010 0.535937 0.407870 0.032292 0.149074 0.201550 1920.000000 1080.000000
0 1011 0.536979 0.408796 0.032292 0.149074 0.206250 1920.000000 1080.000000
0 1012 0.538021 0.407870 0.032292 0.149074 0.228400 1920.000000 1080.000000
0 1013 0.539583 0.407870 0.032292 0.149074 0.243090 1920.000000 1080.000000
0 1014 0.540625 0.407870 0.032292 0.149074 0.255050 1920.000000 1080.000000
0 1015 0.542188 0.407870 0.032292 0.149074 0.271600 1920.000000 1080.000000
0 1016 0.543229 0.407870 0.032292 0.149074 0.285220 1920.000000 1080.000000
0 1017 0.544792 0.407870 0.032292 0.149074 0.308640 1920.000000 1080.000000
0 1018 0.546354 0.407870 0.032292 0.149074 0.336960 1920.000000 1080.000000
0 1019 0.547396 0.406944 0.032292 0.149074 0.364200 1920.000000 1080.000000
0 1020 0.548958 0.406944 0.032292 0.149074 0.364200 1920.000000 1080.000000
0 1021 0.550000 0.406944 0.032292 0.149074 0.364200 1920.000000 1080.000000
0 1022 0.551562 0.406944 0.032292 0.149074 0.376250 1920.000000 1080.000000
0 1023 0.552604 0.406944 0.032292 0.149074 0.376250 1920.000000 1080.000000
0 1024 0.554167 0.406944 0.032292 0.149074 0.382130 1920.000000 1080.000000
0 1025 0.555729 0.406944 0.032292 0.149074 0.388010 1920.000000 1080.000000
0 1026 0.557292 0.406944 0.032292 0.149074 0.393890 1920.000000 1080.000000
0 1027 0.558854 0.407407 0.032292 0.150000 0.402960 1920.000000 1080.000000
0 1028 0.560417 0.407870 0.032292 0.149074 0.416320 1920.000000 1080.000000
0 1029 0.562240 0.408333 0.032813 0.150000 0.429540 1920.000000 1080.000000
0 1030 0.563802 0.408796 0.032813 0.149074 0.442130 1920.000000 1080.000000
0 1031 0.565625 0.409259 0.032292 0.150000 0.420290 1920.000000 1080.000000
0 1032 0.567448 0.409722 0.032813 0.149074 0.390720 1920.000000 1080.000000
0 1033 0.569010 0.410185 0.032813 0.150000 0.373560 1920.000000 1080.000000
0 1034 0.570573 0.410648 0.032813 0.150926 0.350320 1920.000000 1080.000000
0 1035 0.572396 0.411111 0.033333 0.150000 0.326000 1920.000000 1080.000000
0 1036 0.574219 0.411574 0.032813 0.150926 0.302500 1920.000000 1080.000000
0 1037 0.575781 0.412037 0.032813 0.150000 0.276360 1920.000000 1080.000000
0 1038 0.577604 0.412500 0.033333 0.150926 0.254500 1920.000000 1080.000000
0 1039 0.579167 0.412963 0.033333 0.150000 0.237380 1920.000000 1080.000000
0 1040 0.580729 0.413426 0.033333 0.150926 0.231330 1920.000000 1080.000000
0 1041 0.582812 0.414352 0.033333 0.150926 0.203850 1920.000000 1080.000000
0 1042 0.585417 0.414352 0.033333 0.150926 0.179360 1920.000000 1080.000000
0 1043 0.588542 0.414352 0.033333 0.150926 0.148410 1920.000000 1080.000000
0 1044 0.591406 0.414352 0.033854 0.150926 0.120840 1920.000000 1080.000000
0 1045 0.594531 0.415278 0.033854 0.150926 0.082132 1920.000000 1080.000000
0 1046 0.597656 0.415278 0.033854 0.150926 0.048319 1920.000000 1080.000000
0 1047 0.600521 0.415278 0.034375 0.150926 0.045868 1920.000000 1080.000000
0 1048 0.603646 0.415278 0.034375 0.150926 0.041500 1920.000000 1080.000000
0 1049 0.606771 0.416204 0.034375 0.150926 0.032490 1920.000000 1080.000000
0 1050 0.609375 0.416204 0.034375 0.150926 0.029305 1920.000000 1080.000000
0 1051 0.611979 0.416204 0.034375 0.150926 0.026119 1920.000000 1080.000000
0 1052 0.614583 0.416204 0.034375 0.150926 0.022934 1920.000000 1080.000000
0 1053 0.617188 0.417130 0.034375 0.150926 0.016928 1920.000000 1080.000000
0 1054 0.619792 0.417130 0.034375 0.150926 0.015926 1920.000000 1080.000000
0 1055 0.622396 0.417130 0.034375 0.150926 0.012741 1920.000000 1080.000000
0 1056 0.625000 0.417130 0.034375 0.150926 0.009556 1920.000000 1080.000000
0 1057 0.627604 0.418056 0.034375 0.150926 0.005461 1920.000000 1080.000000
0 1058 0.630208 0.418056 0.034375 0.150926 0.002730 1920.000000 1080.000000
0 1059 0.632812 0.418056 0.034375 0.150926 0.000000 1920.000000 1080.000000
0 1060 0.635417 0.418056 0.034375 0.150926 0.000000 1920.000000 1080.000000
0 1061 0.638021 0.418981 0.034375 0.150926 0.000000 1920.000000 1080.000000
0 1062 0.639583 0.418981 0.034375 0.150926 0.000000 1920.000000 1080.000000
0 1063 0.641146 0.419444 0.034375 0.151852 0.000000 1920.000000 1080.000000
0 1064 0.642969 0.419907 0.033854 0.150926 0.000000 1920.000000 1080.000000
0 1065 0.644531 0.420370 0.033854 0.151852 0.000000 1920.000000 1080.000000
0 1066 0.646615 0.420370 0.033854 0.151852 0.000000 1920.000000 1080.000000
0 1067 0.648177 0.421296 0.033854 0.151852 0.000000 1920.000000 1080.000000
0 1068 0.650000 0.421296 0.033333 0.151852 0.000000 1920.000000 1080.000000
0 1069 0.651563 0.421759 0.033333 0.152778 0.000000 1920.000000 1080.000000
0 1070 0.653385 0.422685 0.032813 0.152778 0.000000 1920.000000 1080.000000
0 1071 0.655208 0.422685 0.033333 0.152778 0.000000 1920.000000 1080.000000
0 1072 0.657031 0.423148 0.032813 0.153704 0.000000 1920.000000 1080.000000
0 1073 0.658594 0.423611 0.032813 0.152778 0.000000 1920.000000 1080.000000
0 1074 0.660417 0.424074 0.032292 0.153704 0.000000 1920.000000 1080.000000
0 1075 0.661979 0.424074 0.032292 0.153704 0.000000 1920.000000 1080.000000
0 1076 0.664062 0.425000 0.032292 0.153704 0.000000 1920.000000 1080.000000
0 1077 0.665625 0.425000 0.032292 0.153704 0.000000 1920.000000 1080.000000
0 1078 0.667188 0.425926 0.032292 0.153704 0.000000 1920.000000 1080.000000
0 1079 0.669010 0.426389 0.031771 0.154630 0.000000 1920.000000 1080.000000
0 1080 0.670573 0.426389 0.031771 0.154630 0.000000 1920.000000 1080.000000
0 1081 0.672656 0.427315 0.031771 0.154630 0.000000 1920.000000 1080.000000
0 1082 0.674219 0.427315 0.031771 0.154630 0.000000 1920.000000 1080.000000
0 1083 0.676042 0.427778 0.031250 0.155556 0.000000 1920.000000 1080.000000
0 1084 0.677604 0.428241 0.031250 0.154630 0.000000 1920.000000 1080.000000
0 1085 0.679427 0.428704 0.030729 0.155556 0.000000 1920.000000 1080.000000
0 1086 0.681250 0.428704 0.031250 0.155556 0.000000 1920.000000 1080.000000
0 1087 0.683073 0.429630 0.030729 0.155556 0.000000 1920.000000 1080.000000
0 1088 0.684635 0.430093 0.030729 0.156481 0.000000 1920.000000 1080.000000
0 1089 0.686458 0.430093 0.030208 0.156481 0.008674 1920.000000 1080.000000
0 1090 0.688021 0.431019 0.030208 0.156481 0.034297 1920.000000 1080.000000
0 1091 0.690104 0.431019 0.030208 0.156481 0.068594 1920.000000 1080.000000
0 1092 0.691667 0.431944 0.030208 0.156481 0.131510 1920.000000 1080.000000
0 1093 0.693229 0.431944 0.030208 0.156481 0.201500 1920.000000 1080.000000
0 1094 0.695052 0.432407 0.029687 0.157407 0.257110 1920.000000 1080.000000
0 1095 0.696615 0.432870 0.029687 0.156481 0.304260 1920.000000 1080.000000
0 1096 0.698698 0.433333 0.029687 0.157407 0.367820 1920.000000 1080.000000
0 1097 0.700260 0.433796 0.029687 0.158333 0.423820 1920.000000 1080.000000
0 1098 0.702083 0.434259 0.029167 0.157407 0.478920 1920.000000 1080.000000
0 1099 0.703646 0.434722 0.029167 0.158333 0.525910 1920.000000 1080.000000
0 1100 0.705469 0.434722 0.028646 0.158333 0.584300 1920.000000 1080.000000
0 1101 0.707292 0.435648 0.029167 0.158333 0.641780 1920.000000 1080.000000
0 1102 0.709115 0.435648 0.028646 0.158333 0.705880 1920.000000 1080.000000
0 1103 0.710677 0.436111 0.028646 0.159259 0.756810 1920.000000 1080.000000
0 1104 0.712500 0.436574 0.028125 0.158333 0.824520 1920.000000 1080.000000
0 1105 0.714063 0.437037 0.028125 0.159259 0.880080 1920.000000 1080.000000
0 1106 0.716146 0.437963 0.028125 0.159259 0.919080 1920.000000 1080.000000
0 1107 0.717448 0.437963 0.028646 0.159259 0.919080 1920.000000 1080.000000
0 1108 0.719271 0.438889 0.029167 0.159259 0.924860 1920.000000 1080.000000
0 1109 0.720573 0.438889 0.029687 0.159259 0.924860 1920.000000 1080.000000
0 1110 0.722396 0.439815 0.030208 0.159259 0.930640 1920.000000 1080.000000
0 1111 0.723698 0.439815 0.030729 0.159259 0.930640 1920.000000 1080.000000
0 1112 0.725521 0.440741 0.031250 0.159259 0.936420 1920.000000 1080.000000
0 1113 0.727083 0.440741 0.031250 0.159259 0.936420 1920.000000 1080.000000
0 1114 0.728646 0.441667 0.032292 0.159259 0.942200 1920.000000 1080.000000
0 1115 0.730208 0.441667 0.032292 0.159259 0.947980 1920.000000 1080.000000
0 1116 0.731771 0.442593 0.033333 0.159259 0.953760 1920.000000 1080.000000
0 1117 0.733333 0.442593 0.033333 0.159259 0.953760 1920.000000 1080.000000
0 1118 0.735156 0.443519 0.033854 0.159259 0.959540 1920.000000 1080.000000
0 1119 0.736198 0.443519 0.033854 0.159259 0.959540 1920.000000 1080.000000
0 1120 0.737240 0.443519 0.033854 0.159259 0.959540 1920.000000 1080.000000
0 1121 0.738542 0.444444 0.033333 0.159259 0.965320 1920.000000 1080.000000
0 1122 0.739583 0.444444 0.033333 0.159259 0.965320 1920.000000 1080.000000
0 1123 0.740625 0.444444 0.033333 0.159259 0.965320 1920.000000 1080.000000
0 1124 0.741927 0.445370 0.032813 0.159259 0.971100 1920.000000 1080.000000
0 1125 0.742969 0.445370 0.032813 0.159259 0.976880 1920.000000 1080.000000
0 1126 0.744010 0.445370 0.032813 0.159259 0.976880 1920.000000 1080.000000
0 1127 0.745573 0.446296 0.032813 0.159259 0.982660 1920.000000 1080.000000
0 1128 0.746615 0.446296 0.032813 0.159259 0.982660 1920.000000 1080.000000
0 1129 0.747656 0.446296 0.032813 0.159259 0.982660 1920.000000 1080.000000
0 1130 0.748958 0.447222 0.032292 0.159259 0.988440 1920.000000 1080.000000
0 1131 0.750000 0.447222 0.032292 0.159259 0.988440 1920.000000 1080.000000
0 1132 0.751042 0.447222 0.032292 0.159259 0.988440 1920.000000 1080.000000
0 1133 0.752344 0.448148 0.031771 0.159259 0.994220 1920.000000 1080.000000
0 1134 0.753385 0.448148 0.031771 0.159259 1.000000 1920.000000 1080.000000
0 1135 0.754948 0.449074 0.031771 0.159259 1.000000 1920.000000 1080.000000
0 1136 0.755469 0.449537 0.031771 0.160185 1.000000 1920.000000 1080.000000
0 1137 0.756250 0.450463 0.032292 0.160185 1.000000 1920.000000 1080.000000
0 1138 0.757031 0.450926 0.031771 0.161111 1.000000 1920.000000 1080.000000
0 1139 0.757812 0.451852 0.032292 0.161111 1.000000 1920.000000 1080.000000
0 1140 0.758594 0.452315 0.031771 0.162037 1.000000 1920.000000 1080.000000
0 1141 0.759375 0.453241 0.032292 0.162037 1.000000 1920.000000 1080.000000
0 1142 0.759896 0.453704 0.032292 0.162963 0.940450 1920.000000 1080.000000
0 1143 0.760938 0.454630 0.032292 0.162963 0.851130 1920.000000 1080.000000
0 1144 0.761458 0.455093 0.032292 0.163889 0.761730 1920.000000 1080.000000
0 1145 0.762500 0.456019 0.032292 0.163889 0.685390 1920.000000 1080.000000
0 1146 0.763021 0.456481 0.032292 0.164815 0.595370 1920.000000 1080.000000
0 1147 0.764062 0.457407 0.032292 0.164815 0.517600 1920.000000 1080.000000
0 1148 0.765104 0.457407 0.032292 0.164815 0.430520 1920.000000 1080.000000
0 1149 0.766146 0.458333 0.032292 0.164815 0.351780 1920.000000 1080.000000
0 1150 0.767188 0.458333 0.032292 0.164815 0.265670 1920.000000 1080.000000
0 1151 0.768229 0.459259 0.032292 0.164815 0.190740 1920.000000 1080.000000
0 1152 0.769271 0.459722 0.032292 0.165741 0.104850 1920.000000 1080.000000
0 1153 0.770312 0.460185 0.032292 0.164815 0.056575 1920.000000 1080.000000
0 1154 0.771875 0.460648 0.032292 0.165741 0.057143 1920.000000 1080.000000
0 1155 0.772917 0.461111 0.032292 0.164815 0.052142 1920.000000 1080.000000
0 1156 0.773958 0.461574 0.032292 0.165741 0.050441 1920.000000 1080.000000
0 1157 0.775000 0.462500 0.032292 0.165741 0.045855 1920.000000 1080.000000
0 1158 0.776042 0.462500 0.032292 0.165741 0.043210 1920.000000 1080.000000
0 1159 0.777083 0.463426 0.032292 0.165741 0.034392 1920.000000 1080.000000
0 1160 0.778646 0.464352 0.032292 0.165741 0.027513 1920.000000 1080.000000
0 1161 0.779687 0.464352 0.032292 0.165741 0.024074 1920.000000 1080.000000
0 1162 0.780729 0.464352 0.032292 0.165741 0.018342 1920.000000 1080.000000
0 1163 0.781771 0.465278 0.032292 0.165741 0.010582 1920.000000 1080.000000
0 1164 0.783073 0.465278 0.032813 0.165741 0.006771 1920.000000 1080.000000
0 1165 0.784115 0.465741 0.032813 0.164815 0.000000 1920.000000 1080.000000
0 1166 0.785156 0.466204 0.032813 0.165741 0.000000 1920.000000 1080.000000
0 1167 0.786198 0.466667 0.032813 0.164815 0.000000 1920.000000 1080.000000
0 1168 0.787500 0.467130 0.033333 0.165741 0.000000 1920.000000 1080.000000
0 1169 0.788542 0.467593 0.033333 0.164815 0.000000 1920.000000 1080.000000
0 1170 0.789583 0.467593 0.033333 0.164815 0.000000 1920.000000 1080.000000
0 1171 0.790885 0.468056 0.033854 0.165741 0.000000 1920.000000 1080.000000
0 1172 0.791927 0.468519 0.033854 0.164815 0.000000 1920.000000 1080.000000
0 1173 0.792969 0.468981 0.033854 0.165741 0.000000 1920.000000 1080.000000
0 1174 0.794010 0.469444 0.033854 0.164815 0.005333 1920.000000 1080.000000
0 1175 0.795312 0.469444 0.034375 0.164815 0.015759 1920.000000 1080.000000
0 1176 0.796354 0.470370 0.034375 0.164815 0.025015 1920.000000 1080.000000
0 1177 0.797396 0.470370 0.034375 0.164815 0.035020 1920.000000 1080.000000
0 1178 0.798958 0.471296 0.034375 0.164815 0.041191 1920.000000 1080.000000
0 1179 0.800521 0.471296 0.034375 0.164815 0.050696 1920.000000 1080.000000
0 1180 0.802083 0.472222 0.034375 0.164815 0.070458 1920.000000 1080.000000
0 1181 0.803646 0.473148 0.034375 0.164815 0.089385 1920.000000 1080.000000
0 1182 0.805208 0.473148 0.034375 0.164815 0.124910 1920.000000 1080.000000
0 1183 0.806771 0.474074 0.034375 0.164815 0.156260 1920.000000 1080.000000
0 1184 0.808854 0.475000 0.034375 0.164815 0.172020 1920.000000 1080.000000
0 1185 0.810417 0.475926 0.034375 0.164815 0.202030 1920.000000 1080.000000
0 1186 0.811979 0.475926 0.034375 0.164815 0.138500 1920.000000 1080.000000
0 1187 0.813542 0.476852 0.034375 0.164815 0.114150 1920.000000 1080.000000
0 1188 0.815104 0.477778 0.034375 0.164815 0.094889 1920.000000 1080.000000
0 1189 0.817187 0.478704 0.034375 0.164815 0.075461 1920.000000 1080.000000
0 1190 0.818750 0.478704 0.034375 0.164815 0.055866 1920.000000 1080.000000
0 1191 0.820833 0.479167 0.034375 0.165741 0.055556 1920.000000 1080.000000
0 1192 0.822917 0.480093 0.034375 0.165741 0.050000 1920.000000 1080.000000
0 1193 0.825000 0.480556 0.034375 0.166667 0.049724 1920.000000 1080.000000
0 1194 0.827083 0.481019 0.034375 0.165741 0.044444 1920.000000 1080.000000
0 1195 0.828646 0.481481 0.034375 0.166667 0.042220 1920.000000 1080.000000
0 1196 0.830729 0.481944 0.034375 0.167593 0.039364 1920.000000 1080.000000
0 1197 0.832812 0.482870 0.034375 0.167593 0.036739 1920.000000 1080.000000
0 1198 0.834896 0.482870 0.034375 0.167593 0.037641 1920.000000 1080.000000
0 1199 0.836979 0.483796 0.034375 0.167593 0.034689 1920.000000 1080.000000
0 1200 0.838542 0.484259 0.034375 0.168519 0.035886 1920.000000 1080.000000
0 1201 0.840625 0.484722 0.034375 0.169444 0.035691 1920.000000 1080.000000
0 1202 0.842708 0.485185 0.034375 0.168519 0.032298 1920.000000 1080.000000
0 1203 0.844792 0.485648 0.034375 0.169444 0.028553 1920.000000 1080.000000
0 1204 0.846875 0.486574 0.034375 0.169444 0.022713 1920.000000 1080.000000
0 1205 0.848437 0.487037 0.034375 0.170370 0.021299 1920.000000 1080.000000
0 1206 0.850521 0.487037 0.034375 0.170370 0.073901 1920.000000 1080.000000
0 1207 0.852604 0.487963 0.034375 0.170370 0.112460 1920.000000 1080.000000
0 1208 0.854688 0.488426 0.034375 0.171296 0.165060 1920.000000 1080.000000
0 1209 0.856771 0.489352 0.034375 0.171296 0.125020 1920.000000 1080.000000
0 1210 0.858854 0.489352 0.034375 0.171296 0.071738 1920.000000 1080.000000
0 1211 0.861198 0.490278 0.034896 0.171296 0.020873 1920.000000 1080.000000
0 1212 0.863802 0.491204 0.034896 0.171296 0.025459 1920.000000 1080.000000
0 1213 0.865885 0.491667 0.034896 0.172222 0.030985 1920.000000 1080.000000
0 1214 0.868229 0.492593 0.035417 0.172222 0.035341 1920.000000 1080.000000
0 1215 0.870833 0.493519 0.035417 0.172222 0.038286 1920.000000 1080.000000
0 1216 0.873177 0.494444 0.035937 0.172222 0.036516 1920.000000 1080.000000
0 1217 0.875260 0.494907 0.035937 0.173148 0.037766 1920.000000 1080.000000
0 1218 0.877865 0.495833 0.035937 0.173148 0.036550 1920.000000 1080.000000
0 1219 0.880208 0.496759 0.036458 0.173148 0.038058 1920.000000 1080.000000
0 1220 0.882812 0.497685 0.036458 0.173148 0.040605 1920.000000 1080.000000
0 1221 0.885156 0.497685 0.036979 0.173148 0.057402 1920.000000 1080.000000
0 1222 0.887760 0.497685 0.036979 0.173148 0.155590 1920.000000 1080.000000
0 1223 0.890365 0.498148 0.036979 0.174074 0.254480 1920.000000 1080.000000
0 1224 0.893229 0.498148 0.037500 0.174074 0.286440 1920.000000 1080.000000
0 1225 0.895833 0.499074 0.037500 0.174074 0.287670 1920.000000 1080.000000
0 1226 0.898438 0.499074 0.037500 0.174074 0.239470 1920.000000 1080.000000
0 1227 0.901042 0.499537 0.038542 0.175000 0.189470 1920.000000 1080.000000
0 1228 0.903646 0.499537 0.038542 0.175000 0.126740 1920.000000 1080.000000
0 1229 0.906250 0.500463 0.038542 0.175000 0.071579 1920.000000 1080.000000
0 1230 0.909115 0.500463 0.039062 0.175000 0.047645 1920.000000 1080.000000
0 1231 0.911719 0.500926 0.039062 0.175926 0.052700 1920.000000 1080.000000
0 1232 0.914323 0.500926 0.039062 0.175926 0.053872 1920.000000 1080.000000
0 1233 0.917188 0.501852 0.039583 0.175926 0.057524 1920.000000 1080.000000
0 1234 0.919271 0.500926 0.039583 0.175926 0.054328 1920.000000 1080.000000
0 1235 0.921875 0.500926 0.039583 0.175926 0.048548 1920.000000 1080.000000
0 1236 0.924479 0.500926 0.039583 0.175926 0.042769 1920.000000 1080.000000
0 1237 0.926562 0.500000 0.039583 0.175926 0.035901 1920.000000 1080.000000
0 1238 0.929167 0.500000 0.039583 0.175926 0.030462 1920.000000 1080.000000
0 1239 0.931771 0.500000 0.039583 0.175926 0.026110 1920.000000 1080.000000
0 1240 0.933854 0.499074 0.039583 0.175926 0.019379 1920.000000 1080.000000
0 1241 0.936458 0.499074 0.039583 0.175926 0.016047 1920.000000 1080.000000
0 1242 0.939063 0.499074 0.039583 0.175926 0.019786 1920.000000 1080.000000
0 1243 0.941146 0.498148 0.039583 0.175926 0.021282 1920.000000 1080.000000
0 1244 0.943750 0.498148 0.039583 0.175926 0.025702 1920.000000 1080.000000
