0 1013 0.936198 0.586574 0.052604 0.210185 0.227430 1920.000000 1080.000000
0 1014 0.932292 0.586574 0.054167 0.210185 0.269420 1920.000000 1080.000000
0 1015 0.928646 0.586574 0.056250 0.210185 0.306250 1920.000000 1080.000000
0 1016 0.925000 0.586574 0.058333 0.210185 0.340480 1920.000000 1080.000000
0 1017 0.921354 0.586574 0.060417 0.210185 0.386080 1920.000000 1080.000000
0 1018 0.917448 0.586574 0.061979 0.210185 0.451430 1920.000000 1080.000000
0 1019 0.913802 0.586574 0.064062 0.210185 0.496290 1920.000000 1080.000000
0 1020 0.910156 0.586574 0.066146 0.210185 0.519020 1920.000000 1080.000000
0 1021 0.906771 0.587037 0.067708 0.209259 0.545080 1920.000000 1080.000000
0 1022 0.902344 0.586111 0.067187 0.209259 0.582450 1920.000000 1080.000000
0 1023 0.898177 0.586111 0.067187 0.209259 0.618770 1920.000000 1080.000000
0 1024 0.894010 0.585185 0.067187 0.209259 0.629620 1920.000000 1080.000000
0 1025 0.890104 0.585185 0.066667 0.209259 0.631600 1920.000000 1080.000000
0 1026 0.885677 0.584259 0.066146 0.209259 0.630020 1920.000000 1080.000000
0 1027 0.881510 0.584259 0.066146 0.209259 0.638220 1920.000000 1080.000000
0 1028 0.877344 0.583333 0.066146 0.209259 0.662580 1920.000000 1080.000000
0 1029 0.873437 0.583333 0.065625 0.209259 0.684900 1920.000000 1080.000000
0 1030 0.869010 0.582407 0.065104 0.209259 0.711560 1920.000000 1080.000000
0 1031 0.864844 0.582407 0.065104 0.209259 0.740370 1920.000000 1080.000000
0 1032 0.860677 0.581481 0.065104 0.209259 0.766800 1920.000000 1080.000000
0 1033 0.856771 0.581481 0.064583 0.209259 0.768600 1920.000000 1080.000000
0 1034 0.853125 0.580556 0.064583 0.209259 0.766240 1920.000000 1080.000000
0 1035 0.849479 0.580556 0.064583 0.209259 0.776700 1920.000000 1080.000000
0 1036 0.846354 0.580556 0.064583 0.209259 0.797640 1920.000000 1080.000000
0 1037 0.842708 0.580556 0.064583 0.209259 0.822060 1920.000000 1080.000000
0 1038 0.839323 0.579630 0.065104 0.209259 0.844240 1920.000000 1080.000000
0 1039 0.835938 0.579630 0.064583 0.209259 0.867420 1920.000000 1080.000000
0 1040 0.832552 0.579630 0.065104 0.209259 0.889240 1920.000000 1080.000000
0 1041 0.829167 0.579630 0.064583 0.209259 0.912780 1920.000000 1080.000000
0 1042 0.825781 0.578704 0.065104 0.209259 0.933570 1920.000000 1080.000000
0 1043 0.822135 0.578704 0.065104 0.209259 0.958040 1920.000000 1080.000000
0 1044 0.819010 0.578704 0.065104 0.209259 0.979020 1920.000000 1080.000000
0 1045 0.815365 0.578704 0.065104 0.209259 1.000000 1920.000000 1080.000000
0 1046 0.812240 0.578704 0.065104 0.209259 1.000000 1920.000000 1080.000000
0 1047 0.808333 0.577778 0.064583 0.209259 1.000000 1920.000000 1080.000000
0 1048 0.804948 0.576852 0.064062 0.209259 1.000000 1920.000000 1080.000000
0 1049 0.801302 0.576852 0.064062 0.209259 1.000000 1920.000000 1080.000000
0 1050 0.797917 0.575926 0.063542 0.209259 1.000000 1920.000000 1080.000000
0 1051 0.794531 0.575926 0.063021 0.209259 1.000000 1920.000000 1080.000000
0 1052 0.790885 0.575000 0.063021 0.209259 1.000000 1920.000000 1080.000000
0 1053 0.787500 0.575000 0.062500 0.209259 1.000000 1920.000000 1080.000000
0 1054 0.783594 0.574074 0.061979 0.209259 1.000000 1920.000000 1080.000000
0 1055 0.780208 0.574074 0.061458 0.209259 1.000000 1920.000000 1080.000000
0 1056 0.776823 0.573148 0.060937 0.209259 1.000000 1920.000000 1080.000000
0 1057 0.773177 0.573148 0.060937 0.209259 1.000000 1920.000000 1080.000000
0 1058 0.769792 0.572222 0.060417 0.209259 1.000000 1920.000000 1080.000000
0 1059 0.766146 0.572222 0.060417 0.209259 1.000000 1920.000000 1080.000000
0 1060 0.762760 0.571296 0.059896 0.209259 0.999050 1920.000000 1080.000000
0 1061 0.759375 0.571296 0.059375 0.209259 0.995400 1920.000000 1080.000000
0 1062 0.756771 0.570370 0.059375 0.209259 0.991730 1920.000000 1080.000000
0 1063 0.754427 0.569444 0.058854 0.209259 0.987630 1920.000000 1080.000000
0 1064 0.752344 0.568519 0.058854 0.209259 0.983000 1920.000000 1080.000000
0 1065 0.749740 0.567593 0.058854 0.209259 0.977280 1920.000000 1080.000000
0 1066 0.747656 0.567593 0.058854 0.209259 0.966960 1920.000000 1080.000000
0 1067 0.745313 0.566667 0.058333 0.209259 0.959460 1920.000000 1080.000000
0 1068 0.742708 0.565741 0.058333 0.209259 0.950960 1920.000000 1080.000000
0 1069 0.740625 0.564815 0.058333 0.209259 0.942460 1920.000000 1080.000000
0 1070 0.738281 0.563889 0.057813 0.209259 0.932740 1920.000000 1080.000000
0 1071 0.735938 0.563889 0.058333 0.209259 0.918130 1920.000000 1080.000000
0 1072 0.733594 0.562963 0.057813 0.209259 0.904110 1920.000000 1080.000000
0 1073 0.731250 0.562037 0.057292 0.209259 0.894270 1920.000000 1080.000000
0 1074 0.728906 0.561111 0.057813 0.209259 0.879250 1920.000000 1080.000000
0 1075 0.726562 0.560185 0.057292 0.209259 0.855780 1920.000000 1080.000000
0 1076 0.724479 0.560185 0.057292 0.209259 0.832520 1920.000000 1080.000000
0 1077 0.721094 0.559722 0.056771 0.208333 0.805030 1920.000000 1080.000000
0 1078 0.717969 0.559259 0.056771 0.207407 0.775800 1920.000000 1080.000000
0 1079 0.714583 0.558796 0.056250 0.206481 0.760810 1920.000000 1080.000000
0 1080 0.711458 0.558796 0.056250 0.206481 0.743410 1920.000000 1080.000000
0 1081 0.708073 0.558333 0.055729 0.205556 0.725250 1920.000000 1080.000000
0 1082 0.704948 0.557870 0.055729 0.204630 0.713840 1920.000000 1080.000000
0 1083 0.701562 0.557407 0.055208 0.203704 0.700380 1920.000000 1080.000000
0 1084 0.698438 0.557407 0.055208 0.203704 0.689730 1920.000000 1080.000000
0 1085 0.695052 0.556944 0.054688 0.202778 0.679720 1920.000000 1080.000000
0 1086 0.691927 0.556481 0.054688 0.201852 0.674640 1920.000000 1080.000000
0 1087 0.689063 0.556481 0.054167 0.201852 0.671190 1920.000000 1080.000000
0 1088 0.686198 0.555556 0.054688 0.201852 0.665760 1920.000000 1080.000000
0 1089 0.683333 0.554630 0.055208 0.201852 0.650750 1920.000000 1080.000000
0 1090 0.680990 0.553704 0.055729 0.201852 0.630390 1920.000000 1080.000000
0 1091 0.678125 0.553241 0.056250 0.200926 0.608370 1920.000000 1080.000000
0 1092 0.675521 0.552778 0.056250 0.201852 0.586110 1920.000000 1080.000000
0 1093 0.672917 0.551852 0.057292 0.201852 0.565590 1920.000000 1080.000000
0 1094 0.670312 0.551389 0.057292 0.200926 0.559630 1920.000000 1080.000000
0 1095 0.667708 0.550463 0.058333 0.200926 0.555050 1920.000000 1080.000000
0 1096 0.665104 0.550000 0.058333 0.201852 0.552510 1920.000000 1080.000000
0 1097 0.662240 0.549537 0.058854 0.200926 0.550460 1920.000000 1080.000000
0 1098 0.659896 0.548611 0.059375 0.200926 0.545870 1920.000000 1080.000000
0 1099 0.657031 0.547685 0.059896 0.200926 0.541280 1920.000000 1080.000000
0 1100 0.654687 0.547685 0.060417 0.200926 0.541280 1920.000000 1080.000000
0 1101 0.651563 0.546759 0.060417 0.200926 0.536700 1920.000000 1080.000000
0 1102 0.648438 0.545833 0.060417 0.200926 0.532110 1920.000000 1080.000000
0 1103 0.645312 0.544907 0.060417 0.200926 0.527520 1920.000000 1080.000000
0 1104 0.642188 0.543981 0.060417 0.200926 0.539250 1920.000000 1080.000000
0 1105 0.639062 0.543981 0.060417 0.200926 0.567910 1920.000000 1080.000000
0 1106 0.635938 0.543056 0.060417 0.200926 0.588180 1920.000000 1080.000000
0 1107 0.633333 0.542130 0.060417 0.200926 0.604800 1920.000000 1080.000000
0 1108 0.630208 0.541204 0.060417 0.200926 0.625970 1920.000000 1080.000000
0 1109 0.627083 0.541204 0.060417 0.200926 0.650910 1920.000000 1080.000000
0 1110 0.623958 0.540278 0.060417 0.200926 0.672780 1920.000000 1080.000000
0 1111 0.620833 0.539352 0.060417 0.200926 0.695130 1920.000000 1080.000000
0 1112 0.617708 0.538426 0.060417 0.200926 0.661140 1920.000000 1080.000000
0 1113 0.615104 0.538426 0.060417 0.200926 0.625700 1920.000000 1080.000000
0 1114 0.611979 0.536574 0.060417 0.200926 0.591860 1920.000000 1080.000000
0 1115 0.609115 0.535648 0.059896 0.200926 0.565170 1920.000000 1080.000000
0 1116 0.605990 0.534722 0.059896 0.200926 0.536260 1920.000000 1080.000000
0 1117 0.603125 0.533796 0.059375 0.200926 0.503030 1920.000000 1080.000000
0 1118 0.600000 0.531944 0.059375 0.200926 0.475550 1920.000000 1080.000000
0 1119 0.597135 0.531019 0.058854 0.200926 0.452080 1920.000000 1080.000000
0 1120 0.594271 0.530093 0.058333 0.200926 0.429160 1920.000000 1080.000000
0 1121 0.591146 0.529167 0.058333 0.200926 0.398920 1920.000000 1080.000000
0 1122 0.588281 0.528241 0.057813 0.200926 0.380650 1920.000000 1080.000000
0 1123 0.585156 0.526389 0.057813 0.200926 0.360910 1920.000000 1080.000000
0 1124 0.582292 0.525463 0.057292 0.200926 0.321180 1920.000000 1080.000000
0 1125 0.579167 0.524537 0.057292 0.200926 0.324740 1920.000000 1080.000000
0 1126 0.576302 0.523611 0.056771 0.200926 0.325770 1920.000000 1080.000000
0 1127 0.573698 0.522685 0.056771 0.200926 0.329360 1920.000000 1080.000000
0 1128 0.570052 0.521759 0.056771 0.200926 0.348460 1920.000000 1080.000000
0 1129 0.566927 0.521296 0.056771 0.200000 0.403230 1920.000000 1080.000000
0 1130 0.563281 0.520833 0.056771 0.199074 0.460860 1920.000000 1080.000000
0 1131 0.560156 0.520370 0.056771 0.200000 0.517010 1920.000000 1080.000000
0 1132 0.556771 0.519907 0.057292 0.199074 0.574910 1920.000000 1080.000000
0 1133 0.553385 0.519444 0.056771 0.198148 0.632640 1920.000000 1080.000000
0 1134 0.550260 0.519444 0.056771 0.198148 0.687950 1920.000000 1080.000000
0 1135 0.546615 0.518519 0.056771 0.198148 0.748840 1920.000000 1080.000000
0 1136 0.543490 0.518056 0.056771 0.197222 0.809900 1920.000000 1080.000000
0 1137 0.540104 0.517593 0.057292 0.196296 0.871290 1920.000000 1080.000000
0 1138 0.536719 0.517130 0.056771 0.197222 0.939170 1920.000000 1080.000000
0 1139 0.533333 0.516667 0.057292 0.196296 1.000000 1920.000000 1080.000000
0 1140 0.530208 0.516204 0.057292 0.195370 1.000000 1920.000000 1080.000000
0 1141 0.526823 0.516204 0.056771 0.195370 1.000000 1920.000000 1080.000000
0 1142 0.523438 0.515278 0.057292 0.195370 1.000000 1920.000000 1080.000000
0 1143 0.520052 0.514815 0.056771 0.194444 1.000000 1920.000000 1080.000000
0 1144 0.516667 0.514352 0.057292 0.193519 1.000000 1920.000000 1080.000000
0 1145 0.513542 0.513889 0.057292 0.194444 1.000000 1920.000000 1080.000000
0 1146 0.509896 0.513426 0.057292 0.193519 1.000000 1920.000000 1080.000000
0 1147 0.506771 0.512963 0.057292 0.192593 1.000000 1920.000000 1080.000000
0 1148 0.503646 0.512963 0.057292 0.192593 1.000000 1920.000000 1080.000000
0 1149 0.500781 0.512037 0.055729 0.192593 1.000000 1920.000000 1080.000000
0 1150 0.498177 0.512037 0.054688 0.192593 1.000000 1920.000000 1080.000000
0 1151 0.495312 0.511111 0.053125 0.192593 1.000000 1920.000000 1080.000000
0 1152 0.492708 0.511111 0.052083 0.192593 1.000000 1920.000000 1080.000000
0 1153 0.489844 0.511111 0.050521 0.192593 1.000000 1920.000000 1080.000000
0 1154 0.487240 0.510185 0.049479 0.192593 1.000000 1920.000000 1080.000000
0 1155 0.484375 0.510185 0.047917 0.192593 1.000000 1920.000000 1080.000000
0 1156 0.481771 0.510185 0.046875 0.192593 1.000000 1920.000000 1080.000000
0 1157 0.479167 0.509259 0.046875 0.192593 1.000000 1920.000000 1080.000000
0 1158 0.477083 0.509259 0.046875 0.192593 1.000000 1920.000000 1080.000000
0 1159 0.474479 0.508333 0.046875 0.192593 1.000000 1920.000000 1080.000000
0 1160 0.472396 0.508333 0.046875 0.192593 1.000000 1920.000000 1080.000000
0 1161 0.469792 0.507407 0.046875 0.192593 1.000000 1920.000000 1080.000000
0 1162 0.467708 0.507407 0.046875 0.192593 1.000000 1920.000000 1080.000000
0 1163 0.465104 0.506481 0.046875 0.192593 1.000000 1920.000000 1080.000000
0 1164 0.463021 0.506481 0.046875 0.192593 1.000000 1920.000000 1080.000000
0 1165 0.460938 0.506481 0.046875 0.192593 1.000000 1920.000000 1080.000000
0 1166 0.458594 0.505556 0.047396 0.192593 1.000000 1920.000000 1080.000000
0 1167 0.456771 0.505093 0.047917 0.191667 1.000000 1920.000000 1080.000000
0 1168 0.454948 0.504630 0.048438 0.190741 1.000000 1920.000000 1080.000000
0 1169 0.453125 0.504630 0.048958 0.190741 1.000000 1920.000000 1080.000000
0 1170 0.451042 0.503704 0.048958 0.190741 1.000000 1920.000000 1080.000000
0 1171 0.449219 0.503241 0.049479 0.189815 1.000000 1920.000000 1080.000000
0 1172 0.447396 0.502778 0.050000 0.188889 1.000000 1920.000000 1080.000000
0 1173 0.445573 0.502778 0.050521 0.188889 1.000000 1920.000000 1080.000000
0 1174 0.443490 0.501852 0.050521 0.188889 1.000000 1920.000000 1080.000000
0 1175 0.441667 0.501389 0.051042 0.187963 1.000000 1920.000000 1080.000000
0 1176 0.439844 0.500926 0.051562 0.187037 1.000000 1920.000000 1080.000000
0 1177 0.438021 0.500926 0.052083 0.187037 1.000000 1920.000000 1080.000000
0 1178 0.434375 0.499074 0.051042 0.187037 0.982090 1920.000000 1080.000000
0 1179 0.431250 0.498148 0.050000 0.187037 0.970540 1920.000000 1080.000000
0 1180 0.428125 0.496296 0.048958 0.187037 0.960070 1920.000000 1080.000000
0 1181 0.424740 0.495370 0.048438 0.187037 0.902950 1920.000000 1080.000000
0 1182 0.421615 0.493519 0.047396 0.187037 0.828600 1920.000000 1080.000000
0 1183 0.418490 0.492593 0.046354 0.187037 0.749320 1920.000000 1080.000000
0 1184 0.416406 0.491667 0.046354 0.187037 0.681230 1920.000000 1080.000000
0 1185 0.414583 0.491204 0.046875 0.186111 0.527360 1920.000000 1080.000000
0 1186 0.412760 0.491204 0.047396 0.186111 0.376670 1920.000000 1080.000000
0 1187 0.410677 0.490741 0.047396 0.185185 0.215930 1920.000000 1080.000000
0 1188 0.408854 0.489815 0.047917 0.185185 0.114430 1920.000000 1080.000000
0 1189 0.407031 0.489815 0.048438 0.185185 0.119400 1920.000000 1080.000000
0 1190 0.404948 0.489352 0.048438 0.184259 0.120000 1920.000000 1080.000000
0 1191 0.403125 0.488889 0.048958 0.183333 0.120600 1920.000000 1080.000000
0 1192 0.401302 0.488426 0.049479 0.184259 0.194840 1920.000000 1080.000000
0 1193 0.399479 0.487963 0.050000 0.183333 0.282080 1920.000000 1080.000000
0 1194 0.397396 0.487500 0.050000 0.182407 0.401850 1920.000000 1080.000000
0 1195 0.395573 0.487500 0.050521 0.182407 0.525770 1920.000000 1080.000000
0 1196 0.393750 0.486574 0.051042 0.182407 0.653500 1920.000000 1080.000000
0 1197 0.391667 0.486111 0.051042 0.181481 0.757680 1920.000000 1080.000000
0 1198 0.389844 0.486111 0.051562 0.181481 0.856850 1920.000000 1080.000000
0 1199 0.388021 0.485648 0.052083 0.180556 0.955290 1920.000000 1080.000000
0 1200 0.385937 0.484722 0.052083 0.180556 0.992120 1920.000000 1080.000000
0 1201 0.384115 0.484722 0.052604 0.180556 1.000000 1920.000000 1080.000000
0 1202 0.382292 0.484259 0.053125 0.179630 1.000000 1920.000000 1080.000000
0 1203 0.380729 0.484259 0.053125 0.179630 1.000000 1920.000000 1080.000000
0 1204 0.375000 0.482870 0.050000 0.178704 1.000000 1920.000000 1080.000000
0 1205 0.369531 0.481944 0.047396 0.178704 1.000000 1920.000000 1080.000000
0 1206 0.364063 0.481019 0.044792 0.178704 1.000000 1920.000000 1080.000000
0 1207 0.361979 0.480093 0.044792 0.178704 1.000000 1920.000000 1080.000000
0 1208 0.359896 0.480093 0.044792 0.178704 1.000000 1920.000000 1080.000000
0 1209 0.358333 0.479167 0.044792 0.178704 1.000000 1920.000000 1080.000000
0 1210 0.356250 0.479167 0.044792 0.178704 1.000000 1920.000000 1080.000000
0 1211 0.354687 0.479167 0.044792 0.178704 1.000000 1920.000000 1080.000000
0 1212 0.352604 0.478241 0.044792 0.178704 1.000000 1920.000000 1080.000000
0 1213 0.351042 0.478241 0.044792 0.178704 1.000000 1920.000000 1080.000000
0 1214 0.348958 0.478241 0.044792 0.178704 1.000000 1920.000000 1080.000000
0 1215 0.347396 0.477315 0.044792 0.178704 1.000000 1920.000000 1080.000000
0 1216 0.345313 0.477315 0.044792 0.178704 1.000000 1920.000000 1080.000000
0 1217 0.343750 0.477315 0.044792 0.178704 1.000000 1920.000000 1080.000000
0 1218 0.342187 0.476389 0.044792 0.178704 1.000000 1920.000000 1080.000000
0 1219 0.341146 0.476389 0.044792 0.178704 1.000000 1920.000000 1080.000000
0 1220 0.339583 0.476389 0.044792 0.178704 0.985310 1920.000000 1080.000000
0 1221 0.338542 0.475926 0.044792 0.177778 0.970940 1920.000000 1080.000000
0 1222 0.337240 0.475926 0.044271 0.177778 0.956260 1920.000000 1080.000000
0 1223 0.335938 0.475926 0.044792 0.177778 0.935680 1920.000000 1080.000000
0 1224 0.334635 0.475463 0.044271 0.176852 0.921390 1920.000000 1080.000000
0 1225 0.333333 0.475463 0.044792 0.176852 0.901940 1920.000000 1080.000000
0 1226 0.332031 0.475463 0.044271 0.176852 0.887600 1920.000000 1080.000000
0 1227 0.330990 0.475463 0.044271 0.176852 0.874640 1920.000000 1080.000000
0 1228 0.328906 0.474537 0.044271 0.176852 0.849440 1920.000000 1080.000000
0 1229 0.327083 0.474537 0.043750 0.176852 0.835290 1920.000000 1080.000000
0 1230 0.325000 0.473611 0.043750 0.176852 0.811270 1920.000000 1080.000000
0 1231 0.323177 0.473611 0.043229 0.176852 0.790490 1920.000000 1080.000000
0 1232 0.321615 0.472685 0.043229 0.176852 0.781060 1920.000000 1080.000000
0 1233 0.319531 0.472685 0.043229 0.176852 0.756820 1920.000000 1080.000000
0 1234 0.317708 0.471759 0.042708 0.176852 0.738960 1920.000000 1080.000000
0 1235 0.315625 0.471759 0.042708 0.176852 0.715610 1920.000000 1080.000000
0 1236 0.314063 0.470833 0.042708 0.176852 0.708460 1920.000000 1080.000000
0 1237 0.312240 0.470833 0.042188 0.176852 0.688770 1920.000000 1080.000000
0 1238 0.310156 0.469907 0.042188 0.176852 0.670100 1920.000000 1080.000000
0 1239 0.308333 0.469907 0.041667 0.176852 0.650720 1920.000000 1080.000000
0 1240 0.306250 0.468981 0.041667 0.176852 0.631820 1920.000000 1080.000000
0 1241 0.304688 0.468981 0.041667 0.176852 0.623200 1920.000000 1080.000000
0 1242 0.302865 0.468056 0.041146 0.176852 0.600390 1920.000000 1080.000000
0 1243 0.300781 0.468056 0.041146 0.176852 0.573050 1920.000000 1080.000000
0 1244 0.298958 0.467130 0.040625 0.176852 0.549380 1920.000000 1080.000000
0 1245 0.297396 0.467130 0.040625 0.176852 0.525840 1920.000000 1080.000000
0 1246 0.295833 0.466204 0.040625 0.176852 0.511870 1920.000000 1080.000000
0 1247 0.294271 0.465741 0.040625 0.175926 0.491020 1920.000000 1080.000000
0 1248 0.292708 0.464815 0.040625 0.175926 0.462260 1920.000000 1080.000000
0 1249 0.291146 0.464352 0.040625 0.175000 0.452500 1920.000000 1080.000000
0 1250 0.290104 0.463889 0.040625 0.174074 0.449400 1920.000000 1080.000000
0 1251 0.288542 0.462963 0.040625 0.174074 0.432920 1920.000000 1080.000000
0 1252 0.286979 0.462963 0.040625 0.174074 0.419860 1920.000000 1080.000000
0 1253 0.285417 0.462037 0.040625 0.174074 0.406540 1920.000000 1080.000000
0 1254 0.283854 0.461574 0.040625 0.173148 0.393350 1920.000000 1080.000000
0 1255 0.282813 0.461111 0.040625 0.172222 0.398230 1920.000000 1080.000000
0 1256 0.281250 0.460185 0.040625 0.172222 0.389490 1920.000000 1080.000000
0 1257 0.279687 0.459722 0.040625 0.171296 0.386890 1920.000000 1080.000000
0 1258 0.278125 0.458796 0.040625 0.171296 0.378050 1920.000000 1080.000000
0 1259 0.276562 0.458796 0.040625 0.171296 0.374570 1920.000000 1080.000000
0 1260 0.275521 0.458333 0.040625 0.170370 0.375160 1920.000000 1080.000000
0 1261 0.273958 0.457407 0.040625 0.170370 0.370170 1920.000000 1080.000000
0 1262 0.272396 0.456944 0.040625 0.169444 0.363170 1920.000000 1080.000000
0 1263 0.270833 0.456019 0.040625 0.169444 0.357940 1920.000000 1080.000000
0 1264 0.269271 0.455556 0.040625 0.168519 0.071730 1920.000000 1080.000000
0 1265 0.268229 0.455556 0.040625 0.168519 0.358230 1920.000000 1080.000000
0 1266 0.266146 0.454630 0.040625 0.168519 0.045376 1920.000000 1080.000000
0 1267 0.264583 0.454630 0.040625 0.168519 0.331120 1920.000000 1080.000000
0 1268 0.263021 0.454630 0.040625 0.168519 0.318600 1920.000000 1080.000000
0 1269 0.261458 0.453704 0.040625 0.168519 0.303310 1920.000000 1080.000000
0 1270 0.259896 0.453704 0.040625 0.168519 0.294940 1920.000000 1080.000000
0 1271 0.258333 0.453704 0.040625 0.168519 0.292590 1920.000000 1080.000000
0 1272 0.256250 0.452778 0.040625 0.168519 0.277440 1920.000000 1080.000000
0 1273 0.254688 0.452778 0.040625 0.168519 0.274190 1920.000000 1080.000000
0 1274 0.253125 0.452778 0.040625 0.168519 0.264090 1920.000000 1080.000000
0 1275 0.251563 0.452778 0.040625 0.168519 0.255240 1920.000000 1080.000000
0 1276 0.250000 0.451852 0.040625 0.168519 0.251570 1920.000000 1080.000000
0 1277 0.248438 0.451852 0.040625 0.168519 0.240920 1920.000000 1080.000000
0 1278 0.246875 0.451852 0.040625 0.168519 0.234070 1920.000000 1080.000000
0 1279 0.244792 0.450926 0.040625 0.168519 0.214570 1920.000000 1080.000000
0 1280 0.243229 0.450926 0.040625 0.168519 0.203850 1920.000000 1080.000000
0 1281 0.241667 0.450926 0.040625 0.168519 0.195750 1920.000000 1080.000000
0 1282 0.240104 0.450000 0.040625 0.168519 0.187240 1920.000000 1080.000000
0 1283 0.238542 0.450000 0.040625 0.168519 0.180050 1920.000000 1080.000000
0 1284 0.236979 0.450000 0.040625 0.168519 0.167880 1920.000000 1080.000000
0 1285 0.235417 0.450000 0.040625 0.168519 0.152730 1920.000000 1080.000000
0 1286 0.233854 0.449074 0.040625 0.168519 0.138960 1920.000000 1080.000000
0 1287 0.232292 0.448148 0.040625 0.168519 0.123470 1920.000000 1080.000000
0 1288 0.230729 0.448148 0.040625 0.168519 0.107840 1920.000000 1080.000000
0 1289 0.229687 0.447222 0.040625 0.168519 0.101060 1920.000000 1080.000000
0 1290 0.228125 0.447222 0.040625 0.168519 0.085149 1920.000000 1080.000000
0 1291 0.226562 0.446296 0.040625 0.168519 0.066819 1920.000000 1080.000000
0 1292 0.225000 0.446296 0.040625 0.168519 0.049388 1920.000000 1080.000000
0 1293 0.223958 0.445370 0.040625 0.168519 0.048212 1920.000000 1080.000000
0 1294 0.222396 0.444444 0.040625 0.168519 0.041502 1920.000000 1080.000000
0 1295 0.220833 0.444444 0.040625 0.168519 0.038736 1920.000000 1080.000000
0 1296 0.219271 0.443519 0.040625 0.168519 0.032372 1920.000000 1080.000000
0 1297 0.218229 0.443519 0.040625 0.168519 0.029674 1920.000000 1080.000000
0 1298 0.216667 0.442593 0.040625 0.168519 0.023656 1920.000000 1080.000000
0 1299 0.215104 0.442593 0.040625 0.168519 0.017915 1920.000000 1080.000000
0 1300 0.213542 0.441667 0.040625 0.168519 0.014941 1920.000000 1080.000000
0 1301 0.212500 0.441667 0.040625 0.168519 0.012451 1920.000000 1080.000000
0 1302 0.210417 0.441667 0.040625 0.168519 0.004980 1920.000000 1080.000000
0 1303 0.208333 0.441667 0.040625 0.168519 0.000000 1920.000000 1080.000000
0 1304 0.206250 0.441667 0.040625 0.168519 0.000000 1920.000000 1080.000000
0 1305 0.204167 0.441667 0.040625 0.168519 0.000000 1920.000000 1080.000000
0 1306 0.202083 0.441667 0.040625 0.168519 0.000000 1920.000000 1080.000000
0 1307 0.200000 0.442593 0.040625 0.168519 0.008992 1920.000000 1080.000000
0 1308 0.197917 0.442593 0.040625 0.168519 0.001660 1920.000000 1080.000000
0 1309 0.195833 0.442593 0.040625 0.168519 0.002905 1920.000000 1080.000000
0 1310 0.193750 0.442593 0.040625 0.168519 0.005326 1920.000000 1080.000000
0 1311 0.191667 0.442593 0.040625 0.168519 0.006779 1920.000000 1080.000000
0 1312 0.189583 0.443519 0.040625 0.168519 0.007263 1920.000000 1080.000000
0 1313 0.187500 0.443519 0.040625 0.168519 0.007263 1920.000000 1080.000000
0 1314 0.185417 0.443519 0.040625 0.168519 0.008854 1920.000000 1080.000000
0 1315 0.183333 0.443519 0.040625 0.168519 0.010583 1920.000000 1080.000000
0 1316 0.181250 0.443519 0.040625 0.168519 0.011206 1920.000000 1080.000000
