0 47 0.232813 0.156481 0.029167 0.151852 0.000000 1920.000000 1080.000000
0 48 0.232813 0.156481 0.029167 0.151852 0.000000 1920.000000 1080.000000
0 49 0.232813 0.156481 0.029167 0.151852 0.000000 1920.000000 1080.000000
0 50 0.232813 0.156481 0.029167 0.151852 0.000000 1920.000000 1080.000000
0 51 0.232813 0.156481 0.029167 0.151852 0.000000 1920.000000 1080.000000
0 52 0.232813 0.156019 0.029167 0.150926 0.000000 1920.000000 1080.000000
0 53 0.232813 0.156019 0.029167 0.150926 0.000000 1920.000000 1080.000000
0 54 0.232813 0.156019 0.029167 0.150926 0.000000 1920.000000 1080.000000
0 55 0.233333 0.156944 0.029167 0.150926 0.000000 1920.000000 1080.000000
0 56 0.234115 0.158333 0.029687 0.151852 0.000000 1920.000000 1080.000000
0 57 0.234896 0.159722 0.030208 0.150926 0.000000 1920.000000 1080.000000
0 58 0.235677 0.161111 0.030729 0.151852 0.000000 1920.000000 1080.000000
0 59 0.236458 0.162500 0.031250 0.150926 0.000000 1920.000000 1080.000000
0 60 0.237240 0.163889 0.031771 0.151852 0.000000 1920.000000 1080.000000
0 61 0.238281 0.165741 0.031771 0.151852 0.000000 1920.000000 1080.000000
0 62 0.239583 0.166667 0.031250 0.151852 0.000000 1920.000000 1080.000000
0 63 0.241146 0.168519 0.031250 0.151852 0.000000 1920.000000 1080.000000
0 64 0.242708 0.169444 0.031250 0.151852 0.000000 1920.000000 1080.000000
0 65 0.244271 0.171296 0.031250 0.151852 0.000000 1920.000000 1080.000000
0 66 0.244792 0.172685 0.031250 0.152778 0.000000 1920.000000 1080.000000
0 67 0.245833 0.174074 0.031250 0.153704 0.000000 1920.000000 1080.000000
0 68 0.246615 0.175926 0.031771 0.153704 0.000000 1920.000000 1080.000000
0 69 0.247656 0.177315 0.031771 0.154630 0.000000 1920.000000 1080.000000
0 70 0.248438 0.178704 0.032292 0.155556 0.000000 1920.000000 1080.000000
0 71 0.249479 0.180556 0.032292 0.155556 0.000000 1920.000000 1080.000000
0 72 0.250000 0.181944 0.032292 0.156481 0.000000 1920.000000 1080.000000
0 73 0.251042 0.183796 0.032292 0.156481 0.000000 1920.000000 1080.000000
0 74 0.251823 0.185185 0.032813 0.157407 0.000000 1920.000000 1080.000000
0 75 0.252865 0.186574 0.032813 0.158333 0.003543 1920.000000 1080.000000
0 76 0.253646 0.188426 0.033333 0.158333 0.010733 1920.000000 1080.000000
0 77 0.254688 0.189815 0.033333 0.159259 0.014584 1920.000000 1080.000000
0 78 0.255729 0.192130 0.033333 0.160185 0.022812 1920.000000 1080.000000
0 79 0.256510 0.193056 0.033854 0.160185 0.022640 1920.000000 1080.000000
0 80 0.257552 0.194907 0.033854 0.160185 0.026907 1920.000000 1080.000000
0 81 0.258594 0.196759 0.033854 0.160185 0.031696 1920.000000 1080.000000
0 82 0.259375 0.198611 0.034375 0.160185 0.031566 1920.000000 1080.000000
0 83 0.260417 0.200000 0.034375 0.159259 0.041411 1920.000000 1080.000000
0 84 0.261458 0.201852 0.034375 0.159259 0.048658 1920.000000 1080.000000
0 85 0.262240 0.203241 0.034896 0.160185 0.056964 1920.000000 1080.000000
0 86 0.263281 0.205093 0.034896 0.160185 0.066430 1920.000000 1080.000000
0 87 0.264323 0.206481 0.034896 0.159259 0.073444 1920.000000 1080.000000
0 88 0.265104 0.208333 0.035417 0.159259 0.079584 1920.000000 1080.000000
0 89 0.266146 0.210185 0.035417 0.159259 0.085281 1920.000000 1080.000000
0 90 0.267448 0.212037 0.035937 0.159259 0.099257 1920.000000 1080.000000
0 91 0.267969 0.212963 0.035937 0.159259 0.101070 1920.000000 1080.000000
0 92 0.269010 0.214352 0.035937 0.158333 0.111540 1920.000000 1080.000000
0 93 0.269792 0.215741 0.035417 0.157407 0.120770 1920.000000 1080.000000
0 94 0.270573 0.217593 0.035937 0.157407 0.126980 1920.000000 1080.000000
0 95 0.271615 0.218981 0.035937 0.156481 0.138570 1920.000000 1080.000000
0 96 0.272396 0.220370 0.035417 0.155556 0.145010 1920.000000 1080.000000
0 97 0.273438 0.222222 0.035417 0.155556 0.156590 1920.000000 1080.000000
0 98 0.274219 0.223148 0.035937 0.155556 0.162810 1920.000000 1080.000000
0 99 0.275000 0.224537 0.035417 0.154630 0.181160 1920.000000 1080.000000
0 100 0.276042 0.225926 0.035417 0.153704 0.191010 1920.000000 1080.000000
0 101 0.276823 0.227778 0.035937 0.153704 0.193930 1920.000000 1080.000000
0 102 0.277604 0.229167 0.035417 0.152778 0.199060 1920.000000 1080.000000
0 103 0.278646 0.230556 0.035417 0.151852 0.211860 1920.000000 1080.000000
0 104 0.279687 0.232407 0.035417 0.151852 0.209750 1920.000000 1080.000000
0 105 0.279948 0.233333 0.035937 0.151852 0.201130 1920.000000 1080.000000
0 106 0.280469 0.234259 0.035937 0.151852 0.196620 1920.000000 1080.000000
0 107 0.280990 0.235185 0.035937 0.151852 0.198700 1920.000000 1080.000000
0 108 0.281510 0.236111 0.035937 0.151852 0.198790 1920.000000 1080.000000
0 109 0.282031 0.237037 0.035937 0.151852 0.193250 1920.000000 1080.000000
0 110 0.282552 0.237963 0.035937 0.151852 0.189610 1920.000000 1080.000000
0 111 0.283073 0.238889 0.035937 0.151852 0.185540 1920.000000 1080.000000
0 112 0.283333 0.240741 0.036458 0.151852 0.183780 1920.000000 1080.000000
0 113 0.283854 0.241667 0.036458 0.151852 0.184810 1920.000000 1080.000000
0 114 0.284375 0.242593 0.036458 0.151852 0.186000 1920.000000 1080.000000
0 115 0.284896 0.243519 0.036458 0.151852 0.187370 1920.000000 1080.000000
0 116 0.285417 0.244444 0.036458 0.151852 0.186430 1920.000000 1080.000000
0 117 0.285938 0.245370 0.036458 0.151852 0.188130 1920.000000 1080.000000
0 118 0.286458 0.246296 0.036458 0.151852 0.187880 1920.000000 1080.000000
0 119 0.286979 0.248148 0.036458 0.151852 0.194200 1920.000000 1080.000000
0 120 0.286979 0.248148 0.036458 0.151852 0.194200 1920.000000 1080.000000
0 121 0.286979 0.249074 0.036458 0.151852 0.207940 1920.000000 1080.000000
0 122 0.286979 0.249537 0.036458 0.152778 0.223150 1920.000000 1080.000000
0 123 0.286979 0.250463 0.036458 0.152778 0.247500 1920.000000 1080.000000
0 124 0.286979 0.250926 0.036458 0.153704 0.276120 1920.000000 1080.000000
0 125 0.286979 0.251852 0.036458 0.153704 0.300410 1920.000000 1080.000000
0 126 0.286979 0.252778 0.036458 0.153704 0.325120 1920.000000 1080.000000
0 127 0.286979 0.253241 0.036458 0.154630 0.351950 1920.000000 1080.000000
0 128 0.286979 0.254167 0.036458 0.154630 0.391930 1920.000000 1080.000000
0 129 0.286979 0.254630 0.036458 0.155556 0.442200 1920.000000 1080.000000
0 130 0.286979 0.255556 0.036458 0.155556 0.495710 1920.000000 1080.000000
0 131 0.286979 0.256019 0.036458 0.156481 0.550120 1920.000000 1080.000000
0 132 0.286979 0.256944 0.036458 0.156481 0.605470 1920.000000 1080.000000
0 133 0.286979 0.257870 0.036458 0.156481 0.613590 1920.000000 1080.000000
0 134 0.286198 0.258333 0.036979 0.157407 0.607210 1920.000000 1080.000000
0 135 0.285677 0.258796 0.036979 0.158333 0.605620 1920.000000 1080.000000
0 136 0.285156 0.259259 0.036979 0.159259 0.604050 1920.000000 1080.000000
0 137 0.284635 0.259722 0.036979 0.160185 0.605360 1920.000000 1080.000000
0 138 0.283854 0.260648 0.037500 0.160185 0.601240 1920.000000 1080.000000
0 139 0.283333 0.261111 0.037500 0.161111 0.609390 1920.000000 1080.000000
0 140 0.282813 0.261574 0.037500 0.162037 0.609900 1920.000000 1080.000000
0 141 0.282292 0.262037 0.037500 0.162963 0.617440 1920.000000 1080.000000
0 142 0.281510 0.262963 0.038021 0.162963 0.617350 1920.000000 1080.000000
0 143 0.280990 0.263426 0.038021 0.163889 0.625720 1920.000000 1080.000000
0 144 0.280469 0.263889 0.038021 0.164815 0.621770 1920.000000 1080.000000
0 145 0.279948 0.264352 0.038021 0.165741 0.624320 1920.000000 1080.000000
0 146 0.279687 0.265278 0.038542 0.165741 0.623780 1920.000000 1080.000000
0 147 0.278646 0.265278 0.038542 0.165741 0.621040 1920.000000 1080.000000
0 148 0.278125 0.265278 0.038542 0.165741 0.617330 1920.000000 1080.000000
0 149 0.277604 0.265278 0.038542 0.165741 0.623700 1920.000000 1080.000000
0 150 0.276562 0.265278 0.038542 0.165741 0.614590 1920.000000 1080.000000
0 151 0.276042 0.265278 0.038542 0.165741 0.617110 1920.000000 1080.000000
0 152 0.275521 0.265278 0.038542 0.165741 0.611700 1920.000000 1080.000000
0 153 0.274479 0.265278 0.038542 0.165741 0.608670 1920.000000 1080.000000
0 154 0.273958 0.265278 0.038542 0.165741 0.597850 1920.000000 1080.000000
0 155 0.273438 0.265278 0.038542 0.165741 0.602520 1920.000000 1080.000000
0 156 0.272396 0.265278 0.038542 0.165741 0.595110 1920.000000 1080.000000
0 157 0.271875 0.265278 0.038542 0.165741 0.597330 1920.000000 1080.000000
0 158 0.271354 0.265278 0.038542 0.165741 0.603330 1920.000000 1080.000000
0 159 0.270313 0.265278 0.038542 0.165741 0.600220 1920.000000 1080.000000
0 160 0.269792 0.265278 0.038542 0.165741 0.601260 1920.000000 1080.000000
0 161 0.269271 0.265278 0.038542 0.165741 0.602220 1920.000000 1080.000000
0 162 0.269010 0.265278 0.039062 0.165741 0.604240 1920.000000 1080.000000
0 163 0.269010 0.265278 0.039062 0.165741 0.610090 1920.000000 1080.000000
0 164 0.268750 0.265278 0.039583 0.165741 0.611980 1920.000000 1080.000000
0 165 0.268750 0.265278 0.039583 0.165741 0.617750 1920.000000 1080.000000
0 166 0.268750 0.265278 0.039583 0.165741 0.627990 1920.000000 1080.000000
0 167 0.268490 0.266204 0.040104 0.165741 0.632050 1920.000000 1080.000000
0 168 0.268490 0.266204 0.040104 0.165741 0.638320 1920.000000 1080.000000
0 169 0.268490 0.266204 0.040104 0.165741 0.641880 1920.000000 1080.000000
0 170 0.268229 0.266204 0.040625 0.165741 0.642970 1920.000000 1080.000000
0 171 0.268229 0.266204 0.040625 0.165741 0.652390 1920.000000 1080.000000
0 172 0.268229 0.267130 0.040625 0.165741 0.660690 1920.000000 1080.000000
0 173 0.267708 0.267130 0.040625 0.165741 0.659700 1920.000000 1080.000000
0 174 0.267188 0.268056 0.040625 0.165741 0.661180 1920.000000 1080.000000
0 175 0.266667 0.268981 0.040625 0.165741 0.665120 1920.000000 1080.000000
0 176 0.266146 0.269907 0.040625 0.165741 0.669690 1920.000000 1080.000000
0 177 0.265625 0.270833 0.040625 0.165741 0.674610 1920.000000 1080.000000
0 178 0.265104 0.271759 0.040625 0.165741 0.676160 1920.000000 1080.000000
0 179 0.265104 0.272685 0.040625 0.165741 0.683900 1920.000000 1080.000000
0 180 0.264583 0.272685 0.040625 0.165741 0.682910 1920.000000 1080.000000
0 181 0.264062 0.273611 0.040625 0.165741 0.684460 1920.000000 1080.000000
0 182 0.263542 0.274537 0.040625 0.165741 0.686010 1920.000000 1080.000000
0 183 0.263021 0.275463 0.040625 0.165741 0.687900 1920.000000 1080.000000
0 184 0.262500 0.276389 0.040625 0.165741 0.683830 1920.000000 1080.000000
0 185 0.261979 0.277315 0.040625 0.165741 0.675950 1920.000000 1080.000000
0 186 0.261979 0.278241 0.040625 0.165741 0.675950 1920.000000 1080.000000
0 187 0.261458 0.279167 0.040625 0.165741 0.667930 1920.000000 1080.000000
0 188 0.261458 0.280556 0.040625 0.166667 0.669770 1920.000000 1080.000000
0 189 0.261458 0.281944 0.040625 0.167593 0.671580 1920.000000 1080.000000
0 190 0.261458 0.283333 0.040625 0.168519 0.669570 1920.000000 1080.000000
0 191 0.261198 0.285185 0.040104 0.168519 0.678020 1920.000000 1080.000000
0 192 0.261198 0.286574 0.040104 0.169444 0.676000 1920.000000 1080.000000
0 193 0.261198 0.287963 0.040104 0.170370 0.677750 1920.000000 1080.000000
0 194 0.261198 0.288889 0.040104 0.170370 0.677750 1920.000000 1080.000000
0 195 0.261198 0.290278 0.040104 0.171296 0.675770 1920.000000 1080.000000
0 196 0.260937 0.292130 0.039583 0.171296 0.678050 1920.000000 1080.000000
0 197 0.260937 0.293519 0.039583 0.172222 0.676020 1920.000000 1080.000000
0 198 0.260937 0.294907 0.039583 0.173148 0.677740 1920.000000 1080.000000
0 199 0.260937 0.296296 0.039583 0.174074 0.680270 1920.000000 1080.000000
0 200 0.260937 0.298148 0.039583 0.174074 0.683910 1920.000000 1080.000000
0 201 0.260417 0.300000 0.039583 0.174074 0.683160 1920.000000 1080.000000
0 202 0.259896 0.301852 0.039583 0.174074 0.678760 1920.000000 1080.000000
0 203 0.259896 0.303704 0.039583 0.174074 0.684050 1920.000000 1080.000000
0 204 0.259375 0.306481 0.039583 0.174074 0.684940 1920.000000 1080.000000
0 205 0.258854 0.308333 0.039583 0.174074 0.684460 1920.000000 1080.000000
0 206 0.258854 0.310185 0.039583 0.174074 0.688380 1920.000000 1080.000000
0 207 0.258333 0.312963 0.039583 0.174074 0.695050 1920.000000 1080.000000
0 208 0.258333 0.314815 0.039583 0.174074 0.698960 1920.000000 1080.000000
0 209 0.257812 0.316667 0.039583 0.174074 0.694700 1920.000000 1080.000000
0 210 0.257292 0.319444 0.039583 0.174074 0.699790 1920.000000 1080.000000
0 211 0.257292 0.321296 0.039583 0.174074 0.699790 1920.000000 1080.000000
0 212 0.256771 0.323148 0.039583 0.174074 0.700890 1920.000000 1080.000000
0 213 0.256771 0.325926 0.039583 0.174074 0.710300 1920.000000 1080.000000
0 214 0.256250 0.328241 0.039583 0.175000 0.707720 1920.000000 1080.000000
0 215 0.255990 0.331019 0.040104 0.175000 0.716330 1920.000000 1080.000000
0 216 0.255729 0.334259 0.040625 0.175926 0.727280 1920.000000 1080.000000
0 217 0.255208 0.337037 0.040625 0.175926 0.732720 1920.000000 1080.000000
0 218 0.254948 0.339352 0.041146 0.176852 0.737500 1920.000000 1080.000000
0 219 0.254688 0.342593 0.041667 0.177778 0.743300 1920.000000 1080.000000
0 220 0.254167 0.345370 0.041667 0.177778 0.748990 1920.000000 1080.000000
0 221 0.253906 0.348611 0.042188 0.178704 0.755720 1920.000000 1080.000000
0 222 0.253646 0.350926 0.042708 0.179630 0.760520 1920.000000 1080.000000
0 223 0.253125 0.353704 0.042708 0.179630 0.765520 1920.000000 1080.000000
0 224 0.252865 0.356944 0.043229 0.180556 0.773690 1920.000000 1080.000000
0 225 0.252604 0.359722 0.043750 0.180556 0.781510 1920.000000 1080.000000
0 226 0.252604 0.362963 0.043750 0.181481 0.786800 1920.000000 1080.000000
0 227 0.252344 0.364815 0.043229 0.181481 0.788490 1920.000000 1080.000000
0 228 0.252344 0.366667 0.043229 0.181481 0.788490 1920.000000 1080.000000
0 229 0.252344 0.368519 0.043229 0.181481 0.792720 1920.000000 1080.000000
0 230 0.252083 0.370370 0.042708 0.181481 0.794510 1920.000000 1080.000000
0 231 0.252083 0.372222 0.042708 0.181481 0.794510 1920.000000 1080.000000
0 232 0.252083 0.374537 0.042708 0.182407 0.802670 1920.000000 1080.000000
0 233 0.251823 0.376389 0.042188 0.182407 0.800260 1920.000000 1080.000000
0 234 0.251823 0.378704 0.042188 0.181481 0.807790 1920.000000 1080.000000
0 235 0.251823 0.380556 0.042188 0.181481 0.812060 1920.000000 1080.000000
0 236 0.251563 0.382407 0.041667 0.181481 0.809740 1920.000000 1080.000000
0 237 0.251563 0.384722 0.041667 0.182407 0.815000 1920.000000 1080.000000
0 238 0.251563 0.386574 0.041667 0.182407 0.815000 1920.000000 1080.000000
0 239 0.251302 0.388426 0.041146 0.182407 0.817050 1920.000000 1080.000000
0 240 0.251302 0.390278 0.041146 0.182407 0.817050 1920.000000 1080.000000
0 241 0.251302 0.392130 0.041146 0.182407 0.825760 1920.000000 1080.000000
0 242 0.251563 0.394907 0.040625 0.182407 0.839150 1920.000000 1080.000000
0 243 0.251563 0.395370 0.040625 0.183333 0.839960 1920.000000 1080.000000
0 244 0.251823 0.396759 0.041146 0.184259 0.840940 1920.000000 1080.000000
0 245 0.252083 0.397685 0.041667 0.184259 0.831110 1920.000000 1080.000000
0 246 0.252083 0.399074 0.041667 0.185185 0.830230 1920.000000 1080.000000
0 247 0.252604 0.400463 0.041667 0.186111 0.825570 1920.000000 1080.000000
0 248 0.252865 0.401389 0.042188 0.186111 0.821120 1920.000000 1080.000000
0 249 0.252865 0.402778 0.042188 0.187037 0.810100 1920.000000 1080.000000
0 250 0.253125 0.403704 0.042708 0.187037 0.805800 1920.000000 1080.000000
0 251 0.253646 0.405093 0.042708 0.187963 0.801440 1920.000000 1080.000000
0 252 0.253646 0.406481 0.042708 0.188889 0.799880 1920.000000 1080.000000
0 253 0.253906 0.407407 0.043229 0.188889 0.786760 1920.000000 1080.000000
0 254 0.254167 0.408796 0.043750 0.189815 0.783320 1920.000000 1080.000000
0 255 0.254688 0.410185 0.043750 0.190741 0.777780 1920.000000 1080.000000
0 256 0.254688 0.410185 0.043750 0.190741 0.774990 1920.000000 1080.000000
0 257 0.255208 0.411111 0.043750 0.190741 0.762210 1920.000000 1080.000000
0 258 0.255469 0.412037 0.044271 0.190741 0.756150 1920.000000 1080.000000
0 259 0.255729 0.412500 0.043750 0.191667 0.748420 1920.000000 1080.000000
0 260 0.255990 0.413426 0.044271 0.191667 0.742960 1920.000000 1080.000000
0 261 0.256510 0.414352 0.044271 0.191667 0.729320 1920.000000 1080.000000
0 262 0.256510 0.414815 0.044271 0.192593 0.725600 1920.000000 1080.000000
0 263 0.257031 0.415741 0.044271 0.192593 0.722770 1920.000000 1080.000000
0 264 0.257552 0.416204 0.044271 0.191667 0.718690 1920.000000 1080.000000
0 265 0.257552 0.416667 0.044271 0.192593 0.714030 1920.000000 1080.000000
0 266 0.258073 0.417593 0.044271 0.192593 0.707580 1920.000000 1080.000000
0 267 0.258333 0.418519 0.044792 0.192593 0.707030 1920.000000 1080.000000
0 268 0.258594 0.418981 0.044271 0.193519 0.701550 1920.000000 1080.000000
0 269 0.258854 0.419907 0.044792 0.193519 0.698470 1920.000000 1080.000000
0 270 0.259375 0.420833 0.044792 0.193519 0.693540 1920.000000 1080.000000
0 271 0.259896 0.421759 0.044792 0.193519 0.691300 1920.000000 1080.000000
0 272 0.259896 0.421759 0.044792 0.193519 0.685660 1920.000000 1080.000000
0 273 0.260417 0.421759 0.044792 0.193519 0.675040 1920.000000 1080.000000
0 274 0.260417 0.422685 0.044792 0.193519 0.676680 1920.000000 1080.000000
0 275 0.260937 0.422685 0.044792 0.193519 0.669730 1920.000000 1080.000000
0 276 0.261458 0.423611 0.044792 0.193519 0.665020 1920.000000 1080.000000
0 277 0.261458 0.423611 0.044792 0.193519 0.662070 1920.000000 1080.000000
0 278 0.261979 0.424537 0.044792 0.193519 0.655010 1920.000000 1080.000000
0 279 0.262500 0.424537 0.044792 0.193519 0.650250 1920.000000 1080.000000
0 280 0.262500 0.425463 0.044792 0.193519 0.646580 1920.000000 1080.000000
0 281 0.263021 0.425463 0.044792 0.193519 0.636230 1920.000000 1080.000000
0 282 0.263021 0.426389 0.044792 0.193519 0.636840 1920.000000 1080.000000
0 283 0.263542 0.426389 0.044792 0.193519 0.632070 1920.000000 1080.000000
0 284 0.264062 0.427315 0.044792 0.193519 0.633940 1920.000000 1080.000000
0 285 0.264062 0.427315 0.044792 0.193519 0.622820 1920.000000 1080.000000
0 286 0.264583 0.428241 0.044792 0.193519 0.613140 1920.000000 1080.000000
0 287 0.265104 0.428241 0.044792 0.193519 0.600820 1920.000000 1080.000000
0 288 0.265104 0.429167 0.044792 0.193519 0.599400 1920.000000 1080.000000
0 289 0.265625 0.429167 0.044792 0.193519 0.586040 1920.000000 1080.000000
0 290 0.266146 0.430093 0.044792 0.193519 0.580020 1920.000000 1080.000000
0 291 0.266667 0.430093 0.044792 0.193519 0.573840 1920.000000 1080.000000
0 292 0.267188 0.431019 0.044792 0.193519 0.569130 1920.000000 1080.000000
0 293 0.267708 0.431481 0.044792 0.194444 0.554670 1920.000000 1080.000000
0 294 0.268229 0.432407 0.044792 0.194444 0.548180 1920.000000 1080.000000
0 295 0.268750 0.433333 0.044792 0.194444 0.539300 1920.000000 1080.000000
0 296 0.269271 0.433333 0.044792 0.194444 0.536850 1920.000000 1080.000000
0 297 0.269792 0.434259 0.044792 0.194444 0.522470 1920.000000 1080.000000
0 298 0.270313 0.434722 0.044792 0.195370 0.513610 1920.000000 1080.000000
0 299 0.270833 0.435648 0.044792 0.195370 0.510410 1920.000000 1080.000000
0 300 0.271354 0.436574 0.044792 0.195370 0.501140 1920.000000 1080.000000
0 301 0.271875 0.436574 0.044792 0.195370 0.491920 1920.000000 1080.000000
0 302 0.272396 0.437500 0.044792 0.195370 0.482380 1920.000000 1080.000000
0 303 0.272917 0.437963 0.044792 0.196296 0.477310 1920.000000 1080.000000
0 304 0.273438 0.438889 0.044792 0.196296 0.469160 1920.000000 1080.000000
0 305 0.274479 0.439815 0.044792 0.196296 0.452810 1920.000000 1080.000000
0 306 0.276042 0.440278 0.044792 0.197222 0.440110 1920.000000 1080.000000
0 307 0.277604 0.441204 0.044792 0.197222 0.422280 1920.000000 1080.000000
0 308 0.279167 0.441667 0.044792 0.198148 0.405510 1920.000000 1080.000000
0 309 0.280990 0.443056 0.044271 0.199074 0.379520 1920.000000 1080.000000
0 310 0.282552 0.443519 0.044271 0.200000 0.365930 1920.000000 1080.000000
0 311 0.284115 0.444444 0.044271 0.200000 0.347020 1920.000000 1080.000000
0 312 0.285677 0.444907 0.044271 0.200926 0.330280 1920.000000 1080.000000
0 313 0.287500 0.446296 0.043750 0.201852 0.328770 1920.000000 1080.000000
0 314 0.289062 0.446759 0.043750 0.202778 0.331820 1920.000000 1080.000000
0 315 0.290625 0.447685 0.043750 0.202778 0.331820 1920.000000 1080.000000
0 316 0.292187 0.448148 0.043750 0.203704 0.339370 1920.000000 1080.000000
0 317 0.294271 0.449537 0.043750 0.204630 0.337840 1920.000000 1080.000000
0 318 0.295573 0.450463 0.044271 0.204630 0.339410 1920.000000 1080.000000
0 319 0.297135 0.451389 0.045312 0.204630 0.346490 1920.000000 1080.000000
0 320 0.298438 0.452315 0.045833 0.204630 0.348920 1920.000000 1080.000000
0 321 0.300000 0.453241 0.046875 0.204630 0.351750 1920.000000 1080.000000
0 322 0.301563 0.454630 0.046875 0.203704 0.354180 1920.000000 1080.000000
0 323 0.303125 0.455556 0.047917 0.203704 0.358000 1920.000000 1080.000000
0 324 0.304427 0.456481 0.048438 0.203704 0.359780 1920.000000 1080.000000
0 325 0.305990 0.457407 0.049479 0.203704 0.364960 1920.000000 1080.000000
0 326 0.307812 0.459259 0.050000 0.203704 0.364420 1920.000000 1080.000000
0 327 0.308333 0.460648 0.050000 0.204630 0.364170 1920.000000 1080.000000
0 328 0.308854 0.462037 0.050000 0.205556 0.365680 1920.000000 1080.000000
0 329 0.309896 0.463426 0.050000 0.206481 0.368140 1920.000000 1080.000000
0 330 0.310417 0.465278 0.050000 0.208333 0.366250 1920.000000 1080.000000
0 331 0.310937 0.466667 0.050000 0.209259 0.368680 1920.000000 1080.000000
0 332 0.311979 0.468056 0.050000 0.210185 0.368560 1920.000000 1080.000000
0 333 0.312500 0.469444 0.050000 0.211111 0.368430 1920.000000 1080.000000
0 334 0.313021 0.471296 0.050000 0.212963 0.369750 1920.000000 1080.000000
0 335 0.314063 0.472685 0.050000 0.213889 0.370290 1920.000000 1080.000000
0 336 0.314583 0.474074 0.050000 0.214815 0.374050 1920.000000 1080.000000
0 337 0.315104 0.475463 0.050000 0.215741 0.374040 1920.000000 1080.000000
0 338 0.316146 0.477315 0.050000 0.217593 0.378080 1920.000000 1080.000000
0 339 0.317188 0.477315 0.050000 0.217593 0.388130 1920.000000 1080.000000
0 340 0.318750 0.478241 0.050000 0.217593 0.390440 1920.000000 1080.000000
0 341 0.320312 0.478241 0.050000 0.217593 0.406690 1920.000000 1080.000000
0 342 0.321875 0.479167 0.050000 0.217593 0.403460 1920.000000 1080.000000
0 343 0.323437 0.479167 0.050000 0.217593 0.402540 1920.000000 1080.000000
0 344 0.325000 0.480093 0.050000 0.217593 0.406780 1920.000000 1080.000000
0 345 0.326562 0.480093 0.050000 0.217593 0.411020 1920.000000 1080.000000
0 346 0.328125 0.481019 0.050000 0.217593 0.427310 1920.000000 1080.000000
0 347 0.329688 0.481019 0.050000 0.217593 0.455400 1920.000000 1080.000000
0 348 0.331250 0.481944 0.050000 0.217593 0.473350 1920.000000 1080.000000
0 349 0.332813 0.482870 0.050000 0.217593 0.497290 1920.000000 1080.000000
0 350 0.333854 0.483333 0.050000 0.218519 0.511330 1920.000000 1080.000000
0 351 0.334896 0.484259 0.050000 0.218519 0.529210 1920.000000 1080.000000
0 352 0.336458 0.485185 0.050000 0.218519 0.547090 1920.000000 1080.000000
0 353 0.337500 0.486111 0.050000 0.218519 0.559010 1920.000000 1080.000000
0 354 0.338542 0.487037 0.050000 0.218519 0.576880 1920.000000 1080.000000
0 355 0.340104 0.487963 0.050000 0.218519 0.594760 1920.000000 1080.000000
0 356 0.341146 0.488889 0.050000 0.218519 0.612640 1920.000000 1080.000000
0 357 0.342187 0.489815 0.050000 0.218519 0.624560 1920.000000 1080.000000
0 358 0.343750 0.490741 0.050000 0.218519 0.645050 1920.000000 1080.000000
0 359 0.344792 0.491667 0.050000 0.218519 0.668710 1920.000000 1080.000000
0 360 0.345833 0.492593 0.050000 0.218519 0.688760 1920.000000 1080.000000
0 361 0.347396 0.493519 0.050000 0.218519 0.718130 1920.000000 1080.000000
0 362 0.347917 0.493981 0.050000 0.219444 0.733000 1920.000000 1080.000000
0 363 0.348958 0.494907 0.050000 0.219444 0.756220 1920.000000 1080.000000
0 364 0.349479 0.495833 0.050000 0.219444 0.769560 1920.000000 1080.000000
0 365 0.350521 0.496759 0.050000 0.219444 0.788440 1920.000000 1080.000000
0 366 0.351562 0.497685 0.050000 0.219444 0.811310 1920.000000 1080.000000
0 367 0.352083 0.498148 0.050000 0.220370 0.824830 1920.000000 1080.000000
0 368 0.353125 0.499074 0.050000 0.220370 0.847430 1920.000000 1080.000000
0 369 0.353646 0.500000 0.050000 0.220370 0.859810 1920.000000 1080.000000
0 370 0.354687 0.500926 0.050000 0.220370 0.877580 1920.000000 1080.000000
0 371 0.355729 0.502315 0.050000 0.221296 0.893900 1920.000000 1080.000000
0 372 0.356250 0.503704 0.050000 0.222222 0.905460 1920.000000 1080.000000
0 373 0.356771 0.505556 0.050000 0.222222 0.915940 1920.000000 1080.000000
0 374 0.357292 0.506944 0.050000 0.223148 0.927450 1920.000000 1080.000000
0 375 0.357812 0.508796 0.050000 0.223148 0.938140 1920.000000 1080.000000
0 376 0.358854 0.510185 0.050000 0.224074 0.955200 1920.000000 1080.000000
0 377 0.359375 0.512037 0.050000 0.224074 0.960500 1920.000000 1080.000000
0 378 0.359896 0.513426 0.050000 0.225000 0.971900 1920.000000 1080.000000
0 379 0.360417 0.515278 0.050000 0.225000 0.983020 1920.000000 1080.000000
0 380 0.360938 0.516667 0.050000 0.225926 0.994360 1920.000000 1080.000000
0 381 0.361979 0.518981 0.050000 0.226852 1.000000 1920.000000 1080.000000
0 382 0.361979 0.520370 0.050000 0.227778 1.000000 1920.000000 1080.000000
0 383 0.361979 0.522685 0.050000 0.228704 1.000000 1920.000000 1080.000000
0 384 0.362500 0.525000 0.050000 0.229630 1.000000 1920.000000 1080.000000
0 385 0.362500 0.527315 0.050000 0.230556 1.000000 1920.000000 1080.000000
0 386 0.363021 0.529630 0.050000 0.231481 1.000000 1920.000000 1080.000000
0 387 0.363021 0.531481 0.050000 0.231481 1.000000 1920.000000 1080.000000
0 388 0.363021 0.533796 0.050000 0.232407 1.000000 1920.000000 1080.000000
0 389 0.363542 0.536111 0.050000 0.233333 1.000000 1920.000000 1080.000000
0 390 0.363542 0.538426 0.050000 0.234259 1.000000 1920.000000 1080.000000
0 391 0.364063 0.540741 0.050000 0.235185 1.000000 1920.000000 1080.000000
0 392 0.364323 0.541204 0.050521 0.236111 1.000000 1920.000000 1080.000000
0 393 0.364844 0.542593 0.050521 0.237037 1.000000 1920.000000 1080.000000
0 394 0.365365 0.543519 0.050521 0.237037 1.000000 1920.000000 1080.000000
0 395 0.365885 0.544907 0.050521 0.237963 1.000000 1920.000000 1080.000000
0 396 0.366406 0.545833 0.050521 0.237963 1.000000 1920.000000 1080.000000
0 397 0.366667 0.547222 0.051042 0.238889 1.000000 1920.000000 1080.000000
0 398 0.367188 0.548148 0.051042 0.238889 1.000000 1920.000000 1080.000000
0 399 0.367708 0.549537 0.051042 0.239815 1.000000 1920.000000 1080.000000
0 400 0.368229 0.550463 0.051042 0.239815 1.000000 1920.000000 1080.000000
0 401 0.368750 0.551852 0.051042 0.240741 1.000000 1920.000000 1080.000000
0 402 0.369010 0.552778 0.051562 0.240741 1.000000 1920.000000 1080.000000
0 403 0.369531 0.554167 0.051562 0.241667 1.000000 1920.000000 1080.000000
0 404 0.370052 0.555093 0.051562 0.241667 1.000000 1920.000000 1080.000000
0 405 0.370573 0.556481 0.051562 0.242593 1.000000 1920.000000 1080.000000
0 406 0.371354 0.557870 0.052083 0.243519 1.000000 1920.000000 1080.000000
0 407 0.370833 0.559722 0.052083 0.243519 1.000000 1920.000000 1080.000000
0 408 0.370312 0.561574 0.052083 0.243519 1.000000 1920.000000 1080.000000
0 409 0.369792 0.563426 0.052083 0.243519 1.000000 1920.000000 1080.000000
0 410 0.369271 0.565278 0.052083 0.243519 1.000000 1920.000000 1080.000000
0 411 0.368750 0.567130 0.052083 0.243519 1.000000 1920.000000 1080.000000
0 412 0.368229 0.568981 0.052083 0.243519 1.000000 1920.000000 1080.000000
0 413 0.367708 0.570833 0.052083 0.243519 1.000000 1920.000000 1080.000000
0 414 0.367188 0.572685 0.052083 0.243519 1.000000 1920.000000 1080.000000
0 415 0.366667 0.574537 0.052083 0.243519 1.000000 1920.000000 1080.000000
0 416 0.366146 0.576389 0.052083 0.243519 1.000000 1920.000000 1080.000000
0 417 0.365625 0.578241 0.052083 0.243519 1.000000 1920.000000 1080.000000
0 418 0.365104 0.580093 0.052083 0.243519 1.000000 1920.000000 1080.000000
0 419 0.364323 0.581019 0.052604 0.243519 1.000000 1920.000000 1080.000000
0 420 0.364063 0.582407 0.053125 0.244444 1.000000 1920.000000 1080.000000
0 421 0.363802 0.583796 0.053646 0.245370 1.000000 1920.000000 1080.000000
0 422 0.363281 0.585185 0.053646 0.246296 1.000000 1920.000000 1080.000000
0 423 0.363021 0.586574 0.054167 0.247222 1.000000 1920.000000 1080.000000
0 424 0.362760 0.587500 0.054688 0.247222 1.000000 1920.000000 1080.000000
0 425 0.362500 0.588889 0.055208 0.248148 1.000000 1920.000000 1080.000000
0 426 0.361979 0.590278 0.055208 0.249074 1.000000 1920.000000 1080.000000
0 427 0.361719 0.591667 0.055729 0.250000 1.000000 1920.000000 1080.000000
0 428 0.361458 0.593056 0.056250 0.250926 1.000000 1920.000000 1080.000000
0 429 0.361198 0.593981 0.056771 0.250926 1.000000 1920.000000 1080.000000
0 430 0.360677 0.595370 0.056771 0.251852 1.000000 1920.000000 1080.000000
0 431 0.360417 0.596759 0.057292 0.252778 1.000000 1920.000000 1080.000000
0 432 0.360156 0.598148 0.057813 0.253704 1.000000 1920.000000 1080.000000
0 433 0.359896 0.599537 0.058333 0.254630 1.000000 1920.000000 1080.000000
0 434 0.359375 0.601389 0.058333 0.254630 1.000000 1920.000000 1080.000000
0 435 0.359375 0.603704 0.058333 0.255556 1.000000 1920.000000 1080.000000
0 436 0.359375 0.605556 0.058333 0.255556 1.000000 1920.000000 1080.000000
0 437 0.358854 0.607870 0.058333 0.256481 1.000000 1920.000000 1080.000000
0 438 0.358854 0.609722 0.058333 0.256481 1.000000 1920.000000 1080.000000
0 439 0.358854 0.612037 0.058333 0.257407 1.000000 1920.000000 1080.000000
0 440 0.358333 0.613889 0.058333 0.257407 1.000000 1920.000000 1080.000000
0 441 0.358333 0.616204 0.058333 0.258333 1.000000 1920.000000 1080.000000
0 442 0.358333 0.618056 0.058333 0.258333 1.000000 1920.000000 1080.000000
0 443 0.357812 0.620370 0.058333 0.259259 1.000000 1920.000000 1080.000000
0 444 0.357812 0.622222 0.058333 0.259259 1.000000 1920.000000 1080.000000
0 445 0.357812 0.624537 0.058333 0.260185 1.000000 1920.000000 1080.000000
0 446 0.357812 0.627315 0.058333 0.260185 1.000000 1920.000000 1080.000000
0 447 0.357812 0.628704 0.058333 0.261111 1.000000 1920.000000 1080.000000
0 448 0.357812 0.630556 0.058333 0.261111 1.000000 1920.000000 1080.000000
0 449 0.357812 0.631944 0.058333 0.262037 1.000000 1920.000000 1080.000000
0 450 0.357812 0.633796 0.058333 0.262037 1.000000 1920.000000 1080.000000
0 451 0.357812 0.636111 0.058333 0.262963 1.000000 1920.000000 1080.000000
0 452 0.357812 0.637500 0.058333 0.263889 1.000000 1920.000000 1080.000000
0 453 0.357812 0.639352 0.058333 0.263889 1.000000 1920.000000 1080.000000
0 454 0.357812 0.640741 0.058333 0.264815 1.000000 1920.000000 1080.000000
0 455 0.357812 0.643056 0.058333 0.265741 1.000000 1920.000000 1080.000000
0 456 0.357812 0.644907 0.058333 0.265741 1.000000 1920.000000 1080.000000
0 457 0.357812 0.646296 0.058333 0.266667 1.000000 1920.000000 1080.000000
0 458 0.357812 0.648148 0.058333 0.266667 1.000000 1920.000000 1080.000000
0 459 0.357812 0.650463 0.058333 0.267593 1.000000 1920.000000 1080.000000
0 460 0.357812 0.652315 0.058333 0.267593 1.000000 1920.000000 1080.000000
0 461 0.357812 0.654630 0.058333 0.268519 1.000000 1920.000000 1080.000000
0 462 0.357812 0.656944 0.058333 0.269444 1.000000 1920.000000 1080.000000
0 463 0.357812 0.659259 0.058333 0.270370 1.000000 1920.000000 1080.000000
0 464 0.357812 0.661574 0.058333 0.271296 1.000000 1920.000000 1080.000000
0 465 0.357812 0.663426 0.058333 0.271296 1.000000 1920.000000 1080.000000
0 466 0.357812 0.665741 0.058333 0.272222 1.000000 1920.000000 1080.000000
0 467 0.357812 0.668056 0.058333 0.273148 1.000000 1920.000000 1080.000000
0 468 0.357812 0.670370 0.058333 0.274074 1.000000 1920.000000 1080.000000
0 469 0.357812 0.672685 0.058333 0.275000 1.000000 1920.000000 1080.000000
0 470 0.357812 0.674537 0.058333 0.275000 1.000000 1920.000000 1080.000000
0 471 0.357812 0.676852 0.058333 0.275926 1.000000 1920.000000 1080.000000
0 472 0.357812 0.679167 0.058333 0.276852 1.000000 1920.000000 1080.000000
0 473 0.357812 0.681481 0.058333 0.277778 1.000000 1920.000000 1080.000000
0 474 0.357812 0.683796 0.058333 0.278704 1.000000 1920.000000 1080.000000
0 475 0.357552 0.685185 0.058854 0.279630 1.000000 1920.000000 1080.000000
0 476 0.357292 0.687037 0.059375 0.279630 1.000000 1920.000000 1080.000000
0 477 0.357292 0.688889 0.059375 0.279630 1.000000 1920.000000 1080.000000
0 478 0.357031 0.691204 0.059896 0.280556 1.000000 1920.000000 1080.000000
0 479 0.356771 0.693056 0.060417 0.280556 1.000000 1920.000000 1080.000000
0 480 0.356771 0.694907 0.060417 0.280556 1.000000 1920.000000 1080.000000
0 481 0.356510 0.696759 0.060937 0.282407 1.000000 1920.000000 1080.000000
0 482 0.356510 0.698611 0.060937 0.282407 1.000000 1920.000000 1080.000000
0 483 0.356250 0.700463 0.061458 0.282407 1.000000 1920.000000 1080.000000
0 484 0.355990 0.702778 0.061979 0.283333 1.000000 1920.000000 1080.000000
0 485 0.355990 0.704630 0.061979 0.283333 1.000000 1920.000000 1080.000000
0 486 0.355729 0.706481 0.062500 0.283333 1.000000 1920.000000 1080.000000
0 487 0.355729 0.708796 0.062500 0.284259 1.000000 1920.000000 1080.000000
0 488 0.354687 0.711111 0.062500 0.285185 1.000000 1920.000000 1080.000000
0 489 0.354167 0.713426 0.062500 0.286111 1.000000 1920.000000 1080.000000
0 490 0.353385 0.716204 0.063021 0.286111 1.000000 1920.000000 1080.000000
0 491 0.352865 0.718519 0.063021 0.287037 1.000000 1920.000000 1080.000000
0 492 0.352344 0.720833 0.063021 0.287963 1.000000 1920.000000 1080.000000
0 493 0.351302 0.723611 0.063021 0.287963 1.000000 1920.000000 1080.000000
0 494 0.350781 0.725926 0.063021 0.288889 1.000000 1920.000000 1080.000000
0 495 0.350260 0.728241 0.063021 0.289815 1.000000 1920.000000 1080.000000
0 496 0.349479 0.731019 0.063542 0.289815 1.000000 1920.000000 1080.000000
0 497 0.348958 0.733333 0.063542 0.290741 1.000000 1920.000000 1080.000000
0 498 0.348438 0.736111 0.063542 0.290741 1.000000 1920.000000 1080.000000
0 499 0.348177 0.738426 0.064062 0.291667 1.000000 1920.000000 1080.000000
0 500 0.348177 0.740741 0.064062 0.292593 1.000000 1920.000000 1080.000000
0 501 0.348438 0.743056 0.064583 0.293519 1.000000 1920.000000 1080.000000
0 502 0.348438 0.745833 0.064583 0.295370 1.000000 1920.000000 1080.000000
0 503 0.348438 0.748148 0.064583 0.296296 1.000000 1920.000000 1080.000000
0 504 0.348698 0.750463 0.065104 0.297222 1.000000 1920.000000 1080.000000
0 505 0.348698 0.753241 0.065104 0.299074 1.000000 1920.000000 1080.000000
0 506 0.348698 0.755556 0.065104 0.300000 1.000000 1920.000000 1080.000000
0 507 0.348958 0.757870 0.065625 0.300926 1.000000 1920.000000 1080.000000
0 508 0.348958 0.760185 0.065625 0.301852 1.000000 1920.000000 1080.000000
0 509 0.348958 0.762963 0.065625 0.303704 1.000000 1920.000000 1080.000000
0 510 0.349219 0.765278 0.066146 0.304630 1.000000 1920.000000 1080.000000
0 511 0.349219 0.767593 0.066146 0.305556 1.000000 1920.000000 1080.000000
0 512 0.349479 0.770370 0.066667 0.307407 1.000000 1920.000000 1080.000000
0 513 0.348438 0.773611 0.066667 0.308333 1.000000 1920.000000 1080.000000
0 514 0.347396 0.776852 0.066667 0.309259 1.000000 1920.000000 1080.000000
0 515 0.346875 0.780556 0.066667 0.309259 1.000000 1920.000000 1080.000000
0 516 0.345833 0.783796 0.066667 0.310185 1.000000 1920.000000 1080.000000
0 517 0.344792 0.787037 0.066667 0.311111 1.000000 1920.000000 1080.000000
0 518 0.344271 0.790741 0.066667 0.311111 1.000000 1920.000000 1080.000000
0 519 0.343229 0.793981 0.066667 0.312037 1.000000 1920.000000 1080.000000
0 520 0.342187 0.797222 0.066667 0.312963 1.000000 1920.000000 1080.000000
0 521 0.341667 0.800926 0.066667 0.312963 1.000000 1920.000000 1080.000000
0 522 0.340625 0.804167 0.066667 0.313889 1.000000 1920.000000 1080.000000
0 523 0.339583 0.807407 0.066667 0.314815 1.000000 1920.000000 1080.000000
0 524 0.339062 0.811574 0.066667 0.315741 1.000000 1920.000000 1080.000000
0 525 0.338281 0.813426 0.067187 0.315741 1.000000 1920.000000 1080.000000
0 526 0.337500 0.815741 0.067708 0.314815 1.000000 1920.000000 1080.000000
0 527 0.336979 0.817593 0.068750 0.314815 1.000000 1920.000000 1080.000000
0 528 0.336458 0.819907 0.068750 0.313889 1.000000 1920.000000 1080.000000
0 529 0.335938 0.821759 0.069792 0.313889 0.997730 1920.000000 1080.000000
0 530 0.335156 0.824074 0.070312 0.312963 0.993360 1920.000000 1080.000000
0 531 0.334635 0.825926 0.071354 0.312963 0.989420 1920.000000 1080.000000
0 532 0.334115 0.828704 0.071354 0.312963 0.989530 1920.000000 1080.000000
0 533 0.333594 0.830556 0.072396 0.312963 0.985840 1920.000000 1080.000000
0 534 0.332813 0.832870 0.072917 0.312037 0.982440 1920.000000 1080.000000
0 535 0.332292 0.834722 0.073958 0.312037 0.981170 1920.000000 1080.000000
0 536 0.331771 0.837037 0.073958 0.311111 0.979910 1920.000000 1080.000000
0 537 0.331250 0.838889 0.075000 0.311111 0.977120 1920.000000 1080.000000
0 538 0.330469 0.841204 0.075521 0.310185 0.976030 1920.000000 1080.000000
0 539 0.330208 0.843981 0.076042 0.310185 0.975100 1920.000000 1080.000000
0 540 0.329688 0.845370 0.076042 0.307407 0.974510 1920.000000 1080.000000
0 541 0.329167 0.846759 0.076042 0.304630 1.000000 1920.000000 1080.000000
0 542 0.328646 0.848148 0.076042 0.301852 1.000000 1920.000000 1080.000000
0 543 0.328125 0.849537 0.076042 0.299074 1.000000 1920.000000 1080.000000
0 544 0.327604 0.850926 0.076042 0.296296 1.000000 1920.000000 1080.000000
0 545 0.327083 0.852315 0.076042 0.293519 1.000000 1920.000000 1080.000000
0 546 0.326562 0.854167 0.076042 0.291667 1.000000 1920.000000 1080.000000
0 547 0.326042 0.855556 0.076042 0.288889 1.000000 1920.000000 1080.000000
0 548 0.325521 0.856944 0.076042 0.286111 1.000000 1920.000000 1080.000000
0 549 0.325000 0.858333 0.076042 0.283333 1.000000 1920.000000 1080.000000
0 550 0.324479 0.859722 0.076042 0.280556 1.000000 1920.000000 1080.000000
0 551 0.323958 0.861111 0.076042 0.277778 1.000000 1920.000000 1080.000000
0 552 0.323437 0.862963 0.076042 0.275926 0.996660 1920.000000 1080.000000
0 553 0.323437 0.863426 0.076042 0.275000 0.996640 1920.000000 1080.000000
0 554 0.323698 0.864352 0.076563 0.273148 0.996620 1920.000000 1080.000000
0 555 0.323958 0.865278 0.077083 0.271296 0.996600 1920.000000 1080.000000
0 556 0.324479 0.866204 0.077083 0.269444 0.996580 1920.000000 1080.000000
0 557 0.324740 0.867130 0.077604 0.267593 0.996550 1920.000000 1080.000000
0 558 0.324740 0.867593 0.077604 0.266667 0.996540 1920.000000 1080.000000
0 559 0.325000 0.868519 0.078125 0.264815 0.996520 1920.000000 1080.000000
0 560 0.325521 0.869444 0.078125 0.262963 0.996490 1920.000000 1080.000000
0 561 0.325781 0.870370 0.078646 0.261111 0.996470 1920.000000 1080.000000
0 562 0.326042 0.871296 0.079167 0.259259 0.996440 1920.000000 1080.000000
0 563 0.326042 0.871759 0.079167 0.258333 0.996430 1920.000000 1080.000000
0 564 0.326562 0.872685 0.079167 0.256481 0.996400 1920.000000 1080.000000
0 565 0.326823 0.873611 0.079687 0.254630 0.996380 1920.000000 1080.000000
0 566 0.327083 0.874537 0.080208 0.252778 0.996350 1920.000000 1080.000000
0 567 0.327604 0.875463 0.080208 0.250926 0.996320 1920.000000 1080.000000
0 568 0.326042 0.876389 0.080208 0.249074 0.996300 1920.000000 1080.000000
0 569 0.324479 0.877778 0.080208 0.246296 0.996250 1920.000000 1080.000000
0 570 0.322917 0.878704 0.080208 0.244444 0.996230 1920.000000 1080.000000
0 571 0.321615 0.880093 0.079687 0.241667 0.996180 1920.000000 1080.000000
0 572 0.320052 0.881019 0.079687 0.239815 0.996150 1920.000000 1080.000000
0 573 0.318490 0.882407 0.079687 0.237037 0.996110 1920.000000 1080.000000
0 574 0.317188 0.883796 0.079167 0.234259 0.996060 1920.000000 1080.000000
0 575 0.315625 0.884722 0.079167 0.232407 0.996030 1920.000000 1080.000000
0 576 0.314063 0.886111 0.079167 0.229630 0.995980 1920.000000 1080.000000
0 577 0.312500 0.887037 0.079167 0.227778 0.995950 1920.000000 1080.000000
0 578 0.311198 0.888426 0.078646 0.225000 0.995900 1920.000000 1080.000000
0 579 0.309635 0.889352 0.078646 0.223148 0.995870 1920.000000 1080.000000
0 580 0.308073 0.890741 0.078646 0.220370 0.995820 1920.000000 1080.000000
0 581 0.306771 0.892130 0.078125 0.217593 0.973760 1920.000000 1080.000000
0 582 0.305208 0.893056 0.078125 0.215741 0.936580 1920.000000 1080.000000
0 583 0.303646 0.894444 0.078125 0.212963 0.897510 1920.000000 1080.000000
0 584 0.302083 0.895370 0.078125 0.211111 0.863300 1920.000000 1080.000000
0 585 0.300781 0.896759 0.077604 0.208333 0.828730 1920.000000 1080.000000
0 586 0.299219 0.897685 0.077604 0.206481 0.794290 1920.000000 1080.000000
0 587 0.297656 0.899074 0.077604 0.203704 0.995480 1920.000000 1080.000000
0 588 0.296615 0.900463 0.077604 0.200926 0.995410 1920.000000 1080.000000
0 589 0.294531 0.901852 0.077604 0.198148 0.995350 1920.000000 1080.000000
0 590 0.292448 0.903241 0.077604 0.195370 0.995280 1920.000000 1080.000000
0 591 0.290365 0.904630 0.077604 0.192593 0.995220 1920.000000 1080.000000
0 592 0.288281 0.906019 0.077604 0.189815 0.995150 1920.000000 1080.000000
0 593 0.286198 0.907870 0.077604 0.186111 0.995050 1920.000000 1080.000000
0 594 0.284115 0.909259 0.077604 0.183333 0.994970 1920.000000 1080.000000
0 595 0.282031 0.910648 0.077604 0.180556 0.994900 1920.000000 1080.000000
0 596 0.279948 0.912037 0.077604 0.177778 0.994820 1920.000000 1080.000000
0 597 0.277865 0.913889 0.077604 0.174074 0.994710 1920.000000 1080.000000
0 598 0.275781 0.915741 0.077604 0.170370 0.994590 1920.000000 1080.000000
0 599 0.274219 0.917593 0.077604 0.166667 0.994480 1920.000000 1080.000000
0 600 0.272656 0.919907 0.077604 0.162037 0.994320 1920.000000 1080.000000
0 601 0.270833 0.921759 0.078125 0.158333 0.994190 1920.000000 1080.000000
0 602 0.269010 0.923611 0.077604 0.154630 0.994050 1920.000000 1080.000000
0 603 0.267448 0.925926 0.077604 0.150000 0.993870 1920.000000 1080.000000
0 604 0.265625 0.927778 0.078125 0.146296 0.993710 1920.000000 1080.000000
0 605 0.264062 0.929630 0.078125 0.142593 0.993550 1920.000000 1080.000000
0 606 0.262500 0.931944 0.078125 0.137963 0.993330 1920.000000 1080.000000
0 607 0.261198 0.931944 0.076563 0.136111 1.000000 1920.000000 1080.000000
0 608 0.260417 0.932870 0.075000 0.134259 1.000000 1920.000000 1080.000000
0 609 0.259375 0.933796 0.072917 0.132407 1.000000 1920.000000 1080.000000
0 610 0.258594 0.934722 0.071354 0.130556 1.000000 1920.000000 1080.000000
0 611 0.257812 0.935648 0.069792 0.128704 1.000000 1920.000000 1080.000000
0 612 0.256250 0.937500 0.069792 0.125000 1.000000 1920.000000 1080.000000
0 613 0.254688 0.939815 0.069792 0.120370 1.000000 1920.000000 1080.000000
0 614 0.253125 0.941667 0.069792 0.116667 1.000000 1920.000000 1080.000000
0 615 0.251563 0.943981 0.069792 0.112037 1.000000 1920.000000 1080.000000
0 616 0.250521 0.945833 0.069792 0.108333 1.000000 1920.000000 1080.000000
0 617 0.248958 0.948148 0.069792 0.103704 1.000000 1920.000000 1080.000000
0 618 0.247396 0.950000 0.069792 0.100000 1.000000 1920.000000 1080.000000
0 619 0.245833 0.952315 0.069792 0.095370 1.000000 1920.000000 1080.000000
0 620 0.244271 0.954167 0.069792 0.091667 1.000000 1920.000000 1080.000000
