0 868 0.949740 0.312500 0.018229 0.099074 0.000000 1920.000000 1080.000000
0 869 0.949740 0.312037 0.018229 0.098148 0.000000 1920.000000 1080.000000
0 870 0.950000 0.312037 0.017708 0.096296 0.400000 1920.000000 1080.000000
0 871 0.950260 0.312037 0.018229 0.094444 0.305560 1920.000000 1080.000000
0 872 0.950521 0.312037 0.017708 0.092593 0.171430 1920.000000 1080.000000
0 873 0.950521 0.311574 0.017708 0.091667 0.028571 1920.000000 1080.000000
0 874 0.951042 0.311574 0.017708 0.089815 0.000000 1920.000000 1080.000000
0 875 0.951042 0.311574 0.017708 0.087963 0.142860 1920.000000 1080.000000
0 876 0.951562 0.311574 0.017708 0.086111 0.285710 1920.000000 1080.000000
0 877 0.950521 0.310648 0.017708 0.086111 0.371430 1920.000000 1080.000000
0 878 0.950000 0.310648 0.017708 0.086111 0.457140 1920.000000 1080.000000
0 879 0.948958 0.309722 0.017708 0.086111 0.542860 1920.000000 1080.000000
0 880 0.948438 0.309722 0.017708 0.086111 0.628570 1920.000000 1080.000000
0 881 0.947396 0.309722 0.017708 0.086111 0.742860 1920.000000 1080.000000
0 882 0.946875 0.308796 0.017708 0.086111 0.742860 1920.000000 1080.000000
0 883 0.945833 0.308796 0.017708 0.086111 0.771430 1920.000000 1080.000000
0 884 0.945312 0.308796 0.017708 0.086111 0.800000 1920.000000 1080.000000
0 885 0.943229 0.309722 0.017708 0.086111 0.885710 1920.000000 1080.000000
0 886 0.941146 0.311574 0.017708 0.086111 0.885710 1920.000000 1080.000000
0 887 0.939063 0.313426 0.017708 0.086111 0.857140 1920.000000 1080.000000
0 888 0.933333 0.313426 0.017708 0.086111 0.914290 1920.000000 1080.000000
0 889 0.927604 0.314352 0.017708 0.086111 0.971430 1920.000000 1080.000000
0 890 0.922396 0.315278 0.017708 0.086111 1.000000 1920.000000 1080.000000
0 891 0.915625 0.320833 0.017708 0.086111 0.942860 1920.000000 1080.000000
0 892 0.908854 0.326389 0.017708 0.086111 1.000000 1920.000000 1080.000000
0 893 0.902604 0.331944 0.017708 0.086111 1.000000 1920.000000 1080.000000
0 894 0.898438 0.334722 0.017708 0.086111 1.000000 1920.000000 1080.000000
0 895 0.894271 0.338426 0.017708 0.086111 1.000000 1920.000000 1080.000000
0 896 0.890104 0.342130 0.017708 0.086111 0.628570 1920.000000 1080.000000
0 897 0.886458 0.345833 0.017708 0.086111 1.000000 1920.000000 1080.000000
0 898 0.885938 0.346759 0.017708 0.086111 1.000000 1920.000000 1080.000000
0 899 0.885938 0.347685 0.017708 0.086111 1.000000 1920.000000 1080.000000
0 900 0.885938 0.348611 0.017708 0.086111 1.000000 1920.000000 1080.000000
