0 249 0.919010 0.975463 0.019271 0.095370 0.759620 1920.000000 1080.000000
0 250 0.920573 0.975463 0.019271 0.095370 0.759620 1920.000000 1080.000000
0 251 0.922135 0.976389 0.019271 0.095370 0.750000 1920.000000 1080.000000
0 252 0.923698 0.977315 0.019271 0.095370 0.740380 1920.000000 1080.000000
0 253 0.925260 0.977315 0.019271 0.095370 0.740380 1920.000000 1080.000000
0 254 0.926823 0.978241 0.019271 0.095370 0.730770 1920.000000 1080.000000
0 255 0.928385 0.979167 0.019271 0.095370 0.721150 1920.000000 1080.000000
0 256 0.929948 0.979167 0.019271 0.095370 0.721150 1920.000000 1080.000000
0 257 0.931510 0.980093 0.019271 0.095370 0.711540 1920.000000 1080.000000
0 258 0.933594 0.981019 0.019271 0.095370 0.701920 1920.000000 1080.000000
0 259 0.934115 0.981944 0.019271 0.095370 0.692310 1920.000000 1080.000000
0 260 0.934635 0.982870 0.019271 0.095370 0.682690 1920.000000 1080.000000
0 261 0.935156 0.983796 0.019271 0.095370 0.673080 1920.000000 1080.000000
0 262 0.935677 0.984722 0.019271 0.095370 0.663460 1920.000000 1080.000000
0 263 0.936719 0.986574 0.019271 0.095370 0.644230 1920.000000 1080.000000
0 264 0.936719 0.986574 0.019271 0.095370 0.644230 1920.000000 1080.000000
0 265 0.936719 0.986574 0.019271 0.095370 0.644230 1920.000000 1080.000000
0 266 0.937240 0.986574 0.019271 0.095370 0.644230 1920.000000 1080.000000
0 267 0.937240 0.986574 0.019271 0.095370 0.644230 1920.000000 1080.000000
0 268 0.937240 0.986574 0.019271 0.095370 0.644230 1920.000000 1080.000000
0 269 0.937760 0.986574 0.019271 0.095370 0.644230 1920.000000 1080.000000
0 270 0.935156 0.982870 0.019271 0.095370 0.682690 1920.000000 1080.000000
0 271 0.932552 0.979167 0.019271 0.095370 0.721150 1920.000000 1080.000000
0 272 0.929948 0.975463 0.019271 0.095370 0.759620 1920.000000 1080.000000
0 273 0.927344 0.971759 0.019271 0.095370 0.798080 1920.000000 1080.000000
0 274 0.925260 0.968056 0.019271 0.095370 0.836540 1920.000000 1080.000000
0 275 0.920573 0.963426 0.019271 0.095370 0.884620 1920.000000 1080.000000
0 276 0.916406 0.958796 0.019271 0.095370 0.932690 1920.000000 1080.000000
0 277 0.911719 0.954167 0.019271 0.095370 0.980770 1920.000000 1080.000000
0 278 0.907552 0.949537 0.019271 0.095370 1.000000 1920.000000 1080.000000
0 279 0.906250 0.939815 0.018750 0.088889 1.000000 1920.000000 1080.000000
0 280 0.905208 0.930556 0.018750 0.083333 1.000000 1920.000000 1080.000000
0 281 0.904167 0.920833 0.018750 0.076852 1.000000 1920.000000 1080.000000
0 282 0.903125 0.911574 0.018750 0.071296 1.000000 1920.000000 1080.000000
0 283 0.903125 0.905093 0.018750 0.071296 1.000000 1920.000000 1080.000000
0 284 0.903646 0.898611 0.018750 0.071296 1.000000 1920.000000 1080.000000
0 285 0.904167 0.893056 0.018750 0.071296 1.000000 1920.000000 1080.000000
0 286 0.905208 0.887500 0.018750 0.071296 1.000000 1920.000000 1080.000000
0 287 0.906771 0.881944 0.018750 0.071296 1.000000 1920.000000 1080.000000
0 288 0.908333 0.876389 0.018750 0.071296 1.000000 1920.000000 1080.000000
0 289 0.911458 0.872685 0.018750 0.071296 1.000000 1920.000000 1080.000000
0 290 0.915104 0.869907 0.018750 0.071296 1.000000 1920.000000 1080.000000
0 291 0.918750 0.867130 0.018750 0.071296 1.000000 1920.000000 1080.000000
0 292 0.922396 0.867130 0.018750 0.071296 1.000000 1920.000000 1080.000000
0 293 0.926042 0.868056 0.018750 0.071296 1.000000 1920.000000 1080.000000
0 294 0.930208 0.868981 0.018750 0.071296 1.000000 1920.000000 1080.000000
0 295 0.933854 0.868981 0.018750 0.071296 1.000000 1920.000000 1080.000000
0 296 0.938021 0.868981 0.018750 0.071296 1.000000 1920.000000 1080.000000
0 297 0.941667 0.868981 0.018750 0.071296 1.000000 1920.000000 1080.000000
0 298 0.945833 0.868981 0.018750 0.071296 1.000000 1920.000000 1080.000000
0 299 0.947917 0.874537 0.018750 0.071296 1.000000 1920.000000 1080.000000
0 300 0.950521 0.881019 0.018750 0.071296 1.000000 1920.000000 1080.000000
0 301 0.953125 0.887500 0.018750 0.071296 1.000000 1920.000000 1080.000000
0 302 0.954688 0.887500 0.018750 0.071296 1.000000 1920.000000 1080.000000
0 303 0.956771 0.887500 0.018750 0.071296 1.000000 1920.000000 1080.000000
0 304 0.958854 0.888426 0.018750 0.071296 1.000000 1920.000000 1080.000000
0 305 0.960417 0.888426 0.018750 0.071296 1.000000 1920.000000 1080.000000
0 306 0.962500 0.888426 0.018750 0.071296 1.000000 1920.000000 1080.000000
0 307 0.964583 0.889352 0.018750 0.071296 1.000000 1920.000000 1080.000000
0 308 0.963542 0.887500 0.018750 0.071296 1.000000 1920.000000 1080.000000
0 309 0.962500 0.886574 0.018750 0.071296 1.000000 1920.000000 1080.000000
0 310 0.961458 0.885648 0.018750 0.071296 1.000000 1920.000000 1080.000000
0 311 0.959896 0.886574 0.018750 0.071296 1.000000 1920.000000 1080.000000
0 312 0.958854 0.887500 0.018750 0.071296 1.000000 1920.000000 1080.000000
0 313 0.957812 0.888426 0.018750 0.071296 1.000000 1920.000000 1080.000000
0 314 0.956771 0.889352 0.018750 0.071296 1.000000 1920.000000 1080.000000
0 315 0.955208 0.890278 0.018750 0.071296 1.000000 1920.000000 1080.000000
0 316 0.954167 0.891204 0.018750 0.071296 1.000000 1920.000000 1080.000000
0 317 0.953125 0.892130 0.018750 0.071296 1.000000 1920.000000 1080.000000
0 318 0.952083 0.893056 0.018750 0.071296 1.000000 1920.000000 1080.000000
