0 192 0.402865 0.472222 0.042188 0.205556 0.000000 1920.000000 1080.000000
0 193 0.400521 0.473611 0.042708 0.208333 0.000000 1920.000000 1080.000000
0 194 0.398177 0.475926 0.043229 0.211111 0.000000 1920.000000 1080.000000
0 195 0.396094 0.477778 0.043229 0.214815 0.000000 1920.000000 1080.000000
0 196 0.393750 0.480093 0.043750 0.217593 0.000000 1920.000000 1080.000000
0 197 0.391406 0.481944 0.044271 0.221296 0.069767 1920.000000 1080.000000
0 198 0.389323 0.484259 0.044271 0.224074 0.116280 1920.000000 1080.000000
0 199 0.386979 0.486111 0.044792 0.227778 0.160920 1920.000000 1080.000000
0 200 0.384896 0.488426 0.044792 0.230556 0.195400 1920.000000 1080.000000
0 201 0.381250 0.489815 0.044792 0.231481 0.195400 1920.000000 1080.000000
0 202 0.377604 0.491204 0.044792 0.232407 0.206900 1920.000000 1080.000000
0 203 0.374219 0.493056 0.045312 0.232407 0.215910 1920.000000 1080.000000
0 204 0.370573 0.494444 0.045312 0.233333 0.227270 1920.000000 1080.000000
0 205 0.367188 0.496759 0.045833 0.234259 0.235960 1920.000000 1080.000000
0 206 0.365365 0.495370 0.046354 0.235185 0.244440 1920.000000 1080.000000
0 207 0.363802 0.493981 0.046354 0.236111 0.244440 1920.000000 1080.000000
0 208 0.362240 0.493519 0.046354 0.237037 0.244440 1920.000000 1080.000000
0 209 0.360156 0.493981 0.046354 0.237963 0.222220 1920.000000 1080.000000
0 210 0.358073 0.494444 0.046354 0.238889 0.188890 1920.000000 1080.000000
0 211 0.356250 0.495370 0.046875 0.238889 0.164840 1920.000000 1080.000000
0 212 0.355208 0.495833 0.046875 0.239815 0.153850 1920.000000 1080.000000
0 213 0.354427 0.496759 0.047396 0.239815 0.184780 1920.000000 1080.000000
0 214 0.353385 0.497685 0.047396 0.241667 0.195650 1920.000000 1080.000000
0 215 0.352604 0.498611 0.047917 0.241667 0.215050 1920.000000 1080.000000
0 216 0.351562 0.499074 0.047917 0.242593 0.225810 1920.000000 1080.000000
0 217 0.351042 0.500463 0.047917 0.243519 0.225810 1920.000000 1080.000000
0 218 0.352083 0.500463 0.047917 0.243519 0.247310 1920.000000 1080.000000
0 219 0.353385 0.500926 0.048438 0.244444 0.276600 1920.000000 1080.000000
0 220 0.354948 0.501389 0.048438 0.245370 0.308510 1920.000000 1080.000000
0 221 0.356250 0.501852 0.048958 0.246296 0.336840 1920.000000 1080.000000
0 222 0.357552 0.502315 0.048438 0.247222 0.361700 1920.000000 1080.000000
0 223 0.358854 0.502778 0.048958 0.248148 0.400000 1920.000000 1080.000000
0 224 0.360417 0.503241 0.048958 0.249074 0.431580 1920.000000 1080.000000
0 225 0.361719 0.503704 0.049479 0.250000 0.468750 1920.000000 1080.000000
0 226 0.363281 0.504630 0.049479 0.250000 0.500000 1920.000000 1080.000000
0 227 0.363021 0.503704 0.051042 0.255556 0.484850 1920.000000 1080.000000
0 228 0.363021 0.502778 0.053125 0.261111 0.456310 1920.000000 1080.000000
0 229 0.363021 0.501852 0.055208 0.266667 0.420560 1920.000000 1080.000000
0 230 0.360156 0.503704 0.056771 0.272222 0.381820 1920.000000 1080.000000
0 231 0.357552 0.505556 0.058854 0.277778 0.351310 1920.000000 1080.000000
0 232 0.354948 0.507407 0.060937 0.283333 0.399630 1920.000000 1080.000000
0 233 0.351823 0.508796 0.059896 0.284259 0.457990 1920.000000 1080.000000
0 234 0.348958 0.511111 0.058333 0.285185 0.522120 1920.000000 1080.000000
0 235 0.346354 0.513426 0.057292 0.286111 0.585590 1920.000000 1080.000000
0 236 0.343229 0.515741 0.056250 0.287037 0.715600 1920.000000 1080.000000
0 237 0.340625 0.518056 0.055208 0.287963 0.785050 1920.000000 1080.000000
0 238 0.337760 0.520370 0.053646 0.288889 0.855770 1920.000000 1080.000000
0 239 0.335156 0.522685 0.052604 0.289815 0.931370 1920.000000 1080.000000
0 240 0.329948 0.523611 0.053646 0.295370 0.932690 1920.000000 1080.000000
0 241 0.325000 0.524537 0.055208 0.300926 0.925230 1920.000000 1080.000000
0 242 0.319792 0.525463 0.056250 0.306481 0.917430 1920.000000 1080.000000
0 243 0.315104 0.526852 0.057292 0.311111 0.918920 1920.000000 1080.000000
0 244 0.309896 0.527778 0.058333 0.316667 0.911500 1920.000000 1080.000000
0 245 0.304948 0.528704 0.059896 0.322222 0.905170 1920.000000 1080.000000
0 246 0.300260 0.530556 0.060937 0.327778 0.898310 1920.000000 1080.000000
0 247 0.297135 0.535185 0.061979 0.333333 0.916670 1920.000000 1080.000000
0 248 0.294271 0.539815 0.063542 0.338889 1.000000 1920.000000 1080.000000
0 249 0.291667 0.544907 0.064583 0.345370 1.000000 1920.000000 1080.000000
0 250 0.288542 0.550000 0.065625 0.350000 1.000000 1920.000000 1080.000000
0 251 0.285938 0.555093 0.066667 0.356481 1.000000 1920.000000 1080.000000
0 252 0.283073 0.559722 0.068229 0.362037 1.000000 1920.000000 1080.000000
0 253 0.280469 0.565278 0.069271 0.367593 1.000000 1920.000000 1080.000000
0 254 0.279427 0.567130 0.070312 0.371296 1.000000 1920.000000 1080.000000
0 255 0.278646 0.568981 0.070833 0.375000 1.000000 1920.000000 1080.000000
0 256 0.277865 0.571296 0.071354 0.377778 1.000000 1920.000000 1080.000000
0 257 0.277083 0.573148 0.071875 0.381481 1.000000 1920.000000 1080.000000
0 258 0.276562 0.575926 0.072917 0.385185 1.000000 1920.000000 1080.000000
0 259 0.273438 0.575000 0.073958 0.390741 1.000000 1920.000000 1080.000000
0 260 0.270313 0.575000 0.075000 0.396296 1.000000 1920.000000 1080.000000
0 261 0.267188 0.574537 0.076042 0.402778 1.000000 1920.000000 1080.000000
0 262 0.264323 0.574537 0.077604 0.408333 1.000000 1920.000000 1080.000000
0 263 0.261198 0.574537 0.078646 0.413889 1.000000 1920.000000 1080.000000
0 264 0.258333 0.574074 0.079167 0.420370 1.000000 1920.000000 1080.000000
0 265 0.255208 0.574074 0.080208 0.425926 1.000000 1920.000000 1080.000000
0 266 0.252344 0.574074 0.081771 0.431481 1.000000 1920.000000 1080.000000
0 267 0.249219 0.573611 0.082812 0.437963 1.000000 1920.000000 1080.000000
0 268 0.246094 0.573611 0.083854 0.443519 1.000000 1920.000000 1080.000000
0 269 0.243490 0.573611 0.084896 0.449074 1.000000 1920.000000 1080.000000
0 270 0.237760 0.568981 0.085938 0.454630 1.000000 1920.000000 1080.000000
0 271 0.232031 0.564815 0.086979 0.461111 1.000000 1920.000000 1080.000000
0 272 0.226823 0.561111 0.088021 0.466667 1.000000 1920.000000 1080.000000
0 273 0.220312 0.556019 0.089583 0.473148 1.000000 1920.000000 1080.000000
0 274 0.214323 0.551389 0.091146 0.480556 1.000000 1920.000000 1080.000000
0 275 0.207813 0.546296 0.092708 0.487037 1.000000 1920.000000 1080.000000
0 276 0.201823 0.541667 0.094271 0.494444 1.000000 1920.000000 1080.000000
0 277 0.196354 0.537037 0.095833 0.505556 1.000000 1920.000000 1080.000000
0 278 0.191146 0.532870 0.097917 0.515741 1.000000 1920.000000 1080.000000
0 279 0.185938 0.528241 0.100000 0.526852 1.000000 1920.000000 1080.000000
0 280 0.180729 0.524074 0.102083 0.537037 1.000000 1920.000000 1080.000000
0 281 0.176302 0.517130 0.103646 0.547222 1.000000 1920.000000 1080.000000
0 282 0.172135 0.510648 0.105729 0.558333 1.000000 1920.000000 1080.000000
0 283 0.167969 0.504167 0.107813 0.569444 1.000000 1920.000000 1080.000000
0 284 0.163802 0.497685 0.109896 0.580556 1.000000 1920.000000 1080.000000
0 285 0.159375 0.490741 0.111458 0.590741 1.000000 1920.000000 1080.000000
0 286 0.155208 0.484259 0.113542 0.601852 1.000000 1920.000000 1080.000000
0 287 0.151042 0.477778 0.115625 0.612963 1.000000 1920.000000 1080.000000
0 288 0.146875 0.471296 0.117708 0.624074 1.000000 1920.000000 1080.000000
0 289 0.140885 0.470833 0.123438 0.637963 1.000000 1920.000000 1080.000000
0 290 0.135417 0.470833 0.129167 0.650926 1.000000 1920.000000 1080.000000
0 291 0.129688 0.470833 0.134375 0.663889 1.000000 1920.000000 1080.000000
0 292 0.124219 0.470833 0.140104 0.676852 1.000000 1920.000000 1080.000000
0 293 0.118490 0.470833 0.145313 0.689815 1.000000 1920.000000 1080.000000
0 294 0.113021 0.470833 0.151042 0.702778 1.000000 1920.000000 1080.000000
0 295 0.105729 0.476852 0.156250 0.720370 1.000000 1920.000000 1080.000000
0 296 0.098698 0.483333 0.161979 0.737037 1.000000 1920.000000 1080.000000
0 297 0.091667 0.490278 0.167708 0.754630 1.000000 1920.000000 1080.000000
0 298 0.087240 0.492593 0.167187 0.775926 1.000000 1920.000000 1080.000000
0 299 0.083333 0.494907 0.166667 0.797222 0.996880 1920.000000 1080.000000
0 300 0.079167 0.497222 0.166667 0.818519 0.971960 1920.000000 1080.000000
0 301 0.075260 0.500000 0.166146 0.838889 0.950000 1920.000000 1080.000000
0 302 0.064323 0.500463 0.169271 0.862037 0.877300 1920.000000 1080.000000
0 303 0.053646 0.501852 0.171875 0.885185 0.809670 1920.000000 1080.000000
0 304 0.042708 0.503241 0.175000 0.908333 0.741840 1920.000000 1080.000000
0 305 0.032031 0.504630 0.177604 0.931481 0.678360 1920.000000 1080.000000
0 306 0.017708 0.514815 0.182292 0.961111 0.595440 1920.000000 1080.000000
0 307 0.003646 0.525463 0.186458 0.991667 0.506990 1920.000000 1080.000000
0 308 -0.010417 0.536111 0.190625 1.022222 0.423640 1920.000000 1080.000000
