0 1 0.237240 0.401389 0.060937 0.302778 1.000000 1920.000000 1080.000000
0 2 0.237240 0.401389 0.060937 0.302778 1.000000 1920.000000 1080.000000
0 3 0.232813 0.400463 0.060417 0.306481 1.000000 1920.000000 1080.000000
0 4 0.228646 0.400000 0.060417 0.309259 1.000000 1920.000000 1080.000000
0 5 0.224479 0.399074 0.060417 0.312963 1.000000 1920.000000 1080.000000
0 6 0.220312 0.398611 0.060417 0.315741 1.000000 1920.000000 1080.000000
0 7 0.216146 0.398148 0.060417 0.318519 1.000000 1920.000000 1080.000000
0 8 0.213542 0.400926 0.062500 0.320370 1.000000 1920.000000 1080.000000
0 9 0.210938 0.404167 0.064583 0.323148 1.000000 1920.000000 1080.000000
0 10 0.208333 0.406944 0.066667 0.325000 1.000000 1920.000000 1080.000000
0 11 0.205990 0.410185 0.069271 0.327778 1.000000 1920.000000 1080.000000
0 12 0.204687 0.412963 0.069792 0.329630 1.000000 1920.000000 1080.000000
0 13 0.203385 0.416204 0.070312 0.332407 1.000000 1920.000000 1080.000000
0 14 0.202344 0.419444 0.071354 0.335185 1.000000 1920.000000 1080.000000
0 15 0.201042 0.422685 0.071875 0.337963 1.000000 1920.000000 1080.000000
0 16 0.199740 0.425926 0.072396 0.340741 1.000000 1920.000000 1080.000000
0 17 0.198698 0.429167 0.073438 0.343519 1.000000 1920.000000 1080.000000
0 18 0.197396 0.432407 0.073958 0.346296 1.000000 1920.000000 1080.000000
0 19 0.196094 0.435648 0.074479 0.349074 1.000000 1920.000000 1080.000000
0 20 0.195052 0.438889 0.075521 0.351852 1.000000 1920.000000 1080.000000
0 21 0.200260 0.443056 0.075521 0.356481 1.000000 1920.000000 1080.000000
0 22 0.205729 0.447222 0.075000 0.361111 1.000000 1920.000000 1080.000000
0 23 0.211458 0.452315 0.075000 0.365741 1.000000 1920.000000 1080.000000
0 24 0.217708 0.454630 0.075000 0.366667 1.000000 1920.000000 1080.000000
0 25 0.223958 0.457407 0.075000 0.368519 1.000000 1920.000000 1080.000000
0 26 0.230208 0.460185 0.075000 0.370370 1.000000 1920.000000 1080.000000
0 27 0.236719 0.462963 0.075521 0.372222 1.000000 1920.000000 1080.000000
0 28 0.238021 0.468981 0.075000 0.376852 1.000000 1920.000000 1080.000000
0 29 0.239583 0.475000 0.075000 0.381481 1.000000 1920.000000 1080.000000
0 30 0.241146 0.481019 0.075000 0.386111 1.000000 1920.000000 1080.000000
0 31 0.242448 0.487500 0.074479 0.391667 1.000000 1920.000000 1080.000000
0 32 0.244010 0.493519 0.074479 0.396296 1.000000 1920.000000 1080.000000
0 33 0.245573 0.499537 0.074479 0.400926 1.000000 1920.000000 1080.000000
0 34 0.247135 0.506019 0.074479 0.406481 1.000000 1920.000000 1080.000000
0 35 0.244531 0.511574 0.075521 0.410185 1.000000 1920.000000 1080.000000
0 36 0.241927 0.518056 0.076563 0.413889 1.000000 1920.000000 1080.000000
0 37 0.239323 0.523611 0.077604 0.417593 1.000000 1920.000000 1080.000000
0 38 0.236979 0.530093 0.078125 0.421296 1.000000 1920.000000 1080.000000
0 39 0.234375 0.535648 0.079167 0.425000 1.000000 1920.000000 1080.000000
0 40 0.231771 0.542130 0.080208 0.428704 1.000000 1920.000000 1080.000000
0 41 0.229427 0.548611 0.080729 0.432407 1.000000 1920.000000 1080.000000
0 42 0.223958 0.555556 0.085417 0.440741 1.000000 1920.000000 1080.000000
0 43 0.218490 0.562500 0.090104 0.449074 1.000000 1920.000000 1080.000000
0 44 0.213281 0.570370 0.094271 0.457407 1.000000 1920.000000 1080.000000
0 45 0.207813 0.577315 0.098958 0.465741 1.000000 1920.000000 1080.000000
0 46 0.202604 0.585185 0.103125 0.474074 1.000000 1920.000000 1080.000000
0 47 0.195573 0.594444 0.104688 0.481481 1.000000 1920.000000 1080.000000
0 48 0.188802 0.604167 0.106771 0.487963 1.000000 1920.000000 1080.000000
0 49 0.182292 0.613889 0.108333 0.494444 1.000000 1920.000000 1080.000000
0 50 0.175521 0.623148 0.110417 0.501852 1.000000 1920.000000 1080.000000
0 51 0.169010 0.632870 0.111979 0.508333 1.000000 1920.000000 1080.000000
0 52 0.162240 0.642593 0.114062 0.514815 1.000000 1920.000000 1080.000000
0 53 0.155729 0.652315 0.115625 0.521296 1.000000 1920.000000 1080.000000
0 54 0.151042 0.655093 0.117708 0.528704 1.000000 1920.000000 1080.000000
0 55 0.146615 0.658333 0.120313 0.535185 1.000000 1920.000000 1080.000000
0 56 0.141927 0.661111 0.122396 0.542593 1.000000 1920.000000 1080.000000
0 57 0.137500 0.664352 0.125000 0.549074 1.000000 1920.000000 1080.000000
0 58 0.133073 0.667593 0.127604 0.555556 1.000000 1920.000000 1080.000000
0 59 0.128125 0.672685 0.127083 0.571296 1.000000 1920.000000 1080.000000
0 60 0.123177 0.678704 0.126562 0.587037 1.000000 1920.000000 1080.000000
0 61 0.118490 0.683796 0.125521 0.602778 1.000000 1920.000000 1080.000000
0 62 0.113542 0.689815 0.125000 0.618519 1.000000 1920.000000 1080.000000
0 63 0.109115 0.695833 0.124479 0.634259 0.979590 1920.000000 1080.000000
0 64 0.104688 0.696296 0.127083 0.644444 0.971310 1920.000000 1080.000000
0 65 0.100260 0.696759 0.129688 0.654630 0.963280 1920.000000 1080.000000
0 66 0.095833 0.697685 0.132292 0.663889 0.955430 1920.000000 1080.000000
0 67 0.091406 0.698148 0.134896 0.674074 0.947870 1920.000000 1080.000000
0 68 0.086979 0.698611 0.137500 0.684259 0.940540 1920.000000 1080.000000
0 69 0.083073 0.700000 0.140104 0.694444 0.932090 1920.000000 1080.000000
0 70 0.075781 0.699074 0.139063 0.707407 0.925490 1920.000000 1080.000000
0 71 0.068490 0.698611 0.138021 0.721296 0.911050 1920.000000 1080.000000
0 72 0.061719 0.698148 0.136979 0.735185 0.862400 1920.000000 1080.000000
0 73 0.054427 0.697685 0.135937 0.749074 0.810570 1920.000000 1080.000000
0 74 0.047396 0.697222 0.134375 0.761111 0.762720 1920.000000 1080.000000
0 75 0.040365 0.696759 0.133854 0.775000 0.711740 1920.000000 1080.000000
0 76 0.033333 0.696296 0.132292 0.788889 0.662970 1920.000000 1080.000000
0 77 0.026042 0.695833 0.131250 0.802778 0.611500 1920.000000 1080.000000
