0 726 0.133918 0.987500 0.027207 0.026852 0.966670 1654.000000 1080.000000
0 727 0.129686 0.986111 0.028416 0.029630 0.969700 1654.000000 1080.000000
0 728 0.125756 0.985185 0.029021 0.031481 0.971430 1654.000000 1080.000000
0 729 0.121524 0.983796 0.030230 0.034259 0.973680 1654.000000 1080.000000
0 730 0.117594 0.982870 0.030834 0.036111 0.975000 1654.000000 1080.000000
0 731 0.113664 0.981944 0.031439 0.037963 0.976190 1654.000000 1080.000000
0 732 0.109734 0.980556 0.033253 0.040741 0.977780 1654.000000 1080.000000
0 733 0.105804 0.979630 0.033857 0.042593 0.978720 1654.000000 1080.000000
0 734 0.101874 0.978704 0.034462 0.044444 0.979590 1654.000000 1080.000000
0 735 0.097642 0.977315 0.035671 0.047222 0.980770 1654.000000 1080.000000
0 736 0.093712 0.976389 0.036276 0.049074 0.981480 1654.000000 1080.000000
0 737 0.090085 0.975463 0.037485 0.050926 0.982140 1654.000000 1080.000000
0 738 0.085550 0.975000 0.038089 0.051852 0.982460 1654.000000 1080.000000
0 739 0.081318 0.974537 0.038089 0.052778 0.982760 1654.000000 1080.000000
0 740 0.076784 0.974074 0.038694 0.053704 0.983050 1654.000000 1080.000000
0 741 0.072551 0.974074 0.038694 0.053704 0.983050 1654.000000 1080.000000
0 742 0.068017 0.973611 0.039299 0.054630 0.983330 1654.000000 1080.000000
0 743 0.063785 0.973148 0.039299 0.055556 0.983610 1654.000000 1080.000000
0 744 0.059250 0.972685 0.039903 0.056481 0.983870 1654.000000 1080.000000
0 745 0.055018 0.972685 0.039903 0.056481 0.983870 1654.000000 1080.000000
0 746 0.050181 0.971759 0.039903 0.058333 0.984380 1654.000000 1080.000000
0 747 0.045647 0.971296 0.039299 0.059259 0.984620 1654.000000 1080.000000
0 748 0.041112 0.970833 0.039903 0.060185 0.984850 1654.000000 1080.000000
0 749 0.036578 0.970370 0.039299 0.061111 0.985070 1654.000000 1080.000000
0 750 0.032044 0.969907 0.039903 0.062037 0.985290 1654.000000 1080.000000
0 751 0.027509 0.968981 0.039299 0.063889 0.985710 1654.000000 1080.000000
0 752 0.022672 0.968519 0.039299 0.064815 0.985920 1654.000000 1080.000000
0 753 0.019347 0.968056 0.037485 0.065741 0.986110 1654.000000 1080.000000
0 754 0.016929 0.967593 0.032648 0.066667 0.986300 1654.000000 1080.000000
0 755 0.014813 0.967130 0.028416 0.067593 0.986490 1654.000000 1080.000000
0 756 0.012696 0.966667 0.024184 0.068519 0.986670 1654.000000 1080.000000
0 757 0.010580 0.966204 0.019952 0.069444 0.986840 1654.000000 1080.000000
0 758 0.008767 0.966204 0.016324 0.069444 0.986840 1654.000000 1080.000000
0 759 0.006651 0.965741 0.012092 0.070370 0.987010 1654.000000 1080.000000
0 760 0.004837 0.965741 0.008464 0.070370 0.987010 1654.000000 1080.000000
0 761 0.002721 0.965278 0.004232 0.071296 0.987180 1654.000000 1080.000000
