0 323 0.807437 0.971296 0.045345 0.059259 0.947370 1654.000000 1080.000000
0 324 0.806832 0.969907 0.046554 0.062037 0.920630 1654.000000 1080.000000
0 325 0.806227 0.968519 0.047763 0.064815 0.905110 1654.000000 1080.000000
0 326 0.805623 0.967130 0.048972 0.067593 0.888600 1654.000000 1080.000000
0 327 0.805320 0.965741 0.049577 0.070370 0.873100 1654.000000 1080.000000
0 328 0.804716 0.964352 0.050786 0.073148 0.859560 1654.000000 1080.000000
0 329 0.804111 0.962963 0.051995 0.075926 0.844340 1654.000000 1080.000000
0 330 0.803809 0.961574 0.052600 0.078704 0.830210 1654.000000 1080.000000
0 331 0.803204 0.960185 0.053809 0.081481 0.818350 1654.000000 1080.000000
0 332 0.802600 0.958796 0.055018 0.084259 0.804350 1654.000000 1080.000000
0 333 0.802297 0.957407 0.055623 0.087037 0.791400 1654.000000 1080.000000
0 334 0.801693 0.955556 0.055623 0.090741 0.786580 1654.000000 1080.000000
0 335 0.801088 0.953704 0.055623 0.094444 0.778890 1654.000000 1080.000000
0 336 0.800484 0.951852 0.055623 0.098148 0.773990 1654.000000 1080.000000
0 337 0.799879 0.950463 0.055623 0.100926 0.766960 1654.000000 1080.000000
0 338 0.799274 0.949074 0.055623 0.103704 0.991150 1654.000000 1080.000000
0 339 0.798670 0.947685 0.055623 0.106481 0.991380 1654.000000 1080.000000
0 340 0.798065 0.946296 0.055623 0.109259 0.991600 1654.000000 1080.000000
0 341 0.797461 0.945370 0.055623 0.111111 0.991740 1654.000000 1080.000000
0 342 0.796856 0.943981 0.055623 0.113889 0.991940 1654.000000 1080.000000
0 343 0.796252 0.942593 0.055623 0.116667 0.992130 1654.000000 1080.000000
0 344 0.795647 0.941204 0.055623 0.119444 0.992310 1654.000000 1080.000000
0 345 0.795042 0.940278 0.055623 0.121296 0.992420 1654.000000 1080.000000
0 346 0.795042 0.938889 0.055623 0.124074 0.992590 1654.000000 1080.000000
0 347 0.795042 0.937500 0.055623 0.126852 0.992750 1654.000000 1080.000000
0 348 0.795042 0.936111 0.055623 0.129630 0.992910 1654.000000 1080.000000
0 349 0.795042 0.934722 0.055623 0.132407 0.993060 1654.000000 1080.000000
0 350 0.795042 0.933333 0.055623 0.135185 0.993200 1654.000000 1080.000000
0 351 0.795042 0.931944 0.055623 0.137963 0.993330 1654.000000 1080.000000
0 352 0.794438 0.930556 0.055623 0.140741 0.993460 1654.000000 1080.000000
0 353 0.793833 0.929167 0.055623 0.143519 0.993590 1654.000000 1080.000000
0 354 0.793531 0.928241 0.056227 0.145370 0.993670 1654.000000 1080.000000
0 355 0.792926 0.926852 0.056227 0.148148 0.993790 1654.000000 1080.000000
0 356 0.792926 0.925463 0.056227 0.150926 0.993900 1654.000000 1080.000000
0 357 0.792322 0.924537 0.056227 0.152778 0.993980 1654.000000 1080.000000
0 358 0.792019 0.923148 0.056832 0.155556 0.994080 1654.000000 1080.000000
0 359 0.791415 0.921759 0.056832 0.158333 0.994190 1654.000000 1080.000000
0 360 0.791415 0.920833 0.056832 0.160185 0.994250 1654.000000 1080.000000
0 361 0.790508 0.918981 0.056227 0.163889 0.994380 1654.000000 1080.000000
0 362 0.789903 0.917593 0.056227 0.166667 0.994480 1654.000000 1080.000000
0 363 0.789299 0.915741 0.056227 0.170370 0.994590 1654.000000 1080.000000
0 364 0.788694 0.914352 0.056227 0.173148 0.994680 1654.000000 1080.000000
0 365 0.788089 0.912500 0.056227 0.176852 0.994790 1654.000000 1080.000000
0 366 0.787787 0.911111 0.055623 0.179630 0.994870 1654.000000 1080.000000
0 367 0.786578 0.909722 0.055623 0.182407 0.994950 1654.000000 1080.000000
0 368 0.785973 0.908333 0.055623 0.185185 0.995020 1654.000000 1080.000000
0 369 0.785369 0.907407 0.055623 0.187037 0.995070 1654.000000 1080.000000
0 370 0.784764 0.906019 0.055623 0.189815 0.995150 1654.000000 1080.000000
0 371 0.784160 0.905093 0.055623 0.191667 0.995190 1654.000000 1080.000000
0 372 0.783555 0.903704 0.055623 0.194444 0.995260 1654.000000 1080.000000
0 373 0.782950 0.902778 0.055623 0.196296 0.995310 1654.000000 1080.000000
0 374 0.782950 0.899074 0.055623 0.196296 1.000000 1654.000000 1080.000000
0 375 0.782950 0.896296 0.055623 0.196296 1.000000 1654.000000 1080.000000
0 376 0.782950 0.892593 0.055623 0.196296 1.000000 1654.000000 1080.000000
0 377 0.782950 0.889815 0.055623 0.196296 1.000000 1654.000000 1080.000000
0 378 0.782950 0.886111 0.055623 0.196296 1.000000 1654.000000 1080.000000
0 379 0.782950 0.883333 0.055623 0.196296 1.000000 1654.000000 1080.000000
0 380 0.782950 0.880556 0.055623 0.196296 0.733450 1654.000000 1080.000000
0 381 0.782950 0.876852 0.055623 0.196296 0.726130 1654.000000 1080.000000
0 382 0.782950 0.874074 0.055623 0.196296 0.717300 1654.000000 1080.000000
0 383 0.782950 0.870370 0.055623 0.196296 0.718920 1654.000000 1080.000000
0 384 0.782950 0.867593 0.055623 0.196296 0.708470 1654.000000 1080.000000
0 385 0.782950 0.864815 0.055623 0.196296 0.708470 1654.000000 1080.000000
0 386 0.782346 0.861574 0.055623 0.195370 0.717590 1654.000000 1080.000000
0 387 0.782044 0.858333 0.056227 0.194444 0.719270 1654.000000 1080.000000
0 388 0.781439 0.855093 0.056227 0.193519 0.728320 1654.000000 1080.000000
0 389 0.781137 0.851852 0.056832 0.192593 0.731450 1654.000000 1080.000000
0 390 0.780532 0.848611 0.056832 0.191667 0.738870 1654.000000 1080.000000
0 391 0.780230 0.845370 0.057437 0.190741 0.741850 1654.000000 1080.000000
0 392 0.779625 0.842130 0.057437 0.189815 0.750710 1654.000000 1080.000000
0 393 0.779323 0.839352 0.058041 0.187963 0.750860 1654.000000 1080.000000
0 394 0.778718 0.836574 0.058041 0.187963 0.759450 1654.000000 1080.000000
0 395 0.778114 0.833796 0.058041 0.187963 0.768040 1654.000000 1080.000000
0 396 0.777509 0.831944 0.058041 0.187963 0.774000 1654.000000 1080.000000
0 397 0.776904 0.829167 0.058041 0.187963 0.782700 1654.000000 1080.000000
0 398 0.776300 0.826389 0.058041 0.187963 0.791390 1654.000000 1080.000000
0 399 0.775695 0.824537 0.058041 0.187963 0.798920 1654.000000 1080.000000
0 400 0.775091 0.821759 0.058041 0.187963 0.708310 1654.000000 1080.000000
0 401 0.774486 0.818981 0.058041 0.187963 0.627750 1654.000000 1080.000000
0 402 0.774486 0.817130 0.058041 0.187963 0.543110 1654.000000 1080.000000
0 403 0.773881 0.814352 0.058041 0.187963 0.468310 1654.000000 1080.000000
0 404 0.773881 0.811574 0.058041 0.187963 0.391150 1654.000000 1080.000000
0 405 0.773277 0.808796 0.058041 0.187963 0.388970 1654.000000 1080.000000
0 406 0.773277 0.806019 0.058041 0.187963 0.389330 1654.000000 1080.000000
0 407 0.772672 0.803241 0.058041 0.187963 0.391800 1654.000000 1080.000000
0 408 0.772672 0.800463 0.058041 0.187963 0.395490 1654.000000 1080.000000
0 409 0.772370 0.797685 0.058646 0.187963 0.412260 1654.000000 1080.000000
0 410 0.772068 0.794907 0.058041 0.187963 0.441280 1654.000000 1080.000000
0 411 0.771765 0.792130 0.058646 0.187963 0.653060 1654.000000 1080.000000
0 412 0.771463 0.789352 0.058041 0.187963 0.513700 1654.000000 1080.000000
0 413 0.771161 0.786574 0.058646 0.187963 0.514110 1654.000000 1080.000000
0 414 0.771161 0.784722 0.058646 0.187963 0.509950 1654.000000 1080.000000
0 415 0.770556 0.780556 0.058646 0.187037 0.521060 1654.000000 1080.000000
0 416 0.769952 0.776389 0.058646 0.186111 0.460450 1654.000000 1080.000000
0 417 0.769347 0.772685 0.058646 0.186111 0.455040 1654.000000 1080.000000
0 418 0.768742 0.768981 0.058646 0.184259 0.505000 1654.000000 1080.000000
0 419 0.768440 0.765278 0.059250 0.184259 0.543230 1654.000000 1080.000000
0 420 0.767836 0.761111 0.059250 0.183333 0.530430 1654.000000 1080.000000
0 421 0.767231 0.757407 0.059250 0.181481 0.503670 1654.000000 1080.000000
0 422 0.766626 0.753704 0.059250 0.181481 0.483050 1654.000000 1080.000000
0 423 0.766022 0.749537 0.059250 0.180556 0.396830 1654.000000 1080.000000
0 424 0.766022 0.746296 0.059250 0.179630 0.384770 1654.000000 1080.000000
0 425 0.765719 0.743519 0.058646 0.179630 0.394870 1654.000000 1080.000000
0 426 0.765719 0.740741 0.058646 0.179630 0.402410 1654.000000 1080.000000
0 427 0.766022 0.738889 0.058041 0.179630 0.396300 1654.000000 1080.000000
0 428 0.765719 0.736111 0.057437 0.179630 0.398720 1654.000000 1080.000000
0 429 0.766022 0.733796 0.056832 0.178704 0.413460 1654.000000 1080.000000
0 430 0.766022 0.731481 0.056832 0.179630 0.462350 1654.000000 1080.000000
0 431 0.765719 0.728704 0.056227 0.179630 0.527000 1654.000000 1080.000000
0 432 0.766022 0.726389 0.055623 0.178704 0.573720 1654.000000 1080.000000
0 433 0.766022 0.724074 0.055623 0.179630 0.630000 1654.000000 1080.000000
0 434 0.766022 0.721759 0.054414 0.178704 0.682730 1654.000000 1080.000000
0 435 0.766022 0.718981 0.054414 0.178704 0.708510 1654.000000 1080.000000
0 436 0.766324 0.717130 0.053809 0.178704 0.693930 1654.000000 1080.000000
0 437 0.765719 0.715278 0.053809 0.178704 0.701720 1654.000000 1080.000000
0 438 0.765719 0.713426 0.053809 0.178704 1.000000 1654.000000 1080.000000
0 439 0.765115 0.712500 0.053809 0.178704 1.000000 1654.000000 1080.000000
0 440 0.765115 0.710648 0.053809 0.178704 1.000000 1654.000000 1080.000000
0 441 0.764510 0.708796 0.053809 0.178704 1.000000 1654.000000 1080.000000
0 442 0.764510 0.707870 0.053809 0.178704 1.000000 1654.000000 1080.000000
0 443 0.763906 0.706019 0.053809 0.178704 1.000000 1654.000000 1080.000000
0 444 0.763906 0.704167 0.053809 0.178704 1.000000 1654.000000 1080.000000
0 445 0.763906 0.703241 0.053809 0.178704 1.000000 1654.000000 1080.000000
0 446 0.762696 0.698611 0.053809 0.176852 1.000000 1654.000000 1080.000000
0 447 0.762092 0.694444 0.053809 0.175926 1.000000 1654.000000 1080.000000
0 448 0.761487 0.690278 0.053809 0.175000 1.000000 1654.000000 1080.000000
0 449 0.760580 0.686111 0.054414 0.174074 1.000000 1654.000000 1080.000000
0 450 0.759976 0.681944 0.054414 0.173148 0.701020 1654.000000 1080.000000
0 451 0.759371 0.677778 0.054414 0.172222 0.703060 1654.000000 1080.000000
0 452 0.758767 0.673611 0.054414 0.171296 0.706960 1654.000000 1080.000000
0 453 0.758162 0.670833 0.054414 0.171296 0.706960 1654.000000 1080.000000
0 454 0.758162 0.668981 0.054414 0.171296 0.697510 1654.000000 1080.000000
0 455 0.758162 0.667130 0.054414 0.171296 0.686100 1654.000000 1080.000000
0 456 0.757557 0.665278 0.054414 0.171296 0.686100 1654.000000 1080.000000
0 457 0.757557 0.662500 0.054414 0.171296 0.676590 1654.000000 1080.000000
0 458 0.757557 0.660648 0.054414 0.171296 0.667080 1654.000000 1080.000000
0 459 0.757557 0.658796 0.054414 0.171296 0.667080 1654.000000 1080.000000
0 460 0.756953 0.656944 0.054414 0.171296 0.665010 1654.000000 1080.000000
0 461 0.756953 0.655093 0.054414 0.171296 0.665010 1654.000000 1080.000000
0 462 0.756953 0.652315 0.054414 0.171296 0.657570 1654.000000 1080.000000
0 463 0.756348 0.650463 0.054414 0.171296 0.665010 1654.000000 1080.000000
0 464 0.756348 0.648611 0.054414 0.171296 1.000000 1654.000000 1080.000000
0 465 0.756348 0.646759 0.054414 0.171296 1.000000 1654.000000 1080.000000
0 466 0.756348 0.644907 0.054414 0.171296 1.000000 1654.000000 1080.000000
0 467 0.756348 0.643519 0.054414 0.172222 1.000000 1654.000000 1080.000000
0 468 0.756348 0.642593 0.054414 0.172222 1.000000 1654.000000 1080.000000
0 469 0.756348 0.642130 0.054414 0.173148 1.000000 1654.000000 1080.000000
0 470 0.756348 0.641204 0.054414 0.173148 1.000000 1654.000000 1080.000000
0 471 0.756348 0.639815 0.054414 0.174074 1.000000 1654.000000 1080.000000
0 472 0.756348 0.639352 0.054414 0.175000 1.000000 1654.000000 1080.000000
0 473 0.756348 0.638426 0.054414 0.175000 1.000000 1654.000000 1080.000000
0 474 0.756651 0.637963 0.053809 0.175926 1.000000 1654.000000 1080.000000
0 475 0.756046 0.634259 0.053809 0.175926 1.000000 1654.000000 1080.000000
0 476 0.755744 0.630556 0.053204 0.175926 1.000000 1654.000000 1080.000000
0 477 0.755441 0.626852 0.052600 0.175926 1.000000 1654.000000 1080.000000
0 478 0.755441 0.624074 0.052600 0.175926 1.000000 1654.000000 1080.000000
0 479 0.754837 0.620370 0.052600 0.175926 1.000000 1654.000000 1080.000000
0 480 0.754534 0.616667 0.051995 0.175926 1.000000 1654.000000 1080.000000
0 481 0.754232 0.612963 0.051391 0.175926 1.000000 1654.000000 1080.000000
0 482 0.754232 0.610185 0.051391 0.175926 1.000000 1654.000000 1080.000000
0 483 0.754232 0.608333 0.051391 0.175926 1.000000 1654.000000 1080.000000
0 484 0.754837 0.606944 0.051391 0.175000 1.000000 1654.000000 1080.000000
0 485 0.755139 0.605093 0.050786 0.175000 1.000000 1654.000000 1080.000000
0 486 0.755441 0.603704 0.051391 0.174074 1.000000 1654.000000 1080.000000
0 487 0.756046 0.601852 0.051391 0.174074 1.000000 1654.000000 1080.000000
0 488 0.756348 0.600463 0.050786 0.173148 1.000000 1654.000000 1080.000000
0 489 0.756953 0.598611 0.050786 0.173148 1.000000 1654.000000 1080.000000
0 490 0.757255 0.597222 0.051391 0.172222 1.000000 1654.000000 1080.000000
0 491 0.757557 0.595370 0.050786 0.172222 1.000000 1654.000000 1080.000000
0 492 0.758162 0.593981 0.050786 0.171296 1.000000 1654.000000 1080.000000
0 493 0.758767 0.593056 0.050786 0.171296 1.000000 1654.000000 1080.000000
0 494 0.759371 0.591204 0.050786 0.171296 1.000000 1654.000000 1080.000000
0 495 0.760278 0.589352 0.051391 0.171296 1.000000 1654.000000 1080.000000
0 496 0.760883 0.587500 0.051391 0.171296 1.000000 1654.000000 1080.000000
0 497 0.762092 0.586574 0.051391 0.171296 1.000000 1654.000000 1080.000000
0 498 0.762696 0.584722 0.051391 0.171296 0.993250 1654.000000 1080.000000
0 499 0.763603 0.582870 0.051995 0.171296 0.979980 1654.000000 1080.000000
0 500 0.764813 0.581944 0.051995 0.171296 0.966320 1654.000000 1080.000000
0 501 0.764813 0.578704 0.051995 0.170370 0.683880 1654.000000 1080.000000
0 502 0.765417 0.576389 0.051995 0.169444 0.684160 1654.000000 1080.000000
0 503 0.765719 0.574074 0.051391 0.168519 0.690750 1654.000000 1080.000000
0 504 0.766324 0.571296 0.051391 0.166667 0.683410 1654.000000 1080.000000
0 505 0.766324 0.568519 0.051391 0.166667 0.695300 1654.000000 1080.000000
0 506 0.766929 0.566204 0.051391 0.165741 0.685790 1654.000000 1080.000000
0 507 0.767231 0.563426 0.050786 0.163889 0.692660 1654.000000 1080.000000
0 508 0.767836 0.561111 0.050786 0.162963 0.695050 1654.000000 1080.000000
0 509 0.768440 0.558796 0.050786 0.162037 0.683420 1654.000000 1080.000000
0 510 0.768440 0.557407 0.050786 0.162963 0.692990 1654.000000 1080.000000
0 511 0.769045 0.556481 0.050786 0.162963 0.690930 1654.000000 1080.000000
0 512 0.769649 0.555556 0.050786 0.162963 0.688870 1654.000000 1080.000000
0 513 0.770254 0.554167 0.050786 0.163889 0.688570 1654.000000 1080.000000
0 514 0.770859 0.553241 0.050786 0.163889 0.674290 1654.000000 1080.000000
0 515 0.771463 0.552315 0.050786 0.163889 0.672170 1654.000000 1080.000000
0 516 0.772068 0.550926 0.050786 0.164815 0.671900 1654.000000 1080.000000
0 517 0.772672 0.550000 0.050786 0.164815 0.669800 1654.000000 1080.000000
0 518 0.773277 0.549537 0.050786 0.165741 0.667450 1654.000000 1080.000000
0 519 0.773881 0.546759 0.050786 0.165741 0.657060 1654.000000 1080.000000
0 520 0.774486 0.543981 0.050786 0.165741 0.659220 1654.000000 1080.000000
0 521 0.775091 0.541204 0.050786 0.165741 0.661370 1654.000000 1080.000000
0 522 0.775695 0.538426 0.050786 0.165741 0.663530 1654.000000 1080.000000
0 523 0.776300 0.535648 0.050786 0.165741 0.665690 1654.000000 1080.000000
0 524 0.776904 0.532870 0.050786 0.165741 0.655560 1654.000000 1080.000000
0 525 0.777509 0.530093 0.050786 0.165741 0.647710 1654.000000 1080.000000
0 526 0.778114 0.527315 0.050786 0.165741 0.647710 1654.000000 1080.000000
0 527 0.777811 0.524537 0.050181 0.165741 0.655950 1654.000000 1080.000000
0 528 0.777811 0.522685 0.050181 0.165741 0.663890 1654.000000 1080.000000
0 529 0.777509 0.520833 0.049577 0.165741 0.663050 1654.000000 1080.000000
0 530 0.777509 0.518056 0.049577 0.165741 0.666400 1654.000000 1080.000000
0 531 0.777509 0.516204 0.049577 0.165741 0.768070 1654.000000 1080.000000
0 532 0.777207 0.514352 0.048972 0.165741 0.763010 1654.000000 1080.000000
0 533 0.777207 0.511574 0.048972 0.165741 0.765240 1654.000000 1080.000000
0 534 0.776904 0.509722 0.048368 0.165741 0.769550 1654.000000 1080.000000
0 535 0.776904 0.507870 0.048368 0.165741 0.769550 1654.000000 1080.000000
0 536 0.776904 0.506019 0.048368 0.165741 0.760080 1654.000000 1080.000000
0 537 0.776300 0.504167 0.048368 0.165741 0.767350 1654.000000 1080.000000
0 538 0.775998 0.502315 0.048972 0.165741 0.770190 1654.000000 1080.000000
0 539 0.775695 0.500463 0.048368 0.165741 0.774620 1654.000000 1080.000000
0 540 0.775393 0.498611 0.048972 0.165741 0.770190 1654.000000 1080.000000
0 541 0.774788 0.496759 0.048972 0.165741 0.777370 1654.000000 1080.000000
0 542 0.774788 0.494907 0.048972 0.165741 0.777370 1654.000000 1080.000000
0 543 0.774184 0.493056 0.048972 0.165741 0.779470 1654.000000 1080.000000
0 544 0.773881 0.491204 0.049577 0.165741 0.782130 1654.000000 1080.000000
0 545 0.773579 0.489352 0.048972 0.165741 0.786590 1654.000000 1080.000000
0 546 0.773277 0.487500 0.049577 0.165741 0.791160 1654.000000 1080.000000
0 547 0.773277 0.486574 0.049577 0.165741 0.782130 1654.000000 1080.000000
0 548 0.772068 0.483796 0.049577 0.165741 0.798130 1654.000000 1080.000000
0 549 0.771463 0.481944 0.049577 0.165741 0.805090 1654.000000 1080.000000
0 550 0.770859 0.479167 0.049577 0.165741 0.808840 1654.000000 1080.000000
0 551 0.770254 0.477315 0.049577 0.165741 0.815660 1654.000000 1080.000000
0 552 0.769649 0.475463 0.049577 0.165741 0.822490 1654.000000 1080.000000
0 553 0.769045 0.472685 0.049577 0.165741 0.832660 1654.000000 1080.000000
0 554 0.768440 0.470833 0.049577 0.165741 0.832660 1654.000000 1080.000000
0 555 0.767836 0.468056 0.049577 0.165741 0.840960 1654.000000 1080.000000
0 556 0.767231 0.466204 0.049577 0.165741 0.847590 1654.000000 1080.000000
0 557 0.766626 0.464352 0.049577 0.165741 0.847590 1654.000000 1080.000000
0 558 0.765719 0.461574 0.048972 0.165741 0.861990 1654.000000 1080.000000
0 559 0.764813 0.458796 0.048368 0.165741 0.874900 1654.000000 1080.000000
0 560 0.764510 0.456019 0.047763 0.165741 0.881250 1654.000000 1080.000000
0 561 0.763603 0.453241 0.047158 0.165741 0.887620 1654.000000 1080.000000
0 562 0.763301 0.450926 0.046554 0.164815 0.893430 1654.000000 1080.000000
0 563 0.762394 0.448148 0.045949 0.164815 0.899950 1654.000000 1080.000000
0 564 0.761487 0.445370 0.045345 0.164815 0.822770 1654.000000 1080.000000
0 565 0.761185 0.442593 0.044740 0.164815 0.804620 1654.000000 1080.000000
0 566 0.760278 0.439815 0.044135 0.164815 0.788690 1654.000000 1080.000000
0 567 0.759976 0.437963 0.043531 0.164815 0.776460 1654.000000 1080.000000
0 568 0.759371 0.436111 0.043531 0.164815 0.751050 1654.000000 1080.000000
0 569 0.758767 0.435185 0.043531 0.164815 0.725260 1654.000000 1080.000000
0 570 0.758162 0.433333 0.043531 0.164815 0.707660 1654.000000 1080.000000
0 571 0.757557 0.432407 0.043531 0.164815 0.682020 1654.000000 1080.000000
0 572 0.756953 0.431481 0.043531 0.164815 0.654700 1654.000000 1080.000000
0 573 0.756651 0.429630 0.044135 0.164815 0.644120 1654.000000 1080.000000
0 574 0.756046 0.428704 0.044135 0.164815 0.615360 1654.000000 1080.000000
0 575 0.755441 0.427778 0.044135 0.164815 0.588180 1654.000000 1080.000000
0 576 0.754837 0.425926 0.044135 0.164815 0.564020 1654.000000 1080.000000
0 577 0.754232 0.425000 0.044135 0.164815 0.542200 1654.000000 1080.000000
0 578 0.753930 0.424074 0.044740 0.164815 0.818100 1654.000000 1080.000000
0 579 0.753325 0.422222 0.044740 0.164815 0.812960 1654.000000 1080.000000
0 580 0.752721 0.421296 0.044740 0.164815 0.810950 1654.000000 1080.000000
0 581 0.752116 0.420370 0.044740 0.164815 0.796950 1654.000000 1080.000000
0 582 0.751511 0.419444 0.044740 0.164815 0.782940 1654.000000 1080.000000
0 583 0.750907 0.417593 0.044740 0.164815 0.768940 1654.000000 1080.000000
0 584 0.750302 0.416667 0.044740 0.164815 0.761940 1654.000000 1080.000000
0 585 0.749698 0.415741 0.044740 0.164815 0.747930 1654.000000 1080.000000
0 586 0.749093 0.414815 0.044740 0.164815 0.731100 1654.000000 1080.000000
0 587 0.747582 0.411574 0.044135 0.163889 0.713630 1654.000000 1080.000000
0 588 0.746372 0.408796 0.044135 0.163889 0.706190 1654.000000 1080.000000
0 589 0.745163 0.406481 0.044135 0.162963 0.690950 1654.000000 1080.000000
0 590 0.743954 0.403704 0.044135 0.162963 0.674530 1654.000000 1080.000000
0 591 0.742745 0.400926 0.044135 0.161111 0.662700 1654.000000 1080.000000
0 592 0.741536 0.398148 0.044135 0.161111 0.385870 1654.000000 1080.000000
0 593 0.740326 0.395833 0.044135 0.160185 0.393130 1654.000000 1080.000000
0 594 0.739117 0.393056 0.044135 0.160185 0.409680 1654.000000 1080.000000
0 595 0.738210 0.390741 0.043531 0.159259 0.426240 1654.000000 1080.000000
0 596 0.737606 0.388889 0.043531 0.159259 0.424260 1654.000000 1080.000000
0 597 0.737001 0.387500 0.043531 0.158333 0.424740 1654.000000 1080.000000
0 598 0.736397 0.386111 0.043531 0.157407 0.425220 1654.000000 1080.000000
0 599 0.735792 0.384722 0.043531 0.156481 0.423690 1654.000000 1080.000000
0 600 0.735187 0.383333 0.043531 0.155556 0.424170 1654.000000 1080.000000
0 601 0.734885 0.382407 0.044135 0.155556 0.418360 1654.000000 1080.000000
0 602 0.734281 0.380093 0.042926 0.152778 0.419510 1654.000000 1080.000000
0 603 0.733978 0.378704 0.041112 0.150000 0.418330 1654.000000 1080.000000
0 604 0.733374 0.376852 0.039903 0.148148 0.425420 1654.000000 1080.000000
0 605 0.733374 0.375463 0.038694 0.145370 0.424830 1654.000000 1080.000000
0 606 0.732164 0.373611 0.038694 0.145370 0.433010 1654.000000 1080.000000
0 607 0.731560 0.371759 0.038694 0.145370 0.441770 1654.000000 1080.000000
0 608 0.730955 0.370833 0.038694 0.145370 0.443430 1654.000000 1080.000000
0 609 0.730351 0.368981 0.038694 0.145370 0.448490 1654.000000 1080.000000
0 610 0.729746 0.368056 0.038694 0.145370 0.637490 1654.000000 1080.000000
0 611 0.728537 0.366204 0.038694 0.145370 0.652090 1654.000000 1080.000000
0 612 0.727932 0.364352 0.038694 0.145370 0.659790 1654.000000 1080.000000
0 613 0.727328 0.363426 0.038694 0.145370 0.661930 1654.000000 1080.000000
0 614 0.726723 0.361574 0.038694 0.145370 0.672640 1654.000000 1080.000000
0 615 0.726119 0.360648 0.038694 0.145370 0.673220 1654.000000 1080.000000
0 616 0.725514 0.358796 0.038694 0.145370 0.690360 1654.000000 1080.000000
0 617 0.724305 0.356944 0.038694 0.145370 0.699510 1654.000000 1080.000000
0 618 0.723700 0.356019 0.038694 0.145370 0.705550 1654.000000 1080.000000
0 619 0.723096 0.354167 0.038694 0.145370 0.719080 1654.000000 1080.000000
0 620 0.722491 0.353241 0.038694 0.145370 0.718010 1654.000000 1080.000000
0 621 0.721886 0.351389 0.038694 0.145370 0.732230 1654.000000 1080.000000
0 622 0.721282 0.350463 0.038694 0.145370 0.732040 1654.000000 1080.000000
0 623 0.720677 0.348611 0.038694 0.145370 0.743140 1654.000000 1080.000000
0 624 0.720677 0.347685 0.038694 0.145370 0.747610 1654.000000 1080.000000
0 625 0.720073 0.345833 0.038694 0.145370 0.757640 1654.000000 1080.000000
0 626 0.720073 0.344907 0.038694 0.145370 0.762800 1654.000000 1080.000000
0 627 0.719468 0.343056 0.038694 0.145370 0.777310 1654.000000 1080.000000
0 628 0.719468 0.342130 0.038694 0.145370 0.773710 1654.000000 1080.000000
0 629 0.719468 0.341204 0.038694 0.145370 0.769430 1654.000000 1080.000000
0 630 0.718863 0.339352 0.038694 0.145370 0.765920 1654.000000 1080.000000
0 631 0.718863 0.338426 0.038694 0.145370 0.767770 1654.000000 1080.000000
0 632 0.718259 0.336574 0.038694 0.145370 0.767670 1654.000000 1080.000000
0 633 0.718259 0.335648 0.038694 0.145370 0.764170 1654.000000 1080.000000
0 634 0.717654 0.333796 0.038694 0.145370 0.760760 1654.000000 1080.000000
0 635 0.717654 0.332870 0.038694 0.145370 0.762030 1654.000000 1080.000000
0 636 0.717654 0.331944 0.038694 0.145370 0.762030 1654.000000 1080.000000
0 637 0.717050 0.330093 0.038694 0.145370 0.756860 1654.000000 1080.000000
0 638 0.717050 0.329167 0.038694 0.145370 0.758910 1654.000000 1080.000000
0 639 0.716445 0.327315 0.038694 0.145370 0.755500 1654.000000 1080.000000
0 640 0.716445 0.326389 0.038694 0.145370 0.749850 1654.000000 1080.000000
0 641 0.716445 0.325463 0.038694 0.145370 0.756770 1654.000000 1080.000000
0 642 0.716445 0.323611 0.038694 0.145370 0.759790 1654.000000 1080.000000
0 643 0.716445 0.322685 0.038694 0.145370 0.767280 1654.000000 1080.000000
0 644 0.716445 0.321759 0.038694 0.145370 0.768840 1654.000000 1080.000000
0 645 0.717050 0.320833 0.038694 0.145370 0.777900 1654.000000 1080.000000
0 646 0.717050 0.318981 0.038694 0.145370 0.783640 1654.000000 1080.000000
0 647 0.717050 0.318056 0.038694 0.145370 0.790460 1654.000000 1080.000000
0 648 0.717050 0.317130 0.038694 0.145370 0.787440 1654.000000 1080.000000
0 649 0.717654 0.316204 0.038694 0.145370 0.496980 1654.000000 1080.000000
0 650 0.717654 0.315278 0.038694 0.145370 0.493480 1654.000000 1080.000000
0 651 0.717654 0.313426 0.038694 0.145370 0.500000 1654.000000 1080.000000
0 652 0.717654 0.312500 0.038694 0.145370 0.502340 1654.000000 1080.000000
0 653 0.718259 0.311574 0.038694 0.145370 0.508180 1654.000000 1080.000000
0 654 0.718259 0.310648 0.038694 0.145370 0.508180 1654.000000 1080.000000
0 655 0.718259 0.308796 0.038694 0.145370 0.520250 1654.000000 1080.000000
0 656 0.718259 0.307870 0.038694 0.145370 0.529700 1654.000000 1080.000000
0 657 0.718863 0.306944 0.038694 0.145370 0.520250 1654.000000 1080.000000
0 658 0.718863 0.306019 0.038694 0.145370 0.529700 1654.000000 1080.000000
0 659 0.718863 0.305093 0.038694 0.145370 0.535150 1654.000000 1080.000000
0 660 0.718863 0.303241 0.038694 0.145370 0.541480 1654.000000 1080.000000
0 661 0.719468 0.302315 0.038694 0.145370 0.541480 1654.000000 1080.000000
0 662 0.719468 0.301389 0.038694 0.145370 0.546740 1654.000000 1080.000000
0 663 0.719468 0.300463 0.038694 0.145370 0.546740 1654.000000 1080.000000
0 664 0.719468 0.298611 0.038694 0.145370 0.562320 1654.000000 1080.000000
0 665 0.720073 0.297685 0.038694 0.145370 0.553070 1654.000000 1080.000000
0 666 0.720073 0.296759 0.038694 0.145370 0.558130 1654.000000 1080.000000
0 667 0.720073 0.295833 0.038694 0.145370 0.567280 1654.000000 1080.000000
0 668 0.720073 0.294907 0.038694 0.145370 0.567280 1654.000000 1080.000000
0 669 0.720677 0.293056 0.038694 0.145370 0.569330 1654.000000 1080.000000
0 670 0.720677 0.292130 0.038694 0.145370 0.578380 1654.000000 1080.000000
0 671 0.720677 0.291204 0.038694 0.145370 0.578380 1654.000000 1080.000000
0 672 0.720677 0.290278 0.038694 0.145370 0.587440 1654.000000 1080.000000
0 673 0.721282 0.289352 0.038694 0.145370 0.582960 1654.000000 1080.000000
0 674 0.721282 0.288426 0.038694 0.145370 0.581110 1654.000000 1080.000000
0 675 0.721886 0.288426 0.038694 0.145370 0.565730 1654.000000 1080.000000
0 676 0.721886 0.288426 0.038694 0.145370 0.563970 1654.000000 1080.000000
0 677 0.722491 0.288426 0.038694 0.145370 0.548690 1654.000000 1080.000000
0 678 0.722491 0.287963 0.038694 0.146296 0.545230 1654.000000 1080.000000
0 679 0.723096 0.287963 0.038694 0.146296 0.538950 1654.000000 1080.000000
0 680 0.723096 0.287963 0.038694 0.146296 0.528300 1654.000000 1080.000000
0 681 0.723700 0.287963 0.038694 0.146296 0.637250 1654.000000 1080.000000
0 682 0.723700 0.286111 0.038694 0.146296 0.528300 1654.000000 1080.000000
0 683 0.723700 0.284259 0.038694 0.146296 0.534590 1654.000000 1080.000000
0 684 0.724305 0.283333 0.038694 0.146296 0.534590 1654.000000 1080.000000
0 685 0.724305 0.281481 0.038694 0.146296 0.538950 1654.000000 1080.000000
0 686 0.724909 0.280556 0.038694 0.146296 0.530720 1654.000000 1080.000000
0 687 0.724909 0.278704 0.038694 0.146296 0.533140 1654.000000 1080.000000
0 688 0.725212 0.277778 0.038089 0.146296 0.534980 1654.000000 1080.000000
0 689 0.725514 0.275926 0.038694 0.146296 0.530910 1654.000000 1080.000000
0 690 0.725816 0.275000 0.038089 0.146296 0.532230 1654.000000 1080.000000
0 691 0.726119 0.273148 0.038694 0.146296 0.528500 1654.000000 1080.000000
0 692 0.726421 0.271759 0.038089 0.145370 0.526500 1654.000000 1080.000000
0 693 0.726723 0.270370 0.038694 0.146296 0.519400 1654.000000 1080.000000
0 694 0.727025 0.268981 0.038089 0.145370 0.519680 1654.000000 1080.000000
0 695 0.727025 0.267593 0.038089 0.146296 0.526240 1654.000000 1080.000000
0 696 0.727630 0.266204 0.038089 0.145370 0.514930 1654.000000 1080.000000
0 697 0.727630 0.264815 0.038089 0.146296 0.521130 1654.000000 1080.000000
0 698 0.728235 0.263426 0.038089 0.145370 0.510780 1654.000000 1080.000000
0 699 0.728235 0.262037 0.038089 0.146296 0.514940 1654.000000 1080.000000
0 700 0.728235 0.260185 0.038089 0.146296 0.511990 1654.000000 1080.000000
0 701 0.728839 0.258796 0.038089 0.145370 0.502970 1654.000000 1080.000000
0 702 0.728839 0.257407 0.038089 0.146296 0.504320 1654.000000 1080.000000
0 703 0.729444 0.256019 0.038089 0.145370 0.493470 1654.000000 1080.000000
0 704 0.729444 0.254630 0.038089 0.146296 0.498620 1654.000000 1080.000000
0 705 0.730048 0.253241 0.038089 0.145370 0.485760 1654.000000 1080.000000
0 706 0.730048 0.251852 0.038089 0.146296 0.488990 1654.000000 1080.000000
0 707 0.730351 0.250463 0.037485 0.145370 0.478400 1654.000000 1080.000000
0 708 0.730653 0.249074 0.038089 0.146296 0.481030 1654.000000 1080.000000
0 709 0.730955 0.247685 0.037485 0.145370 0.470260 1654.000000 1080.000000
0 710 0.731258 0.245833 0.038089 0.145370 0.473400 1654.000000 1080.000000
0 711 0.731560 0.244907 0.037485 0.145370 0.467050 1654.000000 1080.000000
0 712 0.731560 0.243056 0.037485 0.145370 0.474280 1654.000000 1080.000000
0 713 0.732164 0.242130 0.037485 0.145370 0.459510 1654.000000 1080.000000
0 714 0.732164 0.240278 0.037485 0.145370 0.468150 1654.000000 1080.000000
0 715 0.732769 0.239352 0.037485 0.145370 0.459010 1654.000000 1080.000000
0 716 0.732769 0.237500 0.037485 0.145370 0.340060 1654.000000 1080.000000
0 717 0.733374 0.236574 0.037485 0.145370 0.344280 1654.000000 1080.000000
0 718 0.733374 0.234722 0.037485 0.145370 0.342070 1654.000000 1080.000000
0 719 0.733374 0.233796 0.037485 0.145370 0.337150 1654.000000 1080.000000
0 720 0.733374 0.232870 0.037485 0.145370 0.337950 1654.000000 1080.000000
0 721 0.733374 0.231019 0.037485 0.145370 0.344380 1654.000000 1080.000000
0 722 0.733374 0.230093 0.037485 0.145370 0.333630 1654.000000 1080.000000
0 723 0.733374 0.229167 0.037485 0.145370 0.316360 1654.000000 1080.000000
0 724 0.733374 0.227315 0.037485 0.145370 0.322480 1654.000000 1080.000000
0 725 0.733374 0.226389 0.037485 0.145370 0.317360 1654.000000 1080.000000
0 726 0.733374 0.225463 0.037485 0.145370 0.310430 1654.000000 1080.000000
0 727 0.733374 0.223611 0.037485 0.145370 0.311930 1654.000000 1080.000000
0 728 0.733374 0.222685 0.037485 0.145370 0.311730 1654.000000 1080.000000
0 729 0.733374 0.221759 0.037485 0.145370 0.305100 1654.000000 1080.000000
0 730 0.733374 0.220833 0.037485 0.145370 0.300480 1654.000000 1080.000000
0 731 0.733374 0.218981 0.037485 0.145370 0.303600 1654.000000 1080.000000
0 732 0.733374 0.218056 0.037485 0.145370 0.300380 1654.000000 1080.000000
0 733 0.733374 0.217130 0.037485 0.145370 0.295960 1654.000000 1080.000000
0 734 0.733374 0.215278 0.037485 0.145370 0.301290 1654.000000 1080.000000
0 735 0.733374 0.214352 0.037485 0.145370 0.298370 1654.000000 1080.000000
0 736 0.733374 0.213426 0.037485 0.145370 0.297170 1654.000000 1080.000000
0 737 0.733374 0.211574 0.037485 0.145370 0.297770 1654.000000 1080.000000
0 738 0.733374 0.210648 0.037485 0.145370 0.292240 1654.000000 1080.000000
0 739 0.733374 0.209722 0.037485 0.145370 0.288230 1654.000000 1080.000000
0 740 0.733374 0.208796 0.037485 0.145370 0.285710 1654.000000 1080.000000
0 741 0.732769 0.206944 0.037485 0.145370 0.287220 1654.000000 1080.000000
0 742 0.732769 0.206019 0.037485 0.145370 0.283500 1654.000000 1080.000000
0 743 0.732164 0.205093 0.037485 0.145370 0.281600 1654.000000 1080.000000
0 744 0.732164 0.204167 0.037485 0.145370 0.276870 1654.000000 1080.000000
0 745 0.732164 0.202778 0.037485 0.146296 0.278030 1654.000000 1080.000000
0 746 0.731560 0.201389 0.037485 0.145370 0.278180 1654.000000 1080.000000
0 747 0.731560 0.200463 0.037485 0.145370 0.277070 1654.000000 1080.000000
0 748 0.731258 0.199537 0.036880 0.145370 0.275210 1654.000000 1080.000000
0 749 0.730955 0.198148 0.037485 0.146296 0.273340 1654.000000 1080.000000
0 750 0.730955 0.197222 0.037485 0.146296 0.271440 1654.000000 1080.000000
0 751 0.730653 0.195833 0.036880 0.145370 0.268780 1654.000000 1080.000000
0 752 0.730351 0.194907 0.037485 0.145370 0.262810 1654.000000 1080.000000
0 753 0.730351 0.193981 0.037485 0.145370 0.260200 1654.000000 1080.000000
0 754 0.730048 0.192593 0.036880 0.146296 0.262430 1654.000000 1080.000000
0 755 0.729746 0.191667 0.037485 0.146296 0.257060 1654.000000 1080.000000
0 756 0.729444 0.190278 0.036880 0.145370 0.258370 1654.000000 1080.000000
0 757 0.729444 0.189352 0.036880 0.145370 0.254490 1654.000000 1080.000000
0 758 0.729141 0.187963 0.037485 0.146296 0.249780 1654.000000 1080.000000
0 759 0.728839 0.187037 0.036880 0.146296 0.245590 1654.000000 1080.000000
0 760 0.728839 0.186111 0.036880 0.146296 0.240310 1654.000000 1080.000000
0 761 0.728235 0.184722 0.036880 0.145370 0.241730 1654.000000 1080.000000
0 762 0.728235 0.183333 0.036880 0.146296 0.239810 1654.000000 1080.000000
0 763 0.728235 0.182407 0.036880 0.146296 0.234020 1654.000000 1080.000000
0 764 0.727630 0.181481 0.036880 0.146296 0.230680 1654.000000 1080.000000
0 765 0.727630 0.180556 0.036880 0.146296 0.227840 1654.000000 1080.000000
0 766 0.727630 0.179630 0.036880 0.146296 0.221950 1654.000000 1080.000000
0 767 0.726723 0.177315 0.036276 0.145370 0.228060 1654.000000 1080.000000
0 768 0.726119 0.175463 0.036276 0.145370 0.234280 1654.000000 1080.000000
0 769 0.725816 0.173611 0.035671 0.145370 0.238400 1654.000000 1080.000000
0 770 0.725212 0.171759 0.035671 0.145370 0.238920 1654.000000 1080.000000
0 771 0.724909 0.169907 0.035067 0.145370 0.241580 1654.000000 1080.000000
0 772 0.723700 0.168056 0.035067 0.145370 0.228060 1654.000000 1080.000000
0 773 0.723096 0.167130 0.035067 0.145370 0.222810 1654.000000 1080.000000
0 774 0.721886 0.165278 0.035067 0.145370 0.225600 1654.000000 1080.000000
0 775 0.721282 0.164352 0.035067 0.145370 0.219480 1654.000000 1080.000000
0 776 0.720073 0.163426 0.035067 0.145370 0.212080 1654.000000 1080.000000
0 777 0.719468 0.161574 0.035067 0.145370 0.215510 1654.000000 1080.000000
0 778 0.718259 0.160648 0.035067 0.145370 0.208650 1654.000000 1080.000000
0 779 0.717654 0.158796 0.035067 0.145370 0.213370 1654.000000 1080.000000
0 780 0.716445 0.157870 0.035067 0.145370 0.210360 1654.000000 1080.000000
0 781 0.715840 0.156944 0.035067 0.145370 0.210470 1654.000000 1080.000000
0 782 0.714631 0.155093 0.035067 0.145370 0.211110 1654.000000 1080.000000
0 783 0.714027 0.154167 0.035067 0.145370 0.211970 1654.000000 1080.000000
0 784 0.712817 0.152315 0.035067 0.145370 0.218840 1654.000000 1080.000000
0 785 0.712213 0.151389 0.035067 0.145370 0.219160 1654.000000 1080.000000
0 786 0.711608 0.150463 0.035067 0.145370 0.220770 1654.000000 1080.000000
0 787 0.710399 0.148611 0.035067 0.145370 0.228490 1654.000000 1080.000000
0 788 0.709794 0.147685 0.035067 0.145370 0.223130 1654.000000 1080.000000
0 789 0.708585 0.145833 0.035067 0.145370 0.231920 1654.000000 1080.000000
0 790 0.707981 0.144907 0.035067 0.145370 0.231820 1654.000000 1080.000000
0 791 0.706771 0.143981 0.035067 0.145370 0.232350 1654.000000 1080.000000
0 792 0.706167 0.142130 0.035067 0.145370 0.241790 1654.000000 1080.000000
0 793 0.704958 0.141204 0.035067 0.145370 0.244260 1654.000000 1080.000000
0 794 0.704353 0.139352 0.035067 0.145370 0.246190 1654.000000 1080.000000
0 795 0.703144 0.138426 0.035067 0.145370 0.251980 1654.000000 1080.000000
0 796 0.702539 0.137500 0.035067 0.145370 0.251660 1654.000000 1080.000000
0 797 0.701330 0.135648 0.035067 0.145370 0.261530 1654.000000 1080.000000
0 798 0.700726 0.134722 0.035067 0.145370 0.265290 1654.000000 1080.000000
0 799 0.699516 0.132870 0.035067 0.145370 0.280950 1654.000000 1080.000000
0 800 0.698912 0.131944 0.035067 0.145370 0.287170 1654.000000 1080.000000
0 801 0.698307 0.131019 0.035067 0.145370 0.294250 1654.000000 1080.000000
0 802 0.697703 0.130093 0.035067 0.145370 0.299510 1654.000000 1080.000000
0 803 0.697098 0.129167 0.035067 0.145370 0.306370 1654.000000 1080.000000
0 804 0.696796 0.128241 0.034462 0.145370 0.309250 1654.000000 1080.000000
0 805 0.696493 0.127315 0.035067 0.145370 0.307440 1654.000000 1080.000000
0 806 0.695889 0.126389 0.035067 0.145370 0.314740 1654.000000 1080.000000
0 807 0.695586 0.125463 0.034462 0.145370 0.316670 1654.000000 1080.000000
0 808 0.695284 0.124537 0.035067 0.145370 0.392620 1654.000000 1080.000000
0 809 0.694680 0.123611 0.035067 0.145370 0.395410 1654.000000 1080.000000
0 810 0.694377 0.122685 0.034462 0.145370 0.406260 1654.000000 1080.000000
0 811 0.693773 0.121759 0.034462 0.145370 0.409430 1654.000000 1080.000000
0 812 0.693470 0.120833 0.035067 0.145370 0.406990 1654.000000 1080.000000
0 813 0.693168 0.119907 0.034462 0.145370 0.422520 1654.000000 1080.000000
0 814 0.692563 0.118981 0.034462 0.145370 0.427870 1654.000000 1080.000000
0 815 0.692563 0.118981 0.034462 0.145370 0.427320 1654.000000 1080.000000
0 816 0.691354 0.117130 0.034462 0.145370 0.435950 1654.000000 1080.000000
0 817 0.690750 0.116204 0.034462 0.145370 0.443470 1654.000000 1080.000000
0 818 0.690145 0.115278 0.034462 0.145370 0.444570 1654.000000 1080.000000
0 819 0.689541 0.114352 0.034462 0.145370 0.445440 1654.000000 1080.000000
0 820 0.688936 0.113426 0.034462 0.145370 0.452420 1654.000000 1080.000000
0 821 0.688331 0.112500 0.034462 0.145370 0.452860 1654.000000 1080.000000
0 822 0.687727 0.111574 0.034462 0.145370 0.453080 1654.000000 1080.000000
0 823 0.687122 0.109722 0.034462 0.145370 0.463440 1654.000000 1080.000000
0 824 0.686518 0.108796 0.034462 0.145370 0.463120 1654.000000 1080.000000
0 825 0.685913 0.107870 0.034462 0.145370 0.462570 1654.000000 1080.000000
0 826 0.685308 0.106944 0.034462 0.145370 0.462680 1654.000000 1080.000000
0 827 0.684704 0.106019 0.034462 0.145370 0.465300 1654.000000 1080.000000
0 828 0.684099 0.105093 0.034462 0.145370 0.473700 1654.000000 1080.000000
0 829 0.683495 0.104167 0.034462 0.145370 0.472170 1654.000000 1080.000000
0 830 0.682890 0.103241 0.034462 0.145370 0.473590 1654.000000 1080.000000
0 831 0.682285 0.101852 0.034462 0.144444 0.474410 1654.000000 1080.000000
0 832 0.682285 0.100926 0.034462 0.144444 0.480670 1654.000000 1080.000000
0 833 0.681681 0.100000 0.034462 0.144444 0.477490 1654.000000 1080.000000
0 834 0.681681 0.098611 0.034462 0.143519 0.486410 1654.000000 1080.000000
0 835 0.681378 0.097685 0.033857 0.143519 0.479640 1654.000000 1080.000000
0 836 0.681076 0.096759 0.034462 0.143519 0.481650 1654.000000 1080.000000
0 837 0.681076 0.095370 0.034462 0.142593 0.489430 1654.000000 1080.000000
0 838 0.680472 0.094444 0.034462 0.142593 0.484980 1654.000000 1080.000000
0 839 0.680472 0.093519 0.034462 0.142593 0.488880 1654.000000 1080.000000
0 840 0.680169 0.092130 0.033857 0.141667 0.309640 1654.000000 1080.000000
0 841 0.679867 0.091204 0.034462 0.141667 0.298700 1654.000000 1080.000000
0 842 0.679565 0.090278 0.033857 0.141667 0.293920 1654.000000 1080.000000
0 843 0.679565 0.088889 0.033857 0.140741 0.286440 1654.000000 1080.000000
0 844 0.679262 0.087963 0.034462 0.140741 0.286790 1654.000000 1080.000000
0 845 0.678960 0.087037 0.033857 0.140741 0.282650 1654.000000 1080.000000
0 846 0.678658 0.085648 0.034462 0.139815 0.277340 1654.000000 1080.000000
0 847 0.678356 0.084722 0.033857 0.139815 0.275850 1654.000000 1080.000000
0 848 0.678356 0.083796 0.033857 0.139815 0.278510 1654.000000 1080.000000
0 849 0.677751 0.082407 0.033857 0.138889 0.276050 1654.000000 1080.000000
0 850 0.677751 0.081481 0.033857 0.138889 0.271520 1654.000000 1080.000000
0 851 0.677751 0.081019 0.033857 0.137963 0.259060 1654.000000 1080.000000
0 852 0.677449 0.079630 0.034462 0.137037 0.235250 1654.000000 1080.000000
0 853 0.677449 0.078704 0.034462 0.135185 0.223790 1654.000000 1080.000000
0 854 0.677449 0.077315 0.034462 0.134259 0.220120 1654.000000 1080.000000
0 855 0.677449 0.076389 0.034462 0.132407 0.208330 1654.000000 1080.000000
0 856 0.677449 0.075463 0.034462 0.130556 0.204230 1654.000000 1080.000000
0 857 0.677146 0.074074 0.035067 0.129630 0.201830 1654.000000 1080.000000
0 858 0.677146 0.073148 0.035067 0.127778 0.194850 1654.000000 1080.000000
0 859 0.677146 0.072222 0.035067 0.125926 0.190400 1654.000000 1080.000000
0 860 0.677146 0.070833 0.035067 0.125000 0.195660 1654.000000 1080.000000
0 861 0.677146 0.069907 0.035067 0.123148 0.194660 1654.000000 1080.000000
0 862 0.677146 0.068981 0.035067 0.121296 0.197610 1654.000000 1080.000000
0 863 0.677751 0.067130 0.035067 0.121296 0.206730 1654.000000 1080.000000
0 864 0.678960 0.065741 0.035067 0.122222 0.218300 1654.000000 1080.000000
0 865 0.680169 0.063889 0.035067 0.122222 0.241370 1654.000000 1080.000000
0 866 0.681378 0.062500 0.035067 0.123148 0.252340 1654.000000 1080.000000
0 867 0.680774 0.062037 0.035067 0.122222 0.245950 1654.000000 1080.000000
0 868 0.680774 0.061574 0.035067 0.121296 0.242940 1654.000000 1080.000000
0 869 0.680774 0.061574 0.035067 0.121296 0.243970 1654.000000 1080.000000
0 870 0.680774 0.061111 0.035067 0.120370 0.239750 1654.000000 1080.000000
0 871 0.680774 0.061111 0.035067 0.120370 0.234830 1654.000000 1080.000000
0 872 0.680774 0.060648 0.035067 0.119444 0.233900 1654.000000 1080.000000
0 873 0.680169 0.060648 0.035067 0.119444 0.220990 1654.000000 1080.000000
0 874 0.680169 0.060185 0.035067 0.118519 0.226650 1654.000000 1080.000000
0 875 0.680169 0.060185 0.035067 0.118519 0.223230 1654.000000 1080.000000
0 876 0.680169 0.059722 0.035067 0.117593 0.214380 1654.000000 1080.000000
0 877 0.680169 0.059722 0.035067 0.117593 0.211730 1654.000000 1080.000000
0 878 0.680169 0.059259 0.035067 0.116667 0.216470 1654.000000 1080.000000
0 879 0.680169 0.059259 0.035067 0.116667 0.215530 1654.000000 1080.000000
0 880 0.679565 0.058796 0.035067 0.115741 0.217780 1654.000000 1080.000000
0 881 0.679565 0.058796 0.035067 0.115741 0.222630 1654.000000 1080.000000
0 882 0.679565 0.058333 0.035067 0.114815 0.227390 1654.000000 1080.000000
0 883 0.679565 0.058333 0.035067 0.114815 0.231050 1654.000000 1080.000000
0 884 0.679565 0.057870 0.035067 0.113889 0.233190 1654.000000 1080.000000
0 885 0.679565 0.057870 0.035067 0.113889 0.239070 1654.000000 1080.000000
0 886 0.679565 0.057407 0.035067 0.112963 0.247620 1654.000000 1080.000000
0 887 0.678960 0.057407 0.035067 0.112963 0.251760 1654.000000 1080.000000
0 888 0.678960 0.056944 0.035067 0.112037 0.261180 1654.000000 1080.000000
0 889 0.678960 0.056944 0.035067 0.112037 0.264800 1654.000000 1080.000000
0 890 0.678960 0.056481 0.035067 0.111111 0.275670 1654.000000 1080.000000
0 891 0.678960 0.056481 0.035067 0.111111 0.283510 1654.000000 1080.000000
0 892 0.678960 0.056019 0.035067 0.110185 0.289550 1654.000000 1080.000000
0 893 0.678960 0.056019 0.035067 0.110185 0.289690 1654.000000 1080.000000
0 894 0.679565 0.055556 0.035067 0.109259 0.301380 1654.000000 1080.000000
0 895 0.680169 0.055093 0.035067 0.108333 0.310830 1654.000000 1080.000000
0 896 0.680774 0.054630 0.035067 0.107407 0.317830 1654.000000 1080.000000
0 897 0.681378 0.054630 0.035067 0.107407 0.321890 1654.000000 1080.000000
0 898 0.681983 0.054167 0.035067 0.106481 0.327880 1654.000000 1080.000000
0 899 0.682588 0.053704 0.035067 0.105556 0.334410 1654.000000 1080.000000
0 900 0.683192 0.053241 0.035067 0.104630 0.340770 1654.000000 1080.000000
0 901 0.684401 0.053241 0.035067 0.104630 0.338390 1654.000000 1080.000000
0 902 0.684401 0.052315 0.035067 0.102778 0.326570 1654.000000 1080.000000
0 903 0.685006 0.051852 0.035067 0.101852 0.336540 1654.000000 1080.000000
0 904 0.685308 0.051389 0.034462 0.100926 0.350310 1654.000000 1080.000000
0 905 0.685913 0.050463 0.034462 0.099074 0.364460 1654.000000 1080.000000
0 906 0.686518 0.050000 0.034462 0.098148 0.375280 1654.000000 1080.000000
0 907 0.686820 0.049537 0.033857 0.097222 0.390930 1654.000000 1080.000000
0 908 0.687122 0.048611 0.034462 0.095370 0.381800 1654.000000 1080.000000
0 909 0.687727 0.048148 0.034462 0.094444 0.389020 1654.000000 1080.000000
0 910 0.688029 0.047685 0.033857 0.093519 0.398180 1654.000000 1080.000000
0 911 0.688634 0.046759 0.033857 0.091667 0.415090 1654.000000 1080.000000
0 912 0.689238 0.046296 0.033857 0.090741 0.411480 1654.000000 1080.000000
0 913 0.689541 0.045833 0.033253 0.089815 0.416910 1654.000000 1080.000000
0 914 0.690145 0.045370 0.033253 0.088889 0.393230 1654.000000 1080.000000
0 915 0.690447 0.044444 0.033857 0.087037 0.383930 1654.000000 1080.000000
0 916 0.690750 0.043981 0.033253 0.086111 0.374240 1654.000000 1080.000000
0 917 0.691354 0.043519 0.033253 0.085185 0.356570 1654.000000 1080.000000
0 918 0.691959 0.042593 0.033253 0.083333 0.352830 1654.000000 1080.000000
0 919 0.692261 0.042130 0.032648 0.082407 0.334950 1654.000000 1080.000000
0 920 0.692866 0.041667 0.032648 0.081481 0.317670 1654.000000 1080.000000
0 921 0.693168 0.040741 0.033253 0.079630 0.297000 1654.000000 1080.000000
0 922 0.693470 0.040278 0.032648 0.078704 0.287320 1654.000000 1080.000000
0 923 0.694075 0.039815 0.032648 0.077778 0.275940 1654.000000 1080.000000
0 924 0.694680 0.038889 0.032648 0.075926 0.263750 1654.000000 1080.000000
0 925 0.694982 0.038426 0.032044 0.075000 0.256100 1654.000000 1080.000000
0 926 0.695586 0.037963 0.032044 0.074074 0.239140 1654.000000 1080.000000
