0 497 0.949214 0.967593 0.038694 0.061111 1.000000 1654.000000 1080.000000
0 498 0.947703 0.966204 0.039299 0.063889 0.688310 1654.000000 1080.000000
0 499 0.946493 0.964815 0.040508 0.066667 0.684130 1654.000000 1080.000000
0 500 0.944982 0.963889 0.041112 0.068519 0.668410 1654.000000 1080.000000
0 501 0.944075 0.962500 0.041717 0.071296 0.677660 1654.000000 1080.000000
0 502 0.942866 0.961574 0.042926 0.075000 0.651760 1654.000000 1080.000000
0 503 0.941354 0.960648 0.043531 0.076852 0.624920 1654.000000 1080.000000
0 504 0.940145 0.959259 0.044740 0.079630 0.605820 1654.000000 1080.000000
0 505 0.938936 0.957870 0.044740 0.082407 0.584440 1654.000000 1080.000000
0 506 0.937727 0.956944 0.045949 0.084259 0.561690 1654.000000 1080.000000
0 507 0.936518 0.956019 0.047158 0.087963 0.534280 1654.000000 1080.000000
0 508 0.935006 0.954630 0.047763 0.090741 0.515150 1654.000000 1080.000000
0 509 0.934099 0.953704 0.048368 0.092593 0.485150 1654.000000 1080.000000
0 510 0.932588 0.952315 0.048972 0.095370 0.467050 1654.000000 1080.000000
0 511 0.931378 0.950926 0.050181 0.098148 0.455940 1654.000000 1080.000000
0 512 0.930472 0.950463 0.050786 0.100926 0.990910 1654.000000 1080.000000
0 513 0.928658 0.948611 0.050786 0.104630 0.991230 1654.000000 1080.000000
0 514 0.927449 0.946759 0.050786 0.108333 0.991530 1654.000000 1080.000000
0 515 0.925635 0.944907 0.050786 0.112037 0.991800 1654.000000 1080.000000
0 516 0.924426 0.943056 0.050786 0.115741 0.992060 1654.000000 1080.000000
0 517 0.923216 0.941204 0.050786 0.119444 0.992310 1654.000000 1080.000000
0 518 0.921403 0.939352 0.050786 0.123148 0.992540 1654.000000 1080.000000
0 519 0.920193 0.937500 0.050786 0.126852 0.992750 1654.000000 1080.000000
0 520 0.918380 0.936111 0.050786 0.129630 0.992910 1654.000000 1080.000000
0 521 0.917170 0.934259 0.050786 0.133333 0.993100 1654.000000 1080.000000
0 522 0.915961 0.932407 0.050786 0.137037 0.993290 1654.000000 1080.000000
0 523 0.914148 0.930556 0.050786 0.140741 0.993460 1654.000000 1080.000000
0 524 0.912938 0.928704 0.050786 0.144444 0.874040 1654.000000 1080.000000
0 525 0.911125 0.926852 0.050786 0.148148 0.993790 1654.000000 1080.000000
0 526 0.909915 0.925000 0.050786 0.151852 0.993940 1654.000000 1080.000000
0 527 0.908706 0.923611 0.050786 0.154630 0.994050 1654.000000 1080.000000
0 528 0.907497 0.922222 0.050786 0.157407 0.994150 1654.000000 1080.000000
0 529 0.906892 0.920833 0.050786 0.160185 0.994250 1654.000000 1080.000000
0 530 0.906288 0.919444 0.050786 0.162963 0.994350 1654.000000 1080.000000
0 531 0.905683 0.918519 0.050786 0.164815 0.994410 1654.000000 1080.000000
0 532 0.905079 0.917130 0.050786 0.167593 0.994510 1654.000000 1080.000000
0 533 0.904474 0.915741 0.050786 0.170370 0.994590 1654.000000 1080.000000
0 534 0.903869 0.914352 0.050786 0.173148 0.994680 1654.000000 1080.000000
0 535 0.903265 0.913426 0.050786 0.175000 0.994740 1654.000000 1080.000000
0 536 0.902660 0.912037 0.050786 0.177778 0.994820 1654.000000 1080.000000
0 537 0.902056 0.910648 0.050786 0.180556 0.994900 1654.000000 1080.000000
0 538 0.901451 0.909722 0.050786 0.182407 0.994950 1654.000000 1080.000000
0 539 0.900242 0.906019 0.050786 0.182407 1.000000 1654.000000 1080.000000
0 540 0.899033 0.902315 0.050786 0.182407 1.000000 1654.000000 1080.000000
0 541 0.897823 0.898611 0.050786 0.182407 1.000000 1654.000000 1080.000000
0 542 0.896614 0.894907 0.050786 0.182407 1.000000 1654.000000 1080.000000
0 543 0.895405 0.891204 0.050786 0.182407 1.000000 1654.000000 1080.000000
0 544 0.894196 0.887500 0.050786 0.182407 1.000000 1654.000000 1080.000000
0 545 0.893591 0.884722 0.050786 0.182407 1.000000 1654.000000 1080.000000
0 546 0.892382 0.881019 0.050786 0.182407 1.000000 1654.000000 1080.000000
0 547 0.891173 0.877315 0.050786 0.182407 1.000000 1654.000000 1080.000000
0 548 0.889964 0.873611 0.050786 0.182407 1.000000 1654.000000 1080.000000
0 549 0.888755 0.869907 0.050786 0.182407 1.000000 1654.000000 1080.000000
0 550 0.887545 0.866204 0.050786 0.182407 1.000000 1654.000000 1080.000000
0 551 0.886941 0.863426 0.050786 0.182407 1.000000 1654.000000 1080.000000
0 552 0.885732 0.860185 0.050786 0.181481 1.000000 1654.000000 1080.000000
0 553 0.884522 0.856944 0.050786 0.180556 1.000000 1654.000000 1080.000000
0 554 0.883918 0.854167 0.050786 0.178704 1.000000 1654.000000 1080.000000
0 555 0.882709 0.850926 0.050786 0.177778 1.000000 1654.000000 1080.000000
0 556 0.882104 0.848611 0.050786 0.176852 1.000000 1654.000000 1080.000000
0 557 0.880895 0.845370 0.050786 0.175926 1.000000 1654.000000 1080.000000
0 558 0.879686 0.842130 0.050786 0.175000 1.000000 1654.000000 1080.000000
0 559 0.879081 0.839352 0.050786 0.173148 0.779720 1654.000000 1080.000000
0 560 0.877872 0.836111 0.050786 0.172222 0.781060 1654.000000 1080.000000
0 561 0.877267 0.833796 0.050786 0.171296 0.768880 1654.000000 1080.000000
0 562 0.876058 0.831481 0.050786 0.172222 1.000000 1654.000000 1080.000000
0 563 0.875453 0.829630 0.050786 0.172222 1.000000 1654.000000 1080.000000
0 564 0.874849 0.828241 0.050786 0.173148 1.000000 1654.000000 1080.000000
0 565 0.874244 0.826389 0.050786 0.173148 1.000000 1654.000000 1080.000000
0 566 0.873640 0.824537 0.050786 0.173148 1.000000 1654.000000 1080.000000
0 567 0.873035 0.822685 0.050786 0.175000 1.000000 1654.000000 1080.000000
0 568 0.872430 0.820833 0.050786 0.175000 1.000000 1654.000000 1080.000000
0 569 0.871826 0.818981 0.050786 0.175000 1.000000 1654.000000 1080.000000
0 570 0.871221 0.817593 0.050786 0.175926 1.000000 1654.000000 1080.000000
0 571 0.870617 0.815741 0.050786 0.175926 1.000000 1654.000000 1080.000000
0 572 0.870012 0.814352 0.050786 0.176852 1.000000 1654.000000 1080.000000
0 573 0.868803 0.811574 0.050786 0.176852 1.000000 1654.000000 1080.000000
0 574 0.867594 0.808796 0.050786 0.176852 1.000000 1654.000000 1080.000000
0 575 0.866989 0.806019 0.050786 0.176852 1.000000 1654.000000 1080.000000
0 576 0.865780 0.804167 0.050786 0.176852 1.000000 1654.000000 1080.000000
0 577 0.864571 0.801389 0.050786 0.176852 1.000000 1654.000000 1080.000000
0 578 0.863966 0.798611 0.050786 0.176852 1.000000 1654.000000 1080.000000
0 579 0.862757 0.795833 0.050786 0.176852 1.000000 1654.000000 1080.000000
0 580 0.861548 0.793981 0.050786 0.176852 1.000000 1654.000000 1080.000000
0 581 0.860943 0.791204 0.050786 0.176852 1.000000 1654.000000 1080.000000
0 582 0.859734 0.788426 0.050786 0.176852 1.000000 1654.000000 1080.000000
0 583 0.858525 0.785648 0.050786 0.176852 1.000000 1654.000000 1080.000000
0 584 0.857920 0.783796 0.050786 0.176852 1.000000 1654.000000 1080.000000
0 585 0.856711 0.781019 0.050786 0.176852 0.672790 1654.000000 1080.000000
0 586 0.855502 0.778704 0.050786 0.177778 0.685340 1654.000000 1080.000000
0 587 0.854293 0.775926 0.050786 0.177778 0.685340 1654.000000 1080.000000
0 588 0.853083 0.773611 0.050786 0.178704 0.696060 1654.000000 1080.000000
0 589 0.851874 0.770833 0.050786 0.178704 0.706910 1654.000000 1080.000000
0 590 0.850665 0.768519 0.050786 0.179630 0.706790 1654.000000 1080.000000
0 591 0.849456 0.766204 0.050786 0.180556 1.000000 1654.000000 1080.000000
0 592 0.848247 0.763426 0.050786 0.180556 0.729890 1654.000000 1080.000000
0 593 0.847037 0.761111 0.050786 0.181481 1.000000 1654.000000 1080.000000
0 594 0.845828 0.758333 0.050786 0.181481 1.000000 1654.000000 1080.000000
0 595 0.844619 0.756019 0.050786 0.182407 0.995420 1654.000000 1080.000000
0 596 0.843410 0.754167 0.050786 0.182407 0.990730 1654.000000 1080.000000
0 597 0.842201 0.751389 0.050786 0.182407 0.995310 1654.000000 1080.000000
0 598 0.841596 0.749537 0.050786 0.182407 0.990730 1654.000000 1080.000000
0 599 0.840387 0.746759 0.050786 0.182407 0.990610 1654.000000 1080.000000
0 600 0.839782 0.744907 0.050786 0.182407 0.985920 1654.000000 1080.000000
0 601 0.839178 0.743056 0.050786 0.182407 0.985920 1654.000000 1080.000000
0 602 0.837969 0.740741 0.049577 0.181481 0.985690 1654.000000 1080.000000
0 603 0.837062 0.738426 0.048972 0.180556 0.985630 1654.000000 1080.000000
0 604 0.835852 0.736111 0.047763 0.179630 0.985380 1654.000000 1080.000000
0 605 0.834946 0.734259 0.047158 0.177778 0.990160 1654.000000 1080.000000
0 606 0.833736 0.731944 0.045949 0.176852 0.989990 1654.000000 1080.000000
0 607 0.832830 0.729630 0.045345 0.175926 0.989940 1654.000000 1080.000000
0 608 0.831923 0.727778 0.044740 0.174074 0.994850 1654.000000 1080.000000
0 609 0.830713 0.725000 0.044740 0.174074 0.994850 1654.000000 1080.000000
0 610 0.829504 0.723148 0.044740 0.174074 0.818550 1654.000000 1080.000000
0 611 0.828597 0.721296 0.044135 0.174074 0.828610 1654.000000 1080.000000
0 612 0.827690 0.719444 0.044740 0.174074 0.838520 1654.000000 1080.000000
0 613 0.826481 0.717593 0.044740 0.174074 0.834070 1654.000000 1080.000000
0 614 0.825574 0.714815 0.044135 0.174074 0.849640 1654.000000 1080.000000
0 615 0.824365 0.712963 0.044135 0.174074 0.857290 1654.000000 1080.000000
0 616 0.823458 0.711111 0.044740 0.174074 0.846910 1654.000000 1080.000000
0 617 0.822551 0.709259 0.044135 0.174074 0.857290 1654.000000 1080.000000
0 618 0.821342 0.707407 0.044135 0.174074 0.864790 1654.000000 1080.000000
0 619 0.820738 0.705556 0.044135 0.174074 0.852710 1654.000000 1080.000000
0 620 0.819528 0.702778 0.044135 0.174074 0.870080 1654.000000 1080.000000
0 621 0.818924 0.700463 0.044135 0.173148 0.874710 1654.000000 1080.000000
0 622 0.818319 0.698148 0.044135 0.172222 0.863280 1654.000000 1080.000000
0 623 0.817715 0.695833 0.044135 0.171296 0.867920 1654.000000 1080.000000
0 624 0.817110 0.693519 0.044135 0.170370 0.872610 1654.000000 1080.000000
0 625 0.816505 0.691204 0.044135 0.169444 0.865090 1654.000000 1080.000000
0 626 0.815599 0.688889 0.044740 0.170370 0.862990 1654.000000 1080.000000
0 627 0.814994 0.686574 0.044740 0.169444 0.867680 1654.000000 1080.000000
0 628 0.814389 0.684259 0.044740 0.168519 0.855740 1654.000000 1080.000000
0 629 0.813785 0.681944 0.044740 0.167593 0.847910 1654.000000 1080.000000
0 630 0.813180 0.679630 0.044740 0.166667 0.832270 1654.000000 1080.000000
0 631 0.812576 0.677315 0.044740 0.165741 0.817630 1654.000000 1080.000000
0 632 0.811971 0.675463 0.044740 0.165741 0.801040 1654.000000 1080.000000
0 633 0.810762 0.673611 0.044740 0.165741 0.797330 1654.000000 1080.000000
0 634 0.810157 0.671759 0.044740 0.165741 0.781630 1654.000000 1080.000000
0 635 0.809553 0.670833 0.044740 0.165741 0.764150 1654.000000 1080.000000
0 636 0.808948 0.668981 0.044740 0.165741 0.748300 1654.000000 1080.000000
0 637 0.808343 0.667130 0.044740 0.165741 0.728960 1654.000000 1080.000000
0 638 0.807739 0.666204 0.044740 0.165741 0.704370 1654.000000 1080.000000
0 639 0.807134 0.664352 0.044740 0.165741 0.688810 1654.000000 1080.000000
0 640 0.806530 0.662500 0.044740 0.165741 0.679560 1654.000000 1080.000000
0 641 0.805925 0.661574 0.044740 0.165741 0.661630 1654.000000 1080.000000
0 642 0.805320 0.659722 0.044740 0.165741 0.654000 1654.000000 1080.000000
0 643 0.804716 0.658796 0.044740 0.165741 0.637930 1654.000000 1080.000000
0 644 0.803507 0.656944 0.044740 0.165741 0.639190 1654.000000 1080.000000
0 645 0.802902 0.655093 0.044740 0.165741 0.627560 1654.000000 1080.000000
0 646 0.802297 0.653241 0.044740 0.165741 0.624740 1654.000000 1080.000000
0 647 0.801693 0.652315 0.044740 0.165741 0.609040 1654.000000 1080.000000
0 648 0.801088 0.650463 0.044740 0.165741 0.601700 1654.000000 1080.000000
0 649 0.800484 0.648611 0.044740 0.165741 0.591780 1654.000000 1080.000000
0 650 0.799879 0.646759 0.044740 0.165741 0.584520 1654.000000 1080.000000
0 651 0.799274 0.645833 0.044740 0.165741 0.574810 1654.000000 1080.000000
0 652 0.798670 0.643981 0.044740 0.165741 0.567560 1654.000000 1080.000000
0 653 0.798065 0.642130 0.044740 0.165741 0.560300 1654.000000 1080.000000
0 654 0.797461 0.641204 0.044740 0.165741 0.547480 1654.000000 1080.000000
0 655 0.796554 0.638426 0.044135 0.165741 0.552250 1654.000000 1080.000000
0 656 0.795949 0.636574 0.044135 0.165741 0.552250 1654.000000 1080.000000
0 657 0.795647 0.634259 0.043531 0.164815 0.533400 1654.000000 1080.000000
0 658 0.795042 0.631944 0.043531 0.165741 0.514920 1654.000000 1080.000000
0 659 0.794740 0.629630 0.042926 0.164815 0.496900 1654.000000 1080.000000
0 660 0.794135 0.627778 0.042926 0.164815 0.477500 1654.000000 1080.000000
0 661 0.793833 0.625000 0.042322 0.164815 0.461330 1654.000000 1080.000000
0 662 0.793229 0.623148 0.042322 0.164815 0.441660 1654.000000 1080.000000
0 663 0.792926 0.621296 0.041717 0.164815 0.426820 1654.000000 1080.000000
0 664 0.791717 0.618519 0.041717 0.164815 0.421070 1654.000000 1080.000000
0 665 0.791112 0.616667 0.041717 0.164815 0.405270 1654.000000 1080.000000
0 666 0.789903 0.614815 0.041717 0.164815 0.402630 1654.000000 1080.000000
0 667 0.789299 0.612037 0.041717 0.164815 0.387710 1654.000000 1080.000000
0 668 0.788089 0.610185 0.041717 0.164815 0.384040 1654.000000 1080.000000
0 669 0.787485 0.608333 0.041717 0.164815 0.351320 1654.000000 1080.000000
0 670 0.786276 0.606481 0.041717 0.164815 0.342860 1654.000000 1080.000000
0 671 0.785671 0.603704 0.041717 0.164815 0.340460 1654.000000 1080.000000
0 672 0.784462 0.601852 0.041717 0.164815 0.346530 1654.000000 1080.000000
0 673 0.783857 0.600000 0.041717 0.164815 0.342860 1654.000000 1080.000000
0 674 0.783253 0.598148 0.041717 0.164815 0.343260 1654.000000 1080.000000
0 675 0.782648 0.596296 0.041717 0.164815 0.344770 1654.000000 1080.000000
0 676 0.782044 0.594444 0.041717 0.164815 0.337190 1654.000000 1080.000000
0 677 0.781439 0.593519 0.041717 0.164815 0.332000 1654.000000 1080.000000
0 678 0.781137 0.591667 0.042322 0.164815 0.325360 1654.000000 1080.000000
0 679 0.780834 0.589815 0.041717 0.164815 0.322670 1654.000000 1080.000000
0 680 0.780230 0.588889 0.041717 0.164815 0.313490 1654.000000 1080.000000
0 681 0.779927 0.587037 0.042322 0.164815 0.307030 1654.000000 1080.000000
0 682 0.779323 0.585185 0.042322 0.164815 0.303560 1654.000000 1080.000000
0 683 0.778718 0.584259 0.042322 0.164815 0.373830 1654.000000 1080.000000
0 684 0.778416 0.582407 0.041717 0.164815 0.371510 1654.000000 1080.000000
0 685 0.778114 0.580556 0.042322 0.164815 0.371630 1654.000000 1080.000000
0 686 0.777509 0.579630 0.042322 0.164815 0.351960 1654.000000 1080.000000
0 687 0.776904 0.577778 0.042322 0.164815 0.351960 1654.000000 1080.000000
0 688 0.776904 0.576852 0.042322 0.164815 0.354390 1654.000000 1080.000000
0 689 0.775695 0.575000 0.042322 0.164815 0.362420 1654.000000 1080.000000
0 690 0.774486 0.573148 0.042322 0.164815 0.378470 1654.000000 1080.000000
0 691 0.773881 0.572222 0.042322 0.164815 0.388940 1654.000000 1080.000000
0 692 0.772672 0.570370 0.042322 0.164815 0.396960 1654.000000 1080.000000
0 693 0.772068 0.568519 0.042322 0.164815 0.413010 1654.000000 1080.000000
0 694 0.770859 0.567593 0.042322 0.164815 0.418760 1654.000000 1080.000000
0 695 0.770254 0.565741 0.042322 0.164815 0.426310 1654.000000 1080.000000
0 696 0.769045 0.564815 0.042322 0.164815 0.408290 1654.000000 1080.000000
0 697 0.768440 0.562963 0.042322 0.164815 0.406960 1654.000000 1080.000000
0 698 0.767231 0.561111 0.042322 0.164815 0.398930 1654.000000 1080.000000
0 699 0.766626 0.560185 0.042322 0.164815 0.395780 1654.000000 1080.000000
0 700 0.765417 0.558333 0.042322 0.164815 0.402710 1654.000000 1080.000000
0 701 0.764813 0.557407 0.042322 0.164815 0.397990 1654.000000 1080.000000
0 702 0.763906 0.554630 0.041717 0.164815 0.402230 1654.000000 1080.000000
0 703 0.763301 0.552778 0.041717 0.164815 0.406230 1654.000000 1080.000000
0 704 0.762696 0.550926 0.041717 0.164815 0.403670 1654.000000 1080.000000
0 705 0.762092 0.549074 0.041717 0.164815 0.406230 1654.000000 1080.000000
0 706 0.761185 0.547222 0.041112 0.164815 0.407420 1654.000000 1080.000000
0 707 0.760580 0.545370 0.041112 0.164815 0.407090 1654.000000 1080.000000
0 708 0.760278 0.542593 0.040508 0.164815 0.414150 1654.000000 1080.000000
0 709 0.759674 0.540741 0.040508 0.164815 0.418420 1654.000000 1080.000000
0 710 0.758767 0.538889 0.039903 0.164815 0.413990 1654.000000 1080.000000
0 711 0.758162 0.537037 0.039903 0.164815 0.415410 1654.000000 1080.000000
0 712 0.757557 0.535185 0.039903 0.164815 0.414740 1654.000000 1080.000000
0 713 0.756953 0.533333 0.039903 0.164815 0.416080 1654.000000 1080.000000
0 714 0.756651 0.531481 0.039299 0.164815 0.413070 1654.000000 1080.000000
0 715 0.755441 0.528704 0.039299 0.164815 0.415440 1654.000000 1080.000000
0 716 0.754837 0.526852 0.039299 0.164815 0.418320 1654.000000 1080.000000
0 717 0.754232 0.524537 0.039299 0.165741 0.419190 1654.000000 1080.000000
0 718 0.753628 0.522222 0.039299 0.164815 0.432450 1654.000000 1080.000000
0 719 0.753023 0.520370 0.039299 0.164815 0.428810 1654.000000 1080.000000
0 720 0.752418 0.518056 0.039299 0.165741 0.432410 1654.000000 1080.000000
0 721 0.751511 0.515741 0.039903 0.164815 0.431500 1654.000000 1080.000000
0 722 0.750907 0.513426 0.039903 0.165741 0.434250 1654.000000 1080.000000
0 723 0.750302 0.511574 0.039903 0.165741 0.438640 1654.000000 1080.000000
0 724 0.749395 0.509259 0.039299 0.164815 0.439310 1654.000000 1080.000000
0 725 0.748791 0.506944 0.039299 0.165741 0.429630 1654.000000 1080.000000
0 726 0.748186 0.505093 0.039299 0.165741 0.416330 1654.000000 1080.000000
0 727 0.747279 0.502315 0.039903 0.165741 0.406970 1654.000000 1080.000000
0 728 0.746675 0.500463 0.039903 0.165741 0.402570 1654.000000 1080.000000
0 729 0.746070 0.498611 0.039903 0.165741 0.397680 1654.000000 1080.000000
0 730 0.745466 0.495833 0.039903 0.165741 0.413180 1654.000000 1080.000000
0 731 0.744861 0.493981 0.039903 0.165741 0.424050 1654.000000 1080.000000
0 732 0.744256 0.492130 0.039903 0.165741 0.435240 1654.000000 1080.000000
0 733 0.743047 0.490278 0.039903 0.165741 0.441210 1654.000000 1080.000000
0 734 0.741838 0.488426 0.039903 0.165741 0.447680 1654.000000 1080.000000
0 735 0.740629 0.486574 0.039903 0.165741 0.455560 1654.000000 1080.000000
0 736 0.739420 0.484722 0.039903 0.165741 0.461110 1654.000000 1080.000000
0 737 0.738513 0.483333 0.039299 0.166667 0.472790 1654.000000 1080.000000
0 738 0.737606 0.481481 0.039903 0.166667 0.480330 1654.000000 1080.000000
0 739 0.736397 0.479630 0.039903 0.166667 0.491880 1654.000000 1080.000000
0 740 0.735187 0.477778 0.039903 0.166667 0.496080 1654.000000 1080.000000
0 741 0.734281 0.475926 0.039299 0.166667 0.512470 1654.000000 1080.000000
0 742 0.733071 0.474537 0.039299 0.167593 0.515730 1654.000000 1080.000000
0 743 0.731862 0.472685 0.039299 0.167593 0.522140 1654.000000 1080.000000
0 744 0.730955 0.470833 0.039903 0.167593 0.538050 1654.000000 1080.000000
0 745 0.730048 0.468981 0.039299 0.167593 0.551280 1654.000000 1080.000000
0 746 0.728839 0.467130 0.039299 0.167593 0.563190 1654.000000 1080.000000
0 747 0.727630 0.465741 0.039299 0.168519 0.572280 1654.000000 1080.000000
0 748 0.726421 0.463889 0.039299 0.168519 0.582050 1654.000000 1080.000000
0 749 0.725212 0.462037 0.039299 0.168519 0.594720 1654.000000 1080.000000
0 750 0.724607 0.460185 0.039299 0.168519 0.616240 1654.000000 1080.000000
0 751 0.723398 0.458333 0.039299 0.168519 0.626760 1654.000000 1080.000000
0 752 0.722189 0.456944 0.039299 0.169444 0.636450 1654.000000 1080.000000
0 753 0.720979 0.455093 0.039299 0.169444 0.642620 1654.000000 1080.000000
0 754 0.720073 0.453241 0.038694 0.169444 0.648490 1654.000000 1080.000000
0 755 0.718863 0.451389 0.038694 0.169444 0.651840 1654.000000 1080.000000
0 756 0.717956 0.449537 0.039299 0.169444 0.663540 1654.000000 1080.000000
0 757 0.716747 0.448148 0.039299 0.170370 0.668300 1654.000000 1080.000000
0 758 0.715840 0.446296 0.038694 0.170370 0.679500 1654.000000 1080.000000
0 759 0.714631 0.444444 0.038694 0.170370 0.688650 1654.000000 1080.000000
0 760 0.713422 0.442593 0.038694 0.170370 0.694390 1654.000000 1080.000000
0 761 0.712213 0.440741 0.038694 0.170370 0.700120 1654.000000 1080.000000
0 762 0.711608 0.439815 0.038694 0.170370 0.715180 1654.000000 1080.000000
0 763 0.711004 0.437500 0.038694 0.169444 0.735870 1654.000000 1080.000000
0 764 0.710399 0.435648 0.038694 0.169444 0.750420 1654.000000 1080.000000
0 765 0.710399 0.433796 0.038694 0.169444 0.771320 1654.000000 1080.000000
0 766 0.709794 0.431944 0.038694 0.169444 0.779930 1654.000000 1080.000000
0 767 0.709190 0.429630 0.038694 0.168519 0.794700 1654.000000 1080.000000
0 768 0.709190 0.427778 0.038694 0.168519 0.811600 1654.000000 1080.000000
0 769 0.708585 0.425926 0.038694 0.168519 0.828750 1654.000000 1080.000000
0 770 0.707981 0.424074 0.038694 0.168519 0.839260 1654.000000 1080.000000
0 771 0.707981 0.421759 0.038694 0.167593 0.860780 1654.000000 1080.000000
0 772 0.707376 0.419907 0.038694 0.167593 0.864840 1654.000000 1080.000000
0 773 0.706771 0.418056 0.038694 0.167593 0.863740 1654.000000 1080.000000
0 774 0.706771 0.416204 0.038694 0.167593 0.867460 1654.000000 1080.000000
0 775 0.705562 0.413426 0.038694 0.167593 0.870160 1654.000000 1080.000000
0 776 0.704353 0.411574 0.038694 0.167593 0.865930 1654.000000 1080.000000
0 777 0.703446 0.409722 0.039299 0.167593 0.865220 1654.000000 1080.000000
0 778 0.702237 0.407870 0.039299 0.167593 0.865050 1654.000000 1080.000000
0 779 0.701330 0.406019 0.038694 0.167593 0.863400 1654.000000 1080.000000
0 780 0.700423 0.404167 0.039299 0.167593 0.860970 1654.000000 1080.000000
0 781 0.699214 0.402315 0.039299 0.167593 0.858810 1654.000000 1080.000000
0 782 0.698307 0.400463 0.039903 0.167593 0.861160 1654.000000 1080.000000
0 783 0.697400 0.398611 0.039299 0.167593 0.859640 1654.000000 1080.000000
0 784 0.696191 0.396759 0.039299 0.167593 0.856480 1654.000000 1080.000000
0 785 0.695284 0.394907 0.039903 0.167593 0.858620 1654.000000 1080.000000
0 786 0.694075 0.393056 0.039903 0.167593 0.854190 1654.000000 1080.000000
0 787 0.693470 0.391204 0.039903 0.167593 0.853120 1654.000000 1080.000000
0 788 0.692261 0.389352 0.039903 0.167593 0.851320 1654.000000 1080.000000
0 789 0.691657 0.387500 0.039903 0.167593 0.845170 1654.000000 1080.000000
0 790 0.691052 0.386574 0.039903 0.167593 0.816710 1654.000000 1080.000000
0 791 0.690447 0.384722 0.039903 0.167593 0.798840 1654.000000 1080.000000
0 792 0.689541 0.382870 0.040508 0.167593 0.781190 1654.000000 1080.000000
0 793 0.688936 0.381944 0.040508 0.167593 0.759620 1654.000000 1080.000000
0 794 0.688331 0.380093 0.040508 0.167593 0.748550 1654.000000 1080.000000
0 795 0.687727 0.378704 0.040508 0.168519 0.728460 1654.000000 1080.000000
0 796 0.687122 0.377315 0.040508 0.167593 0.716870 1654.000000 1080.000000
0 797 0.686215 0.375463 0.041112 0.167593 0.704410 1654.000000 1080.000000
0 798 0.685611 0.374074 0.041112 0.168519 0.684720 1654.000000 1080.000000
0 799 0.685006 0.372685 0.041112 0.167593 0.658940 1654.000000 1080.000000
0 800 0.684099 0.370833 0.040508 0.167593 0.647950 1654.000000 1080.000000
0 801 0.683495 0.369444 0.040508 0.168519 0.630020 1654.000000 1080.000000
0 802 0.682588 0.368056 0.041112 0.167593 0.616500 1654.000000 1080.000000
0 803 0.681983 0.366667 0.041112 0.168519 0.597930 1654.000000 1080.000000
0 804 0.681378 0.364815 0.041112 0.168519 0.583350 1654.000000 1080.000000
0 805 0.680774 0.363426 0.041112 0.167593 0.568960 1654.000000 1080.000000
0 806 0.680169 0.362037 0.041112 0.168519 0.554290 1654.000000 1080.000000
0 807 0.679262 0.360185 0.041717 0.168519 0.541450 1654.000000 1080.000000
0 808 0.678658 0.358796 0.041717 0.167593 0.528490 1654.000000 1080.000000
0 809 0.678053 0.357407 0.041717 0.168519 0.515690 1654.000000 1080.000000
0 810 0.677449 0.355556 0.041717 0.168519 0.509290 1654.000000 1080.000000
0 811 0.676844 0.354630 0.041717 0.168519 0.493210 1654.000000 1080.000000
0 812 0.675635 0.352315 0.041717 0.167593 0.491990 1654.000000 1080.000000
0 813 0.675030 0.350926 0.041717 0.166667 0.489270 1654.000000 1080.000000
0 814 0.674426 0.349074 0.041717 0.166667 0.489340 1654.000000 1080.000000
0 815 0.673216 0.347685 0.041717 0.165741 0.488410 1654.000000 1080.000000
0 816 0.672612 0.345833 0.041717 0.163889 0.487160 1654.000000 1080.000000
0 817 0.672007 0.343981 0.041717 0.163889 0.487480 1654.000000 1080.000000
0 818 0.671403 0.342593 0.041717 0.162963 0.497660 1654.000000 1080.000000
0 819 0.670193 0.341204 0.041717 0.162037 0.507710 1654.000000 1080.000000
0 820 0.669589 0.339352 0.041717 0.162037 0.521670 1654.000000 1080.000000
0 821 0.668984 0.337500 0.041717 0.160185 0.533250 1654.000000 1080.000000
0 822 0.667775 0.336111 0.041717 0.159259 0.542440 1654.000000 1080.000000
0 823 0.667170 0.334259 0.041717 0.159259 0.565730 1654.000000 1080.000000
0 824 0.666566 0.332870 0.041717 0.158333 0.580560 1654.000000 1080.000000
0 825 0.665961 0.331481 0.041717 0.157407 0.596990 1654.000000 1080.000000
0 826 0.664752 0.329630 0.041717 0.157407 0.609440 1654.000000 1080.000000
0 827 0.664148 0.327778 0.041717 0.157407 0.631580 1654.000000 1080.000000
0 828 0.662938 0.326852 0.041717 0.157407 0.637430 1654.000000 1080.000000
0 829 0.662334 0.325000 0.041717 0.157407 0.655560 1654.000000 1080.000000
0 830 0.661125 0.324074 0.041717 0.157407 0.659650 1654.000000 1080.000000
0 831 0.660520 0.322222 0.041717 0.157407 0.680530 1654.000000 1080.000000
0 832 0.659915 0.321296 0.041717 0.157407 0.692560 1654.000000 1080.000000
0 833 0.658706 0.319444 0.041717 0.157407 0.699000 1654.000000 1080.000000
0 834 0.658102 0.317593 0.041717 0.157407 0.716620 1654.000000 1080.000000
0 835 0.656892 0.316667 0.041717 0.157407 0.726480 1654.000000 1080.000000
0 836 0.656288 0.314815 0.041717 0.157407 0.740020 1654.000000 1080.000000
0 837 0.655079 0.313889 0.041717 0.157407 0.747700 1654.000000 1080.000000
0 838 0.654474 0.312037 0.041717 0.157407 0.758400 1654.000000 1080.000000
0 839 0.653869 0.311111 0.041717 0.157407 0.769420 1654.000000 1080.000000
0 840 0.653265 0.309259 0.041717 0.157407 0.786300 1654.000000 1080.000000
0 841 0.652660 0.307870 0.041717 0.156481 0.798320 1654.000000 1080.000000
0 842 0.652056 0.306481 0.041717 0.155556 0.814790 1654.000000 1080.000000
0 843 0.651753 0.304630 0.042322 0.155556 0.831820 1654.000000 1080.000000
0 844 0.651451 0.303241 0.041717 0.154630 0.841670 1654.000000 1080.000000
0 845 0.650846 0.302315 0.041717 0.154630 0.839290 1654.000000 1080.000000
0 846 0.650544 0.300463 0.042322 0.154630 0.841550 1654.000000 1080.000000
0 847 0.649940 0.299074 0.042322 0.153704 0.842880 1654.000000 1080.000000
0 848 0.649637 0.297685 0.041717 0.152778 0.842000 1654.000000 1080.000000
0 849 0.649033 0.296296 0.041717 0.151852 0.843380 1654.000000 1080.000000
0 850 0.648730 0.294444 0.042322 0.151852 0.851300 1654.000000 1080.000000
0 851 0.648126 0.293519 0.042322 0.151852 0.847890 1654.000000 1080.000000
0 852 0.647823 0.292130 0.041717 0.150926 0.847130 1654.000000 1080.000000
0 853 0.647521 0.290278 0.042322 0.150926 0.849280 1654.000000 1080.000000
0 854 0.646917 0.288889 0.042322 0.150000 0.850690 1654.000000 1080.000000
0 855 0.646312 0.287500 0.042322 0.149074 0.852110 1654.000000 1080.000000
0 856 0.646312 0.286574 0.042322 0.149074 0.852110 1654.000000 1080.000000
0 857 0.645405 0.285185 0.041717 0.148148 0.849070 1654.000000 1080.000000
0 858 0.644800 0.284259 0.041717 0.148148 0.849070 1654.000000 1080.000000
0 859 0.644196 0.282870 0.041717 0.147222 0.853750 1654.000000 1080.000000
0 860 0.643289 0.281944 0.041112 0.147222 0.848370 1654.000000 1080.000000
0 861 0.642684 0.281019 0.041112 0.147222 0.848370 1654.000000 1080.000000
0 862 0.642080 0.279630 0.041112 0.146296 0.853070 1654.000000 1080.000000
0 863 0.641475 0.278704 0.041112 0.146296 0.853070 1654.000000 1080.000000
0 864 0.640871 0.277315 0.039903 0.145370 0.850180 1654.000000 1080.000000
0 865 0.640266 0.276389 0.039903 0.145370 0.850180 1654.000000 1080.000000
0 866 0.639661 0.275463 0.039903 0.145370 0.850180 1654.000000 1080.000000
0 867 0.639057 0.274074 0.039903 0.144444 0.849230 1654.000000 1080.000000
0 868 0.638150 0.273148 0.039299 0.144444 0.849450 1654.000000 1080.000000
0 869 0.637545 0.271759 0.039299 0.143519 0.854310 1654.000000 1080.000000
0 870 0.636941 0.270833 0.039299 0.143519 0.854310 1654.000000 1080.000000
0 871 0.636638 0.269907 0.038694 0.143519 0.846150 1654.000000 1080.000000
0 872 0.636034 0.268056 0.038694 0.143519 0.852070 1654.000000 1080.000000
0 873 0.635429 0.267130 0.038694 0.143519 0.854540 1654.000000 1080.000000
0 874 0.634825 0.265741 0.038694 0.142593 0.859450 1654.000000 1080.000000
0 875 0.634220 0.264815 0.038694 0.142593 0.861840 1654.000000 1080.000000
0 876 0.633615 0.263426 0.038694 0.141667 0.866730 1654.000000 1080.000000
0 877 0.633011 0.262500 0.038694 0.141667 0.869030 1654.000000 1080.000000
0 878 0.633011 0.260648 0.038694 0.141667 0.872530 1654.000000 1080.000000
0 879 0.632406 0.259722 0.038694 0.141667 0.872530 1654.000000 1080.000000
0 880 0.631802 0.258333 0.038694 0.140741 0.879640 1654.000000 1080.000000
0 881 0.631197 0.257407 0.038694 0.140741 0.879640 1654.000000 1080.000000
0 882 0.630593 0.256019 0.038694 0.139815 0.886640 1654.000000 1080.000000
0 883 0.629988 0.255093 0.038694 0.139815 0.886640 1654.000000 1080.000000
0 884 0.629988 0.253241 0.038694 0.139815 0.892310 1654.000000 1080.000000
0 885 0.629383 0.252315 0.038694 0.139815 0.884620 1654.000000 1080.000000
0 886 0.628779 0.250926 0.038694 0.138889 0.889660 1654.000000 1080.000000
0 887 0.628174 0.250000 0.038694 0.138889 0.889660 1654.000000 1080.000000
0 888 0.627570 0.248611 0.038694 0.137963 0.892920 1654.000000 1080.000000
0 889 0.626965 0.247685 0.038694 0.137963 0.892920 1654.000000 1080.000000
0 890 0.626965 0.246759 0.038694 0.137963 0.891080 1654.000000 1080.000000
0 891 0.625756 0.244907 0.038694 0.137963 0.897130 1654.000000 1080.000000
0 892 0.625151 0.243056 0.038694 0.137963 0.903180 1654.000000 1080.000000
0 893 0.624547 0.242130 0.038694 0.137963 0.903180 1654.000000 1080.000000
0 894 0.623942 0.240278 0.038694 0.137963 0.907690 1654.000000 1080.000000
0 895 0.623337 0.238426 0.038694 0.137963 0.911790 1654.000000 1080.000000
0 896 0.622733 0.237500 0.038694 0.137963 0.907690 1654.000000 1080.000000
0 897 0.622128 0.235648 0.038694 0.137963 0.907080 1654.000000 1080.000000
0 898 0.621524 0.233796 0.038694 0.137963 0.901440 1654.000000 1080.000000
0 899 0.620919 0.232870 0.038694 0.137963 0.894970 1654.000000 1080.000000
0 900 0.620314 0.231019 0.038694 0.137963 0.890670 1654.000000 1080.000000
0 901 0.619710 0.230093 0.038694 0.137963 0.886360 1654.000000 1080.000000
0 902 0.618501 0.228241 0.038694 0.137963 0.885540 1654.000000 1080.000000
0 903 0.617896 0.226852 0.038694 0.137037 0.886010 1654.000000 1080.000000
0 904 0.617291 0.225926 0.038694 0.137037 0.881470 1654.000000 1080.000000
0 905 0.616687 0.224537 0.038694 0.136111 0.881080 1654.000000 1080.000000
0 906 0.616082 0.223611 0.038694 0.136111 0.874950 1654.000000 1080.000000
0 907 0.615478 0.221759 0.038694 0.136111 0.875880 1654.000000 1080.000000
0 908 0.614571 0.220833 0.039299 0.136111 0.871010 1654.000000 1080.000000
0 909 0.613966 0.219444 0.039299 0.135185 0.873330 1654.000000 1080.000000
0 910 0.613362 0.218519 0.039299 0.135185 0.865900 1654.000000 1080.000000
0 911 0.612757 0.217130 0.039299 0.134259 0.862700 1654.000000 1080.000000
0 912 0.612152 0.215278 0.039299 0.134259 0.860730 1654.000000 1080.000000
0 913 0.611548 0.214352 0.039299 0.134259 0.849730 1654.000000 1080.000000
0 914 0.610943 0.212963 0.039299 0.133333 0.844830 1654.000000 1080.000000
0 915 0.610036 0.212037 0.039903 0.133333 0.840250 1654.000000 1080.000000
0 916 0.609432 0.210648 0.039903 0.132407 0.835720 1654.000000 1080.000000
0 917 0.608827 0.209259 0.039903 0.133333 0.833140 1654.000000 1080.000000
0 918 0.608222 0.207870 0.039903 0.132407 0.823900 1654.000000 1080.000000
0 919 0.607618 0.206944 0.039903 0.132407 0.818510 1654.000000 1080.000000
0 920 0.607013 0.205556 0.039903 0.131481 0.817140 1654.000000 1080.000000
0 921 0.606409 0.204630 0.039903 0.131481 0.802730 1654.000000 1080.000000
0 922 0.605502 0.201852 0.039299 0.131481 0.807690 1654.000000 1080.000000
0 923 0.604595 0.200000 0.038694 0.131481 0.807210 1654.000000 1080.000000
0 924 0.603688 0.197222 0.038089 0.131481 0.803540 1654.000000 1080.000000
0 925 0.602781 0.195370 0.037485 0.131481 0.806190 1654.000000 1080.000000
0 926 0.601874 0.193519 0.036880 0.131481 0.809160 1654.000000 1080.000000
0 927 0.600967 0.190741 0.036276 0.131481 0.819100 1654.000000 1080.000000
0 928 0.600060 0.188889 0.035671 0.131481 0.825170 1654.000000 1080.000000
0 929 0.599154 0.186111 0.035067 0.131481 0.841530 1654.000000 1080.000000
0 930 0.598247 0.184259 0.034462 0.131481 0.851580 1654.000000 1080.000000
0 931 0.597944 0.182407 0.033857 0.131481 0.860390 1654.000000 1080.000000
0 932 0.597340 0.180556 0.033857 0.131481 0.871550 1654.000000 1080.000000
0 933 0.596735 0.179630 0.033857 0.131481 0.875230 1654.000000 1080.000000
0 934 0.596433 0.178704 0.034462 0.131481 0.880150 1654.000000 1080.000000
0 935 0.596131 0.177778 0.033857 0.131481 0.878420 1654.000000 1080.000000
0 936 0.595526 0.176852 0.033857 0.131481 0.876210 1654.000000 1080.000000
0 937 0.595224 0.175926 0.034462 0.131481 0.870390 1654.000000 1080.000000
0 938 0.594921 0.175000 0.033857 0.131481 0.866640 1654.000000 1080.000000
0 939 0.594317 0.173148 0.033857 0.131481 0.869710 1654.000000 1080.000000
0 940 0.594015 0.172222 0.034462 0.131481 0.864000 1654.000000 1080.000000
0 941 0.593410 0.171296 0.034462 0.131481 0.859420 1654.000000 1080.000000
0 942 0.593108 0.170370 0.033857 0.131481 0.860390 1654.000000 1080.000000
0 943 0.592805 0.169444 0.034462 0.131481 0.854830 1654.000000 1080.000000
0 944 0.592201 0.168519 0.034462 0.131481 0.850490 1654.000000 1080.000000
0 945 0.592201 0.167593 0.034462 0.131481 0.850610 1654.000000 1080.000000
0 946 0.591596 0.165741 0.034462 0.131481 0.852420 1654.000000 1080.000000
0 947 0.590992 0.164815 0.034462 0.131481 0.850250 1654.000000 1080.000000
0 948 0.590992 0.162963 0.034462 0.131481 0.860380 1654.000000 1080.000000
0 949 0.590387 0.162037 0.034462 0.131481 0.855440 1654.000000 1080.000000
0 950 0.590387 0.160185 0.034462 0.131481 0.855560 1654.000000 1080.000000
0 951 0.589782 0.159259 0.034462 0.131481 0.853030 1654.000000 1080.000000
0 952 0.589480 0.157407 0.035067 0.131481 0.844490 1654.000000 1080.000000
0 953 0.589178 0.156481 0.034462 0.131481 0.829270 1654.000000 1080.000000
0 954 0.588875 0.154630 0.035067 0.131481 0.828490 1654.000000 1080.000000
0 955 0.588573 0.153704 0.034462 0.131481 0.811430 1654.000000 1080.000000
0 956 0.588271 0.152778 0.035067 0.131481 0.792580 1654.000000 1080.000000
0 957 0.587666 0.150926 0.035067 0.131481 0.790450 1654.000000 1080.000000
0 958 0.587364 0.150000 0.034462 0.131481 0.767900 1654.000000 1080.000000
0 959 0.587062 0.148148 0.035067 0.131481 0.755240 1654.000000 1080.000000
0 960 0.586759 0.147222 0.034462 0.131481 0.755240 1654.000000 1080.000000
0 961 0.586457 0.145370 0.035067 0.131481 0.755240 1654.000000 1080.000000
0 962 0.585852 0.144444 0.035067 0.131481 0.752520 1654.000000 1080.000000
0 963 0.585852 0.142593 0.035067 0.131481 0.765320 1654.000000 1080.000000
0 964 0.585248 0.141667 0.035067 0.131481 0.765320 1654.000000 1080.000000
0 965 0.585248 0.139815 0.035067 0.131481 0.771720 1654.000000 1080.000000
0 966 0.584643 0.138889 0.035067 0.131481 0.778120 1654.000000 1080.000000
0 967 0.584643 0.137963 0.035067 0.131481 0.779540 1654.000000 1080.000000
0 968 0.584039 0.136111 0.035067 0.131481 0.788790 1654.000000 1080.000000
0 969 0.584039 0.135185 0.035067 0.131481 0.795190 1654.000000 1080.000000
0 970 0.584039 0.134259 0.035067 0.131481 0.799450 1654.000000 1080.000000
0 971 0.583434 0.133333 0.035067 0.131481 0.801590 1654.000000 1080.000000
0 972 0.583434 0.132407 0.035067 0.131481 0.808340 1654.000000 1080.000000
0 973 0.583434 0.130556 0.035067 0.131481 0.819130 1654.000000 1080.000000
0 974 0.582830 0.129630 0.035067 0.131481 0.821030 1654.000000 1080.000000
0 975 0.582830 0.128704 0.035067 0.131481 0.823990 1654.000000 1080.000000
0 976 0.582830 0.127778 0.035067 0.131481 0.828020 1654.000000 1080.000000
0 977 0.582225 0.126852 0.035067 0.131481 0.831580 1654.000000 1080.000000
0 978 0.582225 0.125000 0.035067 0.131481 0.843900 1654.000000 1080.000000
0 979 0.582225 0.124074 0.035067 0.131481 0.844020 1654.000000 1080.000000
0 980 0.581923 0.123148 0.034462 0.131481 0.843260 1654.000000 1080.000000
0 981 0.581620 0.122222 0.035067 0.131481 0.846860 1654.000000 1080.000000
0 982 0.581620 0.121296 0.035067 0.131481 0.846510 1654.000000 1080.000000
0 983 0.581318 0.120370 0.034462 0.131481 0.851460 1654.000000 1080.000000
0 984 0.581016 0.118519 0.035067 0.131481 0.858120 1654.000000 1080.000000
0 985 0.581016 0.117593 0.035067 0.131481 0.855640 1654.000000 1080.000000
0 986 0.580713 0.116667 0.034462 0.131481 0.848810 1654.000000 1080.000000
0 987 0.580411 0.115741 0.035067 0.131481 0.848760 1654.000000 1080.000000
0 988 0.580411 0.114815 0.035067 0.131481 0.839160 1654.000000 1080.000000
0 989 0.580109 0.112963 0.034462 0.131481 0.846150 1654.000000 1080.000000
0 990 0.580109 0.112037 0.034462 0.131481 0.839160 1654.000000 1080.000000
0 991 0.579807 0.111111 0.035067 0.131481 0.839160 1654.000000 1080.000000
0 992 0.579504 0.110185 0.034462 0.131481 0.832170 1654.000000 1080.000000
0 993 0.579504 0.109259 0.034462 0.131481 0.832170 1654.000000 1080.000000
0 994 0.579202 0.107407 0.035067 0.131481 0.839160 1654.000000 1080.000000
0 995 0.578900 0.106481 0.034462 0.131481 0.839160 1654.000000 1080.000000
0 996 0.578900 0.105556 0.034462 0.131481 0.839160 1654.000000 1080.000000
0 997 0.578597 0.104630 0.035067 0.131481 0.839160 1654.000000 1080.000000
0 998 0.578295 0.103704 0.034462 0.131481 0.839160 1654.000000 1080.000000
0 999 0.578295 0.102778 0.034462 0.131481 0.839160 1654.000000 1080.000000
0 1000 0.578295 0.100926 0.034462 0.131481 0.846150 1654.000000 1080.000000
0 1001 0.577690 0.100000 0.034462 0.131481 0.846150 1654.000000 1080.000000
0 1002 0.577690 0.099074 0.034462 0.131481 0.846150 1654.000000 1080.000000
0 1003 0.577690 0.098148 0.034462 0.131481 0.846150 1654.000000 1080.000000
0 1004 0.577086 0.097222 0.034462 0.131481 0.846150 1654.000000 1080.000000
0 1005 0.577086 0.095370 0.034462 0.131481 0.853150 1654.000000 1080.000000
0 1006 0.577086 0.094444 0.034462 0.131481 0.853150 1654.000000 1080.000000
0 1007 0.576481 0.093519 0.034462 0.131481 0.853150 1654.000000 1080.000000
0 1008 0.576481 0.092593 0.034462 0.131481 0.853150 1654.000000 1080.000000
0 1009 0.576481 0.091667 0.034462 0.131481 0.853150 1654.000000 1080.000000
0 1010 0.576481 0.090741 0.034462 0.131481 0.853150 1654.000000 1080.000000
0 1011 0.575877 0.088889 0.034462 0.131481 0.862550 1654.000000 1080.000000
0 1012 0.575877 0.087963 0.034462 0.131481 0.862550 1654.000000 1080.000000
0 1013 0.575272 0.087037 0.034462 0.131481 0.864960 1654.000000 1080.000000
0 1014 0.575272 0.085648 0.034462 0.130556 0.873120 1654.000000 1080.000000
0 1015 0.575272 0.084722 0.034462 0.130556 0.873120 1654.000000 1080.000000
0 1016 0.574667 0.083796 0.034462 0.130556 0.875420 1654.000000 1080.000000
0 1017 0.574667 0.082870 0.034462 0.130556 0.875420 1654.000000 1080.000000
0 1018 0.574667 0.081019 0.034462 0.130556 0.884170 1654.000000 1080.000000
0 1019 0.574063 0.080093 0.034462 0.130556 0.886350 1654.000000 1080.000000
0 1020 0.574063 0.079167 0.034462 0.130556 0.886350 1654.000000 1080.000000
0 1021 0.574063 0.078241 0.034462 0.130556 0.886350 1654.000000 1080.000000
0 1022 0.573458 0.076852 0.034462 0.129630 0.896060 1654.000000 1080.000000
0 1023 0.573458 0.075926 0.034462 0.129630 0.896060 1654.000000 1080.000000
0 1024 0.573458 0.075000 0.034462 0.129630 0.896060 1654.000000 1080.000000
0 1025 0.572854 0.074074 0.034462 0.129630 0.898140 1654.000000 1080.000000
0 1026 0.572854 0.072222 0.034462 0.129630 0.865740 1654.000000 1080.000000
0 1027 0.572854 0.071296 0.034462 0.129630 0.860230 1654.000000 1080.000000
0 1028 0.572249 0.070370 0.034462 0.129630 0.875640 1654.000000 1080.000000
0 1029 0.572249 0.069444 0.034462 0.129630 0.870380 1654.000000 1080.000000
0 1030 0.572249 0.068056 0.034462 0.128704 0.875250 1654.000000 1080.000000
0 1031 0.571644 0.067130 0.034462 0.128704 0.890520 1654.000000 1080.000000
0 1032 0.571644 0.066204 0.034462 0.128704 0.884980 1654.000000 1080.000000
0 1033 0.571644 0.065278 0.034462 0.128704 0.884980 1654.000000 1080.000000
0 1034 0.571040 0.064352 0.034462 0.126852 0.756370 1654.000000 1080.000000
0 1035 0.571040 0.063889 0.034462 0.125926 0.754590 1654.000000 1080.000000
0 1036 0.571040 0.063426 0.034462 0.125000 0.740870 1654.000000 1080.000000
0 1037 0.571040 0.062963 0.034462 0.124074 0.733330 1654.000000 1080.000000
0 1038 0.571040 0.062500 0.034462 0.123148 0.718350 1654.000000 1080.000000
0 1039 0.571040 0.062037 0.034462 0.122222 0.725300 1654.000000 1080.000000
0 1040 0.571040 0.061574 0.034462 0.121296 0.723480 1654.000000 1080.000000
0 1041 0.571040 0.061111 0.034462 0.120370 0.710840 1654.000000 1080.000000
0 1042 0.571040 0.060648 0.034462 0.119444 0.700400 1654.000000 1080.000000
0 1043 0.571040 0.060185 0.034462 0.118519 0.698480 1654.000000 1080.000000
0 1044 0.571040 0.059722 0.034462 0.117593 0.682920 1654.000000 1080.000000
0 1045 0.570738 0.059259 0.035067 0.116667 0.672630 1654.000000 1080.000000
0 1046 0.570738 0.058796 0.035067 0.115741 0.685100 1654.000000 1080.000000
0 1047 0.570738 0.058333 0.035067 0.114815 0.669420 1654.000000 1080.000000
0 1048 0.570738 0.057870 0.035067 0.113889 0.749450 1654.000000 1080.000000
0 1049 0.570738 0.057407 0.035067 0.112963 0.747420 1654.000000 1080.000000
0 1050 0.570738 0.056944 0.035067 0.112037 0.746460 1654.000000 1080.000000
0 1051 0.570738 0.056481 0.035067 0.111111 0.759770 1654.000000 1080.000000
0 1052 0.570738 0.056019 0.035067 0.110185 0.758760 1654.000000 1080.000000
0 1053 0.570738 0.055556 0.035067 0.109259 0.747190 1654.000000 1080.000000
0 1054 0.570738 0.055093 0.035067 0.108333 0.758400 1654.000000 1080.000000
0 1055 0.570738 0.054630 0.035067 0.107407 0.850210 1654.000000 1080.000000
0 1056 0.570738 0.054630 0.035067 0.105556 0.844360 1654.000000 1080.000000
0 1057 0.570133 0.053241 0.035067 0.104630 0.751710 1654.000000 1080.000000
0 1058 0.569528 0.052315 0.035067 0.102778 0.739410 1654.000000 1080.000000
0 1059 0.569528 0.051389 0.035067 0.100926 0.759940 1654.000000 1080.000000
0 1060 0.568924 0.050463 0.035067 0.099074 0.664000 1654.000000 1080.000000
0 1061 0.568924 0.050000 0.035067 0.098148 0.743550 1654.000000 1080.000000
0 1062 0.568319 0.049074 0.035067 0.096296 0.645680 1654.000000 1080.000000
0 1063 0.567715 0.048148 0.035067 0.094444 0.633870 1654.000000 1080.000000
0 1064 0.567715 0.047222 0.035067 0.092593 0.639200 1654.000000 1080.000000
0 1065 0.567110 0.046296 0.035067 0.090741 0.640300 1654.000000 1080.000000
0 1066 0.567110 0.045833 0.035067 0.089815 0.625040 1654.000000 1080.000000
0 1067 0.566505 0.044907 0.035067 0.087963 0.621470 1654.000000 1080.000000
0 1068 0.565901 0.043981 0.035067 0.086111 0.605480 1654.000000 1080.000000
0 1069 0.565901 0.043056 0.035067 0.084259 0.605750 1654.000000 1080.000000
0 1070 0.565296 0.042130 0.035067 0.082407 0.606210 1654.000000 1080.000000
0 1071 0.565296 0.041667 0.035067 0.081481 0.586360 1654.000000 1080.000000
0 1072 0.564692 0.040741 0.035067 0.079630 0.569840 1654.000000 1080.000000
0 1073 0.564087 0.039815 0.035067 0.077778 0.598210 1654.000000 1080.000000
0 1074 0.564087 0.038889 0.035067 0.075926 0.606090 1654.000000 1080.000000
0 1075 0.563482 0.037963 0.035067 0.074074 0.603470 1654.000000 1080.000000
0 1076 0.563482 0.037500 0.035067 0.073148 0.605080 1654.000000 1080.000000
0 1077 0.562878 0.036574 0.035067 0.071296 0.602350 1654.000000 1080.000000
0 1078 0.562273 0.036111 0.035067 0.070370 0.617870 1654.000000 1080.000000
0 1079 0.561669 0.035648 0.035067 0.069444 0.619540 1654.000000 1080.000000
0 1080 0.561064 0.035185 0.035067 0.068519 0.621240 1654.000000 1080.000000
0 1081 0.560459 0.034722 0.035067 0.067593 0.623000 1654.000000 1080.000000
0 1082 0.559855 0.034259 0.035067 0.066667 0.638500 1654.000000 1080.000000
0 1083 0.559250 0.033333 0.035067 0.064815 0.646460 1654.000000 1080.000000
0 1084 0.558646 0.032870 0.035067 0.063889 0.648180 1654.000000 1080.000000
0 1085 0.558041 0.032407 0.035067 0.062963 0.649960 1654.000000 1080.000000
0 1086 0.557437 0.031944 0.035067 0.062037 0.761470 1654.000000 1080.000000
0 1087 0.556832 0.031481 0.035067 0.061111 0.772070 1654.000000 1080.000000
0 1088 0.556227 0.031019 0.035067 0.060185 0.761170 1654.000000 1080.000000
