0 930 0.002418 0.270833 0.003628 0.137963 0.220000 1654.000000 1080.000000
0 931 0.003325 0.269907 0.005441 0.137963 0.220000 1654.000000 1080.000000
0 932 0.004232 0.268056 0.007255 0.137963 0.220000 1654.000000 1080.000000
0 933 0.004837 0.267130 0.008464 0.137963 0.220000 1654.000000 1080.000000
0 934 0.005744 0.265278 0.010278 0.137963 0.220000 1654.000000 1080.000000
0 935 0.006651 0.264352 0.012092 0.137963 0.220000 1654.000000 1080.000000
0 936 0.007255 0.262500 0.013301 0.137963 0.220000 1654.000000 1080.000000
0 937 0.008162 0.261574 0.015115 0.137963 0.220000 1654.000000 1080.000000
0 938 0.009069 0.259722 0.016929 0.137963 0.226670 1654.000000 1080.000000
0 939 0.009674 0.258796 0.018138 0.137963 0.220000 1654.000000 1080.000000
0 940 0.010580 0.256944 0.019952 0.137963 0.226670 1654.000000 1080.000000
0 941 0.011487 0.256019 0.021765 0.137963 0.220000 1654.000000 1080.000000
0 942 0.012092 0.254167 0.022975 0.137963 0.226670 1654.000000 1080.000000
0 943 0.012999 0.253241 0.024788 0.137963 0.226670 1654.000000 1080.000000
0 944 0.013906 0.252315 0.026602 0.137963 0.220000 1654.000000 1080.000000
0 945 0.014510 0.250463 0.027811 0.137963 0.226670 1654.000000 1080.000000
0 946 0.015417 0.249537 0.029625 0.137963 0.220000 1654.000000 1080.000000
0 947 0.016324 0.247685 0.031439 0.137963 0.226670 1654.000000 1080.000000
0 948 0.017231 0.246759 0.033253 0.137963 0.226670 1654.000000 1080.000000
0 949 0.018440 0.245370 0.034462 0.137037 0.219970 1654.000000 1080.000000
0 950 0.020254 0.243981 0.034462 0.137963 0.223680 1654.000000 1080.000000
0 951 0.021765 0.242593 0.035067 0.137037 0.217380 1654.000000 1080.000000
0 952 0.023579 0.241204 0.035067 0.137963 0.221240 1654.000000 1080.000000
0 953 0.025393 0.240278 0.035067 0.137963 0.219890 1654.000000 1080.000000
0 954 0.026602 0.238889 0.035067 0.137037 0.215220 1654.000000 1080.000000
0 955 0.028416 0.237500 0.035067 0.137963 0.213220 1654.000000 1080.000000
0 956 0.030230 0.236111 0.035067 0.137037 0.213510 1654.000000 1080.000000
0 957 0.031741 0.234722 0.035671 0.137963 0.211000 1654.000000 1080.000000
0 958 0.033555 0.233333 0.035671 0.137037 0.211410 1654.000000 1080.000000
0 959 0.035369 0.232407 0.035671 0.137037 0.204920 1654.000000 1080.000000
0 960 0.036880 0.230556 0.036276 0.137037 0.205520 1654.000000 1080.000000
0 961 0.038694 0.229630 0.036276 0.137037 0.204750 1654.000000 1080.000000
0 962 0.040508 0.228704 0.036276 0.137037 0.198810 1654.000000 1080.000000
0 963 0.041717 0.226852 0.036276 0.137037 0.205520 1654.000000 1080.000000
0 964 0.042926 0.225926 0.036276 0.137037 0.200350 1654.000000 1080.000000
0 965 0.044135 0.225000 0.036276 0.137037 0.200350 1654.000000 1080.000000
0 966 0.045949 0.223148 0.036276 0.137037 0.199800 1654.000000 1080.000000
0 967 0.047158 0.222222 0.036276 0.137037 0.194740 1654.000000 1080.000000
0 968 0.048368 0.221296 0.036276 0.137037 0.193090 1654.000000 1080.000000
0 969 0.049577 0.219444 0.036276 0.137037 0.194740 1654.000000 1080.000000
0 970 0.051391 0.218519 0.036276 0.137037 0.192540 1654.000000 1080.000000
0 971 0.052600 0.217593 0.036276 0.137037 0.187590 1654.000000 1080.000000
0 972 0.053809 0.215741 0.036276 0.137037 0.192540 1654.000000 1080.000000
0 973 0.055018 0.214815 0.036276 0.137037 0.187590 1654.000000 1080.000000
0 974 0.056832 0.213889 0.036276 0.137037 0.185280 1654.000000 1080.000000
0 975 0.058041 0.212037 0.036276 0.137037 0.197930 1654.000000 1080.000000
0 976 0.059250 0.211111 0.036276 0.137037 0.196060 1654.000000 1080.000000
0 977 0.060459 0.210185 0.036276 0.137037 0.196060 1654.000000 1080.000000
0 978 0.062273 0.209259 0.036276 0.137037 0.202220 1654.000000 1080.000000
0 979 0.062878 0.207407 0.036276 0.137037 0.209370 1654.000000 1080.000000
0 980 0.064087 0.205556 0.036276 0.137037 0.204530 1654.000000 1080.000000
0 981 0.065296 0.204167 0.036276 0.136111 0.214330 1654.000000 1080.000000
0 982 0.066505 0.202315 0.036276 0.136111 0.220870 1654.000000 1080.000000
0 983 0.067715 0.200463 0.036276 0.136111 0.227400 1654.000000 1080.000000
0 984 0.068924 0.199074 0.036276 0.135185 0.237200 1654.000000 1080.000000
0 985 0.070133 0.197685 0.036276 0.136111 0.229070 1654.000000 1080.000000
0 986 0.071342 0.196296 0.036276 0.135185 0.238990 1654.000000 1080.000000
0 987 0.072551 0.194444 0.036276 0.135185 0.245460 1654.000000 1080.000000
0 988 0.073761 0.192593 0.036276 0.135185 0.251920 1654.000000 1080.000000
0 989 0.074365 0.191204 0.036276 0.134259 0.261960 1654.000000 1080.000000
0 990 0.075574 0.189352 0.036276 0.134259 0.255450 1654.000000 1080.000000
0 991 0.076784 0.187500 0.036276 0.134259 0.261960 1654.000000 1080.000000
0 992 0.077993 0.186574 0.036276 0.134259 0.272510 1654.000000 1080.000000
0 993 0.079202 0.184722 0.036276 0.134259 0.278910 1654.000000 1080.000000
0 994 0.080411 0.183333 0.036276 0.133333 0.280380 1654.000000 1080.000000
0 995 0.081620 0.181481 0.036276 0.133333 0.282760 1654.000000 1080.000000
0 996 0.082830 0.179630 0.036276 0.133333 0.289200 1654.000000 1080.000000
0 997 0.084039 0.178241 0.036276 0.132407 0.290760 1654.000000 1080.000000
0 998 0.085248 0.176389 0.036276 0.132407 0.293030 1654.000000 1080.000000
0 999 0.086457 0.175463 0.036276 0.132407 0.305560 1654.000000 1080.000000
0 1000 0.087666 0.174537 0.036276 0.132407 0.293370 1654.000000 1080.000000
0 1001 0.088875 0.173611 0.036276 0.132407 0.293370 1654.000000 1080.000000
0 1002 0.090085 0.172685 0.036276 0.132407 0.289280 1654.000000 1080.000000
0 1003 0.091294 0.171759 0.036276 0.132407 0.289280 1654.000000 1080.000000
0 1004 0.092805 0.171759 0.036880 0.132407 0.297270 1654.000000 1080.000000
0 1005 0.094015 0.170833 0.036880 0.132407 0.281360 1654.000000 1080.000000
0 1006 0.095224 0.169907 0.036880 0.132407 0.281360 1654.000000 1080.000000
0 1007 0.096735 0.168981 0.036276 0.132407 0.273000 1654.000000 1080.000000
0 1008 0.097944 0.168056 0.036276 0.132407 0.273000 1654.000000 1080.000000
0 1009 0.099456 0.168056 0.036880 0.132407 0.290990 1654.000000 1080.000000
0 1010 0.100665 0.167130 0.036880 0.132407 0.292000 1654.000000 1080.000000
0 1011 0.101874 0.166204 0.036880 0.132407 0.304880 1654.000000 1080.000000
0 1012 0.103083 0.165278 0.036880 0.132407 0.305670 1654.000000 1080.000000
0 1013 0.104595 0.165278 0.037485 0.132407 0.311730 1654.000000 1080.000000
0 1014 0.105804 0.164352 0.037485 0.132407 0.327710 1654.000000 1080.000000
0 1015 0.107316 0.163426 0.036880 0.132407 0.344420 1654.000000 1080.000000
0 1016 0.108525 0.162500 0.036880 0.132407 0.354950 1654.000000 1080.000000
0 1017 0.109734 0.161574 0.036880 0.132407 0.359770 1654.000000 1080.000000
0 1018 0.111245 0.161574 0.037485 0.132407 0.365740 1654.000000 1080.000000
0 1019 0.112455 0.160648 0.037485 0.132407 0.382280 1654.000000 1080.000000
0 1020 0.113664 0.159722 0.037485 0.132407 0.381830 1654.000000 1080.000000
0 1021 0.114873 0.158796 0.037485 0.132407 0.408290 1654.000000 1080.000000
0 1022 0.116687 0.158796 0.037485 0.132407 0.410160 1654.000000 1080.000000
0 1023 0.117291 0.156944 0.037485 0.132407 0.426920 1654.000000 1080.000000
0 1024 0.118501 0.156019 0.037485 0.132407 0.442240 1654.000000 1080.000000
0 1025 0.119710 0.155093 0.037485 0.132407 0.444330 1654.000000 1080.000000
0 1026 0.120919 0.154167 0.037485 0.132407 0.457670 1654.000000 1080.000000
0 1027 0.122128 0.152315 0.037485 0.132407 0.468690 1654.000000 1080.000000
0 1028 0.123337 0.151389 0.037485 0.132407 0.480820 1654.000000 1080.000000
0 1029 0.124547 0.150463 0.037485 0.132407 0.484680 1654.000000 1080.000000
0 1030 0.125756 0.149537 0.037485 0.132407 0.457670 1654.000000 1080.000000
0 1031 0.126965 0.147685 0.037485 0.132407 0.451940 1654.000000 1080.000000
0 1032 0.128174 0.146759 0.037485 0.132407 0.441030 1654.000000 1080.000000
0 1033 0.129383 0.145833 0.037485 0.132407 0.413580 1654.000000 1080.000000
0 1034 0.130593 0.144907 0.037485 0.132407 0.402560 1654.000000 1080.000000
0 1035 0.131802 0.143056 0.037485 0.132407 0.396270 1654.000000 1080.000000
0 1036 0.133011 0.142130 0.037485 0.132407 0.369490 1654.000000 1080.000000
0 1037 0.133615 0.141204 0.037485 0.132407 0.356040 1654.000000 1080.000000
0 1038 0.134825 0.140278 0.037485 0.132407 0.339620 1654.000000 1080.000000
0 1039 0.136034 0.138426 0.037485 0.132407 0.331020 1654.000000 1080.000000
0 1040 0.137243 0.137500 0.037485 0.132407 0.306660 1654.000000 1080.000000
0 1041 0.138452 0.136574 0.037485 0.132407 0.291560 1654.000000 1080.000000
0 1042 0.139661 0.135648 0.037485 0.132407 0.284500 1654.000000 1080.000000
0 1043 0.140871 0.133796 0.037485 0.132407 0.277670 1654.000000 1080.000000
0 1044 0.142080 0.132870 0.037485 0.132407 0.277670 1654.000000 1080.000000
0 1045 0.143289 0.131944 0.037485 0.132407 0.276460 1654.000000 1080.000000
0 1046 0.144498 0.131019 0.037485 0.132407 0.276460 1654.000000 1080.000000
0 1047 0.145707 0.129167 0.037485 0.132407 0.283400 1654.000000 1080.000000
0 1048 0.146917 0.128241 0.037485 0.132407 0.284940 1654.000000 1080.000000
0 1049 0.148126 0.127315 0.037485 0.132407 0.290780 1654.000000 1080.000000
0 1050 0.149335 0.126389 0.037485 0.132407 0.292660 1654.000000 1080.000000
0 1051 0.150544 0.125463 0.037485 0.132407 0.298610 1654.000000 1080.000000
0 1052 0.151149 0.123611 0.037485 0.132407 0.305560 1654.000000 1080.000000
0 1053 0.152358 0.122685 0.037485 0.132407 0.314040 1654.000000 1080.000000
0 1054 0.153567 0.120833 0.037485 0.132407 0.327820 1654.000000 1080.000000
0 1055 0.154776 0.119907 0.037485 0.132407 0.336200 1654.000000 1080.000000
0 1056 0.155985 0.118056 0.037485 0.132407 0.346560 1654.000000 1080.000000
0 1057 0.157195 0.117130 0.037485 0.132407 0.359680 1654.000000 1080.000000
0 1058 0.158102 0.116204 0.036880 0.132407 0.358760 1654.000000 1080.000000
0 1059 0.159311 0.114352 0.036880 0.132407 0.378580 1654.000000 1080.000000
0 1060 0.160520 0.113426 0.036880 0.132407 0.382060 1654.000000 1080.000000
0 1061 0.161427 0.111574 0.037485 0.132407 0.392420 1654.000000 1080.000000
0 1062 0.162636 0.110648 0.037485 0.132407 0.396830 1654.000000 1080.000000
0 1063 0.163845 0.109722 0.037485 0.132407 0.409060 1654.000000 1080.000000
0 1064 0.165054 0.107870 0.037485 0.132407 0.419420 1654.000000 1080.000000
0 1065 0.165961 0.106944 0.036880 0.132407 0.417340 1654.000000 1080.000000
0 1066 0.167170 0.105093 0.036880 0.132407 0.432460 1654.000000 1080.000000
0 1067 0.168380 0.104167 0.036880 0.132407 0.435930 1654.000000 1080.000000
0 1068 0.169589 0.103241 0.036880 0.132407 0.440860 1654.000000 1080.000000
0 1069 0.170798 0.101389 0.036880 0.132407 0.450830 1654.000000 1080.000000
0 1070 0.171705 0.100463 0.037485 0.132407 0.455690 1654.000000 1080.000000
0 1071 0.172914 0.098611 0.037485 0.132407 0.462630 1654.000000 1080.000000
0 1072 0.173821 0.097685 0.036880 0.132407 0.463040 1654.000000 1080.000000
0 1073 0.175030 0.096759 0.036880 0.132407 0.472220 1654.000000 1080.000000
0 1074 0.176239 0.094907 0.036880 0.132407 0.482750 1654.000000 1080.000000
0 1075 0.177449 0.093981 0.036880 0.132407 0.486340 1654.000000 1080.000000
0 1076 0.178658 0.092130 0.036880 0.132407 0.495300 1654.000000 1080.000000
0 1077 0.179867 0.091204 0.036880 0.132407 0.483650 1654.000000 1080.000000
0 1078 0.181076 0.090278 0.036880 0.132407 0.469760 1654.000000 1080.000000
0 1079 0.181681 0.088426 0.036880 0.132407 0.461920 1654.000000 1080.000000
0 1080 0.182588 0.087037 0.036276 0.131481 0.453280 1654.000000 1080.000000
0 1081 0.183495 0.085648 0.035671 0.130556 0.441310 1654.000000 1080.000000
0 1082 0.184401 0.084722 0.036276 0.130556 0.416190 1654.000000 1080.000000
0 1083 0.185308 0.082870 0.035671 0.130556 0.418190 1654.000000 1080.000000
0 1084 0.186215 0.081481 0.035067 0.129630 0.422410 1654.000000 1080.000000
0 1085 0.187122 0.080556 0.035671 0.129630 0.412650 1654.000000 1080.000000
0 1086 0.188029 0.079167 0.035067 0.128704 0.410050 1654.000000 1080.000000
0 1087 0.188936 0.077315 0.034462 0.128704 0.413180 1654.000000 1080.000000
0 1088 0.190145 0.076389 0.034462 0.128704 0.412560 1654.000000 1080.000000
0 1089 0.190750 0.075000 0.034462 0.127778 0.404990 1654.000000 1080.000000
0 1090 0.191657 0.073611 0.033857 0.126852 0.407580 1654.000000 1080.000000
0 1091 0.192563 0.071759 0.033253 0.126852 0.407480 1654.000000 1080.000000
0 1092 0.193470 0.070833 0.033857 0.126852 0.405540 1654.000000 1080.000000
0 1093 0.194377 0.069444 0.033253 0.125926 0.406670 1654.000000 1080.000000
0 1094 0.195284 0.068056 0.032648 0.125000 0.415110 1654.000000 1080.000000
0 1095 0.196191 0.066667 0.033253 0.125926 0.405630 1654.000000 1080.000000
0 1096 0.197098 0.065278 0.032648 0.125000 0.406680 1654.000000 1080.000000
0 1097 0.198005 0.063889 0.032044 0.124074 0.421260 1654.000000 1080.000000
0 1098 0.199214 0.062963 0.032044 0.124074 0.411520 1654.000000 1080.000000
0 1099 0.199819 0.062500 0.032044 0.123148 0.397180 1654.000000 1080.000000
0 1100 0.200726 0.062037 0.032648 0.122222 0.368150 1654.000000 1080.000000
0 1101 0.201632 0.061574 0.032044 0.121296 0.351710 1654.000000 1080.000000
0 1102 0.202539 0.061111 0.032648 0.120370 0.330740 1654.000000 1080.000000
0 1103 0.203446 0.060648 0.032044 0.119444 0.315380 1654.000000 1080.000000
0 1104 0.204353 0.060185 0.032648 0.118519 0.278220 1654.000000 1080.000000
0 1105 0.205260 0.059722 0.032044 0.117593 0.264030 1654.000000 1080.000000
0 1106 0.206167 0.059259 0.032648 0.116667 0.246530 1654.000000 1080.000000
0 1107 0.207074 0.058796 0.032044 0.115741 0.232070 1654.000000 1080.000000
0 1108 0.207981 0.058333 0.032648 0.114815 0.215850 1654.000000 1080.000000
0 1109 0.208888 0.057870 0.032044 0.113889 0.200720 1654.000000 1080.000000
0 1110 0.209794 0.057407 0.032648 0.112963 0.188620 1654.000000 1080.000000
0 1111 0.210701 0.056944 0.032044 0.112037 0.169250 1654.000000 1080.000000
0 1112 0.211608 0.056481 0.032648 0.111111 0.160630 1654.000000 1080.000000
0 1113 0.212515 0.056019 0.032044 0.110185 0.150310 1654.000000 1080.000000
0 1114 0.213422 0.055556 0.032648 0.109259 0.143010 1654.000000 1080.000000
0 1115 0.214329 0.055093 0.032044 0.108333 0.137630 1654.000000 1080.000000
0 1116 0.215236 0.054630 0.032648 0.107407 0.131780 1654.000000 1080.000000
0 1117 0.216143 0.054167 0.032044 0.106481 0.153580 1654.000000 1080.000000
0 1118 0.217050 0.053704 0.032648 0.105556 0.184030 1654.000000 1080.000000
0 1119 0.218259 0.053241 0.032648 0.104630 0.224560 1654.000000 1080.000000
0 1120 0.218863 0.052778 0.032648 0.103704 0.260660 1654.000000 1080.000000
0 1121 0.219468 0.052315 0.032648 0.102778 0.302600 1654.000000 1080.000000
0 1122 0.220375 0.052315 0.032044 0.102778 0.332180 1654.000000 1080.000000
0 1123 0.221282 0.051852 0.032648 0.101852 0.347910 1654.000000 1080.000000
0 1124 0.221886 0.051852 0.032648 0.101852 0.375430 1654.000000 1080.000000
0 1125 0.222793 0.051389 0.032044 0.100926 0.387540 1654.000000 1080.000000
0 1126 0.223700 0.050926 0.032648 0.100000 0.416010 1654.000000 1080.000000
0 1127 0.224305 0.050926 0.032648 0.100000 0.419850 1654.000000 1080.000000
0 1128 0.225212 0.050463 0.032044 0.099074 0.448390 1654.000000 1080.000000
0 1129 0.225816 0.050463 0.032044 0.099074 0.460560 1654.000000 1080.000000
0 1130 0.226723 0.050000 0.032648 0.098148 0.490910 1654.000000 1080.000000
0 1131 0.227630 0.049537 0.032044 0.097222 0.509260 1654.000000 1080.000000
0 1132 0.228235 0.049537 0.032044 0.097222 0.493890 1654.000000 1080.000000
0 1133 0.229141 0.049074 0.032648 0.096296 0.499740 1654.000000 1080.000000
0 1134 0.230048 0.049074 0.032044 0.096296 0.487480 1654.000000 1080.000000
0 1135 0.230653 0.048611 0.032044 0.095370 0.485400 1654.000000 1080.000000
0 1136 0.231862 0.048611 0.032044 0.095370 0.485400 1654.000000 1080.000000
0 1137 0.232769 0.048148 0.032648 0.094444 0.481200 1654.000000 1080.000000
0 1138 0.233978 0.047685 0.032648 0.093519 0.484850 1654.000000 1080.000000
0 1139 0.235187 0.047222 0.032648 0.092593 0.430960 1654.000000 1080.000000
0 1140 0.236397 0.046759 0.032648 0.091667 0.400550 1654.000000 1080.000000
0 1141 0.237606 0.046759 0.032648 0.091667 0.366910 1654.000000 1080.000000
0 1142 0.238815 0.046296 0.032648 0.090741 0.343430 1654.000000 1080.000000
0 1143 0.240024 0.045833 0.032648 0.089815 0.306860 1654.000000 1080.000000
0 1144 0.241233 0.045370 0.033857 0.088889 0.274910 1654.000000 1080.000000
0 1145 0.242443 0.044907 0.033857 0.087963 0.236290 1654.000000 1080.000000
0 1146 0.243652 0.044907 0.033857 0.087963 0.196270 1654.000000 1080.000000
0 1147 0.244861 0.044444 0.033857 0.087037 0.152540 1654.000000 1080.000000
0 1148 0.246070 0.043981 0.033857 0.086111 0.116460 1654.000000 1080.000000
0 1149 0.247279 0.043519 0.033857 0.085185 0.099038 1654.000000 1080.000000
0 1150 0.248489 0.043056 0.033857 0.084259 0.082761 1654.000000 1080.000000
0 1151 0.250000 0.043056 0.034462 0.084259 0.065780 1654.000000 1080.000000
0 1152 0.251209 0.042130 0.034462 0.082407 0.050575 1654.000000 1080.000000
0 1153 0.252418 0.041204 0.034462 0.080556 0.036638 1654.000000 1080.000000
0 1154 0.253628 0.040278 0.034462 0.078704 0.030874 1654.000000 1080.000000
0 1155 0.254837 0.039352 0.034462 0.076852 0.018473 1654.000000 1080.000000
0 1156 0.256046 0.038426 0.034462 0.075000 0.009462 1654.000000 1080.000000
0 1157 0.257255 0.037500 0.034462 0.073148 0.000000 1654.000000 1080.000000
0 1158 0.258464 0.036574 0.034462 0.071296 0.000000 1654.000000 1080.000000
0 1159 0.259674 0.035648 0.034462 0.069444 0.000000 1654.000000 1080.000000
0 1160 0.260883 0.034722 0.034462 0.067593 0.086207 1654.000000 1080.000000
0 1161 0.262394 0.033796 0.035067 0.065741 0.169490 1654.000000 1080.000000
0 1162 0.263603 0.032870 0.035067 0.063889 0.254240 1654.000000 1080.000000
0 1163 0.264813 0.031944 0.035067 0.062037 0.322030 1654.000000 1080.000000
0 1164 0.266022 0.031019 0.035067 0.060185 0.406780 1654.000000 1080.000000
0 1165 0.267231 0.030093 0.035067 0.058333 0.470600 1654.000000 1080.000000
0 1166 0.268440 0.029167 0.035067 0.056481 0.545110 1654.000000 1080.000000
0 1167 0.269649 0.028241 0.035067 0.054630 0.605370 1654.000000 1080.000000
0 1168 0.270859 0.027315 0.035067 0.052778 0.685560 1654.000000 1080.000000
0 1169 0.272068 0.026389 0.035067 0.050926 0.754240 1654.000000 1080.000000
0 1170 0.273277 0.025463 0.035067 0.049074 0.840870 1654.000000 1080.000000
