0 495 0.901451 0.981481 0.035067 0.038889 0.976740 1654.000000 1080.000000
0 496 0.899940 0.979630 0.035671 0.042593 0.978720 1654.000000 1080.000000
0 497 0.898428 0.978241 0.036276 0.045370 0.980000 1654.000000 1080.000000
0 498 0.897521 0.976852 0.036880 0.048148 0.594950 1654.000000 1080.000000
0 499 0.896010 0.975463 0.037485 0.050926 0.577380 1654.000000 1080.000000
0 500 0.894498 0.973611 0.038089 0.054630 0.589580 1654.000000 1080.000000
0 501 0.893591 0.972222 0.038694 0.057407 0.580460 1654.000000 1080.000000
0 502 0.892080 0.970370 0.039299 0.059259 0.573430 1654.000000 1080.000000
0 503 0.890568 0.968981 0.039903 0.062037 0.578580 1654.000000 1080.000000
0 504 0.889661 0.967130 0.040508 0.065741 0.575780 1654.000000 1080.000000
0 505 0.888150 0.965741 0.041112 0.068519 0.560970 1654.000000 1080.000000
0 506 0.886638 0.964352 0.041717 0.071296 0.566300 1654.000000 1080.000000
0 507 0.885732 0.962963 0.042322 0.074074 0.558160 1654.000000 1080.000000
0 508 0.884522 0.961111 0.042322 0.077778 0.562550 1654.000000 1080.000000
0 509 0.883313 0.959259 0.042322 0.081481 0.561320 1654.000000 1080.000000
0 510 0.882104 0.957870 0.042322 0.084259 0.560470 1654.000000 1080.000000
0 511 0.880895 0.956019 0.042322 0.087963 0.564260 1654.000000 1080.000000
0 512 0.879686 0.954167 0.042322 0.091667 0.580850 1654.000000 1080.000000
0 513 0.878476 0.952778 0.042322 0.094444 0.579930 1654.000000 1080.000000
0 514 0.877267 0.950926 0.042322 0.098148 0.582990 1654.000000 1080.000000
0 515 0.876058 0.949074 0.042322 0.101852 0.598780 1654.000000 1080.000000
0 516 0.875453 0.947685 0.042322 0.104630 1.000000 1654.000000 1080.000000
0 517 0.874244 0.945833 0.042322 0.108333 1.000000 1654.000000 1080.000000
0 518 0.873035 0.943981 0.042322 0.112037 1.000000 1654.000000 1080.000000
0 519 0.871826 0.942593 0.042322 0.114815 1.000000 1654.000000 1080.000000
0 520 0.870617 0.940741 0.042322 0.118519 1.000000 1654.000000 1080.000000
0 521 0.869407 0.938889 0.042322 0.122222 1.000000 1654.000000 1080.000000
0 522 0.868198 0.937500 0.042322 0.125000 1.000000 1654.000000 1080.000000
0 523 0.866989 0.935648 0.042322 0.128704 1.000000 1654.000000 1080.000000
0 524 0.866385 0.934259 0.042322 0.131481 0.985920 1654.000000 1080.000000
0 525 0.864571 0.931019 0.042322 0.132407 0.985920 1654.000000 1080.000000
0 526 0.863362 0.928704 0.042322 0.133333 0.985920 1654.000000 1080.000000
0 527 0.862152 0.925926 0.042322 0.133333 0.985920 1654.000000 1080.000000
0 528 0.860943 0.923611 0.042322 0.134259 0.985920 1654.000000 1080.000000
0 529 0.859734 0.921296 0.042322 0.135185 1.000000 1654.000000 1080.000000
0 530 0.858525 0.918519 0.042322 0.135185 1.000000 1654.000000 1080.000000
0 531 0.857316 0.916204 0.042322 0.136111 1.000000 1654.000000 1080.000000
0 532 0.855502 0.913426 0.042322 0.136111 1.000000 1654.000000 1080.000000
0 533 0.854293 0.911111 0.042322 0.137037 1.000000 1654.000000 1080.000000
0 534 0.853083 0.908796 0.042322 0.137963 1.000000 1654.000000 1080.000000
0 535 0.851874 0.906019 0.042322 0.137963 1.000000 1654.000000 1080.000000
0 536 0.850665 0.903704 0.042322 0.138889 1.000000 1654.000000 1080.000000
0 537 0.849456 0.900926 0.042322 0.138889 1.000000 1654.000000 1080.000000
0 538 0.848247 0.898611 0.042322 0.139815 1.000000 1654.000000 1080.000000
0 539 0.847037 0.896296 0.042322 0.140741 1.000000 1654.000000 1080.000000
0 540 0.845828 0.892593 0.042322 0.140741 1.000000 1654.000000 1080.000000
0 541 0.845224 0.889815 0.042322 0.140741 1.000000 1654.000000 1080.000000
0 542 0.844619 0.886111 0.042322 0.140741 1.000000 1654.000000 1080.000000
0 543 0.844015 0.883333 0.042322 0.140741 1.000000 1654.000000 1080.000000
0 544 0.842805 0.879630 0.042322 0.140741 1.000000 1654.000000 1080.000000
0 545 0.842201 0.876852 0.042322 0.140741 1.000000 1654.000000 1080.000000
0 546 0.841596 0.874074 0.042322 0.140741 1.000000 1654.000000 1080.000000
0 547 0.840992 0.870370 0.042322 0.140741 1.000000 1654.000000 1080.000000
0 548 0.839782 0.867593 0.042322 0.140741 1.000000 1654.000000 1080.000000
0 549 0.839178 0.863889 0.042322 0.140741 1.000000 1654.000000 1080.000000
0 550 0.838573 0.861111 0.042322 0.140741 1.000000 1654.000000 1080.000000
0 551 0.837969 0.858333 0.042322 0.140741 1.000000 1654.000000 1080.000000
0 552 0.836759 0.855556 0.042322 0.140741 1.000000 1654.000000 1080.000000
0 553 0.836155 0.853704 0.042322 0.140741 1.000000 1654.000000 1080.000000
0 554 0.835550 0.851852 0.042322 0.140741 1.000000 1654.000000 1080.000000
0 555 0.834341 0.850000 0.042322 0.140741 1.000000 1654.000000 1080.000000
0 556 0.833736 0.848148 0.042322 0.140741 1.000000 1654.000000 1080.000000
0 557 0.833132 0.846296 0.042322 0.140741 1.000000 1654.000000 1080.000000
0 558 0.831923 0.844444 0.042322 0.140741 1.000000 1654.000000 1080.000000
0 559 0.831318 0.841667 0.042322 0.140741 1.000000 1654.000000 1080.000000
0 560 0.830713 0.839815 0.042322 0.140741 1.000000 1654.000000 1080.000000
0 561 0.829504 0.837963 0.042322 0.140741 1.000000 1654.000000 1080.000000
0 562 0.828900 0.836111 0.042322 0.140741 1.000000 1654.000000 1080.000000
0 563 0.828295 0.834259 0.042322 0.140741 1.000000 1654.000000 1080.000000
0 564 0.827086 0.832407 0.042322 0.140741 1.000000 1654.000000 1080.000000
0 565 0.826481 0.830556 0.042322 0.140741 1.000000 1654.000000 1080.000000
0 566 0.825877 0.828704 0.042322 0.140741 1.000000 1654.000000 1080.000000
0 567 0.825272 0.825926 0.042322 0.140741 1.000000 1654.000000 1080.000000
0 568 0.824667 0.823148 0.042322 0.140741 1.000000 1654.000000 1080.000000
0 569 0.824063 0.820370 0.042322 0.140741 1.000000 1654.000000 1080.000000
0 570 0.823458 0.818519 0.042322 0.140741 1.000000 1654.000000 1080.000000
0 571 0.822854 0.815741 0.042322 0.140741 1.000000 1654.000000 1080.000000
0 572 0.822249 0.812963 0.042322 0.140741 1.000000 1654.000000 1080.000000
0 573 0.821644 0.811111 0.042322 0.140741 1.000000 1654.000000 1080.000000
0 574 0.821040 0.808333 0.042322 0.140741 0.985920 1654.000000 1080.000000
0 575 0.820435 0.805556 0.042322 0.140741 0.985920 1654.000000 1080.000000
0 576 0.820435 0.803704 0.042322 0.140741 0.957750 1654.000000 1080.000000
0 577 0.819226 0.800000 0.042322 0.140741 0.957750 1654.000000 1080.000000
0 578 0.818017 0.797222 0.042322 0.140741 0.971830 1654.000000 1080.000000
0 579 0.816808 0.793519 0.042322 0.140741 0.971830 1654.000000 1080.000000
0 580 0.815599 0.790741 0.042322 0.140741 0.971830 1654.000000 1080.000000
0 581 0.814389 0.787963 0.042322 0.140741 0.985920 1654.000000 1080.000000
0 582 0.813180 0.784259 0.042322 0.140741 0.985920 1654.000000 1080.000000
0 583 0.812576 0.781481 0.042322 0.140741 0.971830 1654.000000 1080.000000
0 584 0.811366 0.777778 0.042322 0.140741 0.985920 1654.000000 1080.000000
0 585 0.810157 0.775000 0.042322 0.140741 0.985920 1654.000000 1080.000000
0 586 0.808948 0.772222 0.042322 0.140741 0.985920 1654.000000 1080.000000
0 587 0.807739 0.768519 0.042322 0.140741 0.985920 1654.000000 1080.000000
0 588 0.806530 0.765741 0.042322 0.140741 0.985920 1654.000000 1080.000000
0 589 0.805925 0.762963 0.042322 0.140741 0.971830 1654.000000 1080.000000
0 590 0.804716 0.760185 0.042322 0.140741 0.971830 1654.000000 1080.000000
0 591 0.803809 0.758333 0.041717 0.140741 0.971430 1654.000000 1080.000000
0 592 0.802902 0.756481 0.042322 0.140741 0.957750 1654.000000 1080.000000
0 593 0.801995 0.754630 0.041717 0.140741 0.957140 1654.000000 1080.000000
0 594 0.801088 0.751852 0.042322 0.140741 0.943660 1654.000000 1080.000000
0 595 0.800181 0.750000 0.041717 0.140741 0.942860 1654.000000 1080.000000
0 596 0.799274 0.748148 0.042322 0.140741 0.929580 1654.000000 1080.000000
0 597 0.798368 0.746296 0.041717 0.140741 0.928570 1654.000000 1080.000000
0 598 0.797763 0.744444 0.041717 0.140741 0.928570 1654.000000 1080.000000
0 599 0.796554 0.742593 0.041717 0.140741 0.928570 1654.000000 1080.000000
0 600 0.795345 0.740741 0.041717 0.140741 0.942860 1654.000000 1080.000000
0 601 0.794438 0.739815 0.042322 0.140741 0.943660 1654.000000 1080.000000
0 602 0.793229 0.737037 0.042322 0.140741 0.957750 1654.000000 1080.000000
0 603 0.792624 0.734259 0.042322 0.140741 0.957750 1654.000000 1080.000000
0 604 0.792019 0.732407 0.042322 0.140741 0.957750 1654.000000 1080.000000
0 605 0.791415 0.729630 0.042322 0.140741 0.957750 1654.000000 1080.000000
0 606 0.790508 0.727778 0.041717 0.140741 0.971430 1654.000000 1080.000000
0 607 0.789903 0.725000 0.041717 0.140741 0.971430 1654.000000 1080.000000
0 608 0.789299 0.723148 0.041717 0.140741 0.971430 1654.000000 1080.000000
0 609 0.788694 0.720370 0.041717 0.140741 0.957140 1654.000000 1080.000000
0 610 0.787787 0.718519 0.041112 0.140741 0.956520 1654.000000 1080.000000
0 611 0.787183 0.715741 0.041112 0.140741 0.956520 1654.000000 1080.000000
0 612 0.786578 0.712963 0.041112 0.140741 0.942030 1654.000000 1080.000000
0 613 0.785973 0.711111 0.041112 0.140741 0.927540 1654.000000 1080.000000
0 614 0.785067 0.708333 0.040508 0.140741 0.941180 1654.000000 1080.000000
0 615 0.784462 0.706481 0.040508 0.140741 0.926470 1654.000000 1080.000000
0 616 0.783857 0.703704 0.040508 0.140741 0.911760 1654.000000 1080.000000
0 617 0.783253 0.701852 0.040508 0.140741 0.911760 1654.000000 1080.000000
0 618 0.782346 0.699074 0.039903 0.140741 0.910450 1654.000000 1080.000000
0 619 0.781741 0.697222 0.039903 0.140741 0.910450 1654.000000 1080.000000
0 620 0.781137 0.694444 0.039903 0.140741 0.895520 1654.000000 1080.000000
0 621 0.780532 0.692593 0.039903 0.140741 0.895520 1654.000000 1080.000000
0 622 0.779323 0.690741 0.039903 0.140741 0.910450 1654.000000 1080.000000
0 623 0.778718 0.688889 0.039903 0.140741 0.910450 1654.000000 1080.000000
0 624 0.777509 0.687037 0.039903 0.140741 0.925370 1654.000000 1080.000000
0 625 0.776904 0.686111 0.039903 0.140741 0.925370 1654.000000 1080.000000
0 626 0.775695 0.684259 0.039903 0.140741 0.925370 1654.000000 1080.000000
0 627 0.775091 0.682407 0.039903 0.140741 0.925370 1654.000000 1080.000000
0 628 0.773881 0.680556 0.039903 0.140741 0.940300 1654.000000 1080.000000
0 629 0.773277 0.679630 0.039903 0.140741 0.940300 1654.000000 1080.000000
0 630 0.772672 0.677315 0.039903 0.139815 0.940300 1654.000000 1080.000000
0 631 0.772068 0.675463 0.039903 0.139815 0.940300 1654.000000 1080.000000
0 632 0.771463 0.673611 0.039903 0.139815 0.940300 1654.000000 1080.000000
0 633 0.771161 0.671759 0.039299 0.139815 0.924240 1654.000000 1080.000000
0 634 0.770556 0.669444 0.039299 0.138889 0.924240 1654.000000 1080.000000
0 635 0.770254 0.667593 0.039903 0.138889 0.910450 1654.000000 1080.000000
0 636 0.769649 0.665741 0.039903 0.138889 0.910450 1654.000000 1080.000000
0 637 0.769347 0.663889 0.039299 0.138889 0.909090 1654.000000 1080.000000
0 638 0.768742 0.662500 0.039299 0.137963 0.909090 1654.000000 1080.000000
0 639 0.768138 0.660185 0.039299 0.137037 0.909090 1654.000000 1080.000000
0 640 0.767836 0.658333 0.038694 0.137037 0.907690 1654.000000 1080.000000
0 641 0.767533 0.656481 0.039299 0.137037 0.893940 1654.000000 1080.000000
0 642 0.766929 0.654630 0.039299 0.137037 0.874820 1654.000000 1080.000000
0 643 0.766324 0.652315 0.039299 0.136111 0.856270 1654.000000 1080.000000
0 644 0.766022 0.650463 0.038694 0.136111 0.819540 1654.000000 1080.000000
0 645 0.765417 0.648611 0.038694 0.136111 0.801250 1654.000000 1080.000000
0 646 0.764813 0.646759 0.038694 0.136111 0.782330 1654.000000 1080.000000
0 647 0.764813 0.645370 0.038694 0.135185 0.748510 1654.000000 1080.000000
0 648 0.763603 0.642593 0.038694 0.135185 0.737210 1654.000000 1080.000000
0 649 0.762999 0.640741 0.038694 0.135185 0.718580 1654.000000 1080.000000
0 650 0.762394 0.638889 0.038694 0.135185 0.701940 1654.000000 1080.000000
0 651 0.761487 0.636574 0.038089 0.134259 0.685790 1654.000000 1080.000000
0 652 0.760883 0.634259 0.038089 0.135185 0.671240 1654.000000 1080.000000
0 653 0.760278 0.632407 0.038089 0.135185 0.652950 1654.000000 1080.000000
0 654 0.759674 0.630556 0.038089 0.135185 0.628610 1654.000000 1080.000000
0 655 0.758767 0.628241 0.037485 0.134259 0.625030 1654.000000 1080.000000
0 656 0.758162 0.626389 0.037485 0.134259 0.610570 1654.000000 1080.000000
0 657 0.757557 0.624074 0.037485 0.135185 0.614510 1654.000000 1080.000000
0 658 0.756953 0.622222 0.037485 0.135185 0.601020 1654.000000 1080.000000
0 659 0.756046 0.619907 0.036880 0.134259 0.615550 1654.000000 1080.000000
0 660 0.755441 0.618056 0.036880 0.134259 0.602850 1654.000000 1080.000000
0 661 0.754837 0.616204 0.036880 0.134259 0.606720 1654.000000 1080.000000
0 662 0.754232 0.613889 0.036880 0.135185 0.597430 1654.000000 1080.000000
0 663 0.753325 0.611574 0.036276 0.134259 0.614750 1654.000000 1080.000000
0 664 0.752721 0.609722 0.036276 0.134259 0.579380 1654.000000 1080.000000
0 665 0.752116 0.607870 0.036276 0.134259 0.569050 1654.000000 1080.000000
0 666 0.751511 0.606019 0.036276 0.134259 0.542780 1654.000000 1080.000000
0 667 0.750907 0.604167 0.036276 0.134259 0.533120 1654.000000 1080.000000
0 668 0.750302 0.602315 0.036276 0.134259 0.506960 1654.000000 1080.000000
0 669 0.750000 0.601389 0.036880 0.134259 0.498120 1654.000000 1080.000000
0 670 0.749698 0.599537 0.036276 0.134259 0.494720 1654.000000 1080.000000
0 671 0.749093 0.598611 0.036276 0.134259 0.494050 1654.000000 1080.000000
0 672 0.748791 0.596759 0.036880 0.134259 0.482770 1654.000000 1080.000000
0 673 0.748489 0.595833 0.036276 0.134259 0.480130 1654.000000 1080.000000
0 674 0.747884 0.593981 0.036276 0.134259 0.485290 1654.000000 1080.000000
0 675 0.747582 0.592130 0.036880 0.134259 0.482550 1654.000000 1080.000000
0 676 0.746977 0.591204 0.036880 0.134259 0.481660 1654.000000 1080.000000
0 677 0.746675 0.589352 0.036276 0.134259 0.485850 1654.000000 1080.000000
0 678 0.746372 0.588426 0.036880 0.134259 0.474920 1654.000000 1080.000000
0 679 0.745768 0.586574 0.036880 0.134259 0.488950 1654.000000 1080.000000
0 680 0.745768 0.585648 0.036880 0.134259 0.479120 1654.000000 1080.000000
0 681 0.745163 0.582870 0.036880 0.134259 0.489730 1654.000000 1080.000000
0 682 0.744559 0.581019 0.036880 0.134259 0.494480 1654.000000 1080.000000
0 683 0.743954 0.579167 0.036880 0.134259 0.496020 1654.000000 1080.000000
0 684 0.743349 0.577315 0.036880 0.134259 0.510380 1654.000000 1080.000000
0 685 0.742745 0.575463 0.036880 0.134259 0.515020 1654.000000 1080.000000
0 686 0.742140 0.573611 0.036880 0.134259 0.519660 1654.000000 1080.000000
0 687 0.742140 0.571759 0.036880 0.134259 0.506190 1654.000000 1080.000000
0 688 0.741536 0.569907 0.036880 0.134259 0.504090 1654.000000 1080.000000
0 689 0.740931 0.568056 0.036880 0.134259 0.493040 1654.000000 1080.000000
0 690 0.740326 0.566204 0.036880 0.134259 0.472380 1654.000000 1080.000000
0 691 0.739722 0.564352 0.036880 0.134259 0.466860 1654.000000 1080.000000
0 692 0.739117 0.562500 0.036880 0.134259 0.453270 1654.000000 1080.000000
0 693 0.738513 0.560648 0.036880 0.134259 0.449730 1654.000000 1080.000000
0 694 0.738513 0.558796 0.036880 0.134259 0.424220 1654.000000 1080.000000
0 695 0.737304 0.556019 0.036880 0.134259 0.431290 1654.000000 1080.000000
0 696 0.736094 0.554167 0.036880 0.134259 0.430620 1654.000000 1080.000000
0 697 0.735490 0.552315 0.036880 0.134259 0.422010 1654.000000 1080.000000
0 698 0.734281 0.550463 0.036880 0.134259 0.416480 1654.000000 1080.000000
0 699 0.733071 0.548611 0.036880 0.134259 0.420900 1654.000000 1080.000000
0 700 0.732467 0.546759 0.036880 0.134259 0.405990 1654.000000 1080.000000
0 701 0.731258 0.544907 0.036880 0.134259 0.409960 1654.000000 1080.000000
0 702 0.730653 0.543056 0.036880 0.134259 0.392730 1654.000000 1080.000000
0 703 0.729444 0.541204 0.036880 0.134259 0.395930 1654.000000 1080.000000
0 704 0.728235 0.539352 0.036880 0.134259 0.405990 1654.000000 1080.000000
0 705 0.727630 0.537500 0.036880 0.134259 0.406650 1654.000000 1080.000000
0 706 0.726421 0.535648 0.036880 0.134259 0.420240 1654.000000 1080.000000
0 707 0.725212 0.533796 0.036880 0.134259 0.436370 1654.000000 1080.000000
0 708 0.724607 0.531944 0.036880 0.134259 0.437250 1654.000000 1080.000000
0 709 0.723398 0.530093 0.036880 0.134259 0.437140 1654.000000 1080.000000
0 710 0.722793 0.528241 0.036880 0.134259 0.399690 1654.000000 1080.000000
0 711 0.721584 0.525463 0.036880 0.134259 0.399690 1654.000000 1080.000000
0 712 0.720375 0.523611 0.036880 0.134259 0.388640 1654.000000 1080.000000
0 713 0.719770 0.521759 0.036880 0.134259 0.366990 1654.000000 1080.000000
0 714 0.718561 0.519907 0.036880 0.134259 0.360470 1654.000000 1080.000000
0 715 0.717352 0.518056 0.036880 0.134259 0.349540 1654.000000 1080.000000
0 716 0.716747 0.516204 0.036880 0.134259 0.321030 1654.000000 1080.000000
0 717 0.715538 0.514352 0.036880 0.134259 0.315070 1654.000000 1080.000000
0 718 0.714933 0.512500 0.036880 0.134259 0.315070 1654.000000 1080.000000
0 719 0.713724 0.510648 0.036880 0.134259 0.321920 1654.000000 1080.000000
0 720 0.712515 0.508796 0.036880 0.134259 0.328770 1654.000000 1080.000000
0 721 0.711911 0.506944 0.036880 0.134259 0.328770 1654.000000 1080.000000
0 722 0.710701 0.505093 0.036880 0.134259 0.335620 1654.000000 1080.000000
0 723 0.709492 0.503241 0.036880 0.134259 0.342470 1654.000000 1080.000000
0 724 0.708888 0.501389 0.036880 0.134259 0.342470 1654.000000 1080.000000
0 725 0.707678 0.499537 0.036880 0.134259 0.349320 1654.000000 1080.000000
0 726 0.707074 0.497685 0.036880 0.134259 0.356160 1654.000000 1080.000000
0 727 0.705865 0.495833 0.036880 0.134259 0.373290 1654.000000 1080.000000
0 728 0.704655 0.493981 0.036880 0.134259 0.373290 1654.000000 1080.000000
0 729 0.703446 0.492130 0.036880 0.134259 0.373290 1654.000000 1080.000000
0 730 0.702539 0.490278 0.036276 0.134259 0.373460 1654.000000 1080.000000
0 731 0.701330 0.488426 0.036276 0.134259 0.373460 1654.000000 1080.000000
0 732 0.700121 0.486574 0.036276 0.134259 0.373460 1654.000000 1080.000000
0 733 0.699214 0.484722 0.035671 0.134259 0.373630 1654.000000 1080.000000
0 734 0.698005 0.482870 0.035671 0.134259 0.363360 1654.000000 1080.000000
0 735 0.697098 0.481019 0.036276 0.134259 0.363460 1654.000000 1080.000000
0 736 0.696191 0.479167 0.035671 0.134259 0.363470 1654.000000 1080.000000
0 737 0.694982 0.477315 0.035671 0.134259 0.363470 1654.000000 1080.000000
0 738 0.693773 0.475463 0.035671 0.134259 0.363240 1654.000000 1080.000000
0 739 0.692563 0.473611 0.035671 0.134259 0.363240 1654.000000 1080.000000
0 740 0.691657 0.471759 0.035067 0.134259 0.363010 1654.000000 1080.000000
0 741 0.690447 0.469907 0.035067 0.134259 0.363010 1654.000000 1080.000000
0 742 0.689238 0.468056 0.035067 0.134259 0.363010 1654.000000 1080.000000
0 743 0.688331 0.466204 0.034462 0.134259 0.361360 1654.000000 1080.000000
0 744 0.687424 0.464352 0.035067 0.134259 0.361160 1654.000000 1080.000000
0 745 0.686215 0.462500 0.035067 0.134259 0.361040 1654.000000 1080.000000
0 746 0.685308 0.460648 0.034462 0.134259 0.356160 1654.000000 1080.000000
0 747 0.684099 0.458796 0.034462 0.134259 0.356160 1654.000000 1080.000000
0 748 0.682890 0.456944 0.034462 0.134259 0.356160 1654.000000 1080.000000
0 749 0.681983 0.455093 0.033857 0.134259 0.350400 1654.000000 1080.000000
0 750 0.680774 0.453241 0.033857 0.134259 0.350520 1654.000000 1080.000000
0 751 0.679565 0.451389 0.033857 0.134259 0.350760 1654.000000 1080.000000
0 752 0.678356 0.449537 0.033857 0.134259 0.342470 1654.000000 1080.000000
0 753 0.677751 0.447685 0.033857 0.134259 0.339220 1654.000000 1080.000000
0 754 0.676542 0.445833 0.033857 0.134259 0.332010 1654.000000 1080.000000
0 755 0.675333 0.443981 0.033857 0.134259 0.324800 1654.000000 1080.000000
0 756 0.674426 0.442130 0.033253 0.134259 0.320450 1654.000000 1080.000000
0 757 0.673216 0.440278 0.033253 0.134259 0.319470 1654.000000 1080.000000
0 758 0.672007 0.438426 0.033253 0.134259 0.318980 1654.000000 1080.000000
0 759 0.671100 0.436574 0.032648 0.134259 0.318180 1654.000000 1080.000000
0 760 0.669891 0.434722 0.032648 0.134259 0.317680 1654.000000 1080.000000
0 761 0.668682 0.432870 0.032648 0.134259 0.317190 1654.000000 1080.000000
0 762 0.668077 0.431019 0.032648 0.134259 0.316190 1654.000000 1080.000000
0 763 0.666868 0.429167 0.032648 0.134259 0.315690 1654.000000 1080.000000
0 764 0.665659 0.427778 0.032648 0.135185 0.313540 1654.000000 1080.000000
0 765 0.664450 0.426389 0.032648 0.134259 0.309340 1654.000000 1080.000000
0 766 0.663845 0.425000 0.032648 0.135185 0.306740 1654.000000 1080.000000
0 767 0.662636 0.423611 0.032648 0.134259 0.302490 1654.000000 1080.000000
0 768 0.661427 0.422222 0.032648 0.135185 0.300930 1654.000000 1080.000000
0 769 0.660822 0.421296 0.032648 0.135185 0.293630 1654.000000 1080.000000
0 770 0.659613 0.418981 0.032648 0.134259 0.296140 1654.000000 1080.000000
0 771 0.659008 0.416667 0.032648 0.133333 0.297680 1654.000000 1080.000000
0 772 0.658404 0.414815 0.032648 0.133333 0.297680 1654.000000 1080.000000
0 773 0.657799 0.412500 0.032648 0.132407 0.304670 1654.000000 1080.000000
0 774 0.657195 0.410185 0.032648 0.131481 0.300830 1654.000000 1080.000000
0 775 0.656590 0.408333 0.032648 0.131481 0.299810 1654.000000 1080.000000
0 776 0.655985 0.406019 0.032648 0.130556 0.300900 1654.000000 1080.000000
0 777 0.655381 0.403704 0.032648 0.129630 0.300970 1654.000000 1080.000000
0 778 0.654776 0.401852 0.032648 0.129630 0.299420 1654.000000 1080.000000
0 779 0.654172 0.399537 0.032648 0.128704 0.301040 1654.000000 1080.000000
0 780 0.653567 0.397222 0.032648 0.127778 0.302420 1654.000000 1080.000000
0 781 0.652963 0.395833 0.032648 0.126852 0.297100 1654.000000 1080.000000
0 782 0.652358 0.393519 0.032648 0.125926 0.299270 1654.000000 1080.000000
0 783 0.651753 0.391204 0.032648 0.125000 0.298660 1654.000000 1080.000000
0 784 0.651149 0.389352 0.032648 0.125000 0.298800 1654.000000 1080.000000
0 785 0.650544 0.387037 0.032648 0.124074 0.311250 1654.000000 1080.000000
0 786 0.649940 0.385185 0.032648 0.124074 0.324180 1654.000000 1080.000000
0 787 0.648730 0.382870 0.032648 0.123148 0.331890 1654.000000 1080.000000
0 788 0.648126 0.380556 0.032648 0.122222 0.344630 1654.000000 1080.000000
0 789 0.647521 0.378704 0.032648 0.122222 0.370470 1654.000000 1080.000000
0 790 0.646917 0.376389 0.032648 0.121296 0.383470 1654.000000 1080.000000
0 791 0.646312 0.374074 0.032648 0.120370 0.406380 1654.000000 1080.000000
0 792 0.645707 0.372685 0.032648 0.119444 0.415520 1654.000000 1080.000000
0 793 0.645103 0.370370 0.032648 0.118519 0.443410 1654.000000 1080.000000
0 794 0.644498 0.368056 0.032648 0.117593 0.458380 1654.000000 1080.000000
0 795 0.643894 0.366204 0.032648 0.117593 0.480110 1654.000000 1080.000000
0 796 0.643289 0.363889 0.032648 0.116667 0.494920 1654.000000 1080.000000
0 797 0.642684 0.361574 0.032648 0.115741 0.522510 1654.000000 1080.000000
0 798 0.642080 0.359722 0.032648 0.115741 0.535640 1654.000000 1080.000000
0 799 0.641475 0.357407 0.032648 0.114815 0.550250 1654.000000 1080.000000
0 800 0.640871 0.355093 0.032648 0.113889 0.564810 1654.000000 1080.000000
0 801 0.640266 0.353241 0.032648 0.113889 0.565100 1654.000000 1080.000000
0 802 0.639661 0.350926 0.032648 0.112963 0.566890 1654.000000 1080.000000
0 803 0.639057 0.349537 0.032648 0.112037 0.576450 1654.000000 1080.000000
0 804 0.638452 0.347685 0.032648 0.112037 0.581520 1654.000000 1080.000000
0 805 0.637848 0.346759 0.032648 0.112037 0.577050 1654.000000 1080.000000
0 806 0.637243 0.344907 0.032648 0.112037 0.589870 1654.000000 1080.000000
0 807 0.637243 0.343981 0.032648 0.112037 0.598060 1654.000000 1080.000000
0 808 0.636638 0.342130 0.032648 0.112037 0.598060 1654.000000 1080.000000
0 809 0.636034 0.341204 0.032648 0.112037 0.611030 1654.000000 1080.000000
0 810 0.635429 0.339352 0.032648 0.112037 0.611030 1654.000000 1080.000000
0 811 0.635429 0.338426 0.032648 0.112037 0.619670 1654.000000 1080.000000
0 812 0.634825 0.336574 0.032648 0.112037 0.632790 1654.000000 1080.000000
0 813 0.634220 0.335648 0.032648 0.112037 0.628610 1654.000000 1080.000000
0 814 0.633615 0.333796 0.032648 0.112037 0.628320 1654.000000 1080.000000
0 815 0.633615 0.332870 0.032648 0.112037 0.619520 1654.000000 1080.000000
0 816 0.633011 0.331019 0.032648 0.112037 0.610130 1654.000000 1080.000000
0 817 0.632406 0.330093 0.032648 0.112037 0.601190 1654.000000 1080.000000
0 818 0.631802 0.328241 0.032648 0.112037 0.594040 1654.000000 1080.000000
0 819 0.631802 0.327315 0.032648 0.112037 0.591950 1654.000000 1080.000000
0 820 0.631197 0.325463 0.032648 0.112037 0.589420 1654.000000 1080.000000
0 821 0.630593 0.324537 0.032648 0.112037 0.563490 1654.000000 1080.000000
0 822 0.630593 0.323611 0.032648 0.112037 0.539490 1654.000000 1080.000000
0 823 0.629988 0.321759 0.032648 0.112037 0.529060 1654.000000 1080.000000
0 824 0.629383 0.320833 0.032648 0.112037 0.511480 1654.000000 1080.000000
0 825 0.628779 0.318981 0.032648 0.112037 0.498060 1654.000000 1080.000000
0 826 0.628779 0.318056 0.032648 0.112037 0.472880 1654.000000 1080.000000
0 827 0.628174 0.316204 0.032648 0.112037 0.473920 1654.000000 1080.000000
0 828 0.627570 0.315278 0.032648 0.112037 0.446500 1654.000000 1080.000000
0 829 0.626965 0.313426 0.032648 0.112037 0.450370 1654.000000 1080.000000
0 830 0.626965 0.312500 0.032648 0.112037 0.436660 1654.000000 1080.000000
0 831 0.626360 0.310648 0.032648 0.112037 0.438900 1654.000000 1080.000000
0 832 0.625756 0.309722 0.032648 0.112037 0.439200 1654.000000 1080.000000
0 833 0.625151 0.307870 0.032648 0.112037 0.440830 1654.000000 1080.000000
0 834 0.625151 0.306944 0.032648 0.112037 0.435170 1654.000000 1080.000000
0 835 0.624547 0.305093 0.032648 0.112037 0.440390 1654.000000 1080.000000
0 836 0.623942 0.304167 0.032648 0.112037 0.446800 1654.000000 1080.000000
0 837 0.623337 0.302315 0.032648 0.112037 0.441280 1654.000000 1080.000000
0 838 0.623337 0.301389 0.032648 0.112037 0.445900 1654.000000 1080.000000
0 839 0.622733 0.299537 0.032648 0.112037 0.459020 1654.000000 1080.000000
0 840 0.622128 0.298611 0.032648 0.112037 0.459020 1654.000000 1080.000000
0 841 0.622128 0.297685 0.032648 0.112037 0.464230 1654.000000 1080.000000
0 842 0.621524 0.295833 0.032648 0.112037 0.482120 1654.000000 1080.000000
0 843 0.620919 0.294907 0.032648 0.112037 0.488970 1654.000000 1080.000000
0 844 0.620314 0.293981 0.032648 0.112037 0.508790 1654.000000 1080.000000
0 845 0.620012 0.293056 0.032044 0.112037 0.529600 1654.000000 1080.000000
0 846 0.619407 0.292130 0.032044 0.112037 0.563750 1654.000000 1080.000000
0 847 0.618803 0.291204 0.032044 0.112037 0.581360 1654.000000 1080.000000
0 848 0.618501 0.290278 0.031439 0.112037 0.628210 1654.000000 1080.000000
0 849 0.617896 0.289352 0.031439 0.112037 0.650630 1654.000000 1080.000000
0 850 0.617291 0.288426 0.031439 0.112037 0.673520 1654.000000 1080.000000
0 851 0.616989 0.287500 0.030834 0.112037 0.682850 1654.000000 1080.000000
0 852 0.616385 0.286574 0.030834 0.112037 0.717690 1654.000000 1080.000000
0 853 0.615780 0.285648 0.030834 0.112037 0.728090 1654.000000 1080.000000
0 854 0.615175 0.284722 0.030834 0.112037 0.743690 1654.000000 1080.000000
0 855 0.614873 0.283796 0.030230 0.112037 0.756670 1654.000000 1080.000000
0 856 0.614268 0.282870 0.030230 0.112037 0.791710 1654.000000 1080.000000
0 857 0.613664 0.281481 0.030230 0.112963 0.802330 1654.000000 1080.000000
0 858 0.613362 0.280556 0.029625 0.112963 0.819190 1654.000000 1080.000000
0 859 0.612757 0.279630 0.029625 0.112963 0.829590 1654.000000 1080.000000
0 860 0.612152 0.278704 0.029625 0.112963 0.840000 1654.000000 1080.000000
0 861 0.611850 0.277778 0.029021 0.112963 0.836730 1654.000000 1080.000000
0 862 0.611245 0.276852 0.029021 0.112963 0.836730 1654.000000 1080.000000
0 863 0.610641 0.275926 0.029021 0.112963 0.836730 1654.000000 1080.000000
0 864 0.610036 0.275000 0.029021 0.112963 0.857140 1654.000000 1080.000000
0 865 0.609734 0.274074 0.028416 0.112963 0.854170 1654.000000 1080.000000
0 866 0.609129 0.273148 0.028416 0.112963 0.854170 1654.000000 1080.000000
0 867 0.608525 0.272222 0.028416 0.112963 0.854170 1654.000000 1080.000000
0 868 0.608222 0.271296 0.027811 0.112963 0.851060 1654.000000 1080.000000
0 869 0.607618 0.270370 0.027811 0.112963 0.851060 1654.000000 1080.000000
0 870 0.607013 0.269444 0.027811 0.112963 0.851060 1654.000000 1080.000000
0 871 0.606711 0.268519 0.027207 0.112963 0.869570 1654.000000 1080.000000
0 872 0.605502 0.266667 0.027207 0.112963 0.891300 1654.000000 1080.000000
0 873 0.604897 0.265741 0.027207 0.112963 0.891300 1654.000000 1080.000000
0 874 0.604293 0.263889 0.027207 0.112963 0.891300 1654.000000 1080.000000
0 875 0.603083 0.262963 0.027207 0.112963 0.913040 1654.000000 1080.000000
0 876 0.602479 0.261111 0.027207 0.112963 0.913040 1654.000000 1080.000000
0 877 0.601874 0.260185 0.027207 0.112963 0.913040 1654.000000 1080.000000
0 878 0.600967 0.258333 0.027811 0.112963 0.936170 1654.000000 1080.000000
0 879 0.600060 0.257407 0.027207 0.112963 0.956520 1654.000000 1080.000000
0 880 0.599456 0.256481 0.027207 0.112963 0.956520 1654.000000 1080.000000
0 881 0.598851 0.254630 0.027207 0.112963 0.956520 1654.000000 1080.000000
0 882 0.597944 0.253704 0.027811 0.112963 0.957450 1654.000000 1080.000000
0 883 0.597037 0.251852 0.027207 0.112963 0.978260 1654.000000 1080.000000
0 884 0.596433 0.250926 0.027207 0.112963 1.000000 1654.000000 1080.000000
0 885 0.595526 0.249074 0.027811 0.112963 1.000000 1654.000000 1080.000000
0 886 0.594921 0.248148 0.027811 0.112963 1.000000 1654.000000 1080.000000
0 887 0.594015 0.247222 0.027207 0.112963 1.000000 1654.000000 1080.000000
0 888 0.593108 0.245370 0.027811 0.112963 1.000000 1654.000000 1080.000000
0 889 0.592503 0.244444 0.027811 0.112963 1.000000 1654.000000 1080.000000
0 890 0.591596 0.242593 0.027207 0.112963 1.000000 1654.000000 1080.000000
0 891 0.590992 0.241667 0.027207 0.112963 1.000000 1654.000000 1080.000000
0 892 0.590085 0.239815 0.027811 0.112963 1.000000 1654.000000 1080.000000
0 893 0.589480 0.238889 0.027811 0.112963 1.000000 1654.000000 1080.000000
0 894 0.588573 0.237963 0.027207 0.112963 1.000000 1654.000000 1080.000000
0 895 0.587666 0.236111 0.027811 0.112963 1.000000 1654.000000 1080.000000
0 896 0.587062 0.235185 0.027811 0.112963 1.000000 1654.000000 1080.000000
0 897 0.586457 0.233333 0.027811 0.112963 1.000000 1654.000000 1080.000000
0 898 0.585248 0.232407 0.027811 0.112963 1.000000 1654.000000 1080.000000
0 899 0.584643 0.230556 0.027811 0.112963 1.000000 1654.000000 1080.000000
0 900 0.584039 0.229630 0.027811 0.112963 1.000000 1654.000000 1080.000000
0 901 0.583434 0.228704 0.027811 0.112963 1.000000 1654.000000 1080.000000
0 902 0.582830 0.226852 0.027811 0.112963 1.000000 1654.000000 1080.000000
0 903 0.582225 0.225463 0.027811 0.112037 1.000000 1654.000000 1080.000000
0 904 0.581923 0.223611 0.028416 0.112037 1.000000 1654.000000 1080.000000
0 905 0.581318 0.222685 0.028416 0.112037 1.000000 1654.000000 1080.000000
0 906 0.581016 0.220833 0.027811 0.112037 1.000000 1654.000000 1080.000000
0 907 0.580713 0.219444 0.028416 0.111111 1.000000 1654.000000 1080.000000
0 908 0.580109 0.218056 0.028416 0.112037 1.000000 1654.000000 1080.000000
0 909 0.579504 0.216667 0.028416 0.111111 1.000000 1654.000000 1080.000000
0 910 0.579504 0.214815 0.028416 0.111111 0.979170 1654.000000 1080.000000
0 911 0.578900 0.213889 0.028416 0.111111 0.979170 1654.000000 1080.000000
0 912 0.578597 0.212037 0.029021 0.111111 0.959180 1654.000000 1080.000000
0 913 0.577993 0.210648 0.029021 0.110185 0.959180 1654.000000 1080.000000
0 914 0.577690 0.208796 0.028416 0.110185 0.587500 1654.000000 1080.000000
0 915 0.577388 0.207870 0.029021 0.110185 0.918370 1654.000000 1080.000000
0 916 0.576784 0.206481 0.029021 0.109259 0.918370 1654.000000 1080.000000
0 917 0.576179 0.204630 0.029021 0.109259 0.918370 1654.000000 1080.000000
0 918 0.575877 0.203704 0.029625 0.109259 0.900000 1654.000000 1080.000000
0 919 0.575574 0.201852 0.029021 0.109259 0.897960 1654.000000 1080.000000
0 920 0.575272 0.200463 0.029625 0.108333 0.880000 1654.000000 1080.000000
0 921 0.574667 0.199074 0.029625 0.109259 0.880000 1654.000000 1080.000000
0 922 0.574063 0.197685 0.029625 0.108333 0.880000 1654.000000 1080.000000
0 923 0.574063 0.195833 0.029625 0.108333 0.860000 1654.000000 1080.000000
0 924 0.573458 0.194444 0.029625 0.107407 0.860000 1654.000000 1080.000000
0 925 0.572854 0.193056 0.029625 0.108333 0.860000 1654.000000 1080.000000
0 926 0.572551 0.191667 0.030230 0.107407 0.843140 1654.000000 1080.000000
0 927 0.572249 0.189815 0.029625 0.107407 0.840000 1654.000000 1080.000000
0 928 0.571947 0.188889 0.030230 0.107407 0.816490 1654.000000 1080.000000
0 929 0.571342 0.187037 0.030230 0.107407 0.812640 1654.000000 1080.000000
0 930 0.570738 0.185648 0.030230 0.106481 0.809330 1654.000000 1080.000000
0 931 0.570435 0.184722 0.030834 0.106481 0.803220 1654.000000 1080.000000
0 932 0.570133 0.182870 0.030230 0.106481 0.797160 1654.000000 1080.000000
0 933 0.569528 0.181481 0.030230 0.105556 0.795400 1654.000000 1080.000000
0 934 0.569226 0.179630 0.030834 0.105556 0.779260 1654.000000 1080.000000
0 935 0.568622 0.178704 0.030834 0.105556 0.788290 1654.000000 1080.000000
0 936 0.568622 0.176852 0.030834 0.105556 0.765380 1654.000000 1080.000000
0 937 0.568017 0.175463 0.030834 0.104630 0.759450 1654.000000 1080.000000
0 938 0.567412 0.174074 0.030834 0.105556 0.768730 1654.000000 1080.000000
0 939 0.567110 0.172685 0.031439 0.104630 0.747770 1654.000000 1080.000000
0 940 0.566808 0.170833 0.030834 0.104630 0.738870 1654.000000 1080.000000
0 941 0.566203 0.169907 0.030834 0.104630 0.726550 1654.000000 1080.000000
0 942 0.565901 0.168056 0.031439 0.104630 0.725260 1654.000000 1080.000000
0 943 0.565296 0.166667 0.031439 0.103704 0.717980 1654.000000 1080.000000
0 944 0.565296 0.165741 0.031439 0.103704 0.694270 1654.000000 1080.000000
0 945 0.564692 0.163889 0.031439 0.103704 0.710800 1654.000000 1080.000000
0 946 0.564389 0.162037 0.032044 0.103704 0.704690 1654.000000 1080.000000
0 947 0.564087 0.161111 0.031439 0.103704 0.694270 1654.000000 1080.000000
0 948 0.563785 0.159259 0.032044 0.103704 0.704690 1654.000000 1080.000000
0 949 0.563482 0.158333 0.031439 0.103704 0.701290 1654.000000 1080.000000
0 950 0.563180 0.156481 0.032044 0.103704 0.711730 1654.000000 1080.000000
0 951 0.562878 0.155093 0.031439 0.104630 0.704240 1654.000000 1080.000000
0 952 0.562576 0.153704 0.032044 0.103704 0.701080 1654.000000 1080.000000
0 953 0.562273 0.152315 0.031439 0.104630 0.720950 1654.000000 1080.000000
0 954 0.561971 0.150926 0.032044 0.103704 0.716490 1654.000000 1080.000000
0 955 0.561669 0.149537 0.031439 0.104630 0.730880 1654.000000 1080.000000
0 956 0.561366 0.148148 0.032044 0.103704 0.725500 1654.000000 1080.000000
0 957 0.561064 0.146759 0.031439 0.104630 0.726250 1654.000000 1080.000000
0 958 0.560762 0.144907 0.032044 0.104630 0.738790 1654.000000 1080.000000
0 959 0.560157 0.143519 0.032044 0.103704 0.743360 1654.000000 1080.000000
0 960 0.560157 0.142130 0.032044 0.104630 0.741230 1654.000000 1080.000000
0 961 0.559553 0.140741 0.032044 0.103704 0.736810 1654.000000 1080.000000
0 962 0.559553 0.139352 0.032044 0.104630 0.714750 1654.000000 1080.000000
0 963 0.558948 0.137963 0.032044 0.103704 0.730250 1654.000000 1080.000000
0 964 0.558948 0.136574 0.032044 0.104630 0.707280 1654.000000 1080.000000
0 965 0.558343 0.134722 0.032044 0.104630 0.719620 1654.000000 1080.000000
0 966 0.558343 0.133796 0.032044 0.104630 0.699810 1654.000000 1080.000000
0 967 0.557739 0.131944 0.032044 0.104630 0.711340 1654.000000 1080.000000
0 968 0.557739 0.131019 0.032044 0.104630 0.689080 1654.000000 1080.000000
0 969 0.557134 0.129167 0.032044 0.104630 0.704680 1654.000000 1080.000000
0 970 0.557134 0.128241 0.032044 0.104630 0.699810 1654.000000 1080.000000
0 971 0.556530 0.127315 0.032044 0.104630 0.697370 1654.000000 1080.000000
0 972 0.555925 0.126389 0.032044 0.104630 0.714420 1654.000000 1080.000000
0 973 0.555925 0.125463 0.032044 0.104630 0.709880 1654.000000 1080.000000
0 974 0.555320 0.124537 0.032044 0.104630 0.707600 1654.000000 1080.000000
0 975 0.554716 0.123611 0.032044 0.104630 0.728230 1654.000000 1080.000000
0 976 0.554716 0.122685 0.032044 0.104630 0.714750 1654.000000 1080.000000
0 977 0.554111 0.122685 0.032044 0.104630 0.707600 1654.000000 1080.000000
0 978 0.553809 0.121759 0.032648 0.104630 0.710530 1654.000000 1080.000000
0 979 0.553507 0.120833 0.032044 0.104630 0.716370 1654.000000 1080.000000
0 980 0.552902 0.119907 0.032044 0.104630 0.732290 1654.000000 1080.000000
0 981 0.552600 0.118981 0.032648 0.104630 0.718980 1654.000000 1080.000000
0 982 0.552297 0.118056 0.032044 0.104630 0.724820 1654.000000 1080.000000
0 983 0.551995 0.118056 0.032648 0.104630 0.719620 1654.000000 1080.000000
0 984 0.551391 0.117130 0.032648 0.104630 0.722490 1654.000000 1080.000000
0 985 0.551088 0.116204 0.032044 0.104630 0.740740 1654.000000 1080.000000
0 986 0.550786 0.115278 0.032648 0.104630 0.751520 1654.000000 1080.000000
0 987 0.550181 0.114352 0.032648 0.104630 0.757580 1654.000000 1080.000000
0 988 0.549879 0.113426 0.032044 0.104630 0.778430 1654.000000 1080.000000
0 989 0.549577 0.112500 0.032648 0.104630 0.788840 1654.000000 1080.000000
0 990 0.548972 0.112500 0.032648 0.104630 0.810530 1654.000000 1080.000000
0 991 0.548972 0.111574 0.032648 0.104630 0.803830 1654.000000 1080.000000
0 992 0.548368 0.110648 0.032648 0.104630 0.830460 1654.000000 1080.000000
0 993 0.547763 0.109722 0.032648 0.104630 0.855340 1654.000000 1080.000000
0 994 0.547763 0.108796 0.032648 0.104630 0.848800 1654.000000 1080.000000
0 995 0.547158 0.107870 0.032648 0.104630 0.875440 1654.000000 1080.000000
0 996 0.547158 0.107870 0.032648 0.104630 0.883410 1654.000000 1080.000000
0 997 0.546856 0.106944 0.032044 0.104630 0.895220 1654.000000 1080.000000
0 998 0.546856 0.106019 0.032044 0.104630 0.905460 1654.000000 1080.000000
0 999 0.546856 0.105093 0.032044 0.104630 0.914390 1654.000000 1080.000000
0 1000 0.546856 0.104167 0.032044 0.104630 0.924140 1654.000000 1080.000000
0 1001 0.546856 0.103241 0.032044 0.104630 0.907410 1654.000000 1080.000000
0 1002 0.546856 0.102315 0.032044 0.104630 0.905620 1654.000000 1080.000000
0 1003 0.546554 0.101389 0.031439 0.104630 0.922710 1654.000000 1080.000000
0 1004 0.546554 0.100463 0.031439 0.104630 0.905660 1654.000000 1080.000000
0 1005 0.546554 0.099537 0.031439 0.104630 0.905660 1654.000000 1080.000000
0 1006 0.546554 0.099537 0.031439 0.104630 0.903670 1654.000000 1080.000000
0 1007 0.546554 0.098611 0.031439 0.104630 0.886790 1654.000000 1080.000000
0 1008 0.546554 0.097685 0.031439 0.104630 0.886790 1654.000000 1080.000000
0 1009 0.546252 0.096759 0.030834 0.104630 0.903850 1654.000000 1080.000000
0 1010 0.546252 0.095833 0.030834 0.104630 0.903850 1654.000000 1080.000000
0 1011 0.546252 0.094907 0.030834 0.104630 0.884620 1654.000000 1080.000000
0 1012 0.546252 0.093981 0.030834 0.104630 0.884620 1654.000000 1080.000000
0 1013 0.546252 0.093056 0.030834 0.104630 0.865380 1654.000000 1080.000000
0 1014 0.546252 0.092130 0.030834 0.104630 0.865380 1654.000000 1080.000000
0 1015 0.545949 0.091204 0.030230 0.104630 0.882350 1654.000000 1080.000000
0 1016 0.545949 0.091204 0.030230 0.104630 0.862750 1654.000000 1080.000000
0 1017 0.545949 0.090278 0.030230 0.104630 0.862750 1654.000000 1080.000000
0 1018 0.545949 0.089352 0.030230 0.104630 0.862750 1654.000000 1080.000000
0 1019 0.545949 0.088426 0.030230 0.104630 0.843140 1654.000000 1080.000000
0 1020 0.545949 0.087500 0.030230 0.104630 0.843140 1654.000000 1080.000000
0 1021 0.545647 0.086574 0.029625 0.104630 0.860000 1654.000000 1080.000000
0 1022 0.545647 0.085648 0.029625 0.104630 0.840000 1654.000000 1080.000000
0 1023 0.545647 0.084722 0.029625 0.104630 0.840000 1654.000000 1080.000000
0 1024 0.545647 0.083796 0.029625 0.104630 0.840000 1654.000000 1080.000000
0 1025 0.545647 0.082870 0.029625 0.104630 0.820000 1654.000000 1080.000000
0 1026 0.545647 0.082870 0.029625 0.104630 0.820000 1654.000000 1080.000000
0 1027 0.545345 0.081944 0.029021 0.104630 0.836730 1654.000000 1080.000000
0 1028 0.545345 0.081019 0.029021 0.104630 0.816330 1654.000000 1080.000000
0 1029 0.545345 0.080093 0.029021 0.104630 0.816330 1654.000000 1080.000000
0 1030 0.545345 0.079167 0.029021 0.104630 0.816330 1654.000000 1080.000000
0 1031 0.545345 0.078241 0.029021 0.104630 0.795920 1654.000000 1080.000000
0 1032 0.545345 0.077315 0.029021 0.104630 0.795920 1654.000000 1080.000000
0 1033 0.545042 0.076389 0.028416 0.104630 0.812500 1654.000000 1080.000000
0 1034 0.545042 0.075463 0.028416 0.104630 0.791670 1654.000000 1080.000000
0 1035 0.545042 0.074537 0.028416 0.104630 0.791670 1654.000000 1080.000000
0 1036 0.545042 0.074537 0.028416 0.104630 1.000000 1654.000000 1080.000000
0 1037 0.545042 0.073611 0.028416 0.104630 1.000000 1654.000000 1080.000000
0 1038 0.545042 0.072685 0.028416 0.104630 1.000000 1654.000000 1080.000000
0 1039 0.544740 0.071759 0.027811 0.104630 1.000000 1654.000000 1080.000000
0 1040 0.544740 0.070833 0.027811 0.104630 1.000000 1654.000000 1080.000000
0 1041 0.544740 0.069907 0.027811 0.104630 1.000000 1654.000000 1080.000000
0 1042 0.544740 0.068981 0.027811 0.104630 1.000000 1654.000000 1080.000000
0 1043 0.544740 0.068056 0.027811 0.104630 1.000000 1654.000000 1080.000000
0 1044 0.544740 0.067130 0.027811 0.104630 1.000000 1654.000000 1080.000000
0 1045 0.544740 0.067130 0.027811 0.104630 1.000000 1654.000000 1080.000000
0 1046 0.544135 0.065741 0.027811 0.103704 1.000000 1654.000000 1080.000000
0 1047 0.544135 0.064815 0.027811 0.103704 1.000000 1654.000000 1080.000000
0 1048 0.543833 0.064352 0.027207 0.102778 1.000000 1654.000000 1080.000000
0 1049 0.543531 0.063426 0.027811 0.102778 1.000000 1654.000000 1080.000000
0 1050 0.543531 0.062500 0.027811 0.100926 0.829790 1654.000000 1080.000000
0 1051 0.543229 0.061574 0.027207 0.100926 0.847830 1654.000000 1080.000000
0 1052 0.542926 0.061111 0.027811 0.100000 0.851060 1654.000000 1080.000000
0 1053 0.542926 0.060185 0.027811 0.100000 0.851060 1654.000000 1080.000000
0 1054 0.542624 0.059722 0.027207 0.099074 0.869570 1654.000000 1080.000000
0 1055 0.542322 0.058333 0.027811 0.098148 0.872340 1654.000000 1080.000000
0 1056 0.542019 0.057407 0.027207 0.098148 0.891300 1654.000000 1080.000000
0 1057 0.542019 0.056944 0.027207 0.097222 0.869570 1654.000000 1080.000000
0 1058 0.541717 0.056019 0.027811 0.097222 1.000000 1654.000000 1080.000000
0 1059 0.541415 0.055093 0.027207 0.095370 1.000000 1654.000000 1080.000000
0 1060 0.541415 0.054167 0.027207 0.095370 1.000000 1654.000000 1080.000000
0 1061 0.541112 0.053704 0.027811 0.094444 1.000000 1654.000000 1080.000000
0 1062 0.540810 0.052778 0.027207 0.094444 1.000000 1654.000000 1080.000000
0 1063 0.540810 0.052315 0.027207 0.093519 1.000000 1654.000000 1080.000000
0 1064 0.540206 0.050926 0.027207 0.092593 1.000000 1654.000000 1080.000000
0 1065 0.540206 0.050000 0.027207 0.092593 1.000000 1654.000000 1080.000000
0 1066 0.540206 0.049537 0.027207 0.091667 1.000000 1654.000000 1080.000000
0 1067 0.539601 0.048611 0.027207 0.091667 1.000000 1654.000000 1080.000000
0 1068 0.539601 0.047685 0.027207 0.089815 1.000000 1654.000000 1080.000000
0 1069 0.539601 0.046759 0.027207 0.089815 1.000000 1654.000000 1080.000000
0 1070 0.538996 0.046296 0.027207 0.088889 1.000000 1654.000000 1080.000000
0 1071 0.538996 0.045370 0.027207 0.088889 1.000000 1654.000000 1080.000000
0 1072 0.538996 0.044907 0.027207 0.087963 1.000000 1654.000000 1080.000000
0 1073 0.537787 0.043981 0.027207 0.086111 1.000000 1654.000000 1080.000000
0 1074 0.537183 0.043056 0.027207 0.084259 1.000000 1654.000000 1080.000000
0 1075 0.536578 0.042130 0.027207 0.082407 1.000000 1654.000000 1080.000000
0 1076 0.535973 0.041204 0.027207 0.080556 1.000000 1654.000000 1080.000000
0 1077 0.535369 0.040741 0.027207 0.079630 1.000000 1654.000000 1080.000000
0 1078 0.534764 0.039815 0.027207 0.077778 1.000000 1654.000000 1080.000000
0 1079 0.534160 0.038889 0.027207 0.075926 1.000000 1654.000000 1080.000000
0 1080 0.533555 0.037963 0.027207 0.074074 1.000000 1654.000000 1080.000000
0 1081 0.532950 0.037500 0.027207 0.073148 1.000000 1654.000000 1080.000000
0 1082 0.532346 0.036574 0.027207 0.071296 1.000000 1654.000000 1080.000000
0 1083 0.531741 0.035648 0.027207 0.069444 1.000000 1654.000000 1080.000000
0 1084 0.531137 0.034722 0.027207 0.067593 1.000000 1654.000000 1080.000000
0 1085 0.530532 0.034259 0.027207 0.066667 1.000000 1654.000000 1080.000000
0 1086 0.529927 0.033333 0.027207 0.064815 1.000000 1654.000000 1080.000000
0 1087 0.529021 0.032407 0.027811 0.062963 1.000000 1654.000000 1080.000000
0 1088 0.528416 0.031481 0.027811 0.061111 1.000000 1654.000000 1080.000000
0 1089 0.527811 0.031019 0.027811 0.060185 1.000000 1654.000000 1080.000000
0 1090 0.527207 0.030093 0.027811 0.058333 1.000000 1654.000000 1080.000000
0 1091 0.526602 0.029167 0.027811 0.056481 1.000000 1654.000000 1080.000000
0 1092 0.525998 0.028241 0.027811 0.054630 1.000000 1654.000000 1080.000000
0 1093 0.525393 0.027778 0.027811 0.053704 1.000000 1654.000000 1080.000000
0 1094 0.524788 0.026852 0.027811 0.051852 1.000000 1654.000000 1080.000000
0 1095 0.524184 0.025926 0.027811 0.050000 1.000000 1654.000000 1080.000000
0 1096 0.523579 0.025000 0.027811 0.048148 1.000000 1654.000000 1080.000000
0 1097 0.522975 0.024537 0.027811 0.047222 1.000000 1654.000000 1080.000000
0 1098 0.522370 0.023611 0.027811 0.045370 1.000000 1654.000000 1080.000000
0 1099 0.521765 0.022685 0.027811 0.043519 1.000000 1654.000000 1080.000000
0 1100 0.521161 0.021759 0.027811 0.041667 1.000000 1654.000000 1080.000000
