0 43 0.109432 0.972685 0.029021 0.054630 0.000000 1654.000000 1080.000000
0 44 0.112152 0.971759 0.029625 0.056481 0.000000 1654.000000 1080.000000
0 45 0.114873 0.971759 0.030230 0.058333 0.000000 1654.000000 1080.000000
0 46 0.117594 0.970833 0.030834 0.060185 0.000000 1654.000000 1080.000000
0 47 0.120314 0.970370 0.031439 0.061111 0.148690 1654.000000 1080.000000
0 48 0.122733 0.968981 0.031439 0.063889 0.297570 1654.000000 1080.000000
0 49 0.125756 0.967593 0.031439 0.066667 0.465240 1654.000000 1080.000000
0 50 0.128779 0.966204 0.031439 0.069444 0.633070 1654.000000 1080.000000
0 51 0.131197 0.964815 0.031439 0.072222 0.782420 1654.000000 1080.000000
0 52 0.134220 0.963426 0.031439 0.075000 0.931890 1654.000000 1080.000000
0 53 0.137243 0.962037 0.031439 0.077778 0.988240 1654.000000 1080.000000
0 54 0.139661 0.960648 0.031439 0.080556 0.988640 1654.000000 1080.000000
0 55 0.142684 0.959259 0.031439 0.083333 0.989010 1654.000000 1080.000000
0 56 0.145707 0.957870 0.031439 0.086111 0.989360 1654.000000 1080.000000
0 57 0.148126 0.956481 0.031439 0.088889 0.989690 1654.000000 1080.000000
0 58 0.151149 0.955093 0.031439 0.091667 0.990000 1654.000000 1080.000000
0 59 0.154172 0.954167 0.031439 0.093519 0.990200 1654.000000 1080.000000
0 60 0.155985 0.952778 0.031439 0.096296 0.990480 1654.000000 1080.000000
0 61 0.157799 0.951389 0.031439 0.099074 0.990740 1654.000000 1080.000000
0 62 0.159613 0.950463 0.031439 0.100926 0.990910 1654.000000 1080.000000
0 63 0.161427 0.949074 0.031439 0.103704 0.991150 1654.000000 1080.000000
0 64 0.163845 0.948148 0.031439 0.105556 0.991300 1654.000000 1080.000000
0 65 0.166868 0.946759 0.031439 0.108333 0.991530 1654.000000 1080.000000
0 66 0.169891 0.945833 0.031439 0.110185 0.991670 1654.000000 1080.000000
0 67 0.172914 0.944907 0.031439 0.112037 0.991800 1654.000000 1080.000000
0 68 0.175937 0.943981 0.031439 0.113889 0.991940 1654.000000 1080.000000
0 69 0.179565 0.943056 0.031439 0.115741 0.992060 1654.000000 1080.000000
0 70 0.182588 0.942130 0.031439 0.117593 0.992190 1654.000000 1080.000000
0 71 0.185611 0.941204 0.031439 0.119444 0.992310 1654.000000 1080.000000
0 72 0.188634 0.940278 0.031439 0.121296 0.992420 1654.000000 1080.000000
0 73 0.191657 0.939352 0.031439 0.123148 0.992540 1654.000000 1080.000000
0 74 0.195284 0.938426 0.031439 0.125000 0.992650 1654.000000 1080.000000
0 75 0.197400 0.936574 0.032044 0.128704 0.992860 1654.000000 1080.000000
0 76 0.200121 0.935185 0.032648 0.131481 0.993010 1654.000000 1080.000000
0 77 0.202539 0.933796 0.032648 0.134259 0.993150 1654.000000 1080.000000
0 78 0.204958 0.931944 0.033857 0.137963 0.993330 1654.000000 1080.000000
0 79 0.207678 0.930556 0.034462 0.140741 0.993460 1654.000000 1080.000000
0 80 0.210097 0.929167 0.034462 0.143519 0.993590 1654.000000 1080.000000
0 81 0.212515 0.927315 0.035671 0.147222 0.993750 1654.000000 1080.000000
0 82 0.214933 0.925926 0.035671 0.150000 0.993870 1654.000000 1080.000000
0 83 0.217654 0.924537 0.036276 0.152778 0.993980 1654.000000 1080.000000
0 84 0.220073 0.922685 0.037485 0.156481 0.994120 1654.000000 1080.000000
0 85 0.222491 0.921296 0.037485 0.159259 0.994220 1654.000000 1080.000000
0 86 0.225212 0.919907 0.038089 0.162037 0.994320 1654.000000 1080.000000
0 87 0.227932 0.918519 0.038694 0.164815 0.994410 1654.000000 1080.000000
0 88 0.230048 0.916667 0.039299 0.164815 0.652280 1654.000000 1080.000000
0 89 0.232467 0.914815 0.040508 0.164815 0.660370 1654.000000 1080.000000
0 90 0.234583 0.912963 0.041112 0.164815 0.676140 1654.000000 1080.000000
0 91 0.237001 0.911111 0.042322 0.164815 0.683300 1654.000000 1080.000000
0 92 0.239117 0.909259 0.042926 0.164815 0.712680 1654.000000 1080.000000
0 93 0.241536 0.907407 0.044135 0.164815 0.692360 1654.000000 1080.000000
0 94 0.243652 0.905556 0.044740 0.164815 0.680450 1654.000000 1080.000000
0 95 0.246070 0.904630 0.045949 0.164815 0.660740 1654.000000 1080.000000
0 96 0.248489 0.901389 0.045949 0.165741 0.648480 1654.000000 1080.000000
0 97 0.251209 0.898148 0.046554 0.166667 0.631110 1654.000000 1080.000000
0 98 0.253930 0.894907 0.045949 0.167593 0.614100 1654.000000 1080.000000
0 99 0.256651 0.891667 0.046554 0.168519 0.609290 1654.000000 1080.000000
0 100 0.259674 0.888426 0.046554 0.169444 0.585420 1654.000000 1080.000000
0 101 0.262092 0.885648 0.046554 0.169444 0.571070 1654.000000 1080.000000
0 102 0.265115 0.882407 0.046554 0.170370 0.549690 1654.000000 1080.000000
0 103 0.267836 0.879167 0.047158 0.171296 0.531780 1654.000000 1080.000000
0 104 0.270556 0.875926 0.046554 0.172222 0.516520 1654.000000 1080.000000
0 105 0.273277 0.872685 0.047158 0.173148 0.499120 1654.000000 1080.000000
0 106 0.276300 0.869907 0.047158 0.173148 0.487480 1654.000000 1080.000000
0 107 0.277509 0.866667 0.047158 0.172222 0.499360 1654.000000 1080.000000
0 108 0.279323 0.863426 0.047158 0.171296 0.499590 1654.000000 1080.000000
0 109 0.281137 0.860648 0.047158 0.169444 0.508810 1654.000000 1080.000000
0 110 0.282950 0.857870 0.047158 0.169444 0.508810 1654.000000 1080.000000
0 111 0.284160 0.854630 0.047158 0.168519 0.535170 1654.000000 1080.000000
0 112 0.285973 0.851852 0.047158 0.166667 0.532830 1654.000000 1080.000000
0 113 0.287787 0.849074 0.047158 0.166667 0.544510 1654.000000 1080.000000
0 114 0.289601 0.846296 0.047158 0.164815 0.542180 1654.000000 1080.000000
0 115 0.290810 0.843056 0.047158 0.163889 0.565850 1654.000000 1080.000000
0 116 0.292624 0.840278 0.047158 0.163889 0.568480 1654.000000 1080.000000
0 117 0.294438 0.837500 0.047158 0.162037 0.577960 1654.000000 1080.000000
0 118 0.296252 0.834259 0.047158 0.161111 0.578160 1654.000000 1080.000000
0 119 0.298065 0.831944 0.047158 0.160185 0.587520 1654.000000 1080.000000
0 120 0.299879 0.829630 0.047158 0.161111 0.587340 1654.000000 1080.000000
0 121 0.302297 0.827778 0.047158 0.161111 0.587340 1654.000000 1080.000000
0 122 0.304716 0.826389 0.047158 0.162037 0.551780 1654.000000 1080.000000
0 123 0.307134 0.824537 0.047158 0.162037 0.528190 1654.000000 1080.000000
0 124 0.308948 0.822685 0.047158 0.162037 0.507620 1654.000000 1080.000000
0 125 0.311366 0.820833 0.047158 0.163889 0.486840 1654.000000 1080.000000
0 126 0.313785 0.818981 0.047158 0.163889 0.451860 1654.000000 1080.000000
0 127 0.316203 0.817130 0.047158 0.163889 0.432020 1654.000000 1080.000000
0 128 0.318017 0.815741 0.047158 0.164815 0.408530 1654.000000 1080.000000
0 129 0.320435 0.813889 0.047158 0.164815 0.389080 1654.000000 1080.000000
0 130 0.322854 0.812037 0.047158 0.164815 0.377550 1654.000000 1080.000000
0 131 0.325272 0.810185 0.047158 0.166667 0.373030 1654.000000 1080.000000
0 132 0.327086 0.808333 0.047158 0.166667 0.388210 1654.000000 1080.000000
0 133 0.329504 0.806481 0.047158 0.166667 0.380730 1654.000000 1080.000000
0 134 0.331923 0.805093 0.047158 0.167593 0.372930 1654.000000 1080.000000
0 135 0.334341 0.803241 0.047158 0.167593 0.376830 1654.000000 1080.000000
0 136 0.336759 0.801852 0.047158 0.168519 0.369160 1654.000000 1080.000000
0 137 0.337364 0.800463 0.047158 0.167593 0.391780 1654.000000 1080.000000
0 138 0.337969 0.799537 0.047158 0.167593 0.424950 1654.000000 1080.000000
0 139 0.338875 0.798148 0.046554 0.166667 0.436890 1654.000000 1080.000000
0 140 0.339480 0.797222 0.046554 0.166667 0.459410 1654.000000 1080.000000
0 141 0.340387 0.795833 0.047158 0.165741 0.488890 1654.000000 1080.000000
0 142 0.341294 0.794907 0.046554 0.165741 0.504840 1654.000000 1080.000000
0 143 0.341898 0.793981 0.046554 0.165741 0.527350 1654.000000 1080.000000
0 144 0.342503 0.792593 0.046554 0.164815 0.561450 1654.000000 1080.000000
0 145 0.343410 0.791667 0.045949 0.164815 0.578540 1654.000000 1080.000000
0 146 0.344317 0.790278 0.046554 0.163889 0.595510 1654.000000 1080.000000
0 147 0.344921 0.789352 0.046554 0.163889 0.629210 1654.000000 1080.000000
0 148 0.345828 0.787963 0.045949 0.162963 0.633720 1654.000000 1080.000000
0 149 0.346433 0.787037 0.045949 0.162963 0.656610 1654.000000 1080.000000
0 150 0.347642 0.786574 0.045949 0.162037 0.666170 1654.000000 1080.000000
0 151 0.349456 0.785648 0.045949 0.162037 0.666170 1654.000000 1080.000000
0 152 0.351270 0.785648 0.045949 0.162037 0.664030 1654.000000 1080.000000
0 153 0.353083 0.785648 0.045949 0.162037 0.650240 1654.000000 1080.000000
0 154 0.354897 0.784722 0.045949 0.162037 0.650240 1654.000000 1080.000000
0 155 0.356711 0.784722 0.045949 0.162037 0.648020 1654.000000 1080.000000
0 156 0.358525 0.784722 0.045949 0.162037 0.645810 1654.000000 1080.000000
0 157 0.360339 0.784722 0.045949 0.162037 0.643600 1654.000000 1080.000000
0 158 0.362152 0.783796 0.045949 0.162037 0.631710 1654.000000 1080.000000
0 159 0.363966 0.783796 0.045949 0.162037 0.629430 1654.000000 1080.000000
0 160 0.365780 0.783796 0.045949 0.162037 0.627140 1654.000000 1080.000000
0 161 0.367594 0.782870 0.045949 0.162037 0.627140 1654.000000 1080.000000
0 162 0.369407 0.782870 0.045949 0.162037 0.624850 1654.000000 1080.000000
0 163 0.371221 0.782870 0.045949 0.162037 0.622560 1654.000000 1080.000000
0 164 0.373337 0.782870 0.046554 0.162037 0.600960 1654.000000 1080.000000
0 165 0.374547 0.781019 0.046554 0.162037 0.615380 1654.000000 1080.000000
0 166 0.375756 0.779167 0.046554 0.162037 0.629660 1654.000000 1080.000000
0 167 0.376965 0.777778 0.046554 0.161111 0.629820 1654.000000 1080.000000
0 168 0.378476 0.775926 0.045949 0.161111 0.639330 1654.000000 1080.000000
0 169 0.379988 0.774537 0.046554 0.162037 0.645980 1654.000000 1080.000000
0 170 0.381197 0.773148 0.046554 0.161111 0.657950 1654.000000 1080.000000
0 171 0.382406 0.771296 0.046554 0.161111 0.660070 1654.000000 1080.000000
0 172 0.383918 0.769444 0.045949 0.161111 0.669610 1654.000000 1080.000000
0 173 0.385127 0.768056 0.045949 0.160185 0.681590 1654.000000 1080.000000
0 174 0.386638 0.766667 0.046554 0.161111 0.687470 1654.000000 1080.000000
0 175 0.387848 0.764815 0.046554 0.161111 0.689450 1654.000000 1080.000000
0 176 0.389359 0.763426 0.045949 0.160185 0.697270 1654.000000 1080.000000
0 177 0.390568 0.761574 0.045949 0.160185 0.710780 1654.000000 1080.000000
0 178 0.391778 0.759722 0.045949 0.160185 0.724140 1654.000000 1080.000000
0 179 0.393591 0.758796 0.045949 0.160185 0.712640 1654.000000 1080.000000
0 180 0.395405 0.757870 0.045949 0.160185 0.712640 1654.000000 1080.000000
0 181 0.397823 0.757870 0.045949 0.160185 0.699210 1654.000000 1080.000000
0 182 0.400242 0.756944 0.045949 0.160185 0.689660 1654.000000 1080.000000
0 183 0.402358 0.756944 0.046554 0.160185 0.666670 1654.000000 1080.000000
0 184 0.404776 0.756944 0.046554 0.160185 0.641390 1654.000000 1080.000000
0 185 0.407195 0.756019 0.046554 0.160185 0.618260 1654.000000 1080.000000
0 186 0.409613 0.756019 0.046554 0.160185 0.589960 1654.000000 1080.000000
0 187 0.411729 0.756019 0.047158 0.160185 0.569330 1654.000000 1080.000000
0 188 0.414148 0.755093 0.047158 0.160185 0.546050 1654.000000 1080.000000
0 189 0.416566 0.755093 0.047158 0.160185 0.519790 1654.000000 1080.000000
0 190 0.418984 0.755093 0.047158 0.160185 0.501960 1654.000000 1080.000000
0 191 0.420193 0.753241 0.047158 0.160185 0.505020 1654.000000 1080.000000
0 192 0.422007 0.751389 0.047158 0.160185 0.496360 1654.000000 1080.000000
0 193 0.423519 0.750000 0.046554 0.159259 0.490140 1654.000000 1080.000000
0 194 0.425333 0.748148 0.046554 0.159259 0.478290 1654.000000 1080.000000
0 195 0.427146 0.746296 0.046554 0.159259 0.469760 1654.000000 1080.000000
0 196 0.428658 0.744907 0.045949 0.158333 0.463150 1654.000000 1080.000000
0 197 0.430472 0.743056 0.045949 0.158333 0.454700 1654.000000 1080.000000
0 198 0.432285 0.741204 0.045949 0.158333 0.454700 1654.000000 1080.000000
0 199 0.433797 0.739815 0.045345 0.157407 0.447830 1654.000000 1080.000000
0 200 0.435611 0.737963 0.045345 0.157407 0.439440 1654.000000 1080.000000
0 201 0.437424 0.736111 0.045345 0.157407 0.431210 1654.000000 1080.000000
0 202 0.438936 0.734722 0.044740 0.156481 0.420240 1654.000000 1080.000000
0 203 0.440750 0.732870 0.044740 0.156481 0.412000 1654.000000 1080.000000
0 204 0.442563 0.731019 0.044740 0.156481 0.403920 1654.000000 1080.000000
0 205 0.444075 0.729630 0.044135 0.155556 0.408360 1654.000000 1080.000000
0 206 0.445889 0.727778 0.044135 0.155556 0.381660 1654.000000 1080.000000
0 207 0.447703 0.725926 0.044135 0.155556 0.361830 1654.000000 1080.000000
0 208 0.449214 0.724537 0.043531 0.154630 0.341410 1654.000000 1080.000000
0 209 0.451028 0.722685 0.043531 0.154630 0.324450 1654.000000 1080.000000
0 210 0.452842 0.721759 0.043531 0.154630 0.300150 1654.000000 1080.000000
0 211 0.452842 0.719907 0.043531 0.154630 0.317110 1654.000000 1080.000000
0 212 0.453144 0.718981 0.042926 0.154630 0.315310 1654.000000 1080.000000
0 213 0.453748 0.718056 0.042926 0.154630 0.322420 1654.000000 1080.000000
0 214 0.454051 0.717130 0.042322 0.154630 0.325370 1654.000000 1080.000000
0 215 0.454353 0.716204 0.042926 0.154630 0.330360 1654.000000 1080.000000
0 216 0.454655 0.715278 0.042322 0.154630 0.330990 1654.000000 1080.000000
0 217 0.454958 0.714352 0.041717 0.154630 0.344390 1654.000000 1080.000000
0 218 0.455562 0.713426 0.041717 0.154630 0.339540 1654.000000 1080.000000
0 219 0.455562 0.712037 0.041717 0.153704 0.350730 1654.000000 1080.000000
0 220 0.456167 0.711111 0.041717 0.153704 0.350730 1654.000000 1080.000000
0 221 0.456469 0.710185 0.041112 0.153704 0.360670 1654.000000 1080.000000
0 222 0.456771 0.709259 0.040508 0.153704 0.364560 1654.000000 1080.000000
0 223 0.457074 0.708333 0.041112 0.153704 0.372990 1654.000000 1080.000000
0 224 0.457376 0.707407 0.040508 0.153704 0.375130 1654.000000 1080.000000
0 225 0.457981 0.706481 0.040508 0.153704 0.384910 1654.000000 1080.000000
0 226 0.458283 0.705556 0.039903 0.153704 0.391550 1654.000000 1080.000000
0 227 0.458888 0.704630 0.039903 0.153704 0.386990 1654.000000 1080.000000
0 228 0.459492 0.702778 0.039903 0.153704 0.394580 1654.000000 1080.000000
0 229 0.460097 0.701852 0.039903 0.153704 0.407540 1654.000000 1080.000000
0 230 0.460701 0.700000 0.039903 0.153704 0.407540 1654.000000 1080.000000
0 231 0.461306 0.699074 0.039903 0.153704 0.410130 1654.000000 1080.000000
0 232 0.461911 0.697222 0.039903 0.153704 0.424170 1654.000000 1080.000000
0 233 0.462515 0.696296 0.039903 0.153704 0.423180 1654.000000 1080.000000
0 234 0.463120 0.694444 0.039903 0.153704 0.430600 1654.000000 1080.000000
0 235 0.463724 0.693519 0.039903 0.153704 0.426490 1654.000000 1080.000000
0 236 0.464329 0.691667 0.039903 0.153704 0.443650 1654.000000 1080.000000
0 237 0.464933 0.690741 0.039903 0.153704 0.443020 1654.000000 1080.000000
0 238 0.465538 0.688889 0.039903 0.153704 0.450000 1654.000000 1080.000000
0 239 0.466143 0.687963 0.039903 0.153704 0.459740 1654.000000 1080.000000
0 240 0.466747 0.686111 0.039903 0.153704 0.466710 1654.000000 1080.000000
0 241 0.467352 0.685185 0.039903 0.153704 0.466620 1654.000000 1080.000000
0 242 0.467956 0.683333 0.039903 0.153704 0.483600 1654.000000 1080.000000
0 243 0.468561 0.682407 0.039903 0.153704 0.483780 1654.000000 1080.000000
0 244 0.469166 0.680556 0.039903 0.153704 0.487170 1654.000000 1080.000000
0 245 0.469770 0.679630 0.039903 0.153704 0.493610 1654.000000 1080.000000
0 246 0.470375 0.677778 0.039903 0.153704 0.500670 1654.000000 1080.000000
0 247 0.470979 0.676852 0.039903 0.153704 0.497360 1654.000000 1080.000000
0 248 0.471584 0.675926 0.039903 0.153704 0.510950 1654.000000 1080.000000
0 249 0.471584 0.674074 0.039903 0.153704 0.524530 1654.000000 1080.000000
0 250 0.472189 0.673148 0.039903 0.153704 0.524530 1654.000000 1080.000000
0 251 0.472793 0.671296 0.039903 0.153704 0.538120 1654.000000 1080.000000
0 252 0.473398 0.670370 0.039903 0.153704 0.538120 1654.000000 1080.000000
0 253 0.474002 0.669444 0.039903 0.153704 0.535080 1654.000000 1080.000000
0 254 0.474607 0.667593 0.039903 0.153704 0.551700 1654.000000 1080.000000
0 255 0.475212 0.666667 0.039903 0.153704 0.548750 1654.000000 1080.000000
0 256 0.475816 0.664815 0.039903 0.153704 0.551700 1654.000000 1080.000000
0 257 0.475816 0.663889 0.039903 0.153704 0.562430 1654.000000 1080.000000
0 258 0.476421 0.662963 0.039903 0.153704 0.576100 1654.000000 1080.000000
0 259 0.477025 0.661111 0.039903 0.153704 0.576100 1654.000000 1080.000000
0 260 0.477630 0.660185 0.039903 0.153704 0.576100 1654.000000 1080.000000
0 261 0.478235 0.659259 0.039903 0.153704 0.587090 1654.000000 1080.000000
0 262 0.478839 0.657407 0.039903 0.153704 0.589780 1654.000000 1080.000000
0 263 0.479444 0.656481 0.039903 0.153704 0.587090 1654.000000 1080.000000
0 264 0.480048 0.654630 0.039903 0.153704 0.603450 1654.000000 1080.000000
0 265 0.480653 0.653704 0.039903 0.153704 0.600860 1654.000000 1080.000000
0 266 0.480653 0.652778 0.039903 0.153704 0.614620 1654.000000 1080.000000
0 267 0.481258 0.650926 0.039903 0.153704 0.628390 1654.000000 1080.000000
0 268 0.481862 0.650000 0.039903 0.153704 0.628390 1654.000000 1080.000000
0 269 0.482467 0.648148 0.039903 0.153704 0.628390 1654.000000 1080.000000
0 270 0.483071 0.647222 0.039903 0.153704 0.642150 1654.000000 1080.000000
0 271 0.483676 0.646296 0.039903 0.153704 0.639820 1654.000000 1080.000000
0 272 0.484281 0.644444 0.039903 0.153704 0.642150 1654.000000 1080.000000
0 273 0.484885 0.643519 0.039903 0.153704 0.653680 1654.000000 1080.000000
0 274 0.485490 0.642593 0.039903 0.153704 0.653680 1654.000000 1080.000000
0 275 0.486094 0.641667 0.039903 0.153704 0.651440 1654.000000 1080.000000
0 276 0.486699 0.640741 0.039903 0.153704 0.665390 1654.000000 1080.000000
0 277 0.487304 0.639815 0.039903 0.153704 0.663240 1654.000000 1080.000000
0 278 0.487908 0.639815 0.039903 0.153704 0.661100 1654.000000 1080.000000
0 279 0.488513 0.638889 0.039903 0.153704 0.661100 1654.000000 1080.000000
0 280 0.489117 0.637963 0.039903 0.153704 0.661100 1654.000000 1080.000000
0 281 0.489722 0.637037 0.039903 0.153704 0.675220 1654.000000 1080.000000
0 282 0.490326 0.637037 0.039903 0.153704 0.673160 1654.000000 1080.000000
0 283 0.491536 0.636111 0.039903 0.153704 0.658950 1654.000000 1080.000000
0 284 0.492140 0.635185 0.039903 0.153704 0.658950 1654.000000 1080.000000
0 285 0.492745 0.635185 0.039903 0.153704 0.656810 1654.000000 1080.000000
0 286 0.493349 0.634259 0.039903 0.153704 0.671110 1654.000000 1080.000000
0 287 0.493954 0.633333 0.039903 0.153704 0.671110 1654.000000 1080.000000
0 288 0.494559 0.632407 0.039903 0.153704 0.671110 1654.000000 1080.000000
0 289 0.495163 0.632407 0.039903 0.153704 0.669050 1654.000000 1080.000000
0 290 0.495768 0.631481 0.039903 0.153704 0.669050 1654.000000 1080.000000
0 291 0.496977 0.630556 0.039903 0.153704 0.669050 1654.000000 1080.000000
0 292 0.497582 0.630556 0.039903 0.153704 0.666990 1654.000000 1080.000000
0 293 0.498186 0.629630 0.039903 0.153704 0.666990 1654.000000 1080.000000
0 294 0.498791 0.628704 0.039903 0.153704 0.661100 1654.000000 1080.000000
0 295 0.499395 0.627778 0.039903 0.153704 0.661100 1654.000000 1080.000000
0 296 0.500000 0.627778 0.039903 0.153704 0.661810 1654.000000 1080.000000
0 297 0.500605 0.626852 0.039903 0.153704 0.661810 1654.000000 1080.000000
0 298 0.501209 0.625926 0.039903 0.153704 0.655550 1654.000000 1080.000000
0 299 0.502418 0.625926 0.039903 0.153704 0.638570 1654.000000 1080.000000
0 300 0.502418 0.624074 0.039903 0.153704 0.649830 1654.000000 1080.000000
0 301 0.503023 0.622685 0.039903 0.152778 0.657440 1654.000000 1080.000000
0 302 0.503628 0.620833 0.039903 0.152778 0.661570 1654.000000 1080.000000
0 303 0.504837 0.619907 0.039903 0.152778 0.655010 1654.000000 1080.000000
0 304 0.505441 0.618981 0.039903 0.152778 0.647550 1654.000000 1080.000000
0 305 0.506651 0.617593 0.039903 0.151852 0.641340 1654.000000 1080.000000
0 306 0.507557 0.616204 0.039299 0.152778 0.631430 1654.000000 1080.000000
0 307 0.508464 0.615278 0.039903 0.152778 0.629290 1654.000000 1080.000000
0 308 0.509371 0.613889 0.039299 0.151852 0.622960 1654.000000 1080.000000
0 309 0.510580 0.612963 0.039299 0.151852 0.609730 1654.000000 1080.000000
0 310 0.511185 0.611574 0.039299 0.152778 0.607430 1654.000000 1080.000000
0 311 0.512394 0.610185 0.039299 0.151852 0.597610 1654.000000 1080.000000
0 312 0.512999 0.609259 0.039299 0.151852 0.593300 1654.000000 1080.000000
0 313 0.514208 0.608333 0.039299 0.151852 0.581270 1654.000000 1080.000000
0 314 0.515115 0.606481 0.038694 0.151852 0.578830 1654.000000 1080.000000
0 315 0.516022 0.605556 0.039299 0.151852 0.582640 1654.000000 1080.000000
0 316 0.516929 0.604630 0.038694 0.151852 0.570630 1654.000000 1080.000000
0 317 0.518138 0.603704 0.038694 0.151852 0.562980 1654.000000 1080.000000
0 318 0.518742 0.602778 0.038694 0.151852 0.565220 1654.000000 1080.000000
0 319 0.519347 0.601852 0.038694 0.151852 0.561490 1654.000000 1080.000000
0 320 0.519952 0.600926 0.038694 0.151852 0.563640 1654.000000 1080.000000
0 321 0.520859 0.600000 0.039299 0.151852 0.555560 1654.000000 1080.000000
0 322 0.521463 0.599074 0.039299 0.151852 0.551520 1654.000000 1080.000000
0 323 0.522068 0.598148 0.039299 0.151852 0.547290 1654.000000 1080.000000
0 324 0.522672 0.597222 0.039299 0.151852 0.545360 1654.000000 1080.000000
0 325 0.523881 0.596296 0.039299 0.151852 0.536820 1654.000000 1080.000000
0 326 0.524486 0.595370 0.039299 0.151852 0.530950 1654.000000 1080.000000
0 327 0.525091 0.594444 0.039299 0.151852 0.530950 1654.000000 1080.000000
0 328 0.525695 0.593519 0.039299 0.151852 0.522770 1654.000000 1080.000000
0 329 0.526602 0.592593 0.039903 0.151852 0.517770 1654.000000 1080.000000
0 330 0.527207 0.591667 0.039903 0.151852 0.512260 1654.000000 1080.000000
0 331 0.527811 0.590741 0.039903 0.151852 0.509720 1654.000000 1080.000000
0 332 0.529021 0.590741 0.039903 0.151852 0.496340 1654.000000 1080.000000
0 333 0.529927 0.588889 0.039299 0.151852 0.496140 1654.000000 1080.000000
0 334 0.531137 0.587963 0.039299 0.151852 0.483200 1654.000000 1080.000000
0 335 0.532346 0.587037 0.039299 0.151852 0.472540 1654.000000 1080.000000
0 336 0.533555 0.586111 0.039299 0.151852 0.462440 1654.000000 1080.000000
0 337 0.534462 0.585185 0.038694 0.151852 0.455480 1654.000000 1080.000000
0 338 0.535671 0.584259 0.038694 0.151852 0.447740 1654.000000 1080.000000
0 339 0.536880 0.582870 0.038694 0.150926 0.437430 1654.000000 1080.000000
0 340 0.538089 0.581944 0.038694 0.150926 0.426740 1654.000000 1080.000000
0 341 0.538996 0.581019 0.038089 0.150926 0.430830 1654.000000 1080.000000
0 342 0.540206 0.580093 0.038089 0.150926 0.417680 1654.000000 1080.000000
0 343 0.541415 0.579167 0.038089 0.150926 0.406630 1654.000000 1080.000000
0 344 0.542926 0.578241 0.037485 0.150926 0.388110 1654.000000 1080.000000
0 345 0.543531 0.577315 0.037485 0.150926 0.390050 1654.000000 1080.000000
0 346 0.544135 0.577315 0.037485 0.150926 0.383760 1654.000000 1080.000000
0 347 0.544740 0.576852 0.037485 0.151852 0.384320 1654.000000 1080.000000
0 348 0.545345 0.576389 0.037485 0.150926 0.380180 1654.000000 1080.000000
0 349 0.545949 0.576389 0.037485 0.150926 0.388110 1654.000000 1080.000000
0 350 0.546554 0.575926 0.037485 0.151852 0.374990 1654.000000 1080.000000
0 351 0.547158 0.575463 0.037485 0.150926 0.372050 1654.000000 1080.000000
0 352 0.547763 0.575000 0.037485 0.151852 0.372390 1654.000000 1080.000000
0 353 0.548368 0.575000 0.037485 0.151852 0.367580 1654.000000 1080.000000
0 354 0.548972 0.574537 0.037485 0.150926 0.354340 1654.000000 1080.000000
0 355 0.549577 0.574074 0.037485 0.151852 0.355270 1654.000000 1080.000000
0 356 0.550181 0.574074 0.037485 0.151852 0.348920 1654.000000 1080.000000
0 357 0.550786 0.573611 0.037485 0.150926 0.351050 1654.000000 1080.000000
0 358 0.551391 0.573148 0.037485 0.151852 0.339680 1654.000000 1080.000000
0 359 0.551995 0.573148 0.037485 0.151852 0.333620 1654.000000 1080.000000
0 360 0.552600 0.572222 0.037485 0.151852 0.336510 1654.000000 1080.000000
0 361 0.553204 0.572222 0.037485 0.151852 0.331890 1654.000000 1080.000000
0 362 0.553809 0.572222 0.037485 0.151852 0.315730 1654.000000 1080.000000
0 363 0.554414 0.571296 0.037485 0.151852 0.317850 1654.000000 1080.000000
0 364 0.555018 0.571296 0.037485 0.151852 0.311780 1654.000000 1080.000000
0 365 0.555925 0.571296 0.036880 0.151852 0.303910 1654.000000 1080.000000
0 366 0.556530 0.569444 0.036880 0.151852 0.303620 1654.000000 1080.000000
0 367 0.557739 0.567593 0.036880 0.151852 0.300490 1654.000000 1080.000000
0 368 0.558948 0.566667 0.036880 0.151852 0.295890 1654.000000 1080.000000
0 369 0.560157 0.564815 0.036880 0.151852 0.294620 1654.000000 1080.000000
0 370 0.561366 0.563426 0.036880 0.150926 0.291700 1654.000000 1080.000000
0 371 0.562576 0.562037 0.036880 0.151852 0.283090 1654.000000 1080.000000
0 372 0.563785 0.560648 0.036880 0.150926 0.275770 1654.000000 1080.000000
0 373 0.564389 0.558796 0.036880 0.150926 0.283730 1654.000000 1080.000000
0 374 0.565599 0.557407 0.036880 0.151852 0.272730 1654.000000 1080.000000
0 375 0.566808 0.556019 0.036880 0.150926 0.263380 1654.000000 1080.000000
0 376 0.568017 0.554167 0.036880 0.150926 0.260420 1654.000000 1080.000000
0 377 0.569226 0.553241 0.036880 0.150926 0.245280 1654.000000 1080.000000
0 378 0.570435 0.551389 0.036880 0.150926 0.242330 1654.000000 1080.000000
0 379 0.571644 0.550463 0.036880 0.150926 0.231810 1654.000000 1080.000000
0 380 0.572249 0.548611 0.036880 0.150926 0.236430 1654.000000 1080.000000
0 381 0.573458 0.547685 0.036880 0.150926 0.222860 1654.000000 1080.000000
0 382 0.574365 0.546759 0.037485 0.150926 0.219510 1654.000000 1080.000000
0 383 0.575272 0.544907 0.036880 0.150926 0.218730 1654.000000 1080.000000
0 384 0.576481 0.543981 0.036880 0.150926 0.203780 1654.000000 1080.000000
0 385 0.577388 0.543056 0.037485 0.150926 0.200930 1654.000000 1080.000000
0 386 0.578295 0.542130 0.036880 0.150926 0.193840 1654.000000 1080.000000
0 387 0.579504 0.540278 0.036880 0.150926 0.185090 1654.000000 1080.000000
0 388 0.580411 0.539352 0.037485 0.150926 0.183700 1654.000000 1080.000000
0 389 0.581318 0.538426 0.036880 0.150926 0.175450 1654.000000 1080.000000
0 390 0.582225 0.537500 0.037485 0.150926 0.182730 1654.000000 1080.000000
0 391 0.583434 0.535648 0.037485 0.150926 0.177120 1654.000000 1080.000000
0 392 0.584341 0.534722 0.036880 0.150926 0.172110 1654.000000 1080.000000
0 393 0.585248 0.533796 0.037485 0.150926 0.168890 1654.000000 1080.000000
0 394 0.586457 0.532870 0.037485 0.150926 0.168990 1654.000000 1080.000000
0 395 0.587364 0.531019 0.036880 0.150926 0.171030 1654.000000 1080.000000
0 396 0.588271 0.530093 0.037485 0.150926 0.168220 1654.000000 1080.000000
0 397 0.589480 0.529167 0.037485 0.150926 0.166960 1654.000000 1080.000000
0 398 0.590689 0.528241 0.037485 0.150926 0.172760 1654.000000 1080.000000
0 399 0.591294 0.526389 0.037485 0.150926 0.178570 1654.000000 1080.000000
0 400 0.592503 0.525463 0.037485 0.150926 0.178570 1654.000000 1080.000000
0 401 0.593410 0.523611 0.036880 0.150926 0.181450 1654.000000 1080.000000
0 402 0.594619 0.522685 0.036880 0.150926 0.185880 1654.000000 1080.000000
0 403 0.595526 0.520833 0.036276 0.150926 0.193520 1654.000000 1080.000000
0 404 0.596433 0.519907 0.036880 0.150926 0.193450 1654.000000 1080.000000
0 405 0.597340 0.518981 0.036276 0.150926 0.193420 1654.000000 1080.000000
0 406 0.598549 0.517130 0.036276 0.150926 0.205520 1654.000000 1080.000000
0 407 0.599456 0.516204 0.035671 0.150926 0.196850 1654.000000 1080.000000
0 408 0.600665 0.514352 0.035671 0.150926 0.196850 1654.000000 1080.000000
0 409 0.601572 0.513426 0.035067 0.150926 0.194300 1654.000000 1080.000000
0 410 0.602479 0.512500 0.035671 0.150926 0.188110 1654.000000 1080.000000
0 411 0.603386 0.510648 0.035067 0.150926 0.194300 1654.000000 1080.000000
0 412 0.604595 0.509722 0.035067 0.150926 0.189950 1654.000000 1080.000000
0 413 0.605502 0.507870 0.034462 0.150926 0.193650 1654.000000 1080.000000
0 414 0.606711 0.506944 0.034462 0.150926 0.180820 1654.000000 1080.000000
0 415 0.607920 0.506019 0.034462 0.150926 0.180820 1654.000000 1080.000000
0 416 0.609129 0.504167 0.034462 0.150926 0.182510 1654.000000 1080.000000
0 417 0.610339 0.503241 0.034462 0.150926 0.169580 1654.000000 1080.000000
0 418 0.611548 0.501389 0.034462 0.150926 0.169580 1654.000000 1080.000000
0 419 0.613362 0.500463 0.034462 0.150926 0.156640 1654.000000 1080.000000
0 420 0.614571 0.498611 0.034462 0.150926 0.161270 1654.000000 1080.000000
0 421 0.615780 0.497685 0.034462 0.150926 0.149810 1654.000000 1080.000000
0 422 0.616989 0.495833 0.034462 0.150926 0.149810 1654.000000 1080.000000
0 423 0.618803 0.494907 0.034462 0.150926 0.136880 1654.000000 1080.000000
0 424 0.620012 0.493056 0.034462 0.150926 0.141720 1654.000000 1080.000000
0 425 0.621221 0.492130 0.034462 0.150926 0.130050 1654.000000 1080.000000
0 426 0.622430 0.490278 0.034462 0.150926 0.134990 1654.000000 1080.000000
0 427 0.624244 0.489352 0.034462 0.150926 0.122160 1654.000000 1080.000000
0 428 0.625453 0.487500 0.034462 0.150926 0.127210 1654.000000 1080.000000
0 429 0.626663 0.486574 0.034462 0.150926 0.121110 1654.000000 1080.000000
0 430 0.627872 0.484722 0.034462 0.150926 0.127210 1654.000000 1080.000000
0 431 0.629686 0.483796 0.034462 0.150926 0.122160 1654.000000 1080.000000
0 432 0.629686 0.481944 0.034462 0.150926 0.138350 1654.000000 1080.000000
0 433 0.629988 0.480093 0.035067 0.150926 0.150990 1654.000000 1080.000000
0 434 0.630290 0.479167 0.034462 0.150926 0.157280 1654.000000 1080.000000
0 435 0.630593 0.477315 0.035067 0.150926 0.176110 1654.000000 1080.000000
0 436 0.630895 0.475463 0.034462 0.150926 0.192600 1654.000000 1080.000000
0 437 0.631197 0.474537 0.035067 0.150926 0.201010 1654.000000 1080.000000
0 438 0.631499 0.472685 0.034462 0.150926 0.216990 1654.000000 1080.000000
0 439 0.631802 0.470833 0.035067 0.150926 0.231600 1654.000000 1080.000000
0 440 0.632104 0.469907 0.034462 0.150926 0.239700 1654.000000 1080.000000
0 441 0.632406 0.468056 0.035067 0.150926 0.257850 1654.000000 1080.000000
0 442 0.632709 0.467130 0.034462 0.150926 0.257360 1654.000000 1080.000000
0 443 0.633011 0.465278 0.035067 0.150926 0.275420 1654.000000 1080.000000
0 444 0.633313 0.463426 0.034462 0.150926 0.281540 1654.000000 1080.000000
0 445 0.633615 0.462500 0.035067 0.150926 0.290510 1654.000000 1080.000000
0 446 0.633918 0.460648 0.034462 0.150926 0.297100 1654.000000 1080.000000
0 447 0.634220 0.458796 0.035067 0.150926 0.314800 1654.000000 1080.000000
0 448 0.634522 0.457870 0.034462 0.150926 0.315710 1654.000000 1080.000000
0 449 0.634825 0.456019 0.035067 0.150926 0.333200 1654.000000 1080.000000
0 450 0.635429 0.455093 0.035067 0.150926 0.327300 1654.000000 1080.000000
0 451 0.636034 0.454167 0.035067 0.150926 0.334640 1654.000000 1080.000000
0 452 0.636638 0.453241 0.035067 0.150926 0.331850 1654.000000 1080.000000
0 453 0.637243 0.452315 0.035067 0.150926 0.339400 1654.000000 1080.000000
0 454 0.638452 0.451389 0.035067 0.150926 0.326270 1654.000000 1080.000000
0 455 0.639057 0.450463 0.035067 0.150926 0.334130 1654.000000 1080.000000
0 456 0.639661 0.449537 0.035067 0.150926 0.331540 1654.000000 1080.000000
0 457 0.640266 0.448611 0.035067 0.150926 0.339500 1654.000000 1080.000000
0 458 0.641475 0.447685 0.035067 0.150926 0.325550 1654.000000 1080.000000
0 459 0.642080 0.446759 0.035067 0.150926 0.333710 1654.000000 1080.000000
0 460 0.642684 0.445833 0.035067 0.150926 0.341880 1654.000000 1080.000000
0 461 0.643289 0.444907 0.035067 0.150926 0.331440 1654.000000 1080.000000
0 462 0.644498 0.443981 0.035067 0.150926 0.312420 1654.000000 1080.000000
0 463 0.645103 0.443056 0.035067 0.150926 0.312630 1654.000000 1080.000000
0 464 0.645707 0.442130 0.035067 0.150926 0.304670 1654.000000 1080.000000
0 465 0.646312 0.441204 0.035067 0.150926 0.296710 1654.000000 1080.000000
0 466 0.647521 0.441204 0.035067 0.150926 0.282860 1654.000000 1080.000000
0 467 0.646917 0.438889 0.035067 0.150000 0.296250 1654.000000 1080.000000
0 468 0.646917 0.437500 0.035067 0.149074 0.306340 1654.000000 1080.000000
0 469 0.646917 0.436111 0.035067 0.148148 0.308240 1654.000000 1080.000000
0 470 0.646917 0.434722 0.035067 0.147222 0.310170 1654.000000 1080.000000
0 471 0.646312 0.432870 0.035067 0.145370 0.328040 1654.000000 1080.000000
0 472 0.646312 0.431019 0.035067 0.145370 0.334370 1654.000000 1080.000000
0 473 0.646312 0.429630 0.035067 0.144444 0.336500 1654.000000 1080.000000
0 474 0.646312 0.428241 0.035067 0.143519 0.347350 1654.000000 1080.000000
0 475 0.645707 0.426389 0.035067 0.141667 0.360330 1654.000000 1080.000000
0 476 0.645707 0.425000 0.035067 0.140741 0.372770 1654.000000 1080.000000
0 477 0.645707 0.423148 0.035067 0.140741 0.376430 1654.000000 1080.000000
0 478 0.645707 0.421759 0.035067 0.139815 0.378900 1654.000000 1080.000000
0 479 0.645103 0.419907 0.035067 0.137963 0.401690 1654.000000 1080.000000
0 480 0.645103 0.418519 0.035067 0.137037 0.404390 1654.000000 1080.000000
0 481 0.645103 0.417130 0.035067 0.136111 0.417890 1654.000000 1080.000000
0 482 0.645103 0.415741 0.035067 0.135185 0.420730 1654.000000 1080.000000
0 483 0.645103 0.412963 0.035067 0.135185 0.434340 1654.000000 1080.000000
0 484 0.645103 0.411111 0.035067 0.135185 0.450590 1654.000000 1080.000000
0 485 0.645103 0.409259 0.035067 0.135185 0.457400 1654.000000 1080.000000
0 486 0.645707 0.406481 0.035067 0.135185 0.462240 1654.000000 1080.000000
0 487 0.645707 0.404630 0.035067 0.135185 0.479300 1654.000000 1080.000000
0 488 0.645707 0.402778 0.035067 0.135185 0.486110 1654.000000 1080.000000
0 489 0.645707 0.400926 0.035067 0.135185 0.491990 1654.000000 1080.000000
0 490 0.646312 0.398148 0.035067 0.135185 0.506510 1654.000000 1080.000000
0 491 0.646312 0.396296 0.035067 0.135185 0.512390 1654.000000 1080.000000
0 492 0.646312 0.394444 0.035067 0.135185 0.532340 1654.000000 1080.000000
0 493 0.646312 0.392593 0.035067 0.135185 0.539140 1654.000000 1080.000000
0 494 0.646917 0.389815 0.035067 0.135185 0.543300 1654.000000 1080.000000
0 495 0.646917 0.387963 0.035067 0.135185 0.561280 1654.000000 1080.000000
0 496 0.646917 0.386111 0.035067 0.135185 0.566930 1654.000000 1080.000000
0 497 0.646917 0.384259 0.035067 0.135185 0.573730 1654.000000 1080.000000
0 498 0.647521 0.381481 0.035067 0.135185 0.592180 1654.000000 1080.000000
0 499 0.647521 0.379630 0.035067 0.135185 0.597720 1654.000000 1080.000000
0 500 0.647521 0.377778 0.035067 0.135185 0.604520 1654.000000 1080.000000
0 501 0.648126 0.375926 0.035067 0.135185 0.612940 1654.000000 1080.000000
0 502 0.647521 0.374074 0.035067 0.135185 0.628040 1654.000000 1080.000000
0 503 0.647521 0.372685 0.035067 0.134259 0.643840 1654.000000 1080.000000
0 504 0.647521 0.371296 0.035067 0.135185 0.634960 1654.000000 1080.000000
0 505 0.647521 0.369907 0.035067 0.134259 0.639310 1654.000000 1080.000000
0 506 0.647521 0.368519 0.035067 0.135185 0.640260 1654.000000 1080.000000
0 507 0.647521 0.367130 0.035067 0.134259 0.644180 1654.000000 1080.000000
0 508 0.647521 0.365741 0.035067 0.135185 0.638420 1654.000000 1080.000000
0 509 0.647521 0.364352 0.035067 0.134259 0.644530 1654.000000 1080.000000
0 510 0.647521 0.362963 0.035067 0.135185 0.647300 1654.000000 1080.000000
0 511 0.647521 0.361574 0.035067 0.134259 0.651730 1654.000000 1080.000000
0 512 0.647521 0.360185 0.035067 0.135185 0.645910 1654.000000 1080.000000
0 513 0.647521 0.358796 0.035067 0.134259 0.651500 1654.000000 1080.000000
0 514 0.647521 0.357407 0.035067 0.135185 0.656060 1654.000000 1080.000000
0 515 0.647521 0.356019 0.035067 0.134259 0.664960 1654.000000 1080.000000
0 516 0.647521 0.354630 0.035067 0.135185 0.664820 1654.000000 1080.000000
0 517 0.647521 0.353241 0.035067 0.134259 0.661370 1654.000000 1080.000000
0 518 0.647521 0.351852 0.035067 0.135185 0.663780 1654.000000 1080.000000
0 519 0.647521 0.350463 0.035067 0.134259 0.668560 1654.000000 1080.000000
0 520 0.647521 0.349537 0.035067 0.134259 0.671000 1654.000000 1080.000000
0 521 0.646917 0.348611 0.035067 0.134259 0.668330 1654.000000 1080.000000
0 522 0.646312 0.347685 0.035067 0.134259 0.676690 1654.000000 1080.000000
0 523 0.645707 0.346759 0.035067 0.134259 0.687020 1654.000000 1080.000000
0 524 0.645707 0.345833 0.035067 0.134259 0.689460 1654.000000 1080.000000
0 525 0.645103 0.344907 0.035067 0.134259 0.697930 1654.000000 1080.000000
0 526 0.644498 0.343981 0.035067 0.134259 0.692940 1654.000000 1080.000000
0 527 0.644498 0.343056 0.035067 0.134259 0.680640 1654.000000 1080.000000
0 528 0.643894 0.342130 0.035067 0.134259 0.678780 1654.000000 1080.000000
0 529 0.643289 0.341667 0.035067 0.135185 0.669660 1654.000000 1080.000000
0 530 0.642684 0.340741 0.035067 0.135185 0.667130 1654.000000 1080.000000
0 531 0.642684 0.339815 0.035067 0.135185 0.651910 1654.000000 1080.000000
0 532 0.642080 0.338889 0.035067 0.135185 0.649490 1654.000000 1080.000000
0 533 0.641475 0.337963 0.035067 0.135185 0.642680 1654.000000 1080.000000
0 534 0.641475 0.337037 0.035067 0.135185 0.632080 1654.000000 1080.000000
0 535 0.640871 0.336111 0.035067 0.135185 0.638070 1654.000000 1080.000000
0 536 0.640266 0.335185 0.035067 0.135185 0.633690 1654.000000 1080.000000
0 537 0.640266 0.335185 0.035067 0.135185 0.616050 1654.000000 1080.000000
0 538 0.640266 0.334259 0.035067 0.135185 0.602910 1654.000000 1080.000000
0 539 0.640266 0.333333 0.035067 0.135185 0.589880 1654.000000 1080.000000
0 540 0.640266 0.333333 0.035067 0.135185 0.569700 1654.000000 1080.000000
0 541 0.640266 0.332407 0.035067 0.135185 0.558750 1654.000000 1080.000000
0 542 0.640266 0.331481 0.035067 0.135185 0.545020 1654.000000 1080.000000
0 543 0.640266 0.331481 0.035067 0.135185 0.527150 1654.000000 1080.000000
0 544 0.640266 0.330556 0.035067 0.135185 0.513090 1654.000000 1080.000000
0 545 0.640266 0.330556 0.035067 0.135185 0.506510 1654.000000 1080.000000
0 546 0.640266 0.329630 0.035067 0.135185 0.493370 1654.000000 1080.000000
0 547 0.640266 0.328704 0.035067 0.135185 0.484720 1654.000000 1080.000000
0 548 0.640266 0.328704 0.035067 0.135185 0.478500 1654.000000 1080.000000
0 549 0.640266 0.327778 0.035067 0.135185 0.469960 1654.000000 1080.000000
0 550 0.640266 0.326852 0.035067 0.135185 0.469960 1654.000000 1080.000000
0 551 0.640266 0.326852 0.035067 0.135185 0.449440 1654.000000 1080.000000
0 552 0.640266 0.325926 0.035067 0.135185 0.452210 1654.000000 1080.000000
0 553 0.640266 0.325926 0.035067 0.135185 0.436870 1654.000000 1080.000000
0 554 0.639661 0.325000 0.035067 0.135185 0.446670 1654.000000 1080.000000
0 555 0.639661 0.325000 0.035067 0.135185 0.431450 1654.000000 1080.000000
0 556 0.639661 0.324074 0.035067 0.135185 0.431450 1654.000000 1080.000000
0 557 0.639661 0.324074 0.035067 0.135185 0.411280 1654.000000 1080.000000
0 558 0.639661 0.323148 0.035067 0.135185 0.398590 1654.000000 1080.000000
0 559 0.639661 0.323148 0.035067 0.135185 0.394900 1654.000000 1080.000000
0 560 0.639661 0.322222 0.035067 0.135185 0.382340 1654.000000 1080.000000
0 561 0.639057 0.322222 0.035067 0.135185 0.386950 1654.000000 1080.000000
0 562 0.639057 0.321296 0.035067 0.135185 0.370460 1654.000000 1080.000000
0 563 0.639057 0.321296 0.035067 0.135185 0.367000 1654.000000 1080.000000
0 564 0.639057 0.320370 0.035067 0.135185 0.354430 1654.000000 1080.000000
0 565 0.639057 0.320370 0.035067 0.135185 0.351090 1654.000000 1080.000000
0 566 0.639057 0.319444 0.035067 0.135185 0.338640 1654.000000 1080.000000
0 567 0.639057 0.319444 0.035067 0.135185 0.337250 1654.000000 1080.000000
0 568 0.638452 0.318519 0.035067 0.135185 0.332640 1654.000000 1080.000000
0 569 0.638452 0.318519 0.035067 0.135185 0.325840 1654.000000 1080.000000
0 570 0.638452 0.317593 0.035067 0.135185 0.329640 1654.000000 1080.000000
0 571 0.638452 0.317593 0.035067 0.135185 0.326650 1654.000000 1080.000000
0 572 0.638452 0.316667 0.035067 0.135185 0.329640 1654.000000 1080.000000
0 573 0.638452 0.316667 0.035067 0.135185 0.322840 1654.000000 1080.000000
0 574 0.638452 0.316667 0.035067 0.135185 0.319040 1654.000000 1080.000000
0 575 0.638452 0.315741 0.035067 0.135185 0.322030 1654.000000 1080.000000
0 576 0.638452 0.314815 0.035067 0.135185 0.322030 1654.000000 1080.000000
0 577 0.639057 0.314815 0.035067 0.135185 0.310390 1654.000000 1080.000000
0 578 0.639057 0.313889 0.035067 0.135185 0.315350 1654.000000 1080.000000
0 579 0.639057 0.313889 0.035067 0.135185 0.306580 1654.000000 1080.000000
0 580 0.639661 0.312963 0.035067 0.135185 0.293790 1654.000000 1080.000000
0 581 0.639661 0.312963 0.035067 0.135185 0.286980 1654.000000 1080.000000
0 582 0.639661 0.312037 0.035067 0.135185 0.285020 1654.000000 1080.000000
0 583 0.640266 0.312037 0.035067 0.135185 0.267380 1654.000000 1080.000000
0 584 0.640266 0.311111 0.035067 0.135185 0.265650 1654.000000 1080.000000
0 585 0.640871 0.311111 0.035067 0.135185 0.248010 1654.000000 1080.000000
0 586 0.640871 0.310185 0.035067 0.135185 0.246510 1654.000000 1080.000000
0 587 0.640871 0.309259 0.035067 0.135185 0.246510 1654.000000 1080.000000
0 588 0.641475 0.309259 0.035067 0.135185 0.226450 1654.000000 1080.000000
0 589 0.641475 0.308333 0.035067 0.135185 0.226450 1654.000000 1080.000000
0 590 0.641475 0.308333 0.035067 0.135185 0.222300 1654.000000 1080.000000
0 591 0.642080 0.307407 0.035067 0.135185 0.211460 1654.000000 1080.000000
0 592 0.642080 0.307407 0.035067 0.135185 0.207540 1654.000000 1080.000000
0 593 0.642080 0.306481 0.035067 0.135185 0.222880 1654.000000 1080.000000
0 594 0.642684 0.306481 0.035067 0.135185 0.203620 1654.000000 1080.000000
0 595 0.642684 0.305556 0.035067 0.135185 0.208460 1654.000000 1080.000000
0 596 0.643289 0.305556 0.035067 0.135185 0.189550 1654.000000 1080.000000
0 597 0.643289 0.304167 0.035067 0.134259 0.205940 1654.000000 1080.000000
0 598 0.643289 0.303241 0.035067 0.134259 0.208850 1654.000000 1080.000000
0 599 0.643289 0.302315 0.035067 0.134259 0.208850 1654.000000 1080.000000
0 600 0.643289 0.301389 0.035067 0.134259 0.211750 1654.000000 1080.000000
0 601 0.643289 0.300926 0.035067 0.133333 0.220810 1654.000000 1080.000000
0 602 0.643289 0.300000 0.035067 0.133333 0.218700 1654.000000 1080.000000
0 603 0.643289 0.299537 0.035067 0.132407 0.227520 1654.000000 1080.000000
0 604 0.643289 0.299074 0.035067 0.131481 0.236220 1654.000000 1080.000000
0 605 0.643591 0.298611 0.034462 0.130556 0.238710 1654.000000 1080.000000
0 606 0.643591 0.298148 0.034462 0.129630 0.243090 1654.000000 1080.000000
0 607 0.643591 0.297222 0.034462 0.129630 0.241870 1654.000000 1080.000000
0 608 0.643894 0.296759 0.033857 0.128704 0.242360 1654.000000 1080.000000
0 609 0.643894 0.296296 0.033857 0.127778 0.248770 1654.000000 1080.000000
0 610 0.643894 0.295833 0.033857 0.126852 0.254000 1654.000000 1080.000000
0 611 0.644196 0.295833 0.033253 0.126852 0.251160 1654.000000 1080.000000
0 612 0.644196 0.294907 0.033253 0.126852 0.248580 1654.000000 1080.000000
0 613 0.644196 0.294444 0.033253 0.125926 0.246350 1654.000000 1080.000000
0 614 0.644196 0.293981 0.033253 0.125000 0.240550 1654.000000 1080.000000
0 615 0.644498 0.293519 0.032648 0.124074 0.232590 1654.000000 1080.000000
0 616 0.644498 0.293056 0.032648 0.123148 0.229720 1654.000000 1080.000000
0 617 0.644498 0.292130 0.032648 0.123148 0.233110 1654.000000 1080.000000
0 618 0.644800 0.291667 0.032044 0.122222 0.223060 1654.000000 1080.000000
0 619 0.644800 0.291204 0.032044 0.121296 0.220400 1654.000000 1080.000000
0 620 0.644800 0.290741 0.032044 0.120370 0.218120 1654.000000 1080.000000
0 621 0.645405 0.290741 0.032044 0.120370 0.208370 1654.000000 1080.000000
0 622 0.645405 0.289815 0.032044 0.120370 0.209080 1654.000000 1080.000000
0 623 0.646010 0.288889 0.032044 0.120370 0.205820 1654.000000 1080.000000
0 624 0.646010 0.287963 0.032044 0.120370 0.215580 1654.000000 1080.000000
0 625 0.646614 0.287037 0.032044 0.120370 0.208090 1654.000000 1080.000000
0 626 0.646614 0.286111 0.032044 0.120370 0.213460 1654.000000 1080.000000
0 627 0.647219 0.286111 0.032044 0.120370 0.207520 1654.000000 1080.000000
0 628 0.647219 0.285185 0.032044 0.120370 0.213030 1654.000000 1080.000000
0 629 0.647823 0.284259 0.032044 0.120370 0.203280 1654.000000 1080.000000
0 630 0.648126 0.283333 0.032648 0.120370 0.211100 1654.000000 1080.000000
0 631 0.648428 0.282407 0.032044 0.120370 0.209500 1654.000000 1080.000000
0 632 0.648730 0.281481 0.032648 0.120370 0.208610 1654.000000 1080.000000
0 633 0.649033 0.281481 0.032044 0.120370 0.205540 1654.000000 1080.000000
0 634 0.649335 0.280556 0.032648 0.120370 0.209580 1654.000000 1080.000000
0 635 0.649637 0.279630 0.032044 0.120370 0.210070 1654.000000 1080.000000
0 636 0.649940 0.278704 0.032648 0.120370 0.213740 1654.000000 1080.000000
0 637 0.650242 0.277778 0.032044 0.120370 0.212330 1654.000000 1080.000000
0 638 0.650544 0.276852 0.032648 0.120370 0.217070 1654.000000 1080.000000
0 639 0.651149 0.276852 0.032648 0.120370 0.207630 1654.000000 1080.000000
0 640 0.651753 0.275926 0.032648 0.120370 0.208610 1654.000000 1080.000000
0 641 0.652660 0.275926 0.032044 0.120370 0.196210 1654.000000 1080.000000
0 642 0.653567 0.275000 0.031439 0.120370 0.197470 1654.000000 1080.000000
0 643 0.654172 0.275000 0.031439 0.120370 0.188250 1654.000000 1080.000000
0 644 0.655381 0.275000 0.031439 0.120370 0.182630 1654.000000 1080.000000
0 645 0.656288 0.274074 0.030834 0.120370 0.179680 1654.000000 1080.000000
0 646 0.656892 0.274074 0.030834 0.120370 0.183790 1654.000000 1080.000000
0 647 0.657799 0.273148 0.030230 0.120370 0.180810 1654.000000 1080.000000
0 648 0.659008 0.273148 0.030230 0.120370 0.176620 1654.000000 1080.000000
0 649 0.659613 0.273148 0.030230 0.120370 0.168990 1654.000000 1080.000000
0 650 0.660520 0.272222 0.029625 0.120370 0.177710 1654.000000 1080.000000
0 651 0.661427 0.272222 0.029021 0.120370 0.166850 1654.000000 1080.000000
0 652 0.662636 0.272222 0.029021 0.120370 0.162490 1654.000000 1080.000000
0 653 0.663241 0.271296 0.029021 0.120370 0.162490 1654.000000 1080.000000
0 654 0.664148 0.271296 0.028416 0.120370 0.163490 1654.000000 1080.000000
0 655 0.665054 0.270370 0.027811 0.120370 0.159980 1654.000000 1080.000000
0 656 0.665659 0.270370 0.027811 0.120370 0.159980 1654.000000 1080.000000
0 657 0.666868 0.270370 0.027811 0.120370 0.147800 1654.000000 1080.000000
0 658 0.667775 0.269444 0.027207 0.120370 0.156320 1654.000000 1080.000000
0 659 0.668380 0.269444 0.027207 0.120370 0.148690 1654.000000 1080.000000
0 660 0.669287 0.268519 0.026602 0.120370 0.152500 1654.000000 1080.000000
0 661 0.670496 0.268519 0.026602 0.120370 0.140120 1654.000000 1080.000000
0 662 0.671100 0.268519 0.026602 0.120370 0.144870 1654.000000 1080.000000
0 663 0.672007 0.267593 0.025998 0.120370 0.140870 1654.000000 1080.000000
0 664 0.672914 0.267593 0.025393 0.120370 0.136690 1654.000000 1080.000000
0 665 0.674123 0.267593 0.025393 0.120370 0.124090 1654.000000 1080.000000
0 666 0.674123 0.266667 0.025393 0.120370 0.141670 1654.000000 1080.000000
0 667 0.674728 0.266667 0.025393 0.120370 0.134030 1654.000000 1080.000000
0 668 0.674728 0.265741 0.025393 0.120370 0.146640 1654.000000 1080.000000
0 669 0.675333 0.265741 0.025393 0.120370 0.139000 1654.000000 1080.000000
0 670 0.675635 0.264815 0.025998 0.120370 0.155450 1654.000000 1080.000000
0 671 0.675937 0.264815 0.025393 0.120370 0.148940 1654.000000 1080.000000
0 672 0.676239 0.264352 0.025998 0.121296 0.159090 1654.000000 1080.000000
0 673 0.676844 0.263889 0.025998 0.120370 0.152670 1654.000000 1080.000000
0 674 0.676844 0.263889 0.025998 0.120370 0.162390 1654.000000 1080.000000
0 675 0.677449 0.262963 0.025998 0.120370 0.162390 1654.000000 1080.000000
0 676 0.677751 0.262963 0.026602 0.120370 0.165730 1654.000000 1080.000000
0 677 0.678053 0.262500 0.025998 0.121296 0.165980 1654.000000 1080.000000
0 678 0.678658 0.262037 0.025998 0.120370 0.169500 1654.000000 1080.000000
0 679 0.678960 0.261574 0.026602 0.121296 0.171210 1654.000000 1080.000000
0 680 0.679262 0.261111 0.025998 0.120370 0.171410 1654.000000 1080.000000
0 681 0.679565 0.261111 0.026602 0.120370 0.166580 1654.000000 1080.000000
0 682 0.680169 0.260648 0.026602 0.121296 0.189730 1654.000000 1080.000000
0 683 0.680169 0.260185 0.026602 0.120370 0.195590 1654.000000 1080.000000
0 684 0.680774 0.259722 0.026602 0.121296 0.198480 1654.000000 1080.000000
0 685 0.680774 0.259259 0.026602 0.120370 0.204240 1654.000000 1080.000000
0 686 0.681378 0.258796 0.026602 0.121296 0.227270 1654.000000 1080.000000
0 687 0.681681 0.258796 0.027207 0.121296 0.228430 1654.000000 1080.000000
0 688 0.681983 0.258333 0.026602 0.120370 0.237490 1654.000000 1080.000000
0 689 0.682285 0.257870 0.027207 0.121296 0.243910 1654.000000 1080.000000
0 690 0.682890 0.257407 0.027207 0.120370 0.262860 1654.000000 1080.000000
0 691 0.683192 0.256944 0.026602 0.121296 0.253030 1654.000000 1080.000000
0 692 0.683495 0.256944 0.027207 0.121296 0.241930 1654.000000 1080.000000
0 693 0.684099 0.256019 0.027207 0.121296 0.238470 1654.000000 1080.000000
0 694 0.684099 0.256019 0.027207 0.121296 0.232540 1654.000000 1080.000000
0 695 0.684704 0.255556 0.027207 0.120370 0.238800 1654.000000 1080.000000
0 696 0.685006 0.255093 0.027811 0.121296 0.233560 1654.000000 1080.000000
0 697 0.685308 0.255093 0.027207 0.121296 0.226120 1654.000000 1080.000000
0 698 0.685611 0.254167 0.027811 0.121296 0.218250 1654.000000 1080.000000
0 699 0.686215 0.254167 0.027811 0.121296 0.215180 1654.000000 1080.000000
0 700 0.686215 0.253241 0.027811 0.121296 0.217760 1654.000000 1080.000000
0 701 0.686820 0.253241 0.027811 0.121296 0.207290 1654.000000 1080.000000
0 702 0.687424 0.253241 0.027811 0.121296 0.193750 1654.000000 1080.000000
0 703 0.687424 0.252315 0.027811 0.121296 0.203260 1654.000000 1080.000000
0 704 0.687424 0.251389 0.027811 0.121296 0.195040 1654.000000 1080.000000
0 705 0.687424 0.250463 0.027811 0.121296 0.196160 1654.000000 1080.000000
0 706 0.687727 0.249537 0.028416 0.121296 0.193340 1654.000000 1080.000000
0 707 0.687727 0.248611 0.028416 0.121296 0.191920 1654.000000 1080.000000
0 708 0.687727 0.247685 0.028416 0.121296 0.198860 1654.000000 1080.000000
0 709 0.687727 0.246759 0.028416 0.121296 0.198860 1654.000000 1080.000000
0 710 0.688029 0.245833 0.029021 0.121296 0.190790 1654.000000 1080.000000
0 711 0.688029 0.245370 0.029021 0.120370 0.183050 1654.000000 1080.000000
0 712 0.688029 0.244444 0.029021 0.120370 0.191000 1654.000000 1080.000000
0 713 0.688029 0.243519 0.029021 0.120370 0.189440 1654.000000 1080.000000
0 714 0.688634 0.243056 0.029021 0.121296 0.186770 1654.000000 1080.000000
0 715 0.688634 0.242130 0.029021 0.121296 0.187850 1654.000000 1080.000000
0 716 0.688634 0.241204 0.029021 0.121296 0.187230 1654.000000 1080.000000
0 717 0.688634 0.240278 0.029021 0.121296 0.187230 1654.000000 1080.000000
0 718 0.688936 0.239352 0.029625 0.121296 0.181520 1654.000000 1080.000000
0 719 0.688936 0.238426 0.029625 0.121296 0.180000 1654.000000 1080.000000
0 720 0.688936 0.237963 0.029625 0.120370 0.186870 1654.000000 1080.000000
0 721 0.688936 0.237037 0.029625 0.120370 0.183360 1654.000000 1080.000000
0 722 0.689238 0.236111 0.030230 0.120370 0.181260 1654.000000 1080.000000
0 723 0.689238 0.235185 0.030230 0.120370 0.196680 1654.000000 1080.000000
0 724 0.689238 0.234259 0.030230 0.120370 0.196680 1654.000000 1080.000000
0 725 0.689238 0.233333 0.030230 0.120370 0.215240 1654.000000 1080.000000
0 726 0.689843 0.232870 0.030230 0.121296 0.224750 1654.000000 1080.000000
0 727 0.689843 0.231944 0.030230 0.121296 0.222070 1654.000000 1080.000000
0 728 0.689843 0.231019 0.030230 0.121296 0.246580 1654.000000 1080.000000
0 729 0.689843 0.230556 0.030230 0.120370 0.249960 1654.000000 1080.000000
0 730 0.690145 0.229630 0.030834 0.120370 0.257190 1654.000000 1080.000000
0 731 0.690145 0.228704 0.030834 0.120370 0.267030 1654.000000 1080.000000
0 732 0.690145 0.227778 0.030834 0.120370 0.277750 1654.000000 1080.000000
0 733 0.690145 0.226852 0.030834 0.120370 0.289490 1654.000000 1080.000000
0 734 0.690447 0.225926 0.031439 0.120370 0.295690 1654.000000 1080.000000
0 735 0.690447 0.225000 0.031439 0.120370 0.306930 1654.000000 1080.000000
0 736 0.690447 0.224074 0.031439 0.120370 0.315860 1654.000000 1080.000000
0 737 0.691052 0.224074 0.031439 0.120370 0.320610 1654.000000 1080.000000
0 738 0.691052 0.222222 0.031439 0.120370 0.336740 1654.000000 1080.000000
0 739 0.691657 0.221296 0.031439 0.120370 0.348700 1654.000000 1080.000000
0 740 0.692261 0.220370 0.031439 0.120370 0.372610 1654.000000 1080.000000
0 741 0.692866 0.219444 0.031439 0.120370 0.363390 1654.000000 1080.000000
0 742 0.693470 0.218519 0.031439 0.120370 0.367710 1654.000000 1080.000000
0 743 0.694075 0.217593 0.031439 0.120370 0.374620 1654.000000 1080.000000
0 744 0.694075 0.216667 0.031439 0.120370 0.374620 1654.000000 1080.000000
0 745 0.694680 0.215741 0.031439 0.120370 0.376930 1654.000000 1080.000000
0 746 0.695284 0.214815 0.031439 0.120370 0.385710 1654.000000 1080.000000
0 747 0.695889 0.213889 0.031439 0.120370 0.393920 1654.000000 1080.000000
0 748 0.696493 0.212963 0.031439 0.120370 0.383700 1654.000000 1080.000000
0 749 0.697098 0.212037 0.031439 0.120370 0.392340 1654.000000 1080.000000
0 750 0.697098 0.210648 0.031439 0.121296 0.404800 1654.000000 1080.000000
0 751 0.697703 0.209722 0.031439 0.121296 0.407520 1654.000000 1080.000000
0 752 0.698307 0.208796 0.031439 0.121296 0.416090 1654.000000 1080.000000
0 753 0.698912 0.207870 0.031439 0.121296 0.409810 1654.000000 1080.000000
0 754 0.699516 0.206944 0.031439 0.121296 0.412810 1654.000000 1080.000000
0 755 0.700121 0.206019 0.031439 0.121296 0.409950 1654.000000 1080.000000
0 756 0.700121 0.205093 0.031439 0.121296 0.420100 1654.000000 1080.000000
0 757 0.700726 0.204167 0.031439 0.121296 0.418670 1654.000000 1080.000000
0 758 0.701330 0.203241 0.031439 0.121296 0.406800 1654.000000 1080.000000
0 759 0.701935 0.202315 0.031439 0.121296 0.402520 1654.000000 1080.000000
0 760 0.702539 0.201389 0.031439 0.121296 0.402520 1654.000000 1080.000000
0 761 0.703144 0.200463 0.031439 0.121296 0.401370 1654.000000 1080.000000
0 762 0.703144 0.199537 0.031439 0.121296 0.407380 1654.000000 1080.000000
0 763 0.703748 0.198611 0.031439 0.121296 0.407380 1654.000000 1080.000000
0 764 0.703748 0.197685 0.031439 0.121296 0.403660 1654.000000 1080.000000
0 765 0.704353 0.196759 0.031439 0.121296 0.400230 1654.000000 1080.000000
0 766 0.704655 0.195833 0.032044 0.121296 0.403620 1654.000000 1080.000000
0 767 0.704958 0.194907 0.031439 0.121296 0.405660 1654.000000 1080.000000
0 768 0.705562 0.194907 0.031439 0.121296 0.394230 1654.000000 1080.000000
0 769 0.705562 0.193981 0.031439 0.121296 0.395650 1654.000000 1080.000000
0 770 0.706167 0.193056 0.031439 0.121296 0.391220 1654.000000 1080.000000
0 771 0.706469 0.192130 0.032044 0.121296 0.391690 1654.000000 1080.000000
0 772 0.706771 0.191204 0.031439 0.121296 0.392650 1654.000000 1080.000000
0 773 0.707074 0.190278 0.032044 0.121296 0.392960 1654.000000 1080.000000
0 774 0.707376 0.190278 0.031439 0.121296 0.390080 1654.000000 1080.000000
0 775 0.707981 0.189352 0.031439 0.121296 0.382360 1654.000000 1080.000000
0 776 0.708283 0.188426 0.032044 0.121296 0.382580 1654.000000 1080.000000
0 777 0.708585 0.187500 0.031439 0.121296 0.384510 1654.000000 1080.000000
0 778 0.708888 0.186574 0.032044 0.121296 0.391130 1654.000000 1080.000000
0 779 0.709190 0.185648 0.031439 0.121296 0.390940 1654.000000 1080.000000
0 780 0.709492 0.184722 0.032044 0.121296 0.394640 1654.000000 1080.000000
0 781 0.710097 0.184722 0.032044 0.121296 0.387070 1654.000000 1080.000000
0 782 0.710399 0.183796 0.031439 0.121296 0.407090 1654.000000 1080.000000
0 783 0.710701 0.182870 0.032044 0.121296 0.410350 1654.000000 1080.000000
0 784 0.711004 0.181944 0.031439 0.121296 0.416950 1654.000000 1080.000000
0 785 0.711306 0.181019 0.032044 0.121296 0.423820 1654.000000 1080.000000
0 786 0.711911 0.180093 0.032044 0.121296 0.425790 1654.000000 1080.000000
0 787 0.712213 0.180093 0.031439 0.121296 0.426820 1654.000000 1080.000000
0 788 0.712515 0.179167 0.032044 0.121296 0.425360 1654.000000 1080.000000
0 789 0.712817 0.178241 0.031439 0.121296 0.429670 1654.000000 1080.000000
0 790 0.713120 0.177315 0.032044 0.121296 0.174800 1654.000000 1080.000000
0 791 0.713724 0.176389 0.032044 0.121296 0.180130 1654.000000 1080.000000
0 792 0.713724 0.175463 0.032044 0.121296 0.189530 1654.000000 1080.000000
0 793 0.714329 0.174537 0.032044 0.121296 0.195150 1654.000000 1080.000000
0 794 0.714631 0.174537 0.031439 0.121296 0.206120 1654.000000 1080.000000
0 795 0.714933 0.173611 0.032044 0.121296 0.213800 1654.000000 1080.000000
0 796 0.715538 0.172685 0.032044 0.121296 0.219280 1654.000000 1080.000000
0 797 0.715538 0.171759 0.032044 0.121296 0.235410 1654.000000 1080.000000
0 798 0.716143 0.170833 0.032044 0.121296 0.247190 1654.000000 1080.000000
0 799 0.716143 0.169907 0.032044 0.121296 0.243270 1654.000000 1080.000000
0 800 0.716747 0.169907 0.032044 0.121296 0.251120 1654.000000 1080.000000
0 801 0.717352 0.168981 0.032044 0.121296 0.266410 1654.000000 1080.000000
0 802 0.717352 0.168056 0.032044 0.121296 0.273290 1654.000000 1080.000000
0 803 0.717956 0.167130 0.032044 0.121296 0.285490 1654.000000 1080.000000
0 804 0.717956 0.166204 0.032044 0.121296 0.289280 1654.000000 1080.000000
0 805 0.718561 0.165278 0.032044 0.121296 0.303450 1654.000000 1080.000000
0 806 0.719166 0.165278 0.032044 0.121296 0.311870 1654.000000 1080.000000
0 807 0.719468 0.164352 0.032648 0.121296 0.314880 1654.000000 1080.000000
0 808 0.720073 0.163426 0.032648 0.121296 0.325620 1654.000000 1080.000000
0 809 0.720677 0.162500 0.032648 0.121296 0.338020 1654.000000 1080.000000
0 810 0.721282 0.162037 0.032648 0.120370 0.341980 1654.000000 1080.000000
0 811 0.721886 0.161574 0.032648 0.121296 0.352620 1654.000000 1080.000000
0 812 0.722491 0.160648 0.032648 0.121296 0.361850 1654.000000 1080.000000
0 813 0.723096 0.159722 0.032648 0.121296 0.366390 1654.000000 1080.000000
0 814 0.724002 0.159259 0.033253 0.120370 0.370640 1654.000000 1080.000000
0 815 0.724607 0.158333 0.033253 0.120370 0.381680 1654.000000 1080.000000
0 816 0.725212 0.157870 0.033253 0.121296 0.394070 1654.000000 1080.000000
0 817 0.725816 0.156944 0.033253 0.121296 0.398940 1654.000000 1080.000000
0 818 0.726421 0.156481 0.033253 0.120370 0.392580 1654.000000 1080.000000
0 819 0.727025 0.155556 0.033253 0.120370 0.391220 1654.000000 1080.000000
0 820 0.727630 0.154630 0.033253 0.120370 0.397490 1654.000000 1080.000000
0 821 0.728537 0.154630 0.033857 0.120370 0.389180 1654.000000 1080.000000
0 822 0.730653 0.153704 0.033253 0.120370 0.389180 1654.000000 1080.000000
0 823 0.733071 0.152778 0.033253 0.120370 0.365320 1654.000000 1080.000000
0 824 0.735792 0.151852 0.032648 0.120370 0.342820 1654.000000 1080.000000
0 825 0.737908 0.150926 0.032044 0.120370 0.319480 1654.000000 1080.000000
0 826 0.740629 0.150000 0.031439 0.120370 0.287050 1654.000000 1080.000000
0 827 0.743047 0.149074 0.031439 0.120370 0.269620 1654.000000 1080.000000
0 828 0.745466 0.148148 0.030230 0.120370 0.256400 1654.000000 1080.000000
0 829 0.747884 0.147222 0.030230 0.120370 0.250560 1654.000000 1080.000000
0 830 0.750605 0.146296 0.029625 0.120370 0.240920 1654.000000 1080.000000
0 831 0.752418 0.145370 0.029625 0.120370 0.240310 1654.000000 1080.000000
0 832 0.754837 0.145370 0.029625 0.120370 0.236640 1654.000000 1080.000000
0 833 0.757255 0.145370 0.029625 0.120370 0.232980 1654.000000 1080.000000
0 834 0.759069 0.145370 0.029625 0.120370 0.220460 1654.000000 1080.000000
0 835 0.761487 0.144444 0.029625 0.120370 0.223210 1654.000000 1080.000000
0 836 0.763906 0.144444 0.029625 0.120370 0.218470 1654.000000 1080.000000
0 837 0.765719 0.144444 0.029625 0.120370 0.202900 1654.000000 1080.000000
0 838 0.768138 0.144444 0.029625 0.120370 0.196340 1654.000000 1080.000000
0 839 0.770556 0.143519 0.029625 0.120370 0.196180 1654.000000 1080.000000
0 840 0.772370 0.143519 0.029625 0.120370 0.189160 1654.000000 1080.000000
0 841 0.774788 0.143519 0.029625 0.120370 0.175110 1654.000000 1080.000000
0 842 0.777207 0.143519 0.029625 0.120370 0.164890 1654.000000 1080.000000
0 843 0.779625 0.143519 0.029625 0.120370 0.152820 1654.000000 1080.000000
0 844 0.781439 0.143519 0.029625 0.120370 0.134960 1654.000000 1080.000000
0 845 0.783253 0.143519 0.029625 0.120370 0.122140 1654.000000 1080.000000
0 846 0.785067 0.143519 0.029625 0.120370 0.114500 1654.000000 1080.000000
0 847 0.786880 0.144444 0.029625 0.120370 0.099237 1654.000000 1080.000000
0 848 0.788694 0.144444 0.029625 0.120370 0.094198 1654.000000 1080.000000
0 849 0.790508 0.144444 0.029625 0.120370 0.094351 1654.000000 1080.000000
0 850 0.792926 0.144444 0.029625 0.120370 0.098321 1654.000000 1080.000000
0 851 0.794740 0.145370 0.029625 0.120370 0.098473 1654.000000 1080.000000
0 852 0.796554 0.145370 0.029625 0.120370 0.102290 1654.000000 1080.000000
0 853 0.798368 0.145370 0.029625 0.120370 0.103820 1654.000000 1080.000000
0 854 0.800181 0.145370 0.029625 0.120370 0.119850 1654.000000 1080.000000
0 855 0.801995 0.146296 0.029625 0.120370 0.120310 1654.000000 1080.000000
0 856 0.804414 0.146296 0.029625 0.120370 0.145190 1654.000000 1080.000000
0 857 0.806227 0.146296 0.029625 0.120370 0.155420 1654.000000 1080.000000
0 858 0.808041 0.146296 0.029625 0.120370 0.171300 1654.000000 1080.000000
0 859 0.809855 0.147222 0.029625 0.120370 0.168400 1654.000000 1080.000000
0 860 0.811669 0.147222 0.029625 0.120370 0.161830 1654.000000 1080.000000
0 861 0.813482 0.147222 0.029625 0.120370 0.140150 1654.000000 1080.000000
0 862 0.815901 0.148148 0.029625 0.120370 0.104580 1654.000000 1080.000000
0 863 0.817110 0.147222 0.029625 0.120370 0.098015 1654.000000 1080.000000
0 864 0.818319 0.147222 0.029625 0.120370 0.083511 1654.000000 1080.000000
0 865 0.819528 0.147222 0.029625 0.120370 0.076031 1654.000000 1080.000000
0 866 0.820738 0.147222 0.029625 0.120370 0.075725 1654.000000 1080.000000
0 867 0.821947 0.147222 0.029625 0.120370 0.060916 1654.000000 1080.000000
0 868 0.823156 0.147222 0.029625 0.120370 0.053435 1654.000000 1080.000000
0 869 0.824365 0.147222 0.029625 0.120370 0.053435 1654.000000 1080.000000
0 870 0.825574 0.147222 0.029625 0.120370 0.053435 1654.000000 1080.000000
0 871 0.827388 0.147222 0.029625 0.120370 0.045802 1654.000000 1080.000000
0 872 0.828597 0.147222 0.029625 0.120370 0.045802 1654.000000 1080.000000
0 873 0.829807 0.147222 0.029625 0.120370 0.045802 1654.000000 1080.000000
0 874 0.831016 0.147222 0.029625 0.120370 0.045802 1654.000000 1080.000000
0 875 0.832225 0.146296 0.029625 0.120370 0.045802 1654.000000 1080.000000
0 876 0.833434 0.146296 0.029625 0.120370 0.045802 1654.000000 1080.000000
0 877 0.834643 0.146296 0.029625 0.120370 0.045802 1654.000000 1080.000000
0 878 0.835852 0.146296 0.029625 0.120370 0.045802 1654.000000 1080.000000
0 879 0.837062 0.146296 0.029625 0.120370 0.038168 1654.000000 1080.000000
0 880 0.838875 0.146296 0.029625 0.120370 0.038168 1654.000000 1080.000000
0 881 0.840085 0.146296 0.029625 0.120370 0.038168 1654.000000 1080.000000
0 882 0.841294 0.146296 0.029625 0.120370 0.030534 1654.000000 1080.000000
0 883 0.842503 0.146296 0.029625 0.120370 0.030534 1654.000000 1080.000000
0 884 0.843712 0.146296 0.029625 0.120370 0.030534 1654.000000 1080.000000
0 885 0.844921 0.146296 0.029625 0.120370 0.030534 1654.000000 1080.000000
0 886 0.846131 0.146296 0.029625 0.120370 0.022901 1654.000000 1080.000000
0 887 0.847340 0.145370 0.029625 0.120370 0.030534 1654.000000 1080.000000
0 888 0.848549 0.145370 0.029625 0.120370 0.030534 1654.000000 1080.000000
0 889 0.850363 0.145370 0.029625 0.120370 0.030534 1654.000000 1080.000000
0 890 0.851572 0.145370 0.029625 0.120370 0.022901 1654.000000 1080.000000
0 891 0.852781 0.145370 0.029625 0.120370 0.022901 1654.000000 1080.000000
0 892 0.853990 0.145370 0.029625 0.120370 0.022901 1654.000000 1080.000000
0 893 0.855200 0.145370 0.029625 0.120370 0.030687 1654.000000 1080.000000
0 894 0.856409 0.145370 0.029625 0.120370 0.030840 1654.000000 1080.000000
0 895 0.857618 0.145370 0.029625 0.120370 0.030534 1654.000000 1080.000000
0 896 0.858827 0.145370 0.029625 0.120370 0.038168 1654.000000 1080.000000
0 897 0.860036 0.145370 0.029625 0.120370 0.037710 1654.000000 1080.000000
0 898 0.861850 0.145370 0.029625 0.120370 0.052519 1654.000000 1080.000000
0 899 0.862455 0.143519 0.029625 0.120370 0.060153 1654.000000 1080.000000
0 900 0.863059 0.142130 0.029625 0.119444 0.068154 1654.000000 1080.000000
0 901 0.864268 0.141204 0.029625 0.119444 0.076923 1654.000000 1080.000000
0 902 0.865175 0.139815 0.030230 0.118519 0.083903 1654.000000 1080.000000
0 903 0.866687 0.139352 0.030834 0.117593 0.090445 1654.000000 1080.000000
0 904 0.867896 0.138426 0.030834 0.117593 0.099760 1654.000000 1080.000000
0 905 0.869407 0.137963 0.031439 0.116667 0.106080 1654.000000 1080.000000
0 906 0.870617 0.137037 0.031439 0.116667 0.115880 1654.000000 1080.000000
0 907 0.872128 0.136574 0.032044 0.115741 0.127430 1654.000000 1080.000000
0 908 0.873337 0.136111 0.033253 0.114815 0.135710 1654.000000 1080.000000
0 909 0.874547 0.135185 0.033253 0.114815 0.134290 1654.000000 1080.000000
0 910 0.876058 0.134722 0.033857 0.113889 0.132140 1654.000000 1080.000000
0 911 0.877267 0.133796 0.033857 0.113889 0.133280 1654.000000 1080.000000
0 912 0.878779 0.133333 0.034462 0.112963 0.130360 1654.000000 1080.000000
0 913 0.880290 0.132870 0.035067 0.112037 0.127260 1654.000000 1080.000000
0 914 0.880895 0.131019 0.035067 0.112037 0.126420 1654.000000 1080.000000
0 915 0.881499 0.129167 0.035067 0.112037 0.125590 1654.000000 1080.000000
0 916 0.882406 0.127315 0.034462 0.112037 0.120830 1654.000000 1080.000000
0 917 0.883011 0.125463 0.034462 0.112037 0.119700 1654.000000 1080.000000
0 918 0.883615 0.123611 0.034462 0.112037 0.119700 1654.000000 1080.000000
0 919 0.884522 0.121759 0.033857 0.112037 0.125110 1654.000000 1080.000000
0 920 0.885127 0.119907 0.033857 0.112037 0.129280 1654.000000 1080.000000
0 921 0.885732 0.118056 0.033857 0.112037 0.131720 1654.000000 1080.000000
0 922 0.886638 0.116204 0.033253 0.112037 0.069672 1654.000000 1080.000000
0 923 0.887243 0.114352 0.033253 0.112037 0.070404 1654.000000 1080.000000
0 924 0.887848 0.112500 0.033253 0.112037 0.072014 1654.000000 1080.000000
0 925 0.888755 0.110648 0.032648 0.112037 0.072131 1654.000000 1080.000000
0 926 0.889359 0.108796 0.032648 0.112037 0.072727 1654.000000 1080.000000
0 927 0.890568 0.107870 0.032648 0.112037 0.076006 1654.000000 1080.000000
0 928 0.891173 0.106944 0.032648 0.112037 0.076006 1654.000000 1080.000000
0 929 0.892382 0.106019 0.032648 0.112037 0.074814 1654.000000 1080.000000
0 930 0.893591 0.105093 0.032648 0.112037 0.078092 1654.000000 1080.000000
0 931 0.894800 0.105093 0.032648 0.112037 0.072280 1654.000000 1080.000000
0 932 0.895707 0.104167 0.032044 0.112037 0.068306 1654.000000 1080.000000
0 933 0.896917 0.103241 0.032044 0.112037 0.071645 1654.000000 1080.000000
0 934 0.898126 0.102315 0.032044 0.112037 0.066788 1654.000000 1080.000000
0 935 0.899335 0.102315 0.032044 0.112037 0.060716 1654.000000 1080.000000
0 936 0.899335 0.100463 0.032044 0.112037 0.067395 1654.000000 1080.000000
0 937 0.899940 0.099537 0.032044 0.112037 0.062993 1654.000000 1080.000000
0 938 0.899940 0.097685 0.032044 0.112037 0.065270 1654.000000 1080.000000
0 939 0.900544 0.096759 0.032044 0.112037 0.060716 1654.000000 1080.000000
0 940 0.900846 0.094907 0.032648 0.112037 0.061699 1654.000000 1080.000000
0 941 0.901149 0.093981 0.032044 0.112037 0.062842 1654.000000 1080.000000
0 942 0.901451 0.092130 0.032648 0.112037 0.063189 1654.000000 1080.000000
0 943 0.901753 0.091204 0.032044 0.112037 0.060109 1654.000000 1080.000000
0 944 0.902056 0.089352 0.032648 0.112037 0.060358 1654.000000 1080.000000
0 945 0.902660 0.088426 0.032648 0.112037 0.056036 1654.000000 1080.000000
0 946 0.902660 0.086574 0.032648 0.112037 0.062295 1654.000000 1080.000000
0 947 0.902660 0.084722 0.032648 0.112037 0.059016 1654.000000 1080.000000
0 948 0.902660 0.083796 0.032648 0.112037 0.059911 1654.000000 1080.000000
0 949 0.902963 0.081944 0.032044 0.112037 0.061931 1654.000000 1080.000000
0 950 0.902963 0.080093 0.032044 0.112037 0.063145 1654.000000 1080.000000
0 951 0.903265 0.079167 0.032648 0.112037 0.063040 1654.000000 1080.000000
0 952 0.903265 0.077315 0.032648 0.112037 0.059165 1654.000000 1080.000000
0 953 0.903567 0.075463 0.032044 0.112037 0.066181 1654.000000 1080.000000
0 954 0.903567 0.074537 0.032044 0.112037 0.061931 1654.000000 1080.000000
0 955 0.903567 0.072685 0.032044 0.112037 0.063145 1654.000000 1080.000000
0 956 0.904172 0.071759 0.032044 0.112037 0.057529 1654.000000 1080.000000
0 957 0.904172 0.070370 0.032044 0.111111 0.052954 1654.000000 1080.000000
0 958 0.904776 0.069444 0.032044 0.111111 0.047138 1654.000000 1080.000000
0 959 0.904776 0.068519 0.032044 0.111111 0.048056 1654.000000 1080.000000
0 960 0.905381 0.067130 0.032044 0.110185 0.036265 1654.000000 1080.000000
0 961 0.905381 0.066204 0.032044 0.110185 0.037037 1654.000000 1080.000000
0 962 0.905985 0.065278 0.032044 0.110185 0.037037 1654.000000 1080.000000
0 963 0.905985 0.063889 0.032044 0.109259 0.025521 1654.000000 1080.000000
0 964 0.906590 0.062963 0.032044 0.109259 0.025521 1654.000000 1080.000000
0 965 0.906590 0.062037 0.032044 0.109259 0.019141 1654.000000 1080.000000
0 966 0.907195 0.060648 0.032044 0.108333 0.019303 1654.000000 1080.000000
0 967 0.907195 0.059722 0.032044 0.108333 0.013183 1654.000000 1080.000000
0 968 0.907799 0.058796 0.032044 0.108333 0.012869 1654.000000 1080.000000
0 969 0.907799 0.057407 0.032044 0.107407 0.006648 1654.000000 1080.000000
0 970 0.908404 0.056481 0.032044 0.107407 0.070275 1654.000000 1080.000000
0 971 0.908404 0.055556 0.032044 0.107407 0.399490 1654.000000 1080.000000
0 972 0.909008 0.054630 0.032044 0.107407 0.399490 1654.000000 1080.000000
0 973 0.909008 0.053704 0.032044 0.105556 0.397750 1654.000000 1080.000000
0 974 0.909008 0.053241 0.032044 0.104630 0.390190 1654.000000 1080.000000
0 975 0.909613 0.052315 0.032044 0.102778 0.388230 1654.000000 1080.000000
0 976 0.909613 0.051852 0.032044 0.101852 0.382720 1654.000000 1080.000000
0 977 0.909613 0.051389 0.032044 0.100926 0.377100 1654.000000 1080.000000
0 978 0.910218 0.050463 0.032044 0.099074 0.368310 1654.000000 1080.000000
0 979 0.910218 0.050000 0.032044 0.098148 0.364140 1654.000000 1080.000000
0 980 0.910520 0.049074 0.032648 0.096296 0.358100 1654.000000 1080.000000
0 981 0.910822 0.048611 0.032044 0.095370 0.346690 1654.000000 1080.000000
0 982 0.910822 0.048148 0.032044 0.094444 0.344120 1654.000000 1080.000000
0 983 0.911125 0.047222 0.032648 0.092593 0.337530 1654.000000 1080.000000
0 984 0.911427 0.046759 0.032044 0.091667 0.325740 1654.000000 1080.000000
0 985 0.911729 0.045833 0.032648 0.089815 0.322260 1654.000000 1080.000000
0 986 0.911729 0.045370 0.032648 0.088889 0.312650 1654.000000 1080.000000
0 987 0.912031 0.044907 0.032044 0.087963 0.303050 1654.000000 1080.000000
0 988 0.912334 0.043981 0.032648 0.086111 0.295550 1654.000000 1080.000000
0 989 0.912334 0.043519 0.032648 0.085185 0.288370 1654.000000 1080.000000
0 990 0.912938 0.043056 0.032648 0.084259 0.275100 1654.000000 1080.000000
0 991 0.912938 0.042593 0.032648 0.083333 0.264540 1654.000000 1080.000000
0 992 0.913543 0.042130 0.032648 0.082407 0.256360 1654.000000 1080.000000
0 993 0.913543 0.041667 0.032648 0.081481 0.245350 1654.000000 1080.000000
0 994 0.914148 0.041204 0.032648 0.080556 0.231820 1654.000000 1080.000000
0 995 0.914148 0.040741 0.032648 0.079630 0.222570 1654.000000 1080.000000
0 996 0.914752 0.040278 0.032648 0.078704 0.211420 1654.000000 1080.000000
0 997 0.915357 0.040278 0.032648 0.078704 0.196190 1654.000000 1080.000000
0 998 0.915357 0.039352 0.032648 0.076852 0.375320 1654.000000 1080.000000
0 999 0.915961 0.038426 0.032648 0.075000 0.381600 1654.000000 1080.000000
0 1000 0.916566 0.037500 0.032648 0.073148 0.382270 1654.000000 1080.000000
0 1001 0.917170 0.036574 0.032648 0.071296 0.386710 1654.000000 1080.000000
0 1002 0.917775 0.035648 0.032648 0.069444 0.387080 1654.000000 1080.000000
0 1003 0.918380 0.034722 0.032648 0.067593 0.390910 1654.000000 1080.000000
0 1004 0.918984 0.034259 0.032648 0.066667 0.377090 1654.000000 1080.000000
0 1005 0.918984 0.033333 0.032648 0.064815 0.442510 1654.000000 1080.000000
0 1006 0.919589 0.032407 0.032648 0.062963 0.452170 1654.000000 1080.000000
0 1007 0.920193 0.031481 0.032648 0.061111 0.466490 1654.000000 1080.000000
0 1008 0.920798 0.030556 0.032648 0.059259 0.468250 1654.000000 1080.000000
0 1009 0.921403 0.029630 0.032648 0.057407 0.483120 1654.000000 1080.000000
0 1010 0.922007 0.028704 0.032648 0.055556 0.493290 1654.000000 1080.000000
0 1011 0.922612 0.028241 0.032648 0.054630 0.509090 1654.000000 1080.000000
0 1012 0.922612 0.027315 0.032648 0.052778 0.509400 1654.000000 1080.000000
0 1013 0.922612 0.026852 0.032648 0.051852 0.509090 1654.000000 1080.000000
0 1014 0.922612 0.026389 0.032648 0.050926 0.513640 1654.000000 1080.000000
0 1015 0.923216 0.025926 0.032648 0.050000 0.515370 1654.000000 1080.000000
0 1016 0.923216 0.025463 0.032648 0.049074 0.506400 1654.000000 1080.000000
0 1017 0.923216 0.024537 0.032648 0.047222 0.525870 1654.000000 1080.000000
0 1018 0.923216 0.024074 0.032648 0.046296 0.525490 1654.000000 1080.000000
0 1019 0.923821 0.023611 0.032648 0.045370 0.532360 1654.000000 1080.000000
0 1020 0.923821 0.023148 0.032648 0.044444 0.528760 1654.000000 1080.000000
0 1021 0.923821 0.022685 0.032648 0.043519 0.528030 1654.000000 1080.000000
0 1022 0.923821 0.021759 0.032648 0.041667 0.538740 1654.000000 1080.000000
0 1023 0.924426 0.021296 0.032648 0.040741 0.722420 1654.000000 1080.000000
0 1024 0.924426 0.020833 0.032648 0.039815 0.719420 1654.000000 1080.000000
0 1025 0.924426 0.020370 0.032648 0.038889 0.723470 1654.000000 1080.000000
