0 579 0.983676 0.843056 0.031439 0.156481 0.641510 1654.000000 1080.000000
0 580 0.982467 0.841204 0.032648 0.156481 0.636360 1654.000000 1080.000000
0 581 0.981258 0.839352 0.033857 0.156481 0.649120 1654.000000 1080.000000
0 582 0.980048 0.837500 0.035067 0.156481 0.644070 1654.000000 1080.000000
0 583 0.978839 0.835648 0.036276 0.156481 0.655740 1654.000000 1080.000000
0 584 0.977630 0.833796 0.037485 0.156481 0.650790 1654.000000 1080.000000
0 585 0.976421 0.831944 0.038694 0.156481 0.661540 1654.000000 1080.000000
0 586 0.975212 0.830093 0.039903 0.156481 0.656720 1654.000000 1080.000000
0 587 0.974002 0.828241 0.041112 0.156481 0.666670 1654.000000 1080.000000
0 588 0.972793 0.826389 0.042322 0.156481 0.661970 1654.000000 1080.000000
0 589 0.971584 0.824537 0.043531 0.156481 0.671230 1654.000000 1080.000000
0 590 0.970375 0.822685 0.044740 0.156481 0.666670 1654.000000 1080.000000
0 591 0.969166 0.821296 0.045949 0.157407 0.675320 1654.000000 1080.000000
0 592 0.966747 0.818519 0.045949 0.157407 0.662340 1654.000000 1080.000000
0 593 0.964933 0.815741 0.045949 0.157407 0.662340 1654.000000 1080.000000
0 594 0.963120 0.812963 0.045949 0.157407 0.662340 1654.000000 1080.000000
0 595 0.961306 0.810185 0.045949 0.157407 0.662340 1654.000000 1080.000000
0 596 0.959492 0.807407 0.045949 0.157407 0.662340 1654.000000 1080.000000
0 597 0.957074 0.804630 0.045949 0.157407 0.649350 1654.000000 1080.000000
0 598 0.955260 0.801852 0.045949 0.157407 0.649350 1654.000000 1080.000000
0 599 0.953446 0.799074 0.045949 0.157407 0.662340 1654.000000 1080.000000
0 600 0.951632 0.796296 0.045949 0.157407 0.662340 1654.000000 1080.000000
0 601 0.949819 0.794444 0.045949 0.157407 0.662340 1654.000000 1080.000000
0 602 0.947400 0.792130 0.045949 0.156481 0.662340 1654.000000 1080.000000
0 603 0.945284 0.790278 0.046554 0.156481 0.653850 1654.000000 1080.000000
0 604 0.942866 0.788426 0.046554 0.154630 0.641030 1654.000000 1080.000000
0 605 0.941052 0.786574 0.046554 0.154630 0.653850 1654.000000 1080.000000
0 606 0.938634 0.784722 0.046554 0.152778 0.641030 1654.000000 1080.000000
0 607 0.936518 0.782870 0.047158 0.152778 0.632910 1654.000000 1080.000000
0 608 0.934704 0.781481 0.047158 0.151852 0.645570 1654.000000 1080.000000
0 609 0.932285 0.779167 0.047158 0.152778 0.632910 1654.000000 1080.000000
0 610 0.930472 0.777315 0.047158 0.152778 0.632910 1654.000000 1080.000000
0 611 0.928053 0.775463 0.047158 0.152778 0.622540 1654.000000 1080.000000
0 612 0.926239 0.773611 0.047158 0.152778 0.635120 1654.000000 1080.000000
0 613 0.923821 0.771296 0.047158 0.153704 0.637310 1654.000000 1080.000000
0 614 0.922007 0.769907 0.047158 0.154630 0.637280 1654.000000 1080.000000
0 615 0.920193 0.768056 0.047158 0.154630 0.649790 1654.000000 1080.000000
0 616 0.917775 0.766204 0.047158 0.154630 0.649790 1654.000000 1080.000000
0 617 0.915961 0.763889 0.047158 0.155556 0.651860 1654.000000 1080.000000
0 618 0.913543 0.762037 0.047158 0.155556 0.651860 1654.000000 1080.000000
0 619 0.911729 0.760185 0.047158 0.155556 0.664290 1654.000000 1080.000000
0 620 0.909915 0.758796 0.047158 0.156481 0.664260 1654.000000 1080.000000
0 621 0.908102 0.756944 0.047158 0.156481 0.664260 1654.000000 1080.000000
0 622 0.906288 0.756019 0.047158 0.156481 0.662250 1654.000000 1080.000000
0 623 0.905079 0.754167 0.047158 0.156481 0.674760 1654.000000 1080.000000
0 624 0.903265 0.753241 0.047158 0.156481 0.672820 1654.000000 1080.000000
0 625 0.902056 0.751389 0.047158 0.156481 0.685410 1654.000000 1080.000000
0 626 0.900242 0.750463 0.047158 0.156481 0.683540 1654.000000 1080.000000
0 627 0.898428 0.748611 0.047158 0.156481 0.683540 1654.000000 1080.000000
0 628 0.897219 0.747685 0.047158 0.156481 0.696200 1654.000000 1080.000000
0 629 0.895405 0.745833 0.047158 0.156481 0.696200 1654.000000 1080.000000
0 630 0.894196 0.744907 0.047158 0.156481 0.708860 1654.000000 1080.000000
0 631 0.892382 0.743056 0.047158 0.156481 0.708860 1654.000000 1080.000000
0 632 0.891173 0.742130 0.047158 0.156481 0.721520 1654.000000 1080.000000
0 633 0.889359 0.740278 0.047158 0.156481 0.721520 1654.000000 1080.000000
0 634 0.887848 0.738889 0.046554 0.157407 0.730770 1654.000000 1080.000000
0 635 0.886034 0.737037 0.046554 0.157407 0.730770 1654.000000 1080.000000
0 636 0.884522 0.736111 0.045949 0.157407 0.737150 1654.000000 1080.000000
0 637 0.882709 0.734259 0.045949 0.157407 0.730690 1654.000000 1080.000000
0 638 0.881197 0.732870 0.045345 0.158333 0.736840 1654.000000 1080.000000
0 639 0.879988 0.731481 0.045345 0.157407 0.743310 1654.000000 1080.000000
0 640 0.878174 0.730093 0.045345 0.158333 0.739060 1654.000000 1080.000000
0 641 0.876663 0.728241 0.044740 0.158333 0.732090 1654.000000 1080.000000
0 642 0.874849 0.726852 0.044740 0.159259 0.714760 1654.000000 1080.000000
0 643 0.873337 0.725463 0.044135 0.158333 0.710010 1654.000000 1080.000000
0 644 0.871524 0.724074 0.044135 0.159259 0.692240 1654.000000 1080.000000
0 645 0.870012 0.722222 0.043531 0.159259 0.684220 1654.000000 1080.000000
0 646 0.868803 0.721296 0.043531 0.159259 0.682480 1654.000000 1080.000000
0 647 0.867594 0.718519 0.043531 0.159259 0.679470 1654.000000 1080.000000
0 648 0.866385 0.716667 0.043531 0.159259 0.675590 1654.000000 1080.000000
0 649 0.865175 0.714815 0.043531 0.159259 0.674560 1654.000000 1080.000000
0 650 0.863966 0.712963 0.043531 0.159259 0.670600 1654.000000 1080.000000
0 651 0.862757 0.711111 0.043531 0.159259 0.666640 1654.000000 1080.000000
0 652 0.861548 0.709259 0.043531 0.159259 0.662680 1654.000000 1080.000000
0 653 0.860339 0.707407 0.043531 0.159259 0.661410 1654.000000 1080.000000
0 654 0.859129 0.705556 0.043531 0.159259 0.657380 1654.000000 1080.000000
0 655 0.857920 0.703704 0.043531 0.159259 0.657380 1654.000000 1080.000000
0 656 0.856711 0.701852 0.043531 0.159259 0.653340 1654.000000 1080.000000
0 657 0.855502 0.700000 0.043531 0.159259 0.657380 1654.000000 1080.000000
0 658 0.854293 0.698148 0.043531 0.159259 0.666960 1654.000000 1080.000000
0 659 0.853386 0.696296 0.044135 0.159259 0.676850 1654.000000 1080.000000
0 660 0.852177 0.693981 0.044135 0.158333 0.683610 1654.000000 1080.000000
0 661 0.850967 0.692130 0.044135 0.158333 0.691070 1654.000000 1080.000000
0 662 0.849758 0.690741 0.044135 0.157407 0.695750 1654.000000 1080.000000
0 663 0.848549 0.688889 0.044135 0.157407 0.691640 1654.000000 1080.000000
0 664 0.847340 0.687500 0.044135 0.156481 0.661450 1654.000000 1080.000000
0 665 0.846131 0.685648 0.044135 0.156481 0.651510 1654.000000 1080.000000
0 666 0.844921 0.683796 0.044135 0.156481 0.657230 1654.000000 1080.000000
0 667 0.844015 0.681944 0.044740 0.154630 0.659520 1654.000000 1080.000000
0 668 0.842805 0.680093 0.044740 0.154630 0.653020 1654.000000 1080.000000
0 669 0.841596 0.678704 0.044740 0.153704 0.657170 1654.000000 1080.000000
0 670 0.840387 0.676852 0.044740 0.153704 0.645910 1654.000000 1080.000000
0 671 0.839178 0.675000 0.044740 0.153704 0.655650 1654.000000 1080.000000
0 672 0.837969 0.673611 0.044740 0.152778 0.651080 1654.000000 1080.000000
0 673 0.836759 0.671759 0.044740 0.152778 0.639680 1654.000000 1080.000000
0 674 0.836155 0.670370 0.044740 0.151852 0.636610 1654.000000 1080.000000
0 675 0.834643 0.667593 0.044135 0.151852 0.649140 1654.000000 1080.000000
0 676 0.833434 0.665741 0.044135 0.151852 0.633910 1654.000000 1080.000000
0 677 0.832527 0.662963 0.043531 0.151852 0.647650 1654.000000 1080.000000
0 678 0.831318 0.661111 0.043531 0.151852 0.648400 1654.000000 1080.000000
0 679 0.830411 0.658796 0.042926 0.150926 0.656670 1654.000000 1080.000000
0 680 0.829202 0.656481 0.042926 0.151852 0.659180 1654.000000 1080.000000
0 681 0.827993 0.654167 0.042926 0.150926 0.647190 1654.000000 1080.000000
0 682 0.826784 0.651852 0.041717 0.151852 0.665710 1654.000000 1080.000000
0 683 0.825574 0.649537 0.041717 0.150926 0.665330 1654.000000 1080.000000
0 684 0.824667 0.647685 0.041112 0.150926 0.675770 1654.000000 1080.000000
0 685 0.823458 0.644907 0.041112 0.150926 0.681510 1654.000000 1080.000000
0 686 0.822249 0.643056 0.041112 0.150926 0.694950 1654.000000 1080.000000
0 687 0.821342 0.640278 0.040508 0.150926 0.681220 1654.000000 1080.000000
0 688 0.820133 0.638426 0.040508 0.150926 0.671450 1654.000000 1080.000000
0 689 0.819226 0.636574 0.039903 0.150926 0.663360 1654.000000 1080.000000
0 690 0.818017 0.634722 0.039903 0.150926 0.650530 1654.000000 1080.000000
0 691 0.816808 0.632870 0.039903 0.150926 0.637420 1654.000000 1080.000000
0 692 0.815599 0.631019 0.039903 0.150926 0.635970 1654.000000 1080.000000
0 693 0.814389 0.629630 0.039903 0.151852 0.634640 1654.000000 1080.000000
0 694 0.813180 0.627778 0.039903 0.151852 0.646130 1654.000000 1080.000000
0 695 0.812576 0.626389 0.039903 0.150926 0.642060 1654.000000 1080.000000
0 696 0.811366 0.624537 0.039903 0.150926 0.647520 1654.000000 1080.000000
0 697 0.810157 0.623148 0.039903 0.151852 0.657710 1654.000000 1080.000000
0 698 0.808948 0.621296 0.039903 0.151852 0.665580 1654.000000 1080.000000
0 699 0.807739 0.619444 0.039903 0.151852 0.671010 1654.000000 1080.000000
0 700 0.807134 0.618519 0.039903 0.151852 0.653370 1654.000000 1080.000000
0 701 0.804716 0.615741 0.039903 0.151852 0.632470 1654.000000 1080.000000
0 702 0.802600 0.613889 0.039299 0.151852 0.590910 1654.000000 1080.000000
0 703 0.800786 0.612037 0.039299 0.151852 0.564370 1654.000000 1080.000000
0 704 0.798368 0.610185 0.039299 0.151852 0.524790 1654.000000 1080.000000
0 705 0.796252 0.607870 0.038694 0.150926 0.497190 1654.000000 1080.000000
0 706 0.794438 0.606019 0.038694 0.150926 0.465200 1654.000000 1080.000000
0 707 0.792019 0.603704 0.038694 0.151852 0.437580 1654.000000 1080.000000
0 708 0.790206 0.601852 0.038694 0.151852 0.403540 1654.000000 1080.000000
0 709 0.788089 0.599537 0.038089 0.150926 0.376520 1654.000000 1080.000000
0 710 0.785671 0.597685 0.038089 0.150926 0.335940 1654.000000 1080.000000
0 711 0.783857 0.595833 0.038089 0.150926 0.314410 1654.000000 1080.000000
0 712 0.781741 0.593981 0.037485 0.150926 0.280490 1654.000000 1080.000000
0 713 0.779927 0.592130 0.037485 0.150926 0.280490 1654.000000 1080.000000
0 714 0.777509 0.589352 0.037485 0.150926 0.291130 1654.000000 1080.000000
0 715 0.775091 0.586574 0.037485 0.150926 0.299460 1654.000000 1080.000000
0 716 0.773277 0.584722 0.037485 0.150926 0.297430 1654.000000 1080.000000
0 717 0.770859 0.581944 0.037485 0.150926 0.306230 1654.000000 1080.000000
0 718 0.769045 0.580093 0.037485 0.150926 0.307390 1654.000000 1080.000000
0 719 0.766626 0.577315 0.037485 0.150926 0.314750 1654.000000 1080.000000
0 720 0.764208 0.575463 0.037485 0.150926 0.321530 1654.000000 1080.000000
0 721 0.762394 0.572685 0.037485 0.150926 0.325200 1654.000000 1080.000000
0 722 0.759976 0.570833 0.037485 0.150926 0.331690 1654.000000 1080.000000
0 723 0.758162 0.568056 0.037485 0.150926 0.344660 1654.000000 1080.000000
0 724 0.755744 0.566204 0.037485 0.150926 0.341460 1654.000000 1080.000000
0 725 0.753930 0.563426 0.037485 0.150926 0.364600 1654.000000 1080.000000
0 726 0.751511 0.561574 0.037485 0.150926 0.367210 1654.000000 1080.000000
0 727 0.749093 0.558796 0.037485 0.150926 0.353760 1654.000000 1080.000000
0 728 0.747279 0.556944 0.037485 0.150926 0.353660 1654.000000 1080.000000
0 729 0.744861 0.554167 0.037485 0.150926 0.369140 1654.000000 1080.000000
0 730 0.743047 0.552315 0.037485 0.150926 0.381820 1654.000000 1080.000000
0 731 0.740629 0.549537 0.037485 0.150926 0.409020 1654.000000 1080.000000
0 732 0.738815 0.547685 0.037485 0.150926 0.426150 1654.000000 1080.000000
0 733 0.736397 0.544907 0.037485 0.150926 0.445410 1654.000000 1080.000000
0 734 0.734583 0.543056 0.037485 0.150926 0.458670 1654.000000 1080.000000
0 735 0.732164 0.540278 0.037485 0.150926 0.460990 1654.000000 1080.000000
0 736 0.730351 0.538426 0.037485 0.150926 0.459250 1654.000000 1080.000000
0 737 0.728235 0.536574 0.036880 0.150926 0.460270 1654.000000 1080.000000
0 738 0.726119 0.533796 0.037485 0.150926 0.459350 1654.000000 1080.000000
0 739 0.724002 0.531944 0.036880 0.150926 0.459190 1654.000000 1080.000000
0 740 0.721886 0.529167 0.037485 0.150926 0.453540 1654.000000 1080.000000
0 741 0.719770 0.527315 0.036880 0.150926 0.448560 1654.000000 1080.000000
0 742 0.717956 0.525463 0.036880 0.150926 0.441680 1654.000000 1080.000000
0 743 0.716143 0.522685 0.036880 0.150926 0.438830 1654.000000 1080.000000
0 744 0.714329 0.520833 0.036880 0.150926 0.425350 1654.000000 1080.000000
0 745 0.712515 0.518981 0.036880 0.150926 0.416800 1654.000000 1080.000000
0 746 0.710701 0.517130 0.036880 0.150926 0.424080 1654.000000 1080.000000
0 747 0.708888 0.515278 0.036880 0.150926 0.424080 1654.000000 1080.000000
0 748 0.707074 0.513426 0.036880 0.150926 0.432730 1654.000000 1080.000000
0 749 0.705260 0.511574 0.036880 0.150926 0.437650 1654.000000 1080.000000
0 750 0.703446 0.509722 0.036880 0.150926 0.437650 1654.000000 1080.000000
0 751 0.701935 0.507870 0.037485 0.150926 0.447930 1654.000000 1080.000000
0 752 0.699819 0.503241 0.038089 0.149074 0.461420 1654.000000 1080.000000
0 753 0.698005 0.499074 0.038089 0.146296 0.485460 1654.000000 1080.000000
0 754 0.695889 0.494444 0.038694 0.144444 0.496910 1654.000000 1080.000000
0 755 0.694075 0.490278 0.038694 0.141667 0.511890 1654.000000 1080.000000
0 756 0.692261 0.486574 0.038694 0.139815 0.540080 1654.000000 1080.000000
0 757 0.690145 0.484722 0.039299 0.139815 0.532300 1654.000000 1080.000000
0 758 0.688331 0.482870 0.039299 0.139815 0.537680 1654.000000 1080.000000
0 759 0.686518 0.481019 0.039299 0.139815 0.538780 1654.000000 1080.000000
0 760 0.684704 0.479167 0.039299 0.139815 0.534590 1654.000000 1080.000000
0 761 0.682890 0.477315 0.039299 0.139815 0.530400 1654.000000 1080.000000
0 762 0.681076 0.475463 0.039299 0.139815 0.530700 1654.000000 1080.000000
0 763 0.679262 0.474074 0.039299 0.140741 0.493760 1654.000000 1080.000000
0 764 0.677751 0.472222 0.038694 0.140741 0.486980 1654.000000 1080.000000
0 765 0.676844 0.470370 0.038089 0.140741 0.494180 1654.000000 1080.000000
0 766 0.675635 0.468519 0.038089 0.140741 0.489690 1654.000000 1080.000000
0 767 0.674728 0.466667 0.037485 0.140741 0.481590 1654.000000 1080.000000
0 768 0.673821 0.464815 0.036880 0.140741 0.484290 1654.000000 1080.000000
0 769 0.672310 0.462963 0.036276 0.140741 0.477340 1654.000000 1080.000000
0 770 0.671403 0.461111 0.035671 0.140741 0.484860 1654.000000 1080.000000
0 771 0.670193 0.459259 0.035671 0.140741 0.480170 1654.000000 1080.000000
0 772 0.669287 0.457407 0.035067 0.140741 0.471360 1654.000000 1080.000000
0 773 0.668380 0.456019 0.034462 0.139815 0.470740 1654.000000 1080.000000
0 774 0.666566 0.453241 0.034462 0.139815 0.467110 1654.000000 1080.000000
0 775 0.664752 0.451389 0.034462 0.139815 0.463700 1654.000000 1080.000000
0 776 0.663241 0.449537 0.035067 0.139815 0.446360 1654.000000 1080.000000
0 777 0.661427 0.447685 0.035067 0.139815 0.440900 1654.000000 1080.000000
0 778 0.659613 0.445833 0.035067 0.139815 0.439120 1654.000000 1080.000000
0 779 0.658102 0.443981 0.035671 0.139815 0.438380 1654.000000 1080.000000
0 780 0.656288 0.442130 0.035671 0.139815 0.438600 1654.000000 1080.000000
0 781 0.654776 0.440278 0.036276 0.139815 0.437770 1654.000000 1080.000000
0 782 0.652963 0.438426 0.036276 0.139815 0.434430 1654.000000 1080.000000
0 783 0.651149 0.436574 0.036276 0.139815 0.430330 1654.000000 1080.000000
0 784 0.649637 0.434722 0.036880 0.139815 0.429440 1654.000000 1080.000000
0 785 0.647823 0.432870 0.036880 0.139815 0.433790 1654.000000 1080.000000
0 786 0.646312 0.431019 0.037485 0.139815 0.424600 1654.000000 1080.000000
0 787 0.644800 0.428241 0.036880 0.139815 0.429540 1654.000000 1080.000000
0 788 0.643894 0.426389 0.036276 0.139815 0.442620 1654.000000 1080.000000
0 789 0.642684 0.424537 0.035067 0.139815 0.453170 1654.000000 1080.000000
0 790 0.641778 0.422685 0.034462 0.139815 0.465520 1654.000000 1080.000000
0 791 0.640266 0.420370 0.033857 0.140741 0.452360 1654.000000 1080.000000
0 792 0.639359 0.418519 0.033253 0.140741 0.484940 1654.000000 1080.000000
0 793 0.638150 0.416204 0.032044 0.139815 0.499030 1654.000000 1080.000000
0 794 0.637243 0.414352 0.031439 0.139815 0.515390 1654.000000 1080.000000
0 795 0.635732 0.412037 0.030834 0.140741 0.519610 1654.000000 1080.000000
0 796 0.634825 0.410185 0.030230 0.140741 0.537100 1654.000000 1080.000000
0 797 0.633615 0.408333 0.029021 0.140741 0.553820 1654.000000 1080.000000
0 798 0.632709 0.406481 0.028416 0.140741 0.573120 1654.000000 1080.000000
0 799 0.631802 0.404630 0.027811 0.140741 0.592820 1654.000000 1080.000000
0 800 0.630290 0.402778 0.028416 0.140741 0.588370 1654.000000 1080.000000
0 801 0.629383 0.400926 0.029021 0.140741 0.596770 1654.000000 1080.000000
0 802 0.628476 0.399074 0.029625 0.140741 0.604840 1654.000000 1080.000000
0 803 0.627267 0.397222 0.029625 0.140741 0.612420 1654.000000 1080.000000
0 804 0.626360 0.396296 0.030230 0.140741 0.619760 1654.000000 1080.000000
0 805 0.625453 0.394444 0.030834 0.140741 0.627070 1654.000000 1080.000000
0 806 0.624244 0.392593 0.030834 0.140741 0.634620 1654.000000 1080.000000
0 807 0.623035 0.390741 0.032044 0.140741 0.629630 1654.000000 1080.000000
0 808 0.622128 0.388889 0.032648 0.140741 0.636360 1654.000000 1080.000000
0 809 0.620919 0.387963 0.032648 0.140741 0.636360 1654.000000 1080.000000
0 810 0.620012 0.386111 0.033253 0.140741 0.642860 1654.000000 1080.000000
0 811 0.619105 0.384259 0.033857 0.140741 0.649120 1654.000000 1080.000000
0 812 0.617896 0.382407 0.033857 0.140741 0.651420 1654.000000 1080.000000
0 813 0.616989 0.380556 0.034462 0.140741 0.659680 1654.000000 1080.000000
0 814 0.616082 0.379630 0.035067 0.140741 0.646390 1654.000000 1080.000000
0 815 0.615478 0.377778 0.035067 0.140741 0.665450 1654.000000 1080.000000
0 816 0.614873 0.376852 0.035067 0.140741 0.682180 1654.000000 1080.000000
0 817 0.614268 0.375926 0.035067 0.140741 0.698900 1654.000000 1080.000000
0 818 0.613664 0.374074 0.035067 0.140741 0.717510 1654.000000 1080.000000
0 819 0.613059 0.373148 0.035067 0.140741 0.734130 1654.000000 1080.000000
0 820 0.612455 0.372222 0.035067 0.140741 0.750750 1654.000000 1080.000000
0 821 0.612455 0.371296 0.035067 0.140741 0.767360 1654.000000 1080.000000
0 822 0.611850 0.369444 0.035067 0.140741 0.783980 1654.000000 1080.000000
0 823 0.611245 0.368519 0.035067 0.140741 0.800600 1654.000000 1080.000000
0 824 0.610641 0.367593 0.035067 0.140741 0.800600 1654.000000 1080.000000
0 825 0.610036 0.365741 0.035067 0.140741 0.818430 1654.000000 1080.000000
0 826 0.609432 0.364815 0.035067 0.140741 0.782870 1654.000000 1080.000000
0 827 0.608827 0.363889 0.035067 0.140741 0.741220 1654.000000 1080.000000
0 828 0.608827 0.362963 0.035067 0.140741 0.723720 1654.000000 1080.000000
0 829 0.607618 0.361111 0.035067 0.140741 0.685390 1654.000000 1080.000000
0 830 0.606409 0.360185 0.035067 0.140741 0.638420 1654.000000 1080.000000
0 831 0.605804 0.359259 0.035067 0.140741 0.616820 1654.000000 1080.000000
0 832 0.604595 0.357870 0.035067 0.139815 0.577830 1654.000000 1080.000000
0 833 0.603386 0.356944 0.035067 0.139815 0.529100 1654.000000 1080.000000
0 834 0.602781 0.356019 0.035067 0.139815 0.502230 1654.000000 1080.000000
0 835 0.601572 0.354630 0.035067 0.138889 0.470200 1654.000000 1080.000000
0 836 0.600363 0.353704 0.035067 0.138889 0.435630 1654.000000 1080.000000
0 837 0.599758 0.352778 0.035067 0.138889 0.415650 1654.000000 1080.000000
0 838 0.598549 0.351389 0.035067 0.137963 0.384630 1654.000000 1080.000000
0 839 0.597340 0.350463 0.035067 0.137963 0.364630 1654.000000 1080.000000
0 840 0.596735 0.349537 0.035067 0.137963 0.345080 1654.000000 1080.000000
0 841 0.594921 0.347685 0.035067 0.137963 0.348700 1654.000000 1080.000000
0 842 0.593712 0.346759 0.035067 0.137963 0.349150 1654.000000 1080.000000
0 843 0.592503 0.345833 0.035067 0.137963 0.343950 1654.000000 1080.000000
0 844 0.591294 0.344907 0.035067 0.137963 0.344630 1654.000000 1080.000000
0 845 0.590085 0.343981 0.035067 0.137963 0.342260 1654.000000 1080.000000
0 846 0.588271 0.342130 0.035067 0.137963 0.338640 1654.000000 1080.000000
0 847 0.587062 0.341204 0.035067 0.137963 0.336050 1654.000000 1080.000000
0 848 0.585852 0.340278 0.035067 0.137963 0.328360 1654.000000 1080.000000
0 849 0.584643 0.339352 0.035067 0.137963 0.329040 1654.000000 1080.000000
0 850 0.583434 0.338426 0.035067 0.137963 0.324290 1654.000000 1080.000000
0 851 0.582225 0.337500 0.035067 0.137963 0.319890 1654.000000 1080.000000
0 852 0.580411 0.336574 0.035067 0.137963 0.310620 1654.000000 1080.000000
0 853 0.579202 0.336574 0.035067 0.137963 0.294690 1654.000000 1080.000000
0 854 0.577993 0.335648 0.035067 0.137963 0.295930 1654.000000 1080.000000
0 855 0.576784 0.335648 0.035067 0.137963 0.291070 1654.000000 1080.000000
0 856 0.575574 0.334722 0.035067 0.137963 0.295140 1654.000000 1080.000000
0 857 0.574365 0.334722 0.035067 0.137963 0.286210 1654.000000 1080.000000
0 858 0.573156 0.333796 0.035067 0.137963 0.289940 1654.000000 1080.000000
0 859 0.571644 0.333796 0.034462 0.137963 0.280460 1654.000000 1080.000000
0 860 0.570435 0.332870 0.034462 0.137963 0.283910 1654.000000 1080.000000
0 861 0.569226 0.332870 0.034462 0.137963 0.279770 1654.000000 1080.000000
0 862 0.568017 0.331944 0.034462 0.137963 0.274940 1654.000000 1080.000000
0 863 0.566808 0.331944 0.034462 0.137963 0.273450 1654.000000 1080.000000
0 864 0.565599 0.331019 0.034462 0.137963 0.268850 1654.000000 1080.000000
0 865 0.564389 0.331019 0.034462 0.137963 0.268050 1654.000000 1080.000000
0 866 0.561971 0.330093 0.034462 0.137963 0.252870 1654.000000 1080.000000
0 867 0.560157 0.330093 0.034462 0.137963 0.252870 1654.000000 1080.000000
0 868 0.558343 0.330093 0.034462 0.137963 0.242180 1654.000000 1080.000000
0 869 0.556530 0.329167 0.034462 0.137963 0.237240 1654.000000 1080.000000
0 870 0.554716 0.329167 0.034462 0.137963 0.231720 1654.000000 1080.000000
0 871 0.552902 0.329167 0.034462 0.137963 0.221490 1654.000000 1080.000000
0 872 0.551088 0.328241 0.034462 0.137963 0.216780 1654.000000 1080.000000
0 873 0.549274 0.328241 0.034462 0.137963 0.212070 1654.000000 1080.000000
0 874 0.547461 0.328241 0.034462 0.137963 0.202300 1654.000000 1080.000000
0 875 0.545647 0.327315 0.034462 0.137963 0.197700 1654.000000 1080.000000
0 876 0.543833 0.327315 0.034462 0.137963 0.279890 1654.000000 1080.000000
0 877 0.542019 0.327315 0.034462 0.137963 0.273220 1654.000000 1080.000000
0 878 0.540206 0.327315 0.034462 0.137963 0.272640 1654.000000 1080.000000
0 879 0.538694 0.326389 0.033857 0.137963 0.270290 1654.000000 1080.000000
0 880 0.537485 0.325463 0.033857 0.137963 0.274040 1654.000000 1080.000000
0 881 0.535973 0.325463 0.033253 0.137963 0.265000 1654.000000 1080.000000
0 882 0.534764 0.324537 0.033253 0.137963 0.271430 1654.000000 1080.000000
0 883 0.533253 0.324074 0.032648 0.137037 0.264190 1654.000000 1080.000000
0 884 0.532044 0.323611 0.032648 0.137963 0.260000 1654.000000 1080.000000
0 885 0.530834 0.322685 0.032648 0.137963 0.266670 1654.000000 1080.000000
0 886 0.529323 0.322222 0.032044 0.137037 0.261740 1654.000000 1080.000000
0 887 0.528114 0.321759 0.032044 0.137963 0.266670 1654.000000 1080.000000
0 888 0.526602 0.321296 0.031439 0.137037 0.261740 1654.000000 1080.000000
0 889 0.525393 0.320370 0.031439 0.137037 0.282260 1654.000000 1080.000000
0 890 0.524184 0.320370 0.031439 0.137037 0.289600 1654.000000 1080.000000
0 891 0.522370 0.318056 0.031439 0.136111 0.196580 1654.000000 1080.000000
0 892 0.521161 0.316667 0.031439 0.135185 0.220900 1654.000000 1080.000000
0 893 0.519347 0.315278 0.031439 0.134259 0.216850 1654.000000 1080.000000
0 894 0.518138 0.313889 0.031439 0.133333 0.231620 1654.000000 1080.000000
0 895 0.516324 0.312500 0.031439 0.132407 0.246330 1654.000000 1080.000000
0 896 0.515115 0.310648 0.031439 0.132407 0.263630 1654.000000 1080.000000
0 897 0.513301 0.309259 0.031439 0.131481 0.255710 1654.000000 1080.000000
0 898 0.512092 0.307870 0.031439 0.130556 0.283820 1654.000000 1080.000000
0 899 0.510278 0.306481 0.031439 0.129630 0.279410 1654.000000 1080.000000
0 900 0.509069 0.305093 0.031439 0.128704 0.293800 1654.000000 1080.000000
0 901 0.507860 0.303704 0.031439 0.127778 0.308130 1654.000000 1080.000000
0 902 0.506651 0.302315 0.031439 0.128704 0.337330 1654.000000 1080.000000
0 903 0.505441 0.301389 0.031439 0.128704 0.356470 1654.000000 1080.000000
0 904 0.504534 0.300463 0.032044 0.128704 0.385450 1654.000000 1080.000000
0 905 0.503325 0.299537 0.032044 0.128704 0.402380 1654.000000 1080.000000
0 906 0.502116 0.298611 0.032044 0.128704 0.417860 1654.000000 1080.000000
0 907 0.501209 0.297685 0.032648 0.128704 0.438180 1654.000000 1080.000000
0 908 0.500000 0.295833 0.032648 0.128704 0.458830 1654.000000 1080.000000
0 909 0.498791 0.293981 0.032648 0.128704 0.476880 1654.000000 1080.000000
0 910 0.497582 0.292593 0.032648 0.129630 0.483560 1654.000000 1080.000000
0 911 0.496372 0.291204 0.032648 0.128704 0.505710 1654.000000 1080.000000
0 912 0.495163 0.289352 0.032648 0.128704 0.526230 1654.000000 1080.000000
0 913 0.493954 0.287963 0.032648 0.129630 0.536170 1654.000000 1080.000000
0 914 0.492745 0.286111 0.032648 0.129630 0.551000 1654.000000 1080.000000
0 915 0.491536 0.285185 0.032648 0.129630 0.563890 1654.000000 1080.000000
0 916 0.490024 0.282870 0.033253 0.128704 0.575260 1654.000000 1080.000000
0 917 0.488815 0.280556 0.033253 0.127778 0.596610 1654.000000 1080.000000
0 918 0.487606 0.278704 0.033253 0.127778 0.612800 1654.000000 1080.000000
0 919 0.486397 0.276389 0.033253 0.126852 0.611410 1654.000000 1080.000000
0 920 0.484885 0.274074 0.033857 0.125926 0.605070 1654.000000 1080.000000
0 921 0.483676 0.272222 0.033857 0.125926 0.599310 1654.000000 1080.000000
0 922 0.482467 0.269907 0.033857 0.125000 0.607840 1654.000000 1080.000000
0 923 0.481258 0.267593 0.033857 0.124074 0.614810 1654.000000 1080.000000
0 924 0.480048 0.266204 0.033857 0.123148 0.639430 1654.000000 1080.000000
0 925 0.478839 0.263426 0.033857 0.123148 0.643620 1654.000000 1080.000000
0 926 0.477630 0.261574 0.033857 0.123148 0.647810 1654.000000 1080.000000
0 927 0.477025 0.259722 0.033857 0.123148 0.657890 1654.000000 1080.000000
0 928 0.475816 0.257870 0.033857 0.123148 0.657630 1654.000000 1080.000000
0 929 0.474607 0.256019 0.033857 0.123148 0.655410 1654.000000 1080.000000
0 930 0.474002 0.254167 0.033857 0.123148 0.669290 1654.000000 1080.000000
0 931 0.472793 0.252315 0.033857 0.123148 0.681590 1654.000000 1080.000000
0 932 0.472189 0.250463 0.033857 0.123148 0.698480 1654.000000 1080.000000
0 933 0.470979 0.248611 0.033857 0.123148 0.696520 1654.000000 1080.000000
0 934 0.469770 0.246759 0.033857 0.123148 0.699530 1654.000000 1080.000000
0 935 0.469166 0.244907 0.033857 0.123148 0.711310 1654.000000 1080.000000
0 936 0.467956 0.243056 0.033857 0.123148 0.721520 1654.000000 1080.000000
0 937 0.467352 0.241204 0.033857 0.123148 0.738540 1654.000000 1080.000000
0 938 0.466143 0.239352 0.033857 0.123148 0.765780 1654.000000 1080.000000
0 939 0.465236 0.238426 0.034462 0.123148 0.763770 1654.000000 1080.000000
0 940 0.464329 0.236574 0.033857 0.123148 0.785420 1654.000000 1080.000000
0 941 0.463422 0.235648 0.034462 0.123148 0.783580 1654.000000 1080.000000
0 942 0.462213 0.233796 0.034462 0.123148 0.792850 1654.000000 1080.000000
0 943 0.461608 0.232870 0.034462 0.123148 0.804810 1654.000000 1080.000000
0 944 0.460399 0.231019 0.034462 0.123148 0.818060 1654.000000 1080.000000
0 945 0.459794 0.230093 0.034462 0.123148 0.830550 1654.000000 1080.000000
0 946 0.458585 0.228241 0.034462 0.123148 0.841870 1654.000000 1080.000000
0 947 0.457678 0.227315 0.035067 0.123148 0.840370 1654.000000 1080.000000
0 948 0.456771 0.225463 0.034462 0.123148 0.869920 1654.000000 1080.000000
0 949 0.455865 0.224537 0.035067 0.123148 0.868450 1654.000000 1080.000000
0 950 0.454655 0.222685 0.035067 0.123148 0.879210 1654.000000 1080.000000
0 951 0.454051 0.221759 0.035067 0.123148 0.879080 1654.000000 1080.000000
0 952 0.452842 0.219907 0.035067 0.123148 0.878450 1654.000000 1080.000000
0 953 0.452237 0.218981 0.035067 0.123148 0.879710 1654.000000 1080.000000
0 954 0.451028 0.217130 0.035067 0.123148 0.885280 1654.000000 1080.000000
0 955 0.450423 0.215278 0.035067 0.123148 0.889700 1654.000000 1080.000000
0 956 0.449819 0.214352 0.035067 0.123148 0.886420 1654.000000 1080.000000
0 957 0.449214 0.212500 0.035067 0.123148 0.897040 1654.000000 1080.000000
0 958 0.448005 0.210648 0.035067 0.123148 0.903110 1654.000000 1080.000000
0 959 0.447400 0.209722 0.035067 0.123148 0.902730 1654.000000 1080.000000
0 960 0.446796 0.207870 0.035067 0.123148 0.908420 1654.000000 1080.000000
0 961 0.446191 0.206019 0.035067 0.123148 0.915510 1654.000000 1080.000000
0 962 0.445586 0.205093 0.035067 0.123148 0.913480 1654.000000 1080.000000
0 963 0.444377 0.203241 0.035067 0.123148 0.928660 1654.000000 1080.000000
0 964 0.443773 0.201389 0.035067 0.123148 0.932460 1654.000000 1080.000000
0 965 0.443168 0.200463 0.035067 0.123148 0.940170 1654.000000 1080.000000
0 966 0.442563 0.198611 0.035067 0.123148 0.944220 1654.000000 1080.000000
0 967 0.441959 0.197685 0.035067 0.123148 0.949910 1654.000000 1080.000000
0 968 0.439843 0.195833 0.035671 0.123148 0.968410 1654.000000 1080.000000
0 969 0.438029 0.193981 0.036880 0.123148 0.988440 1654.000000 1080.000000
0 970 0.435913 0.192130 0.037485 0.123148 0.995740 1654.000000 1080.000000
0 971 0.434099 0.190278 0.038694 0.123148 1.000000 1654.000000 1080.000000
0 972 0.432285 0.188426 0.039903 0.123148 1.000000 1654.000000 1080.000000
0 973 0.430169 0.186574 0.040508 0.123148 0.979590 1654.000000 1080.000000
0 974 0.428356 0.184722 0.041717 0.123148 0.947550 1654.000000 1080.000000
0 975 0.426239 0.182870 0.042322 0.123148 0.909610 1654.000000 1080.000000
0 976 0.424426 0.181019 0.043531 0.123148 0.883050 1654.000000 1080.000000
0 977 0.422612 0.179167 0.044740 0.123148 0.851340 1654.000000 1080.000000
0 978 0.420496 0.177315 0.045345 0.123148 0.827570 1654.000000 1080.000000
0 979 0.418682 0.175463 0.046554 0.123148 0.800230 1654.000000 1080.000000
0 980 0.417170 0.174074 0.047158 0.124074 0.791280 1654.000000 1080.000000
0 981 0.415961 0.171296 0.045949 0.124074 0.796630 1654.000000 1080.000000
0 982 0.415357 0.169444 0.044740 0.124074 0.821830 1654.000000 1080.000000
0 983 0.414148 0.167593 0.043531 0.124074 0.824250 1654.000000 1080.000000
0 984 0.413543 0.165741 0.042322 0.124074 0.853630 1654.000000 1080.000000
0 985 0.412334 0.163889 0.041112 0.124074 0.861840 1654.000000 1080.000000
0 986 0.411729 0.162037 0.039903 0.124074 0.865010 1654.000000 1080.000000
0 987 0.411125 0.159722 0.038694 0.123148 0.871180 1654.000000 1080.000000
0 988 0.409915 0.157870 0.037485 0.123148 0.871120 1654.000000 1080.000000
0 989 0.409311 0.156019 0.036276 0.123148 0.875210 1654.000000 1080.000000
0 990 0.408102 0.154167 0.035067 0.123148 0.874780 1654.000000 1080.000000
0 991 0.407497 0.152315 0.033857 0.123148 0.879550 1654.000000 1080.000000
0 992 0.406892 0.150463 0.032648 0.123148 0.884670 1654.000000 1080.000000
0 993 0.405079 0.149074 0.033857 0.122222 0.879570 1654.000000 1080.000000
0 994 0.403567 0.148148 0.034462 0.120370 0.873390 1654.000000 1080.000000
0 995 0.401753 0.146759 0.035671 0.119444 0.872560 1654.000000 1080.000000
0 996 0.400242 0.145833 0.036276 0.117593 0.874100 1654.000000 1080.000000
0 997 0.398730 0.144444 0.036880 0.116667 0.878080 1654.000000 1080.000000
0 998 0.396917 0.143519 0.038089 0.114815 0.843250 1654.000000 1080.000000
0 999 0.395405 0.142130 0.038694 0.113889 0.824570 1654.000000 1080.000000
0 1000 0.394196 0.141204 0.039903 0.112037 0.809270 1654.000000 1080.000000
0 1001 0.391778 0.139352 0.039903 0.112037 0.800340 1654.000000 1080.000000
0 1002 0.389661 0.138426 0.039299 0.112037 0.800790 1654.000000 1080.000000
0 1003 0.387545 0.137500 0.038694 0.112037 0.801890 1654.000000 1080.000000
0 1004 0.385732 0.136111 0.038694 0.112963 0.805880 1654.000000 1080.000000
0 1005 0.383615 0.134722 0.038089 0.112037 0.810840 1654.000000 1080.000000
0 1006 0.381499 0.133796 0.037485 0.112037 0.797420 1654.000000 1080.000000
0 1007 0.379383 0.132407 0.036880 0.112963 0.798320 1654.000000 1080.000000
0 1008 0.377570 0.131481 0.036880 0.112963 0.801730 1654.000000 1080.000000
0 1009 0.375453 0.130093 0.036276 0.112037 0.806370 1654.000000 1080.000000
0 1010 0.373337 0.128704 0.035671 0.112963 0.808540 1654.000000 1080.000000
0 1011 0.371221 0.127778 0.035067 0.112963 0.796750 1654.000000 1080.000000
0 1012 0.369407 0.126852 0.035067 0.112963 0.803500 1654.000000 1080.000000
0 1013 0.367594 0.125000 0.035067 0.112963 0.800610 1654.000000 1080.000000
0 1014 0.366385 0.124074 0.035067 0.112963 0.807360 1654.000000 1080.000000
0 1015 0.364873 0.123148 0.034462 0.112963 0.827590 1654.000000 1080.000000
0 1016 0.363362 0.122222 0.035067 0.112963 0.813560 1654.000000 1080.000000
0 1017 0.361850 0.120370 0.034462 0.112963 0.810340 1654.000000 1080.000000
0 1018 0.360641 0.119444 0.034462 0.112963 0.827590 1654.000000 1080.000000
0 1019 0.358827 0.118519 0.034462 0.112963 0.810340 1654.000000 1080.000000
0 1020 0.357618 0.117593 0.034462 0.112963 0.810340 1654.000000 1080.000000
0 1021 0.356409 0.116667 0.034462 0.112963 0.827590 1654.000000 1080.000000
0 1022 0.354595 0.115278 0.034462 0.113889 0.810340 1654.000000 1080.000000
0 1023 0.352781 0.113889 0.034462 0.114815 0.810340 1654.000000 1080.000000
0 1024 0.350967 0.112963 0.034462 0.114815 0.793100 1654.000000 1080.000000
0 1025 0.349154 0.111574 0.034462 0.115741 0.775860 1654.000000 1080.000000
0 1026 0.347642 0.110648 0.033857 0.115741 0.789470 1654.000000 1080.000000
0 1027 0.345828 0.109259 0.033857 0.116667 0.771930 1654.000000 1080.000000
0 1028 0.344015 0.107870 0.033857 0.117593 0.773710 1654.000000 1080.000000
0 1029 0.342201 0.106944 0.033857 0.117593 0.756300 1654.000000 1080.000000
0 1030 0.340387 0.105556 0.033857 0.118519 0.740920 1654.000000 1080.000000
0 1031 0.339178 0.104630 0.033857 0.118519 0.756290 1654.000000 1080.000000
0 1032 0.337364 0.101852 0.033857 0.118519 0.740920 1654.000000 1080.000000
0 1033 0.336155 0.100000 0.033857 0.118519 0.742960 1654.000000 1080.000000
0 1034 0.334946 0.098148 0.033857 0.118519 0.760100 1654.000000 1080.000000
0 1035 0.333736 0.096296 0.033857 0.118519 0.762000 1654.000000 1080.000000
0 1036 0.332527 0.094444 0.033857 0.118519 0.762000 1654.000000 1080.000000
0 1037 0.331318 0.092593 0.033857 0.118519 0.763910 1654.000000 1080.000000
0 1038 0.330109 0.090741 0.033857 0.118519 0.780770 1654.000000 1080.000000
0 1039 0.328295 0.088889 0.033857 0.118519 0.763910 1654.000000 1080.000000
0 1040 0.326481 0.087963 0.033857 0.118519 0.763910 1654.000000 1080.000000
0 1041 0.324667 0.086111 0.033857 0.118519 0.747040 1654.000000 1080.000000
0 1042 0.322854 0.085185 0.033857 0.118519 0.730180 1654.000000 1080.000000
0 1043 0.321644 0.083333 0.033857 0.118519 0.747040 1654.000000 1080.000000
0 1044 0.319831 0.082407 0.033857 0.118519 0.730180 1654.000000 1080.000000
0 1045 0.318017 0.080556 0.033857 0.118519 0.730180 1654.000000 1080.000000
0 1046 0.316203 0.079630 0.033857 0.118519 0.713310 1654.000000 1080.000000
0 1047 0.314994 0.077778 0.033857 0.118519 0.713310 1654.000000 1080.000000
0 1048 0.313180 0.076852 0.033857 0.118519 0.713310 1654.000000 1080.000000
0 1049 0.311366 0.075000 0.033857 0.118519 0.696450 1654.000000 1080.000000
0 1050 0.309553 0.074074 0.033857 0.118519 0.679590 1654.000000 1080.000000
0 1051 0.308343 0.073148 0.033857 0.118519 0.694000 1654.000000 1080.000000
0 1052 0.306530 0.071759 0.033857 0.117593 0.674480 1654.000000 1080.000000
0 1053 0.305320 0.070370 0.033857 0.116667 0.691670 1654.000000 1080.000000
0 1054 0.303507 0.068981 0.033857 0.115741 0.671960 1654.000000 1080.000000
0 1055 0.302297 0.067593 0.033857 0.114815 0.672000 1654.000000 1080.000000
0 1056 0.300484 0.066204 0.033857 0.113889 0.654780 1654.000000 1080.000000
0 1057 0.299274 0.065278 0.033857 0.113889 0.654780 1654.000000 1080.000000
0 1058 0.297461 0.063889 0.033857 0.112963 0.637570 1654.000000 1080.000000
0 1059 0.296252 0.062963 0.033857 0.111111 0.634620 1654.000000 1080.000000
0 1060 0.294438 0.061574 0.033857 0.110185 0.617250 1654.000000 1080.000000
0 1061 0.293229 0.060185 0.033857 0.109259 0.617280 1654.000000 1080.000000
0 1062 0.291415 0.059259 0.033857 0.109259 0.617280 1654.000000 1080.000000
0 1063 0.290206 0.057870 0.033857 0.108333 0.634700 1654.000000 1080.000000
0 1064 0.288392 0.056481 0.033857 0.107407 0.617330 1654.000000 1080.000000
0 1065 0.287183 0.055093 0.033857 0.106481 0.637930 1654.000000 1080.000000
0 1066 0.285369 0.053704 0.033857 0.105556 0.637990 1654.000000 1080.000000
0 1067 0.284160 0.053241 0.033857 0.104630 0.634810 1654.000000 1080.000000
0 1068 0.282346 0.052315 0.033857 0.102778 0.631580 1654.000000 1080.000000
0 1069 0.280834 0.051389 0.033253 0.100926 0.625000 1654.000000 1080.000000
0 1070 0.279323 0.050926 0.033857 0.100000 0.649120 1654.000000 1080.000000
0 1071 0.277811 0.050000 0.033253 0.098148 0.660710 1654.000000 1080.000000
0 1072 0.276300 0.049074 0.032648 0.096296 0.606930 1654.000000 1080.000000
0 1073 0.274788 0.048611 0.033253 0.095370 0.533310 1654.000000 1080.000000
0 1074 0.273277 0.047685 0.032648 0.093519 0.477010 1654.000000 1080.000000
0 1075 0.272068 0.047222 0.032648 0.092593 0.409180 1654.000000 1080.000000
0 1076 0.269649 0.046759 0.032648 0.091667 0.303270 1654.000000 1080.000000
0 1077 0.267836 0.046296 0.032648 0.090741 0.219100 1654.000000 1080.000000
0 1078 0.265417 0.045833 0.032648 0.089815 0.109460 1654.000000 1080.000000
0 1079 0.263603 0.045833 0.032648 0.089815 0.034323 1654.000000 1080.000000
0 1080 0.261185 0.045370 0.032648 0.088889 0.032802 1654.000000 1080.000000
0 1081 0.259371 0.044907 0.032648 0.087963 0.026515 1654.000000 1080.000000
0 1082 0.256953 0.044444 0.032648 0.087037 0.018947 1654.000000 1080.000000
0 1083 0.255139 0.044444 0.032648 0.087037 0.018947 1654.000000 1080.000000
0 1084 0.252721 0.043981 0.032648 0.086111 0.011992 1654.000000 1080.000000
0 1085 0.250907 0.043519 0.032648 0.085185 0.006061 1654.000000 1080.000000
0 1086 0.248489 0.043056 0.032648 0.084259 0.005731 1654.000000 1080.000000
0 1087 0.246675 0.043056 0.032648 0.084259 0.013043 1654.000000 1080.000000
0 1088 0.244256 0.042593 0.032648 0.083333 0.039560 1654.000000 1080.000000
0 1089 0.242443 0.042130 0.032648 0.082407 0.064444 1654.000000 1080.000000
0 1090 0.240024 0.041667 0.032648 0.081481 0.087436 1654.000000 1080.000000
0 1091 0.238210 0.041667 0.032648 0.081481 0.104190 1654.000000 1080.000000
0 1092 0.235792 0.040741 0.032648 0.079630 0.119330 1654.000000 1080.000000
0 1093 0.233978 0.040278 0.032648 0.078704 0.093023 1654.000000 1080.000000
0 1094 0.232164 0.039352 0.032648 0.076852 0.078571 1654.000000 1080.000000
0 1095 0.230351 0.038889 0.032648 0.075926 0.072289 1654.000000 1080.000000
0 1096 0.228537 0.038426 0.032648 0.075000 0.060310 1654.000000 1080.000000
0 1097 0.226723 0.037500 0.032648 0.073148 0.055682 1654.000000 1080.000000
0 1098 0.224909 0.037037 0.032648 0.072222 0.049712 1654.000000 1080.000000
0 1099 0.223096 0.036111 0.032648 0.070370 0.042503 1654.000000 1080.000000
0 1100 0.221282 0.035648 0.032648 0.069444 0.032536 1654.000000 1080.000000
0 1101 0.219468 0.035185 0.032648 0.068519 0.029091 1654.000000 1080.000000
0 1102 0.217654 0.034259 0.032648 0.066667 0.018680 1654.000000 1080.000000
0 1103 0.215840 0.033796 0.032648 0.065741 0.015909 1654.000000 1080.000000
0 1104 0.214027 0.032870 0.032648 0.063889 0.012468 1654.000000 1080.000000
0 1105 0.212213 0.032407 0.032648 0.062963 0.006324 1654.000000 1080.000000
0 1106 0.210399 0.031944 0.032648 0.062037 0.003743 1654.000000 1080.000000
0 1107 0.208585 0.031019 0.032648 0.060185 0.000826 1654.000000 1080.000000
0 1108 0.206771 0.030556 0.032648 0.059259 0.000000 1654.000000 1080.000000
0 1109 0.204958 0.029630 0.032648 0.057407 0.000000 1654.000000 1080.000000
0 1110 0.203144 0.029167 0.032648 0.056481 0.000000 1654.000000 1080.000000
0 1111 0.201330 0.028704 0.032648 0.055556 0.000000 1654.000000 1080.000000
0 1112 0.199516 0.027778 0.032648 0.053704 0.000000 1654.000000 1080.000000
0 1113 0.197703 0.027315 0.032648 0.052778 0.002821 1654.000000 1080.000000
0 1114 0.195284 0.026389 0.032648 0.050926 0.006818 1654.000000 1080.000000
0 1115 0.193470 0.025926 0.032648 0.050000 0.007934 1654.000000 1080.000000
0 1116 0.191657 0.025463 0.032648 0.049074 0.005387 1654.000000 1080.000000
0 1117 0.189843 0.024537 0.032648 0.047222 0.006993 1654.000000 1080.000000
0 1118 0.188029 0.024074 0.032648 0.046296 0.000000 1654.000000 1080.000000
0 1119 0.186215 0.023148 0.032648 0.044444 0.000000 1654.000000 1080.000000
0 1120 0.184401 0.022685 0.032648 0.043519 0.000000 1654.000000 1080.000000
0 1121 0.182588 0.022222 0.032648 0.042593 0.000000 1654.000000 1080.000000
0 1122 0.180774 0.021296 0.032648 0.040741 0.000000 1654.000000 1080.000000
0 1123 0.178960 0.020833 0.032648 0.039815 0.000000 1654.000000 1080.000000
0 1124 0.177146 0.019907 0.032648 0.037963 0.000000 1654.000000 1080.000000
0 1125 0.175333 0.019444 0.032648 0.037037 0.000000 1654.000000 1080.000000
0 1126 0.173519 0.018981 0.032648 0.036111 0.002727 1654.000000 1080.000000
0 1127 0.171705 0.018056 0.032648 0.034259 0.007655 1654.000000 1080.000000
0 1128 0.169891 0.017593 0.032648 0.033333 0.012776 1654.000000 1080.000000
0 1129 0.168077 0.016667 0.032648 0.031481 0.008831 1654.000000 1080.000000
0 1130 0.166264 0.016204 0.032648 0.030556 0.011765 1654.000000 1080.000000
0 1131 0.164450 0.015741 0.032648 0.029630 0.013774 1654.000000 1080.000000
0 1132 0.162636 0.014815 0.032648 0.027778 0.000000 1654.000000 1080.000000
0 1133 0.160822 0.014352 0.032648 0.026852 0.009697 1654.000000 1080.000000
0 1134 0.159008 0.013426 0.032648 0.025000 0.272730 1654.000000 1080.000000
0 1135 0.157195 0.012963 0.032648 0.024074 0.272730 1654.000000 1080.000000
0 1136 0.155381 0.012500 0.032648 0.023148 0.283920 1654.000000 1080.000000
0 1137 0.153567 0.012037 0.032648 0.022222 0.315640 1654.000000 1080.000000
0 1138 0.151753 0.011574 0.032648 0.021296 0.350000 1654.000000 1080.000000
0 1139 0.149940 0.011111 0.032648 0.020370 0.407110 1654.000000 1080.000000
0 1140 0.148126 0.010648 0.032648 0.019444 0.449590 1654.000000 1080.000000
0 1141 0.146312 0.010185 0.032648 0.018519 0.506490 1654.000000 1080.000000
