0 543 0.982467 0.757407 0.033857 0.159259 0.316900 1654.000000 1080.000000
0 544 0.981560 0.754630 0.034462 0.159259 0.330480 1654.000000 1080.000000
0 545 0.980955 0.751852 0.035671 0.159259 0.343160 1654.000000 1080.000000
0 546 0.980351 0.749074 0.036880 0.159259 0.354930 1654.000000 1080.000000
0 547 0.979444 0.747222 0.037485 0.159259 0.349670 1654.000000 1080.000000
0 548 0.978839 0.744444 0.038694 0.159259 0.360870 1654.000000 1080.000000
0 549 0.978537 0.741667 0.039299 0.159259 0.374760 1654.000000 1080.000000
0 550 0.977932 0.738889 0.040508 0.159259 0.383120 1654.000000 1080.000000
0 551 0.977025 0.737037 0.041112 0.159259 0.379660 1654.000000 1080.000000
0 552 0.976421 0.734259 0.042322 0.159259 0.390870 1654.000000 1080.000000
0 553 0.975816 0.731481 0.043531 0.159259 0.397580 1654.000000 1080.000000
0 554 0.975514 0.729630 0.044135 0.159259 0.405170 1654.000000 1080.000000
0 555 0.974305 0.726852 0.044135 0.159259 0.399390 1654.000000 1080.000000
0 556 0.973700 0.725000 0.044135 0.159259 0.419470 1654.000000 1080.000000
0 557 0.973096 0.723148 0.044135 0.159259 0.430170 1654.000000 1080.000000
0 558 0.972491 0.721296 0.044135 0.159259 0.441100 1654.000000 1080.000000
0 559 0.971584 0.719444 0.044740 0.159259 0.451330 1654.000000 1080.000000
0 560 0.970979 0.717593 0.044740 0.159259 0.462200 1654.000000 1080.000000
0 561 0.970073 0.715741 0.044135 0.159259 0.465400 1654.000000 1080.000000
0 562 0.969468 0.713889 0.044135 0.159259 0.489060 1654.000000 1080.000000
0 563 0.968561 0.712037 0.044740 0.159259 0.494260 1654.000000 1080.000000
0 564 0.967956 0.710185 0.044740 0.159259 0.505280 1654.000000 1080.000000
0 565 0.967352 0.708333 0.044740 0.159259 0.517840 1654.000000 1080.000000
0 566 0.966747 0.706481 0.044740 0.159259 0.527710 1654.000000 1080.000000
0 567 0.965538 0.703704 0.044740 0.159259 0.531330 1654.000000 1080.000000
0 568 0.964329 0.701852 0.044740 0.159259 0.532490 1654.000000 1080.000000
0 569 0.963724 0.699074 0.044740 0.159259 0.542810 1654.000000 1080.000000
0 570 0.962515 0.697222 0.044740 0.159259 0.347280 1654.000000 1080.000000
0 571 0.961306 0.694444 0.044740 0.159259 0.347510 1654.000000 1080.000000
0 572 0.960701 0.692593 0.044740 0.159259 0.352370 1654.000000 1080.000000
0 573 0.959492 0.690741 0.044740 0.159259 0.348750 1654.000000 1080.000000
0 574 0.958283 0.687963 0.044740 0.159259 0.349670 1654.000000 1080.000000
0 575 0.957678 0.686111 0.044740 0.159259 0.346740 1654.000000 1080.000000
0 576 0.956469 0.683333 0.044740 0.159259 0.356990 1654.000000 1080.000000
0 577 0.955260 0.681481 0.044740 0.159259 0.353910 1654.000000 1080.000000
0 578 0.954655 0.679630 0.044740 0.159259 0.358690 1654.000000 1080.000000
0 579 0.953446 0.676852 0.044740 0.159259 0.361460 1654.000000 1080.000000
0 580 0.952842 0.674074 0.044740 0.159259 0.365390 1654.000000 1080.000000
0 581 0.951632 0.671296 0.044740 0.159259 0.372560 1654.000000 1080.000000
0 582 0.951028 0.669444 0.044740 0.159259 0.372720 1654.000000 1080.000000
0 583 0.949819 0.666667 0.044740 0.159259 0.325930 1654.000000 1080.000000
0 584 0.949214 0.663889 0.044740 0.159259 0.326860 1654.000000 1080.000000
0 585 0.948005 0.662037 0.044740 0.159259 0.319380 1654.000000 1080.000000
0 586 0.947400 0.659259 0.044740 0.159259 0.326470 1654.000000 1080.000000
0 587 0.946191 0.656481 0.044740 0.159259 0.322390 1654.000000 1080.000000
0 588 0.945586 0.654630 0.044740 0.159259 0.323390 1654.000000 1080.000000
0 589 0.943773 0.651852 0.044740 0.159259 0.320850 1654.000000 1080.000000
0 590 0.942261 0.650000 0.044135 0.159259 0.319640 1654.000000 1080.000000
0 591 0.940447 0.647685 0.044135 0.160185 0.316870 1654.000000 1080.000000
0 592 0.938936 0.645370 0.043531 0.159259 0.322670 1654.000000 1080.000000
0 593 0.937424 0.643519 0.042926 0.159259 0.335740 1654.000000 1080.000000
0 594 0.935611 0.641204 0.042926 0.160185 0.339000 1654.000000 1080.000000
0 595 0.934099 0.639352 0.042322 0.160185 0.334870 1654.000000 1080.000000
0 596 0.932588 0.637037 0.041717 0.159259 0.335260 1654.000000 1080.000000
0 597 0.930774 0.634722 0.041717 0.160185 0.336700 1654.000000 1080.000000
0 598 0.929262 0.632870 0.041112 0.160185 0.333330 1654.000000 1080.000000
0 599 0.928053 0.631019 0.041112 0.160185 0.333330 1654.000000 1080.000000
0 600 0.926844 0.629167 0.041112 0.160185 0.334330 1654.000000 1080.000000
0 601 0.926239 0.627315 0.041112 0.160185 0.327000 1654.000000 1080.000000
0 602 0.925333 0.624537 0.040508 0.158333 0.328830 1654.000000 1080.000000
0 603 0.924728 0.622222 0.040508 0.157407 0.322150 1654.000000 1080.000000
0 604 0.924123 0.620370 0.040508 0.155556 0.323090 1654.000000 1080.000000
0 605 0.923519 0.617593 0.040508 0.153704 0.318330 1654.000000 1080.000000
0 606 0.922612 0.615278 0.039903 0.152778 0.320990 1654.000000 1080.000000
0 607 0.922310 0.613426 0.039299 0.150926 0.311070 1654.000000 1080.000000
0 608 0.921705 0.611111 0.039299 0.150000 0.315860 1654.000000 1080.000000
0 609 0.921100 0.608796 0.039299 0.147222 0.316860 1654.000000 1080.000000
0 610 0.920496 0.606481 0.039299 0.146296 0.321800 1654.000000 1080.000000
0 611 0.919589 0.604167 0.038694 0.145370 0.321810 1654.000000 1080.000000
0 612 0.918984 0.601852 0.038694 0.142593 0.324370 1654.000000 1080.000000
0 613 0.918682 0.599537 0.038089 0.141667 0.331370 1654.000000 1080.000000
0 614 0.918077 0.597685 0.038089 0.139815 0.329770 1654.000000 1080.000000
0 615 0.917170 0.595370 0.037485 0.138889 0.329760 1654.000000 1080.000000
0 616 0.916566 0.592593 0.037485 0.137037 0.340470 1654.000000 1080.000000
0 617 0.915961 0.590741 0.037485 0.135185 0.338520 1654.000000 1080.000000
0 618 0.915357 0.588426 0.037485 0.134259 0.341490 1654.000000 1080.000000
0 619 0.915054 0.586574 0.036880 0.132407 0.347670 1654.000000 1080.000000
0 620 0.913845 0.584722 0.036880 0.132407 0.343860 1654.000000 1080.000000
0 621 0.912636 0.582870 0.036880 0.132407 0.339380 1654.000000 1080.000000
0 622 0.912031 0.581944 0.036880 0.132407 0.336810 1654.000000 1080.000000
0 623 0.910822 0.580093 0.036880 0.132407 0.334680 1654.000000 1080.000000
0 624 0.909915 0.579167 0.037485 0.132407 0.326390 1654.000000 1080.000000
0 625 0.909008 0.577315 0.036880 0.132407 0.327730 1654.000000 1080.000000
0 626 0.907799 0.575463 0.036880 0.132407 0.326160 1654.000000 1080.000000
0 627 0.906892 0.574537 0.037485 0.132407 0.314480 1654.000000 1080.000000
0 628 0.905985 0.572685 0.036880 0.132407 0.316640 1654.000000 1080.000000
0 629 0.905079 0.571759 0.037485 0.132407 0.305220 1654.000000 1080.000000
0 630 0.903869 0.569907 0.037485 0.132407 0.301480 1654.000000 1080.000000
0 631 0.902963 0.568056 0.036880 0.132407 0.302640 1654.000000 1080.000000
0 632 0.902056 0.567130 0.037485 0.132407 0.292330 1654.000000 1080.000000
0 633 0.900846 0.565278 0.037485 0.132407 0.287810 1654.000000 1080.000000
0 634 0.900242 0.564352 0.037485 0.132407 0.282300 1654.000000 1080.000000
0 635 0.899033 0.562500 0.037485 0.132407 0.278440 1654.000000 1080.000000
0 636 0.898428 0.560648 0.037485 0.132407 0.278440 1654.000000 1080.000000
0 637 0.897823 0.558796 0.037485 0.132407 0.281970 1654.000000 1080.000000
0 638 0.897219 0.556944 0.037485 0.132407 0.281970 1654.000000 1080.000000
0 639 0.896614 0.555093 0.037485 0.132407 0.284720 1654.000000 1080.000000
0 640 0.896010 0.553241 0.037485 0.132407 0.289680 1654.000000 1080.000000
0 641 0.895405 0.551389 0.037485 0.132407 0.293210 1654.000000 1080.000000
0 642 0.894196 0.549537 0.037485 0.132407 0.295860 1654.000000 1080.000000
0 643 0.893591 0.547685 0.037485 0.132407 0.295860 1654.000000 1080.000000
0 644 0.892987 0.545833 0.037485 0.132407 0.302250 1654.000000 1080.000000
0 645 0.892382 0.544907 0.037485 0.132407 0.295300 1654.000000 1080.000000
0 646 0.891778 0.543056 0.037485 0.132407 0.303460 1654.000000 1080.000000
0 647 0.891173 0.541204 0.037485 0.132407 0.305780 1654.000000 1080.000000
0 648 0.890568 0.539352 0.037485 0.132407 0.310850 1654.000000 1080.000000
0 649 0.889359 0.537500 0.037485 0.132407 0.309190 1654.000000 1080.000000
0 650 0.888755 0.535648 0.037485 0.132407 0.313380 1654.000000 1080.000000
0 651 0.888150 0.533796 0.037485 0.132407 0.317570 1654.000000 1080.000000
0 652 0.887545 0.531944 0.037485 0.132407 0.319780 1654.000000 1080.000000
0 653 0.886941 0.530093 0.037485 0.132407 0.320330 1654.000000 1080.000000
0 654 0.886336 0.528241 0.037485 0.132407 0.320330 1654.000000 1080.000000
0 655 0.885732 0.527315 0.037485 0.132407 0.312060 1654.000000 1080.000000
0 656 0.884825 0.525463 0.036880 0.132407 0.310040 1654.000000 1080.000000
0 657 0.884220 0.524537 0.036880 0.132407 0.303990 1654.000000 1080.000000
0 658 0.883615 0.522685 0.036880 0.132407 0.306450 1654.000000 1080.000000
0 659 0.883011 0.521759 0.036880 0.132407 0.295810 1654.000000 1080.000000
0 660 0.882406 0.520833 0.036880 0.132407 0.289310 1654.000000 1080.000000
0 661 0.881802 0.518981 0.036880 0.132407 0.291220 1654.000000 1080.000000
0 662 0.881197 0.518056 0.036880 0.132407 0.280910 1654.000000 1080.000000
0 663 0.880290 0.517130 0.036276 0.132407 0.280050 1654.000000 1080.000000
0 664 0.879686 0.515278 0.036276 0.132407 0.287230 1654.000000 1080.000000
0 665 0.879081 0.514352 0.036276 0.132407 0.290190 1654.000000 1080.000000
0 666 0.878476 0.512500 0.036276 0.132407 0.294970 1654.000000 1080.000000
0 667 0.877872 0.511574 0.036276 0.132407 0.294970 1654.000000 1080.000000
0 668 0.877267 0.510648 0.036276 0.132407 0.297590 1654.000000 1080.000000
0 669 0.876663 0.508796 0.036276 0.132407 0.305780 1654.000000 1080.000000
0 670 0.876360 0.507870 0.035671 0.132407 0.307750 1654.000000 1080.000000
0 671 0.875453 0.506944 0.035067 0.132407 0.309560 1654.000000 1080.000000
0 672 0.874849 0.505093 0.035067 0.132407 0.314620 1654.000000 1080.000000
0 673 0.874244 0.504167 0.035067 0.132407 0.314500 1654.000000 1080.000000
0 674 0.873640 0.503241 0.035067 0.132407 0.317560 1654.000000 1080.000000
0 675 0.873035 0.501389 0.035067 0.132407 0.314500 1654.000000 1080.000000
0 676 0.872430 0.500463 0.035067 0.132407 0.307670 1654.000000 1080.000000
0 677 0.871826 0.498611 0.035067 0.132407 0.307790 1654.000000 1080.000000
0 678 0.870919 0.497685 0.034462 0.132407 0.300050 1654.000000 1080.000000
0 679 0.870314 0.496759 0.034462 0.132407 0.294900 1654.000000 1080.000000
0 680 0.869710 0.494907 0.034462 0.132407 0.294900 1654.000000 1080.000000
0 681 0.869105 0.493981 0.034462 0.132407 0.284000 1654.000000 1080.000000
0 682 0.868501 0.493056 0.034462 0.132407 0.278860 1654.000000 1080.000000
0 683 0.867896 0.491204 0.034462 0.132407 0.274900 1654.000000 1080.000000
0 684 0.867291 0.490278 0.034462 0.132407 0.268200 1654.000000 1080.000000
0 685 0.866989 0.489352 0.033857 0.132407 0.263770 1654.000000 1080.000000
0 686 0.866082 0.487500 0.033253 0.132407 0.261160 1654.000000 1080.000000
0 687 0.865478 0.485648 0.033253 0.132407 0.264760 1654.000000 1080.000000
0 688 0.864873 0.483796 0.033253 0.132407 0.271700 1654.000000 1080.000000
0 689 0.864268 0.481944 0.033253 0.132407 0.271950 1654.000000 1080.000000
0 690 0.863664 0.480093 0.033253 0.132407 0.278890 1654.000000 1080.000000
0 691 0.863059 0.478241 0.033253 0.132407 0.284230 1654.000000 1080.000000
0 692 0.862455 0.477315 0.033253 0.132407 0.282490 1654.000000 1080.000000
0 693 0.861850 0.475463 0.033253 0.132407 0.287700 1654.000000 1080.000000
0 694 0.861245 0.473611 0.033253 0.132407 0.289680 1654.000000 1080.000000
0 695 0.860641 0.471759 0.033253 0.132407 0.296880 1654.000000 1080.000000
0 696 0.860036 0.469907 0.032044 0.132407 0.303630 1654.000000 1080.000000
0 697 0.859432 0.468056 0.032044 0.132407 0.309030 1654.000000 1080.000000
0 698 0.858827 0.467130 0.032044 0.132407 0.310440 1654.000000 1080.000000
0 699 0.858222 0.465278 0.032044 0.132407 0.312500 1654.000000 1080.000000
0 700 0.857618 0.463426 0.032044 0.132407 0.319440 1654.000000 1080.000000
0 701 0.857013 0.461574 0.032044 0.132407 0.324330 1654.000000 1080.000000
0 702 0.856409 0.459722 0.032044 0.132407 0.322920 1654.000000 1080.000000
0 703 0.855804 0.457870 0.032044 0.132407 0.326390 1654.000000 1080.000000
0 704 0.855200 0.456944 0.032044 0.132407 0.319440 1654.000000 1080.000000
0 705 0.854595 0.455093 0.032044 0.132407 0.322920 1654.000000 1080.000000
0 706 0.853990 0.453241 0.030834 0.132407 0.319710 1654.000000 1080.000000
0 707 0.853386 0.451389 0.030834 0.132407 0.323580 1654.000000 1080.000000
0 708 0.852781 0.449537 0.030834 0.132407 0.323580 1654.000000 1080.000000
0 709 0.852177 0.447685 0.030834 0.132407 0.327460 1654.000000 1080.000000
0 710 0.851572 0.446759 0.030834 0.132407 0.316240 1654.000000 1080.000000
0 711 0.850967 0.444907 0.030834 0.132407 0.320250 1654.000000 1080.000000
0 712 0.850363 0.443056 0.030834 0.132407 0.323050 1654.000000 1080.000000
0 713 0.849758 0.441204 0.030834 0.132407 0.327190 1654.000000 1080.000000
0 714 0.849154 0.439352 0.030834 0.132407 0.327190 1654.000000 1080.000000
0 715 0.848549 0.437500 0.030834 0.132407 0.331330 1654.000000 1080.000000
0 716 0.848247 0.436574 0.030230 0.132407 0.330070 1654.000000 1080.000000
0 717 0.847037 0.434722 0.030230 0.132407 0.328980 1654.000000 1080.000000
0 718 0.846131 0.432870 0.030834 0.132407 0.328260 1654.000000 1080.000000
0 719 0.845526 0.431019 0.030834 0.132407 0.328260 1654.000000 1080.000000
0 720 0.844317 0.430093 0.030834 0.132407 0.321580 1654.000000 1080.000000
0 721 0.843410 0.428241 0.031439 0.132407 0.319840 1654.000000 1080.000000
0 722 0.842805 0.426389 0.031439 0.132407 0.324290 1654.000000 1080.000000
0 723 0.841596 0.424537 0.031439 0.132407 0.328490 1654.000000 1080.000000
0 724 0.840992 0.423611 0.031439 0.132407 0.321540 1654.000000 1080.000000
0 725 0.840085 0.421759 0.032044 0.132407 0.324460 1654.000000 1080.000000
0 726 0.839178 0.419907 0.032648 0.132407 0.319950 1654.000000 1080.000000
0 727 0.838271 0.418056 0.032044 0.132407 0.322270 1654.000000 1080.000000
0 728 0.837364 0.417130 0.032648 0.132407 0.313510 1654.000000 1080.000000
0 729 0.836457 0.415278 0.033253 0.132407 0.316220 1654.000000 1080.000000
0 730 0.835550 0.413426 0.032648 0.132407 0.318560 1654.000000 1080.000000
0 731 0.834643 0.411574 0.033253 0.132407 0.312750 1654.000000 1080.000000
0 732 0.834039 0.410648 0.033253 0.132407 0.305800 1654.000000 1080.000000
0 733 0.833132 0.408796 0.033857 0.132407 0.300800 1654.000000 1080.000000
0 734 0.831923 0.406944 0.033857 0.132407 0.297510 1654.000000 1080.000000
0 735 0.831318 0.405093 0.033857 0.132407 0.297510 1654.000000 1080.000000
0 736 0.830411 0.404167 0.034462 0.132407 0.285320 1654.000000 1080.000000
0 737 0.829202 0.402315 0.034462 0.132407 0.284120 1654.000000 1080.000000
0 738 0.828597 0.400463 0.034462 0.132407 0.285080 1654.000000 1080.000000
0 739 0.827690 0.398611 0.035067 0.132407 0.282130 1654.000000 1080.000000
0 740 0.827086 0.397685 0.035067 0.132407 0.275070 1654.000000 1080.000000
0 741 0.825877 0.396759 0.035067 0.132407 0.266710 1654.000000 1080.000000
0 742 0.825272 0.395833 0.035067 0.132407 0.256000 1654.000000 1080.000000
0 743 0.824667 0.394907 0.035067 0.132407 0.250940 1654.000000 1080.000000
0 744 0.824063 0.393981 0.035067 0.132407 0.244000 1654.000000 1080.000000
0 745 0.823458 0.393056 0.035067 0.132407 0.242110 1654.000000 1080.000000
0 746 0.822854 0.392130 0.035067 0.132407 0.240820 1654.000000 1080.000000
0 747 0.822249 0.391204 0.035067 0.132407 0.238940 1654.000000 1080.000000
0 748 0.821040 0.390278 0.035067 0.132407 0.234110 1654.000000 1080.000000
0 749 0.820435 0.389352 0.035067 0.132407 0.230930 1654.000000 1080.000000
0 750 0.819831 0.388426 0.035067 0.132407 0.229520 1654.000000 1080.000000
0 751 0.819226 0.387500 0.035067 0.132407 0.224690 1654.000000 1080.000000
0 752 0.818622 0.386574 0.035067 0.132407 0.223280 1654.000000 1080.000000
0 753 0.818017 0.385648 0.035067 0.132407 0.218570 1654.000000 1080.000000
0 754 0.817412 0.384722 0.035067 0.132407 0.215510 1654.000000 1080.000000
0 755 0.816203 0.383796 0.035067 0.132407 0.207390 1654.000000 1080.000000
0 756 0.815599 0.382870 0.035067 0.132407 0.205860 1654.000000 1080.000000
0 757 0.814994 0.381944 0.035067 0.132407 0.199150 1654.000000 1080.000000
0 758 0.814389 0.381019 0.035067 0.132407 0.196210 1654.000000 1080.000000
0 759 0.813785 0.380093 0.035067 0.132407 0.191850 1654.000000 1080.000000
0 760 0.813180 0.379167 0.035067 0.132407 0.189150 1654.000000 1080.000000
0 761 0.812576 0.378241 0.035067 0.132407 0.184680 1654.000000 1080.000000
0 762 0.811971 0.378241 0.035067 0.132407 0.176320 1654.000000 1080.000000
0 763 0.811366 0.376389 0.035067 0.132407 0.179030 1654.000000 1080.000000
0 764 0.810762 0.374537 0.035067 0.132407 0.180670 1654.000000 1080.000000
0 765 0.810157 0.372685 0.035067 0.132407 0.134060 1654.000000 1080.000000
0 766 0.809553 0.371759 0.035067 0.132407 0.134180 1654.000000 1080.000000
0 767 0.808948 0.369907 0.035067 0.132407 0.137830 1654.000000 1080.000000
0 768 0.808343 0.368056 0.035067 0.132407 0.144070 1654.000000 1080.000000
0 769 0.807739 0.367130 0.035067 0.132407 0.142660 1654.000000 1080.000000
0 770 0.807134 0.365278 0.035067 0.132407 0.148780 1654.000000 1080.000000
0 771 0.806530 0.363426 0.035067 0.132407 0.150660 1654.000000 1080.000000
0 772 0.805925 0.362500 0.035067 0.132407 0.150420 1654.000000 1080.000000
0 773 0.805320 0.360648 0.035067 0.132407 0.151950 1654.000000 1080.000000
0 774 0.805018 0.358796 0.034462 0.132407 0.158760 1654.000000 1080.000000
0 775 0.804414 0.356944 0.034462 0.132407 0.162240 1654.000000 1080.000000
0 776 0.803809 0.356019 0.034462 0.132407 0.160440 1654.000000 1080.000000
0 777 0.803204 0.354167 0.034462 0.132407 0.164030 1654.000000 1080.000000
0 778 0.802600 0.352315 0.034462 0.132407 0.170260 1654.000000 1080.000000
0 779 0.801995 0.351389 0.034462 0.132407 0.167620 1654.000000 1080.000000
0 780 0.801693 0.349537 0.035067 0.132407 0.175380 1654.000000 1080.000000
0 781 0.801088 0.347685 0.035067 0.132407 0.180440 1654.000000 1080.000000
0 782 0.800484 0.346759 0.035067 0.132407 0.179260 1654.000000 1080.000000
0 783 0.799879 0.344907 0.035067 0.132407 0.184320 1654.000000 1080.000000
0 784 0.799274 0.343056 0.035067 0.132407 0.191270 1654.000000 1080.000000
0 785 0.798670 0.342130 0.035067 0.132407 0.187260 1654.000000 1080.000000
0 786 0.798368 0.340278 0.034462 0.132407 0.193250 1654.000000 1080.000000
0 787 0.797763 0.338426 0.034462 0.132407 0.198870 1654.000000 1080.000000
0 788 0.797158 0.336574 0.034462 0.132407 0.203900 1654.000000 1080.000000
0 789 0.796554 0.335648 0.034462 0.132407 0.203900 1654.000000 1080.000000
0 790 0.795949 0.333796 0.034462 0.132407 0.206420 1654.000000 1080.000000
0 791 0.795345 0.331944 0.034462 0.132407 0.212050 1654.000000 1080.000000
0 792 0.794740 0.331019 0.034462 0.132407 0.207140 1654.000000 1080.000000
0 793 0.794135 0.329167 0.034462 0.132407 0.209290 1654.000000 1080.000000
0 794 0.793531 0.327315 0.034462 0.132407 0.211330 1654.000000 1080.000000
0 795 0.792926 0.326389 0.034462 0.132407 0.205580 1654.000000 1080.000000
0 796 0.792322 0.324537 0.034462 0.132407 0.211450 1654.000000 1080.000000
0 797 0.791717 0.322685 0.034462 0.132407 0.210250 1654.000000 1080.000000
0 798 0.791717 0.321759 0.034462 0.132407 0.212640 1654.000000 1080.000000
0 799 0.791112 0.320833 0.034462 0.132407 0.210490 1654.000000 1080.000000
0 800 0.791112 0.319907 0.034462 0.132407 0.204620 1654.000000 1080.000000
0 801 0.791112 0.318981 0.034462 0.132407 0.204740 1654.000000 1080.000000
0 802 0.791112 0.318056 0.034462 0.132407 0.199950 1654.000000 1080.000000
0 803 0.791112 0.317130 0.034462 0.132407 0.199950 1654.000000 1080.000000
0 804 0.791112 0.316204 0.034462 0.132407 0.199470 1654.000000 1080.000000
0 805 0.790508 0.315278 0.034462 0.132407 0.191810 1654.000000 1080.000000
0 806 0.790508 0.315278 0.034462 0.132407 0.186780 1654.000000 1080.000000
0 807 0.790508 0.314352 0.034462 0.132407 0.187980 1654.000000 1080.000000
0 808 0.790508 0.313426 0.034462 0.132407 0.185700 1654.000000 1080.000000
0 809 0.790508 0.312500 0.034462 0.132407 0.157090 1654.000000 1080.000000
0 810 0.790508 0.311574 0.034462 0.132407 0.154210 1654.000000 1080.000000
0 811 0.790508 0.310648 0.034462 0.132407 0.151820 1654.000000 1080.000000
0 812 0.789903 0.309722 0.034462 0.132407 0.155890 1654.000000 1080.000000
0 813 0.789903 0.308796 0.034462 0.132407 0.153020 1654.000000 1080.000000
0 814 0.789903 0.308796 0.034462 0.132407 0.149190 1654.000000 1080.000000
0 815 0.789903 0.307870 0.034462 0.132407 0.150140 1654.000000 1080.000000
0 816 0.789903 0.306944 0.034462 0.132407 0.148470 1654.000000 1080.000000
0 817 0.789903 0.306019 0.034462 0.132407 0.151700 1654.000000 1080.000000
0 818 0.789299 0.305093 0.034462 0.132407 0.151460 1654.000000 1080.000000
0 819 0.789299 0.304167 0.034462 0.132407 0.154690 1654.000000 1080.000000
0 820 0.789299 0.303241 0.034462 0.132407 0.157930 1654.000000 1080.000000
0 821 0.789299 0.303241 0.034462 0.132407 0.154210 1654.000000 1080.000000
0 822 0.789299 0.302315 0.034462 0.132407 0.156370 1654.000000 1080.000000
0 823 0.789299 0.301389 0.034462 0.132407 0.158410 1654.000000 1080.000000
0 824 0.789299 0.300463 0.034462 0.132407 0.160440 1654.000000 1080.000000
0 825 0.788694 0.299537 0.034462 0.132407 0.163190 1654.000000 1080.000000
0 826 0.788694 0.298611 0.034462 0.132407 0.160800 1654.000000 1080.000000
0 827 0.788694 0.297685 0.034462 0.132407 0.162720 1654.000000 1080.000000
0 828 0.788694 0.296759 0.034462 0.132407 0.163550 1654.000000 1080.000000
0 829 0.788694 0.296759 0.034462 0.132407 0.158520 1654.000000 1080.000000
0 830 0.788694 0.295833 0.034462 0.132407 0.163070 1654.000000 1080.000000
0 831 0.788694 0.294907 0.034462 0.132407 0.150620 1654.000000 1080.000000
0 832 0.788089 0.293981 0.034462 0.132407 0.154810 1654.000000 1080.000000
0 833 0.788089 0.293056 0.034462 0.132407 0.155530 1654.000000 1080.000000
0 834 0.788089 0.292130 0.034462 0.132407 0.157330 1654.000000 1080.000000
0 835 0.788089 0.291204 0.034462 0.132407 0.158050 1654.000000 1080.000000
0 836 0.788089 0.291204 0.034462 0.132407 0.152900 1654.000000 1080.000000
0 837 0.788089 0.290278 0.034462 0.132407 0.154330 1654.000000 1080.000000
0 838 0.787485 0.289352 0.034462 0.132407 0.157570 1654.000000 1080.000000
0 839 0.787485 0.288426 0.034462 0.132407 0.158170 1654.000000 1080.000000
0 840 0.787485 0.287500 0.034462 0.132407 0.159840 1654.000000 1080.000000
0 841 0.787485 0.286574 0.034462 0.132407 0.161040 1654.000000 1080.000000
0 842 0.787485 0.285648 0.034462 0.132407 0.162720 1654.000000 1080.000000
0 843 0.787485 0.284722 0.034462 0.132407 0.163310 1654.000000 1080.000000
0 844 0.787485 0.284722 0.034462 0.132407 0.158050 1654.000000 1080.000000
0 845 0.786880 0.283796 0.034462 0.132407 0.159600 1654.000000 1080.000000
0 846 0.786880 0.282870 0.034462 0.132407 0.161160 1654.000000 1080.000000
0 847 0.786880 0.281944 0.034462 0.132407 0.161640 1654.000000 1080.000000
0 848 0.786880 0.281019 0.034462 0.132407 0.164270 1654.000000 1080.000000
0 849 0.786880 0.280093 0.034462 0.132407 0.164990 1654.000000 1080.000000
0 850 0.786880 0.279167 0.034462 0.132407 0.166430 1654.000000 1080.000000
0 851 0.786880 0.279167 0.034462 0.132407 0.159840 1654.000000 1080.000000
0 852 0.786880 0.278241 0.034462 0.132407 0.161280 1654.000000 1080.000000
0 853 0.787485 0.277315 0.034462 0.132407 0.162840 1654.000000 1080.000000
0 854 0.788089 0.277315 0.034462 0.132407 0.158410 1654.000000 1080.000000
0 855 0.788694 0.276389 0.034462 0.132407 0.164030 1654.000000 1080.000000
0 856 0.789299 0.275926 0.034462 0.131481 0.161320 1654.000000 1080.000000
0 857 0.789299 0.275463 0.034462 0.132407 0.160440 1654.000000 1080.000000
0 858 0.789903 0.274537 0.034462 0.132407 0.163670 1654.000000 1080.000000
0 859 0.790508 0.274537 0.034462 0.132407 0.158760 1654.000000 1080.000000
0 860 0.791112 0.273611 0.034462 0.132407 0.161640 1654.000000 1080.000000
0 861 0.791717 0.273148 0.034462 0.131481 0.160120 1654.000000 1080.000000
0 862 0.792019 0.272685 0.033857 0.132407 0.161060 1654.000000 1080.000000
0 863 0.792322 0.271759 0.034462 0.132407 0.163070 1654.000000 1080.000000
0 864 0.792926 0.271296 0.034462 0.131481 0.165180 1654.000000 1080.000000
0 865 0.793531 0.270833 0.034462 0.132407 0.169300 1654.000000 1080.000000
0 866 0.794135 0.270370 0.034462 0.131481 0.166260 1654.000000 1080.000000
0 867 0.794438 0.269907 0.033857 0.132407 0.169590 1654.000000 1080.000000
0 868 0.794740 0.268981 0.034462 0.132407 0.170860 1654.000000 1080.000000
0 869 0.795345 0.268519 0.034462 0.131481 0.173860 1654.000000 1080.000000
0 870 0.795949 0.268056 0.034462 0.132407 0.175530 1654.000000 1080.000000
0 871 0.796554 0.267593 0.034462 0.131481 0.177720 1654.000000 1080.000000
0 872 0.796856 0.266667 0.033857 0.131481 0.179120 1654.000000 1080.000000
0 873 0.797461 0.266204 0.033857 0.132407 0.187260 1654.000000 1080.000000
0 874 0.797763 0.265741 0.034462 0.131481 0.180850 1654.000000 1080.000000
0 875 0.798368 0.265278 0.034462 0.132407 0.187740 1654.000000 1080.000000
0 876 0.798972 0.264815 0.034462 0.131481 0.183990 1654.000000 1080.000000
0 877 0.799274 0.263889 0.033857 0.131481 0.186970 1654.000000 1080.000000
0 878 0.799879 0.263426 0.033857 0.132407 0.192620 1654.000000 1080.000000
0 879 0.800181 0.262963 0.034462 0.131481 0.186160 1654.000000 1080.000000
0 880 0.800786 0.262500 0.034462 0.132407 0.191810 1654.000000 1080.000000
0 881 0.801391 0.262037 0.034462 0.131481 0.188810 1654.000000 1080.000000
0 882 0.801693 0.261111 0.033857 0.131481 0.193230 1654.000000 1080.000000
0 883 0.802297 0.260648 0.033857 0.132407 0.196150 1654.000000 1080.000000
0 884 0.802902 0.260185 0.033857 0.131481 0.197520 1654.000000 1080.000000
0 885 0.803204 0.259259 0.034462 0.131481 0.197970 1654.000000 1080.000000
0 886 0.803809 0.259259 0.034462 0.131481 0.197970 1654.000000 1080.000000
0 887 0.804111 0.258333 0.033857 0.131481 0.197150 1654.000000 1080.000000
0 888 0.804716 0.257870 0.033857 0.132407 0.203700 1654.000000 1080.000000
0 889 0.805320 0.257407 0.033857 0.131481 0.204270 1654.000000 1080.000000
0 890 0.805623 0.256481 0.034462 0.131481 0.203280 1654.000000 1080.000000
0 891 0.806227 0.256481 0.034462 0.131481 0.202440 1654.000000 1080.000000
0 892 0.806530 0.255556 0.033857 0.131481 0.200340 1654.000000 1080.000000
0 893 0.807134 0.254630 0.033857 0.131481 0.207700 1654.000000 1080.000000
0 894 0.807739 0.254630 0.033857 0.131481 0.202310 1654.000000 1080.000000
0 895 0.808343 0.253704 0.033857 0.131481 0.212120 1654.000000 1080.000000
0 896 0.808646 0.253704 0.034462 0.131481 0.204120 1654.000000 1080.000000
0 897 0.808948 0.252778 0.033857 0.131481 0.206480 1654.000000 1080.000000
0 898 0.809553 0.251852 0.033857 0.131481 0.207090 1654.000000 1080.000000
0 899 0.810157 0.251852 0.033857 0.131481 0.204880 1654.000000 1080.000000
0 900 0.810762 0.250926 0.033857 0.131481 0.205500 1654.000000 1080.000000
0 901 0.811366 0.250926 0.033857 0.131481 0.205130 1654.000000 1080.000000
0 902 0.811366 0.249537 0.033857 0.130556 0.207310 1654.000000 1080.000000
0 903 0.811669 0.248148 0.033253 0.129630 0.209350 1654.000000 1080.000000
0 904 0.812273 0.247222 0.033253 0.127778 0.208380 1654.000000 1080.000000
0 905 0.812273 0.245833 0.033253 0.126852 0.203930 1654.000000 1080.000000
0 906 0.812576 0.244444 0.032648 0.125926 0.205970 1654.000000 1080.000000
0 907 0.813180 0.243519 0.032648 0.124074 0.198520 1654.000000 1080.000000
0 908 0.813180 0.242130 0.032648 0.123148 0.198640 1654.000000 1080.000000
0 909 0.813482 0.240741 0.032044 0.122222 0.196320 1654.000000 1080.000000
0 910 0.814087 0.239815 0.032044 0.120370 0.189990 1654.000000 1080.000000
0 911 0.814087 0.238426 0.032044 0.119444 0.188890 1654.000000 1080.000000
0 912 0.814389 0.237037 0.031439 0.118519 0.185750 1654.000000 1080.000000
0 913 0.814994 0.236574 0.031439 0.117593 0.183960 1654.000000 1080.000000
0 914 0.814994 0.234722 0.031439 0.117593 0.183670 1654.000000 1080.000000
0 915 0.814994 0.233796 0.031439 0.117593 0.175710 1654.000000 1080.000000
0 916 0.814994 0.232870 0.031439 0.117593 0.168340 1654.000000 1080.000000
0 917 0.814994 0.231481 0.031439 0.118519 0.166010 1654.000000 1080.000000
0 918 0.814994 0.230093 0.031439 0.117593 0.168040 1654.000000 1080.000000
0 919 0.814994 0.229167 0.031439 0.117593 0.153150 1654.000000 1080.000000
0 920 0.814994 0.228241 0.031439 0.117593 0.143130 1654.000000 1080.000000
0 921 0.814994 0.226852 0.031439 0.118519 0.150210 1654.000000 1080.000000
0 922 0.814994 0.225926 0.031439 0.118519 0.134850 1654.000000 1080.000000
0 923 0.814994 0.224537 0.031439 0.117593 0.133990 1654.000000 1080.000000
0 924 0.814994 0.223148 0.031439 0.118519 0.132510 1654.000000 1080.000000
0 925 0.814994 0.222222 0.031439 0.118519 0.116570 1654.000000 1080.000000
0 926 0.814994 0.221296 0.031439 0.118519 0.116570 1654.000000 1080.000000
0 927 0.814994 0.219907 0.031439 0.117593 0.115420 1654.000000 1080.000000
0 928 0.814994 0.218519 0.031439 0.118519 0.114960 1654.000000 1080.000000
0 929 0.814994 0.217593 0.031439 0.118519 0.112480 1654.000000 1080.000000
0 930 0.814994 0.216667 0.031439 0.118519 0.110430 1654.000000 1080.000000
0 931 0.814994 0.215741 0.031439 0.118519 0.103410 1654.000000 1080.000000
0 932 0.814994 0.213889 0.031439 0.118519 0.111160 1654.000000 1080.000000
0 933 0.815599 0.212037 0.031439 0.118519 0.113940 1654.000000 1080.000000
0 934 0.815901 0.210185 0.032044 0.118519 0.120590 1654.000000 1080.000000
0 935 0.816203 0.209259 0.031439 0.118519 0.116720 1654.000000 1080.000000
0 936 0.816505 0.207407 0.032044 0.118519 0.123460 1654.000000 1080.000000
0 937 0.817110 0.205556 0.032044 0.118519 0.132790 1654.000000 1080.000000
0 938 0.817110 0.204630 0.032044 0.118519 0.126330 1654.000000 1080.000000
0 939 0.817715 0.202778 0.032044 0.118519 0.134080 1654.000000 1080.000000
0 940 0.818319 0.200926 0.032044 0.118519 0.138240 1654.000000 1080.000000
0 941 0.818319 0.200000 0.032044 0.118519 0.136950 1654.000000 1080.000000
0 942 0.818924 0.198148 0.032044 0.118519 0.144700 1654.000000 1080.000000
0 943 0.819226 0.196296 0.032648 0.118519 0.145170 1654.000000 1080.000000
0 944 0.819528 0.195370 0.032044 0.118519 0.144700 1654.000000 1080.000000
0 945 0.819831 0.193519 0.032648 0.118519 0.146860 1654.000000 1080.000000
0 946 0.820435 0.191667 0.032648 0.118519 0.167580 1654.000000 1080.000000
0 947 0.821040 0.190741 0.032648 0.118519 0.162930 1654.000000 1080.000000
0 948 0.821040 0.189815 0.032648 0.118519 0.163070 1654.000000 1080.000000
0 949 0.821644 0.188889 0.032648 0.118519 0.175330 1654.000000 1080.000000
0 950 0.821644 0.187963 0.032648 0.118519 0.157580 1654.000000 1080.000000
0 951 0.822249 0.187963 0.032648 0.118519 0.163500 1654.000000 1080.000000
0 952 0.822551 0.187037 0.032044 0.118519 0.146140 1654.000000 1080.000000
0 953 0.822854 0.186111 0.032648 0.118519 0.158700 1654.000000 1080.000000
0 954 0.823156 0.186111 0.032044 0.118519 0.138670 1654.000000 1080.000000
0 955 0.823761 0.185185 0.032044 0.118519 0.147860 1654.000000 1080.000000
0 956 0.824063 0.184259 0.032648 0.118519 0.160960 1654.000000 1080.000000
0 957 0.824365 0.184259 0.032044 0.118519 0.132930 1654.000000 1080.000000
0 958 0.824667 0.183333 0.032648 0.118519 0.146300 1654.000000 1080.000000
0 959 0.824970 0.182407 0.032044 0.118519 0.128910 1654.000000 1080.000000
0 960 0.825574 0.182407 0.032044 0.118519 0.136090 1654.000000 1080.000000
0 961 0.825574 0.181481 0.032044 0.118519 0.136090 1654.000000 1080.000000
0 962 0.826179 0.180556 0.032044 0.118519 0.132500 1654.000000 1080.000000
0 963 0.826784 0.180556 0.032044 0.118519 0.140400 1654.000000 1080.000000
0 964 0.827388 0.179167 0.032044 0.117593 0.137730 1654.000000 1080.000000
0 965 0.827993 0.178241 0.032044 0.117593 0.153500 1654.000000 1080.000000
0 966 0.828597 0.177315 0.032044 0.117593 0.154220 1654.000000 1080.000000
0 967 0.829202 0.176852 0.032044 0.116667 0.164330 1654.000000 1080.000000
0 968 0.829807 0.175926 0.032044 0.116667 0.165350 1654.000000 1080.000000
0 969 0.830411 0.175000 0.032044 0.116667 0.186790 1654.000000 1080.000000
0 970 0.831016 0.174074 0.032044 0.116667 0.187810 1654.000000 1080.000000
0 971 0.831620 0.173148 0.032044 0.114815 0.200890 1654.000000 1080.000000
0 972 0.832225 0.172222 0.032044 0.114815 0.181190 1654.000000 1080.000000
0 973 0.832830 0.171296 0.032044 0.114815 0.177630 1654.000000 1080.000000
0 974 0.833434 0.170370 0.032044 0.114815 0.159110 1654.000000 1080.000000
0 975 0.834039 0.169907 0.032044 0.113889 0.162190 1654.000000 1080.000000
0 976 0.834643 0.168981 0.032044 0.113889 0.139930 1654.000000 1080.000000
0 977 0.835248 0.168056 0.032044 0.113889 0.141430 1654.000000 1080.000000
0 978 0.835852 0.167130 0.032044 0.113889 0.143070 1654.000000 1080.000000
0 979 0.836457 0.166204 0.032044 0.112037 0.152700 1654.000000 1080.000000
0 980 0.837062 0.165278 0.032044 0.112037 0.154520 1654.000000 1080.000000
0 981 0.837666 0.164352 0.032044 0.112037 0.164690 1654.000000 1080.000000
0 982 0.838271 0.163426 0.032044 0.112037 0.170770 1654.000000 1080.000000
0 983 0.838875 0.162963 0.032044 0.111111 0.172020 1654.000000 1080.000000
0 984 0.839480 0.162037 0.032044 0.111111 0.182430 1654.000000 1080.000000
0 985 0.840085 0.161111 0.032044 0.111111 0.191000 1654.000000 1080.000000
0 986 0.840992 0.160648 0.031439 0.110185 0.190880 1654.000000 1080.000000
0 987 0.841596 0.159722 0.031439 0.110185 0.204090 1654.000000 1080.000000
0 988 0.842201 0.158796 0.031439 0.110185 0.211160 1654.000000 1080.000000
0 989 0.842805 0.157870 0.031439 0.110185 0.224530 1654.000000 1080.000000
0 990 0.843410 0.157870 0.031439 0.110185 0.220910 1654.000000 1080.000000
0 991 0.844619 0.156944 0.031439 0.110185 0.238520 1654.000000 1080.000000
0 992 0.845224 0.156019 0.031439 0.110185 0.249840 1654.000000 1080.000000
0 993 0.845828 0.156019 0.031439 0.110185 0.252360 1654.000000 1080.000000
0 994 0.846433 0.155093 0.031439 0.110185 0.255500 1654.000000 1080.000000
0 995 0.847037 0.154167 0.031439 0.110185 0.271700 1654.000000 1080.000000
0 996 0.848247 0.154167 0.031439 0.110185 0.278300 1654.000000 1080.000000
0 997 0.848851 0.153704 0.031439 0.109259 0.288890 1654.000000 1080.000000
0 998 0.849456 0.153704 0.031439 0.109259 0.284130 1654.000000 1080.000000
0 999 0.850665 0.153704 0.031439 0.109259 0.298080 1654.000000 1080.000000
0 1000 0.851270 0.153704 0.031439 0.109259 0.300780 1654.000000 1080.000000
0 1001 0.852479 0.153704 0.031439 0.109259 0.315360 1654.000000 1080.000000
0 1002 0.853083 0.153704 0.031439 0.109259 0.314250 1654.000000 1080.000000
0 1003 0.853688 0.153241 0.031439 0.108333 0.327470 1654.000000 1080.000000
0 1004 0.854897 0.153241 0.031439 0.108333 0.332910 1654.000000 1080.000000
0 1005 0.855502 0.153241 0.031439 0.108333 0.366490 1654.000000 1080.000000
0 1006 0.856711 0.153241 0.031439 0.108333 0.402140 1654.000000 1080.000000
0 1007 0.857316 0.153241 0.031439 0.108333 0.427570 1654.000000 1080.000000
0 1008 0.858525 0.153704 0.031439 0.107407 0.462830 1654.000000 1080.000000
0 1009 0.858525 0.152778 0.031439 0.107407 0.477500 1654.000000 1080.000000
0 1010 0.859129 0.152778 0.031439 0.107407 0.501210 1654.000000 1080.000000
0 1011 0.859734 0.152778 0.031439 0.107407 0.521370 1654.000000 1080.000000
0 1012 0.859734 0.152778 0.031439 0.107407 0.517820 1654.000000 1080.000000
0 1013 0.860339 0.152778 0.031439 0.107407 0.544110 1654.000000 1080.000000
0 1014 0.860943 0.152778 0.031439 0.107407 0.551690 1654.000000 1080.000000
0 1015 0.861548 0.152778 0.031439 0.107407 0.580870 1654.000000 1080.000000
0 1016 0.861548 0.152778 0.031439 0.107407 0.568940 1654.000000 1080.000000
0 1017 0.862152 0.152778 0.031439 0.107407 0.577970 1654.000000 1080.000000
0 1018 0.862757 0.152778 0.031439 0.107407 0.592650 1654.000000 1080.000000
0 1019 0.863362 0.152778 0.031439 0.107407 0.597970 1654.000000 1080.000000
0 1020 0.863362 0.151852 0.031439 0.107407 0.566040 1654.000000 1080.000000
0 1021 0.863362 0.151389 0.031439 0.108333 0.548130 1654.000000 1080.000000
0 1022 0.863362 0.151389 0.031439 0.108333 0.513750 1654.000000 1080.000000
0 1023 0.863362 0.150926 0.031439 0.109259 0.497860 1654.000000 1080.000000
0 1024 0.863362 0.150463 0.031439 0.110185 0.463990 1654.000000 1080.000000
0 1025 0.863362 0.150463 0.031439 0.110185 0.451890 1654.000000 1080.000000
0 1026 0.863362 0.150000 0.031439 0.111111 0.423050 1654.000000 1080.000000
0 1027 0.863362 0.149537 0.031439 0.112037 0.413700 1654.000000 1080.000000
0 1028 0.863362 0.149537 0.031439 0.112037 0.377360 1654.000000 1080.000000
0 1029 0.863362 0.149074 0.031439 0.112963 0.361870 1654.000000 1080.000000
0 1030 0.863362 0.149074 0.031439 0.112963 0.324280 1654.000000 1080.000000
0 1031 0.863966 0.148148 0.031439 0.112963 0.324280 1654.000000 1080.000000
0 1032 0.865175 0.148148 0.031439 0.112963 0.324440 1654.000000 1080.000000
0 1033 0.866385 0.148148 0.031439 0.112963 0.339620 1654.000000 1080.000000
0 1034 0.867594 0.147222 0.031439 0.112963 0.343610 1654.000000 1080.000000
0 1035 0.868198 0.147222 0.031439 0.112963 0.339620 1654.000000 1080.000000
0 1036 0.869407 0.147222 0.031439 0.112963 0.339620 1654.000000 1080.000000
0 1037 0.870617 0.146296 0.031439 0.112963 0.358490 1654.000000 1080.000000
0 1038 0.871826 0.146296 0.031439 0.112963 0.358490 1654.000000 1080.000000
0 1039 0.873035 0.146296 0.031439 0.112963 0.377360 1654.000000 1080.000000
0 1040 0.873035 0.145370 0.031439 0.112963 0.339620 1654.000000 1080.000000
0 1041 0.873640 0.144907 0.031439 0.113889 0.339620 1654.000000 1080.000000
0 1042 0.874244 0.144444 0.031439 0.114815 0.325430 1654.000000 1080.000000
0 1043 0.874849 0.143981 0.031439 0.115741 0.330040 1654.000000 1080.000000
0 1044 0.875453 0.143981 0.031439 0.115741 0.306830 1654.000000 1080.000000
0 1045 0.876058 0.143519 0.031439 0.116667 0.311690 1654.000000 1080.000000
0 1046 0.876663 0.143056 0.031439 0.117593 0.293040 1654.000000 1080.000000
0 1047 0.877267 0.142593 0.031439 0.118519 0.278920 1654.000000 1080.000000
0 1048 0.877872 0.142593 0.031439 0.118519 0.244550 1654.000000 1080.000000
0 1049 0.877872 0.141667 0.031439 0.118519 0.221590 1654.000000 1080.000000
0 1050 0.877872 0.140741 0.031439 0.118519 0.185020 1654.000000 1080.000000
0 1051 0.878174 0.139815 0.032044 0.118519 0.177290 1654.000000 1080.000000
0 1052 0.878174 0.138889 0.032044 0.118519 0.130920 1654.000000 1080.000000
0 1053 0.878174 0.137963 0.032044 0.118519 0.118580 1654.000000 1080.000000
0 1054 0.878476 0.137037 0.032648 0.118519 0.094996 1654.000000 1080.000000
0 1055 0.878476 0.136111 0.032648 0.118519 0.085553 1654.000000 1080.000000
0 1056 0.878476 0.135185 0.032648 0.118519 0.074560 1654.000000 1080.000000
0 1057 0.879081 0.134259 0.032648 0.118519 0.074560 1654.000000 1080.000000
0 1058 0.879081 0.133333 0.032648 0.118519 0.062016 1654.000000 1080.000000
0 1059 0.879686 0.132407 0.032648 0.118519 0.062297 1654.000000 1080.000000
0 1060 0.880290 0.131481 0.032648 0.118519 0.059619 1654.000000 1080.000000
0 1061 0.880895 0.130556 0.032648 0.118519 0.058492 1654.000000 1080.000000
0 1062 0.881499 0.130556 0.032648 0.118519 0.050599 1654.000000 1080.000000
0 1063 0.882104 0.129630 0.032648 0.118519 0.050599 1654.000000 1080.000000
0 1064 0.882709 0.128704 0.032648 0.118519 0.054686 1654.000000 1080.000000
0 1065 0.883313 0.127778 0.032648 0.118519 0.054686 1654.000000 1080.000000
0 1066 0.883918 0.127778 0.032648 0.118519 0.050740 1654.000000 1080.000000
0 1067 0.884522 0.126852 0.032648 0.118519 0.055814 1654.000000 1080.000000
0 1068 0.885127 0.125926 0.032648 0.118519 0.055814 1654.000000 1080.000000
0 1069 0.885732 0.125000 0.032648 0.118519 0.059197 1654.000000 1080.000000
0 1070 0.886336 0.125000 0.032648 0.118519 0.054264 1654.000000 1080.000000
0 1071 0.886336 0.124074 0.032648 0.118519 0.057505 1654.000000 1080.000000
0 1072 0.886941 0.123148 0.032648 0.118519 0.055814 1654.000000 1080.000000
0 1073 0.886941 0.122222 0.032648 0.118519 0.058633 1654.000000 1080.000000
0 1074 0.887545 0.122222 0.032648 0.118519 0.054123 1654.000000 1080.000000
0 1075 0.887545 0.121296 0.032648 0.118519 0.054968 1654.000000 1080.000000
0 1076 0.888150 0.120370 0.032648 0.118519 0.054968 1654.000000 1080.000000
0 1077 0.888755 0.120370 0.032648 0.118519 0.054968 1654.000000 1080.000000
0 1078 0.889359 0.118981 0.032648 0.117593 0.057670 1654.000000 1080.000000
0 1079 0.890568 0.117593 0.032648 0.116667 0.060129 1654.000000 1080.000000
0 1080 0.891475 0.116204 0.032044 0.115741 0.059671 1654.000000 1080.000000
0 1081 0.892684 0.115741 0.032044 0.114815 0.057778 1654.000000 1080.000000
0 1082 0.893894 0.114352 0.032044 0.113889 0.060185 1654.000000 1080.000000
0 1083 0.894498 0.112963 0.032044 0.112963 0.058717 1654.000000 1080.000000
0 1084 0.895707 0.112500 0.032044 0.112037 0.056466 1654.000000 1080.000000
0 1085 0.896614 0.111111 0.031439 0.111111 0.058007 1654.000000 1080.000000
0 1086 0.897823 0.109722 0.031439 0.110185 0.058491 1654.000000 1080.000000
0 1087 0.899033 0.109259 0.031439 0.109259 0.055811 1654.000000 1080.000000
0 1088 0.899335 0.107407 0.032044 0.109259 0.059757 1654.000000 1080.000000
0 1089 0.899940 0.106481 0.032044 0.109259 0.057890 1654.000000 1080.000000
0 1090 0.900544 0.105556 0.032044 0.109259 0.057890 1654.000000 1080.000000
0 1091 0.901149 0.104630 0.032044 0.109259 0.057890 1654.000000 1080.000000
0 1092 0.901753 0.103704 0.032044 0.109259 0.056022 1654.000000 1080.000000
0 1093 0.902358 0.102315 0.032044 0.110185 0.060185 1654.000000 1080.000000
0 1094 0.902963 0.101389 0.032044 0.110185 0.058179 1654.000000 1080.000000
0 1095 0.903567 0.100463 0.032044 0.110185 0.058179 1654.000000 1080.000000
0 1096 0.904172 0.099537 0.032044 0.110185 0.058179 1654.000000 1080.000000
0 1097 0.904776 0.098611 0.032044 0.110185 0.056173 1654.000000 1080.000000
0 1098 0.905683 0.097685 0.032648 0.110185 0.057121 1654.000000 1080.000000
0 1099 0.906288 0.096759 0.032648 0.110185 0.061515 1654.000000 1080.000000
0 1100 0.906892 0.095833 0.032648 0.110185 0.059394 1654.000000 1080.000000
0 1101 0.907497 0.094907 0.032648 0.110185 0.059394 1654.000000 1080.000000
0 1102 0.908706 0.094907 0.032648 0.110185 0.057121 1654.000000 1080.000000
0 1103 0.909311 0.093981 0.032648 0.110185 0.055152 1654.000000 1080.000000
0 1104 0.909915 0.093056 0.032648 0.110185 0.055152 1654.000000 1080.000000
0 1105 0.910520 0.092130 0.032648 0.110185 0.055152 1654.000000 1080.000000
0 1106 0.911729 0.092130 0.032648 0.110185 0.050909 1654.000000 1080.000000
0 1107 0.912334 0.091204 0.032648 0.110185 0.050909 1654.000000 1080.000000
0 1108 0.912938 0.090278 0.032648 0.110185 0.049091 1654.000000 1080.000000
0 1109 0.913543 0.089352 0.032648 0.110185 0.049091 1654.000000 1080.000000
0 1110 0.914752 0.089352 0.032648 0.110185 0.046667 1654.000000 1080.000000
0 1111 0.915357 0.088426 0.032648 0.110185 0.045000 1654.000000 1080.000000
0 1112 0.915961 0.087500 0.032648 0.110185 0.045000 1654.000000 1080.000000
0 1113 0.916566 0.086574 0.032648 0.110185 0.045000 1654.000000 1080.000000
0 1114 0.917775 0.086574 0.032648 0.110185 0.040909 1654.000000 1080.000000
0 1115 0.917775 0.084722 0.032648 0.110185 0.043333 1654.000000 1080.000000
0 1116 0.917775 0.082870 0.032648 0.110185 0.045455 1654.000000 1080.000000
0 1117 0.917775 0.081944 0.032648 0.110185 0.041818 1654.000000 1080.000000
0 1118 0.918380 0.080093 0.032648 0.110185 0.045303 1654.000000 1080.000000
0 1119 0.918380 0.079167 0.032648 0.110185 0.046667 1654.000000 1080.000000
0 1120 0.918380 0.077315 0.032648 0.110185 0.045455 1654.000000 1080.000000
0 1121 0.918380 0.076389 0.032648 0.110185 0.043182 1654.000000 1080.000000
0 1122 0.918984 0.074537 0.032648 0.110185 0.054848 1654.000000 1080.000000
0 1123 0.918984 0.073611 0.032648 0.110185 0.054848 1654.000000 1080.000000
0 1124 0.918984 0.071759 0.032648 0.110185 0.063182 1654.000000 1080.000000
0 1125 0.919589 0.070833 0.032648 0.110185 0.070758 1654.000000 1080.000000
0 1126 0.919589 0.069907 0.032648 0.110185 0.068788 1654.000000 1080.000000
0 1127 0.919589 0.068981 0.032648 0.110185 0.074394 1654.000000 1080.000000
0 1128 0.919589 0.068056 0.032648 0.110185 0.074394 1654.000000 1080.000000
0 1129 0.919589 0.067130 0.032648 0.110185 0.080000 1654.000000 1080.000000
0 1130 0.919589 0.066204 0.032648 0.110185 0.078333 1654.000000 1080.000000
0 1131 0.919589 0.065278 0.032648 0.110185 0.084091 1654.000000 1080.000000
0 1132 0.919589 0.064352 0.032648 0.110185 0.084091 1654.000000 1080.000000
0 1133 0.919589 0.063426 0.032648 0.110185 0.089848 1654.000000 1080.000000
0 1134 0.919589 0.062500 0.032648 0.110185 0.088485 1654.000000 1080.000000
0 1135 0.919589 0.061574 0.032648 0.110185 0.094394 1654.000000 1080.000000
0 1136 0.919589 0.060648 0.032648 0.110185 0.094394 1654.000000 1080.000000
0 1137 0.919589 0.060648 0.032648 0.110185 0.091970 1654.000000 1080.000000
0 1138 0.919589 0.059722 0.032648 0.110185 0.090909 1654.000000 1080.000000
0 1139 0.920193 0.059259 0.032648 0.109259 0.092743 1654.000000 1080.000000
0 1140 0.920193 0.058333 0.032648 0.109259 0.092743 1654.000000 1080.000000
0 1141 0.920798 0.057870 0.032648 0.108333 0.094607 1654.000000 1080.000000
0 1142 0.921100 0.056944 0.032044 0.108333 0.093848 1654.000000 1080.000000
0 1143 0.921403 0.056481 0.032648 0.107407 0.095416 1654.000000 1080.000000
0 1144 0.921705 0.055556 0.032044 0.107407 0.095758 1654.000000 1080.000000
0 1145 0.922310 0.055093 0.032044 0.106481 0.097701 1654.000000 1080.000000
0 1146 0.922310 0.054167 0.032044 0.106481 0.096584 1654.000000 1080.000000
0 1147 0.922914 0.053704 0.032044 0.105556 0.098551 1654.000000 1080.000000
0 1148 0.923519 0.053241 0.032044 0.104630 0.094867 1654.000000 1080.000000
0 1149 0.923519 0.052315 0.032044 0.102778 0.093419 1654.000000 1080.000000
0 1150 0.923519 0.051389 0.032044 0.100926 0.087879 1654.000000 1080.000000
0 1151 0.923519 0.050463 0.032044 0.099074 0.086420 1654.000000 1080.000000
0 1152 0.923519 0.050000 0.032044 0.098148 0.080997 1654.000000 1080.000000
0 1153 0.923519 0.049074 0.032044 0.096296 0.079365 1654.000000 1080.000000
0 1154 0.923519 0.048148 0.032044 0.094444 0.072995 1654.000000 1080.000000
0 1155 0.923519 0.047222 0.032044 0.092593 0.074441 1654.000000 1080.000000
0 1156 0.923519 0.046759 0.032044 0.091667 0.065185 1654.000000 1080.000000
0 1157 0.923519 0.045833 0.032044 0.089815 0.066515 1654.000000 1080.000000
0 1158 0.923519 0.044907 0.032044 0.087963 0.047454 1654.000000 1080.000000
0 1159 0.923519 0.043981 0.032044 0.086111 0.048463 1654.000000 1080.000000
0 1160 0.923519 0.043519 0.032044 0.085185 0.039028 1654.000000 1080.000000
0 1161 0.922914 0.041667 0.032044 0.081481 0.041199 1654.000000 1080.000000
0 1162 0.922914 0.040278 0.032044 0.078704 0.032300 1654.000000 1080.000000
0 1163 0.922310 0.038889 0.032044 0.075926 0.033244 1654.000000 1080.000000
0 1164 0.922310 0.037500 0.032044 0.073148 0.025000 1654.000000 1080.000000
0 1165 0.921705 0.036111 0.032044 0.070370 0.021164 1654.000000 1080.000000
0 1166 0.921705 0.034722 0.032044 0.067593 0.024024 1654.000000 1080.000000
0 1167 0.921100 0.033333 0.032044 0.064815 0.021909 1654.000000 1080.000000
0 1168 0.921100 0.031944 0.032044 0.062037 0.021514 1654.000000 1080.000000
