0 1 0.402358 0.968981 0.048972 0.063889 0.985710 1654.000000 1080.000000
0 2 0.402963 0.965741 0.048972 0.070370 0.987010 1654.000000 1080.000000
0 3 0.403869 0.962963 0.048368 0.075926 0.987950 1654.000000 1080.000000
0 4 0.405079 0.960185 0.048368 0.081481 0.988760 1654.000000 1080.000000
0 5 0.405985 0.957407 0.047763 0.087037 0.989470 1654.000000 1080.000000
0 6 0.406590 0.954630 0.047763 0.092593 0.990100 1654.000000 1080.000000
0 7 0.407799 0.951852 0.047763 0.098148 0.990650 1654.000000 1080.000000
0 8 0.408706 0.949074 0.047158 0.103704 0.991150 1654.000000 1080.000000
0 9 0.409613 0.946296 0.046554 0.109259 0.991600 1654.000000 1080.000000
0 10 0.410822 0.943519 0.046554 0.114815 0.992000 1654.000000 1080.000000
0 11 0.410822 0.941204 0.046554 0.117593 1.000000 1654.000000 1080.000000
0 12 0.411427 0.938889 0.046554 0.120370 0.769040 1654.000000 1080.000000
0 13 0.411729 0.936574 0.047158 0.123148 0.745140 1654.000000 1080.000000
0 14 0.412031 0.934259 0.046554 0.125926 0.727310 1654.000000 1080.000000
0 15 0.412334 0.932407 0.047158 0.127778 0.703030 1654.000000 1080.000000
0 16 0.412938 0.930093 0.047158 0.130556 0.684970 1654.000000 1080.000000
0 17 0.413241 0.927778 0.047763 0.133333 0.663100 1654.000000 1080.000000
0 18 0.413543 0.925463 0.047158 0.136111 0.645570 1654.000000 1080.000000
0 19 0.413845 0.923148 0.047763 0.138889 0.624010 1654.000000 1080.000000
0 20 0.414450 0.921296 0.047763 0.140741 0.605560 1654.000000 1080.000000
0 21 0.414752 0.918981 0.048368 0.143519 0.584360 1654.000000 1080.000000
0 22 0.415054 0.916667 0.047763 0.146296 0.566980 1654.000000 1080.000000
0 23 0.415357 0.914352 0.048368 0.149074 0.549380 1654.000000 1080.000000
0 24 0.415961 0.912037 0.048368 0.151852 0.539840 1654.000000 1080.000000
0 25 0.416566 0.910185 0.048368 0.153704 0.525990 1654.000000 1080.000000
0 26 0.418380 0.907870 0.048368 0.154630 0.508230 1654.000000 1080.000000
0 27 0.420193 0.906019 0.048368 0.154630 0.492060 1654.000000 1080.000000
0 28 0.422007 0.904167 0.048368 0.154630 0.457230 1654.000000 1080.000000
0 29 0.423821 0.902315 0.048368 0.154630 0.428350 1654.000000 1080.000000
0 30 0.425635 0.900000 0.048368 0.155556 0.417490 1654.000000 1080.000000
0 31 0.427449 0.898148 0.048368 0.155556 0.388410 1654.000000 1080.000000
0 32 0.429262 0.896296 0.048368 0.155556 0.362120 1654.000000 1080.000000
0 33 0.431076 0.894907 0.048368 0.156481 0.335000 1654.000000 1080.000000
0 34 0.432890 0.892593 0.048368 0.157407 0.320770 1654.000000 1080.000000
0 35 0.434704 0.890741 0.048368 0.157407 0.291030 1654.000000 1080.000000
0 36 0.436518 0.888889 0.048368 0.157407 0.258250 1654.000000 1080.000000
0 37 0.438331 0.887037 0.048368 0.157407 0.239120 1654.000000 1080.000000
0 38 0.440145 0.884722 0.048368 0.158333 0.213180 1654.000000 1080.000000
0 39 0.441959 0.882870 0.048368 0.158333 0.198540 1654.000000 1080.000000
0 40 0.443773 0.881019 0.048368 0.158333 0.160210 1654.000000 1080.000000
0 41 0.445586 0.879630 0.048368 0.159259 0.121390 1654.000000 1080.000000
0 42 0.446493 0.876852 0.048972 0.159259 0.127170 1654.000000 1080.000000
0 43 0.447703 0.875000 0.048972 0.159259 0.127170 1654.000000 1080.000000
0 44 0.448912 0.873148 0.048972 0.159259 0.127170 1654.000000 1080.000000
0 45 0.450121 0.870833 0.048972 0.160185 0.132180 1654.000000 1080.000000
0 46 0.451330 0.868981 0.048972 0.160185 0.132180 1654.000000 1080.000000
0 47 0.452539 0.867130 0.048972 0.160185 0.132180 1654.000000 1080.000000
0 48 0.453748 0.865278 0.048972 0.160185 0.132180 1654.000000 1080.000000
0 49 0.454958 0.862963 0.048972 0.161111 0.137140 1654.000000 1080.000000
0 50 0.456167 0.860648 0.048972 0.160185 0.137930 1654.000000 1080.000000
0 51 0.457376 0.858796 0.048972 0.160185 0.137930 1654.000000 1080.000000
0 52 0.458585 0.856481 0.048972 0.161111 0.142860 1654.000000 1080.000000
0 53 0.459794 0.854630 0.048972 0.161111 0.148850 1654.000000 1080.000000
0 54 0.461004 0.852778 0.048972 0.161111 0.154700 1654.000000 1080.000000
0 55 0.462213 0.850926 0.048972 0.161111 0.160630 1654.000000 1080.000000
0 56 0.463422 0.848611 0.048972 0.162037 0.177180 1654.000000 1080.000000
0 57 0.464631 0.846759 0.048972 0.162037 0.183070 1654.000000 1080.000000
0 58 0.465840 0.844444 0.048972 0.161111 0.190030 1654.000000 1080.000000
0 59 0.467050 0.842130 0.048972 0.162037 0.200530 1654.000000 1080.000000
0 60 0.468259 0.840278 0.048972 0.162037 0.206420 1654.000000 1080.000000
0 61 0.469468 0.838426 0.048972 0.162037 0.212310 1654.000000 1080.000000
0 62 0.470677 0.836574 0.048972 0.162037 0.218200 1654.000000 1080.000000
0 63 0.471886 0.834259 0.048972 0.162963 0.228470 1654.000000 1080.000000
0 64 0.473096 0.832407 0.048972 0.162963 0.234330 1654.000000 1080.000000
0 65 0.474305 0.830556 0.048972 0.162963 0.240180 1654.000000 1080.000000
0 66 0.475816 0.828704 0.049577 0.162963 0.250770 1654.000000 1080.000000
0 67 0.476421 0.826389 0.049577 0.162037 0.252190 1654.000000 1080.000000
0 68 0.477025 0.824074 0.049577 0.161111 0.253630 1654.000000 1080.000000
0 69 0.478235 0.822222 0.049577 0.161111 0.259480 1654.000000 1080.000000
0 70 0.478839 0.819907 0.049577 0.160185 0.265540 1654.000000 1080.000000
0 71 0.479444 0.817593 0.049577 0.159259 0.268400 1654.000000 1080.000000
0 72 0.480653 0.815741 0.049577 0.159259 0.274320 1654.000000 1080.000000
0 73 0.481258 0.813426 0.049577 0.158333 0.275920 1654.000000 1080.000000
0 74 0.481862 0.811574 0.049577 0.158333 0.275920 1654.000000 1080.000000
0 75 0.483071 0.809259 0.049577 0.157407 0.295780 1654.000000 1080.000000
0 76 0.483676 0.806944 0.049577 0.156481 0.309430 1654.000000 1080.000000
0 77 0.484281 0.805093 0.049577 0.156481 0.317510 1654.000000 1080.000000
0 78 0.485490 0.802778 0.049577 0.155556 0.337560 1654.000000 1080.000000
0 79 0.486094 0.800463 0.049577 0.154630 0.346530 1654.000000 1080.000000
0 80 0.486699 0.798611 0.049577 0.154630 0.350400 1654.000000 1080.000000
0 81 0.487908 0.796296 0.049577 0.153704 0.365340 1654.000000 1080.000000
0 82 0.488513 0.794444 0.049577 0.153704 0.372990 1654.000000 1080.000000
0 83 0.489117 0.792130 0.049577 0.152778 0.377700 1654.000000 1080.000000
0 84 0.490326 0.789815 0.049577 0.151852 0.392330 1654.000000 1080.000000
0 85 0.490931 0.787963 0.049577 0.151852 0.391680 1654.000000 1080.000000
0 86 0.491536 0.785648 0.049577 0.150926 0.396120 1654.000000 1080.000000
0 87 0.492745 0.783333 0.049577 0.150000 0.406900 1654.000000 1080.000000
0 88 0.493349 0.781481 0.049577 0.150000 0.406900 1654.000000 1080.000000
0 89 0.493954 0.779167 0.049577 0.149074 0.407630 1654.000000 1080.000000
0 90 0.495163 0.777315 0.049577 0.149074 0.417670 1654.000000 1080.000000
0 91 0.496372 0.774537 0.049577 0.149074 0.431950 1654.000000 1080.000000
0 92 0.497884 0.772222 0.048972 0.150000 0.448600 1654.000000 1080.000000
0 93 0.499395 0.769907 0.049577 0.149074 0.465860 1654.000000 1080.000000
0 94 0.500907 0.767593 0.048972 0.150000 0.482570 1654.000000 1080.000000
0 95 0.502418 0.765278 0.049577 0.150926 0.501690 1654.000000 1080.000000
0 96 0.503930 0.762963 0.048972 0.150000 0.516090 1654.000000 1080.000000
0 97 0.505139 0.760648 0.048972 0.150926 0.528850 1654.000000 1080.000000
0 98 0.506953 0.758333 0.048972 0.151852 0.551220 1654.000000 1080.000000
0 99 0.508162 0.756019 0.048972 0.150926 0.561640 1654.000000 1080.000000
0 100 0.509976 0.753704 0.048972 0.151852 0.580490 1654.000000 1080.000000
0 101 0.511185 0.751852 0.048972 0.151852 0.577310 1654.000000 1080.000000
0 102 0.512696 0.749074 0.048368 0.151852 0.585190 1654.000000 1080.000000
0 103 0.514208 0.746759 0.048972 0.152778 0.589630 1654.000000 1080.000000
0 104 0.515719 0.744444 0.048368 0.151852 0.601950 1654.000000 1080.000000
0 105 0.517231 0.742130 0.048972 0.152778 0.609170 1654.000000 1080.000000
0 106 0.518742 0.739815 0.048368 0.153704 0.613660 1654.000000 1080.000000
0 107 0.519952 0.737500 0.048368 0.152778 0.611330 1654.000000 1080.000000
0 108 0.521765 0.735185 0.048368 0.153704 0.623570 1654.000000 1080.000000
0 109 0.522975 0.732870 0.048368 0.154630 0.632940 1654.000000 1080.000000
0 110 0.524788 0.730556 0.048368 0.153704 0.640720 1654.000000 1080.000000
0 111 0.525998 0.728241 0.048368 0.154630 0.642860 1654.000000 1080.000000
0 112 0.527811 0.726389 0.048368 0.154630 0.650210 1654.000000 1080.000000
0 113 0.529021 0.724537 0.048368 0.154630 0.653290 1654.000000 1080.000000
0 114 0.530230 0.722685 0.048368 0.154630 0.650650 1654.000000 1080.000000
0 115 0.532044 0.720833 0.048368 0.154630 0.657630 1654.000000 1080.000000
0 116 0.533253 0.718981 0.048368 0.154630 0.654760 1654.000000 1080.000000
0 117 0.534764 0.717130 0.048972 0.154630 0.658320 1654.000000 1080.000000
0 118 0.536276 0.715278 0.048368 0.154630 0.684300 1654.000000 1080.000000
0 119 0.537787 0.713426 0.048972 0.154630 0.712980 1654.000000 1080.000000
0 120 0.539299 0.711574 0.048368 0.154630 0.739560 1654.000000 1080.000000
0 121 0.540508 0.709722 0.048368 0.154630 0.751180 1654.000000 1080.000000
0 122 0.542019 0.707870 0.048972 0.154630 0.773660 1654.000000 1080.000000
0 123 0.543531 0.706019 0.048368 0.154630 0.806140 1654.000000 1080.000000
0 124 0.545042 0.704167 0.048972 0.154630 0.822300 1654.000000 1080.000000
0 125 0.546252 0.702315 0.048972 0.154630 0.843210 1654.000000 1080.000000
0 126 0.548065 0.700463 0.048972 0.154630 0.872600 1654.000000 1080.000000
0 127 0.549274 0.698611 0.048972 0.154630 0.893000 1654.000000 1080.000000
0 128 0.551088 0.696759 0.048972 0.154630 0.912460 1654.000000 1080.000000
0 129 0.551995 0.694907 0.048368 0.154630 0.931580 1654.000000 1080.000000
0 130 0.553204 0.693056 0.048368 0.154630 0.951130 1654.000000 1080.000000
0 131 0.554414 0.692130 0.048368 0.154630 0.960910 1654.000000 1080.000000
0 132 0.555623 0.690278 0.048368 0.154630 0.970680 1654.000000 1080.000000
0 133 0.556530 0.688889 0.047763 0.153704 0.964370 1654.000000 1080.000000
0 134 0.557739 0.687500 0.047763 0.154630 0.961010 1654.000000 1080.000000
0 135 0.558948 0.685648 0.047763 0.154630 0.950890 1654.000000 1080.000000
0 136 0.560157 0.684259 0.047763 0.153704 0.936450 1654.000000 1080.000000
0 137 0.561064 0.682870 0.047158 0.154630 0.932190 1654.000000 1080.000000
0 138 0.562273 0.681481 0.047158 0.153704 0.915710 1654.000000 1080.000000
0 139 0.563482 0.679630 0.047158 0.153704 0.912830 1654.000000 1080.000000
0 140 0.564692 0.678704 0.047158 0.153704 0.895630 1654.000000 1080.000000
0 141 0.565296 0.676852 0.047158 0.153704 0.877970 1654.000000 1080.000000
0 142 0.566505 0.675926 0.047158 0.153704 0.869930 1654.000000 1080.000000
0 143 0.567110 0.674074 0.047158 0.153704 0.854770 1654.000000 1080.000000
0 144 0.568319 0.673148 0.047158 0.153704 0.837720 1654.000000 1080.000000
0 145 0.568924 0.671296 0.047158 0.153704 0.820060 1654.000000 1080.000000
0 146 0.570133 0.670370 0.047158 0.153704 0.787690 1654.000000 1080.000000
0 147 0.570738 0.668519 0.047158 0.153704 0.772080 1654.000000 1080.000000
0 148 0.571947 0.667593 0.047158 0.153704 0.759340 1654.000000 1080.000000
0 149 0.572551 0.665741 0.047158 0.153704 0.743800 1654.000000 1080.000000
0 150 0.573761 0.664815 0.047158 0.153704 0.720910 1654.000000 1080.000000
0 151 0.574667 0.662963 0.046554 0.153704 0.698530 1654.000000 1080.000000
0 152 0.575574 0.662037 0.047158 0.153704 0.684070 1654.000000 1080.000000
0 153 0.576481 0.660185 0.046554 0.153704 0.661830 1654.000000 1080.000000
0 154 0.577388 0.659259 0.047158 0.153704 0.637080 1654.000000 1080.000000
0 155 0.578295 0.657407 0.046554 0.153704 0.624370 1654.000000 1080.000000
0 156 0.579202 0.656481 0.047158 0.153704 0.596680 1654.000000 1080.000000
0 157 0.580109 0.654630 0.046554 0.153704 0.580990 1654.000000 1080.000000
0 158 0.581016 0.653704 0.047158 0.153704 0.568030 1654.000000 1080.000000
0 159 0.581923 0.651852 0.046554 0.153704 0.453710 1654.000000 1080.000000
0 160 0.582830 0.650926 0.047158 0.153704 0.460400 1654.000000 1080.000000
0 161 0.583736 0.649074 0.046554 0.153704 0.469140 1654.000000 1080.000000
0 162 0.584946 0.648148 0.046554 0.153704 0.469220 1654.000000 1080.000000
0 163 0.584946 0.646296 0.046554 0.153704 0.466840 1654.000000 1080.000000
0 164 0.585550 0.645370 0.046554 0.153704 0.473360 1654.000000 1080.000000
0 165 0.586155 0.644444 0.046554 0.153704 0.471750 1654.000000 1080.000000
0 166 0.586457 0.642593 0.047158 0.153704 0.466840 1654.000000 1080.000000
0 167 0.586759 0.641667 0.046554 0.153704 0.470980 1654.000000 1080.000000
0 168 0.587364 0.640741 0.046554 0.153704 0.486410 1654.000000 1080.000000
0 169 0.587969 0.639352 0.046554 0.154630 0.496720 1654.000000 1080.000000
0 170 0.588271 0.637963 0.047158 0.153704 0.502240 1654.000000 1080.000000
0 171 0.588875 0.637037 0.047158 0.153704 0.510120 1654.000000 1080.000000
0 172 0.589178 0.635648 0.046554 0.154630 0.531440 1654.000000 1080.000000
0 173 0.589782 0.634722 0.046554 0.154630 0.541970 1654.000000 1080.000000
0 174 0.590085 0.633333 0.047158 0.153704 0.554160 1654.000000 1080.000000
0 175 0.590689 0.631944 0.047158 0.154630 0.563290 1654.000000 1080.000000
0 176 0.591294 0.631019 0.047158 0.154630 0.569920 1654.000000 1080.000000
0 177 0.591596 0.630093 0.046554 0.154630 0.584330 1654.000000 1080.000000
0 178 0.591898 0.628241 0.047158 0.154630 0.588680 1654.000000 1080.000000
0 179 0.592503 0.627315 0.047158 0.154630 0.591700 1654.000000 1080.000000
0 180 0.593108 0.626389 0.047158 0.154630 0.602620 1654.000000 1080.000000
0 181 0.593712 0.625463 0.047158 0.154630 0.598400 1654.000000 1080.000000
0 182 0.594015 0.624074 0.046554 0.155556 0.589140 1654.000000 1080.000000
0 183 0.594619 0.623611 0.046554 0.156481 0.584840 1654.000000 1080.000000
0 184 0.595224 0.623148 0.046554 0.157407 0.705050 1654.000000 1080.000000
0 185 0.595526 0.622685 0.045949 0.158333 0.704620 1654.000000 1080.000000
0 186 0.596131 0.622222 0.045949 0.159259 0.698970 1654.000000 1080.000000
0 187 0.596735 0.621759 0.045949 0.160185 0.686070 1654.000000 1080.000000
0 188 0.597037 0.620370 0.045345 0.159259 0.686640 1654.000000 1080.000000
0 189 0.597642 0.619444 0.045345 0.159259 0.682840 1654.000000 1080.000000
0 190 0.598247 0.618519 0.045345 0.159259 0.673640 1654.000000 1080.000000
0 191 0.598851 0.617130 0.045345 0.158333 0.672890 1654.000000 1080.000000
0 192 0.599154 0.616204 0.044740 0.158333 0.671010 1654.000000 1080.000000
0 193 0.599758 0.615278 0.044740 0.158333 0.662330 1654.000000 1080.000000
0 194 0.600363 0.613889 0.044740 0.157407 0.661910 1654.000000 1080.000000
0 195 0.600967 0.612963 0.044740 0.157407 0.663240 1654.000000 1080.000000
0 196 0.601572 0.612037 0.044740 0.157407 0.650680 1654.000000 1080.000000
0 197 0.601874 0.611111 0.044135 0.157407 0.658530 1654.000000 1080.000000
0 198 0.602479 0.609722 0.044135 0.156481 0.662880 1654.000000 1080.000000
0 199 0.603083 0.608796 0.044135 0.156481 0.661370 1654.000000 1080.000000
0 200 0.603688 0.607870 0.044135 0.156481 0.663590 1654.000000 1080.000000
0 201 0.604293 0.606481 0.044135 0.155556 0.674960 1654.000000 1080.000000
0 202 0.604595 0.605556 0.043531 0.155556 0.674640 1654.000000 1080.000000
0 203 0.605200 0.604630 0.043531 0.155556 0.672850 1654.000000 1080.000000
0 204 0.605804 0.603704 0.043531 0.155556 0.672210 1654.000000 1080.000000
0 205 0.606409 0.602315 0.043531 0.154630 0.678000 1654.000000 1080.000000
0 206 0.607013 0.601389 0.043531 0.154630 0.687380 1654.000000 1080.000000
0 207 0.607316 0.600463 0.042926 0.154630 0.686920 1654.000000 1080.000000
0 208 0.607920 0.599074 0.042926 0.153704 0.690870 1654.000000 1080.000000
0 209 0.608525 0.598148 0.042926 0.153704 0.690120 1654.000000 1080.000000
0 210 0.609129 0.597222 0.042926 0.153704 0.695440 1654.000000 1080.000000
0 211 0.610036 0.596296 0.042322 0.153704 0.711900 1654.000000 1080.000000
0 212 0.610641 0.594444 0.042322 0.153704 0.720080 1654.000000 1080.000000
0 213 0.611245 0.593519 0.042322 0.153704 0.722440 1654.000000 1080.000000
0 214 0.611850 0.592593 0.042322 0.153704 0.723960 1654.000000 1080.000000
0 215 0.613059 0.591667 0.042322 0.153704 0.738970 1654.000000 1080.000000
0 216 0.613664 0.590741 0.042322 0.153704 0.751200 1654.000000 1080.000000
0 217 0.614268 0.589815 0.042322 0.153704 0.754410 1654.000000 1080.000000
0 218 0.614873 0.588889 0.042322 0.153704 0.767230 1654.000000 1080.000000
0 219 0.616082 0.587963 0.042322 0.153704 0.769330 1654.000000 1080.000000
0 220 0.616687 0.586111 0.042322 0.153704 0.785610 1654.000000 1080.000000
0 221 0.617291 0.585185 0.042322 0.153704 0.790420 1654.000000 1080.000000
0 222 0.617896 0.584259 0.042322 0.153704 0.796410 1654.000000 1080.000000
0 223 0.619105 0.583333 0.042322 0.153704 0.802400 1654.000000 1080.000000
0 224 0.619710 0.582407 0.042322 0.153704 0.808380 1654.000000 1080.000000
0 225 0.620314 0.581481 0.042322 0.153704 0.820360 1654.000000 1080.000000
0 226 0.620919 0.580556 0.042322 0.153704 0.826350 1654.000000 1080.000000
0 227 0.622128 0.579630 0.042322 0.153704 0.830820 1654.000000 1080.000000
0 228 0.622128 0.577778 0.042322 0.153704 0.840940 1654.000000 1080.000000
0 229 0.622430 0.576852 0.042926 0.153704 0.844810 1654.000000 1080.000000
0 230 0.622430 0.575926 0.042926 0.153704 0.847310 1654.000000 1080.000000
0 231 0.623035 0.575000 0.042926 0.153704 0.851300 1654.000000 1080.000000
0 232 0.623337 0.574074 0.043531 0.153704 0.854400 1654.000000 1080.000000
0 233 0.623337 0.573148 0.043531 0.153704 0.857030 1654.000000 1080.000000
0 234 0.623942 0.571296 0.043531 0.153704 0.866700 1654.000000 1080.000000
0 235 0.623942 0.570370 0.043531 0.153704 0.867610 1654.000000 1080.000000
0 236 0.624244 0.569444 0.044135 0.153704 0.869720 1654.000000 1080.000000
0 237 0.624849 0.568519 0.044135 0.153704 0.873120 1654.000000 1080.000000
0 238 0.624849 0.567593 0.044135 0.153704 0.874410 1654.000000 1080.000000
0 239 0.625151 0.566667 0.044740 0.153704 0.865790 1654.000000 1080.000000
0 240 0.625756 0.565741 0.044740 0.153704 0.856210 1654.000000 1080.000000
0 241 0.626058 0.563889 0.044135 0.153704 0.872880 1654.000000 1080.000000
0 242 0.626663 0.562037 0.044135 0.153704 0.868260 1654.000000 1080.000000
0 243 0.627267 0.560185 0.044135 0.153704 0.864300 1654.000000 1080.000000
0 244 0.628174 0.558333 0.043531 0.153704 0.860470 1654.000000 1080.000000
0 245 0.628779 0.557407 0.043531 0.153704 0.849730 1654.000000 1080.000000
0 246 0.629383 0.555556 0.043531 0.153704 0.853910 1654.000000 1080.000000
0 247 0.629988 0.553704 0.043531 0.153704 0.850630 1654.000000 1080.000000
0 248 0.630593 0.551852 0.042322 0.153704 0.844650 1654.000000 1080.000000
0 249 0.631197 0.550000 0.042322 0.153704 0.833520 1654.000000 1080.000000
0 250 0.631802 0.549074 0.042322 0.153704 0.813440 1654.000000 1080.000000
0 251 0.632406 0.547222 0.042322 0.153704 0.814120 1654.000000 1080.000000
0 252 0.633313 0.545370 0.041717 0.153704 0.809580 1654.000000 1080.000000
0 253 0.633918 0.543519 0.041717 0.153704 0.809580 1654.000000 1080.000000
0 254 0.634522 0.541667 0.041717 0.153704 0.805220 1654.000000 1080.000000
0 255 0.635429 0.540741 0.041112 0.153704 0.802310 1654.000000 1080.000000
0 256 0.635732 0.538889 0.040508 0.153704 0.806970 1654.000000 1080.000000
0 257 0.636336 0.537963 0.040508 0.153704 0.802310 1654.000000 1080.000000
0 258 0.637243 0.536111 0.039903 0.153704 0.799360 1654.000000 1080.000000
0 259 0.637848 0.535185 0.039903 0.153704 0.791670 1654.000000 1080.000000
0 260 0.638452 0.533333 0.039903 0.153704 0.796680 1654.000000 1080.000000
0 261 0.639057 0.532407 0.038694 0.153704 0.805990 1654.000000 1080.000000
0 262 0.639661 0.531481 0.038694 0.153704 0.803410 1654.000000 1080.000000
0 263 0.640266 0.529630 0.038694 0.153704 0.803410 1654.000000 1080.000000
0 264 0.641173 0.528704 0.038089 0.153704 0.808760 1654.000000 1080.000000
0 265 0.641778 0.526852 0.038089 0.153704 0.808760 1654.000000 1080.000000
0 266 0.642080 0.525926 0.037485 0.153704 0.812000 1654.000000 1080.000000
0 267 0.642987 0.524074 0.036880 0.153704 0.805870 1654.000000 1080.000000
0 268 0.643591 0.523148 0.036880 0.153704 0.809930 1654.000000 1080.000000
0 269 0.644196 0.522222 0.036880 0.153704 0.808190 1654.000000 1080.000000
0 270 0.645103 0.520370 0.036276 0.153704 0.806320 1654.000000 1080.000000
0 271 0.645405 0.519444 0.035671 0.153704 0.806290 1654.000000 1080.000000
0 272 0.646010 0.517593 0.035671 0.153704 0.813170 1654.000000 1080.000000
0 273 0.646917 0.516667 0.035067 0.153704 0.814880 1654.000000 1080.000000
0 274 0.647521 0.514815 0.035067 0.153704 0.815490 1654.000000 1080.000000
0 275 0.648126 0.513889 0.035067 0.153704 0.793060 1654.000000 1080.000000
0 276 0.649033 0.512963 0.034462 0.153704 0.795790 1654.000000 1080.000000
0 277 0.649033 0.511574 0.034462 0.152778 0.797780 1654.000000 1080.000000
0 278 0.649335 0.510648 0.035067 0.152778 0.781700 1654.000000 1080.000000
0 279 0.649940 0.509722 0.035067 0.152778 0.764860 1654.000000 1080.000000
0 280 0.650242 0.508796 0.035671 0.152778 0.755420 1654.000000 1080.000000
0 281 0.650846 0.507407 0.035671 0.151852 0.751520 1654.000000 1080.000000
0 282 0.650846 0.506944 0.035671 0.150926 0.759150 1654.000000 1080.000000
0 283 0.651451 0.506019 0.035671 0.150926 0.750910 1654.000000 1080.000000
0 284 0.651753 0.505093 0.036276 0.150926 0.743000 1654.000000 1080.000000
0 285 0.652358 0.503704 0.036276 0.150000 0.746350 1654.000000 1080.000000
0 286 0.652660 0.502778 0.036880 0.150000 0.746590 1654.000000 1080.000000
0 287 0.653265 0.502315 0.036880 0.149074 0.740540 1654.000000 1080.000000
0 288 0.653265 0.501389 0.036880 0.149074 0.730590 1654.000000 1080.000000
0 289 0.653567 0.500463 0.037485 0.149074 0.720750 1654.000000 1080.000000
0 290 0.654172 0.499074 0.037485 0.148148 0.709160 1654.000000 1080.000000
0 291 0.654474 0.498148 0.038089 0.148148 0.690800 1654.000000 1080.000000
0 292 0.655079 0.497222 0.038089 0.148148 0.683810 1654.000000 1080.000000
0 293 0.655079 0.496759 0.038089 0.147222 0.676070 1654.000000 1080.000000
0 294 0.655683 0.495370 0.038089 0.146296 0.670600 1654.000000 1080.000000
0 295 0.655985 0.494444 0.038694 0.146296 0.652640 1654.000000 1080.000000
0 296 0.656590 0.493519 0.038694 0.146296 0.640150 1654.000000 1080.000000
0 297 0.656892 0.492593 0.039299 0.146296 0.630260 1654.000000 1080.000000
0 298 0.657497 0.492130 0.039299 0.145370 0.613060 1654.000000 1080.000000
0 299 0.657195 0.491204 0.038694 0.145370 0.619080 1654.000000 1080.000000
0 300 0.656892 0.490278 0.038089 0.145370 0.625990 1654.000000 1080.000000
0 301 0.656892 0.489352 0.038089 0.145370 0.622030 1654.000000 1080.000000
0 302 0.656590 0.488426 0.038694 0.145370 0.606910 1654.000000 1080.000000
0 303 0.656590 0.487500 0.038694 0.145370 0.608670 1654.000000 1080.000000
0 304 0.656590 0.487037 0.038694 0.144444 0.605000 1654.000000 1080.000000
0 305 0.656892 0.486111 0.039299 0.144444 0.595060 1654.000000 1080.000000
0 306 0.656892 0.485648 0.039299 0.145370 0.586980 1654.000000 1080.000000
0 307 0.656892 0.485185 0.039299 0.144444 0.587050 1654.000000 1080.000000
0 308 0.656892 0.484259 0.040508 0.144444 0.572120 1654.000000 1080.000000
0 309 0.656892 0.483796 0.040508 0.143519 0.488310 1654.000000 1080.000000
0 310 0.656892 0.483333 0.040508 0.144444 0.561730 1654.000000 1080.000000
0 311 0.657195 0.482407 0.041112 0.144444 0.551740 1654.000000 1080.000000
0 312 0.657195 0.481944 0.041112 0.143519 0.468130 1654.000000 1080.000000
0 313 0.657195 0.481019 0.041112 0.143519 0.461630 1654.000000 1080.000000
0 314 0.657497 0.481019 0.041717 0.143519 0.445330 1654.000000 1080.000000
0 315 0.657497 0.480093 0.041717 0.143519 0.447070 1654.000000 1080.000000
0 316 0.657497 0.479167 0.041717 0.143519 0.437450 1654.000000 1080.000000
0 317 0.657497 0.478241 0.041717 0.143519 0.436630 1654.000000 1080.000000
0 318 0.657497 0.477315 0.041717 0.143519 0.423990 1654.000000 1080.000000
0 319 0.657497 0.476389 0.041717 0.143519 0.421520 1654.000000 1080.000000
0 320 0.657799 0.475463 0.042322 0.143519 0.410890 1654.000000 1080.000000
0 321 0.657799 0.474537 0.042322 0.143519 0.400780 1654.000000 1080.000000
0 322 0.658102 0.474537 0.041717 0.143519 0.394960 1654.000000 1080.000000
0 323 0.658102 0.473611 0.041717 0.143519 0.405950 1654.000000 1080.000000
0 324 0.658102 0.472685 0.041717 0.143519 0.399450 1654.000000 1080.000000
0 325 0.658404 0.471759 0.042322 0.143519 0.383350 1654.000000 1080.000000
0 326 0.658404 0.470833 0.042322 0.143519 0.380460 1654.000000 1080.000000
0 327 0.658404 0.469907 0.042322 0.143519 0.374050 1654.000000 1080.000000
0 328 0.658404 0.468981 0.042322 0.143519 0.362680 1654.000000 1080.000000
0 329 0.658404 0.468056 0.042322 0.143519 0.358970 1654.000000 1080.000000
0 330 0.659008 0.468056 0.042322 0.143519 0.352470 1654.000000 1080.000000
0 331 0.659008 0.467130 0.042322 0.143519 0.352470 1654.000000 1080.000000
0 332 0.659008 0.466204 0.042322 0.143519 0.353830 1654.000000 1080.000000
0 333 0.659311 0.465278 0.041717 0.143519 0.365290 1654.000000 1080.000000
0 334 0.659613 0.465278 0.042322 0.143519 0.356630 1654.000000 1080.000000
0 335 0.659613 0.464352 0.042322 0.143519 0.358070 1654.000000 1080.000000
0 336 0.659915 0.463426 0.041717 0.143519 0.356680 1654.000000 1080.000000
0 337 0.660218 0.463426 0.042322 0.143519 0.356720 1654.000000 1080.000000
0 338 0.660218 0.462500 0.042322 0.143519 0.350580 1654.000000 1080.000000
0 339 0.660520 0.461574 0.041717 0.143519 0.357510 1654.000000 1080.000000
0 340 0.660520 0.460648 0.041717 0.143519 0.359430 1654.000000 1080.000000
0 341 0.660822 0.460648 0.042322 0.143519 0.350940 1654.000000 1080.000000
0 342 0.661125 0.459722 0.041717 0.143519 0.355310 1654.000000 1080.000000
0 343 0.661125 0.458796 0.041717 0.143519 0.359340 1654.000000 1080.000000
0 344 0.661427 0.458796 0.042322 0.143519 0.342540 1654.000000 1080.000000
0 345 0.661729 0.457870 0.041717 0.143519 0.354670 1654.000000 1080.000000
0 346 0.661729 0.456944 0.041717 0.143519 0.347070 1654.000000 1080.000000
0 347 0.662334 0.456944 0.041717 0.143519 0.345600 1654.000000 1080.000000
0 348 0.662938 0.456019 0.041717 0.143519 0.343130 1654.000000 1080.000000
0 349 0.664148 0.456019 0.041717 0.143519 0.329490 1654.000000 1080.000000
0 350 0.665357 0.456019 0.041717 0.143519 0.322890 1654.000000 1080.000000
0 351 0.666264 0.456019 0.042322 0.143519 0.303810 1654.000000 1080.000000
0 352 0.667170 0.456019 0.041717 0.143519 0.291850 1654.000000 1080.000000
0 353 0.668380 0.456019 0.041717 0.143519 0.284340 1654.000000 1080.000000
0 354 0.669287 0.456019 0.042322 0.143519 0.265890 1654.000000 1080.000000
0 355 0.670496 0.456019 0.042322 0.143519 0.258220 1654.000000 1080.000000
0 356 0.671403 0.456019 0.041717 0.143519 0.250550 1654.000000 1080.000000
0 357 0.672310 0.456019 0.042322 0.143519 0.250540 1654.000000 1080.000000
0 358 0.673519 0.456019 0.042322 0.143519 0.505960 1654.000000 1080.000000
0 359 0.674728 0.456019 0.042322 0.143519 0.492050 1654.000000 1080.000000
0 360 0.675937 0.456019 0.042322 0.143519 0.483120 1654.000000 1080.000000
0 361 0.676542 0.455093 0.042322 0.143519 0.476800 1654.000000 1080.000000
0 362 0.677449 0.454167 0.041717 0.143519 0.472800 1654.000000 1080.000000
0 363 0.678356 0.454167 0.041112 0.143519 0.462560 1654.000000 1080.000000
0 364 0.679262 0.453241 0.040508 0.143519 0.454660 1654.000000 1080.000000
0 365 0.679867 0.452778 0.040508 0.142593 0.453700 1654.000000 1080.000000
0 366 0.680774 0.452315 0.039903 0.143519 0.447470 1654.000000 1080.000000
0 367 0.681983 0.451852 0.039903 0.142593 0.429950 1654.000000 1080.000000
0 368 0.682890 0.451389 0.039299 0.143519 0.421520 1654.000000 1080.000000
0 369 0.683495 0.450926 0.039299 0.142593 0.418080 1654.000000 1080.000000
0 370 0.684401 0.450000 0.038694 0.142593 0.415380 1654.000000 1080.000000
0 371 0.685308 0.450000 0.038089 0.142593 0.395670 1654.000000 1080.000000
0 372 0.686215 0.449074 0.037485 0.142593 0.402760 1654.000000 1080.000000
0 373 0.687424 0.449074 0.037485 0.142593 0.379520 1654.000000 1080.000000
0 374 0.687424 0.447222 0.037485 0.142593 0.385970 1654.000000 1080.000000
0 375 0.688029 0.446296 0.037485 0.142593 0.385970 1654.000000 1080.000000
0 376 0.688634 0.445370 0.037485 0.142593 0.378490 1654.000000 1080.000000
0 377 0.688634 0.443519 0.037485 0.142593 0.384950 1654.000000 1080.000000
0 378 0.689238 0.442593 0.037485 0.142593 0.384950 1654.000000 1080.000000
0 379 0.689843 0.441667 0.037485 0.142593 0.377470 1654.000000 1080.000000
0 380 0.690145 0.440278 0.036880 0.143519 0.374690 1654.000000 1080.000000
0 381 0.690447 0.438889 0.037485 0.142593 0.379720 1654.000000 1080.000000
0 382 0.691052 0.437963 0.037485 0.142593 0.372350 1654.000000 1080.000000
0 383 0.691354 0.436574 0.036880 0.143519 0.373660 1654.000000 1080.000000
0 384 0.691959 0.435648 0.036880 0.143519 0.373660 1654.000000 1080.000000
0 385 0.692261 0.434259 0.037485 0.142593 0.371430 1654.000000 1080.000000
0 386 0.692563 0.432870 0.036880 0.143519 0.372620 1654.000000 1080.000000
0 387 0.693168 0.431944 0.036880 0.143519 0.372620 1654.000000 1080.000000
0 388 0.693773 0.431019 0.036880 0.143519 0.365180 1654.000000 1080.000000
0 389 0.693773 0.429167 0.036880 0.143519 0.379030 1654.000000 1080.000000
0 390 0.694377 0.428241 0.036880 0.143519 0.367760 1654.000000 1080.000000
0 391 0.694982 0.427315 0.036880 0.143519 0.367760 1654.000000 1080.000000
0 392 0.695586 0.425463 0.036880 0.143519 0.363110 1654.000000 1080.000000
0 393 0.696191 0.424537 0.036880 0.143519 0.365800 1654.000000 1080.000000
0 394 0.696493 0.423611 0.037485 0.143519 0.358060 1654.000000 1080.000000
0 395 0.697098 0.421759 0.037485 0.143519 0.364470 1654.000000 1080.000000
0 396 0.697703 0.420833 0.037485 0.143519 0.353990 1654.000000 1080.000000
0 397 0.698005 0.419907 0.036880 0.143519 0.357840 1654.000000 1080.000000
0 398 0.698609 0.418056 0.036880 0.143519 0.356700 1654.000000 1080.000000
0 399 0.698912 0.417130 0.037485 0.143519 0.359690 1654.000000 1080.000000
0 400 0.699516 0.416204 0.037485 0.143519 0.349610 1654.000000 1080.000000
0 401 0.700121 0.414352 0.037485 0.143519 0.356020 1654.000000 1080.000000
0 402 0.700726 0.413426 0.037485 0.143519 0.346150 1654.000000 1080.000000
0 403 0.701330 0.412500 0.037485 0.143519 0.349210 1654.000000 1080.000000
0 404 0.701935 0.411574 0.037485 0.143519 0.342900 1654.000000 1080.000000
0 405 0.701935 0.409722 0.037485 0.143519 0.346050 1654.000000 1080.000000
0 406 0.702237 0.407870 0.038089 0.143519 0.349360 1654.000000 1080.000000
0 407 0.702842 0.406019 0.038089 0.143519 0.349660 1654.000000 1080.000000
0 408 0.702842 0.404167 0.038089 0.143519 0.356070 1654.000000 1080.000000
0 409 0.703144 0.402778 0.038694 0.142593 0.355430 1654.000000 1080.000000
0 410 0.703748 0.400926 0.038694 0.142593 0.352850 1654.000000 1080.000000
0 411 0.703748 0.399537 0.038694 0.143519 0.357000 1654.000000 1080.000000
0 412 0.704353 0.397685 0.038694 0.143519 0.357500 1654.000000 1080.000000
0 413 0.704655 0.396296 0.039299 0.142593 0.357180 1654.000000 1080.000000
0 414 0.704655 0.394444 0.039299 0.142593 0.363640 1654.000000 1080.000000
0 415 0.705260 0.392593 0.039299 0.142593 0.361490 1654.000000 1080.000000
0 416 0.705562 0.390741 0.039903 0.142593 0.365530 1654.000000 1080.000000
0 417 0.706167 0.389815 0.039903 0.142593 0.350220 1654.000000 1080.000000
0 418 0.706167 0.387963 0.039903 0.142593 0.356670 1654.000000 1080.000000
0 419 0.706771 0.387037 0.039903 0.142593 0.350890 1654.000000 1080.000000
0 420 0.707376 0.386111 0.039903 0.142593 0.338660 1654.000000 1080.000000
0 421 0.707376 0.385185 0.039903 0.142593 0.336350 1654.000000 1080.000000
0 422 0.707981 0.384259 0.039903 0.142593 0.330670 1654.000000 1080.000000
0 423 0.708585 0.382407 0.039903 0.142593 0.324990 1654.000000 1080.000000
0 424 0.709190 0.381481 0.039903 0.142593 0.317280 1654.000000 1080.000000
0 425 0.709190 0.380556 0.039903 0.142593 0.317280 1654.000000 1080.000000
0 426 0.709794 0.379630 0.039903 0.142593 0.305250 1654.000000 1080.000000
0 427 0.710399 0.378704 0.039903 0.142593 0.299660 1654.000000 1080.000000
0 428 0.711004 0.376852 0.039903 0.142593 0.298800 1654.000000 1080.000000
0 429 0.711004 0.375926 0.039903 0.142593 0.286860 1654.000000 1080.000000
0 430 0.711608 0.375000 0.039903 0.142593 0.276460 1654.000000 1080.000000
0 431 0.712213 0.374074 0.039903 0.142593 0.269430 1654.000000 1080.000000
0 432 0.712817 0.373148 0.039903 0.142593 0.253250 1654.000000 1080.000000
0 433 0.712213 0.371296 0.039903 0.142593 0.258830 1654.000000 1080.000000
0 434 0.711608 0.369444 0.039903 0.142593 0.269430 1654.000000 1080.000000
0 435 0.711608 0.367593 0.039903 0.142593 0.263940 1654.000000 1080.000000
0 436 0.711004 0.365741 0.039903 0.142593 0.274430 1654.000000 1080.000000
0 437 0.710399 0.363889 0.039903 0.142593 0.281370 1654.000000 1080.000000
0 438 0.710399 0.362037 0.039903 0.142593 0.275880 1654.000000 1080.000000
0 439 0.709794 0.360185 0.039903 0.142593 0.286280 1654.000000 1080.000000
0 440 0.709190 0.358333 0.039903 0.142593 0.291670 1654.000000 1080.000000
0 441 0.709190 0.356481 0.039903 0.142593 0.296490 1654.000000 1080.000000
0 442 0.708585 0.354630 0.039903 0.142593 0.303510 1654.000000 1080.000000
0 443 0.707981 0.352778 0.039903 0.142593 0.313530 1654.000000 1080.000000
0 444 0.707981 0.351852 0.039903 0.142593 0.307080 1654.000000 1080.000000
0 445 0.707981 0.350000 0.039903 0.142593 0.311700 1654.000000 1080.000000
0 446 0.707981 0.348148 0.039903 0.142593 0.313530 1654.000000 1080.000000
0 447 0.708585 0.346296 0.039903 0.142593 0.312950 1654.000000 1080.000000
0 448 0.708585 0.344444 0.039903 0.142593 0.314680 1654.000000 1080.000000
0 449 0.708585 0.342593 0.039903 0.142593 0.321140 1654.000000 1080.000000
0 450 0.709190 0.340741 0.039903 0.142593 0.317480 1654.000000 1080.000000
0 451 0.709190 0.339815 0.039903 0.142593 0.315840 1654.000000 1080.000000
0 452 0.709794 0.337963 0.039903 0.142593 0.312080 1654.000000 1080.000000
0 453 0.709794 0.336111 0.039903 0.142593 0.318540 1654.000000 1080.000000
0 454 0.709794 0.334259 0.039903 0.142593 0.320080 1654.000000 1080.000000
0 455 0.710399 0.332407 0.039903 0.142593 0.319600 1654.000000 1080.000000
0 456 0.710399 0.330556 0.039903 0.142593 0.315550 1654.000000 1080.000000
0 457 0.711004 0.329630 0.039903 0.142593 0.304570 1654.000000 1080.000000
0 458 0.710399 0.327778 0.039903 0.142593 0.316510 1654.000000 1080.000000
0 459 0.710399 0.325926 0.039903 0.142593 0.316320 1654.000000 1080.000000
0 460 0.710399 0.324537 0.039903 0.141667 0.318380 1654.000000 1080.000000
0 461 0.710097 0.322685 0.039299 0.141667 0.320350 1654.000000 1080.000000
0 462 0.710097 0.321296 0.039299 0.140741 0.322440 1654.000000 1080.000000
0 463 0.710097 0.319444 0.039299 0.140741 0.323430 1654.000000 1080.000000
0 464 0.710097 0.317593 0.039299 0.140741 0.329970 1654.000000 1080.000000
0 465 0.709492 0.316204 0.039299 0.139815 0.332140 1654.000000 1080.000000
0 466 0.709492 0.314352 0.039299 0.139815 0.338720 1654.000000 1080.000000
0 467 0.709492 0.312963 0.039299 0.138889 0.335340 1654.000000 1080.000000
0 468 0.709492 0.311111 0.039299 0.138889 0.341960 1654.000000 1080.000000
0 469 0.709190 0.309259 0.038694 0.138889 0.343660 1654.000000 1080.000000
0 470 0.709190 0.307870 0.038694 0.137963 0.345950 1654.000000 1080.000000
0 471 0.709190 0.306019 0.038694 0.137963 0.346770 1654.000000 1080.000000
0 472 0.709190 0.305093 0.038694 0.137963 0.346770 1654.000000 1080.000000
0 473 0.709190 0.304167 0.038694 0.137963 0.346770 1654.000000 1080.000000
0 474 0.709794 0.303241 0.038694 0.137963 0.334970 1654.000000 1080.000000
0 475 0.710399 0.302315 0.038694 0.137963 0.329030 1654.000000 1080.000000
0 476 0.711004 0.301389 0.038694 0.137963 0.323080 1654.000000 1080.000000
0 477 0.711608 0.300463 0.038694 0.137963 0.310870 1654.000000 1080.000000
0 478 0.711911 0.299537 0.039299 0.137963 0.310510 1654.000000 1080.000000
0 479 0.712515 0.298611 0.039299 0.137963 0.304550 1654.000000 1080.000000
0 480 0.713120 0.297685 0.039299 0.137963 0.292320 1654.000000 1080.000000
0 481 0.713422 0.297685 0.038694 0.137963 0.279590 1654.000000 1080.000000
0 482 0.714027 0.296759 0.038694 0.137963 0.273330 1654.000000 1080.000000
0 483 0.714631 0.295833 0.038694 0.137963 0.266670 1654.000000 1080.000000
0 484 0.714933 0.294907 0.039299 0.137963 0.266670 1654.000000 1080.000000
0 485 0.715538 0.293981 0.039299 0.137963 0.266670 1654.000000 1080.000000
0 486 0.716143 0.293056 0.039299 0.137963 0.266670 1654.000000 1080.000000
0 487 0.716747 0.292130 0.039299 0.137963 0.271210 1654.000000 1080.000000
0 488 0.717352 0.291204 0.039299 0.137963 0.293640 1654.000000 1080.000000
0 489 0.717956 0.291204 0.039299 0.137963 0.298590 1654.000000 1080.000000
0 490 0.717956 0.289352 0.039299 0.137963 0.316060 1654.000000 1080.000000
0 491 0.717956 0.288426 0.039299 0.137963 0.316060 1654.000000 1080.000000
0 492 0.718561 0.286574 0.039299 0.137963 0.344440 1654.000000 1080.000000
0 493 0.718561 0.285648 0.039299 0.137963 0.344440 1654.000000 1080.000000
0 494 0.718863 0.283796 0.038694 0.137963 0.362770 1654.000000 1080.000000
0 495 0.719166 0.282870 0.039299 0.137963 0.372420 1654.000000 1080.000000
0 496 0.719166 0.281019 0.039299 0.137963 0.383430 1654.000000 1080.000000
0 497 0.719468 0.280093 0.038694 0.137963 0.385130 1654.000000 1080.000000
0 498 0.719770 0.278241 0.039299 0.137963 0.410910 1654.000000 1080.000000
0 499 0.720073 0.277315 0.038694 0.137963 0.412920 1654.000000 1080.000000
0 500 0.720073 0.275463 0.038694 0.137963 0.429330 1654.000000 1080.000000
0 501 0.720375 0.274537 0.039299 0.137963 0.437980 1654.000000 1080.000000
0 502 0.720677 0.272685 0.038694 0.137963 0.456410 1654.000000 1080.000000
0 503 0.720677 0.271759 0.038694 0.137963 0.456410 1654.000000 1080.000000
0 504 0.721282 0.270833 0.038694 0.137963 0.478150 1654.000000 1080.000000
0 505 0.720677 0.268519 0.038694 0.137037 0.473830 1654.000000 1080.000000
0 506 0.720073 0.266667 0.038694 0.137037 0.463090 1654.000000 1080.000000
0 507 0.719468 0.264815 0.038694 0.137037 0.452350 1654.000000 1080.000000
0 508 0.718863 0.262963 0.038694 0.137037 0.446980 1654.000000 1080.000000
0 509 0.718259 0.261111 0.038694 0.137037 0.436340 1654.000000 1080.000000
0 510 0.717956 0.259259 0.039299 0.135185 0.430320 1654.000000 1080.000000
0 511 0.717352 0.257407 0.039299 0.135185 0.420120 1654.000000 1080.000000
0 512 0.717050 0.255556 0.038694 0.135185 0.417160 1654.000000 1080.000000
0 513 0.716445 0.253704 0.038694 0.135185 0.406910 1654.000000 1080.000000
0 514 0.715840 0.251852 0.038694 0.135185 0.402510 1654.000000 1080.000000
0 515 0.715538 0.250000 0.039299 0.133333 0.392890 1654.000000 1080.000000
0 516 0.714933 0.248148 0.039299 0.133333 0.389240 1654.000000 1080.000000
0 517 0.714329 0.246296 0.039299 0.133333 0.373350 1654.000000 1080.000000
0 518 0.713724 0.244444 0.039299 0.133333 0.369910 1654.000000 1080.000000
0 519 0.713120 0.242593 0.039299 0.133333 0.360500 1654.000000 1080.000000
0 520 0.713120 0.241204 0.039299 0.132407 0.357530 1654.000000 1080.000000
0 521 0.712515 0.239352 0.039299 0.132407 0.358380 1654.000000 1080.000000
0 522 0.712213 0.238426 0.038694 0.132407 0.358650 1654.000000 1080.000000
0 523 0.711911 0.237500 0.039299 0.132407 0.363430 1654.000000 1080.000000
0 524 0.711608 0.236574 0.038694 0.132407 0.364320 1654.000000 1080.000000
0 525 0.711306 0.235648 0.039299 0.132407 0.369320 1654.000000 1080.000000
0 526 0.711004 0.234722 0.038694 0.132407 0.369760 1654.000000 1080.000000
0 527 0.710701 0.232870 0.039299 0.132407 0.381840 1654.000000 1080.000000
0 528 0.710399 0.231944 0.038694 0.132407 0.383120 1654.000000 1080.000000
0 529 0.710097 0.231019 0.039299 0.132407 0.388470 1654.000000 1080.000000
0 530 0.709794 0.230093 0.038694 0.132407 0.389960 1654.000000 1080.000000
0 531 0.709492 0.229167 0.039299 0.132407 0.394570 1654.000000 1080.000000
0 532 0.709190 0.228241 0.038694 0.132407 0.400000 1654.000000 1080.000000
0 533 0.709190 0.227315 0.038694 0.132407 0.410040 1654.000000 1080.000000
0 534 0.707981 0.225463 0.038694 0.132407 0.416030 1654.000000 1080.000000
0 535 0.707376 0.224537 0.038694 0.132407 0.421150 1654.000000 1080.000000
0 536 0.706771 0.223611 0.038694 0.132407 0.425640 1654.000000 1080.000000
0 537 0.705865 0.222685 0.039299 0.132407 0.433400 1654.000000 1080.000000
0 538 0.704958 0.220833 0.038694 0.132407 0.439740 1654.000000 1080.000000
0 539 0.704353 0.219907 0.038694 0.132407 0.433650 1654.000000 1080.000000
0 540 0.703748 0.218981 0.038694 0.132407 0.433650 1654.000000 1080.000000
0 541 0.702842 0.218056 0.039299 0.132407 0.422660 1654.000000 1080.000000
0 542 0.702237 0.217130 0.039299 0.132407 0.422660 1654.000000 1080.000000
0 543 0.701330 0.215278 0.038694 0.132407 0.410260 1654.000000 1080.000000
0 544 0.700423 0.214352 0.039299 0.132407 0.409510 1654.000000 1080.000000
0 545 0.699819 0.213426 0.039299 0.132407 0.393310 1654.000000 1080.000000
0 546 0.699214 0.212500 0.039299 0.132407 0.393310 1654.000000 1080.000000
0 547 0.698609 0.211574 0.039299 0.132407 0.383520 1654.000000 1080.000000
0 548 0.698005 0.209722 0.039299 0.132407 0.390150 1654.000000 1080.000000
0 549 0.697400 0.208796 0.039299 0.132407 0.390150 1654.000000 1080.000000
0 550 0.696796 0.207870 0.039299 0.132407 0.380470 1654.000000 1080.000000
0 551 0.696191 0.206019 0.039299 0.132407 0.380470 1654.000000 1080.000000
0 552 0.696191 0.205093 0.039299 0.132407 0.380470 1654.000000 1080.000000
0 553 0.695586 0.204167 0.039299 0.132407 0.387730 1654.000000 1080.000000
0 554 0.694982 0.202315 0.039299 0.132407 0.392150 1654.000000 1080.000000
0 555 0.694377 0.201389 0.039299 0.132407 0.399410 1654.000000 1080.000000
0 556 0.693773 0.200463 0.039299 0.132407 0.397100 1654.000000 1080.000000
0 557 0.693773 0.198611 0.039299 0.132407 0.406250 1654.000000 1080.000000
0 558 0.693168 0.197685 0.039299 0.132407 0.412770 1654.000000 1080.000000
0 559 0.692563 0.196759 0.039299 0.132407 0.413090 1654.000000 1080.000000
0 560 0.691959 0.194907 0.039299 0.132407 0.424450 1654.000000 1080.000000
0 561 0.691354 0.193981 0.039299 0.132407 0.430980 1654.000000 1080.000000
0 562 0.691354 0.193056 0.039299 0.132407 0.432980 1654.000000 1080.000000
0 563 0.690447 0.192130 0.038694 0.132407 0.437930 1654.000000 1080.000000
0 564 0.689843 0.191204 0.038694 0.132407 0.444440 1654.000000 1080.000000
0 565 0.688936 0.190278 0.038089 0.132407 0.444880 1654.000000 1080.000000
0 566 0.688331 0.189352 0.038089 0.132407 0.451390 1654.000000 1080.000000
0 567 0.687727 0.188426 0.038089 0.132407 0.464740 1654.000000 1080.000000
0 568 0.686820 0.187500 0.037485 0.132407 0.465280 1654.000000 1080.000000
0 569 0.686215 0.186574 0.037485 0.132407 0.471670 1654.000000 1080.000000
0 570 0.685913 0.186111 0.036880 0.131481 0.474960 1654.000000 1080.000000
0 571 0.685006 0.185185 0.036276 0.131481 0.475520 1654.000000 1080.000000
0 572 0.684401 0.184259 0.036276 0.131481 0.481940 1654.000000 1080.000000
0 573 0.683495 0.183333 0.035671 0.131481 0.495800 1654.000000 1080.000000
0 574 0.682890 0.182407 0.035671 0.131481 0.495800 1654.000000 1080.000000
0 575 0.682285 0.181481 0.035671 0.131481 0.503500 1654.000000 1080.000000
0 576 0.681378 0.180556 0.035067 0.131481 0.517480 1654.000000 1080.000000
0 577 0.680774 0.179630 0.035067 0.131481 0.517480 1654.000000 1080.000000
0 578 0.680472 0.179630 0.034462 0.131481 0.511450 1654.000000 1080.000000
0 579 0.679262 0.177778 0.034462 0.131481 0.538460 1654.000000 1080.000000
0 580 0.678658 0.176852 0.034462 0.131481 0.538460 1654.000000 1080.000000
0 581 0.677751 0.175463 0.035067 0.130556 0.558960 1654.000000 1080.000000
0 582 0.676844 0.174537 0.034462 0.130556 0.575040 1654.000000 1080.000000
0 583 0.676239 0.173148 0.034462 0.129630 0.580700 1654.000000 1080.000000
0 584 0.675333 0.172222 0.035067 0.129630 0.596590 1654.000000 1080.000000
0 585 0.674426 0.171296 0.034462 0.129630 0.612620 1654.000000 1080.000000
0 586 0.673821 0.169907 0.034462 0.128704 0.617980 1654.000000 1080.000000
0 587 0.672914 0.168981 0.035067 0.128704 0.633050 1654.000000 1080.000000
0 588 0.672310 0.167593 0.035067 0.127778 0.649800 1654.000000 1080.000000
0 589 0.671403 0.166667 0.034462 0.127778 0.654060 1654.000000 1080.000000
0 590 0.670496 0.165741 0.035067 0.127778 0.668330 1654.000000 1080.000000
0 591 0.669891 0.164352 0.035067 0.126852 0.684350 1654.000000 1080.000000
0 592 0.668984 0.163426 0.034462 0.126852 0.697400 1654.000000 1080.000000
0 593 0.668077 0.162037 0.035067 0.125926 0.716320 1654.000000 1080.000000
0 594 0.667473 0.161111 0.035067 0.125926 0.726710 1654.000000 1080.000000
0 595 0.666868 0.160185 0.035067 0.125926 0.742420 1654.000000 1080.000000
0 596 0.666868 0.158796 0.035067 0.125000 0.748260 1654.000000 1080.000000
0 597 0.666868 0.157870 0.035067 0.125000 0.750750 1654.000000 1080.000000
0 598 0.666868 0.156481 0.035067 0.124074 0.762460 1654.000000 1080.000000
0 599 0.666868 0.155556 0.035067 0.124074 0.765100 1654.000000 1080.000000
0 600 0.666868 0.154167 0.035067 0.123148 0.771820 1654.000000 1080.000000
0 601 0.666868 0.153704 0.035067 0.122222 0.619600 1654.000000 1080.000000
0 602 0.666868 0.151852 0.035067 0.122222 0.620750 1654.000000 1080.000000
0 603 0.667170 0.150463 0.034462 0.121296 0.622000 1654.000000 1080.000000
0 604 0.667473 0.149537 0.033857 0.121296 0.619480 1654.000000 1080.000000
0 605 0.667473 0.148148 0.033857 0.120370 0.632380 1654.000000 1080.000000
0 606 0.667775 0.146759 0.033253 0.121296 0.630010 1654.000000 1080.000000
0 607 0.668077 0.145370 0.032648 0.120370 0.634000 1654.000000 1080.000000
0 608 0.668077 0.144444 0.032648 0.120370 0.643300 1654.000000 1080.000000
0 609 0.668380 0.143056 0.032044 0.119444 0.647150 1654.000000 1080.000000
0 610 0.668682 0.141667 0.031439 0.120370 0.646690 1654.000000 1080.000000
0 611 0.668682 0.140278 0.031439 0.119444 0.656750 1654.000000 1080.000000
0 612 0.668984 0.139352 0.030834 0.119444 0.658280 1654.000000 1080.000000
0 613 0.669287 0.137963 0.030230 0.118519 0.664840 1654.000000 1080.000000
0 614 0.669589 0.137037 0.029625 0.118519 0.656740 1654.000000 1080.000000
0 615 0.669589 0.135185 0.029625 0.118519 0.664650 1654.000000 1080.000000
0 616 0.669589 0.134259 0.029625 0.118519 0.669150 1654.000000 1080.000000
0 617 0.670193 0.133333 0.029625 0.118519 0.654570 1654.000000 1080.000000
0 618 0.670193 0.132407 0.029625 0.118519 0.657210 1654.000000 1080.000000
0 619 0.670496 0.131481 0.030230 0.118519 0.650100 1654.000000 1080.000000
0 620 0.670798 0.130556 0.029625 0.118519 0.651940 1654.000000 1080.000000
0 621 0.671100 0.129630 0.030230 0.118519 0.642500 1654.000000 1080.000000
0 622 0.671403 0.128704 0.029625 0.118519 0.641860 1654.000000 1080.000000
0 623 0.671403 0.127778 0.029625 0.118519 0.641710 1654.000000 1080.000000
0 624 0.671705 0.126389 0.030230 0.117593 0.646750 1654.000000 1080.000000
0 625 0.672007 0.125463 0.029625 0.117593 0.640000 1654.000000 1080.000000
0 626 0.672310 0.124537 0.030230 0.117593 0.639090 1654.000000 1080.000000
0 627 0.672612 0.123611 0.029625 0.117593 0.635000 1654.000000 1080.000000
0 628 0.672914 0.122685 0.030230 0.117593 0.631430 1654.000000 1080.000000
0 629 0.672914 0.121296 0.030230 0.118519 0.641590 1654.000000 1080.000000
0 630 0.673216 0.120370 0.029625 0.118519 0.635350 1654.000000 1080.000000
0 631 0.673519 0.119444 0.030230 0.118519 0.639460 1654.000000 1080.000000
0 632 0.673821 0.118519 0.029625 0.118519 0.635660 1654.000000 1080.000000
0 633 0.674123 0.117130 0.030230 0.117593 0.642000 1654.000000 1080.000000
0 634 0.674123 0.116204 0.030230 0.117593 0.649050 1654.000000 1080.000000
0 635 0.674728 0.115278 0.030230 0.117593 0.645680 1654.000000 1080.000000
0 636 0.674728 0.114352 0.030230 0.117593 0.649360 1654.000000 1080.000000
0 637 0.675030 0.113426 0.029625 0.117593 0.655630 1654.000000 1080.000000
0 638 0.675333 0.112500 0.030230 0.117593 0.653800 1654.000000 1080.000000
0 639 0.675333 0.111574 0.030230 0.117593 0.665440 1654.000000 1080.000000
0 640 0.675937 0.110648 0.030230 0.117593 0.658850 1654.000000 1080.000000
0 641 0.675937 0.109722 0.030230 0.117593 0.662840 1654.000000 1080.000000
0 642 0.676542 0.108796 0.030230 0.117593 0.660850 1654.000000 1080.000000
0 643 0.676542 0.106944 0.030230 0.117593 0.672790 1654.000000 1080.000000
0 644 0.676542 0.106019 0.030230 0.117593 0.686580 1654.000000 1080.000000
0 645 0.676542 0.105093 0.030230 0.117593 0.694550 1654.000000 1080.000000
0 646 0.676542 0.104167 0.030230 0.117593 0.702360 1654.000000 1080.000000
0 647 0.676542 0.103241 0.030230 0.117593 0.710320 1654.000000 1080.000000
0 648 0.676542 0.102315 0.030230 0.117593 0.714310 1654.000000 1080.000000
0 649 0.676542 0.101389 0.030230 0.117593 0.718290 1654.000000 1080.000000
0 650 0.676542 0.100463 0.030230 0.117593 0.726260 1654.000000 1080.000000
0 651 0.676542 0.099537 0.030230 0.117593 0.730240 1654.000000 1080.000000
0 652 0.676542 0.098611 0.030230 0.117593 0.738050 1654.000000 1080.000000
0 653 0.676542 0.097685 0.030230 0.117593 0.746020 1654.000000 1080.000000
0 654 0.676542 0.096759 0.030230 0.117593 0.750000 1654.000000 1080.000000
0 655 0.676542 0.095833 0.030230 0.117593 0.757970 1654.000000 1080.000000
0 656 0.676542 0.094907 0.030230 0.117593 0.769300 1654.000000 1080.000000
0 657 0.676542 0.093981 0.030230 0.117593 0.773130 1654.000000 1080.000000
0 658 0.676542 0.093056 0.030230 0.117593 0.784770 1654.000000 1080.000000
0 659 0.676542 0.092130 0.030230 0.117593 0.788600 1654.000000 1080.000000
0 660 0.676542 0.091204 0.030230 0.117593 0.796260 1654.000000 1080.000000
0 661 0.676542 0.090278 0.030230 0.117593 0.800090 1654.000000 1080.000000
0 662 0.676542 0.089815 0.030230 0.118519 0.797690 1654.000000 1080.000000
0 663 0.676844 0.089352 0.030834 0.117593 0.800780 1654.000000 1080.000000
0 664 0.676844 0.088889 0.030834 0.118519 0.802330 1654.000000 1080.000000
0 665 0.677146 0.088426 0.030230 0.117593 0.801780 1654.000000 1080.000000
0 666 0.677449 0.087963 0.030834 0.118519 0.800830 1654.000000 1080.000000
0 667 0.677449 0.087500 0.030834 0.117593 0.803340 1654.000000 1080.000000
0 668 0.677449 0.087037 0.030834 0.118519 0.808880 1654.000000 1080.000000
0 669 0.677751 0.086574 0.031439 0.117593 0.813970 1654.000000 1080.000000
0 670 0.678053 0.086111 0.030834 0.118519 0.809180 1654.000000 1080.000000
0 671 0.678053 0.085648 0.030834 0.117593 0.815810 1654.000000 1080.000000
0 672 0.678356 0.085185 0.031439 0.118519 0.815120 1654.000000 1080.000000
0 673 0.678356 0.084722 0.031439 0.117593 0.817810 1654.000000 1080.000000
0 674 0.678356 0.084259 0.031439 0.118519 0.819660 1654.000000 1080.000000
0 675 0.678960 0.084259 0.031439 0.118519 0.812200 1654.000000 1080.000000
0 676 0.678960 0.083333 0.031439 0.118519 0.824190 1654.000000 1080.000000
0 677 0.679565 0.082407 0.031439 0.118519 0.824920 1654.000000 1080.000000
0 678 0.680169 0.081481 0.031439 0.118519 0.827260 1654.000000 1080.000000
0 679 0.680169 0.080556 0.031439 0.118519 0.840570 1654.000000 1080.000000
0 680 0.680774 0.079630 0.031439 0.118519 0.842040 1654.000000 1080.000000
0 681 0.681378 0.078704 0.031439 0.118519 0.852570 1654.000000 1080.000000
0 682 0.681378 0.077778 0.031439 0.118519 0.857250 1654.000000 1080.000000
0 683 0.681983 0.076852 0.031439 0.118519 0.859440 1654.000000 1080.000000
0 684 0.682588 0.075926 0.031439 0.118519 0.864270 1654.000000 1080.000000
0 685 0.682588 0.075000 0.031439 0.118519 0.869240 1654.000000 1080.000000
0 686 0.683192 0.074074 0.031439 0.118519 0.872020 1654.000000 1080.000000
0 687 0.683797 0.073148 0.031439 0.118519 0.875090 1654.000000 1080.000000
0 688 0.684401 0.072222 0.031439 0.118519 0.879190 1654.000000 1080.000000
0 689 0.684401 0.071296 0.031439 0.118519 0.884010 1654.000000 1080.000000
0 690 0.685006 0.070370 0.031439 0.118519 0.885620 1654.000000 1080.000000
0 691 0.685611 0.069444 0.031439 0.118519 0.588270 1654.000000 1080.000000
0 692 0.685611 0.068519 0.031439 0.118519 0.595730 1654.000000 1080.000000
0 693 0.686215 0.067593 0.031439 0.118519 0.584760 1654.000000 1080.000000
0 694 0.686820 0.066667 0.031439 0.118519 0.577300 1654.000000 1080.000000
0 695 0.686820 0.065741 0.031439 0.118519 0.583300 1654.000000 1080.000000
0 696 0.687424 0.064815 0.031439 0.118519 0.573940 1654.000000 1080.000000
0 697 0.688029 0.063889 0.031439 0.118519 0.566180 1654.000000 1080.000000
0 698 0.688634 0.063889 0.031439 0.118519 0.568820 1654.000000 1080.000000
0 699 0.689238 0.062500 0.031439 0.117593 0.544660 1654.000000 1080.000000
0 700 0.689843 0.062037 0.031439 0.116667 0.532760 1654.000000 1080.000000
0 701 0.690447 0.061574 0.031439 0.115741 0.520960 1654.000000 1080.000000
0 702 0.691657 0.060648 0.031439 0.113889 0.493300 1654.000000 1080.000000
0 703 0.692261 0.060185 0.031439 0.112963 0.477830 1654.000000 1080.000000
0 704 0.692866 0.059722 0.031439 0.112037 0.462110 1654.000000 1080.000000
0 705 0.693470 0.058796 0.031439 0.112037 0.451280 1654.000000 1080.000000
0 706 0.694680 0.057870 0.031439 0.110185 0.417140 1654.000000 1080.000000
0 707 0.695284 0.057407 0.031439 0.109259 0.394960 1654.000000 1080.000000
0 708 0.695889 0.056944 0.031439 0.108333 0.376560 1654.000000 1080.000000
0 709 0.697098 0.056019 0.031439 0.106481 0.252770 1654.000000 1080.000000
0 710 0.697703 0.055556 0.031439 0.105556 0.230840 1654.000000 1080.000000
0 711 0.698307 0.054630 0.031439 0.105556 0.211320 1654.000000 1080.000000
0 712 0.698912 0.054167 0.031439 0.104630 0.195470 1654.000000 1080.000000
0 713 0.700121 0.053241 0.031439 0.102778 0.163920 1654.000000 1080.000000
0 714 0.700726 0.052778 0.031439 0.101852 0.146860 1654.000000 1080.000000
0 715 0.701330 0.052315 0.031439 0.100926 0.131390 1654.000000 1080.000000
0 716 0.702539 0.051389 0.031439 0.099074 0.100630 1654.000000 1080.000000
0 717 0.703144 0.050463 0.031439 0.099074 0.086653 1654.000000 1080.000000
0 718 0.703748 0.050000 0.031439 0.098148 0.070887 1654.000000 1080.000000
0 719 0.704353 0.049537 0.031439 0.097222 0.055892 1654.000000 1080.000000
0 720 0.705562 0.048611 0.031439 0.095370 0.024673 1654.000000 1080.000000
0 721 0.706167 0.048148 0.031439 0.094444 0.021799 1654.000000 1080.000000
0 722 0.706771 0.047685 0.031439 0.093519 0.018868 1654.000000 1080.000000
0 723 0.707981 0.047222 0.031439 0.092593 0.012703 1654.000000 1080.000000
0 724 0.708585 0.046296 0.031439 0.090741 0.009148 1654.000000 1080.000000
0 725 0.709190 0.045370 0.031439 0.088889 0.006224 1654.000000 1080.000000
0 726 0.710399 0.044444 0.031439 0.087037 0.000000 1654.000000 1080.000000
0 727 0.711004 0.043981 0.031439 0.086111 0.000000 1654.000000 1080.000000
0 728 0.712213 0.043056 0.031439 0.084259 0.000000 1654.000000 1080.000000
0 729 0.712817 0.042130 0.031439 0.082407 0.000000 1654.000000 1080.000000
0 730 0.714027 0.041667 0.031439 0.081481 0.000000 1654.000000 1080.000000
0 731 0.714631 0.040741 0.031439 0.079630 0.000000 1654.000000 1080.000000
0 732 0.715236 0.039815 0.031439 0.077778 0.000000 1654.000000 1080.000000
0 733 0.716445 0.039352 0.031439 0.076852 0.000000 1654.000000 1080.000000
0 734 0.717050 0.038426 0.031439 0.075000 0.000000 1654.000000 1080.000000
0 735 0.718259 0.037500 0.031439 0.073148 0.000000 1654.000000 1080.000000
0 736 0.718863 0.037037 0.031439 0.072222 0.000000 1654.000000 1080.000000
0 737 0.720073 0.036111 0.031439 0.070370 0.000000 1654.000000 1080.000000
0 738 0.720677 0.035185 0.031439 0.068519 0.000000 1654.000000 1080.000000
0 739 0.721886 0.034722 0.031439 0.067593 0.000000 1654.000000 1080.000000
0 740 0.722491 0.033796 0.031439 0.065741 0.000000 1654.000000 1080.000000
0 741 0.723096 0.032870 0.031439 0.063889 0.000000 1654.000000 1080.000000
0 742 0.724305 0.032407 0.031439 0.062963 0.000000 1654.000000 1080.000000
0 743 0.724909 0.031481 0.031439 0.061111 0.000000 1654.000000 1080.000000
0 744 0.726119 0.030556 0.031439 0.059259 0.000000 1654.000000 1080.000000
0 745 0.726723 0.030093 0.031439 0.058333 0.000000 1654.000000 1080.000000
0 746 0.727932 0.029167 0.031439 0.056481 0.000000 1654.000000 1080.000000
0 747 0.728537 0.028241 0.031439 0.054630 0.000000 1654.000000 1080.000000
0 748 0.729746 0.027778 0.031439 0.053704 0.000000 1654.000000 1080.000000
0 749 0.729746 0.027315 0.031439 0.052778 0.000000 1654.000000 1080.000000
0 750 0.730351 0.027315 0.031439 0.052778 0.004880 1654.000000 1080.000000
0 751 0.730351 0.026852 0.031439 0.051852 0.004965 1654.000000 1080.000000
0 752 0.730955 0.026852 0.031439 0.051852 0.009269 1654.000000 1080.000000
0 753 0.731560 0.026389 0.031439 0.050926 0.014151 1654.000000 1080.000000
0 754 0.731560 0.026389 0.031439 0.050926 0.014151 1654.000000 1080.000000
0 755 0.732164 0.025926 0.031439 0.050000 0.019211 1654.000000 1080.000000
0 756 0.732164 0.025926 0.031439 0.050000 0.019211 1654.000000 1080.000000
0 757 0.732769 0.025463 0.031439 0.049074 0.024458 1654.000000 1080.000000
0 758 0.733374 0.025463 0.031439 0.049074 0.027254 1654.000000 1080.000000
0 759 0.733374 0.025463 0.031439 0.049074 0.027254 1654.000000 1080.000000
0 760 0.733978 0.025000 0.031439 0.048148 0.032396 1654.000000 1080.000000
0 761 0.733978 0.025000 0.031439 0.048148 0.032396 1654.000000 1080.000000
0 762 0.734583 0.024537 0.031439 0.047222 0.037736 1654.000000 1080.000000
0 763 0.735187 0.024537 0.031439 0.047222 0.042453 1654.000000 1080.000000
0 764 0.735187 0.024074 0.031439 0.046296 0.043285 1654.000000 1080.000000
0 765 0.735792 0.024074 0.031439 0.046296 0.044395 1654.000000 1080.000000
0 766 0.735792 0.023611 0.031439 0.045370 0.045283 1654.000000 1080.000000
0 767 0.736397 0.023611 0.031439 0.045370 0.049811 1654.000000 1080.000000
