0 910 0.987908 0.289352 0.024184 0.126852 0.037116 1654.000000 1080.000000
0 911 0.986397 0.289815 0.024788 0.127778 0.035971 1654.000000 1080.000000
0 912 0.985187 0.290741 0.025998 0.129630 0.033849 1654.000000 1080.000000
0 913 0.983676 0.292130 0.026602 0.130556 0.031925 1654.000000 1080.000000
0 914 0.982467 0.292593 0.027811 0.131481 0.040470 1654.000000 1080.000000
0 915 0.981258 0.293519 0.027811 0.133333 0.468970 1654.000000 1080.000000
0 916 0.980048 0.294907 0.029021 0.134259 0.452050 1654.000000 1080.000000
0 917 0.978537 0.295370 0.029625 0.135185 0.449800 1654.000000 1080.000000
0 918 0.977328 0.296296 0.030834 0.137037 0.443600 1654.000000 1080.000000
0 919 0.976421 0.297685 0.031439 0.137963 0.427420 1654.000000 1080.000000
0 920 0.976421 0.297685 0.031439 0.137963 0.427300 1654.000000 1080.000000
0 921 0.976421 0.297685 0.031439 0.137963 0.426670 1654.000000 1080.000000
