0 505 0.002418 0.595370 0.003628 0.161111 1.000000 1654.000000 1080.000000
0 506 0.003023 0.592130 0.004837 0.160185 1.000000 1654.000000 1080.000000
0 507 0.003930 0.589815 0.006651 0.159259 1.000000 1654.000000 1080.000000
0 508 0.004534 0.586574 0.007860 0.158333 1.000000 1654.000000 1080.000000
0 509 0.005441 0.584259 0.009674 0.157407 1.000000 1654.000000 1080.000000
0 510 0.006046 0.582407 0.010883 0.159259 1.000000 1654.000000 1080.000000
0 511 0.006953 0.581019 0.012696 0.160185 1.000000 1654.000000 1080.000000
0 512 0.007557 0.579630 0.013906 0.161111 1.000000 1654.000000 1080.000000
0 513 0.008464 0.578241 0.015719 0.162037 1.000000 1654.000000 1080.000000
0 514 0.009069 0.576852 0.016929 0.162963 1.000000 1654.000000 1080.000000
0 515 0.009976 0.575463 0.018742 0.163889 1.000000 1654.000000 1080.000000
0 516 0.010580 0.574074 0.019952 0.164815 1.000000 1654.000000 1080.000000
0 517 0.011487 0.572685 0.021765 0.165741 0.961860 1654.000000 1080.000000
0 518 0.011487 0.568981 0.021765 0.165741 0.943690 1654.000000 1080.000000
0 519 0.011790 0.566204 0.022370 0.165741 0.909360 1654.000000 1080.000000
0 520 0.012092 0.562963 0.022975 0.164815 0.877670 1654.000000 1080.000000
0 521 0.012092 0.560185 0.022975 0.164815 0.861340 1654.000000 1080.000000
0 522 0.012394 0.557407 0.023579 0.164815 0.849160 1654.000000 1080.000000
0 523 0.012696 0.554167 0.024184 0.163889 0.838310 1654.000000 1080.000000
0 524 0.012999 0.551389 0.024788 0.163889 0.827850 1654.000000 1080.000000
0 525 0.012999 0.548611 0.024788 0.163889 0.813800 1654.000000 1080.000000
0 526 0.013301 0.545370 0.025393 0.162963 0.805280 1654.000000 1080.000000
0 527 0.013603 0.542593 0.025998 0.162963 0.796870 1654.000000 1080.000000
0 528 0.013906 0.539815 0.026602 0.162963 0.789080 1654.000000 1080.000000
0 529 0.014510 0.536574 0.027811 0.162037 0.773940 1654.000000 1080.000000
0 530 0.015115 0.533796 0.029021 0.162037 0.747220 1654.000000 1080.000000
0 531 0.015719 0.530556 0.030230 0.161111 0.724260 1654.000000 1080.000000
0 532 0.016324 0.527778 0.031439 0.161111 0.714290 1654.000000 1080.000000
0 533 0.016929 0.525000 0.032648 0.161111 0.694550 1654.000000 1080.000000
0 534 0.017533 0.521759 0.033857 0.160185 0.681190 1654.000000 1080.000000
0 535 0.018138 0.518981 0.035067 0.160185 0.675340 1654.000000 1080.000000
0 536 0.018742 0.516204 0.036276 0.160185 0.660830 1654.000000 1080.000000
0 537 0.019347 0.514352 0.037485 0.160185 0.644230 1654.000000 1080.000000
0 538 0.020254 0.512500 0.039299 0.160185 0.634270 1654.000000 1080.000000
0 539 0.021161 0.510648 0.041112 0.160185 0.620690 1654.000000 1080.000000
0 540 0.021765 0.508796 0.042322 0.160185 0.607330 1654.000000 1080.000000
0 541 0.022672 0.506944 0.044135 0.160185 0.600190 1654.000000 1080.000000
0 542 0.023579 0.505093 0.045949 0.160185 0.586210 1654.000000 1080.000000
0 543 0.024788 0.503241 0.045949 0.160185 0.575760 1654.000000 1080.000000
0 544 0.026602 0.501389 0.045949 0.160185 0.546500 1654.000000 1080.000000
0 545 0.028416 0.499537 0.045949 0.160185 0.529410 1654.000000 1080.000000
0 546 0.029021 0.496296 0.045949 0.159259 0.522180 1654.000000 1080.000000
0 547 0.030230 0.493056 0.045949 0.158333 0.520690 1654.000000 1080.000000
0 548 0.031439 0.490278 0.045949 0.158333 0.517520 1654.000000 1080.000000
0 549 0.032648 0.487500 0.045949 0.156481 0.502520 1654.000000 1080.000000
0 550 0.033857 0.484722 0.045949 0.156481 0.500690 1654.000000 1080.000000
0 551 0.034462 0.481481 0.045949 0.155556 0.508880 1654.000000 1080.000000
0 552 0.035671 0.478704 0.045949 0.155556 0.520400 1654.000000 1080.000000
0 553 0.036880 0.475926 0.045949 0.153704 0.543980 1654.000000 1080.000000
0 554 0.038089 0.473148 0.045949 0.153704 0.566920 1654.000000 1080.000000
0 555 0.039299 0.469907 0.045949 0.152778 0.593880 1654.000000 1080.000000
0 556 0.040508 0.467593 0.045949 0.151852 0.614720 1654.000000 1080.000000
0 557 0.041717 0.465741 0.045949 0.151852 0.631960 1654.000000 1080.000000
0 558 0.043531 0.463889 0.045949 0.151852 0.654940 1654.000000 1080.000000
0 559 0.045345 0.462037 0.045949 0.151852 0.677920 1654.000000 1080.000000
0 560 0.047158 0.460185 0.045949 0.151852 0.699960 1654.000000 1080.000000
0 561 0.048972 0.459259 0.045949 0.151852 0.711530 1654.000000 1080.000000
0 562 0.050181 0.457407 0.045949 0.151852 0.727350 1654.000000 1080.000000
0 563 0.051995 0.455556 0.045949 0.151852 0.679420 1654.000000 1080.000000
0 564 0.053809 0.453704 0.045949 0.151852 0.656200 1654.000000 1080.000000
0 565 0.055623 0.451852 0.045949 0.151852 0.635810 1654.000000 1080.000000
0 566 0.057437 0.450926 0.045949 0.151852 0.612360 1654.000000 1080.000000
0 567 0.058041 0.449074 0.045949 0.151852 0.607630 1654.000000 1080.000000
0 568 0.058948 0.447222 0.046554 0.151852 0.581970 1654.000000 1080.000000
0 569 0.059553 0.445370 0.046554 0.151852 0.575140 1654.000000 1080.000000
0 570 0.060762 0.443519 0.046554 0.151852 0.565420 1654.000000 1080.000000
0 571 0.061366 0.441667 0.046554 0.151852 0.561310 1654.000000 1080.000000
0 572 0.062273 0.439815 0.047158 0.151852 0.548450 1654.000000 1080.000000
0 573 0.063482 0.438889 0.047158 0.151852 0.526510 1654.000000 1080.000000
0 574 0.064692 0.437037 0.047158 0.151852 0.519450 1654.000000 1080.000000
0 575 0.065901 0.436111 0.047158 0.151852 0.503340 1654.000000 1080.000000
0 576 0.067110 0.435185 0.047158 0.151852 0.492600 1654.000000 1080.000000
0 577 0.068622 0.433333 0.046554 0.151852 0.490050 1654.000000 1080.000000
0 578 0.070133 0.432407 0.047158 0.151852 0.468350 1654.000000 1080.000000
0 579 0.071342 0.431481 0.047158 0.151852 0.448250 1654.000000 1080.000000
0 580 0.072854 0.429630 0.046554 0.151852 0.421760 1654.000000 1080.000000
0 581 0.074063 0.428704 0.046554 0.151852 0.403260 1654.000000 1080.000000
0 582 0.075272 0.427778 0.046554 0.151852 0.385700 1654.000000 1080.000000
0 583 0.077086 0.426852 0.046554 0.151852 0.354550 1654.000000 1080.000000
0 584 0.078900 0.425000 0.046554 0.151852 0.369230 1654.000000 1080.000000
0 585 0.080713 0.423148 0.046554 0.151852 0.392540 1654.000000 1080.000000
0 586 0.082830 0.421296 0.047158 0.151852 0.443110 1654.000000 1080.000000
0 587 0.084946 0.419444 0.046554 0.151852 0.490990 1654.000000 1080.000000
0 588 0.086759 0.418519 0.046554 0.151852 0.531240 1654.000000 1080.000000
0 589 0.088875 0.416667 0.047158 0.151852 0.567860 1654.000000 1080.000000
0 590 0.090992 0.414815 0.046554 0.151852 0.603110 1654.000000 1080.000000
0 591 0.092805 0.412963 0.046554 0.151852 0.639240 1654.000000 1080.000000
0 592 0.094921 0.411111 0.047158 0.151852 0.673110 1654.000000 1080.000000
0 593 0.096735 0.410185 0.047158 0.151852 0.701270 1654.000000 1080.000000
0 594 0.098851 0.408333 0.046554 0.151852 0.734340 1654.000000 1080.000000
0 595 0.100967 0.406481 0.047158 0.151852 0.765860 1654.000000 1080.000000
0 596 0.102781 0.404630 0.047158 0.151852 0.793480 1654.000000 1080.000000
0 597 0.105200 0.403704 0.047158 0.151852 0.816800 1654.000000 1080.000000
0 598 0.106409 0.400463 0.047158 0.150926 0.836370 1654.000000 1080.000000
0 599 0.107920 0.398148 0.046554 0.150000 0.851900 1654.000000 1080.000000
0 600 0.109129 0.395370 0.046554 0.148148 0.868850 1654.000000 1080.000000
0 601 0.110943 0.393056 0.046554 0.147222 0.892310 1654.000000 1080.000000
0 602 0.112152 0.391204 0.046554 0.147222 0.908970 1654.000000 1080.000000
0 603 0.113966 0.389815 0.046554 0.148148 0.923630 1654.000000 1080.000000
0 604 0.115478 0.388426 0.047158 0.149074 0.933740 1654.000000 1080.000000
0 605 0.117291 0.387037 0.047158 0.150000 0.947970 1654.000000 1080.000000
0 606 0.118803 0.385185 0.047763 0.150000 0.959590 1654.000000 1080.000000
0 607 0.120617 0.383796 0.047763 0.150926 0.973480 1654.000000 1080.000000
0 608 0.122128 0.382407 0.048368 0.151852 0.976810 1654.000000 1080.000000
0 609 0.123942 0.381481 0.048368 0.151852 0.952640 1654.000000 1080.000000
0 610 0.126360 0.379630 0.048368 0.151852 0.923010 1654.000000 1080.000000
0 611 0.128779 0.377778 0.048368 0.151852 0.895400 1654.000000 1080.000000
0 612 0.131197 0.376852 0.048368 0.151852 0.865020 1654.000000 1080.000000
0 613 0.133615 0.375000 0.048368 0.151852 0.840400 1654.000000 1080.000000
0 614 0.136034 0.374074 0.048368 0.151852 0.814140 1654.000000 1080.000000
0 615 0.138452 0.372222 0.048368 0.151852 0.785860 1654.000000 1080.000000
0 616 0.140871 0.371296 0.048368 0.151852 0.758770 1654.000000 1080.000000
0 617 0.143289 0.369444 0.048368 0.151852 0.727420 1654.000000 1080.000000
0 618 0.145707 0.367593 0.048368 0.151852 0.705800 1654.000000 1080.000000
0 619 0.148126 0.366667 0.048368 0.151852 0.674220 1654.000000 1080.000000
0 620 0.150544 0.364815 0.048368 0.151852 0.652230 1654.000000 1080.000000
0 621 0.152963 0.363889 0.048368 0.151852 0.631280 1654.000000 1080.000000
0 622 0.155381 0.362037 0.048368 0.151852 0.609130 1654.000000 1080.000000
0 623 0.157799 0.361111 0.048368 0.151852 0.590570 1654.000000 1080.000000
0 624 0.159613 0.359722 0.048368 0.150926 0.577540 1654.000000 1080.000000
0 625 0.161427 0.358333 0.048368 0.150000 0.567450 1654.000000 1080.000000
0 626 0.163241 0.356944 0.048368 0.149074 0.563630 1654.000000 1080.000000
0 627 0.165357 0.356019 0.048972 0.149074 0.553370 1654.000000 1080.000000
0 628 0.167170 0.354630 0.048972 0.148148 0.554460 1654.000000 1080.000000
0 629 0.168984 0.353241 0.048972 0.147222 0.555720 1654.000000 1080.000000
0 630 0.170798 0.351852 0.048972 0.146296 0.571410 1654.000000 1080.000000
0 631 0.172914 0.350926 0.049577 0.146296 0.580890 1654.000000 1080.000000
0 632 0.174728 0.349537 0.049577 0.145370 0.598290 1654.000000 1080.000000
0 633 0.176542 0.348148 0.049577 0.144444 0.618450 1654.000000 1080.000000
0 634 0.178356 0.346759 0.049577 0.143519 0.636780 1654.000000 1080.000000
0 635 0.180774 0.345833 0.049577 0.143519 0.654620 1654.000000 1080.000000
0 636 0.182588 0.344907 0.049577 0.143519 0.666670 1654.000000 1080.000000
0 637 0.184401 0.343981 0.049577 0.143519 0.685280 1654.000000 1080.000000
0 638 0.186215 0.343056 0.049577 0.143519 0.699340 1654.000000 1080.000000
0 639 0.188029 0.342130 0.049577 0.143519 0.715320 1654.000000 1080.000000
0 640 0.190447 0.341204 0.049577 0.143519 0.732160 1654.000000 1080.000000
0 641 0.192261 0.340278 0.049577 0.143519 0.747220 1654.000000 1080.000000
0 642 0.194075 0.339352 0.049577 0.143519 0.765210 1654.000000 1080.000000
0 643 0.195889 0.338426 0.049577 0.143519 0.783830 1654.000000 1080.000000
0 644 0.197703 0.337500 0.049577 0.143519 0.806460 1654.000000 1080.000000
0 645 0.200121 0.336574 0.049577 0.143519 0.829240 1654.000000 1080.000000
0 646 0.201935 0.335648 0.049577 0.143519 0.850560 1654.000000 1080.000000
0 647 0.203748 0.334722 0.049577 0.143519 0.867700 1654.000000 1080.000000
0 648 0.205562 0.333796 0.049577 0.143519 0.887860 1654.000000 1080.000000
0 649 0.207376 0.332870 0.049577 0.143519 0.903380 1654.000000 1080.000000
0 650 0.209794 0.331944 0.049577 0.143519 0.899140 1654.000000 1080.000000
0 651 0.211608 0.330093 0.049577 0.143519 0.899370 1654.000000 1080.000000
0 652 0.213422 0.329167 0.049577 0.143519 0.893570 1654.000000 1080.000000
0 653 0.215538 0.327315 0.048972 0.143519 0.890630 1654.000000 1080.000000
0 654 0.217352 0.326389 0.048972 0.143519 0.886800 1654.000000 1080.000000
0 655 0.219166 0.324537 0.048972 0.143519 0.885480 1654.000000 1080.000000
0 656 0.221282 0.323611 0.048368 0.143519 0.877330 1654.000000 1080.000000
0 657 0.223096 0.322222 0.048368 0.142593 0.874230 1654.000000 1080.000000
0 658 0.224909 0.320833 0.048368 0.143519 0.869030 1654.000000 1080.000000
0 659 0.227025 0.319444 0.047763 0.142593 0.861530 1654.000000 1080.000000
0 660 0.228839 0.318056 0.047763 0.143519 0.850160 1654.000000 1080.000000
0 661 0.230653 0.316667 0.047763 0.142593 0.841850 1654.000000 1080.000000
0 662 0.232769 0.315741 0.047158 0.142593 0.830130 1654.000000 1080.000000
0 663 0.233978 0.313889 0.047158 0.142593 0.828500 1654.000000 1080.000000
0 664 0.235187 0.312963 0.047158 0.142593 0.820910 1654.000000 1080.000000
0 665 0.237001 0.311111 0.047158 0.142593 0.802780 1654.000000 1080.000000
0 666 0.238210 0.310185 0.047158 0.142593 0.798610 1654.000000 1080.000000
0 667 0.240024 0.309259 0.047158 0.142593 0.782120 1654.000000 1080.000000
0 668 0.241233 0.307407 0.047158 0.142593 0.782200 1654.000000 1080.000000
0 669 0.243047 0.306481 0.047158 0.142593 0.762270 1654.000000 1080.000000
0 670 0.244256 0.304630 0.047158 0.142593 0.759090 1654.000000 1080.000000
0 671 0.246070 0.303704 0.047158 0.142593 0.748060 1654.000000 1080.000000
0 672 0.247279 0.302778 0.047158 0.142593 0.741280 1654.000000 1080.000000
0 673 0.249093 0.300926 0.047158 0.142593 0.731320 1654.000000 1080.000000
0 674 0.250302 0.300000 0.047158 0.142593 0.725110 1654.000000 1080.000000
0 675 0.252116 0.299074 0.047158 0.142593 0.715390 1654.000000 1080.000000
0 676 0.252721 0.297222 0.047158 0.142593 0.729030 1654.000000 1080.000000
0 677 0.253325 0.295833 0.047158 0.141667 0.744370 1654.000000 1080.000000
0 678 0.254232 0.293981 0.046554 0.141667 0.754410 1654.000000 1080.000000
0 679 0.254837 0.292593 0.046554 0.140741 0.769480 1654.000000 1080.000000
0 680 0.255441 0.291204 0.046554 0.139815 0.783820 1654.000000 1080.000000
0 681 0.256348 0.289352 0.045949 0.139815 0.796570 1654.000000 1080.000000
0 682 0.256953 0.287963 0.045949 0.138889 0.808030 1654.000000 1080.000000
0 683 0.258162 0.286574 0.045949 0.137963 0.814630 1654.000000 1080.000000
0 684 0.259371 0.284722 0.045949 0.137963 0.822340 1654.000000 1080.000000
0 685 0.260580 0.282870 0.045949 0.137963 0.829870 1654.000000 1080.000000
0 686 0.261790 0.281944 0.045949 0.137963 0.834980 1654.000000 1080.000000
0 687 0.263603 0.280093 0.045949 0.137963 0.824240 1654.000000 1080.000000
0 688 0.264813 0.279167 0.045949 0.137963 0.820780 1654.000000 1080.000000
0 689 0.266022 0.277315 0.045949 0.137963 0.820170 1654.000000 1080.000000
0 690 0.267836 0.276389 0.045949 0.137963 0.811430 1654.000000 1080.000000
0 691 0.269045 0.273611 0.045949 0.137963 0.809090 1654.000000 1080.000000
0 692 0.270556 0.271759 0.045345 0.137963 0.807370 1654.000000 1080.000000
0 693 0.272068 0.269907 0.045949 0.137963 0.805890 1654.000000 1080.000000
0 694 0.273579 0.268056 0.045345 0.137963 0.801580 1654.000000 1080.000000
0 695 0.275091 0.265741 0.044740 0.137037 0.798210 1654.000000 1080.000000
0 696 0.276602 0.263889 0.045345 0.137037 0.798750 1654.000000 1080.000000
0 697 0.278114 0.262037 0.044740 0.137037 0.799190 1654.000000 1080.000000
0 698 0.279927 0.260185 0.044740 0.137037 0.798300 1654.000000 1080.000000
0 699 0.280532 0.258333 0.044740 0.137037 0.806530 1654.000000 1080.000000
0 700 0.281741 0.257407 0.044740 0.137037 0.802420 1654.000000 1080.000000
0 701 0.282950 0.256481 0.044740 0.137037 0.802680 1654.000000 1080.000000
0 702 0.284160 0.255093 0.044740 0.136111 0.806310 1654.000000 1080.000000
0 703 0.285369 0.254167 0.044740 0.136111 0.807030 1654.000000 1080.000000
0 704 0.286578 0.253241 0.044740 0.136111 0.804230 1654.000000 1080.000000
0 705 0.287787 0.252315 0.044740 0.136111 0.805410 1654.000000 1080.000000
0 706 0.288694 0.250463 0.044135 0.136111 0.811720 1654.000000 1080.000000
0 707 0.289903 0.249537 0.044135 0.136111 0.812550 1654.000000 1080.000000
0 708 0.291112 0.248611 0.044135 0.136111 0.813730 1654.000000 1080.000000
0 709 0.292322 0.247685 0.044135 0.136111 0.804780 1654.000000 1080.000000
0 710 0.293531 0.246296 0.044135 0.135185 0.808420 1654.000000 1080.000000
0 711 0.294740 0.245370 0.044135 0.135185 0.808420 1654.000000 1080.000000
0 712 0.295949 0.244444 0.044135 0.135185 0.808420 1654.000000 1080.000000
0 713 0.297158 0.243519 0.044135 0.135185 0.811450 1654.000000 1080.000000
0 714 0.298368 0.241204 0.044135 0.134259 0.828950 1654.000000 1080.000000
0 715 0.300181 0.239352 0.044135 0.134259 0.841170 1654.000000 1080.000000
0 716 0.301995 0.237500 0.044135 0.134259 0.855610 1654.000000 1080.000000
0 717 0.303809 0.235648 0.044135 0.132407 0.879790 1654.000000 1080.000000
0 718 0.305018 0.233796 0.044135 0.132407 0.894800 1654.000000 1080.000000
0 719 0.306832 0.231944 0.044135 0.132407 0.910660 1654.000000 1080.000000
0 720 0.308646 0.229630 0.044135 0.131481 0.924870 1654.000000 1080.000000
0 721 0.310459 0.228241 0.044135 0.130556 0.938140 1654.000000 1080.000000
0 722 0.311669 0.226389 0.044135 0.130556 0.949750 1654.000000 1080.000000
0 723 0.313482 0.224074 0.044135 0.129630 0.965500 1654.000000 1080.000000
0 724 0.315296 0.222222 0.044135 0.129630 0.975850 1654.000000 1080.000000
0 725 0.317110 0.220833 0.044135 0.128704 0.985330 1654.000000 1080.000000
0 726 0.318319 0.218519 0.044135 0.127778 0.996500 1654.000000 1080.000000
0 727 0.320133 0.216667 0.044135 0.127778 1.000000 1654.000000 1080.000000
0 728 0.321947 0.214815 0.044135 0.127778 1.000000 1654.000000 1080.000000
0 729 0.323761 0.213426 0.044135 0.126852 1.000000 1654.000000 1080.000000
0 730 0.324970 0.211574 0.044135 0.126852 1.000000 1654.000000 1080.000000
0 731 0.326481 0.210648 0.043531 0.126852 1.000000 1654.000000 1080.000000
0 732 0.327993 0.209722 0.042926 0.126852 1.000000 1654.000000 1080.000000
0 733 0.329504 0.208796 0.042322 0.126852 1.000000 1654.000000 1080.000000
0 734 0.331016 0.207870 0.041717 0.126852 0.977020 1654.000000 1080.000000
0 735 0.332527 0.206481 0.042322 0.125926 0.943970 1654.000000 1080.000000
0 736 0.334039 0.205556 0.041717 0.125926 0.921170 1654.000000 1080.000000
0 737 0.335550 0.204630 0.041112 0.125926 0.898130 1654.000000 1080.000000
0 738 0.337062 0.203704 0.040508 0.125926 0.874840 1654.000000 1080.000000
0 739 0.338573 0.202778 0.039903 0.125926 0.851290 1654.000000 1080.000000
0 740 0.340387 0.201852 0.039903 0.125926 0.818720 1654.000000 1080.000000
0 741 0.341596 0.200000 0.039903 0.125926 0.799980 1654.000000 1080.000000
0 742 0.342805 0.198148 0.039903 0.125926 0.784290 1654.000000 1080.000000
0 743 0.344015 0.196296 0.039903 0.125926 0.767510 1654.000000 1080.000000
0 744 0.345224 0.194444 0.039903 0.125926 0.751610 1654.000000 1080.000000
0 745 0.346433 0.193519 0.039903 0.125926 0.733740 1654.000000 1080.000000
0 746 0.347642 0.191667 0.039903 0.125926 0.719360 1654.000000 1080.000000
0 747 0.348851 0.189815 0.039903 0.125926 0.709120 1654.000000 1080.000000
0 748 0.350060 0.187963 0.039903 0.125926 0.693210 1654.000000 1080.000000
0 749 0.351874 0.187037 0.039903 0.125926 0.667940 1654.000000 1080.000000
0 750 0.353083 0.185185 0.039903 0.125926 0.656390 1654.000000 1080.000000
0 751 0.354293 0.183333 0.039903 0.125926 0.645710 1654.000000 1080.000000
0 752 0.355502 0.181481 0.039903 0.125926 0.635580 1654.000000 1080.000000
0 753 0.356711 0.180556 0.039903 0.125926 0.630460 1654.000000 1080.000000
0 754 0.357920 0.178704 0.039903 0.125926 0.621750 1654.000000 1080.000000
0 755 0.359129 0.176852 0.039903 0.125926 0.613900 1654.000000 1080.000000
0 756 0.360339 0.175000 0.039903 0.125926 0.605950 1654.000000 1080.000000
0 757 0.362152 0.174074 0.039903 0.125926 0.585680 1654.000000 1080.000000
0 758 0.362757 0.172222 0.039903 0.125926 0.596250 1654.000000 1080.000000
0 759 0.363966 0.171296 0.039903 0.125926 0.574030 1654.000000 1080.000000
0 760 0.365175 0.169907 0.039903 0.126852 0.567380 1654.000000 1080.000000
0 761 0.366385 0.168519 0.039903 0.125926 0.558340 1654.000000 1080.000000
0 762 0.366989 0.167130 0.039903 0.126852 0.556130 1654.000000 1080.000000
0 763 0.368198 0.166204 0.039903 0.126852 0.547160 1654.000000 1080.000000
0 764 0.369407 0.164815 0.039903 0.125926 0.542110 1654.000000 1080.000000
0 765 0.370617 0.163426 0.039903 0.126852 0.534390 1654.000000 1080.000000
0 766 0.371221 0.162500 0.039903 0.126852 0.530180 1654.000000 1080.000000
0 767 0.372430 0.160648 0.039903 0.126852 0.536880 1654.000000 1080.000000
0 768 0.373640 0.159722 0.039903 0.126852 0.543260 1654.000000 1080.000000
0 769 0.374849 0.158796 0.039903 0.126852 0.545750 1654.000000 1080.000000
0 770 0.376058 0.156944 0.039903 0.126852 0.559700 1654.000000 1080.000000
0 771 0.377267 0.155093 0.039903 0.126852 0.570080 1654.000000 1080.000000
0 772 0.378779 0.153241 0.039299 0.126852 0.583440 1654.000000 1080.000000
0 773 0.380290 0.151389 0.039903 0.126852 0.592150 1654.000000 1080.000000
0 774 0.381499 0.149537 0.039903 0.126852 0.605560 1654.000000 1080.000000
0 775 0.383011 0.147685 0.039299 0.126852 0.618580 1654.000000 1080.000000
0 776 0.384522 0.145833 0.039903 0.126852 0.630110 1654.000000 1080.000000
0 777 0.386034 0.144907 0.039299 0.126852 0.630320 1654.000000 1080.000000
0 778 0.387243 0.143056 0.039299 0.126852 0.643720 1654.000000 1080.000000
0 779 0.388755 0.141204 0.039903 0.126852 0.673160 1654.000000 1080.000000
0 780 0.390266 0.139352 0.039299 0.126852 0.694990 1654.000000 1080.000000
0 781 0.391475 0.137500 0.039299 0.126852 0.711240 1654.000000 1080.000000
0 782 0.392987 0.135648 0.039903 0.126852 0.736530 1654.000000 1080.000000
0 783 0.394498 0.133796 0.039299 0.126852 0.756920 1654.000000 1080.000000
0 784 0.395707 0.131944 0.039299 0.126852 0.777340 1654.000000 1080.000000
0 785 0.397521 0.131019 0.039299 0.126852 0.790180 1654.000000 1080.000000
0 786 0.398730 0.129167 0.039299 0.126852 0.809070 1654.000000 1080.000000
0 787 0.399940 0.128241 0.039299 0.126852 0.822130 1654.000000 1080.000000
0 788 0.401149 0.126389 0.039299 0.126852 0.835750 1654.000000 1080.000000
0 789 0.402358 0.125463 0.039299 0.126852 0.851450 1654.000000 1080.000000
0 790 0.403567 0.123611 0.039299 0.126852 0.867260 1654.000000 1080.000000
0 791 0.404776 0.122685 0.039299 0.126852 0.878130 1654.000000 1080.000000
0 792 0.405985 0.121759 0.039299 0.126852 0.892400 1654.000000 1080.000000
0 793 0.407195 0.119907 0.039299 0.126852 0.905800 1654.000000 1080.000000
0 794 0.408404 0.118981 0.039299 0.126852 0.914910 1654.000000 1080.000000
0 795 0.409613 0.117130 0.039299 0.126852 0.926770 1654.000000 1080.000000
0 796 0.411427 0.116204 0.039299 0.126852 0.940050 1654.000000 1080.000000
0 797 0.412636 0.114352 0.039299 0.126852 0.952020 1654.000000 1080.000000
0 798 0.413845 0.113426 0.039299 0.126852 0.958500 1654.000000 1080.000000
0 799 0.415054 0.112500 0.039299 0.126852 0.964540 1654.000000 1080.000000
0 800 0.416264 0.110648 0.039299 0.126852 0.972000 1654.000000 1080.000000
0 801 0.417473 0.109722 0.039299 0.126852 0.976940 1654.000000 1080.000000
0 802 0.418682 0.107870 0.039299 0.126852 0.982870 1654.000000 1080.000000
0 803 0.419891 0.106944 0.039299 0.126852 0.986710 1654.000000 1080.000000
0 804 0.421100 0.105093 0.039299 0.126852 0.991110 1654.000000 1080.000000
0 805 0.422310 0.104167 0.039299 0.126852 0.993850 1654.000000 1080.000000
0 806 0.424123 0.103241 0.039299 0.126852 0.996930 1654.000000 1080.000000
0 807 0.424728 0.101389 0.039299 0.126852 0.998350 1654.000000 1080.000000
0 808 0.425937 0.099537 0.039299 0.126852 0.999670 1654.000000 1080.000000
0 809 0.427146 0.098611 0.039299 0.126852 1.000000 1654.000000 1080.000000
0 810 0.427751 0.096759 0.039299 0.126852 1.000000 1654.000000 1080.000000
0 811 0.428960 0.095370 0.039299 0.125926 1.000000 1654.000000 1080.000000
0 812 0.430169 0.093981 0.039299 0.126852 1.000000 1654.000000 1080.000000
0 813 0.431076 0.092593 0.039903 0.125926 1.000000 1654.000000 1080.000000
0 814 0.431983 0.090741 0.039299 0.125926 1.000000 1654.000000 1080.000000
0 815 0.433192 0.089815 0.039299 0.125926 1.000000 1654.000000 1080.000000
0 816 0.434401 0.087963 0.039299 0.125926 1.000000 1654.000000 1080.000000
0 817 0.435308 0.086111 0.039903 0.125926 1.000000 1654.000000 1080.000000
0 818 0.436215 0.085185 0.039299 0.125926 1.000000 1654.000000 1080.000000
0 819 0.437424 0.083333 0.039299 0.125926 1.000000 1654.000000 1080.000000
0 820 0.438331 0.081944 0.039903 0.125000 1.000000 1654.000000 1080.000000
0 821 0.439541 0.080556 0.039903 0.125926 1.000000 1654.000000 1080.000000
0 822 0.440447 0.079167 0.039299 0.125000 1.000000 1654.000000 1080.000000
0 823 0.441354 0.077315 0.039903 0.125000 1.000000 1654.000000 1080.000000
0 824 0.442563 0.076389 0.039903 0.125000 1.000000 1654.000000 1080.000000
0 825 0.443773 0.074537 0.039903 0.125000 1.000000 1654.000000 1080.000000
0 826 0.444680 0.072685 0.039299 0.125000 1.000000 1654.000000 1080.000000
0 827 0.445586 0.071759 0.039903 0.125000 1.000000 1654.000000 1080.000000
0 828 0.446796 0.069907 0.039903 0.125000 1.000000 1654.000000 1080.000000
0 829 0.448005 0.068519 0.039903 0.124074 1.000000 1654.000000 1080.000000
0 830 0.448609 0.067130 0.039903 0.125000 1.000000 1654.000000 1080.000000
0 831 0.449819 0.065741 0.039903 0.124074 1.000000 1654.000000 1080.000000
0 832 0.451028 0.063889 0.039903 0.124074 1.000000 1654.000000 1080.000000
0 833 0.452237 0.062963 0.039903 0.124074 1.000000 1654.000000 1080.000000
0 834 0.452842 0.062037 0.039903 0.122222 1.000000 1654.000000 1080.000000
0 835 0.453446 0.061574 0.039903 0.121296 1.000000 1654.000000 1080.000000
0 836 0.454051 0.061111 0.039903 0.120370 1.000000 1654.000000 1080.000000
0 837 0.454655 0.060648 0.039903 0.119444 1.000000 1654.000000 1080.000000
0 838 0.455260 0.060185 0.039903 0.118519 1.000000 1654.000000 1080.000000
0 839 0.455865 0.059722 0.039903 0.117593 1.000000 1654.000000 1080.000000
0 840 0.456469 0.059259 0.039903 0.116667 1.000000 1654.000000 1080.000000
0 841 0.457074 0.058796 0.039903 0.115741 1.000000 1654.000000 1080.000000
0 842 0.457678 0.058333 0.039903 0.114815 1.000000 1654.000000 1080.000000
0 843 0.458283 0.057870 0.039903 0.113889 1.000000 1654.000000 1080.000000
0 844 0.458888 0.057407 0.039903 0.112963 1.000000 1654.000000 1080.000000
0 845 0.459492 0.056944 0.039903 0.112037 1.000000 1654.000000 1080.000000
0 846 0.460097 0.056481 0.039903 0.111111 1.000000 1654.000000 1080.000000
0 847 0.460701 0.056019 0.039903 0.110185 1.000000 1654.000000 1080.000000
0 848 0.461306 0.055556 0.039903 0.109259 1.000000 1654.000000 1080.000000
0 849 0.461911 0.055093 0.039903 0.108333 1.000000 1654.000000 1080.000000
0 850 0.462515 0.054630 0.039903 0.107407 1.000000 1654.000000 1080.000000
0 851 0.463724 0.054167 0.039903 0.106481 1.000000 1654.000000 1080.000000
0 852 0.464329 0.053704 0.039903 0.105556 1.000000 1654.000000 1080.000000
0 853 0.464933 0.053241 0.039903 0.104630 1.000000 1654.000000 1080.000000
0 854 0.466143 0.052778 0.039903 0.103704 1.000000 1654.000000 1080.000000
0 855 0.466747 0.052315 0.039903 0.102778 1.000000 1654.000000 1080.000000
0 856 0.467352 0.051852 0.039903 0.101852 1.000000 1654.000000 1080.000000
0 857 0.468561 0.051389 0.039903 0.100926 1.000000 1654.000000 1080.000000
0 858 0.469166 0.051389 0.039903 0.100926 1.000000 1654.000000 1080.000000
0 859 0.469770 0.050926 0.039903 0.100000 1.000000 1654.000000 1080.000000
0 860 0.470979 0.050463 0.039903 0.099074 0.972080 1654.000000 1080.000000
0 861 0.471584 0.050000 0.039903 0.098148 0.972100 1654.000000 1080.000000
0 862 0.472189 0.049537 0.039903 0.097222 0.957760 1654.000000 1080.000000
0 863 0.473398 0.049074 0.039903 0.096296 0.929640 1654.000000 1080.000000
0 864 0.474002 0.048611 0.039903 0.095370 0.928960 1654.000000 1080.000000
0 865 0.474607 0.048611 0.039903 0.095370 0.914750 1654.000000 1080.000000
0 866 0.475816 0.048148 0.039903 0.094444 0.885230 1654.000000 1080.000000
0 867 0.476421 0.047685 0.039903 0.093519 0.885280 1654.000000 1080.000000
0 868 0.477025 0.047222 0.039903 0.092593 0.869660 1654.000000 1080.000000
0 869 0.478235 0.046759 0.039903 0.091667 0.855220 1654.000000 1080.000000
0 870 0.478839 0.046296 0.039903 0.090741 0.824510 1654.000000 1080.000000
0 871 0.479444 0.045833 0.039903 0.089815 0.809930 1654.000000 1080.000000
0 872 0.480653 0.045833 0.039903 0.089815 0.780690 1654.000000 1080.000000
0 873 0.481862 0.045370 0.039903 0.088889 0.751500 1654.000000 1080.000000
0 874 0.483071 0.044907 0.039903 0.087963 0.722330 1654.000000 1080.000000
0 875 0.484885 0.044444 0.039903 0.087037 0.678550 1654.000000 1080.000000
0 876 0.486094 0.044444 0.039903 0.087037 0.649330 1654.000000 1080.000000
0 877 0.487908 0.043981 0.039903 0.086111 0.605590 1654.000000 1080.000000
0 878 0.489117 0.043519 0.039903 0.085185 0.561870 1654.000000 1080.000000
0 879 0.490931 0.043519 0.039903 0.085185 0.518050 1654.000000 1080.000000
0 880 0.492140 0.043056 0.039903 0.084259 0.483290 1654.000000 1080.000000
0 881 0.493954 0.042593 0.039903 0.083333 0.438900 1654.000000 1080.000000
0 882 0.495163 0.042593 0.039903 0.083333 0.408890 1654.000000 1080.000000
0 883 0.496977 0.042130 0.039903 0.082407 0.364180 1654.000000 1080.000000
0 884 0.498186 0.041667 0.039903 0.081481 0.334400 1654.000000 1080.000000
