0 119 0.002116 0.331481 0.003023 0.146296 0.232700 1654.000000 1080.000000
0 120 0.002721 0.329630 0.004232 0.148148 0.236020 1654.000000 1080.000000
0 121 0.003325 0.328241 0.005441 0.149074 0.234570 1654.000000 1080.000000
0 122 0.003930 0.326852 0.006651 0.150000 0.233130 1654.000000 1080.000000
0 123 0.004534 0.325463 0.007860 0.150926 0.231710 1654.000000 1080.000000
0 124 0.005139 0.324074 0.009069 0.151852 1.000000 1654.000000 1080.000000
0 125 0.005744 0.322685 0.010278 0.152778 1.000000 1654.000000 1080.000000
0 126 0.006651 0.321296 0.012092 0.153704 1.000000 1654.000000 1080.000000
0 127 0.006953 0.319444 0.012696 0.153704 1.000000 1654.000000 1080.000000
0 128 0.007557 0.317593 0.013906 0.153704 1.000000 1654.000000 1080.000000
0 129 0.008162 0.316204 0.015115 0.154630 1.000000 1654.000000 1080.000000
0 130 0.008767 0.314815 0.016324 0.153704 1.000000 1654.000000 1080.000000
0 131 0.009371 0.312963 0.017533 0.153704 0.976450 1654.000000 1080.000000
0 132 0.009674 0.311574 0.018138 0.154630 0.977530 1654.000000 1080.000000
0 133 0.010278 0.309722 0.019347 0.154630 0.958870 1654.000000 1080.000000
0 134 0.010883 0.308333 0.020556 0.153704 0.590420 1654.000000 1080.000000
0 135 0.011487 0.306944 0.021765 0.154630 0.614860 1654.000000 1080.000000
0 136 0.012092 0.305093 0.022975 0.154630 0.637520 1654.000000 1080.000000
0 137 0.012394 0.303241 0.023579 0.154630 0.646580 1654.000000 1080.000000
0 138 0.012999 0.302315 0.024788 0.154630 0.663410 1654.000000 1080.000000
0 139 0.013603 0.300463 0.025998 0.154630 0.678710 1654.000000 1080.000000
0 140 0.014208 0.298611 0.027207 0.154630 0.695130 1654.000000 1080.000000
0 141 0.014813 0.297685 0.028416 0.154630 0.692460 1654.000000 1080.000000
0 142 0.015115 0.295833 0.029021 0.154630 0.713800 1654.000000 1080.000000
0 143 0.015719 0.294907 0.030230 0.154630 0.725020 1654.000000 1080.000000
0 144 0.016022 0.293519 0.030834 0.153704 0.745050 1654.000000 1080.000000
0 145 0.016626 0.292130 0.032044 0.154630 0.698410 1654.000000 1080.000000
0 146 0.016929 0.290741 0.032648 0.153704 0.686660 1654.000000 1080.000000
0 147 0.017533 0.289815 0.033857 0.153704 0.680220 1654.000000 1080.000000
0 148 0.017836 0.288426 0.034462 0.154630 0.681440 1654.000000 1080.000000
0 149 0.018440 0.287037 0.035671 0.153704 0.675350 1654.000000 1080.000000
0 150 0.018742 0.286111 0.036276 0.153704 0.668300 1654.000000 1080.000000
0 151 0.019347 0.284259 0.037485 0.153704 0.666380 1654.000000 1080.000000
0 152 0.020254 0.283333 0.036880 0.153704 0.664860 1654.000000 1080.000000
0 153 0.021463 0.282407 0.036880 0.153704 0.656940 1654.000000 1080.000000
0 154 0.022068 0.280093 0.036880 0.152778 0.665760 1654.000000 1080.000000
0 155 0.023277 0.278241 0.036880 0.150926 0.658830 1654.000000 1080.000000
0 156 0.024486 0.276389 0.036880 0.149074 0.654320 1654.000000 1080.000000
0 157 0.025091 0.274537 0.036880 0.147222 0.661590 1654.000000 1080.000000
0 158 0.026300 0.272685 0.036880 0.145370 0.657620 1654.000000 1080.000000
0 159 0.027509 0.270833 0.036880 0.143519 0.661290 1654.000000 1080.000000
0 160 0.028718 0.270370 0.036880 0.144444 0.641770 1654.000000 1080.000000
0 161 0.029927 0.269907 0.036880 0.145370 0.629540 1654.000000 1080.000000
0 162 0.031137 0.269907 0.036880 0.147222 0.616130 1654.000000 1080.000000
0 163 0.032346 0.269444 0.036880 0.148148 0.606490 1654.000000 1080.000000
0 164 0.033555 0.268981 0.036880 0.149074 0.596770 1654.000000 1080.000000
0 165 0.034764 0.268981 0.036880 0.150926 0.581830 1654.000000 1080.000000
0 166 0.035973 0.268519 0.036880 0.151852 0.571950 1654.000000 1080.000000
0 167 0.037183 0.268056 0.036880 0.152778 0.561990 1654.000000 1080.000000
0 168 0.038392 0.268519 0.036880 0.153704 0.557850 1654.000000 1080.000000
0 169 0.039601 0.264815 0.036880 0.150000 0.545420 1654.000000 1080.000000
0 170 0.040810 0.261111 0.036880 0.146296 0.539660 1654.000000 1080.000000
0 171 0.042019 0.257407 0.036880 0.142593 0.529030 1654.000000 1080.000000
0 172 0.042926 0.256481 0.037485 0.142593 0.513160 1654.000000 1080.000000
0 173 0.044135 0.256019 0.037485 0.143519 0.477610 1654.000000 1080.000000
0 174 0.045345 0.255093 0.037485 0.143519 0.459710 1654.000000 1080.000000
0 175 0.046554 0.254630 0.037485 0.144444 0.435450 1654.000000 1080.000000
0 176 0.047763 0.254630 0.037485 0.144444 0.413100 1654.000000 1080.000000
0 177 0.048972 0.253704 0.037485 0.144444 0.417650 1654.000000 1080.000000
0 178 0.050181 0.253241 0.037485 0.145370 0.412900 1654.000000 1080.000000
0 179 0.051391 0.252315 0.037485 0.145370 0.420840 1654.000000 1080.000000
0 180 0.052600 0.251852 0.037485 0.146296 0.417990 1654.000000 1080.000000
0 181 0.053809 0.251852 0.037485 0.146296 0.420390 1654.000000 1080.000000
0 182 0.054111 0.249074 0.036880 0.144444 0.447300 1654.000000 1080.000000
0 183 0.054716 0.246296 0.036880 0.142593 0.470760 1654.000000 1080.000000
0 184 0.055320 0.243981 0.036880 0.139815 0.470290 1654.000000 1080.000000
0 185 0.055925 0.241204 0.036880 0.137963 0.473980 1654.000000 1080.000000
0 186 0.056530 0.238889 0.036880 0.135185 0.474870 1654.000000 1080.000000
0 187 0.057134 0.237963 0.036880 0.137037 0.475750 1654.000000 1080.000000
0 188 0.058041 0.237500 0.037485 0.137963 0.467830 1654.000000 1080.000000
0 189 0.058948 0.237037 0.036880 0.138889 0.467740 1654.000000 1080.000000
0 190 0.059855 0.237037 0.037485 0.140741 0.469550 1654.000000 1080.000000
0 191 0.060459 0.236111 0.037485 0.142593 0.469330 1654.000000 1080.000000
0 192 0.061669 0.235648 0.037485 0.143519 0.455740 1654.000000 1080.000000
0 193 0.062273 0.235185 0.037485 0.144444 0.464970 1654.000000 1080.000000
0 194 0.063482 0.235185 0.037485 0.146296 0.461420 1654.000000 1080.000000
0 195 0.063482 0.233333 0.037485 0.146296 0.485370 1654.000000 1080.000000
0 196 0.064087 0.232407 0.037485 0.146296 0.496260 1654.000000 1080.000000
0 197 0.064692 0.231481 0.037485 0.146296 0.507240 1654.000000 1080.000000
0 198 0.065296 0.230556 0.037485 0.146296 0.515820 1654.000000 1080.000000
0 199 0.065901 0.228704 0.037485 0.146296 0.530700 1654.000000 1080.000000
0 200 0.066505 0.227778 0.037485 0.146296 0.549270 1654.000000 1080.000000
0 201 0.067110 0.226852 0.037485 0.146296 0.551560 1654.000000 1080.000000
0 202 0.067715 0.225926 0.037485 0.146296 0.559950 1654.000000 1080.000000
0 203 0.068319 0.224074 0.037485 0.146296 0.574620 1654.000000 1080.000000
0 204 0.068924 0.223148 0.037485 0.146296 0.583010 1654.000000 1080.000000
0 205 0.069528 0.222222 0.037485 0.146296 0.591390 1654.000000 1080.000000
0 206 0.070133 0.221296 0.037485 0.146296 0.608170 1654.000000 1080.000000
0 207 0.070738 0.220370 0.037485 0.146296 0.612360 1654.000000 1080.000000
0 208 0.070738 0.218519 0.037485 0.146296 0.626930 1654.000000 1080.000000
0 209 0.071342 0.217130 0.037485 0.145370 0.633410 1654.000000 1080.000000
0 210 0.071342 0.216204 0.037485 0.145370 0.639240 1654.000000 1080.000000
0 211 0.071947 0.214352 0.037485 0.145370 0.658730 1654.000000 1080.000000
0 212 0.072551 0.213426 0.037485 0.145370 0.654910 1654.000000 1080.000000
0 213 0.072551 0.212037 0.037485 0.144444 0.656560 1654.000000 1080.000000
0 214 0.073156 0.210648 0.037485 0.145370 0.663650 1654.000000 1080.000000
0 215 0.073156 0.209259 0.037485 0.144444 0.667780 1654.000000 1080.000000
0 216 0.073761 0.208333 0.037485 0.144444 0.672430 1654.000000 1080.000000
0 217 0.074365 0.206481 0.037485 0.144444 0.668790 1654.000000 1080.000000
0 218 0.074365 0.205556 0.037485 0.144444 0.675660 1654.000000 1080.000000
0 219 0.074970 0.204167 0.037485 0.143519 0.676540 1654.000000 1080.000000
0 220 0.074970 0.202778 0.037485 0.144444 0.678500 1654.000000 1080.000000
0 221 0.075574 0.201389 0.037485 0.143519 0.684070 1654.000000 1080.000000
0 222 0.076179 0.200463 0.037485 0.143519 0.681220 1654.000000 1080.000000
0 223 0.076179 0.198611 0.037485 0.143519 0.693940 1654.000000 1080.000000
0 224 0.076784 0.197222 0.037485 0.142593 0.700770 1654.000000 1080.000000
0 225 0.076784 0.195833 0.037485 0.143519 0.708590 1654.000000 1080.000000
0 226 0.077388 0.194444 0.037485 0.142593 0.721970 1654.000000 1080.000000
0 227 0.077993 0.193056 0.037485 0.141667 0.731600 1654.000000 1080.000000
0 228 0.077993 0.191667 0.037485 0.142593 0.730880 1654.000000 1080.000000
0 229 0.078597 0.190278 0.037485 0.141667 0.741290 1654.000000 1080.000000
0 230 0.079202 0.188889 0.037485 0.140741 0.748940 1654.000000 1080.000000
0 231 0.079202 0.187500 0.037485 0.141667 0.754900 1654.000000 1080.000000
0 232 0.079807 0.186111 0.037485 0.140741 0.762940 1654.000000 1080.000000
0 233 0.080411 0.185185 0.037485 0.140741 0.765330 1654.000000 1080.000000
0 234 0.081016 0.183333 0.037485 0.140741 0.775290 1654.000000 1080.000000
0 235 0.081620 0.181481 0.037485 0.140741 0.788360 1654.000000 1080.000000
0 236 0.082225 0.179630 0.037485 0.140741 0.798320 1654.000000 1080.000000
0 237 0.082830 0.177778 0.037485 0.140741 0.802050 1654.000000 1080.000000
0 238 0.083434 0.175926 0.037485 0.140741 0.805790 1654.000000 1080.000000
0 239 0.084341 0.175000 0.036880 0.140741 0.808140 1654.000000 1080.000000
0 240 0.084946 0.173148 0.036880 0.140741 0.811830 1654.000000 1080.000000
0 241 0.085852 0.171296 0.037485 0.140741 0.816990 1654.000000 1080.000000
0 242 0.086457 0.169444 0.037485 0.140741 0.822080 1654.000000 1080.000000
0 243 0.087062 0.167593 0.037485 0.140741 0.825710 1654.000000 1080.000000
0 244 0.087969 0.166667 0.036880 0.140741 0.827960 1654.000000 1080.000000
0 245 0.088573 0.164815 0.036880 0.140741 0.831540 1654.000000 1080.000000
0 246 0.089178 0.162963 0.036880 0.140741 0.831540 1654.000000 1080.000000
0 247 0.089782 0.161111 0.036880 0.140741 0.839970 1654.000000 1080.000000
0 248 0.090387 0.159259 0.036880 0.140741 0.843450 1654.000000 1080.000000
0 249 0.091596 0.158333 0.036880 0.140741 0.824580 1654.000000 1080.000000
0 250 0.091596 0.156481 0.036880 0.140741 0.819840 1654.000000 1080.000000
0 251 0.091898 0.154630 0.037485 0.140741 0.809940 1654.000000 1080.000000
0 252 0.092201 0.153704 0.036880 0.140741 0.806560 1654.000000 1080.000000
0 253 0.092503 0.151852 0.037485 0.140741 0.801430 1654.000000 1080.000000
0 254 0.092805 0.150000 0.036880 0.140741 0.798230 1654.000000 1080.000000
0 255 0.093108 0.149074 0.037485 0.140741 0.796560 1654.000000 1080.000000
0 256 0.093108 0.147222 0.037485 0.140741 0.795830 1654.000000 1080.000000
0 257 0.093712 0.145370 0.037485 0.140741 0.787740 1654.000000 1080.000000
0 258 0.093712 0.144444 0.037485 0.140741 0.782970 1654.000000 1080.000000
0 259 0.094317 0.142593 0.037485 0.140741 0.779020 1654.000000 1080.000000
0 260 0.094317 0.140741 0.037485 0.140741 0.778710 1654.000000 1080.000000
0 261 0.094921 0.139815 0.037485 0.140741 0.850300 1654.000000 1080.000000
0 262 0.095526 0.137500 0.037485 0.139815 0.773710 1654.000000 1080.000000
0 263 0.096735 0.135648 0.037485 0.139815 0.773180 1654.000000 1080.000000
0 264 0.097340 0.133333 0.037485 0.138889 0.779880 1654.000000 1080.000000
0 265 0.098549 0.131944 0.037485 0.137963 0.761690 1654.000000 1080.000000
0 266 0.099456 0.130093 0.036880 0.137963 0.764950 1654.000000 1080.000000
0 267 0.100363 0.127778 0.037485 0.137037 0.766490 1654.000000 1080.000000
0 268 0.101270 0.126389 0.036880 0.136111 0.767760 1654.000000 1080.000000
0 269 0.102479 0.124537 0.036880 0.136111 0.749780 1654.000000 1080.000000
0 270 0.103083 0.122222 0.036880 0.135185 0.756090 1654.000000 1080.000000
0 271 0.104293 0.120370 0.036880 0.135185 0.753130 1654.000000 1080.000000
0 272 0.105200 0.118981 0.036276 0.134259 0.755780 1654.000000 1080.000000
0 273 0.106106 0.116667 0.036880 0.133333 0.741160 1654.000000 1080.000000
0 274 0.107013 0.114815 0.036276 0.133333 0.744040 1654.000000 1080.000000
0 275 0.108222 0.113426 0.036276 0.132407 0.724610 1654.000000 1080.000000
0 276 0.108222 0.112500 0.036276 0.132407 0.736910 1654.000000 1080.000000
0 277 0.108827 0.111574 0.036276 0.132407 0.736910 1654.000000 1080.000000
0 278 0.108827 0.110648 0.036276 0.132407 0.732810 1654.000000 1080.000000
0 279 0.109432 0.109722 0.036276 0.132407 0.732810 1654.000000 1080.000000
0 280 0.109734 0.108796 0.036880 0.132407 0.737120 1654.000000 1080.000000
0 281 0.110036 0.107870 0.036276 0.132407 0.732810 1654.000000 1080.000000
0 282 0.110339 0.106944 0.036880 0.132407 0.734990 1654.000000 1080.000000
0 283 0.110943 0.106019 0.036880 0.132407 0.734990 1654.000000 1080.000000
0 284 0.110943 0.105093 0.036880 0.132407 0.734090 1654.000000 1080.000000
0 285 0.111548 0.104167 0.036880 0.132407 0.736110 1654.000000 1080.000000
0 286 0.112152 0.103241 0.036880 0.132407 0.736110 1654.000000 1080.000000
0 287 0.112152 0.102315 0.036880 0.132407 0.737230 1654.000000 1080.000000
0 288 0.112757 0.101389 0.036880 0.132407 0.739140 1654.000000 1080.000000
0 289 0.113362 0.100463 0.036880 0.132407 0.739140 1654.000000 1080.000000
0 290 0.113362 0.099537 0.036880 0.132407 0.738460 1654.000000 1080.000000
0 291 0.113966 0.098611 0.036880 0.132407 0.740260 1654.000000 1080.000000
0 292 0.114571 0.097685 0.036880 0.132407 0.740260 1654.000000 1080.000000
0 293 0.114571 0.096759 0.036880 0.132407 0.741600 1654.000000 1080.000000
0 294 0.115175 0.095833 0.036880 0.132407 0.741600 1654.000000 1080.000000
0 295 0.115780 0.094907 0.036880 0.132407 0.743280 1654.000000 1080.000000
0 296 0.115780 0.093981 0.036880 0.132407 0.742830 1654.000000 1080.000000
0 297 0.116385 0.093056 0.036880 0.132407 0.742830 1654.000000 1080.000000
0 298 0.116989 0.092130 0.036880 0.132407 0.744400 1654.000000 1080.000000
0 299 0.116989 0.091204 0.036880 0.132407 0.745970 1654.000000 1080.000000
0 300 0.117594 0.090278 0.036880 0.132407 0.745970 1654.000000 1080.000000
0 301 0.118198 0.089352 0.036880 0.132407 0.749100 1654.000000 1080.000000
0 302 0.118198 0.088426 0.036880 0.132407 0.745860 1654.000000 1080.000000
0 303 0.118803 0.087500 0.036880 0.132407 0.744510 1654.000000 1080.000000
0 304 0.119407 0.087037 0.036880 0.133333 0.739600 1654.000000 1080.000000
0 305 0.120012 0.086111 0.036880 0.133333 0.738150 1654.000000 1080.000000
0 306 0.120617 0.085648 0.036880 0.134259 0.732990 1654.000000 1080.000000
0 307 0.121221 0.084722 0.036880 0.134259 0.731440 1654.000000 1080.000000
0 308 0.121826 0.084259 0.036880 0.135185 0.727670 1654.000000 1080.000000
0 309 0.122430 0.083333 0.036880 0.135185 0.726030 1654.000000 1080.000000
0 310 0.122430 0.082407 0.036880 0.135185 0.735460 1654.000000 1080.000000
0 311 0.123035 0.081944 0.036880 0.136111 0.729730 1654.000000 1080.000000
0 312 0.123640 0.081019 0.036880 0.136111 0.727990 1654.000000 1080.000000
0 313 0.124244 0.080556 0.036880 0.137037 0.709240 1654.000000 1080.000000
0 314 0.124849 0.079630 0.036880 0.137037 0.711840 1654.000000 1080.000000
0 315 0.125453 0.079167 0.036880 0.137963 0.703120 1654.000000 1080.000000
0 316 0.126058 0.078241 0.036880 0.137963 0.920650 1654.000000 1080.000000
0 317 0.126663 0.078241 0.036880 0.137963 0.916240 1654.000000 1080.000000
0 318 0.126663 0.075926 0.036880 0.137037 0.713790 1654.000000 1080.000000
0 319 0.126965 0.074074 0.037485 0.135185 0.725300 1654.000000 1080.000000
0 320 0.127267 0.072685 0.036880 0.134259 0.738180 1654.000000 1080.000000
0 321 0.127570 0.070370 0.037485 0.133333 0.751830 1654.000000 1080.000000
0 322 0.127872 0.068981 0.036880 0.132407 0.760300 1654.000000 1080.000000
0 323 0.128174 0.067130 0.037485 0.130556 0.772520 1654.000000 1080.000000
0 324 0.128779 0.065741 0.037485 0.129630 0.765280 1654.000000 1080.000000
0 325 0.129383 0.065278 0.037485 0.128704 0.764170 1654.000000 1080.000000
0 326 0.130593 0.065278 0.037485 0.128704 0.747960 1654.000000 1080.000000
0 327 0.131197 0.064815 0.037485 0.127778 0.753110 1654.000000 1080.000000
0 328 0.132406 0.064815 0.037485 0.127778 0.733810 1654.000000 1080.000000
0 329 0.133011 0.064352 0.037485 0.126852 0.739020 1654.000000 1080.000000
0 330 0.134220 0.064352 0.037485 0.126852 0.721530 1654.000000 1080.000000
0 331 0.134825 0.063889 0.037485 0.125926 0.726800 1654.000000 1080.000000
0 332 0.136034 0.063889 0.037485 0.125926 0.713470 1654.000000 1080.000000
0 333 0.136638 0.063426 0.037485 0.125000 0.705650 1654.000000 1080.000000
0 334 0.137848 0.063426 0.037485 0.125000 0.671100 1654.000000 1080.000000
0 335 0.138452 0.062963 0.037485 0.124074 0.649030 1654.000000 1080.000000
0 336 0.139661 0.062963 0.037485 0.124074 0.614810 1654.000000 1080.000000
0 337 0.140871 0.062963 0.037485 0.124074 0.582830 1654.000000 1080.000000
0 338 0.141475 0.062500 0.037485 0.123148 0.564080 1654.000000 1080.000000
0 339 0.142080 0.062037 0.037485 0.122222 0.551380 1654.000000 1080.000000
0 340 0.142684 0.061574 0.037485 0.121296 0.532350 1654.000000 1080.000000
0 341 0.143289 0.061111 0.037485 0.120370 0.519080 1654.000000 1080.000000
0 342 0.143894 0.060648 0.037485 0.119444 0.516240 1654.000000 1080.000000
0 343 0.144498 0.060648 0.037485 0.119444 0.511600 1654.000000 1080.000000
0 344 0.145103 0.060185 0.037485 0.118519 0.512860 1654.000000 1080.000000
0 345 0.145707 0.059722 0.037485 0.117593 0.507560 1654.000000 1080.000000
0 346 0.146312 0.059259 0.037485 0.116667 0.509310 1654.000000 1080.000000
0 347 0.146917 0.058796 0.037485 0.115741 0.511460 1654.000000 1080.000000
0 348 0.147521 0.058333 0.037485 0.114815 0.508950 1654.000000 1080.000000
0 349 0.148126 0.058333 0.037485 0.114815 0.509330 1654.000000 1080.000000
0 350 0.148730 0.057870 0.037485 0.113889 0.513820 1654.000000 1080.000000
0 351 0.149335 0.057407 0.037485 0.112963 0.505610 1654.000000 1080.000000
0 352 0.150544 0.056944 0.037485 0.112037 0.497270 1654.000000 1080.000000
0 353 0.151149 0.056481 0.037485 0.111111 0.486690 1654.000000 1080.000000
0 354 0.152358 0.056019 0.037485 0.110185 0.488620 1654.000000 1080.000000
0 355 0.152963 0.055556 0.037485 0.109259 0.491800 1654.000000 1080.000000
0 356 0.153567 0.055093 0.037485 0.108333 0.498120 1654.000000 1080.000000
0 357 0.154776 0.054630 0.037485 0.107407 0.508610 1654.000000 1080.000000
0 358 0.155381 0.054167 0.037485 0.106481 0.527370 1654.000000 1080.000000
0 359 0.156590 0.053704 0.037485 0.105556 0.533330 1654.000000 1080.000000
0 360 0.157195 0.053241 0.037485 0.104630 0.553050 1654.000000 1080.000000
0 361 0.157799 0.052778 0.037485 0.103704 0.566090 1654.000000 1080.000000
0 362 0.159008 0.052315 0.037485 0.102778 0.569730 1654.000000 1080.000000
0 363 0.159613 0.051852 0.037485 0.101852 0.566420 1654.000000 1080.000000
0 364 0.160822 0.051852 0.037485 0.101852 0.554270 1654.000000 1080.000000
0 365 0.161427 0.050926 0.037485 0.100000 0.569390 1654.000000 1080.000000
0 366 0.162031 0.050463 0.037485 0.099074 0.582450 1654.000000 1080.000000
0 367 0.162938 0.050000 0.036880 0.098148 0.601150 1654.000000 1080.000000
0 368 0.163845 0.049537 0.037485 0.097222 0.592240 1654.000000 1080.000000
0 369 0.164450 0.048611 0.037485 0.095370 0.602260 1654.000000 1080.000000
0 370 0.165357 0.048148 0.036880 0.094444 0.622300 1654.000000 1080.000000
0 371 0.166264 0.047685 0.037485 0.093519 0.603020 1654.000000 1080.000000
0 372 0.167170 0.047222 0.036880 0.092593 0.601560 1654.000000 1080.000000
0 373 0.167775 0.046296 0.036880 0.090741 0.606880 1654.000000 1080.000000
0 374 0.168682 0.045833 0.037485 0.089815 0.585200 1654.000000 1080.000000
0 375 0.169589 0.045370 0.036880 0.088889 0.595440 1654.000000 1080.000000
0 376 0.170193 0.044907 0.036880 0.087963 0.585350 1654.000000 1080.000000
0 377 0.171403 0.044444 0.036880 0.087037 0.574530 1654.000000 1080.000000
0 378 0.172007 0.043519 0.036880 0.085185 0.584110 1654.000000 1080.000000
0 379 0.173216 0.043056 0.036880 0.084259 0.582400 1654.000000 1080.000000
0 380 0.174426 0.042593 0.036880 0.083333 0.580650 1654.000000 1080.000000
0 381 0.175635 0.041667 0.036880 0.081481 0.591880 1654.000000 1080.000000
0 382 0.176844 0.041204 0.036880 0.080556 0.590180 1654.000000 1080.000000
0 383 0.177751 0.040741 0.036276 0.079630 0.598080 1654.000000 1080.000000
0 384 0.178960 0.039815 0.036276 0.077778 0.609840 1654.000000 1080.000000
0 385 0.179867 0.039352 0.036880 0.076852 0.617510 1654.000000 1080.000000
0 386 0.181076 0.038889 0.036880 0.075926 0.615620 1654.000000 1080.000000
0 387 0.182285 0.037963 0.036880 0.074074 0.614100 1654.000000 1080.000000
0 388 0.183192 0.037500 0.036276 0.073148 0.635860 1654.000000 1080.000000
0 389 0.184401 0.037037 0.036276 0.072222 0.633950 1654.000000 1080.000000
0 390 0.185611 0.036111 0.036276 0.070370 0.845430 1654.000000 1080.000000
0 391 0.186820 0.035648 0.036276 0.069444 0.843400 1654.000000 1080.000000
