0 1 0.979141 0.403241 0.036880 0.156481 0.849910 1654.000000 1080.000000
0 2 0.978235 0.397685 0.037485 0.156481 0.853590 1654.000000 1080.000000
0 3 0.977328 0.392593 0.038089 0.157407 0.856730 1654.000000 1080.000000
0 4 0.976723 0.387500 0.038089 0.156481 0.867370 1654.000000 1080.000000
0 5 0.975816 0.382407 0.038694 0.157407 0.871350 1654.000000 1080.000000
0 6 0.975212 0.377315 0.038694 0.156481 0.871760 1654.000000 1080.000000
0 7 0.974305 0.372222 0.039299 0.157407 0.874450 1654.000000 1080.000000
0 8 0.973398 0.366667 0.039903 0.157407 0.878590 1654.000000 1080.000000
0 9 0.972793 0.362037 0.039903 0.157407 0.887930 1654.000000 1080.000000
0 10 0.971886 0.356481 0.040508 0.157407 0.890610 1654.000000 1080.000000
0 11 0.971584 0.351852 0.041112 0.157407 0.893210 1654.000000 1080.000000
0 12 0.970375 0.347222 0.041112 0.157407 0.885410 1654.000000 1080.000000
0 13 0.969166 0.343519 0.041112 0.157407 0.876600 1654.000000 1080.000000
0 14 0.968561 0.339815 0.041112 0.157407 0.877790 1654.000000 1080.000000
0 15 0.967352 0.335185 0.041112 0.157407 0.870330 1654.000000 1080.000000
0 16 0.966747 0.331481 0.041112 0.157407 0.871600 1654.000000 1080.000000
0 17 0.965538 0.327778 0.041112 0.157407 0.863040 1654.000000 1080.000000
0 18 0.964933 0.323148 0.041112 0.157407 0.865750 1654.000000 1080.000000
0 19 0.963724 0.319444 0.041112 0.157407 0.857360 1654.000000 1080.000000
0 20 0.963120 0.315741 0.041112 0.157407 0.858800 1654.000000 1080.000000
0 21 0.961911 0.311111 0.041112 0.157407 0.852020 1654.000000 1080.000000
0 22 0.960701 0.307407 0.041112 0.157407 0.845410 1654.000000 1080.000000
0 23 0.960097 0.303704 0.041112 0.157407 0.845410 1654.000000 1080.000000
0 24 0.958888 0.299074 0.041112 0.157407 0.832700 1654.000000 1080.000000
0 25 0.958283 0.295370 0.041112 0.157407 0.834480 1654.000000 1080.000000
0 26 0.957074 0.291667 0.041112 0.157407 0.828460 1654.000000 1080.000000
0 27 0.956469 0.287037 0.041112 0.157407 0.832190 1654.000000 1080.000000
0 28 0.955260 0.283333 0.041112 0.157407 0.818970 1654.000000 1080.000000
0 29 0.954655 0.279630 0.041112 0.157407 0.821000 1654.000000 1080.000000
0 30 0.954051 0.276852 0.041112 0.157407 0.821000 1654.000000 1080.000000
0 31 0.953446 0.274074 0.041112 0.157407 0.821000 1654.000000 1080.000000
0 32 0.953446 0.272222 0.041112 0.157407 0.818970 1654.000000 1080.000000
0 33 0.952842 0.269444 0.041112 0.157407 0.818970 1654.000000 1080.000000
0 34 0.952237 0.267593 0.041112 0.157407 0.816930 1654.000000 1080.000000
0 35 0.952237 0.264815 0.041112 0.157407 0.824560 1654.000000 1080.000000
0 36 0.951632 0.262037 0.041112 0.157407 0.816930 1654.000000 1080.000000
0 37 0.951028 0.260185 0.041112 0.157407 0.814900 1654.000000 1080.000000
0 38 0.951028 0.257407 0.041112 0.157407 0.822610 1654.000000 1080.000000
0 39 0.950423 0.255556 0.041112 0.157407 0.812870 1654.000000 1080.000000
0 40 0.949819 0.252778 0.041112 0.157407 0.807190 1654.000000 1080.000000
0 41 0.949819 0.250926 0.041112 0.157407 0.807190 1654.000000 1080.000000
0 42 0.949214 0.248148 0.041112 0.157407 0.794050 1654.000000 1080.000000
0 43 0.949214 0.246296 0.041112 0.157407 0.794050 1654.000000 1080.000000
0 44 0.949214 0.244444 0.041112 0.157407 0.786420 1654.000000 1080.000000
0 45 0.949214 0.241667 0.041112 0.157407 0.788800 1654.000000 1080.000000
0 46 0.948609 0.239815 0.041112 0.157407 0.781250 1654.000000 1080.000000
0 47 0.948609 0.237963 0.041112 0.157407 0.773710 1654.000000 1080.000000
0 48 0.948609 0.236111 0.041112 0.157407 0.773710 1654.000000 1080.000000
0 49 0.948609 0.233333 0.041112 0.157407 0.768790 1654.000000 1080.000000
0 50 0.948609 0.231481 0.041112 0.157407 0.768790 1654.000000 1080.000000
0 51 0.948005 0.229630 0.041112 0.157407 0.761340 1654.000000 1080.000000
0 52 0.948005 0.226852 0.041112 0.157407 0.756670 1654.000000 1080.000000
0 53 0.948005 0.225000 0.041112 0.157407 0.756670 1654.000000 1080.000000
0 54 0.948005 0.223148 0.041112 0.157407 0.749300 1654.000000 1080.000000
0 55 0.947400 0.221296 0.041112 0.157407 0.741930 1654.000000 1080.000000
0 56 0.947400 0.218519 0.041112 0.157407 0.737600 1654.000000 1080.000000
0 57 0.947400 0.216667 0.041112 0.157407 0.737600 1654.000000 1080.000000
0 58 0.947400 0.214815 0.041112 0.157407 0.730320 1654.000000 1080.000000
0 59 0.947400 0.212963 0.041112 0.157407 0.726250 1654.000000 1080.000000
0 60 0.946796 0.210185 0.041112 0.157407 0.720910 1654.000000 1080.000000
0 61 0.946796 0.208333 0.041112 0.157407 0.713870 1654.000000 1080.000000
0 62 0.946796 0.206481 0.041112 0.157407 0.710140 1654.000000 1080.000000
0 63 0.946796 0.204630 0.041112 0.157407 0.710140 1654.000000 1080.000000
0 64 0.946796 0.202778 0.041112 0.157407 0.703110 1654.000000 1080.000000
0 65 0.946493 0.200926 0.041717 0.157407 0.695740 1654.000000 1080.000000
0 66 0.946493 0.199074 0.041717 0.157407 0.688890 1654.000000 1080.000000
0 67 0.946493 0.197222 0.041717 0.157407 0.688890 1654.000000 1080.000000
0 68 0.946493 0.195370 0.041717 0.157407 0.685880 1654.000000 1080.000000
0 69 0.946493 0.193519 0.041717 0.157407 0.679110 1654.000000 1080.000000
0 70 0.946191 0.191667 0.042322 0.157407 0.674490 1654.000000 1080.000000
0 71 0.946191 0.189815 0.042322 0.157407 0.671860 1654.000000 1080.000000
0 72 0.946191 0.187963 0.042322 0.157407 0.664360 1654.000000 1080.000000
0 73 0.946191 0.186111 0.042322 0.157407 0.661560 1654.000000 1080.000000
0 74 0.946191 0.184259 0.042322 0.157407 0.660740 1654.000000 1080.000000
0 75 0.946191 0.182407 0.042322 0.157407 0.653570 1654.000000 1080.000000
0 76 0.945586 0.180093 0.042322 0.156481 0.648880 1654.000000 1080.000000
0 77 0.945586 0.178241 0.042322 0.156481 0.621960 1654.000000 1080.000000
0 78 0.945586 0.176852 0.042322 0.155556 0.615720 1654.000000 1080.000000
0 79 0.945586 0.174537 0.042322 0.154630 0.607310 1654.000000 1080.000000
0 80 0.945586 0.172685 0.042322 0.154630 0.611920 1654.000000 1080.000000
0 81 0.945284 0.171296 0.041717 0.153704 0.592640 1654.000000 1080.000000
0 82 0.945284 0.169444 0.041717 0.153704 0.592730 1654.000000 1080.000000
0 83 0.945284 0.167130 0.041717 0.152778 0.589070 1654.000000 1080.000000
0 84 0.945284 0.165741 0.041717 0.151852 0.582510 1654.000000 1080.000000
0 85 0.945284 0.163889 0.041717 0.151852 0.577140 1654.000000 1080.000000
0 86 0.944982 0.162037 0.041112 0.151852 0.570930 1654.000000 1080.000000
0 87 0.944982 0.160185 0.041112 0.150000 0.560510 1654.000000 1080.000000
0 88 0.944982 0.158333 0.041112 0.150000 0.561660 1654.000000 1080.000000
0 89 0.944982 0.156481 0.041112 0.150000 0.555610 1654.000000 1080.000000
0 90 0.944982 0.155093 0.041112 0.149074 0.552870 1654.000000 1080.000000
0 91 0.944982 0.153241 0.041112 0.149074 0.549110 1654.000000 1080.000000
0 92 0.945586 0.151389 0.041112 0.149074 0.556720 1654.000000 1080.000000
0 93 0.945586 0.149537 0.041112 0.149074 0.556720 1654.000000 1080.000000
0 94 0.946191 0.147685 0.041112 0.149074 0.558060 1654.000000 1080.000000
0 95 0.946191 0.145833 0.041112 0.149074 0.554660 1654.000000 1080.000000
0 96 0.946796 0.143981 0.041112 0.149074 0.562980 1654.000000 1080.000000
0 97 0.947400 0.142130 0.041112 0.149074 0.572910 1654.000000 1080.000000
0 98 0.947400 0.140278 0.041112 0.149074 0.565400 1654.000000 1080.000000
0 99 0.948005 0.138426 0.041112 0.149074 0.575590 1654.000000 1080.000000
0 100 0.948005 0.136574 0.041112 0.149074 0.573270 1654.000000 1080.000000
0 101 0.948609 0.134722 0.041112 0.149074 0.578370 1654.000000 1080.000000
0 102 0.948609 0.132870 0.041112 0.149074 0.570940 1654.000000 1080.000000
0 103 0.949214 0.131019 0.041112 0.149074 0.581680 1654.000000 1080.000000
0 104 0.949819 0.130093 0.041112 0.149074 0.586690 1654.000000 1080.000000
0 105 0.949516 0.127315 0.040508 0.149074 0.584600 1654.000000 1080.000000
0 106 0.949516 0.125463 0.040508 0.149074 0.581340 1654.000000 1080.000000
0 107 0.949516 0.123148 0.040508 0.148148 0.570060 1654.000000 1080.000000
0 108 0.949516 0.120833 0.040508 0.149074 0.567810 1654.000000 1080.000000
0 109 0.949516 0.118981 0.040508 0.149074 0.553290 1654.000000 1080.000000
0 110 0.949516 0.116667 0.040508 0.148148 0.546580 1654.000000 1080.000000
0 111 0.949516 0.114352 0.040508 0.149074 0.535490 1654.000000 1080.000000
0 112 0.949516 0.112037 0.040508 0.148148 0.525850 1654.000000 1080.000000
0 113 0.949516 0.110185 0.040508 0.148148 0.514520 1654.000000 1080.000000
0 114 0.949516 0.107870 0.040508 0.149074 0.513250 1654.000000 1080.000000
0 115 0.949516 0.105556 0.040508 0.148148 0.507120 1654.000000 1080.000000
0 116 0.949516 0.103704 0.040508 0.148148 0.503840 1654.000000 1080.000000
0 117 0.949819 0.101852 0.039903 0.148148 0.498190 1654.000000 1080.000000
0 118 0.949214 0.100000 0.039903 0.148148 0.481040 1654.000000 1080.000000
0 119 0.949214 0.098611 0.039903 0.147222 0.467910 1654.000000 1080.000000
0 120 0.949214 0.096759 0.039903 0.147222 0.464930 1654.000000 1080.000000
0 121 0.948912 0.095370 0.039299 0.146296 0.444250 1654.000000 1080.000000
0 122 0.948609 0.093981 0.039903 0.145370 0.434160 1654.000000 1080.000000
0 123 0.948609 0.092130 0.039903 0.145370 0.434910 1654.000000 1080.000000
0 124 0.948609 0.090741 0.039903 0.144444 0.436730 1654.000000 1080.000000
0 125 0.948307 0.088889 0.039299 0.144444 0.433120 1654.000000 1080.000000
0 126 0.948005 0.087500 0.039903 0.143519 0.429680 1654.000000 1080.000000
0 127 0.948005 0.086111 0.039903 0.142593 0.435050 1654.000000 1080.000000
0 128 0.947703 0.084259 0.039299 0.142593 0.431380 1654.000000 1080.000000
0 129 0.947703 0.082870 0.039299 0.141667 0.430540 1654.000000 1080.000000
0 130 0.947400 0.081481 0.039903 0.140741 0.431960 1654.000000 1080.000000
0 131 0.947400 0.079630 0.039903 0.140741 0.435760 1654.000000 1080.000000
0 132 0.947098 0.078241 0.039299 0.139815 0.428030 1654.000000 1080.000000
0 133 0.947098 0.076389 0.039299 0.139815 0.437200 1654.000000 1080.000000
0 134 0.946796 0.075000 0.039903 0.138889 0.429480 1654.000000 1080.000000
0 135 0.946493 0.073611 0.039299 0.137963 0.421310 1654.000000 1080.000000
0 136 0.946493 0.071759 0.039299 0.137963 0.433430 1654.000000 1080.000000
0 137 0.946493 0.070370 0.039299 0.137037 0.436340 1654.000000 1080.000000
0 138 0.946493 0.069444 0.039299 0.137037 0.436340 1654.000000 1080.000000
0 139 0.945889 0.068056 0.039299 0.134259 0.428080 1654.000000 1080.000000
0 140 0.945586 0.067130 0.038694 0.132407 0.418270 1654.000000 1080.000000
0 141 0.945586 0.066204 0.038694 0.130556 0.416900 1654.000000 1080.000000
0 142 0.945284 0.065278 0.038089 0.128704 0.404910 1654.000000 1080.000000
0 143 0.944982 0.064352 0.038694 0.126852 0.399330 1654.000000 1080.000000
0 144 0.944680 0.063426 0.038089 0.125000 0.388210 1654.000000 1080.000000
0 145 0.944680 0.062500 0.038089 0.123148 0.386430 1654.000000 1080.000000
0 146 0.944377 0.061574 0.037485 0.121296 0.374820 1654.000000 1080.000000
0 147 0.944075 0.060185 0.038089 0.118519 0.375610 1654.000000 1080.000000
0 148 0.943773 0.059259 0.037485 0.116667 0.360950 1654.000000 1080.000000
0 149 0.943773 0.058333 0.037485 0.114815 0.358730 1654.000000 1080.000000
0 150 0.943470 0.057407 0.036880 0.112963 0.355360 1654.000000 1080.000000
0 151 0.943168 0.056481 0.037485 0.111111 0.348940 1654.000000 1080.000000
0 152 0.942866 0.055556 0.036880 0.109259 0.341280 1654.000000 1080.000000
0 153 0.942866 0.054630 0.036880 0.107407 0.337740 1654.000000 1080.000000
0 154 0.942563 0.053704 0.036276 0.105556 0.338990 1654.000000 1080.000000
0 155 0.942563 0.052778 0.036276 0.103704 0.339910 1654.000000 1080.000000
0 156 0.942563 0.052315 0.036276 0.102778 0.339140 1654.000000 1080.000000
0 157 0.942563 0.051852 0.036276 0.101852 0.343230 1654.000000 1080.000000
0 158 0.942563 0.051389 0.036276 0.100926 0.346350 1654.000000 1080.000000
0 159 0.942563 0.050926 0.036276 0.100000 0.340350 1654.000000 1080.000000
0 160 0.942563 0.050463 0.036276 0.099074 0.344570 1654.000000 1080.000000
0 161 0.942563 0.050000 0.036276 0.098148 0.347790 1654.000000 1080.000000
0 162 0.942866 0.050000 0.036880 0.098148 0.343990 1654.000000 1080.000000
0 163 0.942866 0.049537 0.036880 0.097222 0.353010 1654.000000 1080.000000
0 164 0.942866 0.049074 0.036880 0.096296 0.351460 1654.000000 1080.000000
0 165 0.942866 0.048611 0.036880 0.095370 0.350190 1654.000000 1080.000000
0 166 0.943168 0.048148 0.036276 0.094444 0.364630 1654.000000 1080.000000
0 167 0.943168 0.047685 0.036276 0.093519 0.358410 1654.000000 1080.000000
0 168 0.943168 0.047222 0.036276 0.092593 0.356920 1654.000000 1080.000000
0 169 0.943470 0.047222 0.036880 0.092593 0.362980 1654.000000 1080.000000
0 170 0.943470 0.046759 0.036880 0.091667 0.366610 1654.000000 1080.000000
0 171 0.943470 0.046296 0.036880 0.090741 0.360220 1654.000000 1080.000000
0 172 0.943470 0.045833 0.036880 0.089815 0.347760 1654.000000 1080.000000
0 173 0.943470 0.045370 0.036880 0.088889 0.346030 1654.000000 1080.000000
0 174 0.943470 0.044907 0.036880 0.087963 0.333670 1654.000000 1080.000000
0 175 0.943470 0.044444 0.036880 0.087037 0.315790 1654.000000 1080.000000
