0 1 0.870012 0.328241 0.036276 0.117593 0.359630 1654.000000 1080.000000
0 2 0.869407 0.323611 0.036276 0.117593 0.351430 1654.000000 1080.000000
0 3 0.868803 0.319907 0.036276 0.117593 0.335940 1654.000000 1080.000000
0 4 0.868501 0.316204 0.036880 0.117593 0.330900 1654.000000 1080.000000
0 5 0.867896 0.312500 0.036880 0.117593 0.315520 1654.000000 1080.000000
0 6 0.867291 0.308796 0.036880 0.117593 0.305070 1654.000000 1080.000000
0 7 0.866989 0.305093 0.037485 0.117593 0.292530 1654.000000 1080.000000
0 8 0.866385 0.301389 0.037485 0.117593 0.280130 1654.000000 1080.000000
0 9 0.865780 0.297685 0.037485 0.117593 0.264630 1654.000000 1080.000000
0 10 0.865478 0.293981 0.038089 0.117593 0.256840 1654.000000 1080.000000
0 11 0.865175 0.290278 0.037485 0.117593 0.243680 1654.000000 1080.000000
0 12 0.864571 0.286574 0.037485 0.117593 0.235860 1654.000000 1080.000000
0 13 0.864268 0.282870 0.038089 0.117593 0.223270 1654.000000 1080.000000
0 14 0.863664 0.279167 0.038089 0.117593 0.208620 1654.000000 1080.000000
0 15 0.863059 0.275463 0.038089 0.117593 0.208620 1654.000000 1080.000000
0 16 0.862757 0.271759 0.038694 0.117593 0.200840 1654.000000 1080.000000
0 17 0.862152 0.268056 0.038694 0.117593 0.200960 1654.000000 1080.000000
0 18 0.861548 0.264352 0.038694 0.117593 0.194350 1654.000000 1080.000000
0 19 0.861245 0.260648 0.039299 0.117593 0.194960 1654.000000 1080.000000
0 20 0.860641 0.256944 0.039299 0.117593 0.187740 1654.000000 1080.000000
0 21 0.860641 0.253241 0.039299 0.117593 0.189630 1654.000000 1080.000000
0 22 0.859432 0.249537 0.039299 0.117593 0.184300 1654.000000 1080.000000
0 23 0.858827 0.246759 0.039299 0.117593 0.169270 1654.000000 1080.000000
0 24 0.857618 0.243981 0.039299 0.117593 0.159560 1654.000000 1080.000000
0 25 0.857013 0.241204 0.039299 0.117593 0.151750 1654.000000 1080.000000
0 26 0.856409 0.238426 0.039299 0.117593 0.156370 1654.000000 1080.000000
0 27 0.855200 0.235648 0.039299 0.117593 0.147020 1654.000000 1080.000000
0 28 0.854595 0.232870 0.039299 0.117593 0.139800 1654.000000 1080.000000
0 29 0.853386 0.229167 0.039299 0.117593 0.145600 1654.000000 1080.000000
0 30 0.852781 0.226389 0.039299 0.117593 0.139200 1654.000000 1080.000000
0 31 0.852177 0.223611 0.039299 0.117593 0.143470 1654.000000 1080.000000
0 32 0.850967 0.220833 0.039299 0.117593 0.141570 1654.000000 1080.000000
0 33 0.850363 0.218056 0.039299 0.117593 0.144530 1654.000000 1080.000000
0 34 0.849154 0.215278 0.039299 0.117593 0.141810 1654.000000 1080.000000
0 35 0.848549 0.212500 0.039299 0.117593 0.142990 1654.000000 1080.000000
0 36 0.847944 0.209722 0.039299 0.117593 0.142990 1654.000000 1080.000000
0 37 0.846735 0.206019 0.039299 0.117593 0.142760 1654.000000 1080.000000
0 38 0.846131 0.203241 0.039299 0.117593 0.142760 1654.000000 1080.000000
0 39 0.844921 0.200463 0.039299 0.117593 0.135650 1654.000000 1080.000000
0 40 0.844317 0.197685 0.039299 0.117593 0.135650 1654.000000 1080.000000
0 41 0.843712 0.194907 0.039299 0.117593 0.135650 1654.000000 1080.000000
0 42 0.842503 0.192130 0.039299 0.117593 0.135300 1654.000000 1080.000000
0 43 0.841898 0.189352 0.039299 0.117593 0.136130 1654.000000 1080.000000
0 44 0.841294 0.186574 0.039299 0.117593 0.135650 1654.000000 1080.000000
0 45 0.840387 0.183796 0.038694 0.117593 0.128610 1654.000000 1080.000000
0 46 0.840085 0.181019 0.038089 0.117593 0.137080 1654.000000 1080.000000
0 47 0.839480 0.178241 0.038089 0.117593 0.137700 1654.000000 1080.000000
0 48 0.838875 0.176389 0.036880 0.117593 0.120970 1654.000000 1080.000000
0 49 0.838271 0.173611 0.036880 0.117593 0.121350 1654.000000 1080.000000
0 50 0.837969 0.170833 0.036276 0.117593 0.129610 1654.000000 1080.000000
0 51 0.837364 0.168056 0.035067 0.117593 0.119040 1654.000000 1080.000000
0 52 0.836759 0.166204 0.035067 0.117593 0.119170 1654.000000 1080.000000
0 53 0.836457 0.163426 0.034462 0.117593 0.127160 1654.000000 1080.000000
0 54 0.835550 0.160648 0.033857 0.117593 0.125000 1654.000000 1080.000000
0 55 0.835248 0.157870 0.033253 0.117593 0.132810 1654.000000 1080.000000
0 56 0.834946 0.156019 0.032648 0.117593 0.132810 1654.000000 1080.000000
0 57 0.834341 0.154167 0.032648 0.117593 0.132810 1654.000000 1080.000000
0 58 0.834341 0.153241 0.032648 0.117593 0.140910 1654.000000 1080.000000
0 59 0.834341 0.152315 0.032648 0.117593 0.156820 1654.000000 1080.000000
0 60 0.834341 0.150463 0.032648 0.117593 0.169890 1654.000000 1080.000000
0 61 0.834341 0.149537 0.032648 0.117593 0.170600 1654.000000 1080.000000
0 62 0.834341 0.148611 0.032648 0.117593 0.184660 1654.000000 1080.000000
0 63 0.834341 0.147222 0.032648 0.118519 0.198310 1654.000000 1080.000000
0 64 0.834039 0.145833 0.032044 0.117593 0.202260 1654.000000 1080.000000
0 65 0.834039 0.144907 0.032044 0.117593 0.210650 1654.000000 1080.000000
0 66 0.834039 0.143519 0.032044 0.118519 0.225670 1654.000000 1080.000000
0 67 0.834039 0.142593 0.032044 0.118519 0.241600 1654.000000 1080.000000
0 68 0.834039 0.141204 0.032044 0.117593 0.251160 1654.000000 1080.000000
0 69 0.834039 0.139815 0.032044 0.118519 0.271320 1654.000000 1080.000000
0 70 0.834039 0.138889 0.032044 0.118519 0.277630 1654.000000 1080.000000
0 71 0.834039 0.137963 0.032044 0.118519 0.279360 1654.000000 1080.000000
0 72 0.834039 0.136111 0.032044 0.118519 0.295720 1654.000000 1080.000000
0 73 0.834039 0.135185 0.032044 0.118519 0.310080 1654.000000 1080.000000
0 74 0.834039 0.133333 0.032044 0.118519 0.327880 1654.000000 1080.000000
0 75 0.834039 0.132407 0.032044 0.118519 0.333760 1654.000000 1080.000000
0 76 0.834039 0.131481 0.032044 0.118519 0.343960 1654.000000 1080.000000
0 77 0.834039 0.129630 0.032044 0.118519 0.352860 1654.000000 1080.000000
0 78 0.834039 0.128704 0.032044 0.118519 0.371950 1654.000000 1080.000000
0 79 0.834039 0.126852 0.032044 0.118519 0.388750 1654.000000 1080.000000
0 80 0.834039 0.125926 0.032044 0.118519 0.391900 1654.000000 1080.000000
0 81 0.834039 0.125000 0.032044 0.118519 0.419750 1654.000000 1080.000000
0 82 0.834039 0.123148 0.032044 0.118519 0.431090 1654.000000 1080.000000
0 83 0.834039 0.122222 0.032044 0.118519 0.445020 1654.000000 1080.000000
0 84 0.834039 0.120370 0.032044 0.118519 0.459950 1654.000000 1080.000000
0 85 0.834039 0.119444 0.032044 0.118519 0.458800 1654.000000 1080.000000
0 86 0.834039 0.118519 0.032044 0.118519 0.463680 1654.000000 1080.000000
0 87 0.834039 0.116667 0.032044 0.118519 0.470430 1654.000000 1080.000000
0 88 0.834039 0.115741 0.032044 0.118519 0.485070 1654.000000 1080.000000
0 89 0.834039 0.113889 0.032044 0.118519 0.488080 1654.000000 1080.000000
0 90 0.834039 0.112963 0.032044 0.118519 0.483200 1654.000000 1080.000000
0 91 0.834039 0.112037 0.032044 0.118519 0.485070 1654.000000 1080.000000
0 92 0.833736 0.110185 0.032648 0.118519 0.480200 1654.000000 1080.000000
0 93 0.833736 0.108333 0.032648 0.118519 0.483440 1654.000000 1080.000000
0 94 0.833736 0.106481 0.032648 0.118519 0.477940 1654.000000 1080.000000
0 95 0.833434 0.105093 0.033253 0.117593 0.470560 1654.000000 1080.000000
0 96 0.833434 0.103704 0.033253 0.118519 0.465950 1654.000000 1080.000000
0 97 0.833434 0.101852 0.033253 0.118519 0.466360 1654.000000 1080.000000
0 98 0.833434 0.100463 0.033253 0.117593 0.453820 1654.000000 1080.000000
0 99 0.833132 0.098611 0.033857 0.117593 0.447920 1654.000000 1080.000000
0 100 0.833132 0.096759 0.033857 0.117593 0.448460 1654.000000 1080.000000
0 101 0.833132 0.095370 0.033857 0.118519 0.447570 1654.000000 1080.000000
0 102 0.832830 0.093981 0.034462 0.117593 0.427130 1654.000000 1080.000000
0 103 0.832830 0.092130 0.034462 0.117593 0.424300 1654.000000 1080.000000
0 104 0.832830 0.090278 0.034462 0.117593 0.428480 1654.000000 1080.000000
0 105 0.832830 0.089352 0.034462 0.117593 0.432110 1654.000000 1080.000000
0 106 0.832830 0.087500 0.034462 0.117593 0.439790 1654.000000 1080.000000
0 107 0.833434 0.086574 0.034462 0.117593 0.447470 1654.000000 1080.000000
0 108 0.834039 0.085648 0.034462 0.117593 0.447870 1654.000000 1080.000000
0 109 0.834643 0.083796 0.034462 0.117593 0.477370 1654.000000 1080.000000
0 110 0.835248 0.082870 0.034462 0.117593 0.510370 1654.000000 1080.000000
0 111 0.835852 0.081944 0.034462 0.117593 0.538520 1654.000000 1080.000000
0 112 0.836457 0.080093 0.034462 0.117593 0.574080 1654.000000 1080.000000
0 113 0.837062 0.079167 0.034462 0.117593 0.602910 1654.000000 1080.000000
0 114 0.837666 0.078241 0.034462 0.117593 0.619610 1654.000000 1080.000000
0 115 0.837666 0.076389 0.034462 0.117593 0.616240 1654.000000 1080.000000
0 116 0.837666 0.075463 0.034462 0.117593 0.594290 1654.000000 1080.000000
0 117 0.837666 0.074537 0.034462 0.117593 0.570180 1654.000000 1080.000000
0 118 0.837666 0.072685 0.034462 0.117593 0.551050 1654.000000 1080.000000
0 119 0.837969 0.071759 0.035067 0.117593 0.537080 1654.000000 1080.000000
0 120 0.837969 0.070833 0.035067 0.117593 0.518540 1654.000000 1080.000000
0 121 0.837969 0.068981 0.035067 0.117593 0.514830 1654.000000 1080.000000
0 122 0.838271 0.068056 0.034462 0.117593 0.504310 1654.000000 1080.000000
0 123 0.838271 0.067130 0.034462 0.117593 0.498920 1654.000000 1080.000000
0 124 0.838573 0.065278 0.035067 0.117593 0.504100 1654.000000 1080.000000
0 125 0.838573 0.064352 0.035067 0.117593 0.509530 1654.000000 1080.000000
0 126 0.838573 0.063426 0.035067 0.117593 0.511260 1654.000000 1080.000000
0 127 0.838573 0.061574 0.035067 0.117593 0.521320 1654.000000 1080.000000
0 128 0.838573 0.060648 0.035067 0.117593 0.517080 1654.000000 1080.000000
0 129 0.839178 0.059722 0.035067 0.117593 0.534960 1654.000000 1080.000000
0 130 0.839480 0.058796 0.035671 0.115741 0.528570 1654.000000 1080.000000
0 131 0.839782 0.057870 0.036276 0.113889 0.530410 1654.000000 1080.000000
0 132 0.840085 0.056944 0.036880 0.112037 0.529610 1654.000000 1080.000000
0 133 0.840689 0.056019 0.036880 0.110185 0.539110 1654.000000 1080.000000
0 134 0.840992 0.055556 0.037485 0.109259 0.522880 1654.000000 1080.000000
0 135 0.841294 0.054630 0.038089 0.107407 0.523240 1654.000000 1080.000000
0 136 0.841898 0.053704 0.038089 0.105556 0.521470 1654.000000 1080.000000
0 137 0.842201 0.052778 0.038694 0.103704 0.512190 1654.000000 1080.000000
0 138 0.842503 0.051852 0.039299 0.101852 0.503820 1654.000000 1080.000000
0 139 0.843410 0.051389 0.039903 0.100926 0.493490 1654.000000 1080.000000
0 140 0.843410 0.050463 0.039903 0.099074 0.492120 1654.000000 1080.000000
0 141 0.844015 0.050000 0.039903 0.098148 0.487380 1654.000000 1080.000000
0 142 0.844015 0.049074 0.039903 0.096296 0.473350 1654.000000 1080.000000
0 143 0.844619 0.048611 0.039903 0.095370 0.464270 1654.000000 1080.000000
0 144 0.844921 0.048148 0.039299 0.094444 0.440280 1654.000000 1080.000000
0 145 0.845224 0.047222 0.039903 0.092593 0.426630 1654.000000 1080.000000
0 146 0.845526 0.046759 0.039299 0.091667 0.438940 1654.000000 1080.000000
0 147 0.846131 0.046296 0.039299 0.090741 0.425930 1654.000000 1080.000000
0 148 0.846131 0.045370 0.039299 0.088889 0.432210 1654.000000 1080.000000
0 149 0.846735 0.044907 0.039299 0.087963 0.428030 1654.000000 1080.000000
0 150 0.847340 0.044444 0.039299 0.087037 0.416910 1654.000000 1080.000000
0 151 0.847642 0.043981 0.038694 0.086111 0.416690 1654.000000 1080.000000
0 152 0.848247 0.043519 0.038694 0.085185 0.389740 1654.000000 1080.000000
0 153 0.848851 0.043056 0.038694 0.084259 0.370740 1654.000000 1080.000000
0 154 0.849154 0.042593 0.038089 0.083333 0.342200 1654.000000 1080.000000
0 155 0.849758 0.042130 0.038089 0.082407 0.329690 1654.000000 1080.000000
0 156 0.850363 0.041667 0.038089 0.081481 0.318820 1654.000000 1080.000000
0 157 0.850665 0.041204 0.037485 0.080556 0.282830 1654.000000 1080.000000
0 158 0.851270 0.040741 0.037485 0.079630 0.263640 1654.000000 1080.000000
0 159 0.851874 0.040278 0.037485 0.078704 0.237360 1654.000000 1080.000000
0 160 0.852177 0.039815 0.036880 0.077778 0.244020 1654.000000 1080.000000
0 161 0.852781 0.039352 0.036880 0.076852 0.245580 1654.000000 1080.000000
0 162 0.853386 0.038889 0.036880 0.075926 0.241350 1654.000000 1080.000000
0 163 0.853688 0.038426 0.036276 0.075000 0.248700 1654.000000 1080.000000
0 164 0.854293 0.037963 0.036276 0.074074 0.233560 1654.000000 1080.000000
0 165 0.854897 0.037500 0.036276 0.073148 0.245080 1654.000000 1080.000000
0 166 0.855502 0.037500 0.036276 0.073148 0.235660 1654.000000 1080.000000
0 167 0.856106 0.036574 0.036276 0.071296 0.233080 1654.000000 1080.000000
0 168 0.856711 0.035648 0.036276 0.069444 0.235550 1654.000000 1080.000000
0 169 0.857920 0.035185 0.036276 0.068519 0.225140 1654.000000 1080.000000
0 170 0.858525 0.034259 0.036276 0.066667 0.217160 1654.000000 1080.000000
0 171 0.859129 0.033333 0.036276 0.064815 0.181250 1654.000000 1080.000000
0 172 0.860339 0.032870 0.036276 0.063889 0.159250 1654.000000 1080.000000
0 173 0.860943 0.031944 0.036276 0.062037 0.151160 1654.000000 1080.000000
0 174 0.861548 0.031019 0.036276 0.060185 0.155740 1654.000000 1080.000000
