0 1 0.011185 0.663426 0.021161 0.134259 0.320590 1654.000000 1080.000000
0 2 0.010883 0.656944 0.020556 0.134259 0.315460 1654.000000 1080.000000
0 3 0.010883 0.651389 0.020556 0.134259 0.305280 1654.000000 1080.000000
0 4 0.010580 0.645833 0.019952 0.134259 0.307820 1654.000000 1080.000000
0 5 0.010580 0.639352 0.019952 0.134259 0.304590 1654.000000 1080.000000
0 6 0.010580 0.633796 0.019952 0.134259 0.304590 1654.000000 1080.000000
0 7 0.010278 0.628241 0.019347 0.134259 0.297010 1654.000000 1080.000000
0 8 0.010278 0.621759 0.019347 0.134259 0.303860 1654.000000 1080.000000
0 9 0.009976 0.616204 0.018742 0.134259 0.309080 1654.000000 1080.000000
0 10 0.009976 0.610648 0.018742 0.134259 0.314000 1654.000000 1080.000000
0 11 0.009976 0.605093 0.018742 0.134259 0.316990 1654.000000 1080.000000
0 12 0.009674 0.600463 0.018138 0.134259 0.321920 1654.000000 1080.000000
0 13 0.009674 0.596759 0.018138 0.134259 0.315070 1654.000000 1080.000000
0 14 0.009674 0.593056 0.018138 0.134259 0.313080 1654.000000 1080.000000
0 15 0.009674 0.588426 0.018138 0.134259 0.315070 1654.000000 1080.000000
0 16 0.009674 0.584722 0.018138 0.134259 0.313080 1654.000000 1080.000000
0 17 0.009674 0.581019 0.018138 0.134259 0.308220 1654.000000 1080.000000
0 18 0.009371 0.576389 0.017533 0.134259 0.315070 1654.000000 1080.000000
0 19 0.009371 0.572685 0.017533 0.134259 0.315070 1654.000000 1080.000000
0 20 0.009371 0.568981 0.017533 0.134259 0.242470 1654.000000 1080.000000
0 21 0.009371 0.564352 0.017533 0.134259 0.249320 1654.000000 1080.000000
0 22 0.009371 0.560648 0.017533 0.134259 0.233560 1654.000000 1080.000000
0 23 0.009371 0.556944 0.017533 0.134259 0.222830 1654.000000 1080.000000
0 24 0.009371 0.553241 0.017533 0.134259 0.230140 1654.000000 1080.000000
0 25 0.009371 0.549537 0.017533 0.134259 0.219180 1654.000000 1080.000000
0 26 0.009674 0.546759 0.018138 0.134259 0.209460 1654.000000 1080.000000
0 27 0.009976 0.543981 0.018742 0.134259 0.215330 1654.000000 1080.000000
0 28 0.010278 0.541204 0.019347 0.134259 0.198630 1654.000000 1080.000000
0 29 0.010580 0.538426 0.019952 0.134259 0.186950 1654.000000 1080.000000
0 30 0.010883 0.535648 0.020556 0.134259 0.181410 1654.000000 1080.000000
0 31 0.010883 0.532407 0.020556 0.135185 0.180760 1654.000000 1080.000000
0 32 0.011185 0.529630 0.021161 0.135185 0.171580 1654.000000 1080.000000
0 33 0.011487 0.526852 0.021765 0.135185 0.170440 1654.000000 1080.000000
0 34 0.011790 0.524074 0.022370 0.135185 0.161300 1654.000000 1080.000000
0 35 0.012092 0.521296 0.022975 0.135185 0.156290 1654.000000 1080.000000
0 36 0.012394 0.518519 0.023579 0.135185 0.153740 1654.000000 1080.000000
0 37 0.012394 0.515741 0.023579 0.135185 0.150170 1654.000000 1080.000000
0 38 0.012696 0.512963 0.024184 0.135185 0.156960 1654.000000 1080.000000
0 39 0.012999 0.511111 0.024788 0.135185 0.148040 1654.000000 1080.000000
0 40 0.013301 0.508333 0.025393 0.135185 0.154090 1654.000000 1080.000000
0 41 0.013603 0.506481 0.025998 0.135185 0.145180 1654.000000 1080.000000
0 42 0.013906 0.503704 0.026602 0.135185 0.150570 1654.000000 1080.000000
0 43 0.014208 0.501852 0.027207 0.135185 0.141670 1654.000000 1080.000000
0 44 0.014510 0.499074 0.027811 0.135185 0.146480 1654.000000 1080.000000
0 45 0.014813 0.497222 0.028416 0.135185 0.144840 1654.000000 1080.000000
0 46 0.015115 0.494444 0.029021 0.135185 0.149660 1654.000000 1080.000000
0 47 0.015417 0.492593 0.029625 0.135185 0.145440 1654.000000 1080.000000
0 48 0.015719 0.489815 0.030230 0.135185 0.151130 1654.000000 1080.000000
0 49 0.016022 0.487963 0.030834 0.135185 0.149790 1654.000000 1080.000000
0 50 0.016324 0.485185 0.031439 0.135185 0.155560 1654.000000 1080.000000
0 51 0.016929 0.482407 0.032648 0.135185 0.161900 1654.000000 1080.000000
0 52 0.017231 0.479630 0.033253 0.135185 0.163390 1654.000000 1080.000000
0 53 0.017836 0.477778 0.034462 0.135185 0.163030 1654.000000 1080.000000
0 54 0.018138 0.475000 0.035067 0.135185 0.165340 1654.000000 1080.000000
0 55 0.019347 0.472222 0.035067 0.135185 0.178480 1654.000000 1080.000000
0 56 0.019952 0.469444 0.035067 0.135185 0.178950 1654.000000 1080.000000
0 57 0.021161 0.467593 0.035067 0.135185 0.186790 1654.000000 1080.000000
0 58 0.021765 0.464815 0.035067 0.135185 0.195090 1654.000000 1080.000000
0 59 0.022975 0.462037 0.035067 0.135185 0.210080 1654.000000 1080.000000
0 60 0.024184 0.460185 0.035067 0.135185 0.211690 1654.000000 1080.000000
0 61 0.024788 0.458333 0.035067 0.135185 0.213310 1654.000000 1080.000000
0 62 0.025998 0.456481 0.035067 0.135185 0.221950 1654.000000 1080.000000
0 63 0.027207 0.455556 0.035067 0.135185 0.219300 1654.000000 1080.000000
0 64 0.027811 0.453704 0.035067 0.135185 0.223220 1654.000000 1080.000000
0 65 0.029021 0.451852 0.035067 0.135185 0.225070 1654.000000 1080.000000
0 66 0.030230 0.450926 0.035067 0.135185 0.218960 1654.000000 1080.000000
0 67 0.031137 0.449074 0.034462 0.135185 0.224840 1654.000000 1080.000000
0 68 0.032044 0.447222 0.035067 0.135185 0.231410 1654.000000 1080.000000
0 69 0.033253 0.446296 0.035067 0.135185 0.222530 1654.000000 1080.000000
0 70 0.034160 0.444444 0.034462 0.135185 0.230240 1654.000000 1080.000000
0 71 0.035369 0.442593 0.034462 0.135185 0.237390 1654.000000 1080.000000
0 72 0.036276 0.441667 0.035067 0.135185 0.228290 1654.000000 1080.000000
0 73 0.037183 0.439815 0.034462 0.135185 0.235160 1654.000000 1080.000000
0 74 0.038392 0.437963 0.034462 0.135185 0.230820 1654.000000 1080.000000
0 75 0.039601 0.437037 0.034462 0.135185 0.230590 1654.000000 1080.000000
0 76 0.040206 0.435185 0.034462 0.135185 0.228710 1654.000000 1080.000000
0 77 0.040810 0.433333 0.034462 0.135185 0.232230 1654.000000 1080.000000
0 78 0.041415 0.431481 0.034462 0.135185 0.225190 1654.000000 1080.000000
0 79 0.042019 0.429630 0.034462 0.135185 0.230350 1654.000000 1080.000000
0 80 0.042926 0.428704 0.035067 0.135185 0.226910 1654.000000 1080.000000
0 81 0.043833 0.426852 0.034462 0.135185 0.231410 1654.000000 1080.000000
0 82 0.044438 0.425000 0.034462 0.135185 0.236570 1654.000000 1080.000000
0 83 0.045042 0.423148 0.034462 0.135185 0.232000 1654.000000 1080.000000
0 84 0.045949 0.422222 0.035067 0.135185 0.229100 1654.000000 1080.000000
0 85 0.046554 0.420370 0.035067 0.135185 0.232790 1654.000000 1080.000000
0 86 0.047158 0.418519 0.035067 0.135185 0.237060 1654.000000 1080.000000
0 87 0.048065 0.416667 0.034462 0.135185 0.237040 1654.000000 1080.000000
0 88 0.048670 0.414815 0.034462 0.135185 0.239740 1654.000000 1080.000000
0 89 0.049577 0.413889 0.035067 0.135185 0.232210 1654.000000 1080.000000
0 90 0.050181 0.412037 0.035067 0.135185 0.229680 1654.000000 1080.000000
0 91 0.050786 0.410185 0.035067 0.135185 0.228990 1654.000000 1080.000000
0 92 0.051391 0.408333 0.035067 0.135185 0.224370 1654.000000 1080.000000
0 93 0.052600 0.407407 0.035067 0.135185 0.226570 1654.000000 1080.000000
0 94 0.053204 0.404630 0.035067 0.135185 0.226570 1654.000000 1080.000000
0 95 0.053809 0.402778 0.035067 0.135185 0.224370 1654.000000 1080.000000
0 96 0.055018 0.400926 0.035067 0.135185 0.223680 1654.000000 1080.000000
0 97 0.055623 0.399074 0.035067 0.135185 0.226450 1654.000000 1080.000000
0 98 0.056227 0.397222 0.035067 0.135185 0.217000 1654.000000 1080.000000
0 99 0.057437 0.395370 0.035067 0.135185 0.223680 1654.000000 1080.000000
0 100 0.058041 0.393519 0.035067 0.135185 0.223680 1654.000000 1080.000000
0 101 0.058646 0.390741 0.035067 0.135185 0.228410 1654.000000 1080.000000
0 102 0.059855 0.388889 0.035067 0.135185 0.225760 1654.000000 1080.000000
0 103 0.060459 0.387037 0.035067 0.135185 0.228410 1654.000000 1080.000000
0 104 0.061064 0.385185 0.035067 0.135185 0.225870 1654.000000 1080.000000
0 105 0.062273 0.383333 0.035067 0.135185 0.232450 1654.000000 1080.000000
0 106 0.062878 0.381481 0.035067 0.135185 0.228060 1654.000000 1080.000000
0 107 0.063482 0.379630 0.035067 0.135185 0.237060 1654.000000 1080.000000
0 108 0.064692 0.377778 0.035067 0.135185 0.248470 1654.000000 1080.000000
0 109 0.065296 0.375926 0.035067 0.135185 0.251590 1654.000000 1080.000000
0 110 0.065901 0.374074 0.035067 0.135185 0.261620 1654.000000 1080.000000
0 111 0.067110 0.372222 0.035067 0.135185 0.257580 1654.000000 1080.000000
0 112 0.067715 0.370370 0.035067 0.135185 0.252390 1654.000000 1080.000000
0 113 0.068319 0.369444 0.035067 0.135185 0.242250 1654.000000 1080.000000
0 114 0.069528 0.367593 0.035067 0.135185 0.238210 1654.000000 1080.000000
0 115 0.070133 0.365741 0.035067 0.135185 0.233020 1654.000000 1080.000000
0 116 0.070738 0.363889 0.035067 0.135185 0.227370 1654.000000 1080.000000
0 117 0.071947 0.362037 0.035067 0.135185 0.222880 1654.000000 1080.000000
0 118 0.072551 0.361111 0.035067 0.135185 0.203270 1654.000000 1080.000000
0 119 0.073156 0.359259 0.035067 0.135185 0.203270 1654.000000 1080.000000
0 120 0.074365 0.357407 0.035067 0.135185 0.204310 1654.000000 1080.000000
0 121 0.074970 0.355556 0.035067 0.135185 0.204310 1654.000000 1080.000000
0 122 0.075574 0.353704 0.035067 0.135185 0.201660 1654.000000 1080.000000
0 123 0.076784 0.352778 0.035067 0.135185 0.199120 1654.000000 1080.000000
0 124 0.077388 0.350926 0.035067 0.135185 0.199120 1654.000000 1080.000000
0 125 0.078295 0.350000 0.034462 0.135185 0.197280 1654.000000 1080.000000
0 126 0.079202 0.348148 0.035067 0.135185 0.195430 1654.000000 1080.000000
0 127 0.080109 0.347222 0.034462 0.135185 0.189420 1654.000000 1080.000000
0 128 0.081016 0.345370 0.033857 0.135185 0.192740 1654.000000 1080.000000
0 129 0.081923 0.344444 0.034462 0.135185 0.186840 1654.000000 1080.000000
0 130 0.082830 0.342593 0.033857 0.135185 0.192620 1654.000000 1080.000000
0 131 0.083736 0.341667 0.033253 0.135185 0.192420 1654.000000 1080.000000
0 132 0.084643 0.339815 0.033857 0.135185 0.192150 1654.000000 1080.000000
0 133 0.085550 0.338889 0.033253 0.135185 0.193510 1654.000000 1080.000000
0 134 0.086457 0.337037 0.033857 0.135185 0.192620 1654.000000 1080.000000
0 135 0.087364 0.336111 0.033253 0.135185 0.196060 1654.000000 1080.000000
0 136 0.088271 0.334259 0.032648 0.135185 0.198890 1654.000000 1080.000000
0 137 0.089178 0.333333 0.033253 0.135185 0.202020 1654.000000 1080.000000
0 138 0.090085 0.331481 0.032648 0.135185 0.209400 1654.000000 1080.000000
0 139 0.090992 0.330556 0.032044 0.135185 0.213910 1654.000000 1080.000000
0 140 0.091898 0.328704 0.032648 0.135185 0.222760 1654.000000 1080.000000
0 141 0.092805 0.327778 0.032044 0.135185 0.229020 1654.000000 1080.000000
0 142 0.094015 0.326852 0.032044 0.135185 0.236210 1654.000000 1080.000000
0 143 0.094619 0.325926 0.032044 0.135185 0.236210 1654.000000 1080.000000
0 144 0.095224 0.325000 0.032044 0.135185 0.266190 1654.000000 1080.000000
0 145 0.095828 0.324074 0.032044 0.135185 0.269460 1654.000000 1080.000000
0 146 0.096433 0.323148 0.032044 0.135185 0.274630 1654.000000 1080.000000
0 147 0.097037 0.322222 0.032044 0.135185 0.274750 1654.000000 1080.000000
0 148 0.097944 0.321296 0.032648 0.135185 0.274580 1654.000000 1080.000000
0 149 0.098549 0.320370 0.032648 0.135185 0.276070 1654.000000 1080.000000
0 150 0.099456 0.319444 0.032044 0.135185 0.279540 1654.000000 1080.000000
0 151 0.100060 0.318519 0.032044 0.135185 0.279540 1654.000000 1080.000000
0 152 0.100665 0.317593 0.032044 0.135185 0.279420 1654.000000 1080.000000
0 153 0.101270 0.316667 0.032044 0.135185 0.279420 1654.000000 1080.000000
0 154 0.102177 0.316667 0.032648 0.135185 0.269020 1654.000000 1080.000000
0 155 0.102781 0.315741 0.032648 0.135185 0.270250 1654.000000 1080.000000
0 156 0.103386 0.314815 0.032648 0.135185 0.270250 1654.000000 1080.000000
0 157 0.103990 0.313889 0.032648 0.135185 0.266670 1654.000000 1080.000000
0 158 0.104897 0.312963 0.032044 0.135185 0.264930 1654.000000 1080.000000
0 159 0.105502 0.312037 0.032044 0.135185 0.266940 1654.000000 1080.000000
0 160 0.106409 0.311111 0.032648 0.135185 0.264690 1654.000000 1080.000000
0 161 0.107013 0.310185 0.032648 0.135185 0.263570 1654.000000 1080.000000
0 162 0.107618 0.309259 0.032648 0.135185 0.262460 1654.000000 1080.000000
0 163 0.108222 0.308333 0.032648 0.135185 0.262460 1654.000000 1080.000000
0 164 0.108827 0.307407 0.032648 0.135185 0.261470 1654.000000 1080.000000
0 165 0.110036 0.307407 0.032648 0.135185 0.249850 1654.000000 1080.000000
0 166 0.110641 0.306019 0.032648 0.134259 0.250440 1654.000000 1080.000000
0 167 0.111245 0.304630 0.032648 0.133333 0.259060 1654.000000 1080.000000
0 168 0.111850 0.303241 0.032648 0.132407 0.256190 1654.000000 1080.000000
0 169 0.112455 0.301852 0.032648 0.131481 0.257980 1654.000000 1080.000000
0 170 0.113362 0.300926 0.032044 0.131481 0.250710 1654.000000 1080.000000
0 171 0.113966 0.299537 0.032044 0.130556 0.252480 1654.000000 1080.000000
0 172 0.114571 0.298148 0.032044 0.129630 0.252430 1654.000000 1080.000000
0 173 0.115175 0.296759 0.032044 0.128704 0.251980 1654.000000 1080.000000
0 174 0.115780 0.295370 0.032044 0.127778 0.255800 1654.000000 1080.000000
0 175 0.116687 0.294444 0.031439 0.127778 0.252340 1654.000000 1080.000000
0 176 0.117291 0.293056 0.031439 0.126852 0.256630 1654.000000 1080.000000
0 177 0.117896 0.291667 0.031439 0.125926 0.257680 1654.000000 1080.000000
0 178 0.118501 0.290278 0.031439 0.125000 0.257350 1654.000000 1080.000000
0 179 0.119105 0.288889 0.031439 0.124074 0.192590 1654.000000 1080.000000
0 180 0.120314 0.287963 0.031439 0.124074 0.200420 1654.000000 1080.000000
0 181 0.120919 0.287037 0.031439 0.124074 0.200420 1654.000000 1080.000000
0 182 0.121524 0.286111 0.031439 0.124074 0.202520 1654.000000 1080.000000
0 183 0.122733 0.285185 0.031439 0.124074 0.203490 1654.000000 1080.000000
0 184 0.123337 0.284259 0.031439 0.124074 0.201540 1654.000000 1080.000000
0 185 0.124547 0.283333 0.031439 0.124074 0.204050 1654.000000 1080.000000
0 186 0.125151 0.282407 0.031439 0.124074 0.197340 1654.000000 1080.000000
0 187 0.125756 0.281481 0.031439 0.124074 0.260520 1654.000000 1080.000000
0 188 0.126965 0.280556 0.031439 0.124074 0.256880 1654.000000 1080.000000
0 189 0.127570 0.279630 0.031439 0.124074 0.255210 1654.000000 1080.000000
0 190 0.128779 0.279630 0.031439 0.124074 0.248080 1654.000000 1080.000000
0 191 0.129383 0.278704 0.031439 0.124074 0.246400 1654.000000 1080.000000
0 192 0.129988 0.277778 0.031439 0.124074 0.246400 1654.000000 1080.000000
0 193 0.131197 0.276852 0.031439 0.124074 0.242770 1654.000000 1080.000000
0 194 0.131802 0.275926 0.031439 0.124074 0.242770 1654.000000 1080.000000
0 195 0.133011 0.275000 0.031439 0.124074 0.236340 1654.000000 1080.000000
0 196 0.133615 0.274074 0.031439 0.124074 0.236340 1654.000000 1080.000000
0 197 0.134220 0.273148 0.031439 0.124074 0.235920 1654.000000 1080.000000
0 198 0.135429 0.272222 0.031439 0.124074 0.231030 1654.000000 1080.000000
0 199 0.136034 0.271296 0.031439 0.124074 0.238710 1654.000000 1080.000000
0 200 0.137243 0.271296 0.031439 0.124074 0.223620 1654.000000 1080.000000
0 201 0.137848 0.269444 0.031439 0.124074 0.231310 1654.000000 1080.000000
0 202 0.138452 0.268519 0.031439 0.124074 0.231310 1654.000000 1080.000000
0 203 0.139661 0.267593 0.031439 0.124074 0.226140 1654.000000 1080.000000
0 204 0.140266 0.266667 0.031439 0.124074 0.231870 1654.000000 1080.000000
0 205 0.141173 0.265741 0.032044 0.124074 0.228120 1654.000000 1080.000000
0 206 0.142080 0.264815 0.031439 0.124074 0.225020 1654.000000 1080.000000
0 207 0.142987 0.263889 0.032044 0.124074 0.219750 1654.000000 1080.000000
0 208 0.143894 0.262963 0.031439 0.124074 0.218730 1654.000000 1080.000000
0 209 0.144498 0.261111 0.031439 0.124074 0.229490 1654.000000 1080.000000
0 210 0.145405 0.260185 0.032044 0.124074 0.227160 1654.000000 1080.000000
0 211 0.146312 0.259259 0.031439 0.124074 0.225720 1654.000000 1080.000000
0 212 0.147219 0.258333 0.032044 0.124074 0.220580 1654.000000 1080.000000
0 213 0.147823 0.257407 0.032044 0.124074 0.217420 1654.000000 1080.000000
0 214 0.149033 0.256481 0.032044 0.124074 0.218930 1654.000000 1080.000000
0 215 0.149637 0.255556 0.032044 0.124074 0.212070 1654.000000 1080.000000
0 216 0.150846 0.254630 0.032044 0.124074 0.212070 1654.000000 1080.000000
0 217 0.151753 0.252778 0.031439 0.124074 0.224180 1654.000000 1080.000000
0 218 0.152963 0.251852 0.031439 0.124074 0.226970 1654.000000 1080.000000
0 219 0.153869 0.250926 0.030834 0.124074 0.229490 1654.000000 1080.000000
0 220 0.155079 0.250000 0.030834 0.124074 0.231480 1654.000000 1080.000000
0 221 0.156288 0.249074 0.030834 0.124074 0.238600 1654.000000 1080.000000
0 222 0.157195 0.247222 0.030230 0.124074 0.265360 1654.000000 1080.000000
0 223 0.158404 0.246296 0.030230 0.124074 0.273780 1654.000000 1080.000000
0 224 0.159311 0.245370 0.029625 0.124074 0.251850 1654.000000 1080.000000
0 225 0.160520 0.244444 0.029625 0.124074 0.248890 1654.000000 1080.000000
0 226 0.161729 0.243519 0.029625 0.124074 0.249780 1654.000000 1080.000000
0 227 0.162636 0.241667 0.029021 0.124074 0.261830 1654.000000 1080.000000
0 228 0.163845 0.240741 0.029021 0.124074 0.258810 1654.000000 1080.000000
0 229 0.164752 0.239815 0.028416 0.124074 0.263580 1654.000000 1080.000000
0 230 0.165961 0.238889 0.028416 0.124074 0.264510 1654.000000 1080.000000
0 231 0.167473 0.237963 0.027811 0.124074 0.248540 1654.000000 1080.000000
0 232 0.168077 0.236111 0.027811 0.124074 0.268090 1654.000000 1080.000000
0 233 0.169287 0.235185 0.027811 0.124074 0.264140 1654.000000 1080.000000
0 234 0.170496 0.233333 0.027811 0.124074 0.253740 1654.000000 1080.000000
0 235 0.171705 0.232407 0.027811 0.124074 0.253740 1654.000000 1080.000000
0 236 0.172914 0.230556 0.027811 0.124074 0.255320 1654.000000 1080.000000
0 237 0.173519 0.229630 0.027811 0.124074 0.257840 1654.000000 1080.000000
0 238 0.174728 0.227778 0.027811 0.124074 0.261470 1654.000000 1080.000000
0 239 0.175937 0.226852 0.027811 0.124074 0.260520 1654.000000 1080.000000
0 240 0.177146 0.225926 0.027811 0.124074 0.251220 1654.000000 1080.000000
0 241 0.178356 0.224074 0.027811 0.124074 0.250430 1654.000000 1080.000000
0 242 0.178960 0.223148 0.027811 0.124074 0.252010 1654.000000 1080.000000
0 243 0.180169 0.221296 0.027811 0.124074 0.257050 1654.000000 1080.000000
0 244 0.181378 0.220370 0.027811 0.124074 0.253740 1654.000000 1080.000000
0 245 0.182588 0.218519 0.027811 0.124074 0.257840 1654.000000 1080.000000
0 246 0.183797 0.217593 0.027811 0.124074 0.254530 1654.000000 1080.000000
0 247 0.185006 0.216667 0.027811 0.124074 0.243030 1654.000000 1080.000000
0 248 0.185611 0.214815 0.027811 0.124074 0.249330 1654.000000 1080.000000
0 249 0.186820 0.212963 0.027811 0.124074 0.262410 1654.000000 1080.000000
0 250 0.188029 0.212037 0.027811 0.124074 0.270450 1654.000000 1080.000000
0 251 0.189238 0.210185 0.027811 0.124074 0.242710 1654.000000 1080.000000
0 252 0.190447 0.209259 0.027811 0.124074 0.242550 1654.000000 1080.000000
0 253 0.191052 0.207407 0.027811 0.124074 0.246970 1654.000000 1080.000000
0 254 0.192261 0.205556 0.027811 0.124074 0.254370 1654.000000 1080.000000
0 255 0.193470 0.204630 0.027811 0.124074 0.244440 1654.000000 1080.000000
0 256 0.194680 0.202778 0.027811 0.124074 0.246970 1654.000000 1080.000000
0 257 0.195889 0.201852 0.027811 0.124074 0.239870 1654.000000 1080.000000
0 258 0.197098 0.200000 0.027811 0.124074 0.241920 1654.000000 1080.000000
0 259 0.197703 0.198148 0.027811 0.124074 0.243660 1654.000000 1080.000000
0 260 0.198912 0.197222 0.027811 0.124074 0.239560 1654.000000 1080.000000
0 261 0.200121 0.195370 0.027811 0.124074 0.234830 1654.000000 1080.000000
0 262 0.201330 0.194444 0.027811 0.124074 0.231210 1654.000000 1080.000000
0 263 0.202539 0.192593 0.027811 0.124074 0.231990 1654.000000 1080.000000
0 264 0.203748 0.191667 0.027811 0.124074 0.233570 1654.000000 1080.000000
0 265 0.204958 0.190741 0.027811 0.124074 0.236880 1654.000000 1080.000000
0 266 0.206771 0.189815 0.027811 0.124074 0.230890 1654.000000 1080.000000
0 267 0.207981 0.188889 0.027811 0.124074 0.231840 1654.000000 1080.000000
0 268 0.209794 0.187963 0.027811 0.124074 0.224430 1654.000000 1080.000000
0 269 0.211004 0.187037 0.027811 0.124074 0.220330 1654.000000 1080.000000
0 270 0.212817 0.186111 0.027811 0.124074 0.216230 1654.000000 1080.000000
0 271 0.214027 0.185185 0.027811 0.124074 0.216710 1654.000000 1080.000000
0 272 0.215840 0.184259 0.027811 0.124074 0.210870 1654.000000 1080.000000
0 273 0.217654 0.183333 0.027811 0.124074 0.204410 1654.000000 1080.000000
0 274 0.218863 0.182407 0.027811 0.124074 0.205830 1654.000000 1080.000000
0 275 0.220677 0.181481 0.027811 0.124074 0.200790 1654.000000 1080.000000
0 276 0.221886 0.180556 0.027811 0.124074 0.201730 1654.000000 1080.000000
0 277 0.223700 0.179630 0.027811 0.124074 0.200320 1654.000000 1080.000000
0 278 0.224909 0.178704 0.027811 0.124074 0.207250 1654.000000 1080.000000
0 279 0.226723 0.177778 0.027811 0.124074 0.194170 1654.000000 1080.000000
0 280 0.228537 0.176852 0.027811 0.124074 0.191960 1654.000000 1080.000000
0 281 0.229141 0.175000 0.027811 0.124074 0.201420 1654.000000 1080.000000
0 282 0.229746 0.174074 0.027811 0.124074 0.207570 1654.000000 1080.000000
0 283 0.230955 0.172222 0.027811 0.124074 0.216550 1654.000000 1080.000000
0 284 0.231560 0.171296 0.027811 0.124074 0.216230 1654.000000 1080.000000
0 285 0.232164 0.169444 0.027811 0.124074 0.228680 1654.000000 1080.000000
0 286 0.233374 0.168519 0.027811 0.124074 0.229310 1654.000000 1080.000000
0 287 0.233978 0.166667 0.027811 0.124074 0.240820 1654.000000 1080.000000
0 288 0.234583 0.165741 0.027811 0.124074 0.242710 1654.000000 1080.000000
0 289 0.235792 0.163889 0.027811 0.124074 0.245550 1654.000000 1080.000000
0 290 0.236397 0.162963 0.027811 0.124074 0.247600 1654.000000 1080.000000
0 291 0.237001 0.161111 0.027811 0.124074 0.254220 1654.000000 1080.000000
0 292 0.238210 0.160185 0.027811 0.124074 0.253740 1654.000000 1080.000000
0 293 0.238815 0.159259 0.027811 0.124074 0.259420 1654.000000 1080.000000
0 294 0.240024 0.158333 0.027811 0.124074 0.253740 1654.000000 1080.000000
0 295 0.241233 0.157407 0.027811 0.124074 0.255950 1654.000000 1080.000000
0 296 0.242443 0.156481 0.027811 0.124074 0.253110 1654.000000 1080.000000
0 297 0.243047 0.155556 0.027811 0.124074 0.256580 1654.000000 1080.000000
0 298 0.244256 0.154630 0.027811 0.124074 0.252320 1654.000000 1080.000000
0 299 0.245466 0.153704 0.027811 0.124074 0.251850 1654.000000 1080.000000
0 300 0.246675 0.152778 0.027811 0.124074 0.247750 1654.000000 1080.000000
0 301 0.247884 0.152778 0.027811 0.124074 0.240350 1654.000000 1080.000000
0 302 0.248489 0.151852 0.027811 0.124074 0.240350 1654.000000 1080.000000
0 303 0.249395 0.150926 0.028416 0.124074 0.239970 1654.000000 1080.000000
0 304 0.250000 0.150463 0.028416 0.125000 0.240350 1654.000000 1080.000000
0 305 0.251209 0.149537 0.028416 0.125000 0.236370 1654.000000 1080.000000
0 306 0.251814 0.149074 0.028416 0.125926 0.242700 1654.000000 1080.000000
0 307 0.252721 0.148611 0.029021 0.125000 0.236490 1654.000000 1080.000000
0 308 0.253628 0.148148 0.028416 0.125926 0.231450 1654.000000 1080.000000
0 309 0.254534 0.147222 0.029021 0.125926 0.235960 1654.000000 1080.000000
0 310 0.255441 0.146296 0.029625 0.125926 0.239270 1654.000000 1080.000000
0 311 0.256348 0.145833 0.029021 0.126852 0.238100 1654.000000 1080.000000
0 312 0.257255 0.144907 0.029625 0.126852 0.235220 1654.000000 1080.000000
0 313 0.257860 0.144907 0.029625 0.126852 0.231740 1654.000000 1080.000000
0 314 0.258767 0.143981 0.030230 0.126852 0.227200 1654.000000 1080.000000
0 315 0.259674 0.143519 0.029625 0.127778 0.231940 1654.000000 1080.000000
0 316 0.260580 0.142593 0.030230 0.127778 0.234170 1654.000000 1080.000000
0 317 0.261487 0.141667 0.030834 0.127778 0.233260 1654.000000 1080.000000
0 318 0.262394 0.141204 0.030230 0.128704 0.229690 1654.000000 1080.000000
0 319 0.263301 0.140741 0.030834 0.127778 0.228420 1654.000000 1080.000000
0 320 0.263906 0.140278 0.030834 0.128704 0.227470 1654.000000 1080.000000
0 321 0.265115 0.139352 0.030834 0.128704 0.223900 1654.000000 1080.000000
0 322 0.265719 0.138889 0.030834 0.129630 0.220540 1654.000000 1080.000000
0 323 0.266626 0.137963 0.031439 0.129630 0.228820 1654.000000 1080.000000
0 324 0.267836 0.137963 0.031439 0.129630 0.210090 1654.000000 1080.000000
0 325 0.268440 0.137037 0.031439 0.129630 0.211030 1654.000000 1080.000000
0 326 0.269045 0.136111 0.031439 0.129630 0.213300 1654.000000 1080.000000
0 327 0.269649 0.136111 0.031439 0.129630 0.207550 1654.000000 1080.000000
0 328 0.270254 0.135185 0.031439 0.129630 0.206210 1654.000000 1080.000000
0 329 0.270859 0.135185 0.031439 0.129630 0.204600 1654.000000 1080.000000
0 330 0.271463 0.134259 0.031439 0.129630 0.204600 1654.000000 1080.000000
0 331 0.272068 0.134259 0.031439 0.129630 0.200720 1654.000000 1080.000000
0 332 0.272672 0.133333 0.031439 0.129630 0.204600 1654.000000 1080.000000
0 333 0.273579 0.133333 0.032044 0.129630 0.198580 1654.000000 1080.000000
0 334 0.274184 0.132407 0.032044 0.129630 0.198580 1654.000000 1080.000000
0 335 0.274788 0.132407 0.032044 0.129630 0.198580 1654.000000 1080.000000
0 336 0.275393 0.131481 0.032044 0.129630 0.198580 1654.000000 1080.000000
0 337 0.275998 0.131481 0.032044 0.129630 0.198580 1654.000000 1080.000000
0 338 0.276602 0.130556 0.032044 0.129630 0.193850 1654.000000 1080.000000
0 339 0.277207 0.130556 0.032044 0.129630 0.186760 1654.000000 1080.000000
0 340 0.277811 0.129630 0.032044 0.129630 0.186760 1654.000000 1080.000000
0 341 0.278718 0.129630 0.032648 0.129630 0.180140 1654.000000 1080.000000
0 342 0.279323 0.128704 0.032648 0.129630 0.180140 1654.000000 1080.000000
0 343 0.279927 0.128704 0.032648 0.129630 0.173050 1654.000000 1080.000000
0 344 0.281137 0.127778 0.032648 0.129630 0.166340 1654.000000 1080.000000
0 345 0.281741 0.127778 0.032648 0.129630 0.163770 1654.000000 1080.000000
0 346 0.282950 0.126852 0.032648 0.129630 0.159120 1654.000000 1080.000000
0 347 0.283555 0.126852 0.032648 0.129630 0.149710 1654.000000 1080.000000
0 348 0.284160 0.126852 0.032648 0.129630 0.142620 1654.000000 1080.000000
0 349 0.285369 0.125926 0.032648 0.129630 0.142750 1654.000000 1080.000000
0 350 0.285973 0.125926 0.032648 0.129630 0.131010 1654.000000 1080.000000
0 351 0.287183 0.125000 0.032648 0.129630 0.128300 1654.000000 1080.000000
0 352 0.287787 0.125000 0.032648 0.129630 0.121210 1654.000000 1080.000000
0 353 0.288996 0.125000 0.032648 0.129630 0.109350 1654.000000 1080.000000
0 354 0.289601 0.124074 0.032648 0.129630 0.111150 1654.000000 1080.000000
0 355 0.290206 0.123148 0.032648 0.129630 0.106250 1654.000000 1080.000000
0 356 0.290810 0.123148 0.032648 0.129630 0.099162 1654.000000 1080.000000
0 357 0.291415 0.122222 0.032648 0.129630 0.100840 1654.000000 1080.000000
0 358 0.292624 0.122222 0.032648 0.129630 0.088717 1654.000000 1080.000000
0 359 0.293229 0.121296 0.032648 0.129630 0.088717 1654.000000 1080.000000
0 360 0.293833 0.120370 0.032648 0.129630 0.085106 1654.000000 1080.000000
0 361 0.294438 0.120370 0.032648 0.129630 0.078014 1654.000000 1080.000000
0 362 0.295647 0.119444 0.032648 0.129630 0.072856 1654.000000 1080.000000
0 363 0.296252 0.119444 0.032648 0.129630 0.067054 1654.000000 1080.000000
0 364 0.296856 0.118519 0.032648 0.129630 0.072856 1654.000000 1080.000000
0 365 0.297461 0.118519 0.032648 0.129630 0.060606 1654.000000 1080.000000
0 366 0.298670 0.117593 0.032648 0.129630 0.062540 1654.000000 1080.000000
0 367 0.299274 0.116667 0.032648 0.129630 0.063572 1654.000000 1080.000000
0 368 0.299879 0.116667 0.032648 0.129630 0.062669 1654.000000 1080.000000
0 369 0.300484 0.115741 0.032648 0.129630 0.064861 1654.000000 1080.000000
0 370 0.301088 0.115741 0.032648 0.129630 0.064088 1654.000000 1080.000000
0 371 0.302297 0.114815 0.032648 0.129630 0.061122 1654.000000 1080.000000
0 372 0.302902 0.114815 0.032648 0.129630 0.061122 1654.000000 1080.000000
0 373 0.303507 0.113889 0.032648 0.129630 0.063185 1654.000000 1080.000000
0 374 0.304111 0.112963 0.032648 0.129630 0.070277 1654.000000 1080.000000
0 375 0.305320 0.112963 0.032648 0.129630 0.060993 1654.000000 1080.000000
0 376 0.305925 0.112037 0.032648 0.129630 0.067956 1654.000000 1080.000000
0 377 0.306530 0.112037 0.032648 0.129630 0.063830 1654.000000 1080.000000
0 378 0.307134 0.111111 0.032648 0.129630 0.070922 1654.000000 1080.000000
0 379 0.308343 0.111111 0.032648 0.129630 0.056738 1654.000000 1080.000000
0 380 0.308343 0.109259 0.032648 0.129630 0.063830 1654.000000 1080.000000
0 381 0.308948 0.107870 0.032648 0.128704 0.057143 1654.000000 1080.000000
0 382 0.309553 0.106944 0.032648 0.128704 0.057143 1654.000000 1080.000000
0 383 0.310157 0.105093 0.032648 0.128704 0.064286 1654.000000 1080.000000
0 384 0.310762 0.104167 0.032648 0.128704 0.057143 1654.000000 1080.000000
0 385 0.311366 0.102778 0.032648 0.127778 0.061216 1654.000000 1080.000000
0 386 0.311971 0.101389 0.032648 0.128704 0.067922 1654.000000 1080.000000
0 387 0.312576 0.100000 0.032648 0.127778 0.061216 1654.000000 1080.000000
0 388 0.313180 0.098611 0.032648 0.126852 0.061528 1654.000000 1080.000000
0 389 0.313785 0.097222 0.032648 0.127778 0.068280 1654.000000 1080.000000
0 390 0.314389 0.095833 0.032648 0.126852 0.061528 1654.000000 1080.000000
0 391 0.314994 0.094907 0.032648 0.126852 0.061528 1654.000000 1080.000000
0 392 0.315599 0.093056 0.032648 0.126852 0.072069 1654.000000 1080.000000
0 393 0.316203 0.092130 0.032648 0.126852 0.065086 1654.000000 1080.000000
0 394 0.316808 0.090741 0.032648 0.125926 0.065295 1654.000000 1080.000000
0 395 0.317412 0.088889 0.032648 0.125926 0.072595 1654.000000 1080.000000
0 396 0.318017 0.087963 0.032648 0.125926 0.072329 1654.000000 1080.000000
0 397 0.318622 0.086574 0.032648 0.125000 0.072861 1654.000000 1080.000000
0 398 0.319226 0.085185 0.032648 0.125926 0.079363 1654.000000 1080.000000
0 399 0.319831 0.083796 0.032648 0.125000 0.083155 1654.000000 1080.000000
0 400 0.320435 0.082870 0.032648 0.125000 0.082754 1654.000000 1080.000000
0 401 0.321040 0.081019 0.032648 0.125000 0.090107 1654.000000 1080.000000
0 402 0.321644 0.079630 0.032648 0.124074 0.090774 1654.000000 1080.000000
0 403 0.322249 0.078704 0.032648 0.124074 0.090774 1654.000000 1080.000000
0 404 0.322854 0.076852 0.032648 0.124074 0.098182 1654.000000 1080.000000
0 405 0.323458 0.075926 0.032648 0.124074 0.101280 1654.000000 1080.000000
0 406 0.324063 0.074537 0.032648 0.123148 0.102040 1654.000000 1080.000000
0 407 0.324667 0.073148 0.032648 0.124074 0.108690 1654.000000 1080.000000
0 408 0.325272 0.071759 0.032648 0.123148 0.109500 1654.000000 1080.000000
0 409 0.325877 0.070370 0.032648 0.122222 0.110320 1654.000000 1080.000000
0 410 0.326481 0.068981 0.032648 0.123148 0.116960 1654.000000 1080.000000
0 411 0.327086 0.067593 0.032648 0.122222 0.117840 1654.000000 1080.000000
0 412 0.327690 0.066667 0.032648 0.122222 0.120980 1654.000000 1080.000000
0 413 0.328295 0.064815 0.032648 0.122222 0.128500 1654.000000 1080.000000
0 414 0.328900 0.063889 0.032648 0.122222 0.128500 1654.000000 1080.000000
0 415 0.329504 0.062500 0.032648 0.121296 0.128790 1654.000000 1080.000000
0 416 0.330109 0.061574 0.032648 0.121296 0.128100 1654.000000 1080.000000
0 417 0.330109 0.061111 0.032648 0.120370 0.124360 1654.000000 1080.000000
0 418 0.330713 0.060648 0.032648 0.119444 0.119580 1654.000000 1080.000000
0 419 0.331318 0.060185 0.032648 0.118519 0.109940 1654.000000 1080.000000
0 420 0.331923 0.060185 0.032648 0.118519 0.101340 1654.000000 1080.000000
0 421 0.332527 0.059722 0.032648 0.117593 0.100430 1654.000000 1080.000000
0 422 0.333132 0.059259 0.032648 0.116667 0.093343 1654.000000 1080.000000
0 423 0.333736 0.059259 0.032648 0.116667 0.091625 1654.000000 1080.000000
0 424 0.333736 0.058796 0.032648 0.115741 0.086580 1654.000000 1080.000000
0 425 0.334341 0.058333 0.032648 0.114815 0.085236 1654.000000 1080.000000
0 426 0.334946 0.057870 0.032648 0.113889 0.077859 1654.000000 1080.000000
0 427 0.335550 0.057870 0.032648 0.113889 0.076833 1654.000000 1080.000000
0 428 0.336155 0.057407 0.032648 0.112963 0.069327 1654.000000 1080.000000
0 429 0.336759 0.056944 0.032648 0.112037 0.069896 1654.000000 1080.000000
0 430 0.337364 0.056944 0.032648 0.112037 0.061699 1654.000000 1080.000000
0 431 0.337364 0.055556 0.032648 0.109259 0.054851 1654.000000 1080.000000
0 432 0.337969 0.054630 0.032648 0.107407 0.055789 1654.000000 1080.000000
0 433 0.338573 0.053704 0.032648 0.105556 0.048063 1654.000000 1080.000000
0 434 0.339178 0.052778 0.032648 0.103704 0.047788 1654.000000 1080.000000
0 435 0.339782 0.051389 0.032648 0.100926 0.041157 1654.000000 1080.000000
0 436 0.340387 0.050463 0.032648 0.099074 0.040741 1654.000000 1080.000000
0 437 0.340992 0.049537 0.032648 0.097222 0.032075 1654.000000 1080.000000
0 438 0.341596 0.048611 0.032648 0.095370 0.032692 1654.000000 1080.000000
0 439 0.342201 0.047685 0.032648 0.093519 0.022282 1654.000000 1080.000000
0 440 0.342503 0.046296 0.032044 0.090741 0.021886 1654.000000 1080.000000
0 441 0.343108 0.045370 0.032044 0.088889 0.010691 1654.000000 1080.000000
0 442 0.343712 0.044444 0.032044 0.087037 0.009552 1654.000000 1080.000000
0 443 0.344317 0.043519 0.032044 0.085185 0.005974 1654.000000 1080.000000
0 444 0.344921 0.042593 0.032044 0.083333 0.004884 1654.000000 1080.000000
0 445 0.345526 0.041204 0.032044 0.080556 0.002525 1654.000000 1080.000000
0 446 0.346131 0.040278 0.032044 0.078704 0.001292 1654.000000 1080.000000
0 447 0.346735 0.039352 0.032044 0.076852 0.000000 1654.000000 1080.000000
0 448 0.347340 0.038426 0.032044 0.075000 0.000000 1654.000000 1080.000000
