0 54 0.002116 0.437500 0.003023 0.165741 0.316670 1654.000000 1080.000000
0 55 0.002418 0.435648 0.003628 0.165741 0.322220 1654.000000 1080.000000
0 56 0.002721 0.433796 0.004232 0.165741 0.322220 1654.000000 1080.000000
0 57 0.003023 0.431944 0.004837 0.165741 0.330250 1654.000000 1080.000000
0 58 0.003325 0.429167 0.005441 0.165741 0.335560 1654.000000 1080.000000
0 59 0.003628 0.427315 0.006046 0.165741 0.340400 1654.000000 1080.000000
0 60 0.004232 0.425463 0.007255 0.165741 0.342740 1654.000000 1080.000000
0 61 0.004534 0.423611 0.007860 0.165741 0.343650 1654.000000 1080.000000
0 62 0.004837 0.420833 0.008464 0.165741 0.353700 1654.000000 1080.000000
0 63 0.005139 0.418981 0.009069 0.165741 0.357990 1654.000000 1080.000000
0 64 0.005441 0.417130 0.009674 0.165741 0.352940 1654.000000 1080.000000
0 65 0.005744 0.415278 0.010278 0.165741 0.355560 1654.000000 1080.000000
0 66 0.006348 0.413426 0.011487 0.165741 0.355560 1654.000000 1080.000000
0 67 0.006651 0.410648 0.012092 0.165741 0.361110 1654.000000 1080.000000
0 68 0.007255 0.408796 0.013301 0.165741 0.361110 1654.000000 1080.000000
0 69 0.007557 0.406019 0.013906 0.165741 0.366670 1654.000000 1080.000000
0 70 0.008162 0.404167 0.015115 0.165741 0.366670 1654.000000 1080.000000
0 71 0.008767 0.402315 0.016324 0.165741 0.366670 1654.000000 1080.000000
0 72 0.009069 0.399537 0.016929 0.165741 0.372220 1654.000000 1080.000000
0 73 0.009674 0.397685 0.018138 0.165741 0.372220 1654.000000 1080.000000
0 74 0.009976 0.394907 0.018742 0.165741 0.377780 1654.000000 1080.000000
0 75 0.010580 0.393056 0.019952 0.165741 0.377780 1654.000000 1080.000000
0 76 0.011185 0.391204 0.021161 0.165741 0.372220 1654.000000 1080.000000
0 77 0.011487 0.388426 0.021765 0.165741 0.377780 1654.000000 1080.000000
0 78 0.012092 0.386111 0.022975 0.164815 0.379890 1654.000000 1080.000000
0 79 0.012696 0.383796 0.024184 0.165741 0.382930 1654.000000 1080.000000
0 80 0.013301 0.381481 0.025393 0.164815 0.384960 1654.000000 1080.000000
0 81 0.013906 0.379167 0.026602 0.165741 0.388400 1654.000000 1080.000000
0 82 0.014208 0.376852 0.027207 0.164815 0.390580 1654.000000 1080.000000
0 83 0.014813 0.374537 0.028416 0.165741 0.393750 1654.000000 1080.000000
0 84 0.015417 0.372222 0.029625 0.164815 0.396200 1654.000000 1080.000000
0 85 0.016022 0.369907 0.030834 0.165741 0.399470 1654.000000 1080.000000
0 86 0.016626 0.367593 0.032044 0.164815 0.401610 1654.000000 1080.000000
0 87 0.017231 0.365741 0.033253 0.164815 0.401640 1654.000000 1080.000000
0 88 0.017533 0.362963 0.033857 0.164815 0.402230 1654.000000 1080.000000
0 89 0.017836 0.361111 0.034462 0.164815 0.396650 1654.000000 1080.000000
0 90 0.018440 0.358333 0.035671 0.164815 0.396650 1654.000000 1080.000000
0 91 0.018742 0.356481 0.036276 0.164815 0.391060 1654.000000 1080.000000
0 92 0.019347 0.353704 0.037485 0.164815 0.391060 1654.000000 1080.000000
0 93 0.019649 0.351852 0.038089 0.164815 0.393680 1654.000000 1080.000000
0 94 0.020254 0.349074 0.039299 0.164815 0.396310 1654.000000 1080.000000
0 95 0.020556 0.347222 0.039903 0.164815 0.393480 1654.000000 1080.000000
0 96 0.021161 0.344444 0.041112 0.164815 0.398830 1654.000000 1080.000000
0 97 0.021463 0.342593 0.041717 0.164815 0.396170 1654.000000 1080.000000
0 98 0.022672 0.340741 0.041717 0.164815 0.393060 1654.000000 1080.000000
0 99 0.023277 0.337037 0.041717 0.162963 0.397500 1654.000000 1080.000000
0 100 0.023881 0.333796 0.041717 0.162037 0.397730 1654.000000 1080.000000
0 101 0.024788 0.330556 0.041112 0.161111 0.400990 1654.000000 1080.000000
0 102 0.025695 0.327315 0.041717 0.160185 0.403120 1654.000000 1080.000000
0 103 0.026300 0.324537 0.041717 0.158333 0.402410 1654.000000 1080.000000
0 104 0.027207 0.321296 0.041112 0.157407 0.408340 1654.000000 1080.000000
0 105 0.028114 0.318056 0.041717 0.156481 0.413030 1654.000000 1080.000000
0 106 0.029021 0.314815 0.041112 0.155556 0.412660 1654.000000 1080.000000
0 107 0.029625 0.312037 0.041112 0.153704 0.350080 1654.000000 1080.000000
0 108 0.030532 0.308796 0.041717 0.152778 0.348540 1654.000000 1080.000000
0 109 0.031439 0.305556 0.041112 0.151852 0.351250 1654.000000 1080.000000
0 110 0.032044 0.302315 0.041112 0.150926 0.354630 1654.000000 1080.000000
0 111 0.033253 0.299537 0.041112 0.149074 0.357040 1654.000000 1080.000000
0 112 0.033857 0.296759 0.041112 0.149074 0.354800 1654.000000 1080.000000
0 113 0.034462 0.294907 0.041112 0.149074 0.356680 1654.000000 1080.000000
0 114 0.035671 0.293056 0.041112 0.149074 0.356680 1654.000000 1080.000000
0 115 0.036276 0.291204 0.041112 0.149074 0.353280 1654.000000 1080.000000
0 116 0.037485 0.289352 0.041112 0.149074 0.360710 1654.000000 1080.000000
0 117 0.038089 0.287500 0.041112 0.149074 0.357220 1654.000000 1080.000000
0 118 0.039299 0.285648 0.041112 0.149074 0.357220 1654.000000 1080.000000
0 119 0.039903 0.283796 0.041112 0.149074 0.353730 1654.000000 1080.000000
0 120 0.041112 0.281944 0.041112 0.149074 0.361160 1654.000000 1080.000000
0 121 0.041717 0.280093 0.041112 0.149074 0.357580 1654.000000 1080.000000
0 122 0.042926 0.278241 0.041112 0.149074 0.357580 1654.000000 1080.000000
0 123 0.043531 0.275463 0.041112 0.149074 0.363930 1654.000000 1080.000000
0 124 0.044740 0.273611 0.041112 0.149074 0.367600 1654.000000 1080.000000
0 125 0.045647 0.270833 0.041717 0.149074 0.375130 1654.000000 1080.000000
0 126 0.046554 0.268981 0.041112 0.149074 0.377620 1654.000000 1080.000000
0 127 0.047461 0.266204 0.041717 0.149074 0.385190 1654.000000 1080.000000
0 128 0.048670 0.264352 0.041717 0.149074 0.385190 1654.000000 1080.000000
0 129 0.049577 0.261574 0.042322 0.149074 0.392710 1654.000000 1080.000000
0 130 0.050484 0.259722 0.041717 0.149074 0.397530 1654.000000 1080.000000
0 131 0.051391 0.256944 0.042322 0.149074 0.405060 1654.000000 1080.000000
0 132 0.052600 0.255093 0.042322 0.149074 0.410280 1654.000000 1080.000000
0 133 0.053809 0.253241 0.042322 0.149074 0.415840 1654.000000 1080.000000
0 134 0.055018 0.251389 0.042322 0.149074 0.421140 1654.000000 1080.000000
0 135 0.056227 0.250463 0.042322 0.149074 0.416880 1654.000000 1080.000000
0 136 0.058041 0.249537 0.042322 0.149074 0.419840 1654.000000 1080.000000
0 137 0.059250 0.248611 0.042322 0.149074 0.421490 1654.000000 1080.000000
0 138 0.061064 0.247685 0.042322 0.149074 0.426100 1654.000000 1080.000000
0 139 0.062273 0.246759 0.042322 0.149074 0.424100 1654.000000 1080.000000
0 140 0.063482 0.245833 0.042322 0.149074 0.428620 1654.000000 1080.000000
0 141 0.065296 0.244907 0.042322 0.149074 0.432010 1654.000000 1080.000000
0 142 0.066505 0.243981 0.042322 0.149074 0.430270 1654.000000 1080.000000
0 143 0.068319 0.243056 0.042322 0.149074 0.440880 1654.000000 1080.000000
0 144 0.069528 0.242130 0.042322 0.149074 0.437920 1654.000000 1080.000000
0 145 0.071342 0.241204 0.042322 0.149074 0.443310 1654.000000 1080.000000
0 146 0.071947 0.240278 0.042322 0.149074 0.436530 1654.000000 1080.000000
0 147 0.073156 0.239352 0.042322 0.149074 0.438620 1654.000000 1080.000000
0 148 0.074063 0.238426 0.041717 0.149074 0.438450 1654.000000 1080.000000
0 149 0.075272 0.237500 0.041717 0.149074 0.437390 1654.000000 1080.000000
0 150 0.076179 0.236574 0.042322 0.149074 0.438450 1654.000000 1080.000000
0 151 0.077086 0.235648 0.041717 0.149074 0.435270 1654.000000 1080.000000
0 152 0.078295 0.234722 0.041717 0.149074 0.434570 1654.000000 1080.000000
0 153 0.079504 0.234722 0.041717 0.149074 0.431480 1654.000000 1080.000000
0 154 0.080109 0.232870 0.041717 0.149074 0.433330 1654.000000 1080.000000
0 155 0.081318 0.231019 0.041717 0.149074 0.442150 1654.000000 1080.000000
0 156 0.081923 0.229167 0.041717 0.149074 0.444440 1654.000000 1080.000000
0 157 0.083132 0.228241 0.041717 0.149074 0.447090 1654.000000 1080.000000
0 158 0.084341 0.226389 0.041717 0.149074 0.456350 1654.000000 1080.000000
0 159 0.084946 0.224537 0.041717 0.149074 0.459440 1654.000000 1080.000000
0 160 0.086155 0.223611 0.041717 0.149074 0.459440 1654.000000 1080.000000
0 161 0.086759 0.221759 0.041717 0.149074 0.464370 1654.000000 1080.000000
0 162 0.087969 0.219907 0.041717 0.149074 0.470550 1654.000000 1080.000000
0 163 0.089178 0.218981 0.041717 0.149074 0.473190 1654.000000 1080.000000
0 164 0.089480 0.218056 0.042322 0.149074 0.467220 1654.000000 1080.000000
0 165 0.090085 0.217130 0.042322 0.149074 0.466010 1654.000000 1080.000000
0 166 0.090689 0.216204 0.042322 0.149074 0.460180 1654.000000 1080.000000
0 167 0.091294 0.215278 0.042322 0.149074 0.458700 1654.000000 1080.000000
0 168 0.091898 0.214352 0.042322 0.149074 0.452790 1654.000000 1080.000000
0 169 0.092503 0.214352 0.042322 0.149074 0.443400 1654.000000 1080.000000
0 170 0.093108 0.213426 0.042322 0.149074 0.440710 1654.000000 1080.000000
0 171 0.093712 0.212500 0.042322 0.149074 0.437490 1654.000000 1080.000000
0 172 0.094317 0.211574 0.042322 0.149074 0.431580 1654.000000 1080.000000
0 173 0.094921 0.210648 0.042322 0.149074 0.428790 1654.000000 1080.000000
0 174 0.095526 0.210648 0.042322 0.149074 0.422620 1654.000000 1080.000000
0 175 0.096131 0.208796 0.042322 0.149074 0.425670 1654.000000 1080.000000
0 176 0.097340 0.207870 0.042322 0.149074 0.431580 1654.000000 1080.000000
0 177 0.098549 0.206944 0.042322 0.149074 0.434360 1654.000000 1080.000000
0 178 0.099154 0.206019 0.042322 0.149074 0.434360 1654.000000 1080.000000
0 179 0.100363 0.204167 0.042322 0.149074 0.443660 1654.000000 1080.000000
0 180 0.101572 0.203241 0.042322 0.149074 0.446440 1654.000000 1080.000000
0 181 0.102177 0.202315 0.042322 0.149074 0.446440 1654.000000 1080.000000
0 182 0.103386 0.201389 0.042322 0.149074 0.450970 1654.000000 1080.000000
0 183 0.104595 0.199537 0.042322 0.149074 0.462960 1654.000000 1080.000000
0 184 0.105200 0.198611 0.042322 0.149074 0.459920 1654.000000 1080.000000
0 185 0.106409 0.197685 0.042322 0.149074 0.465750 1654.000000 1080.000000
0 186 0.107618 0.196759 0.042322 0.149074 0.468790 1654.000000 1080.000000
0 187 0.107013 0.194907 0.042322 0.149074 0.457830 1654.000000 1080.000000
0 188 0.107013 0.193056 0.042322 0.149074 0.458180 1654.000000 1080.000000
0 189 0.106711 0.191204 0.041717 0.149074 0.449560 1654.000000 1080.000000
0 190 0.106711 0.189352 0.041717 0.149074 0.451320 1654.000000 1080.000000
0 191 0.106409 0.187500 0.042322 0.149074 0.448440 1654.000000 1080.000000
0 192 0.106106 0.185648 0.041717 0.149074 0.442680 1654.000000 1080.000000
0 193 0.106106 0.183796 0.041717 0.149074 0.440300 1654.000000 1080.000000
0 194 0.106106 0.182870 0.041717 0.149074 0.431660 1654.000000 1080.000000
0 195 0.106106 0.181944 0.041717 0.149074 0.422490 1654.000000 1080.000000
0 196 0.106711 0.181019 0.041717 0.149074 0.422490 1654.000000 1080.000000
0 197 0.107316 0.180093 0.041717 0.149074 0.422840 1654.000000 1080.000000
0 198 0.107618 0.179167 0.041112 0.149074 0.415640 1654.000000 1080.000000
0 199 0.108222 0.178241 0.041112 0.149074 0.412950 1654.000000 1080.000000
0 200 0.108827 0.177315 0.041112 0.149074 0.413310 1654.000000 1080.000000
0 201 0.109432 0.176389 0.041112 0.149074 0.412780 1654.000000 1080.000000
0 202 0.109734 0.175463 0.040508 0.149074 0.409590 1654.000000 1080.000000
0 203 0.110339 0.174537 0.040508 0.149074 0.410040 1654.000000 1080.000000
0 204 0.110943 0.173611 0.040508 0.149074 0.408040 1654.000000 1080.000000
0 205 0.111245 0.172685 0.039903 0.149074 0.407130 1654.000000 1080.000000
0 206 0.111850 0.171759 0.039903 0.149074 0.410630 1654.000000 1080.000000
0 207 0.112455 0.170833 0.039903 0.149074 0.415790 1654.000000 1080.000000
0 208 0.113059 0.170370 0.039903 0.148148 0.415780 1654.000000 1080.000000
0 209 0.113059 0.169444 0.039903 0.148148 0.405120 1654.000000 1080.000000
0 210 0.113664 0.168519 0.039903 0.148148 0.405120 1654.000000 1080.000000
0 211 0.113664 0.167593 0.039903 0.148148 0.397240 1654.000000 1080.000000
0 212 0.114268 0.166667 0.039903 0.148148 0.398910 1654.000000 1080.000000
0 213 0.114873 0.165741 0.039903 0.148148 0.399740 1654.000000 1080.000000
0 214 0.114873 0.164815 0.039903 0.148148 0.397140 1654.000000 1080.000000
0 215 0.115478 0.163889 0.039903 0.148148 0.393530 1654.000000 1080.000000
0 216 0.115478 0.162963 0.039903 0.148148 0.390930 1654.000000 1080.000000
0 217 0.116082 0.162037 0.039903 0.148148 0.391680 1654.000000 1080.000000
0 218 0.116687 0.161111 0.039903 0.148148 0.389170 1654.000000 1080.000000
0 219 0.116687 0.160185 0.039903 0.148148 0.385460 1654.000000 1080.000000
0 220 0.117291 0.159259 0.039903 0.148148 0.387410 1654.000000 1080.000000
0 221 0.117896 0.159259 0.039903 0.148148 0.549090 1654.000000 1080.000000
0 222 0.118198 0.157407 0.039299 0.148148 0.555990 1654.000000 1080.000000
0 223 0.118803 0.155556 0.039299 0.148148 0.557590 1654.000000 1080.000000
0 224 0.119407 0.154630 0.039299 0.148148 0.556750 1654.000000 1080.000000
0 225 0.120012 0.152778 0.039299 0.148148 0.557880 1654.000000 1080.000000
0 226 0.120617 0.151852 0.039299 0.148148 0.555430 1654.000000 1080.000000
0 227 0.120919 0.150000 0.038694 0.148148 0.556240 1654.000000 1080.000000
0 228 0.121524 0.148148 0.038694 0.148148 0.562260 1654.000000 1080.000000
0 229 0.122430 0.147222 0.038089 0.148148 0.556770 1654.000000 1080.000000
0 230 0.123035 0.145370 0.038089 0.148148 0.560360 1654.000000 1080.000000
0 231 0.123640 0.144444 0.038089 0.148148 0.556870 1654.000000 1080.000000
0 232 0.123942 0.142593 0.037485 0.148148 0.560090 1654.000000 1080.000000
0 233 0.124547 0.140741 0.037485 0.148148 0.562650 1654.000000 1080.000000
0 234 0.125151 0.139815 0.037485 0.148148 0.562950 1654.000000 1080.000000
0 235 0.125756 0.137963 0.037485 0.148148 0.571330 1654.000000 1080.000000
0 236 0.126663 0.137037 0.036880 0.148148 0.555200 1654.000000 1080.000000
0 237 0.126663 0.134722 0.036880 0.147222 0.562900 1654.000000 1080.000000
0 238 0.127267 0.133333 0.036880 0.146296 0.563400 1654.000000 1080.000000
0 239 0.127872 0.131019 0.036880 0.145370 0.567580 1654.000000 1080.000000
0 240 0.128476 0.129630 0.036880 0.144444 0.565440 1654.000000 1080.000000
0 241 0.129081 0.127315 0.036880 0.143519 0.522130 1654.000000 1080.000000
0 242 0.129383 0.125926 0.036276 0.142593 0.525330 1654.000000 1080.000000
0 243 0.129988 0.123611 0.036276 0.141667 0.536940 1654.000000 1080.000000
0 244 0.130593 0.122222 0.036276 0.140741 0.542480 1654.000000 1080.000000
0 245 0.131197 0.119907 0.036276 0.139815 0.552200 1654.000000 1080.000000
0 246 0.131802 0.118519 0.036276 0.138889 0.560850 1654.000000 1080.000000
0 247 0.132406 0.117130 0.036276 0.137963 0.568740 1654.000000 1080.000000
0 248 0.132406 0.115278 0.036276 0.137963 0.568740 1654.000000 1080.000000
0 249 0.133011 0.113426 0.036276 0.137963 0.580550 1654.000000 1080.000000
0 250 0.133313 0.111574 0.036880 0.137963 0.580540 1654.000000 1080.000000
0 251 0.133615 0.109722 0.036276 0.137963 0.586560 1654.000000 1080.000000
0 252 0.134220 0.107870 0.036276 0.137963 0.599020 1654.000000 1080.000000
0 253 0.134522 0.106944 0.036880 0.137963 0.596770 1654.000000 1080.000000
0 254 0.134825 0.105093 0.036276 0.137963 0.603830 1654.000000 1080.000000
0 255 0.135429 0.103241 0.036276 0.137963 0.612350 1654.000000 1080.000000
0 256 0.135732 0.101389 0.036880 0.137963 0.617420 1654.000000 1080.000000
0 257 0.136034 0.099537 0.036276 0.137963 0.621860 1654.000000 1080.000000
0 258 0.136336 0.098611 0.036880 0.137963 0.622690 1654.000000 1080.000000
0 259 0.136941 0.096759 0.036880 0.137963 0.641290 1654.000000 1080.000000
0 260 0.137243 0.094907 0.036276 0.137963 0.646120 1654.000000 1080.000000
0 261 0.137545 0.093056 0.036880 0.137963 0.646020 1654.000000 1080.000000
0 262 0.138150 0.091204 0.036880 0.137963 0.657200 1654.000000 1080.000000
0 263 0.138755 0.090278 0.036880 0.137963 0.655270 1654.000000 1080.000000
0 264 0.139359 0.089352 0.036880 0.137963 0.653550 1654.000000 1080.000000
0 265 0.139964 0.088426 0.036880 0.137963 0.653440 1654.000000 1080.000000
0 266 0.140568 0.087500 0.036880 0.137963 0.653760 1654.000000 1080.000000
0 267 0.141173 0.086574 0.036880 0.137963 0.648600 1654.000000 1080.000000
0 268 0.141778 0.085648 0.036880 0.137963 0.633870 1654.000000 1080.000000
0 269 0.142382 0.084722 0.036880 0.137963 0.632580 1654.000000 1080.000000
0 270 0.142987 0.083796 0.036880 0.137963 0.675380 1654.000000 1080.000000
0 271 0.143591 0.082870 0.036880 0.137963 0.667100 1654.000000 1080.000000
0 272 0.144196 0.082870 0.036880 0.137963 0.649780 1654.000000 1080.000000
0 273 0.144800 0.081944 0.036880 0.137963 0.650320 1654.000000 1080.000000
0 274 0.145405 0.081019 0.036880 0.137963 0.646560 1654.000000 1080.000000
0 275 0.146010 0.080093 0.036880 0.137963 0.646770 1654.000000 1080.000000
0 276 0.146614 0.079167 0.036880 0.137963 0.647630 1654.000000 1080.000000
0 277 0.147219 0.078241 0.036880 0.137963 0.623120 1654.000000 1080.000000
0 278 0.147823 0.077315 0.036880 0.137963 0.616450 1654.000000 1080.000000
0 279 0.148428 0.076389 0.036880 0.137963 0.594090 1654.000000 1080.000000
0 280 0.149335 0.076389 0.036276 0.137963 0.588420 1654.000000 1080.000000
0 281 0.149335 0.075000 0.036276 0.137037 0.584990 1654.000000 1080.000000
0 282 0.149940 0.073611 0.036276 0.136111 0.564130 1654.000000 1080.000000
0 283 0.149940 0.072685 0.036276 0.134259 0.565010 1654.000000 1080.000000
0 284 0.150544 0.071296 0.036276 0.133333 0.555570 1654.000000 1080.000000
0 285 0.151149 0.070833 0.036276 0.132407 0.530740 1654.000000 1080.000000
0 286 0.151149 0.069444 0.036276 0.131481 0.537320 1654.000000 1080.000000
0 287 0.151753 0.068519 0.036276 0.129630 0.527030 1654.000000 1080.000000
0 288 0.151753 0.067130 0.036276 0.128704 0.520370 1654.000000 1080.000000
0 289 0.152358 0.066667 0.036276 0.127778 0.510670 1654.000000 1080.000000
0 290 0.152963 0.065278 0.036276 0.126852 0.490260 1654.000000 1080.000000
0 291 0.152963 0.064352 0.036276 0.125000 0.494940 1654.000000 1080.000000
0 292 0.153567 0.062963 0.036276 0.124074 0.489860 1654.000000 1080.000000
0 293 0.154172 0.062500 0.036276 0.123148 0.467820 1654.000000 1080.000000
0 294 0.154776 0.061111 0.036276 0.120370 0.474410 1654.000000 1080.000000
0 295 0.155985 0.060185 0.036276 0.118519 0.389250 1654.000000 1080.000000
0 296 0.156892 0.059259 0.036880 0.116667 0.381130 1654.000000 1080.000000
0 297 0.158102 0.058333 0.036880 0.114815 0.378710 1654.000000 1080.000000
0 298 0.159311 0.057407 0.036880 0.112963 0.378180 1654.000000 1080.000000
0 299 0.160218 0.056481 0.037485 0.111111 0.375970 1654.000000 1080.000000
0 300 0.161427 0.055556 0.037485 0.109259 0.384290 1654.000000 1080.000000
0 301 0.162636 0.054630 0.037485 0.107407 0.400350 1654.000000 1080.000000
0 302 0.163241 0.054630 0.037485 0.107407 0.402120 1654.000000 1080.000000
0 303 0.163845 0.054630 0.037485 0.107407 0.400350 1654.000000 1080.000000
0 304 0.164450 0.054630 0.037485 0.107407 0.398050 1654.000000 1080.000000
0 305 0.165054 0.054630 0.037485 0.107407 0.402520 1654.000000 1080.000000
0 306 0.165659 0.054630 0.037485 0.107407 0.400490 1654.000000 1080.000000
0 307 0.166264 0.054630 0.037485 0.107407 0.397640 1654.000000 1080.000000
0 308 0.167170 0.055093 0.036880 0.108333 0.404050 1654.000000 1080.000000
0 309 0.167775 0.055093 0.036880 0.108333 0.408150 1654.000000 1080.000000
0 310 0.168380 0.055093 0.036880 0.108333 0.405410 1654.000000 1080.000000
0 311 0.168984 0.055093 0.036880 0.108333 0.408970 1654.000000 1080.000000
0 312 0.169589 0.055093 0.036880 0.108333 0.406780 1654.000000 1080.000000
0 313 0.170193 0.055093 0.036880 0.108333 0.404050 1654.000000 1080.000000
0 314 0.171403 0.055556 0.036880 0.109259 0.411630 1654.000000 1080.000000
0 315 0.172007 0.055093 0.036880 0.108333 0.412930 1654.000000 1080.000000
0 316 0.172914 0.054630 0.036276 0.107407 0.421470 1654.000000 1080.000000
0 317 0.174123 0.054167 0.036276 0.106481 0.442340 1654.000000 1080.000000
0 318 0.175030 0.053704 0.035671 0.105556 0.460290 1654.000000 1080.000000
0 319 0.176239 0.053241 0.035671 0.104630 0.481580 1654.000000 1080.000000
0 320 0.176844 0.052778 0.035671 0.103704 0.492040 1654.000000 1080.000000
0 321 0.178053 0.052315 0.035671 0.102778 0.513390 1654.000000 1080.000000
0 322 0.178960 0.051852 0.035067 0.101852 0.532600 1654.000000 1080.000000
0 323 0.179867 0.051389 0.034462 0.100926 0.546710 1654.000000 1080.000000
0 324 0.181076 0.050926 0.034462 0.100000 0.578930 1654.000000 1080.000000
0 325 0.181681 0.050463 0.034462 0.099074 0.584930 1654.000000 1080.000000
0 326 0.182890 0.050000 0.034462 0.098148 0.613440 1654.000000 1080.000000
0 327 0.183797 0.049537 0.033857 0.097222 0.639520 1654.000000 1080.000000
0 328 0.185006 0.049074 0.033857 0.096296 0.669510 1654.000000 1080.000000
0 329 0.185913 0.048611 0.033253 0.095370 0.689560 1654.000000 1080.000000
0 330 0.186518 0.048148 0.033253 0.094444 0.702150 1654.000000 1080.000000
0 331 0.187727 0.047685 0.033253 0.093519 0.723390 1654.000000 1080.000000
0 332 0.188634 0.047222 0.032648 0.092593 0.743830 1654.000000 1080.000000
0 333 0.189843 0.046759 0.032648 0.091667 0.768730 1654.000000 1080.000000
0 334 0.190750 0.046296 0.032044 0.090741 0.784140 1654.000000 1080.000000
