0 1 0.009371 0.712963 0.017533 0.098148 0.076947 1654.000000 1080.000000
0 2 0.009069 0.706481 0.016929 0.098148 0.069610 1654.000000 1080.000000
0 3 0.009069 0.700000 0.016929 0.098148 0.063809 1654.000000 1080.000000
0 4 0.009069 0.693981 0.016929 0.097222 0.060833 1654.000000 1080.000000
0 5 0.009069 0.687500 0.016929 0.097222 0.055303 1654.000000 1080.000000
0 6 0.009069 0.681481 0.016929 0.096296 0.052545 1654.000000 1080.000000
0 7 0.009069 0.675463 0.016929 0.097222 0.046845 1654.000000 1080.000000
0 8 0.009069 0.669444 0.016929 0.096296 0.050246 1654.000000 1080.000000
0 9 0.009069 0.662963 0.016929 0.096296 0.056158 1654.000000 1080.000000
0 10 0.009069 0.656944 0.016929 0.095370 0.059682 1654.000000 1080.000000
0 11 0.009069 0.650463 0.016929 0.095370 0.068634 1654.000000 1080.000000
0 12 0.009069 0.644907 0.016929 0.095370 0.071618 1654.000000 1080.000000
0 13 0.009069 0.640278 0.016929 0.095370 0.071618 1654.000000 1080.000000
0 14 0.009069 0.636111 0.016929 0.096296 0.073892 1654.000000 1080.000000
0 15 0.009069 0.631944 0.016929 0.095370 0.071618 1654.000000 1080.000000
0 16 0.009069 0.627778 0.016929 0.096296 0.073892 1654.000000 1080.000000
0 17 0.009069 0.623611 0.016929 0.095370 0.071618 1654.000000 1080.000000
0 18 0.009069 0.619444 0.016929 0.096296 0.073892 1654.000000 1080.000000
0 19 0.009069 0.615278 0.016929 0.095370 0.074602 1654.000000 1080.000000
0 20 0.009069 0.611111 0.016929 0.096296 0.023645 1654.000000 1080.000000
0 21 0.009371 0.607407 0.017533 0.096296 0.021905 1654.000000 1080.000000
0 22 0.009371 0.603704 0.017533 0.096296 0.013968 1654.000000 1080.000000
0 23 0.009371 0.600926 0.017533 0.096296 0.006032 1654.000000 1080.000000
0 24 0.009371 0.597222 0.017533 0.096296 0.011429 1654.000000 1080.000000
0 25 0.009371 0.594444 0.017533 0.096296 0.005079 1654.000000 1080.000000
0 26 0.009371 0.590741 0.017533 0.096296 0.004762 1654.000000 1080.000000
0 27 0.009371 0.587963 0.017533 0.096296 0.008889 1654.000000 1080.000000
0 28 0.009674 0.584259 0.018138 0.096296 0.004608 1654.000000 1080.000000
0 29 0.009976 0.581019 0.018742 0.095370 0.000000 1654.000000 1080.000000
0 30 0.010278 0.577315 0.019347 0.095370 0.000000 1654.000000 1080.000000
0 31 0.010580 0.574074 0.019952 0.094444 0.000000 1654.000000 1080.000000
0 32 0.010883 0.570370 0.020556 0.094444 0.000000 1654.000000 1080.000000
0 33 0.011185 0.567130 0.021161 0.093519 0.000000 1654.000000 1080.000000
0 34 0.011487 0.563426 0.021765 0.093519 0.000000 1654.000000 1080.000000
0 35 0.011790 0.560185 0.022370 0.092593 0.000000 1654.000000 1080.000000
0 36 0.012092 0.556481 0.022975 0.092593 0.000000 1654.000000 1080.000000
0 37 0.012394 0.553241 0.023579 0.091667 0.000000 1654.000000 1080.000000
0 38 0.012696 0.549537 0.024184 0.091667 0.004390 1654.000000 1080.000000
0 39 0.012999 0.546296 0.024788 0.090741 0.004569 1654.000000 1080.000000
0 40 0.013301 0.542593 0.025393 0.090741 0.009396 1654.000000 1080.000000
0 41 0.013603 0.539352 0.025998 0.089815 0.009276 1654.000000 1080.000000
0 42 0.013906 0.535648 0.026602 0.089815 0.014966 1654.000000 1080.000000
0 43 0.014813 0.532407 0.025998 0.088889 0.015464 1654.000000 1080.000000
0 44 0.015417 0.528704 0.025998 0.088889 0.022493 1654.000000 1080.000000
0 45 0.016324 0.525463 0.025393 0.087963 0.029070 1654.000000 1080.000000
0 46 0.017533 0.522685 0.025393 0.087963 0.036337 1654.000000 1080.000000
0 47 0.018742 0.520833 0.025393 0.087963 0.040698 1654.000000 1080.000000
0 48 0.019952 0.518519 0.025393 0.087037 0.047001 1654.000000 1080.000000
0 49 0.021161 0.516667 0.025393 0.087037 0.052876 1654.000000 1080.000000
0 50 0.022370 0.514815 0.025393 0.087037 0.053856 1654.000000 1080.000000
0 51 0.023579 0.512500 0.025393 0.086111 0.054429 1654.000000 1080.000000
0 52 0.024788 0.510648 0.025393 0.086111 0.048986 1654.000000 1080.000000
0 53 0.025998 0.508333 0.025393 0.085185 0.048012 1654.000000 1080.000000
0 54 0.027207 0.506481 0.025393 0.085185 0.042011 1654.000000 1080.000000
0 55 0.028416 0.504630 0.025393 0.085185 0.039010 1654.000000 1080.000000
0 56 0.028416 0.502778 0.025393 0.085185 0.030008 1654.000000 1080.000000
0 57 0.029021 0.501852 0.025393 0.085185 0.029257 1654.000000 1080.000000
0 58 0.029625 0.500926 0.025393 0.085185 0.029257 1654.000000 1080.000000
0 59 0.030230 0.500000 0.025393 0.085185 0.028007 1654.000000 1080.000000
0 60 0.030834 0.499074 0.025393 0.085185 0.028007 1654.000000 1080.000000
0 61 0.030834 0.498148 0.025393 0.085185 0.024506 1654.000000 1080.000000
0 62 0.031439 0.497222 0.025393 0.085185 0.026257 1654.000000 1080.000000
0 63 0.032044 0.496296 0.025393 0.085185 0.018755 1654.000000 1080.000000
0 64 0.032648 0.495370 0.025393 0.085185 0.012003 1654.000000 1080.000000
0 65 0.033253 0.494444 0.025393 0.085185 0.008002 1654.000000 1080.000000
0 66 0.034462 0.491667 0.025393 0.085185 0.008002 1654.000000 1080.000000
0 67 0.036276 0.488889 0.025393 0.085185 0.008502 1654.000000 1080.000000
0 68 0.037485 0.487037 0.025393 0.085185 0.009002 1654.000000 1080.000000
0 69 0.039299 0.484259 0.025393 0.085185 0.013503 1654.000000 1080.000000
0 70 0.040508 0.482407 0.025393 0.085185 0.014254 1654.000000 1080.000000
0 71 0.042322 0.479630 0.025393 0.085185 0.020005 1654.000000 1080.000000
0 72 0.043531 0.477778 0.025393 0.085185 0.023756 1654.000000 1080.000000
0 73 0.045345 0.475000 0.025393 0.085185 0.027007 1654.000000 1080.000000
0 74 0.046554 0.473148 0.025393 0.085185 0.025506 1654.000000 1080.000000
0 75 0.048368 0.470370 0.025393 0.085185 0.028007 1654.000000 1080.000000
0 76 0.050181 0.468519 0.025393 0.085185 0.028007 1654.000000 1080.000000
0 77 0.050786 0.466667 0.025393 0.085185 0.026257 1654.000000 1080.000000
0 78 0.051995 0.464815 0.025393 0.085185 0.024506 1654.000000 1080.000000
0 79 0.053204 0.463426 0.025393 0.086111 0.045769 1654.000000 1080.000000
0 80 0.053809 0.461574 0.025393 0.086111 0.069025 1654.000000 1080.000000
0 81 0.055018 0.460185 0.025393 0.087037 0.067075 1654.000000 1080.000000
0 82 0.056227 0.458333 0.025393 0.087037 0.088617 1654.000000 1080.000000
0 83 0.056832 0.456944 0.025393 0.087963 0.130810 1654.000000 1080.000000
0 84 0.058041 0.455093 0.025393 0.087963 0.152620 1654.000000 1080.000000
0 85 0.059250 0.453704 0.025393 0.088889 0.194440 1654.000000 1080.000000
0 86 0.059855 0.451852 0.025393 0.088889 0.217690 1654.000000 1080.000000
0 87 0.061064 0.450463 0.025393 0.089815 0.260560 1654.000000 1080.000000
0 88 0.062273 0.448611 0.025393 0.089815 0.282870 1654.000000 1080.000000
0 89 0.062878 0.447222 0.025393 0.090741 0.282830 1654.000000 1080.000000
0 90 0.064087 0.445370 0.025393 0.090741 0.281180 1654.000000 1080.000000
0 91 0.065296 0.444444 0.025393 0.090741 0.280480 1654.000000 1080.000000
0 92 0.065901 0.441667 0.025393 0.090741 0.257690 1654.000000 1080.000000
0 93 0.066505 0.439815 0.025393 0.090741 0.258160 1654.000000 1080.000000
0 94 0.067110 0.437037 0.025393 0.090741 0.235380 1654.000000 1080.000000
0 95 0.068017 0.435185 0.024788 0.090741 0.240980 1654.000000 1080.000000
0 96 0.068924 0.433333 0.025393 0.090741 0.210950 1654.000000 1080.000000
0 97 0.069528 0.430556 0.025393 0.090741 0.235850 1654.000000 1080.000000
0 98 0.070435 0.428704 0.024788 0.090741 0.215970 1654.000000 1080.000000
0 99 0.071040 0.426852 0.024788 0.090741 0.216210 1654.000000 1080.000000
0 100 0.071644 0.424074 0.024788 0.090741 0.216450 1654.000000 1080.000000
0 101 0.072551 0.422222 0.025393 0.090741 0.188400 1654.000000 1080.000000
0 102 0.073458 0.420370 0.024788 0.090741 0.190480 1654.000000 1080.000000
0 103 0.074063 0.417593 0.024788 0.090741 0.193120 1654.000000 1080.000000
0 104 0.074667 0.415741 0.024788 0.090741 0.190480 1654.000000 1080.000000
0 105 0.075877 0.413889 0.024788 0.090741 0.214290 1654.000000 1080.000000
0 106 0.076481 0.412037 0.024788 0.090741 0.238100 1654.000000 1080.000000
0 107 0.077086 0.410185 0.024788 0.090741 0.285710 1654.000000 1080.000000
0 108 0.077993 0.408333 0.025393 0.090741 0.302330 1654.000000 1080.000000
0 109 0.078900 0.406481 0.024788 0.090741 0.357140 1654.000000 1080.000000
0 110 0.079807 0.404630 0.025393 0.090741 0.372090 1654.000000 1080.000000
0 111 0.080411 0.402778 0.025393 0.090741 0.325580 1654.000000 1080.000000
0 112 0.081318 0.400926 0.024788 0.090741 0.309520 1654.000000 1080.000000
0 113 0.082225 0.399074 0.025393 0.090741 0.255810 1654.000000 1080.000000
0 114 0.082830 0.397222 0.025393 0.090741 0.209300 1654.000000 1080.000000
0 115 0.084039 0.396296 0.025393 0.090741 0.186050 1654.000000 1080.000000
0 116 0.084039 0.394444 0.025393 0.090741 0.139530 1654.000000 1080.000000
0 117 0.084643 0.392593 0.025393 0.090741 0.093023 1654.000000 1080.000000
0 118 0.085248 0.390741 0.025393 0.090741 0.093023 1654.000000 1080.000000
0 119 0.085852 0.388889 0.025393 0.090741 0.093023 1654.000000 1080.000000
0 120 0.086457 0.387037 0.025393 0.090741 0.093023 1654.000000 1080.000000
0 121 0.086457 0.385185 0.025393 0.090741 0.093023 1654.000000 1080.000000
0 122 0.087062 0.383333 0.025393 0.090741 0.116280 1654.000000 1080.000000
0 123 0.087666 0.381481 0.025393 0.090741 0.116280 1654.000000 1080.000000
0 124 0.088271 0.379630 0.025393 0.090741 0.116280 1654.000000 1080.000000
0 125 0.088875 0.377778 0.025393 0.090741 0.116280 1654.000000 1080.000000
0 126 0.089480 0.376852 0.025393 0.090741 0.116280 1654.000000 1080.000000
0 127 0.090085 0.375926 0.025393 0.092593 0.116280 1654.000000 1080.000000
0 128 0.090689 0.375000 0.025393 0.094444 0.116280 1654.000000 1080.000000
0 129 0.091294 0.374074 0.025393 0.096296 0.116280 1654.000000 1080.000000
0 130 0.091898 0.373611 0.025393 0.097222 0.116280 1654.000000 1080.000000
0 131 0.092503 0.372685 0.025393 0.099074 0.116280 1654.000000 1080.000000
0 132 0.093108 0.371759 0.025393 0.100926 0.116280 1654.000000 1080.000000
0 133 0.094317 0.371296 0.025393 0.101852 0.116280 1654.000000 1080.000000
0 134 0.094317 0.369444 0.025393 0.101852 0.093023 1654.000000 1080.000000
0 135 0.094921 0.368519 0.025393 0.101852 0.093023 1654.000000 1080.000000
0 136 0.095526 0.367593 0.025393 0.101852 0.069767 1654.000000 1080.000000
0 137 0.096131 0.365741 0.025393 0.101852 0.116280 1654.000000 1080.000000
0 138 0.096735 0.364815 0.025393 0.101852 0.116280 1654.000000 1080.000000
0 139 0.097340 0.363889 0.025393 0.101852 0.139530 1654.000000 1080.000000
0 140 0.097944 0.362963 0.025393 0.101852 0.162790 1654.000000 1080.000000
0 141 0.097944 0.361111 0.025393 0.101852 0.162790 1654.000000 1080.000000
0 142 0.098549 0.360185 0.025393 0.101852 0.209300 1654.000000 1080.000000
0 143 0.099154 0.359259 0.025393 0.101852 0.209300 1654.000000 1080.000000
0 144 0.099758 0.357407 0.025393 0.101852 0.255810 1654.000000 1080.000000
0 145 0.100363 0.356481 0.025393 0.101852 0.255810 1654.000000 1080.000000
0 146 0.100967 0.355556 0.025393 0.101852 0.279070 1654.000000 1080.000000
0 147 0.101572 0.354630 0.025393 0.101852 0.302330 1654.000000 1080.000000
0 148 0.101572 0.352778 0.025393 0.101852 0.325580 1654.000000 1080.000000
0 149 0.102177 0.351852 0.025393 0.101852 0.328310 1654.000000 1080.000000
0 150 0.102781 0.350926 0.025393 0.101852 0.351560 1654.000000 1080.000000
0 151 0.103386 0.350000 0.025393 0.101852 0.328510 1654.000000 1080.000000
0 152 0.103386 0.349074 0.025393 0.101852 0.305680 1654.000000 1080.000000
0 153 0.103990 0.348148 0.025393 0.101852 0.282630 1654.000000 1080.000000
0 154 0.104595 0.347222 0.025393 0.101852 0.253090 1654.000000 1080.000000
0 155 0.105200 0.346296 0.025393 0.101852 0.228370 1654.000000 1080.000000
0 156 0.105804 0.345370 0.025393 0.101852 0.194220 1654.000000 1080.000000
0 157 0.106409 0.343519 0.025393 0.101852 0.173060 1654.000000 1080.000000
0 158 0.107013 0.342593 0.025393 0.101852 0.147710 1654.000000 1080.000000
0 159 0.107618 0.341667 0.025393 0.101852 0.126340 1654.000000 1080.000000
0 160 0.108222 0.340741 0.025393 0.101852 0.115440 1654.000000 1080.000000
0 161 0.108827 0.339815 0.025393 0.101852 0.130110 1654.000000 1080.000000
0 162 0.109432 0.338889 0.025393 0.101852 0.127800 1654.000000 1080.000000
0 163 0.110036 0.337963 0.025393 0.101852 0.130320 1654.000000 1080.000000
0 164 0.111245 0.337037 0.025393 0.101852 0.146660 1654.000000 1080.000000
0 165 0.111850 0.336111 0.025393 0.101852 0.149590 1654.000000 1080.000000
0 166 0.112455 0.335185 0.025393 0.101852 0.148120 1654.000000 1080.000000
0 167 0.113059 0.334259 0.025393 0.101852 0.170960 1654.000000 1080.000000
0 168 0.113664 0.334259 0.025393 0.101852 0.194220 1654.000000 1080.000000
0 169 0.114268 0.333333 0.025393 0.101852 0.197990 1654.000000 1080.000000
0 170 0.114873 0.332407 0.025393 0.101852 0.199870 1654.000000 1080.000000
0 171 0.115478 0.331481 0.025393 0.101852 0.201760 1654.000000 1080.000000
0 172 0.116082 0.331481 0.025393 0.101852 0.224180 1654.000000 1080.000000
0 173 0.116687 0.330556 0.025393 0.101852 0.228370 1654.000000 1080.000000
0 174 0.117291 0.329630 0.025393 0.101852 0.253510 1654.000000 1080.000000
0 175 0.117896 0.328704 0.025393 0.101852 0.255810 1654.000000 1080.000000
0 176 0.118501 0.328704 0.025393 0.101852 0.279070 1654.000000 1080.000000
0 177 0.119105 0.326852 0.025393 0.101852 0.302330 1654.000000 1080.000000
0 178 0.119710 0.325926 0.025393 0.101852 0.302330 1654.000000 1080.000000
0 179 0.120314 0.324537 0.025393 0.100926 0.325580 1654.000000 1080.000000
0 180 0.120919 0.323611 0.025393 0.100926 0.372090 1654.000000 1080.000000
0 181 0.121524 0.322685 0.025393 0.100926 0.372090 1654.000000 1080.000000
0 182 0.122128 0.321296 0.025393 0.100000 0.395350 1654.000000 1080.000000
0 183 0.123337 0.320370 0.025393 0.100000 0.395350 1654.000000 1080.000000
0 184 0.123942 0.318981 0.025393 0.100926 0.418600 1654.000000 1080.000000
0 185 0.124547 0.317593 0.025393 0.100000 0.441860 1654.000000 1080.000000
0 186 0.125151 0.316667 0.025393 0.100000 0.441860 1654.000000 1080.000000
0 187 0.125756 0.315741 0.025393 0.100000 0.465120 1654.000000 1080.000000
0 188 0.126360 0.314352 0.025393 0.099074 0.465120 1654.000000 1080.000000
0 189 0.126965 0.313426 0.025393 0.099074 0.488370 1654.000000 1080.000000
0 190 0.128174 0.312500 0.025393 0.099074 0.511630 1654.000000 1080.000000
0 191 0.128779 0.311574 0.025393 0.099074 0.498710 1654.000000 1080.000000
0 192 0.129383 0.310648 0.025393 0.099074 0.486220 1654.000000 1080.000000
0 193 0.129988 0.309722 0.025393 0.099074 0.498060 1654.000000 1080.000000
0 194 0.130593 0.308796 0.025393 0.099074 0.486650 1654.000000 1080.000000
0 195 0.131802 0.307870 0.025393 0.099074 0.475670 1654.000000 1080.000000
0 196 0.132406 0.306944 0.025393 0.099074 0.465120 1654.000000 1080.000000
0 197 0.133011 0.306019 0.025393 0.099074 0.479760 1654.000000 1080.000000
0 198 0.133615 0.305093 0.025393 0.099074 0.470280 1654.000000 1080.000000
0 199 0.134220 0.304167 0.025393 0.099074 0.464690 1654.000000 1080.000000
0 200 0.135429 0.303241 0.025393 0.099074 0.451770 1654.000000 1080.000000
0 201 0.136034 0.302315 0.025393 0.099074 0.464250 1654.000000 1080.000000
0 202 0.137243 0.301389 0.025393 0.099074 0.452200 1654.000000 1080.000000
0 203 0.137848 0.300463 0.025393 0.099074 0.441860 1654.000000 1080.000000
0 204 0.139057 0.299537 0.025393 0.099074 0.440140 1654.000000 1080.000000
0 205 0.140266 0.298611 0.025393 0.099074 0.431520 1654.000000 1080.000000
0 206 0.140871 0.297685 0.025393 0.099074 0.398360 1654.000000 1080.000000
0 207 0.142080 0.296759 0.025393 0.099074 0.365630 1654.000000 1080.000000
0 208 0.142684 0.295833 0.025393 0.099074 0.356590 1654.000000 1080.000000
0 209 0.143894 0.294907 0.025393 0.099074 0.339790 1654.000000 1080.000000
0 210 0.145103 0.294907 0.025393 0.099074 0.303830 1654.000000 1080.000000
0 211 0.145405 0.293981 0.024788 0.099074 0.303350 1654.000000 1080.000000
0 212 0.146010 0.293056 0.024788 0.099074 0.287700 1654.000000 1080.000000
0 213 0.146614 0.292130 0.024788 0.099074 0.272490 1654.000000 1080.000000
0 214 0.147219 0.291204 0.024788 0.099074 0.283950 1654.000000 1080.000000
0 215 0.147823 0.290278 0.024788 0.099074 0.271600 1654.000000 1080.000000
0 216 0.148428 0.289352 0.024788 0.099074 0.271600 1654.000000 1080.000000
0 217 0.149637 0.288426 0.024788 0.099074 0.289020 1654.000000 1080.000000
0 218 0.150846 0.287500 0.024788 0.099074 0.306880 1654.000000 1080.000000
0 219 0.152056 0.286574 0.024788 0.099074 0.273150 1654.000000 1080.000000
0 220 0.153265 0.285648 0.024788 0.099074 0.211640 1654.000000 1080.000000
0 221 0.154474 0.284722 0.024788 0.099074 0.164020 1654.000000 1080.000000
0 222 0.155683 0.284722 0.024788 0.099074 0.111110 1654.000000 1080.000000
0 223 0.156892 0.282870 0.024788 0.099074 0.081129 1654.000000 1080.000000
0 224 0.158102 0.281944 0.024788 0.099074 0.083333 1654.000000 1080.000000
0 225 0.159311 0.280093 0.024788 0.099074 0.120370 1654.000000 1080.000000
0 226 0.160520 0.279167 0.024788 0.099074 0.148150 1654.000000 1080.000000
0 227 0.161729 0.278241 0.024788 0.099074 0.175930 1654.000000 1080.000000
0 228 0.162938 0.276389 0.024788 0.099074 0.212960 1654.000000 1080.000000
0 229 0.164148 0.275463 0.024788 0.099074 0.240740 1654.000000 1080.000000
0 230 0.165357 0.274537 0.024788 0.099074 0.319660 1654.000000 1080.000000
0 231 0.165961 0.272685 0.024788 0.099074 0.404320 1654.000000 1080.000000
0 232 0.167170 0.271759 0.024788 0.099074 0.488100 1654.000000 1080.000000
0 233 0.168380 0.269907 0.024788 0.099074 0.586860 1654.000000 1080.000000
0 234 0.169287 0.268981 0.025393 0.099074 0.653960 1654.000000 1080.000000
0 235 0.170496 0.268056 0.025393 0.099074 0.717050 1654.000000 1080.000000
0 236 0.171403 0.266204 0.024788 0.099074 0.778880 1654.000000 1080.000000
0 237 0.172310 0.265278 0.025393 0.099074 0.764210 1654.000000 1080.000000
0 238 0.173519 0.263426 0.025393 0.099074 0.786610 1654.000000 1080.000000
0 239 0.174728 0.262500 0.025393 0.099074 0.779930 1654.000000 1080.000000
0 240 0.175937 0.261574 0.025393 0.099074 0.794140 1654.000000 1080.000000
0 241 0.177146 0.258796 0.025393 0.099074 0.804480 1654.000000 1080.000000
0 242 0.178960 0.256481 0.025393 0.098148 0.830250 1654.000000 1080.000000
0 243 0.180472 0.254167 0.024788 0.097222 0.496860 1654.000000 1080.000000
0 244 0.182285 0.252315 0.024788 0.097222 0.500000 1654.000000 1080.000000
0 245 0.184099 0.250000 0.024788 0.096296 0.500000 1654.000000 1080.000000
0 246 0.185308 0.247685 0.024788 0.095370 0.500000 1654.000000 1080.000000
0 247 0.187122 0.245833 0.024788 0.095370 0.476190 1654.000000 1080.000000
0 248 0.188634 0.243519 0.024184 0.094444 0.487800 1654.000000 1080.000000
0 249 0.190447 0.241204 0.024184 0.093519 0.439020 1654.000000 1080.000000
0 250 0.192261 0.239352 0.024184 0.093519 0.414630 1654.000000 1080.000000
0 251 0.192866 0.238426 0.024184 0.093519 0.369680 1654.000000 1080.000000
0 252 0.194075 0.237500 0.024184 0.093519 0.323770 1654.000000 1080.000000
0 253 0.195284 0.236574 0.024184 0.093519 0.231230 1654.000000 1080.000000
0 254 0.196493 0.235648 0.024184 0.093519 0.163080 1654.000000 1080.000000
0 255 0.197098 0.234722 0.024184 0.093519 0.068867 1654.000000 1080.000000
0 256 0.198307 0.233796 0.024184 0.093519 0.022956 1654.000000 1080.000000
0 257 0.199516 0.232870 0.024184 0.093519 0.020086 1654.000000 1080.000000
0 258 0.200726 0.231944 0.024184 0.093519 0.015543 1654.000000 1080.000000
0 259 0.201935 0.231019 0.024184 0.093519 0.014347 1654.000000 1080.000000
0 260 0.202842 0.229167 0.024788 0.093519 0.015406 1654.000000 1080.000000
0 261 0.204051 0.228241 0.024788 0.093519 0.010504 1654.000000 1080.000000
0 262 0.205260 0.226389 0.024788 0.093519 0.010504 1654.000000 1080.000000
0 263 0.206469 0.225463 0.024788 0.093519 0.007470 1654.000000 1080.000000
0 264 0.207678 0.223611 0.024788 0.093519 0.007470 1654.000000 1080.000000
0 265 0.208888 0.222685 0.024788 0.093519 0.006302 1654.000000 1080.000000
0 266 0.210097 0.221759 0.024788 0.093519 0.004202 1654.000000 1080.000000
0 267 0.211306 0.219907 0.024788 0.093519 0.004202 1654.000000 1080.000000
0 268 0.212515 0.218981 0.024788 0.093519 0.000000 1654.000000 1080.000000
0 269 0.213724 0.217130 0.024788 0.093519 0.000000 1654.000000 1080.000000
0 270 0.214933 0.216204 0.024788 0.093519 0.000000 1654.000000 1080.000000
0 271 0.216143 0.214352 0.024788 0.093519 0.000000 1654.000000 1080.000000
0 272 0.217352 0.213426 0.024788 0.093519 0.000000 1654.000000 1080.000000
0 273 0.218561 0.212500 0.024788 0.093519 0.000000 1654.000000 1080.000000
0 274 0.219770 0.210648 0.024788 0.093519 0.000000 1654.000000 1080.000000
0 275 0.220979 0.209722 0.024788 0.093519 0.000000 1654.000000 1080.000000
0 276 0.222189 0.207870 0.024788 0.093519 0.000000 1654.000000 1080.000000
0 277 0.223398 0.206944 0.024788 0.093519 0.023810 1654.000000 1080.000000
0 278 0.224909 0.206019 0.025393 0.093519 0.093023 1654.000000 1080.000000
0 279 0.225514 0.205093 0.025393 0.093519 0.116280 1654.000000 1080.000000
0 280 0.226119 0.204167 0.025393 0.093519 0.162790 1654.000000 1080.000000
0 281 0.226723 0.203241 0.025393 0.093519 0.209300 1654.000000 1080.000000
0 282 0.227328 0.202315 0.025393 0.093519 0.255810 1654.000000 1080.000000
0 283 0.227932 0.201389 0.025393 0.093519 0.302330 1654.000000 1080.000000
0 284 0.228839 0.200463 0.024788 0.093519 0.357140 1654.000000 1080.000000
0 285 0.229444 0.199537 0.024788 0.093519 0.404760 1654.000000 1080.000000
0 286 0.230048 0.198611 0.024788 0.093519 0.476190 1654.000000 1080.000000
0 287 0.230653 0.197685 0.024788 0.093519 0.500000 1654.000000 1080.000000
0 288 0.231258 0.196759 0.024788 0.093519 0.500000 1654.000000 1080.000000
0 289 0.231862 0.195833 0.024788 0.093519 0.476190 1654.000000 1080.000000
0 290 0.233071 0.194907 0.024788 0.093519 0.452380 1654.000000 1080.000000
0 291 0.233676 0.193981 0.024788 0.093519 0.428570 1654.000000 1080.000000
0 292 0.234885 0.193056 0.024788 0.093519 0.404760 1654.000000 1080.000000
0 293 0.235490 0.192130 0.024788 0.093519 0.404760 1654.000000 1080.000000
0 294 0.236699 0.191204 0.024788 0.093519 0.357140 1654.000000 1080.000000
0 295 0.237908 0.190278 0.024788 0.093519 0.357140 1654.000000 1080.000000
0 296 0.238513 0.189352 0.024788 0.093519 0.309520 1654.000000 1080.000000
0 297 0.239722 0.188426 0.024788 0.093519 0.333330 1654.000000 1080.000000
0 298 0.240326 0.187500 0.024788 0.093519 0.333330 1654.000000 1080.000000
0 299 0.241536 0.186574 0.024788 0.093519 0.357140 1654.000000 1080.000000
0 300 0.242745 0.185648 0.024788 0.093519 0.357140 1654.000000 1080.000000
0 301 0.242745 0.184722 0.024788 0.093519 0.357140 1654.000000 1080.000000
0 302 0.242745 0.183796 0.024788 0.093519 0.357140 1654.000000 1080.000000
0 303 0.243349 0.183333 0.024788 0.092593 0.333330 1654.000000 1080.000000
0 304 0.243954 0.182870 0.024788 0.091667 0.333330 1654.000000 1080.000000
0 305 0.244559 0.182407 0.024788 0.092593 0.309520 1654.000000 1080.000000
0 306 0.245163 0.181944 0.024788 0.091667 0.331670 1654.000000 1080.000000
0 307 0.245768 0.181481 0.024788 0.090741 0.306640 1654.000000 1080.000000
0 308 0.246372 0.180556 0.024788 0.090741 0.282830 1654.000000 1080.000000
0 309 0.246977 0.180556 0.024788 0.090741 0.281870 1654.000000 1080.000000
0 310 0.246977 0.180093 0.024788 0.089815 0.255100 1654.000000 1080.000000
0 311 0.247582 0.179167 0.024788 0.089815 0.229830 1654.000000 1080.000000
0 312 0.248186 0.178704 0.024788 0.088889 0.189250 1654.000000 1080.000000
0 313 0.248791 0.178704 0.024788 0.088889 0.162000 1654.000000 1080.000000
0 314 0.249395 0.177778 0.024788 0.088889 0.152180 1654.000000 1080.000000
0 315 0.250000 0.177315 0.024788 0.087963 0.153770 1654.000000 1080.000000
0 316 0.250605 0.176852 0.024788 0.087037 0.157890 1654.000000 1080.000000
0 317 0.251209 0.176852 0.024788 0.087037 0.144360 1654.000000 1080.000000
0 318 0.251814 0.175926 0.024788 0.087037 0.146620 1654.000000 1080.000000
0 319 0.253023 0.175000 0.024788 0.087037 0.151130 1654.000000 1080.000000
0 320 0.253628 0.174074 0.024788 0.087037 0.138350 1654.000000 1080.000000
0 321 0.254837 0.174074 0.024788 0.087037 0.138350 1654.000000 1080.000000
0 322 0.256046 0.173148 0.024788 0.087037 0.124560 1654.000000 1080.000000
0 323 0.256651 0.172222 0.024788 0.087037 0.128070 1654.000000 1080.000000
0 324 0.257860 0.172222 0.024788 0.087037 0.091479 1654.000000 1080.000000
0 325 0.259069 0.171296 0.024788 0.087037 0.075188 1654.000000 1080.000000
0 326 0.259674 0.170370 0.024788 0.087037 0.057895 1654.000000 1080.000000
0 327 0.260883 0.169444 0.024788 0.087037 0.039098 1654.000000 1080.000000
0 328 0.262092 0.169444 0.024788 0.087037 0.019799 1654.000000 1080.000000
0 329 0.262696 0.168519 0.024788 0.087037 0.000000 1654.000000 1080.000000
0 330 0.263906 0.167593 0.024788 0.087037 0.000000 1654.000000 1080.000000
0 331 0.265115 0.167593 0.024788 0.087037 0.000000 1654.000000 1080.000000
0 332 0.265719 0.166667 0.024788 0.087037 0.000000 1654.000000 1080.000000
0 333 0.266929 0.165741 0.024788 0.087037 0.000000 1654.000000 1080.000000
0 334 0.268138 0.165741 0.024788 0.087037 0.000000 1654.000000 1080.000000
0 335 0.268742 0.163889 0.024788 0.087037 0.000000 1654.000000 1080.000000
0 336 0.269347 0.162037 0.024788 0.087037 0.000000 1654.000000 1080.000000
0 337 0.269952 0.161111 0.024788 0.087037 0.000000 1654.000000 1080.000000
0 338 0.270556 0.159259 0.024788 0.087037 0.000000 1654.000000 1080.000000
0 339 0.271161 0.157407 0.024788 0.087037 0.000000 1654.000000 1080.000000
0 340 0.271765 0.156481 0.024788 0.087037 0.000000 1654.000000 1080.000000
0 341 0.272370 0.154630 0.024788 0.087037 0.000000 1654.000000 1080.000000
0 342 0.272975 0.152778 0.024788 0.087037 0.000000 1654.000000 1080.000000
0 343 0.274184 0.151852 0.024788 0.087037 0.000000 1654.000000 1080.000000
0 344 0.274788 0.150000 0.024788 0.087037 0.000000 1654.000000 1080.000000
0 345 0.275393 0.148148 0.024788 0.087037 0.001002 1654.000000 1080.000000
0 346 0.275998 0.147222 0.024788 0.087037 0.001253 1654.000000 1080.000000
0 347 0.276602 0.145370 0.024788 0.087037 0.003759 1654.000000 1080.000000
0 348 0.277207 0.143519 0.024788 0.087037 0.005012 1654.000000 1080.000000
0 349 0.277811 0.142593 0.024788 0.087037 0.006015 1654.000000 1080.000000
0 350 0.278416 0.140741 0.024788 0.087037 0.007519 1654.000000 1080.000000
0 351 0.279021 0.138889 0.024788 0.087037 0.012281 1654.000000 1080.000000
0 352 0.280230 0.137963 0.024788 0.087037 0.010526 1654.000000 1080.000000
0 353 0.280230 0.137037 0.024788 0.087037 0.014035 1654.000000 1080.000000
0 354 0.280834 0.136111 0.024788 0.087037 0.016040 1654.000000 1080.000000
0 355 0.281439 0.136111 0.024788 0.087037 0.014035 1654.000000 1080.000000
0 356 0.282044 0.135185 0.024788 0.087037 0.014035 1654.000000 1080.000000
0 357 0.282044 0.134259 0.024788 0.087037 0.018045 1654.000000 1080.000000
0 358 0.282648 0.134259 0.024788 0.087037 0.017544 1654.000000 1080.000000
0 359 0.283253 0.133333 0.024788 0.087037 0.017544 1654.000000 1080.000000
0 360 0.283857 0.133333 0.024788 0.087037 0.017544 1654.000000 1080.000000
0 361 0.283857 0.132407 0.024788 0.087037 0.019298 1654.000000 1080.000000
0 362 0.284462 0.131481 0.024788 0.087037 0.021053 1654.000000 1080.000000
0 363 0.285067 0.131481 0.024788 0.087037 0.021053 1654.000000 1080.000000
0 364 0.285671 0.130556 0.024788 0.087037 0.021053 1654.000000 1080.000000
0 365 0.285671 0.129630 0.024788 0.087037 0.022807 1654.000000 1080.000000
0 366 0.286276 0.129630 0.024788 0.087037 0.024561 1654.000000 1080.000000
0 367 0.286880 0.128704 0.024788 0.087037 0.024561 1654.000000 1080.000000
0 368 0.287485 0.128704 0.024788 0.087037 0.021053 1654.000000 1080.000000
0 369 0.287485 0.127778 0.024788 0.087037 0.026316 1654.000000 1080.000000
0 370 0.288089 0.126852 0.024788 0.087037 0.026316 1654.000000 1080.000000
0 371 0.288694 0.126852 0.024788 0.087037 0.024060 1654.000000 1080.000000
0 372 0.289299 0.125926 0.024788 0.087037 0.028070 1654.000000 1080.000000
0 373 0.289903 0.125926 0.024788 0.087037 0.024060 1654.000000 1080.000000
0 374 0.290508 0.124074 0.024788 0.087037 0.032080 1654.000000 1080.000000
0 375 0.291112 0.123148 0.024788 0.087037 0.029825 1654.000000 1080.000000
0 376 0.291717 0.122222 0.024788 0.087037 0.029825 1654.000000 1080.000000
0 377 0.292322 0.120370 0.024788 0.087037 0.029825 1654.000000 1080.000000
0 378 0.292926 0.119444 0.024788 0.087037 0.029825 1654.000000 1080.000000
0 379 0.293531 0.118519 0.024788 0.087037 0.025564 1654.000000 1080.000000
0 380 0.294740 0.117593 0.024788 0.087037 0.024060 1654.000000 1080.000000
0 381 0.295345 0.115741 0.024788 0.087037 0.024060 1654.000000 1080.000000
0 382 0.295949 0.114815 0.024788 0.087037 0.024060 1654.000000 1080.000000
0 383 0.296554 0.113889 0.024788 0.087037 0.020050 1654.000000 1080.000000
0 384 0.297158 0.112037 0.024788 0.087037 0.024060 1654.000000 1080.000000
0 385 0.297763 0.111111 0.024788 0.087037 0.020050 1654.000000 1080.000000
0 386 0.298368 0.110185 0.024788 0.087037 0.020050 1654.000000 1080.000000
0 387 0.299577 0.109259 0.024788 0.087037 0.015038 1654.000000 1080.000000
0 388 0.299577 0.107407 0.024788 0.087037 0.016040 1654.000000 1080.000000
0 389 0.300181 0.106481 0.024788 0.087037 0.016040 1654.000000 1080.000000
0 390 0.300786 0.104630 0.024788 0.087037 0.016040 1654.000000 1080.000000
0 391 0.301391 0.103704 0.024788 0.087037 0.016040 1654.000000 1080.000000
0 392 0.301693 0.101852 0.024184 0.087037 0.016431 1654.000000 1080.000000
0 393 0.301995 0.100926 0.024788 0.087037 0.017043 1654.000000 1080.000000
0 394 0.302600 0.100000 0.024788 0.087037 0.012782 1654.000000 1080.000000
0 395 0.303204 0.098148 0.024788 0.087037 0.017043 1654.000000 1080.000000
0 396 0.303507 0.097222 0.024184 0.087037 0.013094 1654.000000 1080.000000
0 397 0.304111 0.095370 0.024184 0.087037 0.017458 1654.000000 1080.000000
0 398 0.304716 0.094444 0.024184 0.087037 0.013094 1654.000000 1080.000000
0 399 0.305018 0.093519 0.024788 0.087037 0.013534 1654.000000 1080.000000
0 400 0.305320 0.091667 0.024184 0.087037 0.013864 1654.000000 1080.000000
0 401 0.305925 0.090741 0.024184 0.087037 0.013864 1654.000000 1080.000000
0 402 0.306530 0.088889 0.024184 0.087037 0.018485 1654.000000 1080.000000
0 403 0.307134 0.087963 0.024184 0.087037 0.018485 1654.000000 1080.000000
0 404 0.307739 0.087037 0.024184 0.087037 0.018485 1654.000000 1080.000000
0 405 0.308343 0.085185 0.024184 0.087037 0.023107 1654.000000 1080.000000
0 406 0.308948 0.084259 0.024184 0.087037 0.023107 1654.000000 1080.000000
0 407 0.309553 0.082407 0.024184 0.087037 0.027728 1654.000000 1080.000000
0 408 0.310157 0.081481 0.024184 0.087037 0.027728 1654.000000 1080.000000
0 409 0.310762 0.080556 0.024184 0.087037 0.027728 1654.000000 1080.000000
0 410 0.311366 0.078704 0.024184 0.087037 0.032349 1654.000000 1080.000000
0 411 0.312273 0.077778 0.024788 0.087037 0.031579 1654.000000 1080.000000
0 412 0.312878 0.075926 0.024788 0.087037 0.036090 1654.000000 1080.000000
0 413 0.313482 0.075000 0.024788 0.087037 0.036090 1654.000000 1080.000000
0 414 0.314087 0.074074 0.024788 0.087037 0.036090 1654.000000 1080.000000
0 415 0.314692 0.072222 0.024788 0.087037 0.036090 1654.000000 1080.000000
0 416 0.315296 0.071296 0.024788 0.087037 0.031579 1654.000000 1080.000000
0 417 0.316203 0.070370 0.025393 0.087037 0.029131 1654.000000 1080.000000
0 418 0.316808 0.069444 0.025393 0.087037 0.024969 1654.000000 1080.000000
0 419 0.317412 0.069444 0.025393 0.087037 0.020808 1654.000000 1080.000000
0 420 0.318017 0.069444 0.025393 0.087037 0.012485 1654.000000 1080.000000
0 421 0.318622 0.069444 0.025393 0.087037 0.004162 1654.000000 1080.000000
0 422 0.319226 0.068981 0.025393 0.087963 0.004118 1654.000000 1080.000000
0 423 0.320435 0.068519 0.025393 0.087037 0.000000 1654.000000 1080.000000
0 424 0.321040 0.068519 0.025393 0.087037 0.000000 1654.000000 1080.000000
0 425 0.321644 0.068519 0.025393 0.087037 0.000000 1654.000000 1080.000000
0 426 0.322249 0.068056 0.025393 0.087963 0.000000 1654.000000 1080.000000
0 427 0.322854 0.068056 0.025393 0.087963 0.000000 1654.000000 1080.000000
0 428 0.323458 0.068056 0.025393 0.087963 0.000000 1654.000000 1080.000000
0 429 0.324667 0.067593 0.025393 0.087037 0.000000 1654.000000 1080.000000
0 430 0.325272 0.067130 0.025393 0.087963 0.000000 1654.000000 1080.000000
0 431 0.325877 0.067130 0.025393 0.087963 0.000000 1654.000000 1080.000000
0 432 0.326481 0.067130 0.025393 0.087963 0.000000 1654.000000 1080.000000
0 433 0.327086 0.067130 0.025393 0.087963 0.000000 1654.000000 1080.000000
0 434 0.328295 0.067130 0.025393 0.087963 0.000000 1654.000000 1080.000000
0 435 0.328900 0.065278 0.025393 0.087963 0.000000 1654.000000 1080.000000
0 436 0.329504 0.064352 0.025393 0.087963 0.000000 1654.000000 1080.000000
0 437 0.330109 0.063426 0.025393 0.087963 0.000000 1654.000000 1080.000000
0 438 0.330713 0.062500 0.025393 0.087963 0.000000 1654.000000 1080.000000
0 439 0.331620 0.061574 0.024788 0.087963 0.000000 1654.000000 1080.000000
0 440 0.332225 0.060648 0.024788 0.087963 0.000000 1654.000000 1080.000000
0 441 0.333132 0.059722 0.025393 0.087963 0.000000 1654.000000 1080.000000
0 442 0.333736 0.058796 0.025393 0.087963 0.000000 1654.000000 1080.000000
0 443 0.334341 0.057870 0.025393 0.087963 0.000000 1654.000000 1080.000000
0 444 0.335248 0.056019 0.024788 0.087963 0.000000 1654.000000 1080.000000
0 445 0.335852 0.055093 0.024788 0.087963 0.000000 1654.000000 1080.000000
0 446 0.336457 0.054167 0.024788 0.087963 0.000000 1654.000000 1080.000000
0 447 0.337364 0.053241 0.025393 0.087963 0.000000 1654.000000 1080.000000
0 448 0.337969 0.052315 0.025393 0.087963 0.000000 1654.000000 1080.000000
0 449 0.338875 0.051389 0.024788 0.087963 0.000000 1654.000000 1080.000000
0 450 0.339480 0.050463 0.024788 0.087963 0.000000 1654.000000 1080.000000
0 451 0.340085 0.049537 0.024788 0.087963 0.000000 1654.000000 1080.000000
0 452 0.340689 0.048611 0.024788 0.087963 0.000000 1654.000000 1080.000000
0 453 0.341898 0.047685 0.024788 0.087963 0.000000 1654.000000 1080.000000
0 454 0.341294 0.046759 0.024788 0.087963 0.000000 1654.000000 1080.000000
0 455 0.341294 0.046296 0.024788 0.087037 0.000000 1654.000000 1080.000000
0 456 0.341294 0.045833 0.024788 0.086111 0.000000 1654.000000 1080.000000
0 457 0.340689 0.045833 0.024788 0.086111 0.023810 1654.000000 1080.000000
0 458 0.340689 0.045370 0.024788 0.085185 0.071429 1654.000000 1080.000000
0 459 0.340689 0.044907 0.024788 0.084259 0.119050 1654.000000 1080.000000
0 460 0.340085 0.043981 0.024788 0.084259 0.142860 1654.000000 1080.000000
0 461 0.340085 0.043981 0.024788 0.084259 0.190480 1654.000000 1080.000000
0 462 0.340085 0.043519 0.024788 0.083333 0.238100 1654.000000 1080.000000
0 463 0.340085 0.043056 0.024788 0.082407 0.261900 1654.000000 1080.000000
0 464 0.339480 0.042593 0.024788 0.081481 0.285710 1654.000000 1080.000000
0 465 0.339480 0.042593 0.024788 0.081481 0.333330 1654.000000 1080.000000
0 466 0.339480 0.042130 0.024788 0.080556 0.333330 1654.000000 1080.000000
0 467 0.338875 0.041204 0.024788 0.080556 0.333330 1654.000000 1080.000000
0 468 0.338875 0.040741 0.024788 0.079630 0.357140 1654.000000 1080.000000
0 469 0.338875 0.040741 0.024788 0.079630 0.357140 1654.000000 1080.000000
0 470 0.338271 0.040278 0.024788 0.078704 0.380950 1654.000000 1080.000000
0 471 0.338271 0.039815 0.024788 0.077778 0.380950 1654.000000 1080.000000
0 472 0.338271 0.039352 0.024788 0.076852 0.380950 1654.000000 1080.000000
0 473 0.338271 0.039352 0.024788 0.076852 0.404760 1654.000000 1080.000000
0 474 0.338271 0.038889 0.024788 0.075926 0.380950 1654.000000 1080.000000
0 475 0.338271 0.038426 0.024788 0.075000 0.404760 1654.000000 1080.000000
0 476 0.338875 0.037963 0.024788 0.074074 0.404760 1654.000000 1080.000000
0 477 0.338875 0.037500 0.024788 0.073148 0.619050 1654.000000 1080.000000
0 478 0.339480 0.037037 0.024788 0.072222 0.642860 1654.000000 1080.000000
0 479 0.339480 0.036574 0.024788 0.071296 0.642860 1654.000000 1080.000000
0 480 0.339480 0.036111 0.024788 0.070370 0.642860 1654.000000 1080.000000
0 481 0.340085 0.035648 0.024788 0.069444 0.666670 1654.000000 1080.000000
0 482 0.340085 0.035185 0.024788 0.068519 0.666670 1654.000000 1080.000000
0 483 0.340689 0.035185 0.024788 0.068519 0.690480 1654.000000 1080.000000
0 484 0.340689 0.034722 0.024788 0.067593 0.690480 1654.000000 1080.000000
0 485 0.340689 0.034259 0.024788 0.066667 1.000000 1654.000000 1080.000000
0 486 0.341294 0.033796 0.024788 0.065741 1.000000 1654.000000 1080.000000
0 487 0.341294 0.033333 0.024788 0.064815 1.000000 1654.000000 1080.000000
0 488 0.341898 0.032870 0.024788 0.063889 1.000000 1654.000000 1080.000000
0 489 0.341898 0.032407 0.024788 0.062963 1.000000 1654.000000 1080.000000
0 490 0.341898 0.031944 0.024788 0.062037 1.000000 1654.000000 1080.000000
0 491 0.342503 0.031481 0.024788 0.061111 1.000000 1654.000000 1080.000000
0 492 0.342503 0.031019 0.024788 0.060185 1.000000 1654.000000 1080.000000
