0 1 0.130290 0.320370 0.039299 0.144444 0.425400 1654.000000 1080.000000
0 2 0.129081 0.315741 0.039299 0.144444 0.419130 1654.000000 1080.000000
0 3 0.128476 0.311111 0.039299 0.144444 0.421250 1654.000000 1080.000000
0 4 0.127872 0.306944 0.039299 0.145370 0.420500 1654.000000 1080.000000
0 5 0.127267 0.302778 0.039299 0.144444 0.425500 1654.000000 1080.000000
0 6 0.126360 0.298148 0.038694 0.144444 0.417150 1654.000000 1080.000000
0 7 0.125756 0.293981 0.038694 0.145370 0.421710 1654.000000 1080.000000
0 8 0.124849 0.289352 0.039299 0.145370 0.424050 1654.000000 1080.000000
0 9 0.124244 0.285648 0.039299 0.145370 0.425110 1654.000000 1080.000000
0 10 0.123640 0.281019 0.039299 0.145370 0.432200 1654.000000 1080.000000
0 11 0.122733 0.276389 0.038694 0.145370 0.427850 1654.000000 1080.000000
0 12 0.122128 0.272685 0.038694 0.145370 0.434960 1654.000000 1080.000000
0 13 0.121524 0.268056 0.038694 0.145370 0.437590 1654.000000 1080.000000
0 14 0.120617 0.263889 0.039299 0.146296 0.443020 1654.000000 1080.000000
0 15 0.119710 0.259259 0.038694 0.146296 0.443440 1654.000000 1080.000000
0 16 0.119105 0.255093 0.038694 0.145370 0.455310 1654.000000 1080.000000
0 17 0.118501 0.250926 0.038694 0.146296 0.451860 1654.000000 1080.000000
0 18 0.117896 0.246296 0.038694 0.146296 0.466670 1654.000000 1080.000000
0 19 0.117291 0.242593 0.038694 0.146296 0.459700 1654.000000 1080.000000
0 20 0.117291 0.238889 0.038694 0.146296 0.475760 1654.000000 1080.000000
0 21 0.117291 0.235185 0.038694 0.146296 0.478570 1654.000000 1080.000000
0 22 0.117291 0.231481 0.038694 0.146296 0.491820 1654.000000 1080.000000
0 23 0.117896 0.227778 0.038694 0.146296 0.501890 1654.000000 1080.000000
0 24 0.117896 0.224074 0.038694 0.146296 0.507110 1654.000000 1080.000000
0 25 0.117896 0.221296 0.038694 0.146296 0.517370 1654.000000 1080.000000
0 26 0.117896 0.217593 0.038694 0.146296 0.524720 1654.000000 1080.000000
0 27 0.118501 0.213889 0.038694 0.146296 0.546780 1654.000000 1080.000000
0 28 0.118501 0.210185 0.038694 0.146296 0.553850 1654.000000 1080.000000
0 29 0.118501 0.206481 0.038694 0.146296 0.571460 1654.000000 1080.000000
0 30 0.119105 0.203704 0.038694 0.146296 0.577070 1654.000000 1080.000000
0 31 0.118501 0.200926 0.038694 0.146296 0.572330 1654.000000 1080.000000
0 32 0.118501 0.199074 0.038694 0.146296 0.585780 1654.000000 1080.000000
0 33 0.118501 0.196759 0.038694 0.145370 0.593770 1654.000000 1080.000000
0 34 0.118198 0.194907 0.039299 0.145370 0.603860 1654.000000 1080.000000
0 35 0.117896 0.192130 0.038694 0.145370 0.613830 1654.000000 1080.000000
0 36 0.117896 0.190278 0.038694 0.145370 0.630280 1654.000000 1080.000000
0 37 0.117594 0.188426 0.039299 0.145370 0.629170 1654.000000 1080.000000
0 38 0.117594 0.186111 0.039299 0.144444 0.636560 1654.000000 1080.000000
0 39 0.117594 0.184259 0.039299 0.144444 0.640320 1654.000000 1080.000000
0 40 0.116989 0.181481 0.039299 0.144444 0.650260 1654.000000 1080.000000
0 41 0.116989 0.179630 0.039299 0.144444 0.653730 1654.000000 1080.000000
0 42 0.116989 0.177315 0.039299 0.143519 0.660550 1654.000000 1080.000000
0 43 0.116687 0.175463 0.039903 0.143519 0.658630 1654.000000 1080.000000
0 44 0.116687 0.173611 0.039903 0.143519 0.651550 1654.000000 1080.000000
0 45 0.116385 0.170833 0.039299 0.143519 0.639280 1654.000000 1080.000000
0 46 0.116082 0.168981 0.039903 0.143519 0.616920 1654.000000 1080.000000
0 47 0.116082 0.166667 0.039903 0.142593 0.604620 1654.000000 1080.000000
0 48 0.116082 0.164815 0.039903 0.142593 0.578720 1654.000000 1080.000000
0 49 0.116082 0.162963 0.039903 0.142593 0.552820 1654.000000 1080.000000
0 50 0.116687 0.161111 0.039903 0.142593 0.542420 1654.000000 1080.000000
0 51 0.117291 0.159259 0.039903 0.142593 0.523930 1654.000000 1080.000000
0 52 0.117896 0.157870 0.039903 0.143519 0.504020 1654.000000 1080.000000
0 53 0.118501 0.156481 0.039903 0.142593 0.490710 1654.000000 1080.000000
0 54 0.119105 0.154630 0.039903 0.142593 0.472120 1654.000000 1080.000000
0 55 0.119710 0.153241 0.039903 0.143519 0.455610 1654.000000 1080.000000
0 56 0.120314 0.151852 0.039903 0.142593 0.439870 1654.000000 1080.000000
0 57 0.120919 0.150000 0.039903 0.142593 0.418870 1654.000000 1080.000000
0 58 0.121524 0.148611 0.039903 0.143519 0.396290 1654.000000 1080.000000
0 59 0.122128 0.146759 0.039903 0.143519 0.385760 1654.000000 1080.000000
0 60 0.122733 0.145370 0.039903 0.142593 0.358310 1654.000000 1080.000000
0 61 0.123337 0.143981 0.039903 0.143519 0.335440 1654.000000 1080.000000
0 62 0.123942 0.142130 0.039903 0.143519 0.323670 1654.000000 1080.000000
0 63 0.124547 0.140741 0.039903 0.142593 0.308710 1654.000000 1080.000000
0 64 0.125151 0.139352 0.039903 0.143519 0.283390 1654.000000 1080.000000
0 65 0.125756 0.137500 0.039903 0.143519 0.272770 1654.000000 1080.000000
0 66 0.126663 0.136574 0.039299 0.143519 0.257670 1654.000000 1080.000000
0 67 0.126663 0.134722 0.039299 0.143519 0.244370 1654.000000 1080.000000
0 68 0.126663 0.132870 0.039299 0.143519 0.232910 1654.000000 1080.000000
0 69 0.126663 0.131481 0.039299 0.142593 0.230110 1654.000000 1080.000000
0 70 0.127267 0.129630 0.039299 0.142593 0.232260 1654.000000 1080.000000
0 71 0.127267 0.128241 0.039299 0.141667 0.229440 1654.000000 1080.000000
0 72 0.127267 0.126852 0.039299 0.142593 0.227960 1654.000000 1080.000000
0 73 0.127570 0.125463 0.038694 0.141667 0.230870 1654.000000 1080.000000
0 74 0.127872 0.123611 0.039299 0.141667 0.231700 1654.000000 1080.000000
0 75 0.127872 0.121759 0.039299 0.141667 0.233960 1654.000000 1080.000000
0 76 0.128174 0.120370 0.038694 0.140741 0.230570 1654.000000 1080.000000
0 77 0.128174 0.118981 0.038694 0.141667 0.231370 1654.000000 1080.000000
0 78 0.128476 0.117593 0.039299 0.140741 0.227570 1654.000000 1080.000000
0 79 0.128779 0.115741 0.038694 0.140741 0.246350 1654.000000 1080.000000
0 80 0.128779 0.114352 0.038694 0.139815 0.253340 1654.000000 1080.000000
0 81 0.128779 0.112500 0.038694 0.139815 0.289470 1654.000000 1080.000000
0 82 0.129383 0.111574 0.038694 0.139815 0.297170 1654.000000 1080.000000
0 83 0.129686 0.109722 0.038089 0.139815 0.336040 1654.000000 1080.000000
0 84 0.130290 0.108333 0.038089 0.138889 0.347990 1654.000000 1080.000000
0 85 0.130895 0.106944 0.038089 0.137963 0.353440 1654.000000 1080.000000
0 86 0.131499 0.106019 0.038089 0.137963 0.351870 1654.000000 1080.000000
0 87 0.132104 0.104167 0.038089 0.137963 0.376770 1654.000000 1080.000000
0 88 0.132709 0.102778 0.038089 0.137037 0.377730 1654.000000 1080.000000
0 89 0.133313 0.101389 0.038089 0.136111 0.390310 1654.000000 1080.000000
0 90 0.133918 0.100463 0.038089 0.136111 0.398860 1654.000000 1080.000000
0 91 0.134522 0.098611 0.038089 0.136111 0.420400 1654.000000 1080.000000
0 92 0.135127 0.097222 0.038089 0.135185 0.431970 1654.000000 1080.000000
0 93 0.135732 0.095833 0.038089 0.134259 0.434080 1654.000000 1080.000000
0 94 0.136638 0.094907 0.037485 0.134259 0.452270 1654.000000 1080.000000
0 95 0.136638 0.093056 0.037485 0.134259 0.470750 1654.000000 1080.000000
0 96 0.136638 0.092130 0.037485 0.134259 0.473690 1654.000000 1080.000000
0 97 0.136638 0.091204 0.037485 0.134259 0.459990 1654.000000 1080.000000
0 98 0.136638 0.090278 0.037485 0.134259 0.438140 1654.000000 1080.000000
0 99 0.136638 0.089352 0.037485 0.134259 0.417480 1654.000000 1080.000000
0 100 0.136638 0.087500 0.037485 0.134259 0.410630 1654.000000 1080.000000
0 101 0.136638 0.086574 0.037485 0.134259 0.387800 1654.000000 1080.000000
0 102 0.136638 0.085648 0.037485 0.134259 0.372040 1654.000000 1080.000000
0 103 0.136638 0.084722 0.037485 0.134259 0.347030 1654.000000 1080.000000
0 104 0.136638 0.083796 0.037485 0.134259 0.321590 1654.000000 1080.000000
0 105 0.136638 0.082870 0.037485 0.134259 0.326380 1654.000000 1080.000000
0 106 0.136638 0.081481 0.037485 0.133333 0.314070 1654.000000 1080.000000
0 107 0.136638 0.080093 0.037485 0.132407 0.304450 1654.000000 1080.000000
0 108 0.137243 0.078704 0.037485 0.131481 0.312690 1654.000000 1080.000000
0 109 0.137243 0.077315 0.037485 0.130556 0.316120 1654.000000 1080.000000
0 110 0.137848 0.075926 0.037485 0.129630 0.307780 1654.000000 1080.000000
0 111 0.137848 0.074537 0.037485 0.128704 0.312810 1654.000000 1080.000000
0 112 0.138452 0.073148 0.037485 0.127778 0.313580 1654.000000 1080.000000
0 113 0.138452 0.071759 0.037485 0.126852 0.305840 1654.000000 1080.000000
0 114 0.139057 0.071296 0.037485 0.125926 0.296720 1654.000000 1080.000000
0 115 0.139057 0.069907 0.037485 0.125000 0.294700 1654.000000 1080.000000
0 116 0.139057 0.068519 0.037485 0.124074 0.294060 1654.000000 1080.000000
0 117 0.139661 0.067130 0.037485 0.123148 0.294240 1654.000000 1080.000000
0 118 0.139661 0.065741 0.037485 0.122222 0.292760 1654.000000 1080.000000
0 119 0.140266 0.064352 0.037485 0.121296 0.288840 1654.000000 1080.000000
0 120 0.140266 0.062963 0.037485 0.120370 0.277840 1654.000000 1080.000000
0 121 0.140871 0.061574 0.037485 0.119444 0.285100 1654.000000 1080.000000
0 122 0.140871 0.060185 0.037485 0.118519 0.280670 1654.000000 1080.000000
0 123 0.141475 0.059722 0.037485 0.117593 0.265870 1654.000000 1080.000000
0 124 0.141475 0.059259 0.037485 0.116667 0.262970 1654.000000 1080.000000
0 125 0.141475 0.058796 0.037485 0.115741 0.228650 1654.000000 1080.000000
0 126 0.141475 0.058796 0.037485 0.115741 0.208620 1654.000000 1080.000000
0 127 0.141475 0.058333 0.037485 0.114815 0.195430 1654.000000 1080.000000
0 128 0.141475 0.058333 0.037485 0.114815 0.170410 1654.000000 1080.000000
0 129 0.141475 0.057870 0.037485 0.113889 0.158090 1654.000000 1080.000000
0 130 0.141475 0.057870 0.037485 0.113889 0.139780 1654.000000 1080.000000
0 131 0.141475 0.057407 0.037485 0.112963 0.133440 1654.000000 1080.000000
0 132 0.141475 0.056944 0.037485 0.112037 0.132710 1654.000000 1080.000000
0 133 0.141475 0.056944 0.037485 0.112037 0.133750 1654.000000 1080.000000
0 134 0.141475 0.056481 0.037485 0.111111 0.127900 1654.000000 1080.000000
0 135 0.141475 0.056481 0.037485 0.111111 0.127900 1654.000000 1080.000000
0 136 0.141475 0.056019 0.037485 0.110185 0.130290 1654.000000 1080.000000
0 137 0.141475 0.056019 0.037485 0.110185 0.128570 1654.000000 1080.000000
0 138 0.141475 0.055093 0.037485 0.108333 0.124290 1654.000000 1080.000000
0 139 0.142080 0.054630 0.037485 0.107407 0.130650 1654.000000 1080.000000
0 140 0.142684 0.054167 0.037485 0.106481 0.132180 1654.000000 1080.000000
0 141 0.143289 0.053704 0.037485 0.105556 0.129330 1654.000000 1080.000000
0 142 0.143894 0.053241 0.037485 0.104630 0.135060 1654.000000 1080.000000
0 143 0.144498 0.052778 0.037485 0.103704 0.136960 1654.000000 1080.000000
0 144 0.145103 0.052315 0.037485 0.102778 0.140450 1654.000000 1080.000000
0 145 0.145707 0.051852 0.037485 0.101852 0.171890 1654.000000 1080.000000
0 146 0.145707 0.051389 0.037485 0.100926 0.191340 1654.000000 1080.000000
0 147 0.146312 0.050926 0.037485 0.100000 0.223390 1654.000000 1080.000000
0 148 0.146917 0.050463 0.037485 0.099074 0.251320 1654.000000 1080.000000
0 149 0.147521 0.050000 0.037485 0.098148 0.257530 1654.000000 1080.000000
0 150 0.148126 0.049537 0.037485 0.097222 0.261160 1654.000000 1080.000000
0 151 0.148730 0.049074 0.037485 0.096296 0.270750 1654.000000 1080.000000
0 152 0.149335 0.048611 0.037485 0.095370 0.261750 1654.000000 1080.000000
0 153 0.149940 0.048148 0.037485 0.094444 0.265830 1654.000000 1080.000000
0 154 0.150544 0.047685 0.037485 0.093519 0.292560 1654.000000 1080.000000
0 155 0.150544 0.047222 0.037485 0.092593 0.293890 1654.000000 1080.000000
0 156 0.150846 0.047222 0.036880 0.092593 0.285690 1654.000000 1080.000000
0 157 0.151149 0.046759 0.037485 0.091667 0.292860 1654.000000 1080.000000
0 158 0.151451 0.046759 0.036880 0.091667 0.297580 1654.000000 1080.000000
0 159 0.151753 0.046296 0.037485 0.090741 0.305110 1654.000000 1080.000000
0 160 0.152056 0.046296 0.036880 0.090741 0.326160 1654.000000 1080.000000
0 161 0.152660 0.046296 0.036880 0.090741 0.349790 1654.000000 1080.000000
0 162 0.152660 0.045833 0.036880 0.089815 0.359120 1654.000000 1080.000000
0 163 0.153265 0.045833 0.036880 0.089815 0.375250 1654.000000 1080.000000
0 164 0.153265 0.045370 0.036880 0.088889 0.384770 1654.000000 1080.000000
0 165 0.153869 0.045370 0.036880 0.088889 0.408550 1654.000000 1080.000000
0 166 0.153869 0.044907 0.036880 0.087963 0.426750 1654.000000 1080.000000
0 167 0.154474 0.044907 0.036880 0.087963 0.450600 1654.000000 1080.000000
0 168 0.154776 0.044907 0.036276 0.087963 0.465850 1654.000000 1080.000000
0 169 0.155079 0.044444 0.036880 0.087037 0.475890 1654.000000 1080.000000
0 170 0.155381 0.044444 0.036276 0.087037 0.474720 1654.000000 1080.000000
0 171 0.155683 0.043981 0.036880 0.086111 0.492790 1654.000000 1080.000000
0 172 0.155985 0.043981 0.036276 0.086111 0.485180 1654.000000 1080.000000
0 173 0.156590 0.043981 0.036276 0.086111 0.493550 1654.000000 1080.000000
0 174 0.156590 0.043519 0.036276 0.085185 0.505380 1654.000000 1080.000000
0 175 0.157195 0.043519 0.036276 0.085185 0.505380 1654.000000 1080.000000
0 176 0.157195 0.043056 0.036276 0.084259 0.516390 1654.000000 1080.000000
0 177 0.157799 0.043056 0.036276 0.084259 0.524590 1654.000000 1080.000000
0 178 0.157799 0.042593 0.036276 0.083333 0.527650 1654.000000 1080.000000
0 179 0.158404 0.042593 0.036276 0.083333 0.535940 1654.000000 1080.000000
0 180 0.158706 0.042593 0.035671 0.083333 0.536630 1654.000000 1080.000000
0 181 0.159008 0.042130 0.036276 0.082407 0.547540 1654.000000 1080.000000
0 182 0.159311 0.042130 0.035671 0.082407 0.548520 1654.000000 1080.000000
0 183 0.159613 0.041667 0.036276 0.081481 0.567880 1654.000000 1080.000000
0 184 0.159915 0.041667 0.035671 0.081481 0.560670 1654.000000 1080.000000
0 185 0.160520 0.041667 0.035671 0.081481 0.569290 1654.000000 1080.000000
0 186 0.160520 0.041204 0.035671 0.080556 0.581820 1654.000000 1080.000000
0 187 0.161125 0.041204 0.035671 0.080556 0.581820 1654.000000 1080.000000
0 188 0.161125 0.040741 0.035671 0.079630 0.594640 1654.000000 1080.000000
0 189 0.161729 0.040741 0.035671 0.079630 0.603450 1654.000000 1080.000000
0 190 0.161729 0.040278 0.035671 0.078704 0.625000 1654.000000 1080.000000
0 191 0.162334 0.040278 0.035671 0.078704 0.616670 1654.000000 1080.000000
0 192 0.162636 0.040278 0.035067 0.078704 0.610170 1654.000000 1080.000000
0 193 0.162938 0.039815 0.035671 0.077778 0.621180 1654.000000 1080.000000
0 194 0.163241 0.039815 0.035067 0.077778 0.614760 1654.000000 1080.000000
0 195 0.163543 0.039352 0.035671 0.076852 0.625790 1654.000000 1080.000000
0 196 0.163845 0.039352 0.035067 0.076852 0.628730 1654.000000 1080.000000
0 197 0.164450 0.039352 0.035067 0.076852 0.628730 1654.000000 1080.000000
0 198 0.164450 0.038889 0.035067 0.075926 0.633650 1654.000000 1080.000000
0 199 0.165054 0.038426 0.035067 0.075000 0.638690 1654.000000 1080.000000
0 200 0.165659 0.037963 0.035067 0.074074 0.629630 1654.000000 1080.000000
0 201 0.166264 0.037963 0.035067 0.074074 0.639050 1654.000000 1080.000000
0 202 0.166868 0.037500 0.035067 0.073148 0.637080 1654.000000 1080.000000
0 203 0.167473 0.037037 0.035067 0.072222 0.642570 1654.000000 1080.000000
0 204 0.168077 0.036574 0.035067 0.071296 0.641030 1654.000000 1080.000000
0 205 0.168682 0.036574 0.035067 0.071296 0.633850 1654.000000 1080.000000
0 206 0.169287 0.036111 0.035067 0.070370 0.650670 1654.000000 1080.000000
0 207 0.169891 0.035648 0.035067 0.069444 0.642280 1654.000000 1080.000000
0 208 0.170496 0.035185 0.035067 0.068519 0.648590 1654.000000 1080.000000
0 209 0.171100 0.035185 0.035067 0.068519 0.641580 1654.000000 1080.000000
0 210 0.170798 0.034259 0.034462 0.066667 0.681150 1654.000000 1080.000000
0 211 0.170496 0.033333 0.033857 0.064815 0.709410 1654.000000 1080.000000
0 212 0.170496 0.032870 0.033857 0.063889 0.723310 1654.000000 1080.000000
0 213 0.170193 0.031944 0.033253 0.062037 0.740810 1654.000000 1080.000000
0 214 0.170496 0.031019 0.032648 0.060185 0.759230 1654.000000 1080.000000
0 215 0.170193 0.030556 0.032044 0.059259 0.769230 1654.000000 1080.000000
0 216 0.169891 0.029630 0.031439 0.057407 0.806830 1654.000000 1080.000000
0 217 0.169891 0.028704 0.031439 0.055556 0.813800 1654.000000 1080.000000
0 218 0.169891 0.028241 0.030230 0.054630 0.821570 1654.000000 1080.000000
0 219 0.169891 0.027315 0.030230 0.052778 0.843810 1654.000000 1080.000000
0 220 0.169589 0.026389 0.029625 0.050926 0.868210 1654.000000 1080.000000
0 221 0.169287 0.025926 0.029021 0.050000 0.881260 1654.000000 1080.000000
0 222 0.169589 0.025000 0.028416 0.048148 0.905660 1654.000000 1080.000000
0 223 0.169287 0.024074 0.027811 0.046296 0.934920 1654.000000 1080.000000
0 224 0.169287 0.023611 0.027811 0.045370 0.950210 1654.000000 1080.000000
0 225 0.168984 0.022685 0.027207 0.043519 0.965580 1654.000000 1080.000000
0 226 0.169287 0.022222 0.026602 0.042593 0.982030 1654.000000 1080.000000
0 227 0.168682 0.021296 0.026602 0.040741 1.000000 1654.000000 1080.000000
0 228 0.168682 0.020833 0.026602 0.039815 1.000000 1654.000000 1080.000000
0 229 0.168077 0.020370 0.026602 0.038889 1.000000 1654.000000 1080.000000
0 230 0.168077 0.019907 0.026602 0.037963 1.000000 1654.000000 1080.000000
0 231 0.167473 0.019444 0.026602 0.037037 1.000000 1654.000000 1080.000000
0 232 0.167473 0.018981 0.026602 0.036111 1.000000 1654.000000 1080.000000
0 233 0.166868 0.018519 0.026602 0.035185 1.000000 1654.000000 1080.000000
0 234 0.166868 0.018056 0.026602 0.034259 1.000000 1654.000000 1080.000000
0 235 0.166264 0.017593 0.026602 0.033333 1.000000 1654.000000 1080.000000
0 236 0.166264 0.017130 0.026602 0.032407 1.000000 1654.000000 1080.000000
