0 1 0.804111 0.257407 0.037485 0.124074 0.425040 1654.000000 1080.000000
0 2 0.802902 0.251852 0.037485 0.124074 0.436570 1654.000000 1080.000000
0 3 0.802297 0.246296 0.037485 0.124074 0.449500 1654.000000 1080.000000
0 4 0.801693 0.240741 0.037485 0.124074 0.467720 1654.000000 1080.000000
0 5 0.800484 0.235185 0.037485 0.124074 0.479370 1654.000000 1080.000000
0 6 0.799879 0.229630 0.037485 0.124074 0.492180 1654.000000 1080.000000
0 7 0.799274 0.224074 0.037485 0.124074 0.507110 1654.000000 1080.000000
0 8 0.798065 0.218519 0.037485 0.124074 0.518520 1654.000000 1080.000000
0 9 0.797461 0.212963 0.037485 0.124074 0.531220 1654.000000 1080.000000
0 10 0.796856 0.207407 0.037485 0.124074 0.549680 1654.000000 1080.000000
0 11 0.796252 0.203704 0.037485 0.124074 0.549680 1654.000000 1080.000000
0 12 0.795647 0.200000 0.037485 0.124074 0.554610 1654.000000 1080.000000
0 13 0.795042 0.196296 0.037485 0.124074 0.556730 1654.000000 1080.000000
0 14 0.794740 0.193519 0.036880 0.124074 0.565350 1654.000000 1080.000000
0 15 0.794135 0.189815 0.036880 0.124074 0.572520 1654.000000 1080.000000
0 16 0.793531 0.186111 0.036880 0.124074 0.588770 1654.000000 1080.000000
0 17 0.792926 0.182407 0.036880 0.124074 0.591640 1654.000000 1080.000000
0 18 0.792926 0.179630 0.036880 0.124074 0.596770 1654.000000 1080.000000
0 19 0.792322 0.175926 0.036880 0.124074 0.605260 1654.000000 1080.000000
0 20 0.792019 0.172222 0.037485 0.124074 0.619050 1654.000000 1080.000000
0 21 0.791717 0.169444 0.036880 0.124074 0.616490 1654.000000 1080.000000
0 22 0.791415 0.165741 0.037485 0.124074 0.632690 1654.000000 1080.000000
0 23 0.791415 0.162963 0.037485 0.124074 0.630340 1654.000000 1080.000000
0 24 0.790810 0.160185 0.037485 0.124074 0.633160 1654.000000 1080.000000
0 25 0.790810 0.157407 0.037485 0.124074 0.633510 1654.000000 1080.000000
0 26 0.790206 0.154630 0.037485 0.124074 0.635980 1654.000000 1080.000000
0 27 0.790206 0.151852 0.037485 0.124074 0.637040 1654.000000 1080.000000
0 28 0.790206 0.149074 0.037485 0.124074 0.647270 1654.000000 1080.000000
0 29 0.789601 0.146296 0.037485 0.124074 0.645500 1654.000000 1080.000000
0 30 0.789601 0.143519 0.037485 0.124074 0.656670 1654.000000 1080.000000
0 31 0.789601 0.140741 0.037485 0.124074 0.663260 1654.000000 1080.000000
0 32 0.788996 0.137963 0.037485 0.124074 0.667140 1654.000000 1080.000000
0 33 0.788996 0.136111 0.037485 0.124074 0.666080 1654.000000 1080.000000
0 34 0.788996 0.134259 0.037485 0.124074 0.665020 1654.000000 1080.000000
0 35 0.788996 0.132407 0.037485 0.124074 0.670190 1654.000000 1080.000000
0 36 0.788996 0.130556 0.037485 0.124074 0.675370 1654.000000 1080.000000
0 37 0.788996 0.128704 0.037485 0.124074 0.680540 1654.000000 1080.000000
0 38 0.788694 0.125926 0.036880 0.124074 0.692350 1654.000000 1080.000000
0 39 0.788694 0.124074 0.036880 0.124074 0.695220 1654.000000 1080.000000
0 40 0.788694 0.122222 0.036880 0.124074 0.700360 1654.000000 1080.000000
0 41 0.788392 0.120370 0.037485 0.124074 0.692530 1654.000000 1080.000000
0 42 0.788392 0.118519 0.037485 0.124074 0.697470 1654.000000 1080.000000
0 43 0.788392 0.116667 0.037485 0.124074 0.702410 1654.000000 1080.000000
0 44 0.788089 0.113889 0.036880 0.124074 0.710040 1654.000000 1080.000000
0 45 0.788089 0.112037 0.036880 0.124074 0.714930 1654.000000 1080.000000
0 46 0.788089 0.110185 0.036880 0.124074 0.719830 1654.000000 1080.000000
0 47 0.788089 0.108333 0.036880 0.124074 0.724730 1654.000000 1080.000000
0 48 0.788089 0.106481 0.036880 0.124074 0.721620 1654.000000 1080.000000
0 49 0.788089 0.104630 0.036880 0.124074 0.723780 1654.000000 1080.000000
0 50 0.788089 0.101852 0.036880 0.124074 0.735960 1654.000000 1080.000000
0 51 0.788089 0.099074 0.036880 0.124074 0.748150 1654.000000 1080.000000
0 52 0.788089 0.097222 0.036880 0.124074 0.752930 1654.000000 1080.000000
0 53 0.788089 0.094444 0.036880 0.124074 0.765110 1654.000000 1080.000000
0 54 0.788089 0.092593 0.036880 0.124074 0.765230 1654.000000 1080.000000
0 55 0.788089 0.089815 0.036880 0.124074 0.773360 1654.000000 1080.000000
0 56 0.788089 0.087963 0.036880 0.124074 0.766430 1654.000000 1080.000000
0 57 0.788089 0.086111 0.036880 0.124074 0.769180 1654.000000 1080.000000
0 58 0.788089 0.085185 0.036880 0.124074 0.769410 1654.000000 1080.000000
0 59 0.788089 0.084259 0.036880 0.124074 0.766550 1654.000000 1080.000000
0 60 0.788089 0.083333 0.036880 0.124074 0.766430 1654.000000 1080.000000
0 61 0.788089 0.081481 0.036880 0.124074 0.766430 1654.000000 1080.000000
0 62 0.788089 0.080556 0.036880 0.124074 0.763680 1654.000000 1080.000000
0 63 0.788089 0.079630 0.036880 0.124074 0.750540 1654.000000 1080.000000
0 64 0.788089 0.078704 0.036880 0.124074 0.768700 1654.000000 1080.000000
0 65 0.788089 0.077778 0.036880 0.124074 0.789730 1654.000000 1080.000000
0 66 0.788392 0.075926 0.037485 0.124074 0.803410 1654.000000 1080.000000
0 67 0.788996 0.075000 0.038694 0.124074 0.824390 1654.000000 1080.000000
0 68 0.789903 0.074074 0.039299 0.124074 0.841080 1654.000000 1080.000000
0 69 0.790508 0.073148 0.040508 0.124074 0.838890 1654.000000 1080.000000
0 70 0.791112 0.072222 0.040508 0.124074 0.856970 1654.000000 1080.000000
0 71 0.791717 0.071296 0.041717 0.124074 0.860530 1654.000000 1080.000000
0 72 0.792624 0.070370 0.042322 0.124074 0.863540 1654.000000 1080.000000
0 73 0.793229 0.069444 0.043531 0.124074 0.866060 1654.000000 1080.000000
0 74 0.794135 0.068519 0.044135 0.124074 0.866470 1654.000000 1080.000000
0 75 0.795042 0.067593 0.043531 0.124074 0.865750 1654.000000 1080.000000
0 76 0.795949 0.066667 0.042926 0.124074 0.848770 1654.000000 1080.000000
0 77 0.796856 0.066204 0.042322 0.123148 0.828570 1654.000000 1080.000000
0 78 0.797763 0.065741 0.041717 0.124074 0.802960 1654.000000 1080.000000
0 79 0.798670 0.065278 0.041112 0.123148 0.782070 1654.000000 1080.000000
0 80 0.799577 0.064352 0.040508 0.123148 0.762070 1654.000000 1080.000000
0 81 0.800484 0.064352 0.039903 0.123148 0.730450 1654.000000 1080.000000
0 82 0.801088 0.063426 0.039903 0.123148 0.711960 1654.000000 1080.000000
0 83 0.801693 0.063426 0.039903 0.123148 0.688570 1654.000000 1080.000000
0 84 0.802297 0.062963 0.039903 0.122222 0.666590 1654.000000 1080.000000
0 85 0.802902 0.062963 0.039903 0.122222 0.648640 1654.000000 1080.000000
0 86 0.804111 0.062037 0.039903 0.122222 0.621370 1654.000000 1080.000000
0 87 0.804716 0.062037 0.039903 0.122222 0.606100 1654.000000 1080.000000
0 88 0.805320 0.061574 0.039903 0.121296 0.582990 1654.000000 1080.000000
0 89 0.805925 0.061574 0.039903 0.121296 0.561960 1654.000000 1080.000000
0 90 0.807134 0.061574 0.039903 0.121296 0.526010 1654.000000 1080.000000
0 91 0.807134 0.060648 0.039903 0.119444 0.525600 1654.000000 1080.000000
0 92 0.807739 0.060185 0.039903 0.118519 0.505500 1654.000000 1080.000000
0 93 0.808343 0.059722 0.039903 0.117593 0.485660 1654.000000 1080.000000
0 94 0.808646 0.058796 0.039299 0.115741 0.469580 1654.000000 1080.000000
0 95 0.808948 0.058333 0.039903 0.114815 0.463400 1654.000000 1080.000000
0 96 0.809553 0.057870 0.039903 0.113889 0.442220 1654.000000 1080.000000
0 97 0.809855 0.056944 0.039299 0.112037 0.424490 1654.000000 1080.000000
0 98 0.810459 0.056481 0.039299 0.111111 0.404830 1654.000000 1080.000000
0 99 0.811064 0.056019 0.039299 0.110185 0.386240 1654.000000 1080.000000
0 100 0.811064 0.055093 0.039299 0.108333 0.375830 1654.000000 1080.000000
0 101 0.811669 0.054630 0.039299 0.107407 0.361050 1654.000000 1080.000000
0 102 0.811669 0.054167 0.039299 0.106481 0.349530 1654.000000 1080.000000
0 103 0.812273 0.053704 0.039299 0.105556 0.339390 1654.000000 1080.000000
0 104 0.812273 0.053241 0.039299 0.104630 0.324830 1654.000000 1080.000000
0 105 0.812878 0.052778 0.039299 0.103704 0.312950 1654.000000 1080.000000
0 106 0.813180 0.052315 0.039903 0.102778 0.297440 1654.000000 1080.000000
0 107 0.813482 0.051852 0.039299 0.101852 0.286510 1654.000000 1080.000000
0 108 0.813785 0.051389 0.039903 0.100926 0.280330 1654.000000 1080.000000
0 109 0.814087 0.050926 0.039299 0.100000 0.259660 1654.000000 1080.000000
0 110 0.814389 0.050463 0.039903 0.099074 0.247650 1654.000000 1080.000000
0 111 0.814994 0.050000 0.039903 0.098148 0.235180 1654.000000 1080.000000
0 112 0.814994 0.049537 0.039903 0.097222 0.218810 1654.000000 1080.000000
0 113 0.815599 0.049074 0.039903 0.096296 0.205690 1654.000000 1080.000000
0 114 0.815599 0.048611 0.039903 0.095370 0.192310 1654.000000 1080.000000
0 115 0.816203 0.048148 0.039903 0.094444 0.174760 1654.000000 1080.000000
0 116 0.816808 0.047685 0.039903 0.093519 0.166670 1654.000000 1080.000000
0 117 0.816203 0.046296 0.039903 0.090741 0.161620 1654.000000 1080.000000
0 118 0.816203 0.045370 0.039903 0.088889 0.150480 1654.000000 1080.000000
0 119 0.816203 0.044444 0.039903 0.087037 0.143130 1654.000000 1080.000000
0 120 0.816203 0.043056 0.039903 0.084259 0.136920 1654.000000 1080.000000
0 121 0.815901 0.042130 0.039299 0.082407 0.124580 1654.000000 1080.000000
0 122 0.815901 0.041204 0.039299 0.080556 0.116390 1654.000000 1080.000000
0 123 0.815901 0.039815 0.039299 0.077778 0.108730 1654.000000 1080.000000
0 124 0.815901 0.038889 0.039299 0.075926 0.094743 1654.000000 1080.000000
0 125 0.815901 0.037963 0.039299 0.074074 0.084736 1654.000000 1080.000000
0 126 0.815901 0.037037 0.039299 0.072222 0.082087 1654.000000 1080.000000
0 127 0.816203 0.036111 0.038694 0.070370 0.065934 1654.000000 1080.000000
0 128 0.816203 0.035185 0.038694 0.068519 0.054359 1654.000000 1080.000000
0 129 0.816505 0.034259 0.038089 0.066667 0.051370 1654.000000 1080.000000
0 130 0.816505 0.033796 0.038089 0.065741 0.043403 1654.000000 1080.000000
0 131 0.816808 0.032870 0.037485 0.063889 0.035374 1654.000000 1080.000000
0 132 0.817110 0.031944 0.036880 0.062037 0.036053 1654.000000 1080.000000
0 133 0.817110 0.031019 0.036880 0.060185 0.028592 1654.000000 1080.000000
0 134 0.817412 0.030093 0.036276 0.058333 0.019467 1654.000000 1080.000000
0 135 0.817412 0.029630 0.036276 0.057407 0.019776 1654.000000 1080.000000
0 136 0.817715 0.028704 0.035671 0.055556 0.010383 1654.000000 1080.000000
0 137 0.817715 0.027778 0.035671 0.053704 0.000000 1654.000000 1080.000000
0 138 0.818017 0.026852 0.035067 0.051852 0.000000 1654.000000 1080.000000
0 139 0.818319 0.026389 0.034462 0.050926 0.000000 1654.000000 1080.000000
0 140 0.818319 0.025463 0.034462 0.049074 0.000000 1654.000000 1080.000000
0 141 0.818924 0.025000 0.034462 0.048148 0.000000 1654.000000 1080.000000
0 142 0.818924 0.024074 0.034462 0.046296 0.000000 1654.000000 1080.000000
0 143 0.819528 0.023611 0.034462 0.045370 0.000000 1654.000000 1080.000000
0 144 0.819528 0.022685 0.034462 0.043519 0.000000 1654.000000 1080.000000
0 145 0.820133 0.022222 0.034462 0.042593 0.000000 1654.000000 1080.000000
0 146 0.820133 0.021296 0.034462 0.040741 0.000000 1654.000000 1080.000000
0 147 0.820738 0.020833 0.034462 0.039815 0.000000 1654.000000 1080.000000
0 148 0.820738 0.019907 0.034462 0.037963 0.000000 1654.000000 1080.000000
0 149 0.821342 0.019444 0.034462 0.037037 0.000000 1654.000000 1080.000000
0 150 0.821947 0.018981 0.034462 0.036111 0.000000 1654.000000 1080.000000
0 151 0.821947 0.018056 0.034462 0.034259 0.000000 1654.000000 1080.000000
0 152 0.822551 0.017593 0.034462 0.033333 0.000000 1654.000000 1080.000000
0 153 0.823156 0.017130 0.034462 0.032407 0.018678 1654.000000 1080.000000
0 154 0.823761 0.016667 0.034462 0.031481 0.019212 1654.000000 1080.000000
0 155 0.823761 0.015741 0.034462 0.029630 0.020899 1654.000000 1080.000000
0 156 0.824365 0.015278 0.034462 0.028704 0.043103 1654.000000 1080.000000
0 157 0.824970 0.014815 0.034462 0.027778 0.044494 1654.000000 1080.000000
