0 1793 0.017533 0.985185 0.029021 0.029630 1.000000 1654.000000 1080.000000
0 1794 0.017533 0.983333 0.031439 0.033333 1.000000 1654.000000 1080.000000
0 1795 0.017836 0.981481 0.033253 0.037037 1.000000 1654.000000 1080.000000
0 1796 0.018440 0.979630 0.035671 0.040741 1.000000 1654.000000 1080.000000
0 1797 0.019045 0.977778 0.036880 0.044444 1.000000 1654.000000 1080.000000
0 1798 0.019649 0.975926 0.038089 0.048148 1.000000 1654.000000 1080.000000
0 1799 0.020556 0.974074 0.039903 0.051852 1.000000 1654.000000 1080.000000
0 1800 0.021161 0.972222 0.041112 0.055556 1.000000 1654.000000 1080.000000
0 1801 0.022068 0.970833 0.042926 0.058333 1.000000 1654.000000 1080.000000
0 1802 0.022975 0.968981 0.044740 0.062037 1.000000 1654.000000 1080.000000
0 1803 0.023881 0.967130 0.046554 0.065741 1.000000 1654.000000 1080.000000
0 1804 0.025091 0.965741 0.048972 0.068519 1.000000 1654.000000 1080.000000
0 1805 0.025393 0.963889 0.049577 0.072222 1.000000 1654.000000 1080.000000
0 1806 0.025998 0.962500 0.050786 0.075000 1.000000 1654.000000 1080.000000
0 1807 0.026300 0.961111 0.051391 0.077778 1.000000 1654.000000 1080.000000
0 1808 0.026904 0.959722 0.052600 0.080556 1.000000 1654.000000 1080.000000
0 1809 0.027509 0.958796 0.053809 0.084259 0.989130 1654.000000 1080.000000
0 1810 0.027811 0.956944 0.054414 0.087963 0.827150 1654.000000 1080.000000
0 1811 0.028416 0.955093 0.055623 0.091667 0.765270 1654.000000 1080.000000
0 1812 0.028718 0.953704 0.056227 0.094444 0.751700 1654.000000 1080.000000
0 1813 0.029927 0.951852 0.056227 0.098148 0.739110 1654.000000 1080.000000
0 1814 0.031137 0.950463 0.056227 0.100926 0.932880 1654.000000 1080.000000
0 1815 0.031741 0.948611 0.056227 0.104630 0.928240 1654.000000 1080.000000
0 1816 0.032950 0.947222 0.056227 0.107407 0.928170 1654.000000 1080.000000
0 1817 0.034160 0.945370 0.056227 0.111111 0.928430 1654.000000 1080.000000
0 1818 0.034764 0.943981 0.056227 0.113889 0.925450 1654.000000 1080.000000
0 1819 0.035973 0.942130 0.056227 0.117593 0.614030 1654.000000 1080.000000
0 1820 0.037183 0.940741 0.056227 0.120370 0.600620 1654.000000 1080.000000
0 1821 0.037787 0.939352 0.056227 0.123148 0.594790 1654.000000 1080.000000
0 1822 0.038392 0.938426 0.056227 0.125000 0.919430 1654.000000 1080.000000
0 1823 0.038996 0.937500 0.056227 0.126852 0.912890 1654.000000 1080.000000
0 1824 0.039601 0.936111 0.056227 0.129630 0.904630 1654.000000 1080.000000
0 1825 0.040206 0.935185 0.056227 0.131481 0.897780 1654.000000 1080.000000
0 1826 0.040810 0.934259 0.056227 0.133333 0.890830 1654.000000 1080.000000
0 1827 0.042019 0.933333 0.056227 0.135185 0.886810 1654.000000 1080.000000
0 1828 0.042019 0.931481 0.056227 0.138889 0.878260 1654.000000 1080.000000
0 1829 0.042019 0.930093 0.056227 0.141667 0.507460 1654.000000 1080.000000
0 1830 0.042322 0.928241 0.055623 0.145370 0.861980 1654.000000 1080.000000
0 1831 0.042624 0.926852 0.056227 0.148148 0.853970 1654.000000 1080.000000
0 1832 0.042926 0.925000 0.055623 0.151852 0.843860 1654.000000 1080.000000
0 1833 0.042926 0.923611 0.055623 0.154630 0.828150 1654.000000 1080.000000
0 1834 0.043531 0.922222 0.055623 0.157407 0.818520 1654.000000 1080.000000
0 1835 0.044740 0.919444 0.055623 0.159259 0.504820 1654.000000 1080.000000
0 1836 0.045949 0.917130 0.055623 0.160185 0.505620 1654.000000 1080.000000
0 1837 0.047158 0.915278 0.055623 0.162037 0.502750 1654.000000 1080.000000
0 1838 0.048368 0.912963 0.055623 0.162963 0.497960 1654.000000 1080.000000
0 1839 0.049577 0.910648 0.055623 0.163889 0.491420 1654.000000 1080.000000
0 1840 0.050786 0.908796 0.055623 0.165741 0.485660 1654.000000 1080.000000
0 1841 0.051995 0.906481 0.055623 0.166667 0.479710 1654.000000 1080.000000
0 1842 0.053204 0.904630 0.055623 0.168519 0.473710 1654.000000 1080.000000
0 1843 0.052600 0.901389 0.055623 0.167593 0.501060 1654.000000 1080.000000
0 1844 0.052600 0.898148 0.055623 0.166667 0.515300 1654.000000 1080.000000
0 1845 0.052600 0.895370 0.055623 0.164815 0.525320 1654.000000 1080.000000
0 1846 0.052600 0.892130 0.055623 0.163889 0.540650 1654.000000 1080.000000
0 1847 0.052297 0.889352 0.056227 0.162037 0.558390 1654.000000 1080.000000
0 1848 0.052297 0.886111 0.056227 0.161111 0.573980 1654.000000 1080.000000
0 1849 0.051995 0.883333 0.055623 0.159259 0.588660 1654.000000 1080.000000
0 1850 0.051995 0.880093 0.055623 0.158333 0.605030 1654.000000 1080.000000
0 1851 0.051693 0.877315 0.056227 0.156481 0.623400 1654.000000 1080.000000
0 1852 0.051693 0.874074 0.056227 0.155556 0.640060 1654.000000 1080.000000
0 1853 0.051693 0.871296 0.056227 0.153704 0.657340 1654.000000 1080.000000
0 1854 0.051693 0.868056 0.056227 0.152778 0.669250 1654.000000 1080.000000
0 1855 0.051693 0.865741 0.056227 0.151852 0.685880 1654.000000 1080.000000
0 1856 0.051693 0.863426 0.056227 0.152778 0.695910 1654.000000 1080.000000
0 1857 0.051693 0.861574 0.056227 0.152778 0.711290 1654.000000 1080.000000
0 1858 0.051693 0.859259 0.056227 0.153704 0.721370 1654.000000 1080.000000
0 1859 0.051693 0.857870 0.056227 0.154630 0.735310 1654.000000 1080.000000
0 1860 0.051693 0.855556 0.056227 0.155556 0.738950 1654.000000 1080.000000
0 1861 0.051693 0.853704 0.056227 0.155556 0.743480 1654.000000 1080.000000
0 1862 0.051693 0.851389 0.056227 0.156481 0.751500 1654.000000 1080.000000
0 1863 0.051693 0.850000 0.056227 0.157407 0.748160 1654.000000 1080.000000
0 1864 0.051693 0.847685 0.056227 0.158333 0.756620 1654.000000 1080.000000
0 1865 0.051693 0.845833 0.056227 0.158333 0.763550 1654.000000 1080.000000
0 1866 0.051693 0.843519 0.056227 0.159259 0.770380 1654.000000 1080.000000
0 1867 0.051693 0.842130 0.056227 0.160185 0.786130 1654.000000 1080.000000
0 1868 0.051391 0.839352 0.055623 0.160185 0.802000 1654.000000 1080.000000
0 1869 0.051391 0.836574 0.055623 0.160185 0.822270 1654.000000 1080.000000
0 1870 0.051693 0.834722 0.055018 0.160185 0.837080 1654.000000 1080.000000
0 1871 0.051391 0.831944 0.054414 0.160185 0.857710 1654.000000 1080.000000
0 1872 0.051693 0.829167 0.053809 0.160185 0.876630 1654.000000 1080.000000
0 1873 0.051693 0.827315 0.053809 0.160185 0.886590 1654.000000 1080.000000
0 1874 0.051693 0.824537 0.052600 0.160185 0.912420 1654.000000 1080.000000
0 1875 0.051693 0.821759 0.052600 0.160185 0.931880 1654.000000 1080.000000
0 1876 0.051995 0.819907 0.051995 0.160185 0.930640 1654.000000 1080.000000
0 1877 0.051391 0.817130 0.051995 0.160185 0.940550 1654.000000 1080.000000
0 1878 0.050786 0.814352 0.051995 0.160185 0.960360 1654.000000 1080.000000
0 1879 0.050181 0.812500 0.051995 0.160185 0.970080 1654.000000 1080.000000
0 1880 0.050181 0.809722 0.051995 0.160185 0.980050 1654.000000 1080.000000
0 1881 0.049577 0.807870 0.051995 0.160185 0.989960 1654.000000 1080.000000
0 1882 0.048972 0.805093 0.051995 0.160185 1.000000 1654.000000 1080.000000
0 1883 0.048972 0.803241 0.051995 0.160185 1.000000 1654.000000 1080.000000
0 1884 0.048368 0.800926 0.051995 0.161111 1.000000 1654.000000 1080.000000
0 1885 0.048368 0.799074 0.051995 0.161111 1.000000 1654.000000 1080.000000
0 1886 0.048368 0.797222 0.051995 0.161111 1.000000 1654.000000 1080.000000
0 1887 0.048368 0.795833 0.051995 0.162037 1.000000 1654.000000 1080.000000
0 1888 0.048065 0.793981 0.051391 0.162037 1.000000 1654.000000 1080.000000
0 1889 0.048065 0.792130 0.051391 0.162037 1.000000 1654.000000 1080.000000
0 1890 0.048065 0.790278 0.051391 0.162037 1.000000 1654.000000 1080.000000
0 1891 0.048065 0.788889 0.051391 0.162963 1.000000 1654.000000 1080.000000
0 1892 0.047461 0.784722 0.051391 0.162037 1.000000 1654.000000 1080.000000
0 1893 0.047461 0.781481 0.051391 0.161111 1.000000 1654.000000 1080.000000
0 1894 0.047461 0.777315 0.051391 0.160185 1.000000 1654.000000 1080.000000
0 1895 0.046856 0.774074 0.051391 0.159259 1.000000 1654.000000 1080.000000
0 1896 0.046856 0.769907 0.051391 0.158333 1.000000 1654.000000 1080.000000
0 1897 0.046856 0.766667 0.051391 0.157407 1.000000 1654.000000 1080.000000
0 1898 0.046856 0.763426 0.051391 0.156481 1.000000 1654.000000 1080.000000
0 1899 0.046856 0.761111 0.051391 0.157407 1.000000 1654.000000 1080.000000
0 1900 0.046856 0.759259 0.051391 0.157407 1.000000 1654.000000 1080.000000
0 1901 0.046856 0.757407 0.051391 0.157407 1.000000 1654.000000 1080.000000
0 1902 0.046856 0.755556 0.051391 0.157407 1.000000 1654.000000 1080.000000
0 1903 0.047461 0.754167 0.051391 0.158333 1.000000 1654.000000 1080.000000
0 1904 0.047461 0.751852 0.051391 0.159259 1.000000 1654.000000 1080.000000
0 1905 0.047461 0.750000 0.051391 0.159259 1.000000 1654.000000 1080.000000
0 1906 0.047461 0.748148 0.051391 0.159259 1.000000 1654.000000 1080.000000
0 1907 0.047461 0.746296 0.051391 0.159259 1.000000 1654.000000 1080.000000
0 1908 0.048065 0.744907 0.051391 0.160185 1.000000 1654.000000 1080.000000
0 1909 0.048065 0.742130 0.051391 0.160185 1.000000 1654.000000 1080.000000
0 1910 0.048065 0.740278 0.051391 0.160185 1.000000 1654.000000 1080.000000
0 1911 0.048065 0.737500 0.051391 0.160185 1.000000 1654.000000 1080.000000
0 1912 0.048065 0.735648 0.051391 0.160185 1.000000 1654.000000 1080.000000
0 1913 0.048065 0.732870 0.051391 0.160185 1.000000 1654.000000 1080.000000
0 1914 0.048065 0.731019 0.051391 0.160185 1.000000 1654.000000 1080.000000
0 1915 0.048065 0.728241 0.051391 0.160185 1.000000 1654.000000 1080.000000
0 1916 0.048065 0.726389 0.051391 0.160185 1.000000 1654.000000 1080.000000
0 1917 0.048065 0.723611 0.051391 0.160185 1.000000 1654.000000 1080.000000
0 1918 0.048368 0.721759 0.050786 0.160185 1.000000 1654.000000 1080.000000
0 1919 0.048972 0.718981 0.050786 0.160185 1.000000 1654.000000 1080.000000
0 1920 0.049274 0.717130 0.050181 0.160185 1.000000 1654.000000 1080.000000
0 1921 0.049274 0.715278 0.050181 0.160185 1.000000 1654.000000 1080.000000
0 1922 0.049879 0.712500 0.050181 0.160185 1.000000 1654.000000 1080.000000
0 1923 0.050181 0.710648 0.049577 0.160185 1.000000 1654.000000 1080.000000
0 1924 0.050786 0.708796 0.049577 0.160185 1.000000 1654.000000 1080.000000
0 1925 0.051088 0.705093 0.048972 0.160185 1.000000 1654.000000 1080.000000
0 1926 0.051693 0.702315 0.048972 0.160185 1.000000 1654.000000 1080.000000
0 1927 0.052297 0.699537 0.047763 0.160185 1.000000 1654.000000 1080.000000
0 1928 0.052902 0.696759 0.047763 0.160185 1.000000 1654.000000 1080.000000
0 1929 0.053809 0.693981 0.047158 0.160185 1.000000 1654.000000 1080.000000
0 1930 0.053809 0.693056 0.047158 0.160185 1.000000 1654.000000 1080.000000
0 1931 0.053809 0.692130 0.047158 0.160185 1.000000 1654.000000 1080.000000
0 1932 0.053809 0.691204 0.047158 0.160185 0.993450 1654.000000 1080.000000
0 1933 0.053809 0.690278 0.047158 0.160185 0.986610 1654.000000 1080.000000
0 1934 0.054414 0.689352 0.047158 0.160185 0.979050 1654.000000 1080.000000
0 1935 0.053809 0.685185 0.047158 0.157407 0.989560 1654.000000 1080.000000
0 1936 0.053204 0.681481 0.047158 0.155556 0.996480 1654.000000 1080.000000
0 1937 0.052600 0.677778 0.047158 0.153704 1.000000 1654.000000 1080.000000
0 1938 0.051995 0.674074 0.047158 0.151852 1.000000 1654.000000 1080.000000
0 1939 0.051693 0.670833 0.046554 0.149074 1.000000 1654.000000 1080.000000
0 1940 0.051693 0.669444 0.046554 0.150000 1.000000 1654.000000 1080.000000
0 1941 0.052297 0.668056 0.046554 0.150926 1.000000 1654.000000 1080.000000
0 1942 0.052600 0.666667 0.045949 0.151852 1.000000 1654.000000 1080.000000
0 1943 0.053204 0.665278 0.045949 0.152778 0.992020 1654.000000 1080.000000
0 1944 0.053507 0.663889 0.046554 0.153704 0.983720 1654.000000 1080.000000
0 1945 0.053809 0.662500 0.045949 0.154630 0.974950 1654.000000 1080.000000
0 1946 0.054414 0.661111 0.045949 0.155556 0.966190 1654.000000 1080.000000
0 1947 0.055018 0.660185 0.045949 0.157407 0.948050 1654.000000 1080.000000
0 1948 0.055623 0.656944 0.045949 0.156481 0.950420 1654.000000 1080.000000
0 1949 0.056832 0.653704 0.045949 0.155556 0.952360 1654.000000 1080.000000
0 1950 0.057437 0.650926 0.045949 0.155556 0.951590 1654.000000 1080.000000
0 1951 0.058646 0.647685 0.045949 0.154630 0.954780 1654.000000 1080.000000
0 1952 0.059250 0.644444 0.045949 0.153704 0.958940 1654.000000 1080.000000
0 1953 0.060459 0.641667 0.045949 0.153704 0.958320 1654.000000 1080.000000
0 1954 0.061064 0.638426 0.045949 0.152778 0.968080 1654.000000 1080.000000
0 1955 0.062273 0.636111 0.045949 0.151852 0.954900 1654.000000 1080.000000
0 1956 0.062273 0.634259 0.045949 0.151852 0.961980 1654.000000 1080.000000
0 1957 0.062273 0.632407 0.045949 0.151852 0.961980 1654.000000 1080.000000
0 1958 0.062576 0.631481 0.046554 0.151852 0.951750 1654.000000 1080.000000
0 1959 0.062576 0.629630 0.046554 0.151852 0.946390 1654.000000 1080.000000
0 1960 0.062576 0.627778 0.046554 0.151852 0.947160 1654.000000 1080.000000
0 1961 0.062878 0.626852 0.047158 0.151852 0.940930 1654.000000 1080.000000
0 1962 0.062878 0.625000 0.047158 0.151852 0.940930 1654.000000 1080.000000
0 1963 0.063482 0.624074 0.047158 0.151852 0.934640 1654.000000 1080.000000
0 1964 0.062878 0.621296 0.047158 0.151852 0.940930 1654.000000 1080.000000
0 1965 0.062878 0.619444 0.047158 0.151852 0.940930 1654.000000 1080.000000
0 1966 0.062273 0.617593 0.047158 0.151852 0.947070 1654.000000 1080.000000
0 1967 0.062273 0.615741 0.047158 0.151852 0.947070 1654.000000 1080.000000
0 1968 0.061669 0.612963 0.047158 0.151852 0.953050 1654.000000 1080.000000
0 1969 0.061669 0.611111 0.047158 0.151852 0.953050 1654.000000 1080.000000
0 1970 0.061064 0.609259 0.047158 0.151852 0.953740 1654.000000 1080.000000
0 1971 0.061064 0.607407 0.047158 0.151852 0.953740 1654.000000 1080.000000
0 1972 0.061366 0.604167 0.046554 0.150926 0.968570 1654.000000 1080.000000
0 1973 0.061971 0.601852 0.046554 0.150000 0.967440 1654.000000 1080.000000
0 1974 0.062576 0.599537 0.046554 0.149074 0.959880 1654.000000 1080.000000
0 1975 0.063180 0.597222 0.046554 0.148148 0.952380 1654.000000 1080.000000
0 1976 0.063785 0.594907 0.046554 0.147222 0.939100 1654.000000 1080.000000
0 1977 0.064389 0.592130 0.046554 0.147222 0.931890 1654.000000 1080.000000
0 1978 0.064994 0.589815 0.046554 0.146296 0.924610 1654.000000 1080.000000
0 1979 0.065599 0.587500 0.046554 0.145370 0.924210 1654.000000 1080.000000
0 1980 0.066203 0.585185 0.046554 0.144444 0.917030 1654.000000 1080.000000
0 1981 0.067110 0.582870 0.045949 0.143519 0.921580 1654.000000 1080.000000
0 1982 0.067110 0.581481 0.045949 0.144444 0.910000 1654.000000 1080.000000
0 1983 0.067110 0.580556 0.045949 0.146296 0.911050 1654.000000 1080.000000
0 1984 0.067110 0.579630 0.045949 0.148148 0.960470 1654.000000 1080.000000
0 1985 0.067110 0.578241 0.045949 0.149074 0.948370 1654.000000 1080.000000
0 1986 0.067110 0.577315 0.045949 0.150926 0.936810 1654.000000 1080.000000
0 1987 0.067110 0.576389 0.045949 0.152778 0.919500 1654.000000 1080.000000
0 1988 0.067110 0.575926 0.045949 0.153704 0.907460 1654.000000 1080.000000
0 1989 0.067110 0.573148 0.045949 0.153704 0.908000 1654.000000 1080.000000
0 1990 0.067110 0.570833 0.045949 0.152778 0.902680 1654.000000 1080.000000
0 1991 0.067110 0.568056 0.045949 0.152778 0.915980 1654.000000 1080.000000
0 1992 0.067110 0.566204 0.045949 0.152778 0.917070 1654.000000 1080.000000
0 1993 0.067110 0.563426 0.045949 0.152778 0.917540 1654.000000 1080.000000
0 1994 0.067110 0.561111 0.045949 0.151852 0.923890 1654.000000 1080.000000
0 1995 0.067110 0.558333 0.045949 0.151852 0.925620 1654.000000 1080.000000
0 1996 0.067110 0.556481 0.045949 0.151852 0.927350 1654.000000 1080.000000
0 1997 0.067110 0.553704 0.045949 0.151852 0.926330 1654.000000 1080.000000
0 1998 0.067110 0.551389 0.045949 0.150926 0.929840 1654.000000 1080.000000
0 1999 0.067110 0.549537 0.045949 0.150926 0.929760 1654.000000 1080.000000
0 2000 0.067715 0.546759 0.045949 0.150926 0.932770 1654.000000 1080.000000
0 2001 0.068924 0.544444 0.045949 0.150000 0.936260 1654.000000 1080.000000
0 2002 0.070133 0.542130 0.045949 0.149074 0.940360 1654.000000 1080.000000
0 2003 0.071342 0.539815 0.045949 0.148148 0.921270 1654.000000 1080.000000
0 2004 0.071947 0.537500 0.045949 0.147222 0.925240 1654.000000 1080.000000
0 2005 0.073156 0.535185 0.045949 0.146296 0.918240 1654.000000 1080.000000
0 2006 0.074365 0.532870 0.045949 0.145370 0.897670 1654.000000 1080.000000
0 2007 0.075574 0.530556 0.045949 0.144444 0.886760 1654.000000 1080.000000
0 2008 0.076784 0.528241 0.045949 0.143519 0.873960 1654.000000 1080.000000
0 2009 0.076784 0.526389 0.045949 0.143519 0.882370 1654.000000 1080.000000
0 2010 0.076784 0.525000 0.045949 0.144444 0.943590 1654.000000 1080.000000
0 2011 0.076784 0.523148 0.045949 0.144444 0.939370 1654.000000 1080.000000
0 2012 0.077086 0.521759 0.046554 0.145370 0.927130 1654.000000 1080.000000
0 2013 0.077086 0.520370 0.046554 0.144444 0.922100 1654.000000 1080.000000
0 2014 0.077086 0.518981 0.046554 0.145370 0.910010 1654.000000 1080.000000
0 2015 0.077388 0.517130 0.047158 0.145370 0.910110 1654.000000 1080.000000
0 2016 0.077388 0.515741 0.047158 0.146296 0.899370 1654.000000 1080.000000
0 2017 0.077388 0.513889 0.047158 0.146296 0.886950 1654.000000 1080.000000
0 2018 0.077993 0.512963 0.047158 0.146296 0.875570 1654.000000 1080.000000
0 2019 0.077993 0.510185 0.047158 0.146296 0.893080 1654.000000 1080.000000
0 2020 0.078295 0.507870 0.046554 0.145370 0.898730 1654.000000 1080.000000
0 2021 0.078295 0.505093 0.046554 0.145370 0.899550 1654.000000 1080.000000
0 2022 0.078597 0.502778 0.045949 0.144444 0.905290 1654.000000 1080.000000
0 2023 0.079202 0.500463 0.045949 0.143519 0.905680 1654.000000 1080.000000
0 2024 0.079807 0.497685 0.047158 0.143519 0.912370 1654.000000 1080.000000
0 2025 0.080713 0.495833 0.047763 0.143519 0.888540 1654.000000 1080.000000
0 2026 0.081620 0.493981 0.048368 0.143519 0.871560 1654.000000 1080.000000
0 2027 0.082527 0.491667 0.048972 0.142593 0.866560 1654.000000 1080.000000
0 2028 0.083434 0.489815 0.049577 0.142593 0.857050 1654.000000 1080.000000
0 2029 0.084039 0.487500 0.050786 0.143519 0.847960 1654.000000 1080.000000
0 2030 0.084946 0.485185 0.051391 0.142593 0.839830 1654.000000 1080.000000
0 2031 0.085852 0.483333 0.051995 0.142593 0.829960 1654.000000 1080.000000
0 2032 0.086759 0.481481 0.052600 0.142593 0.822580 1654.000000 1080.000000
0 2033 0.087666 0.479630 0.053204 0.142593 0.811960 1654.000000 1080.000000
0 2034 0.087364 0.477778 0.053809 0.142593 0.822870 1654.000000 1080.000000
0 2035 0.087666 0.476852 0.054414 0.142593 0.816730 1654.000000 1080.000000
0 2036 0.087666 0.475000 0.055623 0.142593 0.815680 1654.000000 1080.000000
0 2037 0.087969 0.474074 0.056227 0.142593 0.807620 1654.000000 1080.000000
0 2038 0.088271 0.472222 0.056832 0.142593 0.807470 1654.000000 1080.000000
0 2039 0.088271 0.471296 0.058041 0.142593 0.801930 1654.000000 1080.000000
0 2040 0.088573 0.469444 0.058646 0.142593 0.802170 1654.000000 1080.000000
0 2041 0.088875 0.468519 0.059250 0.142593 0.795050 1654.000000 1080.000000
0 2042 0.089782 0.466667 0.058646 0.142593 0.793480 1654.000000 1080.000000
0 2043 0.090689 0.464815 0.058041 0.142593 0.798800 1654.000000 1080.000000
0 2044 0.091596 0.462963 0.057437 0.142593 0.790120 1654.000000 1080.000000
0 2045 0.092805 0.461111 0.056227 0.142593 0.780580 1654.000000 1080.000000
0 2046 0.093712 0.459259 0.055623 0.142593 0.769680 1654.000000 1080.000000
0 2047 0.094619 0.457407 0.055018 0.142593 0.865080 1654.000000 1080.000000
0 2048 0.095526 0.455556 0.054414 0.142593 0.865440 1654.000000 1080.000000
0 2049 0.096735 0.453704 0.053204 0.142593 0.868290 1654.000000 1080.000000
0 2050 0.097642 0.451852 0.052600 0.142593 0.866720 1654.000000 1080.000000
0 2051 0.098549 0.450000 0.051995 0.142593 0.867110 1654.000000 1080.000000
0 2052 0.100060 0.449074 0.051391 0.142593 0.859860 1654.000000 1080.000000
0 2053 0.100967 0.447222 0.049577 0.142593 0.857290 1654.000000 1080.000000
0 2054 0.102177 0.446296 0.048368 0.142593 0.849380 1654.000000 1080.000000
0 2055 0.103386 0.444444 0.047158 0.142593 0.849000 1654.000000 1080.000000
0 2056 0.104897 0.443519 0.045345 0.142593 0.843720 1654.000000 1080.000000
0 2057 0.105804 0.441667 0.043531 0.142593 0.841800 1654.000000 1080.000000
0 2058 0.107013 0.440741 0.042322 0.142593 0.837530 1654.000000 1080.000000
0 2059 0.108222 0.438889 0.041112 0.142593 0.832630 1654.000000 1080.000000
0 2060 0.109734 0.437963 0.039299 0.142593 0.822480 1654.000000 1080.000000
0 2061 0.109734 0.435648 0.039299 0.141667 0.817590 1654.000000 1080.000000
0 2062 0.110339 0.433796 0.039299 0.141667 0.814050 1654.000000 1080.000000
0 2063 0.110641 0.431481 0.039903 0.140741 0.815820 1654.000000 1080.000000
0 2064 0.111245 0.429630 0.039903 0.140741 0.811630 1654.000000 1080.000000
0 2065 0.111548 0.427315 0.039299 0.139815 0.819580 1654.000000 1080.000000
0 2066 0.111850 0.425463 0.039903 0.139815 0.814220 1654.000000 1080.000000
0 2067 0.112455 0.423148 0.039903 0.138889 0.681620 1654.000000 1080.000000
0 2068 0.113059 0.421759 0.039903 0.137963 0.680800 1654.000000 1080.000000
0 2069 0.113059 0.419444 0.039903 0.137037 0.683660 1654.000000 1080.000000
0 2070 0.113059 0.417130 0.039903 0.136111 0.694030 1654.000000 1080.000000
0 2071 0.113362 0.415278 0.039299 0.136111 0.689390 1654.000000 1080.000000
0 2072 0.113362 0.412963 0.039299 0.135185 0.703980 1654.000000 1080.000000
0 2073 0.113362 0.410648 0.039299 0.134259 0.707760 1654.000000 1080.000000
0 2074 0.113664 0.408796 0.038694 0.134259 0.726660 1654.000000 1080.000000
0 2075 0.113664 0.406481 0.038694 0.133333 0.735280 1654.000000 1080.000000
0 2076 0.114268 0.405093 0.038694 0.132407 0.714530 1654.000000 1080.000000
0 2077 0.114268 0.403704 0.038694 0.133333 0.718620 1654.000000 1080.000000
0 2078 0.114571 0.402778 0.039299 0.135185 0.700470 1654.000000 1080.000000
0 2079 0.114873 0.401852 0.039903 0.135185 0.690120 1654.000000 1080.000000
0 2080 0.114873 0.400926 0.039903 0.137037 0.776720 1654.000000 1080.000000
0 2081 0.115175 0.400000 0.040508 0.137037 0.769340 1654.000000 1080.000000
0 2082 0.115478 0.399074 0.041112 0.138889 0.756310 1654.000000 1080.000000
0 2083 0.115478 0.397685 0.041112 0.139815 0.742660 1654.000000 1080.000000
0 2084 0.115780 0.397222 0.041717 0.140741 0.732590 1654.000000 1080.000000
0 2085 0.116082 0.395833 0.042322 0.141667 0.722610 1654.000000 1080.000000
0 2086 0.116687 0.395370 0.042322 0.142593 0.709310 1654.000000 1080.000000
0 2087 0.117291 0.393056 0.042322 0.141667 0.706790 1654.000000 1080.000000
0 2088 0.117896 0.390741 0.042322 0.140741 0.705880 1654.000000 1080.000000
0 2089 0.119105 0.388889 0.042322 0.138889 0.706180 1654.000000 1080.000000
0 2090 0.119710 0.386574 0.042322 0.137963 0.700940 1654.000000 1080.000000
0 2091 0.120617 0.384259 0.041717 0.137037 0.710070 1654.000000 1080.000000
0 2092 0.121524 0.382407 0.042322 0.135185 0.707290 1654.000000 1080.000000
0 2093 0.122430 0.380093 0.041717 0.134259 0.713410 1654.000000 1080.000000
0 2094 0.123035 0.377778 0.041717 0.133333 0.717640 1654.000000 1080.000000
0 2095 0.124244 0.376389 0.041717 0.132407 0.715580 1654.000000 1080.000000
0 2096 0.124547 0.374537 0.041112 0.132407 0.712760 1654.000000 1080.000000
0 2097 0.125151 0.373611 0.041112 0.132407 0.710750 1654.000000 1080.000000
0 2098 0.125756 0.371759 0.041112 0.132407 0.489130 1654.000000 1080.000000
0 2099 0.126360 0.370833 0.041112 0.132407 0.495870 1654.000000 1080.000000
0 2100 0.126965 0.368981 0.041112 0.132407 0.510670 1654.000000 1080.000000
0 2101 0.127570 0.368056 0.041112 0.132407 0.524460 1654.000000 1080.000000
0 2102 0.127570 0.366204 0.041112 0.132407 0.524660 1654.000000 1080.000000
0 2103 0.127872 0.364815 0.040508 0.133333 0.535290 1654.000000 1080.000000
0 2104 0.127872 0.363426 0.040508 0.132407 0.548820 1654.000000 1080.000000
0 2105 0.128476 0.362037 0.040508 0.133333 0.699390 1654.000000 1080.000000
0 2106 0.128779 0.361111 0.039903 0.133333 0.699850 1654.000000 1080.000000
0 2107 0.128779 0.359259 0.039903 0.133333 0.706850 1654.000000 1080.000000
0 2108 0.129383 0.358333 0.039903 0.133333 0.706850 1654.000000 1080.000000
0 2109 0.129686 0.356944 0.039299 0.134259 0.709940 1654.000000 1080.000000
0 2110 0.129686 0.355093 0.039299 0.134259 0.716690 1654.000000 1080.000000
0 2111 0.130290 0.354167 0.039299 0.134259 0.717410 1654.000000 1080.000000
0 2112 0.130593 0.352778 0.038694 0.135185 0.720150 1654.000000 1080.000000
0 2113 0.130593 0.351389 0.038694 0.134259 0.722230 1654.000000 1080.000000
0 2114 0.131197 0.350000 0.038694 0.135185 0.722760 1654.000000 1080.000000
0 2115 0.131197 0.348611 0.038694 0.134259 0.719280 1654.000000 1080.000000
0 2116 0.131499 0.347222 0.038089 0.135185 0.711310 1654.000000 1080.000000
0 2117 0.132104 0.346296 0.038089 0.135185 0.703440 1654.000000 1080.000000
0 2118 0.132104 0.344444 0.038089 0.135185 0.703760 1654.000000 1080.000000
0 2119 0.132406 0.343056 0.037485 0.136111 0.692840 1654.000000 1080.000000
0 2120 0.133011 0.342130 0.037485 0.136111 0.692510 1654.000000 1080.000000
0 2121 0.133011 0.340278 0.037485 0.136111 0.684470 1654.000000 1080.000000
0 2122 0.133313 0.339352 0.036880 0.136111 0.673390 1654.000000 1080.000000
0 2123 0.133918 0.337963 0.036880 0.137037 0.672550 1654.000000 1080.000000
0 2124 0.133918 0.336574 0.036880 0.136111 0.664340 1654.000000 1080.000000
0 2125 0.134220 0.335185 0.036276 0.137037 0.654970 1654.000000 1080.000000
0 2126 0.134825 0.334259 0.036276 0.137037 0.651780 1654.000000 1080.000000
0 2127 0.134220 0.332407 0.036276 0.137037 0.651560 1654.000000 1080.000000
0 2128 0.133615 0.330556 0.036276 0.137037 0.644960 1654.000000 1080.000000
0 2129 0.133011 0.328704 0.036276 0.137037 0.646940 1654.000000 1080.000000
0 2130 0.132406 0.327778 0.036276 0.137037 0.633840 1654.000000 1080.000000
0 2131 0.131802 0.325926 0.036276 0.137037 0.633400 1654.000000 1080.000000
0 2132 0.131197 0.324074 0.036276 0.137037 0.627790 1654.000000 1080.000000
0 2133 0.130593 0.323148 0.036276 0.137037 0.620970 1654.000000 1080.000000
0 2134 0.129988 0.321296 0.036276 0.137037 0.613490 1654.000000 1080.000000
0 2135 0.129383 0.319444 0.036276 0.137037 0.613600 1654.000000 1080.000000
0 2136 0.129081 0.318519 0.036880 0.137037 0.599480 1654.000000 1080.000000
0 2137 0.128476 0.316667 0.036880 0.137037 0.598610 1654.000000 1080.000000
0 2138 0.127872 0.314815 0.036880 0.137037 0.584330 1654.000000 1080.000000
0 2139 0.127267 0.313889 0.036880 0.137037 0.570470 1654.000000 1080.000000
0 2140 0.126663 0.312037 0.036880 0.137037 0.577180 1654.000000 1080.000000
0 2141 0.126058 0.310185 0.036880 0.137037 0.583890 1654.000000 1080.000000
0 2142 0.125453 0.309259 0.036880 0.137037 0.590600 1654.000000 1080.000000
0 2143 0.124849 0.307407 0.036880 0.137037 0.597320 1654.000000 1080.000000
0 2144 0.124244 0.305556 0.036880 0.137037 0.615500 1654.000000 1080.000000
0 2145 0.124244 0.304630 0.036880 0.137037 0.632820 1654.000000 1080.000000
0 2146 0.123337 0.302778 0.037485 0.137037 0.630870 1654.000000 1080.000000
0 2147 0.122733 0.300926 0.037485 0.137037 0.630870 1654.000000 1080.000000
0 2148 0.122430 0.299074 0.038089 0.137037 0.625100 1654.000000 1080.000000
0 2149 0.121826 0.298148 0.038089 0.137037 0.620070 1654.000000 1080.000000
0 2150 0.121221 0.296296 0.038089 0.137037 0.617450 1654.000000 1080.000000
0 2151 0.120919 0.294444 0.038694 0.137037 0.620960 1654.000000 1080.000000
0 2152 0.120314 0.292593 0.038694 0.137037 0.633450 1654.000000 1080.000000
0 2153 0.119710 0.291667 0.038694 0.137037 0.642440 1654.000000 1080.000000
0 2154 0.119407 0.289815 0.039299 0.137037 0.666560 1654.000000 1080.000000
0 2155 0.118803 0.287963 0.039299 0.137037 0.680090 1654.000000 1080.000000
0 2156 0.118501 0.286111 0.039903 0.137037 0.695780 1654.000000 1080.000000
0 2157 0.117896 0.285185 0.039903 0.137037 0.709910 1654.000000 1080.000000
0 2158 0.117291 0.283333 0.039903 0.137037 0.715520 1654.000000 1080.000000
0 2159 0.116989 0.281481 0.040508 0.137037 0.704600 1654.000000 1080.000000
0 2160 0.116385 0.279630 0.040508 0.137037 0.715850 1654.000000 1080.000000
0 2161 0.115780 0.278704 0.040508 0.137037 0.701540 1654.000000 1080.000000
0 2162 0.115478 0.276852 0.041112 0.137037 0.698760 1654.000000 1080.000000
0 2163 0.114873 0.275000 0.041112 0.137037 0.686800 1654.000000 1080.000000
0 2164 0.114571 0.274074 0.041717 0.137037 0.678720 1654.000000 1080.000000
0 2165 0.113966 0.272222 0.041717 0.137037 0.670470 1654.000000 1080.000000
0 2166 0.113966 0.271296 0.041717 0.137037 0.669610 1654.000000 1080.000000
0 2167 0.113966 0.270370 0.041717 0.137037 0.669130 1654.000000 1080.000000
0 2168 0.113966 0.269444 0.041717 0.137037 0.650810 1654.000000 1080.000000
0 2169 0.113664 0.268519 0.041112 0.137037 0.652370 1654.000000 1080.000000
0 2170 0.113664 0.267593 0.041112 0.137037 0.644200 1654.000000 1080.000000
0 2171 0.113664 0.266667 0.041112 0.137037 0.643230 1654.000000 1080.000000
0 2172 0.113362 0.265741 0.041717 0.137037 0.628950 1654.000000 1080.000000
0 2173 0.113362 0.264815 0.041717 0.137037 0.623780 1654.000000 1080.000000
0 2174 0.113059 0.263889 0.041112 0.137037 0.624940 1654.000000 1080.000000
0 2175 0.113059 0.262963 0.041112 0.137037 0.609570 1654.000000 1080.000000
0 2176 0.113059 0.262037 0.041112 0.137037 0.612290 1654.000000 1080.000000
0 2177 0.113059 0.261111 0.041112 0.137037 0.612490 1654.000000 1080.000000
0 2178 0.113059 0.260185 0.041112 0.137037 0.607630 1654.000000 1080.000000
0 2179 0.112455 0.258333 0.041112 0.137037 0.601600 1654.000000 1080.000000
0 2180 0.112455 0.256481 0.041112 0.137037 0.598580 1654.000000 1080.000000
0 2181 0.112152 0.254630 0.040508 0.137037 0.608570 1654.000000 1080.000000
0 2182 0.111850 0.253704 0.041112 0.137037 0.590310 1654.000000 1080.000000
0 2183 0.111850 0.251852 0.041112 0.137037 0.573290 1654.000000 1080.000000
0 2184 0.111548 0.250000 0.040508 0.137037 0.550140 1654.000000 1080.000000
0 2185 0.111548 0.249074 0.040508 0.137037 0.528820 1654.000000 1080.000000
0 2186 0.111245 0.247222 0.041112 0.137037 0.508900 1654.000000 1080.000000
0 2187 0.110943 0.245370 0.040508 0.137037 0.485790 1654.000000 1080.000000
0 2188 0.110943 0.244444 0.040508 0.137037 0.464860 1654.000000 1080.000000
0 2189 0.110641 0.242593 0.041112 0.137037 0.442660 1654.000000 1080.000000
0 2190 0.110339 0.240741 0.040508 0.137037 0.433870 1654.000000 1080.000000
0 2191 0.110339 0.239815 0.040508 0.137037 0.421730 1654.000000 1080.000000
0 2192 0.110036 0.237963 0.039903 0.137037 0.408690 1654.000000 1080.000000
0 2193 0.109734 0.236111 0.040508 0.137037 0.412360 1654.000000 1080.000000
0 2194 0.109734 0.235185 0.040508 0.137037 0.402290 1654.000000 1080.000000
0 2195 0.109432 0.233333 0.039903 0.137037 0.390260 1654.000000 1080.000000
0 2196 0.109129 0.231481 0.040508 0.137037 0.389460 1654.000000 1080.000000
0 2197 0.109129 0.230556 0.040508 0.137037 0.380480 1654.000000 1080.000000
0 2198 0.108827 0.228704 0.039903 0.137037 0.369630 1654.000000 1080.000000
0 2199 0.108827 0.226852 0.039903 0.137037 0.376340 1654.000000 1080.000000
0 2200 0.108525 0.225926 0.040508 0.137037 0.366960 1654.000000 1080.000000
0 2201 0.108222 0.224074 0.039903 0.137037 0.355700 1654.000000 1080.000000
0 2202 0.108222 0.222222 0.039903 0.137037 0.355700 1654.000000 1080.000000
0 2203 0.108222 0.221296 0.039903 0.137037 0.355700 1654.000000 1080.000000
0 2204 0.108222 0.219444 0.039903 0.137037 0.362420 1654.000000 1080.000000
0 2205 0.108222 0.218519 0.039903 0.137037 0.362420 1654.000000 1080.000000
0 2206 0.108222 0.217593 0.039903 0.137037 0.362420 1654.000000 1080.000000
0 2207 0.108222 0.216667 0.039903 0.137037 0.362420 1654.000000 1080.000000
0 2208 0.108222 0.215741 0.039903 0.137037 0.355700 1654.000000 1080.000000
0 2209 0.108222 0.214815 0.039903 0.137037 0.348990 1654.000000 1080.000000
0 2210 0.108222 0.213889 0.039903 0.137037 0.348990 1654.000000 1080.000000
0 2211 0.108222 0.212500 0.039903 0.137963 0.346670 1654.000000 1080.000000
0 2212 0.108222 0.211574 0.039903 0.137963 0.346670 1654.000000 1080.000000
0 2213 0.108222 0.210648 0.039903 0.137963 0.340000 1654.000000 1080.000000
0 2214 0.108222 0.209722 0.039903 0.137963 0.340000 1654.000000 1080.000000
0 2215 0.108222 0.208333 0.039903 0.137037 0.335570 1654.000000 1080.000000
0 2216 0.108222 0.207407 0.039903 0.137037 0.328860 1654.000000 1080.000000
0 2217 0.108222 0.206481 0.039903 0.137037 0.328860 1654.000000 1080.000000
0 2218 0.108222 0.205556 0.039903 0.137037 0.322150 1654.000000 1080.000000
0 2219 0.108222 0.204167 0.039903 0.137963 0.326670 1654.000000 1080.000000
0 2220 0.108222 0.203241 0.039903 0.137963 0.320000 1654.000000 1080.000000
0 2221 0.108222 0.202315 0.039903 0.137963 0.320000 1654.000000 1080.000000
0 2222 0.108222 0.201389 0.039903 0.137963 0.313330 1654.000000 1080.000000
0 2223 0.108222 0.200463 0.039903 0.137963 0.313330 1654.000000 1080.000000
0 2224 0.108222 0.199537 0.039903 0.137963 0.305070 1654.000000 1080.000000
0 2225 0.108222 0.198611 0.039903 0.137963 0.297010 1654.000000 1080.000000
0 2226 0.108222 0.197685 0.039903 0.137963 0.295220 1654.000000 1080.000000
0 2227 0.108827 0.196759 0.039903 0.137963 0.288860 1654.000000 1080.000000
0 2228 0.109734 0.195833 0.039299 0.137963 0.290300 1654.000000 1080.000000
0 2229 0.110339 0.194907 0.039299 0.137963 0.282420 1654.000000 1080.000000
0 2230 0.111245 0.193981 0.038694 0.137963 0.283790 1654.000000 1080.000000
0 2231 0.112152 0.193519 0.038089 0.137037 0.273800 1654.000000 1080.000000
0 2232 0.113059 0.192593 0.038694 0.137037 0.273830 1654.000000 1080.000000
0 2233 0.113966 0.191667 0.038089 0.137037 0.275170 1654.000000 1080.000000
0 2234 0.114873 0.190741 0.037485 0.137037 0.275170 1654.000000 1080.000000
0 2235 0.115478 0.189815 0.037485 0.137037 0.275170 1654.000000 1080.000000
0 2236 0.116385 0.189352 0.036880 0.136111 0.270270 1654.000000 1080.000000
0 2237 0.117594 0.188426 0.036880 0.136111 0.273650 1654.000000 1080.000000
0 2238 0.118198 0.187500 0.036880 0.136111 0.280300 1654.000000 1080.000000
0 2239 0.119105 0.186574 0.036276 0.136111 0.280350 1654.000000 1080.000000
0 2240 0.120012 0.185648 0.035671 0.136111 0.280410 1654.000000 1080.000000
0 2241 0.120617 0.185185 0.035671 0.135185 0.275280 1654.000000 1080.000000
0 2242 0.121524 0.184259 0.035067 0.135185 0.278340 1654.000000 1080.000000
0 2243 0.122733 0.183333 0.035067 0.135185 0.287210 1654.000000 1080.000000
0 2244 0.123337 0.182407 0.035067 0.135185 0.286870 1654.000000 1080.000000
0 2245 0.124244 0.182407 0.034462 0.135185 0.279500 1654.000000 1080.000000
0 2246 0.125151 0.181481 0.033857 0.135185 0.279270 1654.000000 1080.000000
0 2247 0.125756 0.180556 0.033857 0.135185 0.278550 1654.000000 1080.000000
0 2248 0.126965 0.179630 0.033857 0.135185 0.280220 1654.000000 1080.000000
0 2249 0.127872 0.178704 0.033253 0.135185 0.285710 1654.000000 1080.000000
0 2250 0.128476 0.178241 0.033253 0.134259 0.280330 1654.000000 1080.000000
0 2251 0.129383 0.177315 0.032648 0.134259 0.280820 1654.000000 1080.000000
0 2252 0.130290 0.176389 0.032044 0.134259 0.280310 1654.000000 1080.000000
0 2253 0.130895 0.175463 0.032044 0.134259 0.279050 1654.000000 1080.000000
0 2254 0.132104 0.174537 0.032044 0.134259 0.285390 1654.000000 1080.000000
0 2255 0.133011 0.174074 0.031439 0.133333 0.278990 1654.000000 1080.000000
0 2256 0.133615 0.173148 0.031439 0.133333 0.278200 1654.000000 1080.000000
0 2257 0.134522 0.172222 0.030834 0.133333 0.276660 1654.000000 1080.000000
0 2258 0.135429 0.171296 0.030230 0.133333 0.275860 1654.000000 1080.000000
0 2259 0.136336 0.170370 0.030834 0.133333 0.277720 1654.000000 1080.000000
0 2260 0.137243 0.169907 0.030230 0.132407 0.277780 1654.000000 1080.000000
0 2261 0.138150 0.168981 0.029625 0.132407 0.278470 1654.000000 1080.000000
0 2262 0.138755 0.168056 0.029625 0.132407 0.278890 1654.000000 1080.000000
0 2263 0.139661 0.167130 0.029021 0.132407 0.279050 1654.000000 1080.000000
0 2264 0.140871 0.167130 0.029021 0.132407 0.272530 1654.000000 1080.000000
0 2265 0.142080 0.166204 0.029021 0.132407 0.272960 1654.000000 1080.000000
0 2266 0.143289 0.165278 0.029021 0.132407 0.273380 1654.000000 1080.000000
0 2267 0.145103 0.164352 0.029021 0.132407 0.274230 1654.000000 1080.000000
0 2268 0.146312 0.163426 0.029021 0.132407 0.274800 1654.000000 1080.000000
0 2269 0.148126 0.162500 0.029021 0.132407 0.276500 1654.000000 1080.000000
0 2270 0.149335 0.161574 0.029021 0.132407 0.277210 1654.000000 1080.000000
0 2271 0.150846 0.160648 0.029625 0.132407 0.279170 1654.000000 1080.000000
0 2272 0.152358 0.159722 0.029021 0.132407 0.280190 1654.000000 1080.000000
0 2273 0.153869 0.158796 0.029625 0.132407 0.282500 1654.000000 1080.000000
0 2274 0.155381 0.157870 0.029021 0.132407 0.283730 1654.000000 1080.000000
0 2275 0.156892 0.156944 0.029625 0.132407 0.287500 1654.000000 1080.000000
0 2276 0.158404 0.156019 0.029021 0.132407 0.288410 1654.000000 1080.000000
0 2277 0.159915 0.155093 0.029625 0.132407 0.289170 1654.000000 1080.000000
0 2278 0.161125 0.154167 0.029625 0.132407 0.292220 1654.000000 1080.000000
0 2279 0.162938 0.153241 0.029625 0.132407 0.303190 1654.000000 1080.000000
0 2280 0.164148 0.152315 0.029625 0.132407 0.306110 1654.000000 1080.000000
0 2281 0.165961 0.151389 0.029625 0.132407 0.313610 1654.000000 1080.000000
0 2282 0.167170 0.150463 0.029625 0.132407 0.320830 1654.000000 1080.000000
0 2283 0.168984 0.150463 0.029625 0.132407 0.318060 1654.000000 1080.000000
0 2284 0.168984 0.148148 0.029625 0.131481 0.332170 1654.000000 1080.000000
0 2285 0.169589 0.146296 0.029625 0.131481 0.337060 1654.000000 1080.000000
0 2286 0.170193 0.144907 0.029625 0.130556 0.344510 1654.000000 1080.000000
0 2287 0.170496 0.143056 0.030230 0.130556 0.356120 1654.000000 1080.000000
0 2288 0.171100 0.141667 0.030230 0.129630 0.356830 1654.000000 1080.000000
0 2289 0.171403 0.139352 0.029625 0.128704 0.372290 1654.000000 1080.000000
0 2290 0.172007 0.137500 0.029625 0.128704 0.379430 1654.000000 1080.000000
0 2291 0.172310 0.136111 0.030230 0.127778 0.387220 1654.000000 1080.000000
0 2292 0.172914 0.134259 0.030230 0.127778 0.398360 1654.000000 1080.000000
0 2293 0.173519 0.132870 0.030230 0.126852 0.401250 1654.000000 1080.000000
0 2294 0.173821 0.130556 0.029625 0.125926 0.417520 1654.000000 1080.000000
0 2295 0.174123 0.128704 0.030230 0.125926 0.428940 1654.000000 1080.000000
0 2296 0.174728 0.127315 0.030230 0.125000 0.426040 1654.000000 1080.000000
0 2297 0.175333 0.125463 0.030230 0.125000 0.433390 1654.000000 1080.000000
0 2298 0.175937 0.124074 0.030230 0.124074 0.428760 1654.000000 1080.000000
0 2299 0.175937 0.122222 0.030230 0.124074 0.435440 1654.000000 1080.000000
0 2300 0.176542 0.121296 0.030230 0.124074 0.433550 1654.000000 1080.000000
0 2301 0.177146 0.119444 0.030230 0.124074 0.434420 1654.000000 1080.000000
0 2302 0.177751 0.118519 0.030230 0.124074 0.432390 1654.000000 1080.000000
0 2303 0.178356 0.116667 0.030230 0.124074 0.440520 1654.000000 1080.000000
0 2304 0.178960 0.115741 0.030230 0.124074 0.431520 1654.000000 1080.000000
0 2305 0.179565 0.114815 0.030230 0.124074 0.431520 1654.000000 1080.000000
0 2306 0.180169 0.112963 0.030230 0.124074 0.437040 1654.000000 1080.000000
0 2307 0.180774 0.112037 0.030230 0.124074 0.439510 1654.000000 1080.000000
0 2308 0.180774 0.110185 0.030230 0.124074 0.444880 1654.000000 1080.000000
0 2309 0.181378 0.109259 0.030230 0.124074 0.447490 1654.000000 1080.000000
0 2310 0.181983 0.108333 0.030230 0.124074 0.448080 1654.000000 1080.000000
0 2311 0.182588 0.106481 0.030230 0.124074 0.455480 1654.000000 1080.000000
0 2312 0.183192 0.105556 0.030230 0.124074 0.458970 1654.000000 1080.000000
0 2313 0.183797 0.103704 0.030230 0.124074 0.466380 1654.000000 1080.000000
0 2314 0.184401 0.102778 0.030230 0.124074 0.467100 1654.000000 1080.000000
0 2315 0.185006 0.101852 0.030230 0.124074 0.470150 1654.000000 1080.000000
0 2316 0.185611 0.100000 0.030230 0.124074 0.484100 1654.000000 1080.000000
0 2317 0.185611 0.099074 0.030230 0.124074 0.481920 1654.000000 1080.000000
0 2318 0.186215 0.097222 0.030230 0.124074 0.492370 1654.000000 1080.000000
0 2319 0.186820 0.096296 0.030230 0.124074 0.492520 1654.000000 1080.000000
0 2320 0.187424 0.095370 0.030230 0.124074 0.492520 1654.000000 1080.000000
0 2321 0.188029 0.093519 0.030230 0.124074 0.503120 1654.000000 1080.000000
0 2322 0.188634 0.092593 0.030230 0.124074 0.503120 1654.000000 1080.000000
0 2323 0.189238 0.090741 0.030230 0.124074 0.510680 1654.000000 1080.000000
0 2324 0.189843 0.089815 0.030230 0.124074 0.513730 1654.000000 1080.000000
0 2325 0.190447 0.088889 0.030230 0.124074 0.513870 1654.000000 1080.000000
0 2326 0.190447 0.087037 0.030230 0.124074 0.524040 1654.000000 1080.000000
0 2327 0.191052 0.086111 0.030230 0.124074 0.511260 1654.000000 1080.000000
0 2328 0.191657 0.084259 0.030230 0.124074 0.505880 1654.000000 1080.000000
0 2329 0.192261 0.083333 0.030230 0.124074 0.499490 1654.000000 1080.000000
0 2330 0.192261 0.081481 0.030230 0.124074 0.490200 1654.000000 1080.000000
0 2331 0.192866 0.080556 0.030230 0.124074 0.477120 1654.000000 1080.000000
0 2332 0.193470 0.078704 0.030230 0.124074 0.473640 1654.000000 1080.000000
0 2333 0.194075 0.077778 0.030230 0.124074 0.473640 1654.000000 1080.000000
0 2334 0.194075 0.075926 0.030230 0.124074 0.483510 1654.000000 1080.000000
0 2335 0.194680 0.075000 0.030230 0.124074 0.490340 1654.000000 1080.000000
0 2336 0.195284 0.073148 0.030230 0.124074 0.504580 1654.000000 1080.000000
0 2337 0.195889 0.072222 0.030230 0.124074 0.511400 1654.000000 1080.000000
0 2338 0.195889 0.070370 0.030230 0.124074 0.522000 1654.000000 1080.000000
0 2339 0.196493 0.069444 0.030230 0.124074 0.528980 1654.000000 1080.000000
0 2340 0.197098 0.067593 0.030230 0.124074 0.543360 1654.000000 1080.000000
0 2341 0.197703 0.066667 0.030230 0.124074 0.550330 1654.000000 1080.000000
0 2342 0.198005 0.065278 0.030834 0.123148 0.561280 1654.000000 1080.000000
0 2343 0.198609 0.064352 0.030834 0.121296 0.566430 1654.000000 1080.000000
0 2344 0.199214 0.063426 0.030834 0.119444 0.567460 1654.000000 1080.000000
0 2345 0.199516 0.062500 0.031439 0.117593 0.568400 1654.000000 1080.000000
0 2346 0.200121 0.061574 0.031439 0.115741 0.569480 1654.000000 1080.000000
0 2347 0.200726 0.060648 0.031439 0.113889 0.570600 1654.000000 1080.000000
0 2348 0.201330 0.059259 0.031439 0.112963 0.572170 1654.000000 1080.000000
0 2349 0.201632 0.058333 0.032044 0.111111 0.573310 1654.000000 1080.000000
0 2350 0.202237 0.057870 0.032044 0.110185 0.569750 1654.000000 1080.000000
0 2351 0.202842 0.056944 0.032044 0.108333 0.570940 1654.000000 1080.000000
0 2352 0.203446 0.056019 0.032044 0.106481 0.572160 1654.000000 1080.000000
0 2353 0.203748 0.055093 0.032648 0.104630 0.570180 1654.000000 1080.000000
0 2354 0.204353 0.054167 0.032648 0.102778 0.562500 1654.000000 1080.000000
0 2355 0.204958 0.052778 0.032648 0.101852 0.558560 1654.000000 1080.000000
0 2356 0.205260 0.051852 0.033253 0.100000 0.550460 1654.000000 1080.000000
0 2357 0.205865 0.050926 0.033253 0.098148 0.542060 1654.000000 1080.000000
0 2358 0.206469 0.050000 0.033253 0.096296 0.533330 1654.000000 1080.000000
0 2359 0.207074 0.049537 0.033253 0.095370 0.519230 1654.000000 1080.000000
0 2360 0.207376 0.048611 0.033857 0.093519 0.519090 1654.000000 1080.000000
0 2361 0.207981 0.047222 0.033857 0.092593 0.515200 1654.000000 1080.000000
0 2362 0.208585 0.046296 0.033857 0.090741 0.506470 1654.000000 1080.000000
0 2363 0.209190 0.045370 0.033857 0.088889 0.506780 1654.000000 1080.000000
0 2364 0.209492 0.044444 0.034462 0.087037 0.494010 1654.000000 1080.000000
0 2365 0.210097 0.043519 0.034462 0.085185 0.494810 1654.000000 1080.000000
0 2366 0.210701 0.042593 0.034462 0.083333 0.500950 1654.000000 1080.000000
0 2367 0.211306 0.042130 0.034462 0.082407 0.485820 1654.000000 1080.000000
0 2368 0.211306 0.041667 0.034462 0.081481 0.479470 1654.000000 1080.000000
0 2369 0.211306 0.041667 0.034462 0.081481 0.451380 1654.000000 1080.000000
0 2370 0.211306 0.041667 0.034462 0.081481 0.437620 1654.000000 1080.000000
0 2371 0.211306 0.041667 0.034462 0.081481 0.420960 1654.000000 1080.000000
0 2372 0.211306 0.041667 0.034462 0.081481 0.496710 1654.000000 1080.000000
0 2373 0.211306 0.041204 0.034462 0.080556 0.495300 1654.000000 1080.000000
0 2374 0.211306 0.041204 0.034462 0.080556 0.489030 1654.000000 1080.000000
0 2375 0.211306 0.041204 0.034462 0.080556 0.484330 1654.000000 1080.000000
0 2376 0.211306 0.041204 0.034462 0.080556 0.478450 1654.000000 1080.000000
0 2377 0.211306 0.041204 0.034462 0.080556 0.462970 1654.000000 1080.000000
0 2378 0.211306 0.040741 0.034462 0.079630 0.457790 1654.000000 1080.000000
0 2379 0.211306 0.040741 0.034462 0.079630 0.438960 1654.000000 1080.000000
0 2380 0.211306 0.040741 0.034462 0.079630 0.431030 1654.000000 1080.000000
0 2381 0.211306 0.040741 0.034462 0.079630 0.415380 1654.000000 1080.000000
0 2382 0.211306 0.040741 0.034462 0.079630 0.404480 1654.000000 1080.000000
0 2383 0.211306 0.040741 0.034462 0.079630 0.377920 1654.000000 1080.000000
0 2384 0.210097 0.040278 0.034462 0.078704 0.342220 1654.000000 1080.000000
0 2385 0.209492 0.039815 0.034462 0.077778 0.313790 1654.000000 1080.000000
0 2386 0.208888 0.039352 0.034462 0.076852 0.296180 1654.000000 1080.000000
0 2387 0.207981 0.038889 0.035067 0.075926 0.258730 1654.000000 1080.000000
0 2388 0.207074 0.038426 0.034462 0.075000 0.234230 1654.000000 1080.000000
0 2389 0.206469 0.037963 0.034462 0.074074 0.222440 1654.000000 1080.000000
0 2390 0.205865 0.037500 0.034462 0.073148 0.197630 1654.000000 1080.000000
0 2391 0.204958 0.037037 0.035067 0.072222 0.180430 1654.000000 1080.000000
0 2392 0.204353 0.037037 0.035067 0.072222 0.158980 1654.000000 1080.000000
0 2393 0.203446 0.036574 0.034462 0.071296 0.140140 1654.000000 1080.000000
0 2394 0.202539 0.036111 0.035067 0.070370 0.126790 1654.000000 1080.000000
0 2395 0.201935 0.035648 0.035067 0.069444 0.111510 1654.000000 1080.000000
0 2396 0.201330 0.035185 0.035067 0.068519 0.089492 1654.000000 1080.000000
0 2397 0.200423 0.034722 0.034462 0.067593 0.067102 1654.000000 1080.000000
0 2398 0.199516 0.034259 0.035067 0.066667 0.045275 1654.000000 1080.000000
0 2399 0.198912 0.033796 0.035067 0.065741 0.028249 1654.000000 1080.000000
0 2400 0.198307 0.033333 0.035067 0.064815 0.015278 1654.000000 1080.000000
0 2401 0.197703 0.033333 0.035067 0.064815 0.007162 1654.000000 1080.000000
0 2402 0.196191 0.032870 0.035671 0.063889 0.011667 1654.000000 1080.000000
0 2403 0.194982 0.032870 0.035671 0.063889 0.033333 1654.000000 1080.000000
0 2404 0.193470 0.032407 0.036276 0.062963 0.098361 1654.000000 1080.000000
0 2405 0.192261 0.032407 0.036276 0.062963 0.147540 1654.000000 1080.000000
0 2406 0.190750 0.031944 0.036880 0.062037 0.209680 1654.000000 1080.000000
0 2407 0.189843 0.031944 0.037485 0.062037 0.253970 1654.000000 1080.000000
0 2408 0.188331 0.031481 0.038089 0.061111 0.312500 1654.000000 1080.000000
0 2409 0.187122 0.031481 0.038089 0.061111 0.359380 1654.000000 1080.000000
0 2410 0.185611 0.031019 0.038694 0.060185 0.430770 1654.000000 1080.000000
0 2411 0.184401 0.031019 0.038694 0.060185 0.476920 1654.000000 1080.000000
0 2412 0.183495 0.031019 0.039299 0.060185 0.530300 1654.000000 1080.000000
0 2413 0.181681 0.030093 0.039299 0.058333 0.606060 1654.000000 1080.000000
0 2414 0.180472 0.029167 0.039299 0.056481 0.660310 1654.000000 1080.000000
0 2415 0.179262 0.028241 0.039299 0.054630 0.692420 1654.000000 1080.000000
0 2416 0.178053 0.027315 0.039299 0.052778 0.740070 1654.000000 1080.000000
0 2417 0.176844 0.026389 0.039299 0.050926 0.787880 1654.000000 1080.000000
0 2418 0.175333 0.025463 0.038694 0.049074 0.848720 1654.000000 1080.000000
0 2419 0.174123 0.024537 0.038694 0.047222 0.887570 1654.000000 1080.000000
0 2420 0.172914 0.023611 0.038694 0.045370 0.918770 1654.000000 1080.000000
0 2421 0.171705 0.022685 0.038694 0.043519 0.932690 1654.000000 1080.000000
0 2422 0.170496 0.022222 0.038694 0.042593 0.945010 1654.000000 1080.000000
0 2423 0.169287 0.021296 0.038694 0.040741 0.958970 1654.000000 1080.000000
0 2424 0.168682 0.020370 0.038694 0.038889 0.964220 1654.000000 1080.000000
0 2425 0.167473 0.019444 0.038694 0.037037 0.978610 1654.000000 1080.000000
0 2426 0.166868 0.018519 0.038694 0.035185 0.985800 1654.000000 1080.000000
0 2427 0.165659 0.017593 0.038694 0.033333 0.969230 1654.000000 1080.000000
