0 1751 0.003325 0.481019 0.005441 0.167593 1.000000 1654.000000 1080.000000
0 1752 0.004837 0.478704 0.008464 0.166667 1.000000 1654.000000 1080.000000
0 1753 0.006348 0.476852 0.011487 0.166667 1.000000 1654.000000 1080.000000
0 1754 0.007860 0.475000 0.014510 0.166667 1.000000 1654.000000 1080.000000
0 1755 0.009371 0.473611 0.017533 0.165741 1.000000 1654.000000 1080.000000
0 1756 0.010883 0.471759 0.020556 0.165741 1.000000 1654.000000 1080.000000
0 1757 0.012394 0.469907 0.023579 0.165741 1.000000 1654.000000 1080.000000
0 1758 0.014208 0.468519 0.027207 0.164815 1.000000 1654.000000 1080.000000
0 1759 0.015719 0.466204 0.030230 0.163889 1.000000 1654.000000 1080.000000
0 1760 0.017231 0.464352 0.033253 0.163889 0.906100 1654.000000 1080.000000
0 1761 0.018742 0.462500 0.036276 0.163889 0.867190 1654.000000 1080.000000
0 1762 0.020254 0.461111 0.039299 0.162963 0.834100 1654.000000 1080.000000
0 1763 0.021765 0.459259 0.042322 0.162963 0.807110 1654.000000 1080.000000
0 1764 0.023277 0.457407 0.045345 0.162963 0.784420 1654.000000 1080.000000
0 1765 0.025091 0.456019 0.048972 0.162037 0.766770 1654.000000 1080.000000
0 1766 0.025998 0.454167 0.050786 0.162037 0.744520 1654.000000 1080.000000
0 1767 0.027207 0.453241 0.053204 0.162037 0.718460 1654.000000 1080.000000
0 1768 0.029323 0.452315 0.053809 0.162037 0.700000 1654.000000 1080.000000
0 1769 0.031137 0.451389 0.053809 0.162037 0.678030 1654.000000 1080.000000
0 1770 0.033555 0.450463 0.053809 0.162037 0.655680 1654.000000 1080.000000
0 1771 0.035973 0.448611 0.053809 0.162037 0.642930 1654.000000 1080.000000
0 1772 0.038392 0.447685 0.053809 0.162037 0.620080 1654.000000 1080.000000
0 1773 0.040206 0.446759 0.053809 0.162037 0.596840 1654.000000 1080.000000
0 1774 0.042624 0.445833 0.053809 0.162037 0.573230 1654.000000 1080.000000
0 1775 0.045042 0.444907 0.053809 0.162037 0.555870 1654.000000 1080.000000
0 1776 0.047461 0.443056 0.053809 0.162037 0.535980 1654.000000 1080.000000
0 1777 0.049274 0.442130 0.053809 0.162037 0.511490 1654.000000 1080.000000
0 1778 0.051693 0.441204 0.053809 0.162037 0.486620 1654.000000 1080.000000
0 1779 0.054111 0.440278 0.053809 0.162037 0.481820 1654.000000 1080.000000
0 1780 0.056530 0.439352 0.053809 0.162037 0.470140 1654.000000 1080.000000
0 1781 0.058646 0.437037 0.053204 0.162963 0.465240 1654.000000 1080.000000
0 1782 0.060762 0.435648 0.052600 0.163889 0.457230 1654.000000 1080.000000
0 1783 0.063482 0.434259 0.051995 0.164815 0.454060 1654.000000 1080.000000
0 1784 0.065599 0.432870 0.051391 0.165741 0.438630 1654.000000 1080.000000
0 1785 0.068319 0.431481 0.050786 0.166667 0.437240 1654.000000 1080.000000
0 1786 0.070435 0.429630 0.050181 0.168519 0.429550 1654.000000 1080.000000
0 1787 0.073156 0.428241 0.049577 0.169444 0.420640 1654.000000 1080.000000
0 1788 0.075272 0.426852 0.048972 0.170370 0.416740 1654.000000 1080.000000
0 1789 0.077993 0.425463 0.048368 0.171296 0.407470 1654.000000 1080.000000
0 1790 0.080109 0.424074 0.047763 0.172222 0.395720 1654.000000 1080.000000
0 1791 0.082830 0.422685 0.047158 0.173148 0.388300 1654.000000 1080.000000
0 1792 0.084643 0.420833 0.047158 0.173148 0.388300 1654.000000 1080.000000
0 1793 0.087062 0.419907 0.047158 0.173148 0.377660 1654.000000 1080.000000
0 1794 0.089178 0.418519 0.047763 0.174074 0.375660 1654.000000 1080.000000
0 1795 0.091294 0.417130 0.047158 0.173148 0.375030 1654.000000 1080.000000
0 1796 0.093712 0.416204 0.047158 0.173148 0.377860 1654.000000 1080.000000
0 1797 0.095828 0.414815 0.047763 0.174074 0.378700 1654.000000 1080.000000
0 1798 0.097944 0.413426 0.047158 0.173148 0.383920 1654.000000 1080.000000
0 1799 0.100060 0.412037 0.047763 0.174074 0.393120 1654.000000 1080.000000
0 1800 0.102479 0.411111 0.047763 0.174074 0.396490 1654.000000 1080.000000
0 1801 0.104897 0.410185 0.047763 0.174074 0.372620 1654.000000 1080.000000
0 1802 0.106106 0.407407 0.046554 0.172222 0.373850 1654.000000 1080.000000
0 1803 0.107316 0.405093 0.045345 0.169444 0.387870 1654.000000 1080.000000
0 1804 0.108525 0.402315 0.044135 0.167593 0.394710 1654.000000 1080.000000
0 1805 0.110036 0.400463 0.042322 0.165741 0.404930 1654.000000 1080.000000
0 1806 0.112152 0.399537 0.042926 0.165741 0.404170 1654.000000 1080.000000
0 1807 0.114571 0.398611 0.042926 0.165741 0.399070 1654.000000 1080.000000
0 1808 0.116989 0.397685 0.044135 0.165741 0.397600 1654.000000 1080.000000
0 1809 0.119407 0.396759 0.044135 0.165741 0.392490 1654.000000 1080.000000
0 1810 0.121524 0.395833 0.044740 0.165741 0.384000 1654.000000 1080.000000
0 1811 0.124244 0.394907 0.045345 0.165741 0.346350 1654.000000 1080.000000
0 1812 0.126663 0.393981 0.045345 0.165741 0.340640 1654.000000 1080.000000
0 1813 0.128779 0.393056 0.045949 0.165741 0.343290 1654.000000 1080.000000
0 1814 0.131499 0.392130 0.046554 0.165741 0.344020 1654.000000 1080.000000
0 1815 0.133615 0.391204 0.047158 0.165741 0.347120 1654.000000 1080.000000
0 1816 0.136034 0.390278 0.047158 0.165741 0.348100 1654.000000 1080.000000
0 1817 0.138452 0.389352 0.048368 0.165741 0.351440 1654.000000 1080.000000
0 1818 0.140871 0.388426 0.048368 0.165741 0.352540 1654.000000 1080.000000
0 1819 0.143591 0.387963 0.048972 0.164815 0.403190 1654.000000 1080.000000
0 1820 0.146010 0.387037 0.048972 0.164815 0.411360 1654.000000 1080.000000
0 1821 0.148730 0.386111 0.048368 0.164815 0.404100 1654.000000 1080.000000
0 1822 0.151149 0.385185 0.048368 0.164815 0.389610 1654.000000 1080.000000
0 1823 0.154172 0.384259 0.048368 0.164815 0.382790 1654.000000 1080.000000
0 1824 0.156590 0.384259 0.048368 0.164815 0.386580 1654.000000 1080.000000
0 1825 0.159311 0.383333 0.047763 0.164815 0.367740 1654.000000 1080.000000
0 1826 0.161729 0.382407 0.047763 0.164815 0.361590 1654.000000 1080.000000
0 1827 0.164752 0.381481 0.047763 0.164815 0.349650 1654.000000 1080.000000
0 1828 0.167170 0.380556 0.047763 0.164815 0.338550 1654.000000 1080.000000
0 1829 0.169891 0.380556 0.047158 0.164815 0.333570 1654.000000 1080.000000
0 1830 0.172310 0.379630 0.047158 0.164815 0.344740 1654.000000 1080.000000
0 1831 0.175333 0.378704 0.047158 0.164815 0.353940 1654.000000 1080.000000
0 1832 0.177751 0.377778 0.047158 0.164815 0.358740 1654.000000 1080.000000
0 1833 0.180472 0.376852 0.046554 0.164815 0.361270 1654.000000 1080.000000
0 1834 0.183495 0.376852 0.046554 0.164815 0.361840 1654.000000 1080.000000
0 1835 0.185913 0.375926 0.046554 0.164815 0.362840 1654.000000 1080.000000
0 1836 0.188331 0.375463 0.046554 0.165741 0.366380 1654.000000 1080.000000
0 1837 0.191052 0.375000 0.047158 0.164815 0.371470 1654.000000 1080.000000
0 1838 0.193470 0.374537 0.047158 0.165741 0.374470 1654.000000 1080.000000
0 1839 0.195889 0.374074 0.047158 0.164815 0.382650 1654.000000 1080.000000
0 1840 0.198609 0.373611 0.047763 0.165741 0.391940 1654.000000 1080.000000
0 1841 0.201028 0.372685 0.047763 0.165741 0.394440 1654.000000 1080.000000
0 1842 0.203446 0.372685 0.047763 0.165741 0.388540 1654.000000 1080.000000
0 1843 0.206167 0.371759 0.048368 0.165741 0.410490 1654.000000 1080.000000
0 1844 0.208585 0.371759 0.048368 0.165741 0.416320 1654.000000 1080.000000
0 1845 0.211004 0.370833 0.048368 0.165741 0.409950 1654.000000 1080.000000
0 1846 0.213724 0.370833 0.048972 0.165741 0.393090 1654.000000 1080.000000
0 1847 0.216445 0.369907 0.048368 0.165741 0.383400 1654.000000 1080.000000
0 1848 0.219770 0.368981 0.047763 0.165741 0.377430 1654.000000 1080.000000
0 1849 0.222793 0.368981 0.047763 0.165741 0.347920 1654.000000 1080.000000
0 1850 0.226119 0.368056 0.047158 0.165741 0.333610 1654.000000 1080.000000
0 1851 0.229141 0.368056 0.047158 0.165741 0.330450 1654.000000 1080.000000
0 1852 0.232467 0.367130 0.046554 0.165741 0.328560 1654.000000 1080.000000
0 1853 0.235490 0.366204 0.046554 0.165741 0.326640 1654.000000 1080.000000
0 1854 0.238815 0.366204 0.045949 0.165741 0.319410 1654.000000 1080.000000
0 1855 0.241838 0.365278 0.045949 0.165741 0.316880 1654.000000 1080.000000
0 1856 0.245163 0.365278 0.045345 0.165741 0.308330 1654.000000 1080.000000
0 1857 0.248186 0.364352 0.045345 0.165741 0.306870 1654.000000 1080.000000
0 1858 0.251511 0.364352 0.044740 0.165741 0.300000 1654.000000 1080.000000
0 1859 0.254232 0.363426 0.045345 0.165741 0.302630 1654.000000 1080.000000
0 1860 0.257255 0.363426 0.045345 0.165741 0.302700 1654.000000 1080.000000
0 1861 0.260278 0.362963 0.045345 0.164815 0.301680 1654.000000 1080.000000
0 1862 0.263301 0.362963 0.045345 0.164815 0.298960 1654.000000 1080.000000
0 1863 0.266324 0.362963 0.045345 0.164815 0.299030 1654.000000 1080.000000
0 1864 0.269347 0.362500 0.045345 0.163889 0.300780 1654.000000 1080.000000
0 1865 0.272370 0.362500 0.045345 0.163889 0.295240 1654.000000 1080.000000
0 1866 0.275393 0.361574 0.045345 0.163889 0.300930 1654.000000 1080.000000
0 1867 0.278416 0.361574 0.045345 0.163889 0.346840 1654.000000 1080.000000
0 1868 0.281439 0.361574 0.045345 0.163889 0.390450 1654.000000 1080.000000
0 1869 0.284462 0.361111 0.045345 0.162963 0.437780 1654.000000 1080.000000
0 1870 0.287485 0.361111 0.045345 0.162963 0.481640 1654.000000 1080.000000
0 1871 0.290508 0.360648 0.045345 0.162037 0.507780 1654.000000 1080.000000
0 1872 0.293531 0.360648 0.045345 0.162037 0.527960 1654.000000 1080.000000
0 1873 0.296856 0.360648 0.045949 0.162037 0.547000 1654.000000 1080.000000
0 1874 0.298670 0.359722 0.045949 0.162037 0.554090 1654.000000 1080.000000
0 1875 0.301088 0.358796 0.045949 0.162037 0.572900 1654.000000 1080.000000
0 1876 0.303507 0.358796 0.045949 0.162037 0.596220 1654.000000 1080.000000
0 1877 0.305623 0.357870 0.046554 0.162037 0.600230 1654.000000 1080.000000
0 1878 0.308041 0.357407 0.046554 0.162963 0.590030 1654.000000 1080.000000
0 1879 0.310459 0.356944 0.046554 0.162037 0.571020 1654.000000 1080.000000
0 1880 0.312878 0.356481 0.046554 0.162963 0.558890 1654.000000 1080.000000
0 1881 0.314994 0.355556 0.047158 0.162963 0.539300 1654.000000 1080.000000
0 1882 0.317412 0.355556 0.047158 0.162963 0.527000 1654.000000 1080.000000
0 1883 0.319831 0.354630 0.047158 0.162963 0.517270 1654.000000 1080.000000
0 1884 0.322249 0.354630 0.047158 0.162963 0.483940 1654.000000 1080.000000
0 1885 0.324667 0.353704 0.047158 0.162963 0.464710 1654.000000 1080.000000
0 1886 0.327690 0.353241 0.047158 0.162037 0.439870 1654.000000 1080.000000
0 1887 0.330109 0.352315 0.047158 0.162037 0.445560 1654.000000 1080.000000
0 1888 0.333132 0.351852 0.047158 0.161111 0.447090 1654.000000 1080.000000
0 1889 0.335550 0.350926 0.047158 0.161111 0.450780 1654.000000 1080.000000
0 1890 0.338573 0.350463 0.047158 0.160185 0.460350 1654.000000 1080.000000
0 1891 0.340992 0.349537 0.047158 0.160185 0.473740 1654.000000 1080.000000
0 1892 0.344015 0.349074 0.047158 0.159259 0.491330 1654.000000 1080.000000
0 1893 0.346433 0.348148 0.047158 0.159259 0.527690 1654.000000 1080.000000
0 1894 0.349456 0.347685 0.047158 0.158333 0.566900 1654.000000 1080.000000
0 1895 0.351874 0.346759 0.047158 0.158333 0.602150 1654.000000 1080.000000
0 1896 0.354897 0.346296 0.047158 0.157407 0.638540 1654.000000 1080.000000
0 1897 0.357316 0.345370 0.047158 0.157407 0.670960 1654.000000 1080.000000
0 1898 0.360339 0.344907 0.047158 0.156481 0.707070 1654.000000 1080.000000
0 1899 0.362757 0.343981 0.047158 0.156481 0.728370 1654.000000 1080.000000
0 1900 0.365780 0.343981 0.047158 0.156481 0.728370 1654.000000 1080.000000
0 1901 0.368198 0.343056 0.047158 0.156481 0.719880 1654.000000 1080.000000
0 1902 0.371221 0.342130 0.047158 0.156481 0.690690 1654.000000 1080.000000
0 1903 0.374244 0.342130 0.047158 0.156481 0.655850 1654.000000 1080.000000
0 1904 0.376663 0.341204 0.047158 0.156481 0.625320 1654.000000 1080.000000
0 1905 0.379686 0.341204 0.047158 0.156481 0.593670 1654.000000 1080.000000
0 1906 0.382709 0.340278 0.047158 0.156481 0.562030 1654.000000 1080.000000
0 1907 0.385732 0.340278 0.047158 0.156481 0.527850 1654.000000 1080.000000
0 1908 0.388150 0.339352 0.047158 0.156481 0.496500 1654.000000 1080.000000
0 1909 0.391173 0.339352 0.047158 0.156481 0.462620 1654.000000 1080.000000
0 1910 0.394196 0.338426 0.047158 0.156481 0.437160 1654.000000 1080.000000
0 1911 0.397219 0.338426 0.047158 0.156481 0.428370 1654.000000 1080.000000
0 1912 0.399637 0.336574 0.047158 0.156481 0.430230 1654.000000 1080.000000
0 1913 0.402660 0.334722 0.047158 0.156481 0.405810 1654.000000 1080.000000
0 1914 0.405683 0.333333 0.047158 0.157407 0.377530 1654.000000 1080.000000
0 1915 0.408102 0.331944 0.047158 0.156481 0.354650 1654.000000 1080.000000
0 1916 0.411125 0.330093 0.047158 0.156481 0.328820 1654.000000 1080.000000
0 1917 0.414148 0.328704 0.047158 0.157407 0.297210 1654.000000 1080.000000
0 1918 0.416566 0.327315 0.047158 0.156481 0.283320 1654.000000 1080.000000
0 1919 0.419589 0.325926 0.047158 0.157407 0.272190 1654.000000 1080.000000
0 1920 0.422612 0.324074 0.047158 0.157407 0.259530 1654.000000 1080.000000
0 1921 0.425030 0.322685 0.047158 0.156481 0.250040 1654.000000 1080.000000
0 1922 0.428053 0.321296 0.047158 0.157407 0.243690 1654.000000 1080.000000
0 1923 0.431076 0.319444 0.047158 0.157407 0.228740 1654.000000 1080.000000
0 1924 0.434099 0.318519 0.047158 0.157407 0.237030 1654.000000 1080.000000
0 1925 0.435913 0.317593 0.047158 0.157407 0.260490 1654.000000 1080.000000
0 1926 0.437727 0.316667 0.047158 0.157407 0.273740 1654.000000 1080.000000
0 1927 0.439541 0.316204 0.047158 0.158333 0.269210 1654.000000 1080.000000
0 1928 0.441354 0.315278 0.047158 0.158333 0.267960 1654.000000 1080.000000
0 1929 0.443168 0.314815 0.047158 0.157407 0.256940 1654.000000 1080.000000
0 1930 0.444982 0.314352 0.047158 0.158333 0.255810 1654.000000 1080.000000
0 1931 0.447098 0.313426 0.046554 0.158333 0.283020 1654.000000 1080.000000
0 1932 0.448912 0.312500 0.046554 0.158333 0.305680 1654.000000 1080.000000
0 1933 0.450726 0.312037 0.046554 0.159259 0.309400 1654.000000 1080.000000
0 1934 0.452539 0.311574 0.046554 0.158333 0.314400 1654.000000 1080.000000
0 1935 0.454353 0.310648 0.046554 0.158333 0.323870 1654.000000 1080.000000
0 1936 0.456167 0.310185 0.046554 0.159259 0.329700 1654.000000 1080.000000
0 1937 0.457981 0.309259 0.046554 0.159259 0.326960 1654.000000 1080.000000
0 1938 0.460399 0.309259 0.046554 0.159259 0.326370 1654.000000 1080.000000
0 1939 0.462213 0.307407 0.046554 0.159259 0.335780 1654.000000 1080.000000
0 1940 0.464027 0.305556 0.046554 0.159259 0.347120 1654.000000 1080.000000
0 1941 0.465840 0.304630 0.046554 0.159259 0.357710 1654.000000 1080.000000
0 1942 0.468259 0.302778 0.046554 0.159259 0.376020 1654.000000 1080.000000
0 1943 0.470073 0.300926 0.046554 0.159259 0.383950 1654.000000 1080.000000
0 1944 0.471886 0.300000 0.046554 0.159259 0.392320 1654.000000 1080.000000
0 1945 0.473700 0.298148 0.046554 0.159259 0.400100 1654.000000 1080.000000
0 1946 0.476119 0.296296 0.046554 0.159259 0.415370 1654.000000 1080.000000
0 1947 0.477932 0.295370 0.046554 0.159259 0.421670 1654.000000 1080.000000
0 1948 0.479746 0.293519 0.046554 0.159259 0.425370 1654.000000 1080.000000
0 1949 0.482164 0.292593 0.046554 0.159259 0.436490 1654.000000 1080.000000
0 1950 0.483978 0.290741 0.046554 0.159259 0.445230 1654.000000 1080.000000
0 1951 0.485792 0.289815 0.046554 0.159259 0.442570 1654.000000 1080.000000
0 1952 0.487606 0.288889 0.046554 0.159259 0.448350 1654.000000 1080.000000
0 1953 0.489722 0.287500 0.045949 0.160185 0.453430 1654.000000 1080.000000
0 1954 0.491536 0.286111 0.045949 0.159259 0.455820 1654.000000 1080.000000
0 1955 0.493349 0.285185 0.045949 0.159259 0.449890 1654.000000 1080.000000
0 1956 0.495163 0.283796 0.045949 0.160185 0.442530 1654.000000 1080.000000
0 1957 0.497279 0.282870 0.045345 0.160185 0.435720 1654.000000 1080.000000
0 1958 0.499093 0.281481 0.045345 0.159259 0.433980 1654.000000 1080.000000
0 1959 0.500907 0.280093 0.045345 0.160185 0.433000 1654.000000 1080.000000
0 1960 0.502721 0.279167 0.045345 0.160185 0.434510 1654.000000 1080.000000
0 1961 0.504837 0.278241 0.044740 0.160185 0.425290 1654.000000 1080.000000
0 1962 0.505441 0.276389 0.044740 0.160185 0.449200 1654.000000 1080.000000
0 1963 0.506651 0.275463 0.044740 0.160185 0.451260 1654.000000 1080.000000
0 1964 0.507860 0.274537 0.044740 0.160185 0.458310 1654.000000 1080.000000
0 1965 0.509069 0.272685 0.044740 0.160185 0.466670 1654.000000 1080.000000
0 1966 0.510278 0.271759 0.044740 0.160185 0.474100 1654.000000 1080.000000
0 1967 0.511487 0.270833 0.044740 0.160185 0.483680 1654.000000 1080.000000
0 1968 0.512696 0.269907 0.044740 0.160185 0.487280 1654.000000 1080.000000
0 1969 0.513301 0.268056 0.044740 0.160185 0.507820 1654.000000 1080.000000
0 1970 0.514510 0.266667 0.044740 0.159259 0.515070 1654.000000 1080.000000
0 1971 0.515719 0.264815 0.044740 0.159259 0.530940 1654.000000 1080.000000
0 1972 0.516626 0.263426 0.044135 0.158333 0.553660 1654.000000 1080.000000
0 1973 0.517836 0.261574 0.044135 0.158333 0.572910 1654.000000 1080.000000
0 1974 0.519045 0.260185 0.044135 0.157407 0.582420 1654.000000 1080.000000
0 1975 0.519649 0.258796 0.044135 0.156481 0.604130 1654.000000 1080.000000
0 1976 0.520859 0.256944 0.044135 0.156481 0.616450 1654.000000 1080.000000
0 1977 0.522068 0.255556 0.044135 0.155556 0.637850 1654.000000 1080.000000
0 1978 0.522975 0.253704 0.043531 0.155556 0.632080 1654.000000 1080.000000
0 1979 0.524184 0.252315 0.043531 0.154630 0.631850 1654.000000 1080.000000
0 1980 0.525393 0.251389 0.043531 0.154630 0.629320 1654.000000 1080.000000
0 1981 0.525998 0.249537 0.043531 0.154630 0.638940 1654.000000 1080.000000
0 1982 0.526904 0.248148 0.044135 0.155556 0.642650 1654.000000 1080.000000
0 1983 0.527509 0.246296 0.044135 0.155556 0.651370 1654.000000 1080.000000
0 1984 0.528718 0.244907 0.044135 0.156481 0.647060 1654.000000 1080.000000
0 1985 0.529323 0.243519 0.044135 0.155556 0.653850 1654.000000 1080.000000
0 1986 0.530230 0.242130 0.044740 0.156481 0.657410 1654.000000 1080.000000
0 1987 0.531137 0.240278 0.044135 0.156481 0.661690 1654.000000 1080.000000
0 1988 0.532044 0.238889 0.044740 0.157407 0.665190 1654.000000 1080.000000
0 1989 0.532648 0.237037 0.044740 0.157407 0.674000 1654.000000 1080.000000
0 1990 0.533857 0.236111 0.044740 0.157407 0.662220 1654.000000 1080.000000
0 1991 0.534764 0.233796 0.044135 0.156481 0.667650 1654.000000 1080.000000
0 1992 0.535973 0.231944 0.044135 0.156481 0.661690 1654.000000 1080.000000
0 1993 0.537183 0.230093 0.044135 0.156481 0.661690 1654.000000 1080.000000
0 1994 0.538392 0.228241 0.044135 0.156481 0.664710 1654.000000 1080.000000
0 1995 0.539601 0.226389 0.044135 0.156481 0.655880 1654.000000 1080.000000
0 1996 0.540508 0.225000 0.043531 0.155556 0.661180 1654.000000 1080.000000
0 1997 0.541717 0.223148 0.043531 0.155556 0.652270 1654.000000 1080.000000
0 1998 0.542926 0.221296 0.043531 0.155556 0.655430 1654.000000 1080.000000
0 1999 0.544135 0.219444 0.043531 0.155556 0.655430 1654.000000 1080.000000
0 2000 0.545345 0.217593 0.043531 0.155556 0.649830 1654.000000 1080.000000
0 2001 0.546252 0.216204 0.042926 0.154630 0.651790 1654.000000 1080.000000
0 2002 0.547461 0.214352 0.042926 0.154630 0.646160 1654.000000 1080.000000
0 2003 0.548670 0.212500 0.042926 0.154630 0.646160 1654.000000 1080.000000
0 2004 0.549879 0.210648 0.042926 0.154630 0.649470 1654.000000 1080.000000
0 2005 0.551088 0.208796 0.042926 0.154630 0.637320 1654.000000 1080.000000
0 2006 0.552600 0.207407 0.042322 0.153704 0.630010 1654.000000 1080.000000
0 2007 0.553809 0.205556 0.042322 0.153704 0.630010 1654.000000 1080.000000
0 2008 0.555018 0.203704 0.042322 0.153704 0.630010 1654.000000 1080.000000
0 2009 0.556530 0.202778 0.041717 0.153704 0.611980 1654.000000 1080.000000
0 2010 0.557739 0.200926 0.041717 0.153704 0.611980 1654.000000 1080.000000
0 2011 0.559250 0.199074 0.041112 0.153704 0.606350 1654.000000 1080.000000
0 2012 0.560459 0.198148 0.041112 0.153704 0.602710 1654.000000 1080.000000
0 2013 0.562273 0.196296 0.041112 0.153704 0.583790 1654.000000 1080.000000
0 2014 0.563482 0.195370 0.041112 0.153704 0.579970 1654.000000 1080.000000
0 2015 0.564994 0.193519 0.040508 0.153704 0.573790 1654.000000 1080.000000
0 2016 0.566203 0.191667 0.040508 0.153704 0.573790 1654.000000 1080.000000
0 2017 0.567715 0.190741 0.039903 0.153704 0.563500 1654.000000 1080.000000
0 2018 0.568924 0.188889 0.039903 0.153704 0.573420 1654.000000 1080.000000
0 2019 0.570738 0.187963 0.039903 0.153704 0.559570 1654.000000 1080.000000
0 2020 0.571644 0.185648 0.039299 0.154630 0.575760 1654.000000 1080.000000
0 2021 0.572854 0.183796 0.039299 0.154630 0.575760 1654.000000 1080.000000
0 2022 0.574063 0.182407 0.039299 0.155556 0.584630 1654.000000 1080.000000
0 2023 0.575272 0.180556 0.039299 0.155556 0.594760 1654.000000 1080.000000
0 2024 0.576481 0.179167 0.039299 0.156481 0.593580 1654.000000 1080.000000
0 2025 0.577690 0.177315 0.039299 0.156481 0.603740 1654.000000 1080.000000
0 2026 0.578900 0.175926 0.039299 0.157407 0.602600 1654.000000 1080.000000
0 2027 0.580109 0.174074 0.039299 0.157407 0.612790 1654.000000 1080.000000
0 2028 0.581318 0.172222 0.039299 0.157407 0.626260 1654.000000 1080.000000
0 2029 0.582527 0.171296 0.039299 0.157407 0.612790 1654.000000 1080.000000
0 2030 0.583736 0.169444 0.039299 0.157407 0.616160 1654.000000 1080.000000
0 2031 0.584946 0.168519 0.039299 0.157407 0.609250 1654.000000 1080.000000
0 2032 0.586457 0.166667 0.039903 0.157407 0.605310 1654.000000 1080.000000
0 2033 0.587666 0.164815 0.039903 0.157407 0.605390 1654.000000 1080.000000
0 2034 0.588875 0.163889 0.039903 0.157407 0.597980 1654.000000 1080.000000
0 2035 0.590085 0.162037 0.039903 0.157407 0.598760 1654.000000 1080.000000
0 2036 0.591294 0.161111 0.039903 0.157407 0.590910 1654.000000 1080.000000
0 2037 0.592503 0.159259 0.039903 0.157407 0.580870 1654.000000 1080.000000
0 2038 0.594317 0.158333 0.039903 0.157407 0.553460 1654.000000 1080.000000
0 2039 0.594921 0.157407 0.039903 0.157407 0.540370 1654.000000 1080.000000
0 2040 0.596131 0.156481 0.039903 0.157407 0.520820 1654.000000 1080.000000
0 2041 0.597340 0.155556 0.039903 0.157407 0.506500 1654.000000 1080.000000
0 2042 0.598549 0.154630 0.039903 0.157407 0.481800 1654.000000 1080.000000
0 2043 0.599758 0.153704 0.039903 0.157407 0.469230 1654.000000 1080.000000
0 2044 0.600967 0.152778 0.039903 0.157407 0.455270 1654.000000 1080.000000
0 2045 0.602177 0.151852 0.039903 0.157407 0.431960 1654.000000 1080.000000
0 2046 0.603386 0.150926 0.039903 0.157407 0.417560 1654.000000 1080.000000
0 2047 0.604595 0.150000 0.039903 0.157407 0.400980 1654.000000 1080.000000
0 2048 0.605804 0.149074 0.039903 0.157407 0.386230 1654.000000 1080.000000
0 2049 0.607013 0.148148 0.039903 0.157407 0.367110 1654.000000 1080.000000
0 2050 0.608222 0.147222 0.039903 0.157407 0.361260 1654.000000 1080.000000
0 2051 0.609432 0.146296 0.039903 0.157407 0.361260 1654.000000 1080.000000
0 2052 0.610641 0.144444 0.039903 0.157407 0.364670 1654.000000 1080.000000
0 2053 0.611850 0.143519 0.039903 0.157407 0.361260 1654.000000 1080.000000
0 2054 0.613059 0.142593 0.039903 0.157407 0.358820 1654.000000 1080.000000
0 2055 0.614268 0.141667 0.039903 0.157407 0.358820 1654.000000 1080.000000
0 2056 0.615478 0.140741 0.039903 0.157407 0.352970 1654.000000 1080.000000
0 2057 0.616687 0.139815 0.039903 0.157407 0.348700 1654.000000 1080.000000
0 2058 0.617896 0.137963 0.039903 0.157407 0.347820 1654.000000 1080.000000
0 2059 0.619105 0.137037 0.039903 0.157407 0.343110 1654.000000 1080.000000
0 2060 0.620314 0.136111 0.039903 0.157407 0.337170 1654.000000 1080.000000
0 2061 0.621524 0.135185 0.039903 0.157407 0.331670 1654.000000 1080.000000
0 2062 0.622733 0.134259 0.039903 0.157407 0.326180 1654.000000 1080.000000
0 2063 0.623942 0.133333 0.039903 0.157407 0.320680 1654.000000 1080.000000
0 2064 0.625756 0.132407 0.039903 0.157407 0.382910 1654.000000 1080.000000
0 2065 0.625756 0.130556 0.039903 0.157407 0.383610 1654.000000 1080.000000
0 2066 0.626360 0.128704 0.039903 0.157407 0.388410 1654.000000 1080.000000
0 2067 0.626965 0.127778 0.039903 0.157407 0.382740 1654.000000 1080.000000
0 2068 0.627570 0.125926 0.039903 0.157407 0.382740 1654.000000 1080.000000
0 2069 0.628174 0.124074 0.039903 0.157407 0.388150 1654.000000 1080.000000
0 2070 0.628779 0.123148 0.039903 0.157407 0.382300 1654.000000 1080.000000
0 2071 0.629383 0.121296 0.039903 0.157407 0.387710 1654.000000 1080.000000
0 2072 0.629988 0.119444 0.039903 0.157407 0.387710 1654.000000 1080.000000
0 2073 0.630593 0.118519 0.039903 0.157407 0.387710 1654.000000 1080.000000
0 2074 0.631197 0.116667 0.039903 0.157407 0.387270 1654.000000 1080.000000
0 2075 0.631802 0.114815 0.039903 0.157407 0.387540 1654.000000 1080.000000
0 2076 0.632406 0.112963 0.039903 0.157407 0.392690 1654.000000 1080.000000
0 2077 0.633011 0.111111 0.039903 0.157407 0.392860 1654.000000 1080.000000
0 2078 0.633615 0.109259 0.039903 0.157407 0.401680 1654.000000 1080.000000
0 2079 0.634220 0.107407 0.039903 0.157407 0.401850 1654.000000 1080.000000
0 2080 0.634825 0.105556 0.039903 0.157407 0.407610 1654.000000 1080.000000
0 2081 0.635429 0.103704 0.039903 0.157407 0.411020 1654.000000 1080.000000
0 2082 0.636034 0.101852 0.039903 0.157407 0.411190 1654.000000 1080.000000
0 2083 0.636638 0.100000 0.039903 0.157407 0.420880 1654.000000 1080.000000
0 2084 0.637848 0.099074 0.039903 0.157407 0.419220 1654.000000 1080.000000
0 2085 0.637848 0.097222 0.039903 0.157407 0.433800 1654.000000 1080.000000
0 2086 0.637848 0.095370 0.039903 0.157407 0.434490 1654.000000 1080.000000
0 2087 0.637848 0.094444 0.039903 0.157407 0.425940 1654.000000 1080.000000
0 2088 0.637848 0.092593 0.039903 0.157407 0.434490 1654.000000 1080.000000
0 2089 0.637848 0.090741 0.039903 0.157407 0.440080 1654.000000 1080.000000
0 2090 0.637848 0.089815 0.039903 0.157407 0.440080 1654.000000 1080.000000
0 2091 0.637848 0.087963 0.039903 0.157407 0.454220 1654.000000 1080.000000
0 2092 0.637848 0.086111 0.039903 0.157407 0.459720 1654.000000 1080.000000
0 2093 0.637848 0.085185 0.039903 0.157407 0.459720 1654.000000 1080.000000
0 2094 0.637848 0.083333 0.039903 0.157407 0.465570 1654.000000 1080.000000
0 2095 0.638452 0.082407 0.039903 0.157407 0.476130 1654.000000 1080.000000
0 2096 0.638452 0.080556 0.039903 0.155556 0.481760 1654.000000 1080.000000
0 2097 0.638452 0.079630 0.039903 0.153704 0.481540 1654.000000 1080.000000
0 2098 0.638452 0.078704 0.039903 0.151852 0.380550 1654.000000 1080.000000
0 2099 0.638452 0.076852 0.039903 0.150000 0.387510 1654.000000 1080.000000
0 2100 0.638452 0.075926 0.039903 0.148148 0.386580 1654.000000 1080.000000
0 2101 0.638452 0.075000 0.039903 0.146296 0.387590 1654.000000 1080.000000
0 2102 0.638755 0.073611 0.039299 0.145370 0.385500 1654.000000 1080.000000
0 2103 0.639359 0.073148 0.039299 0.144444 0.384100 1654.000000 1080.000000
0 2104 0.639661 0.072685 0.038694 0.143519 0.383140 1654.000000 1080.000000
0 2105 0.640568 0.071759 0.038089 0.141667 0.380990 1654.000000 1080.000000
0 2106 0.640871 0.071296 0.037485 0.140741 0.380540 1654.000000 1080.000000
0 2107 0.641475 0.070833 0.037485 0.139815 0.379390 1654.000000 1080.000000
0 2108 0.642382 0.069907 0.036880 0.137963 0.372800 1654.000000 1080.000000
0 2109 0.642684 0.069444 0.036276 0.137037 0.371000 1654.000000 1080.000000
0 2110 0.643289 0.068981 0.036276 0.136111 0.361980 1654.000000 1080.000000
0 2111 0.643591 0.068056 0.035671 0.134259 0.359360 1654.000000 1080.000000
0 2112 0.644498 0.067593 0.035067 0.133333 0.349040 1654.000000 1080.000000
0 2113 0.644800 0.067130 0.034462 0.132407 0.352490 1654.000000 1080.000000
0 2114 0.645405 0.066204 0.034462 0.130556 0.360730 1654.000000 1080.000000
0 2115 0.646312 0.065741 0.033857 0.129630 0.351750 1654.000000 1080.000000
0 2116 0.646614 0.065278 0.033253 0.128704 0.368240 1654.000000 1080.000000
0 2117 0.647219 0.064352 0.033253 0.126852 0.378880 1654.000000 1080.000000
0 2118 0.647521 0.063889 0.032648 0.125926 0.390050 1654.000000 1080.000000
0 2119 0.648428 0.063426 0.032044 0.125000 0.399780 1654.000000 1080.000000
0 2120 0.648730 0.062500 0.031439 0.123148 0.408050 1654.000000 1080.000000
0 2121 0.649335 0.062037 0.031439 0.122222 0.415800 1654.000000 1080.000000
0 2122 0.650242 0.061574 0.030834 0.121296 0.423080 1654.000000 1080.000000
0 2123 0.650846 0.060648 0.030834 0.119444 0.432840 1654.000000 1080.000000
0 2124 0.651451 0.060185 0.030834 0.118519 0.417860 1654.000000 1080.000000
0 2125 0.652056 0.059259 0.030834 0.116667 0.427620 1654.000000 1080.000000
0 2126 0.653265 0.058796 0.030834 0.115741 0.428880 1654.000000 1080.000000
0 2127 0.653869 0.058333 0.030834 0.114815 0.437380 1654.000000 1080.000000
0 2128 0.654474 0.057407 0.030834 0.112963 0.409940 1654.000000 1080.000000
0 2129 0.655079 0.056944 0.030834 0.112037 0.418510 1654.000000 1080.000000
0 2130 0.656288 0.056481 0.030834 0.111111 0.419260 1654.000000 1080.000000
0 2131 0.656892 0.055556 0.030834 0.109259 0.428890 1654.000000 1080.000000
0 2132 0.657497 0.055093 0.030834 0.108333 0.437740 1654.000000 1080.000000
0 2133 0.658102 0.054167 0.030834 0.106481 0.453080 1654.000000 1080.000000
0 2134 0.659311 0.053704 0.030834 0.105556 0.460200 1654.000000 1080.000000
0 2135 0.659915 0.053241 0.030834 0.104630 0.491730 1654.000000 1080.000000
0 2136 0.660520 0.052315 0.030834 0.102778 0.502060 1654.000000 1080.000000
0 2137 0.661125 0.051852 0.030834 0.101852 0.534130 1654.000000 1080.000000
0 2138 0.662334 0.051389 0.030834 0.100926 0.526220 1654.000000 1080.000000
0 2139 0.663543 0.050463 0.030834 0.099074 0.554840 1654.000000 1080.000000
0 2140 0.664752 0.049537 0.030834 0.097222 0.583820 1654.000000 1080.000000
0 2141 0.665961 0.049074 0.030834 0.096296 0.593770 1654.000000 1080.000000
0 2142 0.667170 0.048148 0.030834 0.094444 0.589250 1654.000000 1080.000000
0 2143 0.668380 0.047222 0.030834 0.092593 0.600150 1654.000000 1080.000000
0 2144 0.669589 0.046759 0.030834 0.091667 0.596150 1654.000000 1080.000000
0 2145 0.670798 0.045833 0.030834 0.089815 0.596150 1654.000000 1080.000000
0 2146 0.672007 0.044907 0.030834 0.087963 0.576920 1654.000000 1080.000000
0 2147 0.673216 0.044444 0.030834 0.087037 0.557690 1654.000000 1080.000000
0 2148 0.674426 0.043519 0.030834 0.085185 0.538460 1654.000000 1080.000000
0 2149 0.675635 0.042593 0.030834 0.083333 0.519230 1654.000000 1080.000000
0 2150 0.676844 0.042130 0.030834 0.082407 0.519230 1654.000000 1080.000000
0 2151 0.678053 0.041204 0.030834 0.080556 0.500000 1654.000000 1080.000000
0 2152 0.679867 0.040741 0.030834 0.079630 0.461540 1654.000000 1080.000000
0 2153 0.681076 0.039352 0.030834 0.076852 0.423760 1654.000000 1080.000000
0 2154 0.682285 0.037963 0.030834 0.074074 0.366810 1654.000000 1080.000000
0 2155 0.683495 0.036574 0.030834 0.071296 0.329390 1654.000000 1080.000000
0 2156 0.685308 0.035185 0.030834 0.068519 0.272310 1654.000000 1080.000000
0 2157 0.686518 0.033796 0.030834 0.065741 0.232640 1654.000000 1080.000000
0 2158 0.687727 0.032407 0.030834 0.062963 0.194540 1654.000000 1080.000000
0 2159 0.688936 0.031019 0.030834 0.060185 0.156470 1654.000000 1080.000000
0 2160 0.690750 0.029630 0.030834 0.057407 0.096154 1654.000000 1080.000000
0 2161 0.691959 0.028241 0.030834 0.054630 0.057692 1654.000000 1080.000000
0 2162 0.693168 0.026852 0.030834 0.051852 0.019231 1654.000000 1080.000000
0 2163 0.694377 0.025463 0.030834 0.049074 0.000000 1654.000000 1080.000000
0 2164 0.696191 0.024074 0.030834 0.046296 0.000000 1654.000000 1080.000000
0 2165 0.696796 0.023148 0.030834 0.044444 0.000000 1654.000000 1080.000000
0 2166 0.697400 0.022222 0.030834 0.042593 0.000000 1654.000000 1080.000000
0 2167 0.698609 0.021296 0.030834 0.040741 0.000000 1654.000000 1080.000000
0 2168 0.699214 0.020370 0.030834 0.038889 0.000000 1654.000000 1080.000000
0 2169 0.699819 0.019444 0.030834 0.037037 0.000000 1654.000000 1080.000000
0 2170 0.701028 0.018519 0.030834 0.035185 0.000000 1654.000000 1080.000000
0 2171 0.701632 0.017593 0.030834 0.033333 0.000000 1654.000000 1080.000000
0 2172 0.702842 0.016667 0.030834 0.031481 0.000000 1654.000000 1080.000000
0 2173 0.702842 0.015741 0.030834 0.029630 0.000000 1654.000000 1080.000000
0 2174 0.703446 0.015278 0.030834 0.028704 0.000000 1654.000000 1080.000000
0 2175 0.703446 0.014815 0.030834 0.027778 0.000000 1654.000000 1080.000000
0 2176 0.704051 0.014352 0.030834 0.026852 0.000000 1654.000000 1080.000000
0 2177 0.704051 0.013889 0.030834 0.025926 0.000000 1654.000000 1080.000000
0 2178 0.704655 0.012963 0.030834 0.024074 0.000000 1654.000000 1080.000000
0 2179 0.704655 0.012500 0.030834 0.023148 0.000000 1654.000000 1080.000000
0 2180 0.705260 0.012037 0.030834 0.022222 0.000000 1654.000000 1080.000000
0 2181 0.705260 0.011574 0.030834 0.021296 0.000000 1654.000000 1080.000000
