0 2853 0.002418 0.535185 0.003628 0.164815 1.000000 1654.000000 1080.000000
0 2854 0.003628 0.532870 0.006046 0.165741 1.000000 1654.000000 1080.000000
0 2855 0.004837 0.530556 0.008464 0.164815 1.000000 1654.000000 1080.000000
0 2856 0.006046 0.528241 0.010883 0.165741 1.000000 1654.000000 1080.000000
0 2857 0.006953 0.525926 0.012696 0.164815 1.000000 1654.000000 1080.000000
0 2858 0.008162 0.523148 0.015115 0.164815 1.000000 1654.000000 1080.000000
0 2859 0.009371 0.521296 0.017533 0.164815 1.000000 1654.000000 1080.000000
0 2860 0.010580 0.518519 0.019952 0.164815 1.000000 1654.000000 1080.000000
0 2861 0.011487 0.516667 0.021765 0.164815 1.000000 1654.000000 1080.000000
0 2862 0.012696 0.513889 0.024184 0.164815 1.000000 1654.000000 1080.000000
0 2863 0.013906 0.512037 0.026602 0.164815 1.000000 1654.000000 1080.000000
0 2864 0.015115 0.509259 0.029021 0.164815 1.000000 1654.000000 1080.000000
0 2865 0.016324 0.507407 0.031439 0.164815 1.000000 1654.000000 1080.000000
0 2866 0.017533 0.504630 0.033857 0.164815 1.000000 1654.000000 1080.000000
0 2867 0.018742 0.502778 0.036276 0.164815 1.000000 1654.000000 1080.000000
0 2868 0.019952 0.500000 0.038694 0.164815 1.000000 1654.000000 1080.000000
0 2869 0.021161 0.498148 0.041112 0.164815 1.000000 1654.000000 1080.000000
0 2870 0.022370 0.495370 0.043531 0.164815 1.000000 1654.000000 1080.000000
0 2871 0.023579 0.493519 0.045949 0.164815 1.000000 1654.000000 1080.000000
0 2872 0.025393 0.490741 0.047158 0.164815 0.944060 1654.000000 1080.000000
0 2873 0.027811 0.488889 0.047158 0.164815 0.943570 1654.000000 1080.000000
0 2874 0.029927 0.486111 0.047763 0.164815 0.936310 1654.000000 1080.000000
0 2875 0.032346 0.484259 0.047763 0.164815 0.936310 1654.000000 1080.000000
0 2876 0.034462 0.481481 0.048368 0.164815 0.929240 1654.000000 1080.000000
0 2877 0.036880 0.479630 0.048368 0.164815 0.929240 1654.000000 1080.000000
0 2878 0.038392 0.477315 0.047763 0.163889 0.920650 1654.000000 1080.000000
0 2879 0.040206 0.475463 0.047763 0.163889 0.911940 1654.000000 1080.000000
0 2880 0.042322 0.473611 0.047158 0.163889 0.910820 1654.000000 1080.000000
0 2881 0.044135 0.471759 0.047158 0.163889 0.902720 1654.000000 1080.000000
0 2882 0.046252 0.469907 0.046554 0.163889 0.900610 1654.000000 1080.000000
0 2883 0.048065 0.467593 0.046554 0.162963 0.892660 1654.000000 1080.000000
0 2884 0.050181 0.465741 0.045949 0.162963 0.891260 1654.000000 1080.000000
0 2885 0.051995 0.463889 0.045949 0.162963 0.881870 1654.000000 1080.000000
0 2886 0.054111 0.462037 0.045345 0.162963 0.880320 1654.000000 1080.000000
0 2887 0.055925 0.460185 0.045345 0.162963 0.871770 1654.000000 1080.000000
0 2888 0.058041 0.457870 0.044740 0.162037 0.886740 1654.000000 1080.000000
0 2889 0.059855 0.456019 0.044740 0.162037 0.886740 1654.000000 1080.000000
0 2890 0.061971 0.454167 0.044135 0.162037 0.902870 1654.000000 1080.000000
0 2891 0.063785 0.452315 0.044135 0.162037 0.902870 1654.000000 1080.000000
0 2892 0.065901 0.450463 0.043531 0.162037 0.919440 1654.000000 1080.000000
0 2893 0.068017 0.447685 0.044135 0.162037 0.921220 1654.000000 1080.000000
0 2894 0.070133 0.445370 0.044740 0.161111 0.927470 1654.000000 1080.000000
0 2895 0.072249 0.443056 0.045345 0.160185 0.926350 1654.000000 1080.000000
0 2896 0.074365 0.441204 0.045949 0.160185 0.933270 1654.000000 1080.000000
0 2897 0.076784 0.438889 0.045949 0.159259 0.942200 1654.000000 1080.000000
0 2898 0.078900 0.436574 0.046554 0.158333 0.939480 1654.000000 1080.000000
0 2899 0.081016 0.434722 0.047158 0.158333 0.916840 1654.000000 1080.000000
0 2900 0.083132 0.432407 0.047763 0.157407 0.908770 1654.000000 1080.000000
0 2901 0.085248 0.430093 0.048368 0.156481 0.878430 1654.000000 1080.000000
0 2902 0.087666 0.428241 0.048368 0.156481 0.866090 1654.000000 1080.000000
0 2903 0.089178 0.426389 0.047763 0.156481 0.868900 1654.000000 1080.000000
0 2904 0.090992 0.424537 0.047763 0.156481 0.852870 1654.000000 1080.000000
0 2905 0.093108 0.422685 0.047158 0.156481 0.851010 1654.000000 1080.000000
0 2906 0.094921 0.420833 0.047158 0.156481 0.842890 1654.000000 1080.000000
0 2907 0.097037 0.419444 0.046554 0.157407 0.819540 1654.000000 1080.000000
0 2908 0.098851 0.417593 0.046554 0.157407 0.811290 1654.000000 1080.000000
0 2909 0.100967 0.416204 0.045949 0.156481 0.808250 1654.000000 1080.000000
0 2910 0.102479 0.414352 0.045345 0.156481 0.801860 1654.000000 1080.000000
0 2911 0.104293 0.412500 0.045345 0.156481 0.793340 1654.000000 1080.000000
0 2912 0.106409 0.411111 0.044740 0.157407 0.870180 1654.000000 1080.000000
0 2913 0.108222 0.409259 0.044740 0.157407 0.852870 1654.000000 1080.000000
0 2914 0.110339 0.407407 0.044135 0.157407 0.867240 1654.000000 1080.000000
0 2915 0.112152 0.405556 0.044135 0.157407 0.867240 1654.000000 1080.000000
0 2916 0.114268 0.404630 0.043531 0.157407 0.872150 1654.000000 1080.000000
0 2917 0.116082 0.401852 0.043531 0.157407 0.873270 1654.000000 1080.000000
0 2918 0.118198 0.399537 0.044135 0.156481 0.875360 1654.000000 1080.000000
0 2919 0.120314 0.397222 0.044740 0.155556 0.729630 1654.000000 1080.000000
0 2920 0.122128 0.395370 0.044740 0.155556 0.729630 1654.000000 1080.000000
0 2921 0.124244 0.393056 0.045345 0.154630 0.706140 1654.000000 1080.000000
0 2922 0.126360 0.390741 0.045949 0.153704 0.697330 1654.000000 1080.000000
0 2923 0.128174 0.387963 0.045949 0.153704 0.686600 1654.000000 1080.000000
0 2924 0.130290 0.386111 0.046554 0.153704 0.676800 1654.000000 1080.000000
0 2925 0.132406 0.383796 0.047158 0.152778 0.656090 1654.000000 1080.000000
0 2926 0.134220 0.381481 0.047158 0.151852 0.655390 1654.000000 1080.000000
0 2927 0.136336 0.379167 0.047763 0.150926 0.649090 1654.000000 1080.000000
0 2928 0.138452 0.377315 0.048368 0.150926 0.627450 1654.000000 1080.000000
0 2929 0.139964 0.375000 0.047763 0.151852 0.628030 1654.000000 1080.000000
0 2930 0.141778 0.373148 0.047763 0.151852 0.619700 1654.000000 1080.000000
0 2931 0.143289 0.371759 0.047158 0.152778 0.618500 1654.000000 1080.000000
0 2932 0.145103 0.369907 0.047158 0.152778 0.601570 1654.000000 1080.000000
0 2933 0.146614 0.368056 0.046554 0.152778 0.599010 1654.000000 1080.000000
0 2934 0.148428 0.366667 0.046554 0.153704 0.589820 1654.000000 1080.000000
0 2935 0.150544 0.364815 0.045949 0.153704 0.571660 1654.000000 1080.000000
0 2936 0.152056 0.362963 0.045345 0.153704 0.561220 1654.000000 1080.000000
0 2937 0.153869 0.361574 0.045345 0.154630 0.549810 1654.000000 1080.000000
0 2938 0.155381 0.359722 0.044740 0.154630 0.547860 1654.000000 1080.000000
0 2939 0.157195 0.357870 0.044740 0.154630 0.538730 1654.000000 1080.000000
0 2940 0.158706 0.356481 0.044135 0.155556 0.526630 1654.000000 1080.000000
0 2941 0.160520 0.354630 0.044135 0.155556 0.533740 1654.000000 1080.000000
0 2942 0.162636 0.353241 0.043531 0.156481 0.534890 1654.000000 1080.000000
0 2943 0.164450 0.350463 0.043531 0.156481 0.538280 1654.000000 1080.000000
0 2944 0.166566 0.348148 0.044135 0.155556 0.528390 1654.000000 1080.000000
0 2945 0.168682 0.345370 0.043531 0.155556 0.534810 1654.000000 1080.000000
0 2946 0.170798 0.343519 0.044135 0.155556 0.527750 1654.000000 1080.000000
0 2947 0.172612 0.340741 0.044135 0.155556 0.537020 1654.000000 1080.000000
0 2948 0.175030 0.338426 0.044135 0.154630 0.533540 1654.000000 1080.000000
0 2949 0.176844 0.335648 0.044135 0.154630 0.548750 1654.000000 1080.000000
0 2950 0.178960 0.333796 0.044740 0.154630 0.539760 1654.000000 1080.000000
0 2951 0.181076 0.331019 0.044135 0.154630 0.546090 1654.000000 1080.000000
0 2952 0.183192 0.328704 0.044740 0.153704 0.538040 1654.000000 1080.000000
0 2953 0.185611 0.326852 0.044740 0.153704 0.533890 1654.000000 1080.000000
0 2954 0.186820 0.325000 0.044740 0.153704 0.536450 1654.000000 1080.000000
0 2955 0.188634 0.323148 0.044740 0.153704 0.755530 1654.000000 1080.000000
0 2956 0.190145 0.321296 0.044135 0.153704 0.742190 1654.000000 1080.000000
0 2957 0.191959 0.319444 0.044135 0.153704 0.726250 1654.000000 1080.000000
0 2958 0.193470 0.317593 0.043531 0.153704 0.713640 1654.000000 1080.000000
0 2959 0.194982 0.315741 0.044135 0.153704 0.695020 1654.000000 1080.000000
0 2960 0.196493 0.313889 0.043531 0.153704 0.685340 1654.000000 1080.000000
0 2961 0.198307 0.312037 0.043531 0.153704 0.673610 1654.000000 1080.000000
0 2962 0.200121 0.310185 0.043531 0.153704 0.662870 1654.000000 1080.000000
0 2963 0.201632 0.308333 0.042926 0.153704 0.653030 1654.000000 1080.000000
0 2964 0.203144 0.306481 0.043531 0.153704 0.639650 1654.000000 1080.000000
0 2965 0.204655 0.304630 0.042926 0.153704 0.630990 1654.000000 1080.000000
0 2966 0.206469 0.302778 0.042926 0.153704 0.625750 1654.000000 1080.000000
0 2967 0.207981 0.300926 0.042322 0.153704 0.618280 1654.000000 1080.000000
0 2968 0.209794 0.299074 0.042322 0.153704 0.612800 1654.000000 1080.000000
0 2969 0.211608 0.297685 0.042322 0.154630 0.593390 1654.000000 1080.000000
0 2970 0.213120 0.294907 0.041717 0.154630 0.603400 1654.000000 1080.000000
0 2971 0.214933 0.293056 0.040508 0.154630 0.609160 1654.000000 1080.000000
0 2972 0.216747 0.290741 0.039299 0.153704 0.616490 1654.000000 1080.000000
0 2973 0.218561 0.288889 0.038089 0.153704 0.626310 1654.000000 1080.000000
0 2974 0.220677 0.287037 0.037485 0.153704 0.636730 1654.000000 1080.000000
0 2975 0.222189 0.284722 0.038089 0.152778 0.644010 1654.000000 1080.000000
0 2976 0.224002 0.282407 0.039299 0.151852 0.637740 1654.000000 1080.000000
0 2977 0.225816 0.280556 0.039299 0.151852 0.646190 1654.000000 1080.000000
0 2978 0.227630 0.278704 0.040508 0.150000 0.655900 1654.000000 1080.000000
0 2979 0.229746 0.276852 0.041112 0.150000 0.659640 1654.000000 1080.000000
0 2980 0.231258 0.274537 0.041717 0.149074 0.678570 1654.000000 1080.000000
0 2981 0.233071 0.272685 0.042926 0.147222 0.675090 1654.000000 1080.000000
0 2982 0.234885 0.270833 0.042926 0.147222 0.693140 1654.000000 1080.000000
0 2983 0.236699 0.268519 0.044135 0.146296 0.692160 1654.000000 1080.000000
0 2984 0.238815 0.267130 0.044740 0.145370 0.693840 1654.000000 1080.000000
0 2985 0.240629 0.265278 0.044740 0.145370 0.698730 1654.000000 1080.000000
0 2986 0.242745 0.264352 0.044135 0.145370 0.712970 1654.000000 1080.000000
0 2987 0.244861 0.262500 0.043531 0.145370 0.722040 1654.000000 1080.000000
0 2988 0.247279 0.261574 0.043531 0.145370 0.727410 1654.000000 1080.000000
0 2989 0.249395 0.259722 0.042926 0.145370 0.735410 1654.000000 1080.000000
0 2990 0.251511 0.258796 0.042322 0.145370 0.750580 1654.000000 1080.000000
0 2991 0.253930 0.256944 0.042322 0.145370 0.737740 1654.000000 1080.000000
0 2992 0.256046 0.256019 0.041717 0.145370 0.737790 1654.000000 1080.000000
0 2993 0.258162 0.254167 0.041112 0.145370 0.740510 1654.000000 1080.000000
0 2994 0.260278 0.253241 0.040508 0.145370 0.724500 1654.000000 1080.000000
0 2995 0.262696 0.251389 0.040508 0.145370 0.700390 1654.000000 1080.000000
0 2996 0.264813 0.250463 0.039903 0.145370 0.681940 1654.000000 1080.000000
0 2997 0.266929 0.248611 0.039299 0.145370 0.666380 1654.000000 1080.000000
0 2998 0.269347 0.247685 0.039299 0.145370 0.639430 1654.000000 1080.000000
0 2999 0.270556 0.245833 0.039299 0.145370 0.625530 1654.000000 1080.000000
0 3000 0.272370 0.244444 0.039299 0.144444 0.602390 1654.000000 1080.000000
0 3001 0.274184 0.243519 0.039299 0.144444 0.584540 1654.000000 1080.000000
0 3002 0.275695 0.241667 0.038694 0.144444 0.566680 1654.000000 1080.000000
0 3003 0.277509 0.240741 0.038694 0.144444 0.544630 1654.000000 1080.000000
0 3004 0.279323 0.239352 0.038694 0.145370 0.607400 1654.000000 1080.000000
0 3005 0.280834 0.238426 0.038089 0.145370 0.589890 1654.000000 1080.000000
0 3006 0.282648 0.237500 0.038089 0.145370 0.573180 1654.000000 1080.000000
0 3007 0.284462 0.236111 0.038089 0.146296 0.569280 1654.000000 1080.000000
0 3008 0.285973 0.235185 0.037485 0.146296 0.565440 1654.000000 1080.000000
0 3009 0.287787 0.234259 0.037485 0.146296 0.565140 1654.000000 1080.000000
0 3010 0.289903 0.232407 0.036880 0.146296 0.573950 1654.000000 1080.000000
0 3011 0.291717 0.231481 0.036880 0.146296 0.571920 1654.000000 1080.000000
0 3012 0.293229 0.230556 0.036276 0.146296 0.571910 1654.000000 1080.000000
0 3013 0.295042 0.229167 0.036276 0.147222 0.577970 1654.000000 1080.000000
0 3014 0.296856 0.228241 0.036276 0.147222 0.577770 1654.000000 1080.000000
0 3015 0.298368 0.227315 0.035671 0.147222 0.581880 1654.000000 1080.000000
0 3016 0.300181 0.225926 0.035671 0.148148 0.585920 1654.000000 1080.000000
0 3017 0.301995 0.225000 0.035671 0.148148 0.587580 1654.000000 1080.000000
0 3018 0.304111 0.224074 0.035067 0.148148 0.591850 1654.000000 1080.000000
0 3019 0.305320 0.222222 0.035067 0.148148 0.601640 1654.000000 1080.000000
0 3020 0.306530 0.220370 0.035067 0.148148 0.602170 1654.000000 1080.000000
0 3021 0.308343 0.218519 0.035067 0.148148 0.614700 1654.000000 1080.000000
0 3022 0.309553 0.217593 0.035067 0.148148 0.617750 1654.000000 1080.000000
0 3023 0.310762 0.215741 0.035067 0.148148 0.624380 1654.000000 1080.000000
0 3024 0.312576 0.213889 0.035067 0.148148 0.637750 1654.000000 1080.000000
0 3025 0.313785 0.212963 0.035067 0.148148 0.642590 1654.000000 1080.000000
0 3026 0.314994 0.211111 0.035067 0.148148 0.656070 1654.000000 1080.000000
0 3027 0.316808 0.209259 0.035067 0.148148 0.667970 1654.000000 1080.000000
0 3028 0.318017 0.208333 0.035067 0.148148 0.673020 1654.000000 1080.000000
0 3029 0.319831 0.206481 0.035067 0.148148 0.689340 1654.000000 1080.000000
0 3030 0.321040 0.204630 0.035067 0.148148 0.697230 1654.000000 1080.000000
0 3031 0.322249 0.203704 0.035067 0.148148 0.693550 1654.000000 1080.000000
0 3032 0.324063 0.201852 0.035067 0.148148 0.710290 1654.000000 1080.000000
0 3033 0.325272 0.200000 0.035067 0.148148 0.724180 1654.000000 1080.000000
0 3034 0.326481 0.199074 0.035067 0.148148 0.729230 1654.000000 1080.000000
0 3035 0.328295 0.197222 0.035067 0.148148 0.748610 1654.000000 1080.000000
0 3036 0.329504 0.195370 0.035067 0.148148 0.762500 1654.000000 1080.000000
0 3037 0.330713 0.194444 0.035067 0.148148 0.763870 1654.000000 1080.000000
0 3038 0.332527 0.192593 0.035067 0.148148 0.805030 1654.000000 1080.000000
0 3039 0.333736 0.190741 0.035067 0.148148 0.801870 1654.000000 1080.000000
0 3040 0.335550 0.189815 0.035067 0.148148 0.808930 1654.000000 1080.000000
0 3041 0.336759 0.187963 0.035067 0.148148 0.815660 1654.000000 1080.000000
0 3042 0.337969 0.186574 0.035067 0.147222 0.815360 1654.000000 1080.000000
0 3043 0.339178 0.185185 0.035067 0.146296 0.825390 1654.000000 1080.000000
0 3044 0.340387 0.183333 0.035067 0.146296 0.826240 1654.000000 1080.000000
0 3045 0.342201 0.181944 0.035067 0.145370 0.843920 1654.000000 1080.000000
0 3046 0.343410 0.180556 0.035067 0.144444 0.843900 1654.000000 1080.000000
0 3047 0.344619 0.178704 0.035067 0.144444 0.854040 1654.000000 1080.000000
0 3048 0.345828 0.177315 0.035067 0.143519 0.854090 1654.000000 1080.000000
0 3049 0.347642 0.175926 0.035067 0.142593 0.875340 1654.000000 1080.000000
0 3050 0.348851 0.174074 0.035067 0.142593 0.873260 1654.000000 1080.000000
0 3051 0.350060 0.172685 0.035067 0.141667 0.882020 1654.000000 1080.000000
0 3052 0.351270 0.171296 0.035067 0.140741 0.881020 1654.000000 1080.000000
0 3053 0.353083 0.169444 0.035067 0.140741 0.907280 1654.000000 1080.000000
0 3054 0.354293 0.168056 0.035067 0.139815 0.908120 1654.000000 1080.000000
0 3055 0.355502 0.166667 0.035067 0.138889 0.920190 1654.000000 1080.000000
0 3056 0.356711 0.164815 0.035067 0.138889 0.917500 1654.000000 1080.000000
0 3057 0.358525 0.163426 0.035067 0.137963 0.928810 1654.000000 1080.000000
0 3058 0.359734 0.162037 0.035067 0.137037 0.917190 1654.000000 1080.000000
0 3059 0.360943 0.160185 0.035067 0.137037 0.917980 1654.000000 1080.000000
0 3060 0.362152 0.158796 0.035067 0.136111 0.906550 1654.000000 1080.000000
0 3061 0.363966 0.157407 0.035067 0.135185 0.918480 1654.000000 1080.000000
0 3062 0.365175 0.155556 0.035067 0.135185 0.907760 1654.000000 1080.000000
0 3063 0.366385 0.154167 0.035067 0.134259 0.896560 1654.000000 1080.000000
0 3064 0.367594 0.152778 0.035067 0.133333 0.863940 1654.000000 1080.000000
0 3065 0.369407 0.151389 0.035067 0.132407 0.842750 1654.000000 1080.000000
0 3066 0.370617 0.150463 0.035067 0.132407 0.814850 1654.000000 1080.000000
0 3067 0.371826 0.149537 0.035067 0.132407 0.814850 1654.000000 1080.000000
0 3068 0.373035 0.148611 0.035067 0.132407 0.798380 1654.000000 1080.000000
0 3069 0.374244 0.147685 0.035067 0.132407 0.786960 1654.000000 1080.000000
0 3070 0.375453 0.146759 0.035067 0.132407 0.770480 1654.000000 1080.000000
0 3071 0.376663 0.145833 0.035067 0.132407 0.771300 1654.000000 1080.000000
0 3072 0.377872 0.144907 0.035067 0.132407 0.742580 1654.000000 1080.000000
0 3073 0.379081 0.144907 0.035067 0.132407 0.741640 1654.000000 1080.000000
0 3074 0.380290 0.143981 0.035067 0.132407 0.724340 1654.000000 1080.000000
0 3075 0.381499 0.143056 0.035067 0.132407 0.776480 1654.000000 1080.000000
0 3076 0.382709 0.142130 0.035067 0.132407 0.750000 1654.000000 1080.000000
0 3077 0.383918 0.141204 0.035067 0.132407 0.730230 1654.000000 1080.000000
0 3078 0.385127 0.140278 0.035067 0.132407 0.699980 1654.000000 1080.000000
0 3079 0.386336 0.139352 0.035067 0.132407 0.672900 1654.000000 1080.000000
0 3080 0.387545 0.138426 0.035067 0.132407 0.655600 1654.000000 1080.000000
0 3081 0.388755 0.138426 0.035067 0.132407 0.616050 1654.000000 1080.000000
0 3082 0.389964 0.137500 0.035067 0.132407 0.600160 1654.000000 1080.000000
0 3083 0.391173 0.136574 0.035067 0.132407 0.600870 1654.000000 1080.000000
0 3084 0.392382 0.135648 0.035067 0.132407 0.613700 1654.000000 1080.000000
0 3085 0.393591 0.134722 0.035067 0.132407 0.616640 1654.000000 1080.000000
0 3086 0.394800 0.133796 0.035067 0.132407 0.633470 1654.000000 1080.000000
0 3087 0.396010 0.132870 0.035067 0.132407 0.644420 1654.000000 1080.000000
0 3088 0.397219 0.131944 0.035067 0.132407 0.667140 1654.000000 1080.000000
0 3089 0.398428 0.131944 0.035067 0.132407 0.673490 1654.000000 1080.000000
0 3090 0.399033 0.130093 0.035067 0.132407 0.688680 1654.000000 1080.000000
0 3091 0.400242 0.129167 0.035067 0.132407 0.688320 1654.000000 1080.000000
0 3092 0.401451 0.127315 0.035067 0.132407 0.689030 1654.000000 1080.000000
0 3093 0.402660 0.126389 0.035067 0.132407 0.673610 1654.000000 1080.000000
0 3094 0.403869 0.125463 0.035067 0.132407 0.660190 1654.000000 1080.000000
0 3095 0.405079 0.123611 0.035067 0.132407 0.647480 1654.000000 1080.000000
0 3096 0.406288 0.122685 0.035067 0.132407 0.618060 1654.000000 1080.000000
0 3097 0.407195 0.121296 0.034462 0.131481 0.596700 1654.000000 1080.000000
0 3098 0.408404 0.119907 0.034462 0.132407 0.574710 1654.000000 1080.000000
0 3099 0.409613 0.118981 0.034462 0.132407 0.574710 1654.000000 1080.000000
0 3100 0.410822 0.117593 0.034462 0.131481 0.571140 1654.000000 1080.000000
0 3101 0.412031 0.116204 0.034462 0.132407 0.573040 1654.000000 1080.000000
0 3102 0.412938 0.115278 0.035067 0.132407 0.563680 1654.000000 1080.000000
0 3103 0.414148 0.113889 0.035067 0.131481 0.567620 1654.000000 1080.000000
0 3104 0.415054 0.112500 0.034462 0.132407 0.559150 1654.000000 1080.000000
0 3105 0.416264 0.111111 0.034462 0.131481 0.554140 1654.000000 1080.000000
0 3106 0.417473 0.110185 0.034462 0.131481 0.565470 1654.000000 1080.000000
0 3107 0.418682 0.108796 0.034462 0.132407 0.583930 1654.000000 1080.000000
0 3108 0.419891 0.107407 0.034462 0.131481 0.602600 1654.000000 1080.000000
0 3109 0.421100 0.106019 0.034462 0.132407 0.618650 1654.000000 1080.000000
0 3110 0.422310 0.105093 0.034462 0.132407 0.636020 1654.000000 1080.000000
0 3111 0.423519 0.103704 0.034462 0.131481 0.652160 1654.000000 1080.000000
0 3112 0.424426 0.102315 0.033857 0.132407 0.647300 1654.000000 1080.000000
0 3113 0.425635 0.100926 0.033857 0.131481 0.646060 1654.000000 1080.000000
0 3114 0.426542 0.100000 0.034462 0.131481 0.636850 1654.000000 1080.000000
0 3115 0.427751 0.098611 0.034462 0.132407 0.639370 1654.000000 1080.000000
0 3116 0.428960 0.097222 0.034462 0.131481 0.638290 1654.000000 1080.000000
0 3117 0.430169 0.096296 0.034462 0.131481 0.638290 1654.000000 1080.000000
0 3118 0.431378 0.094907 0.034462 0.132407 0.638650 1654.000000 1080.000000
0 3119 0.432285 0.093519 0.033857 0.131481 0.633420 1654.000000 1080.000000
0 3120 0.433495 0.092593 0.033857 0.131481 0.631210 1654.000000 1080.000000
0 3121 0.434704 0.090741 0.033857 0.131481 0.623110 1654.000000 1080.000000
0 3122 0.435913 0.089815 0.033857 0.131481 0.620290 1654.000000 1080.000000
0 3123 0.437122 0.088889 0.033857 0.131481 0.617840 1654.000000 1080.000000
0 3124 0.438331 0.087037 0.033857 0.131481 0.618700 1654.000000 1080.000000
0 3125 0.439541 0.086111 0.033857 0.131481 0.616120 1654.000000 1080.000000
0 3126 0.440750 0.085185 0.033857 0.131481 0.616120 1654.000000 1080.000000
0 3127 0.441354 0.083796 0.033857 0.130556 0.600820 1654.000000 1080.000000
0 3128 0.442563 0.082407 0.033857 0.129630 0.599100 1654.000000 1080.000000
0 3129 0.443168 0.081019 0.033857 0.128704 0.571180 1654.000000 1080.000000
0 3130 0.444377 0.079630 0.033857 0.127778 0.516470 1654.000000 1080.000000
0 3131 0.445586 0.078704 0.033857 0.125926 0.514530 1654.000000 1080.000000
0 3132 0.446191 0.077315 0.033857 0.125000 0.516120 1654.000000 1080.000000
0 3133 0.447400 0.075926 0.033857 0.124074 0.496170 1654.000000 1080.000000
0 3134 0.448005 0.074537 0.033857 0.123148 0.497510 1654.000000 1080.000000
0 3135 0.449214 0.073611 0.033857 0.123148 0.494370 1654.000000 1080.000000
0 3136 0.450423 0.072685 0.033857 0.121296 0.479270 1654.000000 1080.000000
0 3137 0.451028 0.071296 0.033857 0.120370 0.476090 1654.000000 1080.000000
0 3138 0.452237 0.069907 0.033857 0.119444 0.490820 1654.000000 1080.000000
0 3139 0.452842 0.068519 0.033857 0.118519 0.491910 1654.000000 1080.000000
0 3140 0.454051 0.067130 0.033857 0.117593 0.506850 1654.000000 1080.000000
0 3141 0.455260 0.066204 0.033857 0.115741 0.505150 1654.000000 1080.000000
0 3142 0.455865 0.064815 0.033857 0.114815 0.501470 1654.000000 1080.000000
0 3143 0.457074 0.063889 0.033857 0.114815 0.509330 1654.000000 1080.000000
0 3144 0.457678 0.062500 0.033857 0.113889 0.501410 1654.000000 1080.000000
0 3145 0.458888 0.061111 0.033857 0.112963 0.504070 1654.000000 1080.000000
0 3146 0.460097 0.060185 0.033857 0.111111 0.473540 1654.000000 1080.000000
0 3147 0.460701 0.058796 0.033857 0.110185 0.484800 1654.000000 1080.000000
0 3148 0.461911 0.057407 0.033857 0.109259 0.487980 1654.000000 1080.000000
0 3149 0.462515 0.056019 0.033857 0.108333 0.477400 1654.000000 1080.000000
0 3150 0.463724 0.054630 0.033857 0.107407 0.492880 1654.000000 1080.000000
0 3151 0.464933 0.054167 0.033857 0.106481 0.482000 1654.000000 1080.000000
0 3152 0.465538 0.053241 0.033857 0.104630 0.472610 1654.000000 1080.000000
0 3153 0.466445 0.052778 0.034462 0.103704 0.457890 1654.000000 1080.000000
0 3154 0.467352 0.052315 0.033857 0.102778 0.446120 1654.000000 1080.000000
0 3155 0.468259 0.051852 0.034462 0.101852 0.437250 1654.000000 1080.000000
0 3156 0.469166 0.051389 0.033857 0.100926 0.421210 1654.000000 1080.000000
0 3157 0.470073 0.050926 0.034462 0.100000 0.410310 1654.000000 1080.000000
0 3158 0.470979 0.050463 0.033857 0.099074 0.394900 1654.000000 1080.000000
0 3159 0.471886 0.050000 0.034462 0.098148 0.393490 1654.000000 1080.000000
0 3160 0.473096 0.049537 0.034462 0.097222 0.393620 1654.000000 1080.000000
0 3161 0.473700 0.049074 0.034462 0.096296 0.370110 1654.000000 1080.000000
0 3162 0.474909 0.048611 0.034462 0.095370 0.372680 1654.000000 1080.000000
0 3163 0.475514 0.048148 0.034462 0.094444 0.351190 1654.000000 1080.000000
0 3164 0.476723 0.047222 0.034462 0.092593 0.359340 1654.000000 1080.000000
0 3165 0.477328 0.046759 0.034462 0.091667 0.353450 1654.000000 1080.000000
0 3166 0.478537 0.046296 0.034462 0.090741 0.345000 1654.000000 1080.000000
0 3167 0.479141 0.045833 0.034462 0.089815 0.339370 1654.000000 1080.000000
0 3168 0.480351 0.045370 0.034462 0.088889 0.333810 1654.000000 1080.000000
0 3169 0.481258 0.044907 0.035067 0.087963 0.333330 1654.000000 1080.000000
0 3170 0.482164 0.044444 0.034462 0.087037 0.328130 1654.000000 1080.000000
0 3171 0.483071 0.043981 0.035067 0.086111 0.312300 1654.000000 1080.000000
0 3172 0.483978 0.043519 0.034462 0.085185 0.305900 1654.000000 1080.000000
0 3173 0.484885 0.043056 0.035067 0.084259 0.288870 1654.000000 1080.000000
0 3174 0.485792 0.042593 0.034462 0.083333 0.281550 1654.000000 1080.000000
0 3175 0.486699 0.042130 0.035067 0.082407 0.277970 1654.000000 1080.000000
0 3176 0.487908 0.041667 0.035067 0.081481 0.320510 1654.000000 1080.000000
0 3177 0.488210 0.040741 0.034462 0.079630 0.334130 1654.000000 1080.000000
0 3178 0.488815 0.039815 0.034462 0.077778 0.353350 1654.000000 1080.000000
0 3179 0.489420 0.039352 0.034462 0.076852 0.370280 1654.000000 1080.000000
0 3180 0.490024 0.038426 0.034462 0.075000 0.392140 1654.000000 1080.000000
0 3181 0.490629 0.037963 0.034462 0.074074 0.422950 1654.000000 1080.000000
0 3182 0.491536 0.037037 0.033857 0.072222 0.438600 1654.000000 1080.000000
0 3183 0.492140 0.036574 0.033857 0.071296 0.421050 1654.000000 1080.000000
0 3184 0.492745 0.035648 0.033857 0.069444 0.421050 1654.000000 1080.000000
0 3185 0.493349 0.034722 0.033857 0.067593 0.421050 1654.000000 1080.000000
0 3186 0.493954 0.034259 0.033857 0.066667 0.421050 1654.000000 1080.000000
0 3187 0.494559 0.033333 0.033857 0.064815 0.403510 1654.000000 1080.000000
0 3188 0.495163 0.032870 0.032648 0.063889 0.400000 1654.000000 1080.000000
0 3189 0.495768 0.031944 0.032648 0.062037 0.400000 1654.000000 1080.000000
0 3190 0.496372 0.031481 0.032648 0.061111 0.400000 1654.000000 1080.000000
0 3191 0.496977 0.030556 0.032648 0.059259 0.379020 1654.000000 1080.000000
0 3192 0.497582 0.029630 0.032648 0.057407 0.377490 1654.000000 1080.000000
0 3193 0.498186 0.029167 0.032648 0.056481 0.373900 1654.000000 1080.000000
0 3194 0.499093 0.028241 0.032044 0.054630 0.381480 1654.000000 1080.000000
0 3195 0.499698 0.027778 0.032044 0.053704 0.365350 1654.000000 1080.000000
0 3196 0.500302 0.026852 0.032044 0.051852 0.353480 1654.000000 1080.000000
0 3197 0.500907 0.026389 0.032044 0.050926 0.284390 1654.000000 1080.000000
0 3198 0.501511 0.025463 0.032044 0.049074 0.216050 1654.000000 1080.000000
