0 2699 0.596735 0.981019 0.036276 0.039815 0.977270 1654.000000 1080.000000
0 2700 0.596433 0.978704 0.036880 0.042593 1.000000 1654.000000 1080.000000
0 2701 0.596433 0.977315 0.038089 0.045370 1.000000 1654.000000 1080.000000
0 2702 0.596735 0.975463 0.038694 0.049074 1.000000 1654.000000 1080.000000
0 2703 0.597340 0.974074 0.038694 0.051852 1.000000 1654.000000 1080.000000
0 2704 0.597944 0.972685 0.038694 0.054630 1.000000 1654.000000 1080.000000
0 2705 0.598247 0.971296 0.039299 0.057407 1.000000 1654.000000 1080.000000
0 2706 0.599154 0.970370 0.039903 0.061111 0.985070 1654.000000 1080.000000
0 2707 0.599758 0.968981 0.039903 0.063889 0.985710 1654.000000 1080.000000
0 2708 0.600060 0.967593 0.040508 0.066667 0.986300 1654.000000 1080.000000
0 2709 0.600665 0.966204 0.040508 0.069444 0.986840 1654.000000 1080.000000
0 2710 0.601572 0.964815 0.041112 0.072222 0.987340 1654.000000 1080.000000
0 2711 0.601572 0.963426 0.041112 0.075000 0.987800 1654.000000 1080.000000
0 2712 0.602177 0.962037 0.041112 0.077778 0.988240 1654.000000 1080.000000
0 2713 0.602781 0.960648 0.041112 0.080556 0.988640 1654.000000 1080.000000
0 2714 0.603386 0.959259 0.041112 0.083333 0.989010 1654.000000 1080.000000
0 2715 0.603386 0.957870 0.041112 0.086111 0.989360 1654.000000 1080.000000
0 2716 0.603990 0.956481 0.041112 0.088889 0.989690 1654.000000 1080.000000
0 2717 0.604595 0.955093 0.041112 0.091667 0.990000 1654.000000 1080.000000
0 2718 0.605200 0.953704 0.041112 0.094444 0.990290 1654.000000 1080.000000
0 2719 0.605804 0.952315 0.041112 0.097222 0.990570 1654.000000 1080.000000
0 2720 0.605804 0.950926 0.041112 0.100000 0.990830 1654.000000 1080.000000
0 2721 0.606409 0.949537 0.041112 0.102778 0.991070 1654.000000 1080.000000
0 2722 0.607013 0.948148 0.041112 0.105556 0.991300 1654.000000 1080.000000
0 2723 0.607618 0.946759 0.041112 0.108333 0.991530 1654.000000 1080.000000
0 2724 0.607618 0.945370 0.041112 0.111111 0.991740 1654.000000 1080.000000
0 2725 0.608222 0.943981 0.041112 0.113889 0.755730 1654.000000 1080.000000
0 2726 0.608827 0.942593 0.041112 0.116667 0.734910 1654.000000 1080.000000
0 2727 0.609432 0.941204 0.041112 0.119444 0.713710 1654.000000 1080.000000
0 2728 0.610036 0.940278 0.041112 0.121296 0.701250 1654.000000 1080.000000
0 2729 0.610036 0.938889 0.041112 0.124074 0.685350 1654.000000 1080.000000
0 2730 0.610641 0.937500 0.041112 0.126852 0.669500 1654.000000 1080.000000
0 2731 0.611245 0.936111 0.041112 0.129630 0.653300 1654.000000 1080.000000
0 2732 0.611850 0.934722 0.041112 0.132407 0.637380 1654.000000 1080.000000
0 2733 0.611850 0.933333 0.041112 0.135185 0.621510 1654.000000 1080.000000
0 2734 0.612455 0.931944 0.041112 0.137963 0.611400 1654.000000 1080.000000
0 2735 0.613059 0.930556 0.041112 0.140741 0.588990 1654.000000 1080.000000
0 2736 0.613664 0.929167 0.041112 0.143519 0.438680 1654.000000 1080.000000
0 2737 0.614268 0.927778 0.041112 0.146296 0.442170 1654.000000 1080.000000
0 2738 0.614268 0.926389 0.041112 0.149074 0.428610 1654.000000 1080.000000
0 2739 0.614873 0.925000 0.041112 0.151852 0.421960 1654.000000 1080.000000
0 2740 0.615478 0.923611 0.041112 0.154630 0.419250 1654.000000 1080.000000
0 2741 0.616082 0.922222 0.041112 0.157407 0.413000 1654.000000 1080.000000
0 2742 0.616082 0.920833 0.041112 0.160185 0.405710 1654.000000 1080.000000
0 2743 0.616687 0.919444 0.041112 0.162963 0.808650 1654.000000 1080.000000
0 2744 0.617291 0.918056 0.041112 0.165741 0.809580 1654.000000 1080.000000
0 2745 0.617896 0.916667 0.041112 0.168519 0.810490 1654.000000 1080.000000
0 2746 0.618501 0.915741 0.041112 0.170370 0.810340 1654.000000 1080.000000
0 2747 0.619105 0.912963 0.041112 0.170370 0.388090 1654.000000 1080.000000
0 2748 0.619710 0.910185 0.041112 0.170370 0.389190 1654.000000 1080.000000
0 2749 0.620314 0.908333 0.041112 0.170370 0.389190 1654.000000 1080.000000
0 2750 0.620919 0.905556 0.041112 0.170370 0.389190 1654.000000 1080.000000
0 2751 0.621524 0.902778 0.041112 0.170370 0.394590 1654.000000 1080.000000
0 2752 0.622430 0.900926 0.041717 0.170370 0.391350 1654.000000 1080.000000
0 2753 0.622430 0.898148 0.041717 0.170370 0.391510 1654.000000 1080.000000
0 2754 0.622430 0.896296 0.041717 0.170370 0.380850 1654.000000 1080.000000
0 2755 0.622733 0.893519 0.041112 0.170370 0.383780 1654.000000 1080.000000
0 2756 0.622733 0.891667 0.041112 0.170370 0.374300 1654.000000 1080.000000
0 2757 0.622733 0.889352 0.041112 0.171296 0.365590 1654.000000 1080.000000
0 2758 0.623337 0.887037 0.041112 0.170370 0.363650 1654.000000 1080.000000
0 2759 0.623337 0.885185 0.041112 0.170370 0.356760 1654.000000 1080.000000
0 2760 0.623337 0.882407 0.041112 0.170370 0.353000 1654.000000 1080.000000
0 2761 0.623640 0.880556 0.040508 0.170370 0.344200 1654.000000 1080.000000
0 2762 0.623640 0.878241 0.040508 0.171296 0.338710 1654.000000 1080.000000
0 2763 0.623942 0.875926 0.041112 0.170370 0.335140 1654.000000 1080.000000
0 2764 0.624244 0.873611 0.040508 0.171296 0.325980 1654.000000 1080.000000
0 2765 0.624244 0.871759 0.040508 0.171296 0.320520 1654.000000 1080.000000
0 2766 0.624244 0.869444 0.040508 0.170370 0.311370 1654.000000 1080.000000
0 2767 0.624547 0.867130 0.039903 0.171296 0.312870 1654.000000 1080.000000
0 2768 0.624849 0.864815 0.040508 0.170370 0.303500 1654.000000 1080.000000
0 2769 0.624849 0.862500 0.040508 0.171296 0.298700 1654.000000 1080.000000
0 2770 0.625151 0.860648 0.039903 0.171296 0.293850 1654.000000 1080.000000
0 2771 0.625151 0.857870 0.039903 0.171296 0.285190 1654.000000 1080.000000
0 2772 0.625151 0.856019 0.039903 0.171296 0.277000 1654.000000 1080.000000
0 2773 0.625756 0.854167 0.039903 0.171296 0.274270 1654.000000 1080.000000
0 2774 0.625756 0.851389 0.039903 0.171296 0.274110 1654.000000 1080.000000
0 2775 0.626360 0.849537 0.039903 0.171296 0.271470 1654.000000 1080.000000
0 2776 0.626965 0.846759 0.039903 0.171296 0.276840 1654.000000 1080.000000
0 2777 0.627570 0.844907 0.039903 0.171296 0.274190 1654.000000 1080.000000
0 2778 0.627570 0.842130 0.039903 0.171296 0.274190 1654.000000 1080.000000
0 2779 0.628174 0.840278 0.039903 0.171296 0.274190 1654.000000 1080.000000
0 2780 0.628779 0.837500 0.039903 0.171296 0.277000 1654.000000 1080.000000
0 2781 0.629383 0.835648 0.039903 0.171296 0.277000 1654.000000 1080.000000
0 2782 0.629383 0.832870 0.039903 0.171296 0.274590 1654.000000 1080.000000
0 2783 0.629988 0.831019 0.039903 0.171296 0.274590 1654.000000 1080.000000
0 2784 0.630593 0.829167 0.039903 0.171296 0.272110 1654.000000 1080.000000
0 2785 0.631197 0.826389 0.039903 0.171296 0.277480 1654.000000 1080.000000
0 2786 0.631197 0.824537 0.039903 0.171296 0.269940 1654.000000 1080.000000
0 2787 0.631802 0.821759 0.039903 0.171296 0.275320 1654.000000 1080.000000
0 2788 0.632406 0.819907 0.039903 0.171296 0.271950 1654.000000 1080.000000
0 2789 0.633011 0.817130 0.039903 0.171296 0.273470 1654.000000 1080.000000
0 2790 0.633011 0.815278 0.039903 0.171296 0.268500 1654.000000 1080.000000
0 2791 0.633615 0.812500 0.039903 0.171296 0.265690 1654.000000 1080.000000
0 2792 0.634220 0.810648 0.039903 0.171296 0.264080 1654.000000 1080.000000
0 2793 0.634825 0.807870 0.039903 0.171296 0.262880 1654.000000 1080.000000
0 2794 0.634825 0.806019 0.039903 0.171296 0.252930 1654.000000 1080.000000
0 2795 0.635429 0.804167 0.039903 0.171296 0.245710 1654.000000 1080.000000
0 2796 0.636034 0.801389 0.039903 0.171296 0.244420 1654.000000 1080.000000
0 2797 0.636638 0.799537 0.039903 0.171296 0.242740 1654.000000 1080.000000
0 2798 0.636638 0.796759 0.039903 0.171296 0.238160 1654.000000 1080.000000
0 2799 0.637243 0.794907 0.039903 0.171296 0.232390 1654.000000 1080.000000
0 2800 0.637848 0.792130 0.039903 0.171296 0.231260 1654.000000 1080.000000
0 2801 0.638452 0.790278 0.039903 0.171296 0.224760 1654.000000 1080.000000
0 2802 0.638452 0.787500 0.039903 0.171296 0.220350 1654.000000 1080.000000
0 2803 0.639057 0.785648 0.039903 0.171296 0.218740 1654.000000 1080.000000
0 2804 0.639661 0.782870 0.039903 0.171296 0.218180 1654.000000 1080.000000
0 2805 0.640266 0.781019 0.039903 0.171296 0.211600 1654.000000 1080.000000
0 2806 0.640871 0.779167 0.039903 0.171296 0.208390 1654.000000 1080.000000
0 2807 0.640871 0.777315 0.039903 0.171296 0.201970 1654.000000 1080.000000
0 2808 0.640871 0.775463 0.039903 0.171296 0.200210 1654.000000 1080.000000
0 2809 0.641475 0.773611 0.039903 0.171296 0.198760 1654.000000 1080.000000
0 2810 0.641475 0.771759 0.039903 0.171296 0.195550 1654.000000 1080.000000
0 2811 0.641475 0.769907 0.039903 0.171296 0.192340 1654.000000 1080.000000
0 2812 0.642080 0.768056 0.039903 0.171296 0.187610 1654.000000 1080.000000
0 2813 0.642080 0.766204 0.039903 0.171296 0.184320 1654.000000 1080.000000
0 2814 0.642684 0.765278 0.039903 0.171296 0.178940 1654.000000 1080.000000
0 2815 0.642684 0.763426 0.039903 0.171296 0.179510 1654.000000 1080.000000
0 2816 0.642684 0.761574 0.039903 0.171296 0.171240 1654.000000 1080.000000
0 2817 0.643289 0.759722 0.039903 0.171296 0.171720 1654.000000 1080.000000
0 2818 0.643289 0.757870 0.039903 0.171296 0.168590 1654.000000 1080.000000
0 2819 0.643289 0.756019 0.039903 0.171296 0.164980 1654.000000 1080.000000
0 2820 0.643894 0.754167 0.039903 0.171296 0.160250 1654.000000 1080.000000
0 2821 0.643894 0.753241 0.039903 0.171296 0.154870 1654.000000 1080.000000
0 2822 0.644498 0.751389 0.039903 0.171296 0.155190 1654.000000 1080.000000
0 2823 0.644498 0.749537 0.039903 0.171296 0.151580 1654.000000 1080.000000
0 2824 0.644498 0.747685 0.039903 0.171296 0.142430 1654.000000 1080.000000
0 2825 0.645103 0.745833 0.039903 0.171296 0.142590 1654.000000 1080.000000
0 2826 0.645103 0.743981 0.039903 0.171296 0.138500 1654.000000 1080.000000
0 2827 0.645103 0.742130 0.039903 0.171296 0.134410 1654.000000 1080.000000
0 2828 0.645707 0.741204 0.039903 0.171296 0.133290 1654.000000 1080.000000
0 2829 0.645707 0.739352 0.039903 0.171296 0.129030 1654.000000 1080.000000
0 2830 0.646312 0.737500 0.039903 0.171296 0.134410 1654.000000 1080.000000
0 2831 0.646312 0.735648 0.039903 0.171296 0.134410 1654.000000 1080.000000
0 2832 0.646312 0.733796 0.039903 0.171296 0.134410 1654.000000 1080.000000
0 2833 0.646917 0.731944 0.039903 0.171296 0.139780 1654.000000 1080.000000
0 2834 0.646917 0.730093 0.039903 0.171296 0.139780 1654.000000 1080.000000
0 2835 0.647521 0.729167 0.039903 0.171296 0.134410 1654.000000 1080.000000
0 2836 0.647521 0.727315 0.039903 0.171296 0.139780 1654.000000 1080.000000
0 2837 0.648126 0.725463 0.039903 0.171296 0.139780 1654.000000 1080.000000
0 2838 0.648730 0.723611 0.039903 0.171296 0.139780 1654.000000 1080.000000
0 2839 0.649335 0.721759 0.039903 0.171296 0.145160 1654.000000 1080.000000
0 2840 0.649940 0.719907 0.039903 0.171296 0.145160 1654.000000 1080.000000
0 2841 0.649940 0.718056 0.039903 0.171296 0.145160 1654.000000 1080.000000
0 2842 0.650544 0.717130 0.039903 0.171296 0.145160 1654.000000 1080.000000
0 2843 0.651149 0.715278 0.039903 0.171296 0.145160 1654.000000 1080.000000
0 2844 0.651753 0.713426 0.039903 0.171296 0.145160 1654.000000 1080.000000
0 2845 0.652358 0.711574 0.039903 0.171296 0.150540 1654.000000 1080.000000
0 2846 0.652358 0.709722 0.039903 0.171296 0.150540 1654.000000 1080.000000
0 2847 0.652963 0.707870 0.039903 0.171296 0.150540 1654.000000 1080.000000
0 2848 0.653567 0.706019 0.039903 0.171296 0.155910 1654.000000 1080.000000
0 2849 0.654172 0.705093 0.039903 0.171296 0.150540 1654.000000 1080.000000
0 2850 0.654776 0.703241 0.039903 0.171296 0.150540 1654.000000 1080.000000
0 2851 0.654776 0.701389 0.039903 0.171296 0.155910 1654.000000 1080.000000
0 2852 0.655381 0.699537 0.039903 0.171296 0.155910 1654.000000 1080.000000
0 2853 0.655985 0.697685 0.039903 0.171296 0.155910 1654.000000 1080.000000
0 2854 0.656590 0.695833 0.039903 0.171296 0.161290 1654.000000 1080.000000
0 2855 0.657195 0.694907 0.039903 0.171296 0.155910 1654.000000 1080.000000
0 2856 0.657195 0.693056 0.039903 0.171296 0.166350 1654.000000 1080.000000
0 2857 0.657195 0.691204 0.039903 0.171296 0.161050 1654.000000 1080.000000
0 2858 0.657799 0.689352 0.039903 0.171296 0.161050 1654.000000 1080.000000
0 2859 0.657799 0.687500 0.039903 0.171296 0.166190 1654.000000 1080.000000
0 2860 0.658404 0.685648 0.039903 0.171296 0.166190 1654.000000 1080.000000
0 2861 0.658404 0.683796 0.039903 0.171296 0.171080 1654.000000 1080.000000
0 2862 0.659008 0.681944 0.039903 0.171296 0.171080 1654.000000 1080.000000
0 2863 0.659008 0.680093 0.039903 0.171296 0.165940 1654.000000 1080.000000
0 2864 0.659613 0.678241 0.039903 0.171296 0.165940 1654.000000 1080.000000
0 2865 0.659613 0.677315 0.039903 0.171296 0.165700 1654.000000 1080.000000
0 2866 0.660218 0.675463 0.039903 0.171296 0.165700 1654.000000 1080.000000
0 2867 0.660218 0.673611 0.039903 0.171296 0.170840 1654.000000 1080.000000
0 2868 0.660822 0.671759 0.039903 0.171296 0.170840 1654.000000 1080.000000
0 2869 0.660822 0.669907 0.039903 0.171296 0.165860 1654.000000 1080.000000
0 2870 0.661427 0.668056 0.039903 0.171296 0.165460 1654.000000 1080.000000
0 2871 0.661427 0.666204 0.039903 0.171296 0.170600 1654.000000 1080.000000
0 2872 0.662031 0.664352 0.039903 0.171296 0.170600 1654.000000 1080.000000
0 2873 0.662031 0.662500 0.039903 0.171296 0.175730 1654.000000 1080.000000
0 2874 0.662636 0.661574 0.039903 0.171296 0.170360 1654.000000 1080.000000
0 2875 0.662636 0.658796 0.039903 0.169444 0.177400 1654.000000 1080.000000
0 2876 0.662636 0.656019 0.039903 0.167593 0.179350 1654.000000 1080.000000
0 2877 0.662938 0.653704 0.039299 0.164815 0.176990 1654.000000 1080.000000
0 2878 0.663241 0.650926 0.039903 0.162963 0.183490 1654.000000 1080.000000
0 2879 0.663543 0.648611 0.039299 0.160185 0.137670 1654.000000 1080.000000
0 2880 0.663543 0.645833 0.039299 0.158333 0.143230 1654.000000 1080.000000
0 2881 0.663845 0.643056 0.039903 0.156481 0.148550 1654.000000 1080.000000
0 2882 0.664148 0.640741 0.039299 0.153704 0.139990 1654.000000 1080.000000
0 2883 0.664148 0.637963 0.039299 0.151852 0.155000 1654.000000 1080.000000
0 2884 0.664752 0.635648 0.039299 0.149074 0.148050 1654.000000 1080.000000
0 2885 0.665357 0.633796 0.039299 0.149074 0.144310 1654.000000 1080.000000
0 2886 0.665961 0.632407 0.039299 0.148148 0.135230 1654.000000 1080.000000
0 2887 0.666868 0.631019 0.038694 0.149074 0.128400 1654.000000 1080.000000
0 2888 0.667473 0.629630 0.038694 0.148148 0.121360 1654.000000 1080.000000
0 2889 0.668077 0.627778 0.038694 0.148148 0.121170 1654.000000 1080.000000
0 2890 0.668984 0.626852 0.038089 0.148148 0.118110 1654.000000 1080.000000
0 2891 0.669589 0.625000 0.038089 0.148148 0.121890 1654.000000 1080.000000
0 2892 0.670496 0.624074 0.037485 0.148148 0.114760 1654.000000 1080.000000
0 2893 0.670496 0.622222 0.037485 0.148148 0.120970 1654.000000 1080.000000
0 2894 0.670496 0.621296 0.037485 0.148148 0.121170 1654.000000 1080.000000
0 2895 0.671100 0.620370 0.037485 0.148148 0.117220 1654.000000 1080.000000
0 2896 0.671100 0.619444 0.037485 0.148148 0.114960 1654.000000 1080.000000
0 2897 0.671705 0.618519 0.037485 0.148148 0.114960 1654.000000 1080.000000
0 2898 0.671705 0.617593 0.037485 0.148148 0.112690 1654.000000 1080.000000
0 2899 0.672007 0.616667 0.036880 0.148148 0.110400 1654.000000 1080.000000
0 2900 0.672310 0.615741 0.037485 0.148148 0.105100 1654.000000 1080.000000
0 2901 0.672612 0.614815 0.036880 0.148148 0.104190 1654.000000 1080.000000
0 2902 0.672914 0.613889 0.037485 0.148148 0.101050 1654.000000 1080.000000
0 2903 0.673216 0.612963 0.036880 0.148148 0.100180 1654.000000 1080.000000
0 2904 0.673216 0.612037 0.036880 0.148148 0.149070 1654.000000 1080.000000
0 2905 0.673821 0.611111 0.036880 0.148148 0.149070 1654.000000 1080.000000
0 2906 0.673821 0.610185 0.036880 0.148148 0.142860 1654.000000 1080.000000
0 2907 0.674426 0.609259 0.036880 0.148148 0.142860 1654.000000 1080.000000
0 2908 0.674426 0.607407 0.036880 0.148148 0.148870 1654.000000 1080.000000
0 2909 0.674426 0.605556 0.036880 0.148148 0.160890 1654.000000 1080.000000
0 2910 0.675030 0.603704 0.036880 0.148148 0.161090 1654.000000 1080.000000
0 2911 0.675030 0.601852 0.036880 0.148148 0.173010 1654.000000 1080.000000
0 2912 0.675635 0.600000 0.036880 0.148148 0.179320 1654.000000 1080.000000
0 2913 0.675635 0.598148 0.036880 0.148148 0.191040 1654.000000 1080.000000
0 2914 0.675937 0.596296 0.037485 0.148148 0.196980 1654.000000 1080.000000
0 2915 0.676239 0.594444 0.036880 0.148148 0.203170 1654.000000 1080.000000
0 2916 0.676239 0.593519 0.036880 0.148148 0.203570 1654.000000 1080.000000
0 2917 0.676844 0.591667 0.036880 0.148148 0.214990 1654.000000 1080.000000
0 2918 0.676844 0.589815 0.036880 0.148148 0.221800 1654.000000 1080.000000
0 2919 0.677146 0.587963 0.037485 0.148148 0.232080 1654.000000 1080.000000
0 2920 0.677449 0.586111 0.036880 0.148148 0.234020 1654.000000 1080.000000
0 2921 0.677751 0.584259 0.037485 0.148148 0.249930 1654.000000 1080.000000
0 2922 0.678053 0.582407 0.036880 0.148148 0.247250 1654.000000 1080.000000
0 2923 0.678356 0.580556 0.037485 0.148148 0.252100 1654.000000 1080.000000
0 2924 0.678356 0.579630 0.037485 0.148148 0.253280 1654.000000 1080.000000
0 2925 0.678658 0.577778 0.036880 0.148148 0.260870 1654.000000 1080.000000
0 2926 0.678960 0.575926 0.037485 0.148148 0.267080 1654.000000 1080.000000
0 2927 0.679262 0.574074 0.036880 0.148148 0.268680 1654.000000 1080.000000
0 2928 0.679565 0.572222 0.037485 0.148148 0.281280 1654.000000 1080.000000
0 2929 0.679565 0.570370 0.037485 0.148148 0.287590 1654.000000 1080.000000
0 2930 0.680169 0.568519 0.037485 0.148148 0.289460 1654.000000 1080.000000
0 2931 0.680169 0.566667 0.037485 0.148148 0.298140 1654.000000 1080.000000
0 2932 0.680774 0.565741 0.037485 0.148148 0.294000 1654.000000 1080.000000
0 2933 0.680169 0.563889 0.037485 0.148148 0.307210 1654.000000 1080.000000
0 2934 0.679867 0.562037 0.036880 0.148148 0.325590 1654.000000 1080.000000
0 2935 0.679262 0.560185 0.036880 0.148148 0.339210 1654.000000 1080.000000
0 2936 0.678960 0.558333 0.036276 0.148148 0.349150 1654.000000 1080.000000
0 2937 0.678356 0.556481 0.036276 0.148148 0.384890 1654.000000 1080.000000
0 2938 0.678053 0.554630 0.035671 0.148148 0.403730 1654.000000 1080.000000
0 2939 0.677449 0.552778 0.035671 0.148148 0.432920 1654.000000 1080.000000
0 2940 0.677449 0.551389 0.035671 0.149074 0.450930 1654.000000 1080.000000
0 2941 0.677146 0.549537 0.035067 0.149074 0.473220 1654.000000 1080.000000
0 2942 0.676542 0.547685 0.035067 0.149074 0.500420 1654.000000 1080.000000
0 2943 0.676239 0.545833 0.034462 0.149074 0.531400 1654.000000 1080.000000
0 2944 0.675635 0.544444 0.034462 0.148148 0.558470 1654.000000 1080.000000
0 2945 0.675333 0.542593 0.033857 0.148148 0.583520 1654.000000 1080.000000
0 2946 0.674728 0.540741 0.033857 0.148148 0.619480 1654.000000 1080.000000
0 2947 0.674426 0.538889 0.033253 0.148148 0.645960 1654.000000 1080.000000
0 2948 0.674426 0.537500 0.033253 0.149074 0.659830 1654.000000 1080.000000
0 2949 0.673821 0.535648 0.033253 0.149074 0.698520 1654.000000 1080.000000
0 2950 0.673519 0.533796 0.032648 0.149074 0.716160 1654.000000 1080.000000
0 2951 0.672914 0.531944 0.032648 0.149074 0.739170 1654.000000 1080.000000
0 2952 0.672612 0.530093 0.032044 0.149074 0.760290 1654.000000 1080.000000
0 2953 0.672007 0.528241 0.032044 0.149074 0.783720 1654.000000 1080.000000
0 2954 0.671705 0.526389 0.031439 0.149074 0.794080 1654.000000 1080.000000
0 2955 0.671705 0.525463 0.031439 0.149074 0.797930 1654.000000 1080.000000
0 2956 0.670798 0.523148 0.032044 0.148148 0.818840 1654.000000 1080.000000
0 2957 0.670193 0.520833 0.032044 0.147222 0.839580 1654.000000 1080.000000
0 2958 0.669589 0.518519 0.032044 0.146296 0.584910 1654.000000 1080.000000
0 2959 0.669287 0.516204 0.032648 0.145370 0.593900 1654.000000 1080.000000
0 2960 0.668682 0.513889 0.032648 0.144444 0.597680 1654.000000 1080.000000
0 2961 0.668077 0.511574 0.032648 0.143519 0.617600 1654.000000 1080.000000
0 2962 0.667473 0.509259 0.032648 0.142593 0.637770 1654.000000 1080.000000
0 2963 0.667170 0.507407 0.033253 0.140741 0.630250 1654.000000 1080.000000
0 2964 0.666566 0.505093 0.033253 0.139815 0.654370 1654.000000 1080.000000
0 2965 0.665961 0.502778 0.033253 0.138889 0.661900 1654.000000 1080.000000
0 2966 0.665357 0.500463 0.033253 0.137963 0.686670 1654.000000 1080.000000
0 2967 0.665054 0.498148 0.033857 0.137037 0.699750 1654.000000 1080.000000
0 2968 0.664450 0.495833 0.033857 0.136111 0.705430 1654.000000 1080.000000
0 2969 0.663845 0.493519 0.033857 0.135185 0.711780 1654.000000 1080.000000
0 2970 0.663543 0.492130 0.034462 0.134259 0.715870 1654.000000 1080.000000
0 2971 0.662636 0.490278 0.035067 0.134259 0.728000 1654.000000 1080.000000
0 2972 0.662031 0.488426 0.035067 0.134259 0.742400 1654.000000 1080.000000
0 2973 0.661427 0.487500 0.035067 0.134259 0.740650 1654.000000 1080.000000
0 2974 0.660822 0.485648 0.035067 0.134259 0.759110 1654.000000 1080.000000
0 2975 0.660218 0.483796 0.035067 0.134259 0.761430 1654.000000 1080.000000
0 2976 0.659613 0.482870 0.035067 0.134259 0.753080 1654.000000 1080.000000
0 2977 0.659008 0.481019 0.035067 0.134259 0.767010 1654.000000 1080.000000
0 2978 0.658404 0.479167 0.035067 0.134259 0.768750 1654.000000 1080.000000
0 2979 0.657799 0.478241 0.035067 0.134259 0.778730 1654.000000 1080.000000
0 2980 0.657195 0.476389 0.035067 0.134259 0.776870 1654.000000 1080.000000
0 2981 0.656590 0.474537 0.035067 0.134259 0.790810 1654.000000 1080.000000
0 2982 0.655985 0.473611 0.035067 0.134259 0.791970 1654.000000 1080.000000
0 2983 0.655381 0.471759 0.035067 0.134259 0.789880 1654.000000 1080.000000
0 2984 0.654776 0.469907 0.035067 0.134259 0.806250 1654.000000 1080.000000
0 2985 0.654172 0.468981 0.035067 0.134259 0.802410 1654.000000 1080.000000
0 2986 0.653567 0.467130 0.035067 0.134259 0.822850 1654.000000 1080.000000
0 2987 0.652963 0.465278 0.035067 0.134259 0.829810 1654.000000 1080.000000
0 2988 0.652358 0.464352 0.035067 0.134259 0.842700 1654.000000 1080.000000
0 2989 0.651149 0.462500 0.035067 0.134259 0.862900 1654.000000 1080.000000
0 2990 0.650544 0.461111 0.035067 0.135185 0.862790 1654.000000 1080.000000
0 2991 0.649940 0.460185 0.035067 0.135185 0.879740 1654.000000 1080.000000
0 2992 0.649033 0.458796 0.035671 0.136111 0.872640 1654.000000 1080.000000
0 2993 0.648428 0.457870 0.035671 0.136111 0.889300 1654.000000 1080.000000
0 2994 0.647823 0.456481 0.035671 0.137037 0.886020 1654.000000 1080.000000
0 2995 0.646917 0.455093 0.036276 0.136111 0.900640 1654.000000 1080.000000
0 2996 0.646312 0.453704 0.036276 0.137037 0.898890 1654.000000 1080.000000
0 2997 0.645707 0.452778 0.036276 0.137037 0.913520 1654.000000 1080.000000
0 2998 0.644800 0.451389 0.036880 0.137963 0.884730 1654.000000 1080.000000
0 2999 0.644196 0.450463 0.036880 0.137963 0.859570 1654.000000 1080.000000
0 3000 0.643591 0.449074 0.036880 0.138889 0.832090 1654.000000 1080.000000
0 3001 0.642987 0.448148 0.036880 0.138889 0.801430 1654.000000 1080.000000
0 3002 0.642080 0.446296 0.036276 0.138889 0.803500 1654.000000 1080.000000
0 3003 0.641475 0.444907 0.036276 0.137963 0.787650 1654.000000 1080.000000
0 3004 0.640871 0.443519 0.036276 0.137037 0.788650 1654.000000 1080.000000
0 3005 0.640266 0.442130 0.036276 0.137963 0.766340 1654.000000 1080.000000
0 3006 0.639661 0.440741 0.036276 0.137037 0.767520 1654.000000 1080.000000
0 3007 0.639057 0.439352 0.036276 0.136111 0.753540 1654.000000 1080.000000
0 3008 0.638150 0.437500 0.035671 0.136111 0.749770 1654.000000 1080.000000
0 3009 0.637545 0.436574 0.035671 0.136111 0.749320 1654.000000 1080.000000
0 3010 0.637243 0.435185 0.035067 0.135185 0.740800 1654.000000 1080.000000
0 3011 0.636638 0.433333 0.035067 0.135185 0.736080 1654.000000 1080.000000
0 3012 0.636034 0.432407 0.035067 0.135185 0.719590 1654.000000 1080.000000
0 3013 0.635429 0.431019 0.035067 0.134259 0.705360 1654.000000 1080.000000
0 3014 0.634522 0.429167 0.034462 0.134259 0.714930 1654.000000 1080.000000
0 3015 0.633918 0.427778 0.034462 0.133333 0.687990 1654.000000 1080.000000
0 3016 0.633313 0.426852 0.034462 0.133333 0.674910 1654.000000 1080.000000
0 3017 0.632709 0.425000 0.034462 0.133333 0.647920 1654.000000 1080.000000
0 3018 0.632104 0.423611 0.034462 0.132407 0.637690 1654.000000 1080.000000
0 3019 0.631802 0.422685 0.033857 0.132407 0.610750 1654.000000 1080.000000
0 3020 0.630593 0.420833 0.033857 0.132407 0.611350 1654.000000 1080.000000
0 3021 0.629988 0.418981 0.033857 0.132407 0.582120 1654.000000 1080.000000
0 3022 0.629383 0.418056 0.033857 0.132407 0.567980 1654.000000 1080.000000
0 3023 0.628174 0.416204 0.033857 0.132407 0.566030 1654.000000 1080.000000
0 3024 0.627570 0.415278 0.033857 0.132407 0.535700 1654.000000 1080.000000
0 3025 0.626965 0.413426 0.033857 0.132407 0.520220 1654.000000 1080.000000
0 3026 0.625756 0.411574 0.033857 0.132407 0.528750 1654.000000 1080.000000
0 3027 0.625151 0.410648 0.033857 0.132407 0.507070 1654.000000 1080.000000
0 3028 0.624547 0.408796 0.033857 0.132407 0.507550 1654.000000 1080.000000
0 3029 0.623337 0.407870 0.033857 0.132407 0.496100 1654.000000 1080.000000
0 3030 0.622733 0.406019 0.033857 0.132407 0.497690 1654.000000 1080.000000
0 3031 0.622128 0.404167 0.033857 0.132407 0.499760 1654.000000 1080.000000
0 3032 0.620919 0.403241 0.033857 0.132407 0.490010 1654.000000 1080.000000
0 3033 0.620314 0.401389 0.033857 0.132407 0.493180 1654.000000 1080.000000
0 3034 0.619710 0.400463 0.033857 0.132407 0.493790 1654.000000 1080.000000
0 3035 0.618501 0.398611 0.033857 0.132407 0.501100 1654.000000 1080.000000
0 3036 0.617896 0.397685 0.033857 0.132407 0.504750 1654.000000 1080.000000
0 3037 0.617291 0.395833 0.033857 0.132407 0.498540 1654.000000 1080.000000
0 3038 0.616687 0.394907 0.033857 0.132407 0.502190 1654.000000 1080.000000
0 3039 0.616082 0.393056 0.033857 0.132407 0.510960 1654.000000 1080.000000
0 3040 0.615478 0.392130 0.033857 0.132407 0.498170 1654.000000 1080.000000
0 3041 0.614571 0.391204 0.034462 0.132407 0.500600 1654.000000 1080.000000
0 3042 0.613966 0.389352 0.034462 0.132407 0.509220 1654.000000 1080.000000
0 3043 0.613362 0.388426 0.034462 0.132407 0.501200 1654.000000 1080.000000
0 3044 0.612455 0.386574 0.033857 0.132407 0.518400 1654.000000 1080.000000
0 3045 0.611850 0.385648 0.033857 0.132407 0.510480 1654.000000 1080.000000
0 3046 0.611245 0.383796 0.033857 0.132407 0.518640 1654.000000 1080.000000
0 3047 0.610339 0.382870 0.034462 0.132407 0.511970 1654.000000 1080.000000
0 3048 0.609734 0.381944 0.034462 0.132407 0.515090 1654.000000 1080.000000
0 3049 0.609129 0.380093 0.034462 0.132407 0.510900 1654.000000 1080.000000
0 3050 0.608525 0.379167 0.034462 0.132407 0.509580 1654.000000 1080.000000
0 3051 0.607920 0.377315 0.034462 0.132407 0.501320 1654.000000 1080.000000
0 3052 0.607316 0.376389 0.034462 0.132407 0.500720 1654.000000 1080.000000
0 3053 0.606711 0.375463 0.034462 0.132407 0.488630 1654.000000 1080.000000
0 3054 0.605502 0.373611 0.034462 0.132407 0.505750 1654.000000 1080.000000
0 3055 0.604595 0.372685 0.033857 0.132407 0.501220 1654.000000 1080.000000
0 3056 0.603688 0.371296 0.033253 0.131481 0.516860 1654.000000 1080.000000
0 3057 0.602781 0.369907 0.032648 0.132407 0.530430 1654.000000 1080.000000
0 3058 0.601874 0.368981 0.032044 0.132407 0.528030 1654.000000 1080.000000
0 3059 0.600967 0.367593 0.032648 0.131481 0.539610 1654.000000 1080.000000
0 3060 0.600060 0.366204 0.032044 0.132407 0.554010 1654.000000 1080.000000
0 3061 0.599154 0.365278 0.031439 0.132407 0.568000 1654.000000 1080.000000
0 3062 0.598247 0.363889 0.030834 0.131481 0.585260 1654.000000 1080.000000
0 3063 0.597340 0.362963 0.030230 0.131481 0.583570 1654.000000 1080.000000
0 3064 0.596433 0.361574 0.029625 0.132407 0.599580 1654.000000 1080.000000
0 3065 0.595526 0.360185 0.030230 0.131481 0.611820 1654.000000 1080.000000
0 3066 0.594619 0.359259 0.029625 0.131481 0.626150 1654.000000 1080.000000
0 3067 0.593712 0.357870 0.029021 0.132407 0.644980 1654.000000 1080.000000
0 3068 0.592805 0.356481 0.028416 0.131481 0.668410 1654.000000 1080.000000
0 3069 0.591898 0.355556 0.027811 0.131481 0.669540 1654.000000 1080.000000
0 3070 0.591294 0.354630 0.027811 0.131481 0.680260 1654.000000 1080.000000
0 3071 0.590085 0.353704 0.027811 0.131481 0.704660 1654.000000 1080.000000
0 3072 0.589178 0.352778 0.028416 0.131481 0.719700 1654.000000 1080.000000
0 3073 0.588573 0.351852 0.028416 0.131481 0.730770 1654.000000 1080.000000
0 3074 0.587666 0.350926 0.029021 0.131481 0.738550 1654.000000 1080.000000
0 3075 0.586759 0.350000 0.028416 0.131481 0.737760 1654.000000 1080.000000
0 3076 0.585852 0.349074 0.029021 0.131481 0.730270 1654.000000 1080.000000
0 3077 0.584946 0.348148 0.029625 0.131481 0.731330 1654.000000 1080.000000
0 3078 0.584341 0.347222 0.029625 0.131481 0.723360 1654.000000 1080.000000
0 3079 0.583434 0.346296 0.030230 0.131481 0.718360 1654.000000 1080.000000
0 3080 0.582527 0.345370 0.029625 0.131481 0.729090 1654.000000 1080.000000
0 3081 0.581620 0.344444 0.030230 0.131481 0.698620 1654.000000 1080.000000
0 3082 0.581016 0.343519 0.030230 0.131481 0.690390 1654.000000 1080.000000
0 3083 0.580109 0.342593 0.030834 0.131481 0.680610 1654.000000 1080.000000
0 3084 0.579202 0.341667 0.031439 0.131481 0.675160 1654.000000 1080.000000
0 3085 0.578295 0.340741 0.030834 0.131481 0.680070 1654.000000 1080.000000
0 3086 0.577388 0.339815 0.031439 0.131481 0.677130 1654.000000 1080.000000
0 3087 0.576784 0.338889 0.031439 0.131481 0.662090 1654.000000 1080.000000
0 3088 0.575877 0.337963 0.032044 0.131481 0.667180 1654.000000 1080.000000
0 3089 0.575272 0.337963 0.032044 0.131481 0.666280 1654.000000 1080.000000
0 3090 0.574667 0.336111 0.032044 0.131481 0.674310 1654.000000 1080.000000
0 3091 0.574063 0.334259 0.032044 0.131481 0.682210 1654.000000 1080.000000
0 3092 0.573458 0.332407 0.032044 0.131481 0.690490 1654.000000 1080.000000
0 3093 0.572854 0.330556 0.032044 0.131481 0.699430 1654.000000 1080.000000
0 3094 0.572249 0.328704 0.032044 0.131481 0.703700 1654.000000 1080.000000
0 3095 0.571644 0.327778 0.032044 0.131481 0.700340 1654.000000 1080.000000
0 3096 0.571040 0.325926 0.032044 0.131481 0.706030 1654.000000 1080.000000
0 3097 0.570435 0.324074 0.032044 0.131481 0.710570 1654.000000 1080.000000
0 3098 0.569831 0.322222 0.032044 0.131481 0.716910 1654.000000 1080.000000
0 3099 0.569226 0.320370 0.032044 0.131481 0.718980 1654.000000 1080.000000
0 3100 0.568622 0.318519 0.032044 0.131481 0.725070 1654.000000 1080.000000
0 3101 0.568017 0.317593 0.032044 0.131481 0.727530 1654.000000 1080.000000
0 3102 0.567412 0.315741 0.032044 0.131481 0.731550 1654.000000 1080.000000
0 3103 0.566808 0.313889 0.032044 0.131481 0.741000 1654.000000 1080.000000
0 3104 0.566203 0.312037 0.032044 0.131481 0.749290 1654.000000 1080.000000
0 3105 0.565599 0.310185 0.032044 0.131481 0.761200 1654.000000 1080.000000
0 3106 0.564994 0.308333 0.032044 0.131481 0.743590 1654.000000 1080.000000
0 3107 0.564692 0.307407 0.032648 0.131481 0.708200 1654.000000 1080.000000
0 3108 0.563482 0.305556 0.032648 0.131481 0.689380 1654.000000 1080.000000
0 3109 0.562878 0.303704 0.032648 0.131481 0.675270 1654.000000 1080.000000
0 3110 0.562273 0.302778 0.032648 0.131481 0.639670 1654.000000 1080.000000
0 3111 0.561669 0.300926 0.032648 0.131481 0.622760 1654.000000 1080.000000
0 3112 0.561064 0.300000 0.032648 0.131481 0.620600 1654.000000 1080.000000
0 3113 0.559855 0.298148 0.032648 0.131481 0.611950 1654.000000 1080.000000
0 3114 0.559250 0.296296 0.032648 0.131481 0.597330 1654.000000 1080.000000
0 3115 0.558646 0.295370 0.032648 0.131481 0.576860 1654.000000 1080.000000
0 3116 0.558041 0.293519 0.032648 0.131481 0.562490 1654.000000 1080.000000
0 3117 0.557437 0.292593 0.032648 0.131481 0.544310 1654.000000 1080.000000
0 3118 0.556227 0.290741 0.032648 0.131481 0.555500 1654.000000 1080.000000
0 3119 0.555623 0.288889 0.032648 0.131481 0.545580 1654.000000 1080.000000
0 3120 0.555018 0.287963 0.032648 0.131481 0.531470 1654.000000 1080.000000
0 3121 0.554414 0.286111 0.032648 0.131481 0.524350 1654.000000 1080.000000
0 3122 0.553809 0.285185 0.032648 0.131481 0.507310 1654.000000 1080.000000
0 3123 0.553204 0.283333 0.032648 0.131481 0.498280 1654.000000 1080.000000
0 3124 0.551995 0.281481 0.032648 0.131481 0.520150 1654.000000 1080.000000
0 3125 0.551391 0.280556 0.032648 0.131481 0.480230 1654.000000 1080.000000
0 3126 0.550786 0.278704 0.032648 0.131481 0.464080 1654.000000 1080.000000
0 3127 0.550181 0.277778 0.032648 0.131481 0.476800 1654.000000 1080.000000
0 3128 0.549577 0.275926 0.032648 0.131481 0.481880 1654.000000 1080.000000
0 3129 0.548368 0.274074 0.032648 0.131481 0.509850 1654.000000 1080.000000
0 3130 0.547763 0.273148 0.032648 0.131481 0.529560 1654.000000 1080.000000
0 3131 0.547158 0.271296 0.032648 0.131481 0.552070 1654.000000 1080.000000
0 3132 0.546554 0.270370 0.032648 0.131481 0.569230 1654.000000 1080.000000
0 3133 0.545949 0.268519 0.032648 0.131481 0.585890 1654.000000 1080.000000
0 3134 0.545345 0.267593 0.032648 0.131481 0.599870 1654.000000 1080.000000
0 3135 0.544135 0.265278 0.032648 0.130556 0.629190 1654.000000 1080.000000
0 3136 0.543531 0.263426 0.032648 0.130556 0.652240 1654.000000 1080.000000
0 3137 0.542926 0.262037 0.032648 0.129630 0.657770 1654.000000 1080.000000
0 3138 0.542322 0.260185 0.032648 0.129630 0.678920 1654.000000 1080.000000
0 3139 0.541717 0.258796 0.032648 0.128704 0.684680 1654.000000 1080.000000
0 3140 0.540810 0.256944 0.032044 0.128704 0.700130 1654.000000 1080.000000
0 3141 0.540206 0.255556 0.032044 0.127778 0.719420 1654.000000 1080.000000
0 3142 0.539299 0.253704 0.032648 0.127778 0.726490 1654.000000 1080.000000
0 3143 0.538694 0.252315 0.032648 0.126852 0.740180 1654.000000 1080.000000
0 3144 0.538089 0.250463 0.032648 0.126852 0.745720 1654.000000 1080.000000
0 3145 0.537183 0.248611 0.032044 0.125000 0.774100 1654.000000 1080.000000
0 3146 0.536578 0.246759 0.032044 0.125000 0.772330 1654.000000 1080.000000
0 3147 0.535973 0.245370 0.032044 0.124074 0.769270 1654.000000 1080.000000
0 3148 0.535369 0.243519 0.032044 0.124074 0.774490 1654.000000 1080.000000
0 3149 0.534462 0.242130 0.032648 0.123148 0.766350 1654.000000 1080.000000
0 3150 0.533555 0.240278 0.032044 0.123148 0.784960 1654.000000 1080.000000
0 3151 0.532950 0.238889 0.032044 0.122222 0.774850 1654.000000 1080.000000
0 3152 0.532346 0.237037 0.032044 0.122222 0.782510 1654.000000 1080.000000
0 3153 0.531741 0.235648 0.032044 0.121296 0.785910 1654.000000 1080.000000
0 3154 0.531137 0.233796 0.032044 0.121296 0.787880 1654.000000 1080.000000
0 3155 0.530532 0.232407 0.032044 0.120370 0.803360 1654.000000 1080.000000
0 3156 0.530532 0.231481 0.032044 0.120370 0.788240 1654.000000 1080.000000
0 3157 0.530532 0.230556 0.032044 0.120370 0.788240 1654.000000 1080.000000
0 3158 0.530532 0.229630 0.032044 0.120370 0.773110 1654.000000 1080.000000
0 3159 0.530532 0.228704 0.032044 0.120370 0.773110 1654.000000 1080.000000
0 3160 0.530532 0.227778 0.032044 0.120370 0.757990 1654.000000 1080.000000
0 3161 0.530532 0.226852 0.032044 0.120370 0.742860 1654.000000 1080.000000
0 3162 0.530532 0.226852 0.032044 0.120370 0.740460 1654.000000 1080.000000
0 3163 0.530532 0.225926 0.032044 0.120370 0.725190 1654.000000 1080.000000
0 3164 0.530532 0.225000 0.032044 0.120370 0.725190 1654.000000 1080.000000
0 3165 0.530532 0.224074 0.032044 0.120370 0.709920 1654.000000 1080.000000
0 3166 0.530532 0.223148 0.032044 0.120370 0.709920 1654.000000 1080.000000
0 3167 0.530532 0.222222 0.032044 0.120370 0.694660 1654.000000 1080.000000
0 3168 0.530532 0.221296 0.032044 0.120370 0.679390 1654.000000 1080.000000
0 3169 0.530532 0.221296 0.032044 0.120370 0.676420 1654.000000 1080.000000
0 3170 0.529625 0.220370 0.031439 0.120370 0.686010 1654.000000 1080.000000
0 3171 0.529021 0.219907 0.031439 0.119444 0.699420 1654.000000 1080.000000
0 3172 0.528416 0.219907 0.031439 0.119444 0.696660 1654.000000 1080.000000
0 3173 0.527811 0.219444 0.030230 0.118519 0.715760 1654.000000 1080.000000
0 3174 0.527207 0.219444 0.030230 0.118519 0.713180 1654.000000 1080.000000
0 3175 0.526602 0.218981 0.030230 0.117593 0.710940 1654.000000 1080.000000
0 3176 0.525695 0.218519 0.029625 0.116667 0.737800 1654.000000 1080.000000
0 3177 0.525393 0.218519 0.029021 0.116667 0.730030 1654.000000 1080.000000
0 3178 0.524788 0.217593 0.029021 0.116667 0.748030 1654.000000 1080.000000
0 3179 0.524184 0.217593 0.029021 0.116667 0.745780 1654.000000 1080.000000
0 3180 0.523277 0.217130 0.028416 0.115741 0.777780 1654.000000 1080.000000
0 3181 0.522975 0.217130 0.027811 0.115741 0.790100 1654.000000 1080.000000
0 3182 0.522370 0.216667 0.027811 0.114815 0.826890 1654.000000 1080.000000
0 3183 0.521463 0.216204 0.027207 0.113889 0.861330 1654.000000 1080.000000
0 3184 0.520859 0.216204 0.027207 0.113889 0.900070 1654.000000 1080.000000
0 3185 0.520556 0.215741 0.026602 0.112963 0.917620 1654.000000 1080.000000
0 3186 0.519952 0.215278 0.026602 0.113889 0.946590 1654.000000 1080.000000
0 3187 0.519045 0.214815 0.025998 0.112963 0.947520 1654.000000 1080.000000
0 3188 0.518440 0.214352 0.025998 0.112037 0.933870 1654.000000 1080.000000
0 3189 0.518138 0.214352 0.025393 0.112037 0.917650 1654.000000 1080.000000
0 3190 0.517231 0.213889 0.024788 0.111111 0.914990 1654.000000 1080.000000
0 3191 0.516626 0.213889 0.024788 0.111111 0.898070 1654.000000 1080.000000
0 3192 0.516022 0.213426 0.024788 0.110185 0.882540 1654.000000 1080.000000
0 3193 0.515719 0.213426 0.024184 0.110185 0.862800 1654.000000 1080.000000
0 3194 0.516324 0.213426 0.024184 0.110185 0.814630 1654.000000 1080.000000
0 3195 0.517231 0.213426 0.024788 0.110185 0.752380 1654.000000 1080.000000
0 3196 0.518138 0.213426 0.024184 0.110185 0.694920 1654.000000 1080.000000
0 3197 0.519045 0.213426 0.024788 0.110185 0.634920 1654.000000 1080.000000
0 3198 0.520254 0.213426 0.024788 0.110185 0.566070 1654.000000 1080.000000
0 3199 0.520859 0.213426 0.024788 0.110185 0.511900 1654.000000 1080.000000
0 3200 0.521765 0.213426 0.025393 0.110185 0.446510 1654.000000 1080.000000
0 3201 0.522975 0.213426 0.025393 0.110185 0.374030 1654.000000 1080.000000
0 3202 0.523579 0.213426 0.025393 0.110185 0.316670 1654.000000 1080.000000
0 3203 0.524788 0.213426 0.025393 0.110185 0.275000 1654.000000 1080.000000
0 3204 0.525695 0.213426 0.025998 0.110185 0.266670 1654.000000 1080.000000
0 3205 0.526300 0.213426 0.025998 0.110185 0.250000 1654.000000 1080.000000
0 3206 0.527509 0.213426 0.025998 0.110185 0.239770 1654.000000 1080.000000
0 3207 0.528416 0.213426 0.026602 0.110185 0.227780 1654.000000 1080.000000
0 3208 0.529323 0.213426 0.025998 0.110185 0.214770 1654.000000 1080.000000
0 3209 0.530230 0.213426 0.026602 0.110185 0.202220 1654.000000 1080.000000
0 3210 0.531137 0.213426 0.027207 0.110185 0.184600 1654.000000 1080.000000
0 3211 0.532044 0.213426 0.026602 0.110185 0.169440 1654.000000 1080.000000
0 3212 0.532950 0.213426 0.027207 0.110185 0.157250 1654.000000 1080.000000
0 3213 0.533857 0.213426 0.026602 0.110185 0.145000 1654.000000 1080.000000
0 3214 0.534764 0.213426 0.027207 0.110185 0.134060 1654.000000 1080.000000
0 3215 0.535671 0.213426 0.027811 0.110185 0.121100 1654.000000 1080.000000
0 3216 0.536578 0.213426 0.027207 0.110185 0.107250 1654.000000 1080.000000
0 3217 0.537485 0.213426 0.027811 0.110185 0.095213 1654.000000 1080.000000
0 3218 0.538694 0.213426 0.027811 0.110185 0.083333 1654.000000 1080.000000
0 3219 0.539299 0.213426 0.027811 0.110185 0.075000 1654.000000 1080.000000
0 3220 0.540206 0.213426 0.028416 0.110185 0.066667 1654.000000 1080.000000
0 3221 0.541415 0.213426 0.028416 0.110185 0.058333 1654.000000 1080.000000
0 3222 0.542019 0.213426 0.028416 0.110185 0.050000 1654.000000 1080.000000
0 3223 0.543229 0.213426 0.028416 0.110185 0.041667 1654.000000 1080.000000
0 3224 0.544135 0.213426 0.029021 0.110185 0.033333 1654.000000 1080.000000
0 3225 0.544740 0.213426 0.029021 0.110185 0.064796 1654.000000 1080.000000
0 3226 0.545949 0.213426 0.029021 0.110185 0.157140 1654.000000 1080.000000
0 3227 0.546856 0.213426 0.029625 0.110185 0.226500 1654.000000 1080.000000
0 3228 0.547763 0.213426 0.029021 0.110185 0.306120 1654.000000 1080.000000
0 3229 0.548670 0.213426 0.029625 0.110185 0.380000 1654.000000 1080.000000
0 3230 0.549879 0.214352 0.029625 0.110185 0.460000 1654.000000 1080.000000
0 3231 0.551088 0.213426 0.029625 0.110185 0.520000 1654.000000 1080.000000
0 3232 0.552600 0.212963 0.030230 0.111111 0.588240 1654.000000 1080.000000
0 3233 0.553809 0.212500 0.030230 0.110185 0.666670 1654.000000 1080.000000
0 3234 0.555320 0.212037 0.030834 0.111111 0.730770 1654.000000 1080.000000
0 3235 0.556530 0.211574 0.030834 0.110185 0.788460 1654.000000 1080.000000
0 3236 0.558041 0.211111 0.031439 0.111111 0.849060 1654.000000 1080.000000
0 3237 0.559553 0.210648 0.032044 0.112037 0.925930 1654.000000 1080.000000
0 3238 0.560762 0.210185 0.032044 0.111111 0.981480 1654.000000 1080.000000
0 3239 0.562273 0.209722 0.032648 0.112037 1.000000 1654.000000 1080.000000
0 3240 0.563482 0.209259 0.032648 0.111111 1.000000 1654.000000 1080.000000
0 3241 0.564994 0.208796 0.033253 0.112037 1.000000 1654.000000 1080.000000
0 3242 0.566505 0.208796 0.033857 0.112037 1.000000 1654.000000 1080.000000
0 3243 0.567412 0.208796 0.033253 0.112037 1.000000 1654.000000 1080.000000
0 3244 0.568924 0.208796 0.032648 0.112037 1.000000 1654.000000 1080.000000
0 3245 0.570435 0.209722 0.032044 0.112037 1.000000 1654.000000 1080.000000
0 3246 0.571947 0.209722 0.031439 0.112037 1.000000 1654.000000 1080.000000
0 3247 0.573156 0.210648 0.031439 0.112037 1.000000 1654.000000 1080.000000
0 3248 0.574667 0.210648 0.030834 0.112037 1.000000 1654.000000 1080.000000
0 3249 0.576179 0.210648 0.030230 0.112037 1.000000 1654.000000 1080.000000
0 3250 0.577690 0.211574 0.029625 0.112037 1.000000 1654.000000 1080.000000
0 3251 0.578900 0.211574 0.029625 0.112037 1.000000 1654.000000 1080.000000
0 3252 0.580411 0.212500 0.029021 0.112037 1.000000 1654.000000 1080.000000
0 3253 0.581923 0.212500 0.028416 0.112037 1.000000 1654.000000 1080.000000
0 3254 0.583434 0.213426 0.027811 0.112037 1.000000 1654.000000 1080.000000
0 3255 0.584039 0.212500 0.027811 0.112037 1.000000 1654.000000 1080.000000
0 3256 0.584643 0.212500 0.027811 0.112037 1.000000 1654.000000 1080.000000
0 3257 0.585852 0.212500 0.027811 0.112037 1.000000 1654.000000 1080.000000
0 3258 0.586457 0.212037 0.027811 0.112963 1.000000 1654.000000 1080.000000
0 3259 0.587062 0.212037 0.027811 0.112963 1.000000 1654.000000 1080.000000
0 3260 0.588271 0.211574 0.027811 0.112037 1.000000 1654.000000 1080.000000
0 3261 0.588875 0.211574 0.027811 0.112037 1.000000 1654.000000 1080.000000
0 3262 0.589480 0.211111 0.027811 0.112963 1.000000 1654.000000 1080.000000
0 3263 0.590689 0.211111 0.027811 0.112963 1.000000 1654.000000 1080.000000
0 3264 0.591294 0.211111 0.027811 0.112963 1.000000 1654.000000 1080.000000
0 3265 0.591898 0.210648 0.027811 0.112037 1.000000 1654.000000 1080.000000
0 3266 0.593108 0.210185 0.027811 0.112963 1.000000 1654.000000 1080.000000
0 3267 0.593712 0.210185 0.027811 0.112963 1.000000 1654.000000 1080.000000
0 3268 0.594317 0.210185 0.027811 0.112963 1.000000 1654.000000 1080.000000
0 3269 0.595526 0.210185 0.027811 0.112963 1.000000 1654.000000 1080.000000
0 3270 0.596131 0.209259 0.027811 0.112963 1.000000 1654.000000 1080.000000
0 3271 0.596735 0.208333 0.027811 0.112963 0.983910 1654.000000 1080.000000
0 3272 0.597944 0.208333 0.027811 0.112963 0.934960 1654.000000 1080.000000
0 3273 0.598549 0.207407 0.027811 0.112963 0.903480 1654.000000 1080.000000
0 3274 0.599154 0.206481 0.027811 0.112963 0.887390 1654.000000 1080.000000
0 3275 0.600363 0.206481 0.027811 0.112963 0.837400 1654.000000 1080.000000
0 3276 0.600967 0.205556 0.027811 0.112963 0.806950 1654.000000 1080.000000
0 3277 0.602177 0.204630 0.027811 0.112963 0.774780 1654.000000 1080.000000
0 3278 0.602781 0.204630 0.027811 0.112963 0.742610 1654.000000 1080.000000
0 3279 0.603386 0.203704 0.027811 0.112963 0.710430 1654.000000 1080.000000
0 3280 0.604595 0.202778 0.027811 0.112963 0.678260 1654.000000 1080.000000
0 3281 0.605200 0.202778 0.027811 0.112963 0.646080 1654.000000 1080.000000
0 3282 0.606409 0.201852 0.027811 0.112963 0.597820 1654.000000 1080.000000
0 3283 0.607013 0.200926 0.027811 0.112963 0.586230 1654.000000 1080.000000
0 3284 0.607618 0.200926 0.027811 0.112963 0.549560 1654.000000 1080.000000
0 3285 0.608827 0.200000 0.027811 0.112963 0.501300 1654.000000 1080.000000
0 3286 0.609432 0.199074 0.027811 0.112963 0.469120 1654.000000 1080.000000
0 3287 0.610641 0.199074 0.027811 0.112963 0.414630 1654.000000 1080.000000
0 3288 0.611245 0.198148 0.027811 0.112963 0.388690 1654.000000 1080.000000
0 3289 0.611850 0.197222 0.027811 0.112963 0.356510 1654.000000 1080.000000
0 3290 0.613059 0.197222 0.027811 0.112963 0.317070 1654.000000 1080.000000
0 3291 0.613664 0.196296 0.027811 0.112963 0.284550 1654.000000 1080.000000
0 3292 0.614873 0.196296 0.027811 0.112963 0.235770 1654.000000 1080.000000
0 3293 0.615478 0.195370 0.027811 0.112963 0.234730 1654.000000 1080.000000
0 3294 0.616082 0.195370 0.027811 0.112963 0.225910 1654.000000 1080.000000
0 3295 0.616687 0.195370 0.027811 0.112963 0.216920 1654.000000 1080.000000
0 3296 0.617291 0.194444 0.027811 0.112963 0.224180 1654.000000 1080.000000
0 3297 0.617896 0.194444 0.027811 0.112963 0.223320 1654.000000 1080.000000
0 3298 0.618501 0.194444 0.027811 0.112963 0.223320 1654.000000 1080.000000
0 3299 0.619105 0.194444 0.027811 0.112963 0.222450 1654.000000 1080.000000
0 3300 0.619710 0.193519 0.027811 0.112963 0.230580 1654.000000 1080.000000
0 3301 0.620314 0.193519 0.027811 0.112963 0.230580 1654.000000 1080.000000
0 3302 0.620919 0.193519 0.027811 0.112963 0.222800 1654.000000 1080.000000
0 3303 0.621524 0.193519 0.027811 0.112963 0.224010 1654.000000 1080.000000
0 3304 0.622733 0.192593 0.027811 0.112963 0.231620 1654.000000 1080.000000
0 3305 0.623337 0.192593 0.027811 0.112963 0.231100 1654.000000 1080.000000
0 3306 0.623942 0.192593 0.027811 0.112963 0.224530 1654.000000 1080.000000
0 3307 0.624547 0.192593 0.027811 0.112963 0.224180 1654.000000 1080.000000
0 3308 0.625151 0.191667 0.027811 0.112963 0.232310 1654.000000 1080.000000
0 3309 0.625756 0.191667 0.027811 0.112963 0.234040 1654.000000 1080.000000
0 3310 0.626360 0.191667 0.027811 0.112963 0.233870 1654.000000 1080.000000
0 3311 0.626965 0.191667 0.027811 0.112963 0.227640 1654.000000 1080.000000
0 3312 0.627570 0.190741 0.027811 0.112963 0.235770 1654.000000 1080.000000
0 3313 0.628174 0.190741 0.027811 0.112963 0.235770 1654.000000 1080.000000
0 3314 0.628779 0.190741 0.027811 0.112963 0.235770 1654.000000 1080.000000
0 3315 0.629988 0.190741 0.027811 0.112963 0.235770 1654.000000 1080.000000
