0 2989 0.991536 0.381481 0.015719 0.092593 1.000000 1654.000000 1080.000000
0 2990 0.991233 0.380093 0.016324 0.093519 1.000000 1654.000000 1080.000000
0 2991 0.991233 0.378704 0.016324 0.094444 1.000000 1654.000000 1080.000000
0 2992 0.990931 0.377315 0.016929 0.095370 1.000000 1654.000000 1080.000000
0 2993 0.990931 0.375926 0.016929 0.096296 1.000000 1654.000000 1080.000000
0 2994 0.990629 0.374537 0.017533 0.097222 1.000000 1654.000000 1080.000000
0 2995 0.990629 0.374074 0.017533 0.098148 1.000000 1654.000000 1080.000000
0 2996 0.990629 0.372685 0.017533 0.099074 1.000000 1654.000000 1080.000000
0 2997 0.990326 0.371296 0.018138 0.100000 1.000000 1654.000000 1080.000000
0 2998 0.990326 0.369907 0.018138 0.100926 1.000000 1654.000000 1080.000000
0 2999 0.990024 0.368519 0.018742 0.101852 1.000000 1654.000000 1080.000000
0 3000 0.990024 0.367130 0.018742 0.102778 1.000000 1654.000000 1080.000000
0 3001 0.990024 0.366667 0.018742 0.103704 1.000000 1654.000000 1080.000000
0 3002 0.989420 0.364815 0.018742 0.103704 1.000000 1654.000000 1080.000000
0 3003 0.989117 0.363889 0.019347 0.103704 1.000000 1654.000000 1080.000000
0 3004 0.988815 0.362500 0.019952 0.102778 1.000000 1654.000000 1080.000000
0 3005 0.988513 0.361111 0.020556 0.103704 1.000000 1654.000000 1080.000000
0 3006 0.988210 0.359722 0.021161 0.102778 1.000000 1654.000000 1080.000000
0 3007 0.988210 0.358796 0.021161 0.102778 1.000000 1654.000000 1080.000000
0 3008 0.987908 0.357407 0.021765 0.103704 1.000000 1654.000000 1080.000000
0 3009 0.987606 0.356019 0.022370 0.102778 1.000000 1654.000000 1080.000000
0 3010 0.987304 0.355093 0.022975 0.102778 1.000000 1654.000000 1080.000000
0 3011 0.987001 0.353704 0.023579 0.101852 1.000000 1654.000000 1080.000000
0 3012 0.986699 0.352315 0.024184 0.102778 1.000000 1654.000000 1080.000000
0 3013 0.986699 0.351389 0.024184 0.102778 1.000000 1654.000000 1080.000000
0 3014 0.986397 0.350000 0.024788 0.101852 1.000000 1654.000000 1080.000000
0 3015 0.986094 0.348611 0.025393 0.102778 0.976740 1654.000000 1080.000000
0 3016 0.985792 0.347222 0.025998 0.101852 0.977270 1654.000000 1080.000000
0 3017 0.985490 0.346296 0.026602 0.101852 0.955560 1654.000000 1080.000000
0 3018 0.985187 0.344907 0.027207 0.100926 0.934780 1654.000000 1080.000000
0 3019 0.985187 0.343519 0.027207 0.101852 0.934780 1654.000000 1080.000000
0 3020 0.984885 0.342593 0.027811 0.101852 0.914890 1654.000000 1080.000000
0 3021 0.984583 0.341204 0.028416 0.100926 0.895830 1654.000000 1080.000000
0 3022 0.984281 0.339815 0.029021 0.101852 0.877550 1654.000000 1080.000000
0 3023 0.983978 0.338426 0.029625 0.100926 0.880000 1654.000000 1080.000000
0 3024 0.983676 0.337500 0.030230 0.100926 0.862750 1654.000000 1080.000000
0 3025 0.983676 0.336574 0.030230 0.100926 0.862750 1654.000000 1080.000000
0 3026 0.983676 0.336574 0.030230 0.102778 0.862750 1654.000000 1080.000000
0 3027 0.983978 0.336574 0.029625 0.104630 0.880000 1654.000000 1080.000000
0 3028 0.983978 0.336574 0.029625 0.106481 0.880000 1654.000000 1080.000000
0 3029 0.984583 0.336574 0.029625 0.108333 0.900000 1654.000000 1080.000000
0 3030 0.984583 0.336574 0.029625 0.110185 0.900000 1654.000000 1080.000000
0 3031 0.984885 0.336574 0.029021 0.112037 0.918370 1654.000000 1080.000000
0 3032 0.984885 0.336574 0.029021 0.113889 0.918370 1654.000000 1080.000000
0 3033 0.985490 0.336574 0.029021 0.115741 0.938780 1654.000000 1080.000000
0 3034 0.984885 0.335185 0.029021 0.114815 0.918370 1654.000000 1080.000000
0 3035 0.984885 0.334259 0.029021 0.114815 0.918370 1654.000000 1080.000000
0 3036 0.984583 0.332870 0.029625 0.113889 0.900000 1654.000000 1080.000000
0 3037 0.984281 0.332407 0.029021 0.112963 0.897960 1654.000000 1080.000000
0 3038 0.984281 0.331481 0.029021 0.112963 0.897960 1654.000000 1080.000000
0 3039 0.983978 0.330093 0.029625 0.112037 0.880000 1654.000000 1080.000000
0 3040 0.983978 0.329630 0.029625 0.111111 0.880000 1654.000000 1080.000000
0 3041 0.983676 0.328241 0.029021 0.110185 0.877550 1654.000000 1080.000000
0 3042 0.983374 0.327315 0.029625 0.110185 0.860000 1654.000000 1080.000000
0 3043 0.983374 0.326852 0.029625 0.109259 0.860000 1654.000000 1080.000000
0 3044 0.983374 0.325463 0.029625 0.108333 0.860000 1654.000000 1080.000000
0 3045 0.982769 0.324537 0.029625 0.108333 0.840000 1654.000000 1080.000000
0 3046 0.982769 0.323148 0.029625 0.107407 0.840000 1654.000000 1080.000000
0 3047 0.982769 0.322685 0.029625 0.106481 0.840000 1654.000000 1080.000000
0 3048 0.982467 0.321759 0.030230 0.106481 0.823530 1654.000000 1080.000000
0 3049 0.982164 0.320370 0.029625 0.105556 0.820000 1654.000000 1080.000000
0 3050 0.982164 0.319907 0.029625 0.104630 0.820000 1654.000000 1080.000000
0 3051 0.981862 0.318519 0.030230 0.103704 0.803920 1654.000000 1080.000000
0 3052 0.981862 0.317593 0.030230 0.103704 0.803920 1654.000000 1080.000000
0 3053 0.981560 0.317130 0.029625 0.102778 0.800000 1654.000000 1080.000000
0 3054 0.981258 0.315741 0.030230 0.101852 0.784310 1654.000000 1080.000000
0 3055 0.981258 0.314815 0.030230 0.101852 0.784310 1654.000000 1080.000000
0 3056 0.981258 0.314352 0.030230 0.100926 0.784310 1654.000000 1080.000000
0 3057 0.981258 0.313426 0.030230 0.100926 0.784310 1654.000000 1080.000000
0 3058 0.981258 0.313426 0.030230 0.100926 0.784310 1654.000000 1080.000000
0 3059 0.981258 0.313426 0.030230 0.100926 0.784310 1654.000000 1080.000000
0 3060 0.981258 0.313426 0.030230 0.100926 0.784310 1654.000000 1080.000000
0 3061 0.981258 0.312500 0.030230 0.100926 0.784310 1654.000000 1080.000000
0 3062 0.981258 0.312500 0.030230 0.100926 0.784310 1654.000000 1080.000000
0 3063 0.981862 0.312500 0.030230 0.100926 0.803920 1654.000000 1080.000000
0 3064 0.981862 0.312500 0.030230 0.100926 0.803920 1654.000000 1080.000000
0 3065 0.981862 0.312037 0.030230 0.101852 0.803920 1654.000000 1080.000000
0 3066 0.981862 0.311574 0.030230 0.100926 0.803920 1654.000000 1080.000000
0 3067 0.981862 0.311574 0.030230 0.100926 0.803920 1654.000000 1080.000000
0 3068 0.981862 0.311574 0.030230 0.100926 0.803920 1654.000000 1080.000000
0 3069 0.981862 0.311111 0.030230 0.101852 0.803920 1654.000000 1080.000000
0 3070 0.982467 0.311111 0.030230 0.101852 0.803920 1654.000000 1080.000000
0 3071 0.982467 0.310648 0.030230 0.100926 0.803920 1654.000000 1080.000000
0 3072 0.982467 0.310648 0.030230 0.100926 0.803920 1654.000000 1080.000000
0 3073 0.982467 0.310648 0.030230 0.100926 0.803920 1654.000000 1080.000000
0 3074 0.982467 0.310185 0.030230 0.101852 0.803920 1654.000000 1080.000000
0 3075 0.982467 0.310185 0.030230 0.101852 0.784310 1654.000000 1080.000000
0 3076 0.982467 0.309722 0.030230 0.100926 0.784310 1654.000000 1080.000000
0 3077 0.983071 0.309722 0.030230 0.100926 0.803920 1654.000000 1080.000000
0 3078 0.983071 0.309259 0.030230 0.101852 0.803920 1654.000000 1080.000000
0 3079 0.983071 0.309259 0.030230 0.101852 0.803920 1654.000000 1080.000000
0 3080 0.983071 0.309259 0.030230 0.101852 0.784310 1654.000000 1080.000000
0 3081 0.983071 0.308796 0.030230 0.100926 0.784310 1654.000000 1080.000000
0 3082 0.983071 0.308333 0.030230 0.101852 0.784310 1654.000000 1080.000000
0 3083 0.983071 0.308333 0.030230 0.101852 0.784310 1654.000000 1080.000000
0 3084 0.983676 0.308333 0.030230 0.101852 0.803920 1654.000000 1080.000000
0 3085 0.983676 0.308333 0.030230 0.101852 0.784310 1654.000000 1080.000000
0 3086 0.983676 0.307407 0.030230 0.101852 0.784310 1654.000000 1080.000000
0 3087 0.983676 0.307407 0.030230 0.101852 0.784310 1654.000000 1080.000000
0 3088 0.983676 0.307407 0.030230 0.101852 0.784310 1654.000000 1080.000000
0 3089 0.983676 0.307407 0.030230 0.101852 0.784310 1654.000000 1080.000000
0 3090 0.984281 0.307407 0.030230 0.101852 1.000000 1654.000000 1080.000000
0 3091 0.983676 0.306481 0.030230 0.101852 0.764710 1654.000000 1080.000000
0 3092 0.983676 0.305556 0.030230 0.101852 0.764710 1654.000000 1080.000000
0 3093 0.983676 0.304630 0.030230 0.101852 0.764710 1654.000000 1080.000000
0 3094 0.983071 0.303704 0.030230 0.101852 0.745100 1654.000000 1080.000000
0 3095 0.983071 0.302778 0.030230 0.101852 0.725490 1654.000000 1080.000000
0 3096 0.983071 0.301852 0.030230 0.101852 0.725490 1654.000000 1080.000000
0 3097 0.982467 0.300926 0.030230 0.101852 0.705880 1654.000000 1080.000000
0 3098 0.982467 0.300000 0.030230 0.101852 0.705880 1654.000000 1080.000000
0 3099 0.982467 0.299074 0.030230 0.101852 0.705880 1654.000000 1080.000000
0 3100 0.981862 0.298148 0.030230 0.101852 0.666670 1654.000000 1080.000000
0 3101 0.981862 0.297222 0.030230 0.101852 0.666670 1654.000000 1080.000000
0 3102 0.981862 0.296296 0.030230 0.101852 0.666670 1654.000000 1080.000000
0 3103 0.981258 0.295370 0.030230 0.101852 0.647060 1654.000000 1080.000000
0 3104 0.981258 0.294444 0.030230 0.101852 0.647060 1654.000000 1080.000000
0 3105 0.981258 0.293519 0.030230 0.101852 0.627450 1654.000000 1080.000000
0 3106 0.980653 0.292593 0.030230 0.101852 0.607840 1654.000000 1080.000000
0 3107 0.980653 0.291667 0.030230 0.101852 0.607840 1654.000000 1080.000000
0 3108 0.980653 0.290741 0.030230 0.101852 0.607840 1654.000000 1080.000000
0 3109 0.980048 0.290741 0.030230 0.101852 0.588240 1654.000000 1080.000000
0 3110 0.980048 0.289815 0.030230 0.101852 0.568630 1654.000000 1080.000000
0 3111 0.980048 0.288889 0.030230 0.101852 0.588240 1654.000000 1080.000000
0 3112 0.979444 0.287963 0.030230 0.101852 0.588240 1654.000000 1080.000000
0 3113 0.979444 0.287037 0.030230 0.101852 0.607840 1654.000000 1080.000000
0 3114 0.979444 0.286111 0.030230 0.101852 0.627450 1654.000000 1080.000000
0 3115 0.978839 0.285185 0.030230 0.101852 0.627450 1654.000000 1080.000000
0 3116 0.978839 0.284259 0.030230 0.101852 0.647060 1654.000000 1080.000000
0 3117 0.978839 0.283333 0.030230 0.101852 0.666670 1654.000000 1080.000000
0 3118 0.978235 0.282407 0.030230 0.101852 0.647060 1654.000000 1080.000000
0 3119 0.978235 0.281481 0.030230 0.101852 0.666670 1654.000000 1080.000000
0 3120 0.978235 0.280556 0.030230 0.101852 0.686270 1654.000000 1080.000000
0 3121 0.977630 0.279630 0.030230 0.101852 0.686270 1654.000000 1080.000000
0 3122 0.977630 0.278704 0.030230 0.101852 0.705880 1654.000000 1080.000000
0 3123 0.977630 0.277778 0.030230 0.101852 0.725490 1654.000000 1080.000000
0 3124 0.977025 0.276852 0.030230 0.101852 0.725490 1654.000000 1080.000000
0 3125 0.977025 0.275926 0.030230 0.101852 0.745100 1654.000000 1080.000000
0 3126 0.977025 0.275000 0.030230 0.101852 0.745100 1654.000000 1080.000000
0 3127 0.977025 0.275000 0.030230 0.101852 1.000000 1654.000000 1080.000000
0 3128 0.975816 0.273148 0.030230 0.101852 0.745100 1654.000000 1080.000000
0 3129 0.975212 0.272222 0.030230 0.101852 0.745100 1654.000000 1080.000000
0 3130 0.974607 0.271296 0.030230 0.101852 0.745100 1654.000000 1080.000000
0 3131 0.974002 0.270370 0.030230 0.101852 0.745100 1654.000000 1080.000000
0 3132 0.972793 0.269444 0.030230 0.101852 0.725490 1654.000000 1080.000000
0 3133 0.972189 0.267593 0.030230 0.101852 0.705880 1654.000000 1080.000000
0 3134 0.971584 0.266667 0.030230 0.101852 0.705880 1654.000000 1080.000000
0 3135 0.970979 0.265741 0.030230 0.101852 0.705880 1654.000000 1080.000000
0 3136 0.970375 0.264815 0.030230 0.101852 0.705880 1654.000000 1080.000000
0 3137 0.969166 0.263889 0.030230 0.101852 0.686270 1654.000000 1080.000000
0 3138 0.968561 0.262037 0.030230 0.101852 0.686270 1654.000000 1080.000000
0 3139 0.967956 0.261111 0.030230 0.101852 0.686270 1654.000000 1080.000000
0 3140 0.967352 0.260185 0.030230 0.101852 0.680450 1654.000000 1080.000000
0 3141 0.966143 0.259259 0.030230 0.101852 0.629570 1654.000000 1080.000000
0 3142 0.965538 0.258333 0.030230 0.101852 0.623740 1654.000000 1080.000000
0 3143 0.964933 0.256481 0.030230 0.101852 0.623740 1654.000000 1080.000000
0 3144 0.964329 0.255556 0.030230 0.101852 0.612080 1654.000000 1080.000000
0 3145 0.963724 0.254630 0.030230 0.101852 0.606250 1654.000000 1080.000000
0 3146 0.962515 0.253704 0.030230 0.101852 0.582230 1654.000000 1080.000000
0 3147 0.961911 0.252778 0.030230 0.101852 0.570920 1654.000000 1080.000000
0 3148 0.961306 0.251852 0.030230 0.101852 0.547610 1654.000000 1080.000000
0 3149 0.960701 0.250000 0.030230 0.101852 0.565270 1654.000000 1080.000000
0 3150 0.960097 0.249074 0.030230 0.101852 0.571280 1654.000000 1080.000000
0 3151 0.958888 0.248148 0.030230 0.101852 0.565450 1654.000000 1080.000000
0 3152 0.958283 0.247222 0.030230 0.101852 0.576580 1654.000000 1080.000000
0 3153 0.957678 0.246296 0.030230 0.101852 0.587350 1654.000000 1080.000000
0 3154 0.957074 0.244444 0.030230 0.101852 0.604130 1654.000000 1080.000000
0 3155 0.955865 0.243519 0.030230 0.101852 0.597770 1654.000000 1080.000000
0 3156 0.955260 0.242593 0.030230 0.101852 0.607840 1654.000000 1080.000000
0 3157 0.954655 0.241667 0.030230 0.101852 0.601310 1654.000000 1080.000000
0 3158 0.954051 0.240741 0.030230 0.101852 0.610850 1654.000000 1080.000000
0 3159 0.953446 0.238889 0.030230 0.101852 0.626920 1654.000000 1080.000000
0 3160 0.952237 0.237963 0.030230 0.101852 0.620030 1654.000000 1080.000000
0 3161 0.951632 0.237037 0.030230 0.101852 0.628860 1654.000000 1080.000000
0 3162 0.951028 0.236111 0.030230 0.101852 0.644590 1654.000000 1080.000000
0 3163 0.950423 0.235185 0.030230 0.101852 0.652890 1654.000000 1080.000000
0 3164 0.949819 0.234259 0.030230 0.101852 0.660840 1654.000000 1080.000000
0 3165 0.948609 0.233333 0.030230 0.101852 0.653240 1654.000000 1080.000000
0 3166 0.948005 0.232407 0.030230 0.101852 0.645650 1654.000000 1080.000000
0 3167 0.946796 0.232407 0.030230 0.101852 0.747750 1654.000000 1080.000000
0 3168 0.946191 0.231481 0.030230 0.101852 0.738740 1654.000000 1080.000000
0 3169 0.944982 0.231481 0.030230 0.101852 0.720720 1654.000000 1080.000000
0 3170 0.944377 0.230556 0.030230 0.101852 0.711710 1654.000000 1080.000000
0 3171 0.943168 0.229630 0.030230 0.101852 0.702700 1654.000000 1080.000000
0 3172 0.942563 0.229630 0.030230 0.101852 0.699700 1654.000000 1080.000000
0 3173 0.941354 0.228704 0.030230 0.101852 0.703230 1654.000000 1080.000000
0 3174 0.940750 0.228704 0.030230 0.101852 0.701110 1654.000000 1080.000000
0 3175 0.939541 0.227778 0.030230 0.101852 0.705880 1654.000000 1080.000000
0 3176 0.938936 0.227778 0.030230 0.101852 0.704650 1654.000000 1080.000000
0 3177 0.937727 0.226852 0.030230 0.101852 0.718070 1654.000000 1080.000000
0 3178 0.937122 0.225926 0.030230 0.101852 0.717540 1654.000000 1080.000000
0 3179 0.935913 0.225926 0.030230 0.101852 0.724430 1654.000000 1080.000000
0 3180 0.935308 0.225000 0.030230 0.101852 0.724780 1654.000000 1080.000000
0 3181 0.934099 0.225000 0.030230 0.101852 0.732910 1654.000000 1080.000000
0 3182 0.933495 0.224074 0.030230 0.101852 0.740330 1654.000000 1080.000000
0 3183 0.932890 0.224074 0.030230 0.101852 0.735740 1654.000000 1080.000000
0 3184 0.931681 0.223148 0.030230 0.101852 0.751280 1654.000000 1080.000000
0 3185 0.931076 0.222222 0.030230 0.101852 0.753580 1654.000000 1080.000000
0 3186 0.929867 0.222222 0.030230 0.101852 0.764350 1654.000000 1080.000000
0 3187 0.929262 0.221296 0.030230 0.101852 0.772480 1654.000000 1080.000000
0 3188 0.928053 0.221296 0.030230 0.101852 0.779540 1654.000000 1080.000000
0 3189 0.927449 0.220370 0.030230 0.101852 0.788020 1654.000000 1080.000000
0 3190 0.926239 0.219444 0.030230 0.101852 0.804980 1654.000000 1080.000000
0 3191 0.925635 0.219444 0.030230 0.101852 0.796860 1654.000000 1080.000000
0 3192 0.924426 0.218519 0.030230 0.101852 0.814520 1654.000000 1080.000000
0 3193 0.923821 0.218519 0.030230 0.101852 0.807100 1654.000000 1080.000000
0 3194 0.922612 0.217593 0.030230 0.101852 0.811160 1654.000000 1080.000000
0 3195 0.922007 0.217593 0.030230 0.101852 0.817170 1654.000000 1080.000000
0 3196 0.920798 0.216667 0.030230 0.101852 0.795440 1654.000000 1080.000000
0 3197 0.920193 0.215741 0.030230 0.101852 0.791560 1654.000000 1080.000000
0 3198 0.918984 0.215741 0.030230 0.101852 0.781310 1654.000000 1080.000000
0 3199 0.918380 0.214815 0.030230 0.101852 0.779900 1654.000000 1080.000000
0 3200 0.917170 0.214815 0.030230 0.101852 0.770360 1654.000000 1080.000000
0 3201 0.916566 0.213889 0.030230 0.101852 0.781840 1654.000000 1080.000000
0 3202 0.915961 0.213889 0.030230 0.101852 0.764530 1654.000000 1080.000000
0 3203 0.914148 0.212037 0.030230 0.101852 0.774240 1654.000000 1080.000000
0 3204 0.912938 0.211111 0.030230 0.101852 0.759410 1654.000000 1080.000000
0 3205 0.911729 0.209259 0.030230 0.101852 0.760640 1654.000000 1080.000000
0 3206 0.910520 0.208333 0.030230 0.101852 0.771420 1654.000000 1080.000000
0 3207 0.909311 0.207407 0.030230 0.101852 0.759760 1654.000000 1080.000000
0 3208 0.908102 0.205556 0.030230 0.101852 0.775130 1654.000000 1080.000000
0 3209 0.906892 0.204630 0.030230 0.101852 0.755170 1654.000000 1080.000000
0 3210 0.905381 0.202778 0.029625 0.101852 0.734770 1654.000000 1080.000000
0 3211 0.904172 0.201852 0.029625 0.101852 0.727570 1654.000000 1080.000000
0 3212 0.902660 0.200926 0.030230 0.101852 0.704290 1654.000000 1080.000000
0 3213 0.901451 0.199074 0.030230 0.101852 0.703230 1654.000000 1080.000000
0 3214 0.900242 0.198148 0.030230 0.101852 0.687330 1654.000000 1080.000000
0 3215 0.899033 0.197222 0.030230 0.101852 0.677800 1654.000000 1080.000000
0 3216 0.897823 0.195370 0.030230 0.101852 0.679390 1654.000000 1080.000000
0 3217 0.896312 0.194444 0.029625 0.101852 0.659460 1654.000000 1080.000000
0 3218 0.895103 0.192593 0.029625 0.101852 0.662700 1654.000000 1080.000000
0 3219 0.893894 0.191667 0.029625 0.101852 0.650810 1654.000000 1080.000000
0 3220 0.892684 0.190741 0.029625 0.101852 0.648650 1654.000000 1080.000000
0 3221 0.891475 0.188889 0.029625 0.101852 0.645410 1654.000000 1080.000000
0 3222 0.889964 0.187963 0.030230 0.101852 0.634690 1654.000000 1080.000000
0 3223 0.888755 0.187037 0.030230 0.101852 0.634340 1654.000000 1080.000000
0 3224 0.887243 0.185185 0.029625 0.101852 0.630630 1654.000000 1080.000000
0 3225 0.886034 0.184259 0.029625 0.101852 0.634590 1654.000000 1080.000000
0 3226 0.884825 0.182407 0.029625 0.101852 0.640360 1654.000000 1080.000000
0 3227 0.883615 0.181481 0.029625 0.101852 0.652610 1654.000000 1080.000000
0 3228 0.882406 0.180556 0.029625 0.101852 0.664860 1654.000000 1080.000000
0 3229 0.881197 0.178704 0.029625 0.101852 0.686130 1654.000000 1080.000000
0 3230 0.879988 0.177778 0.029625 0.101852 0.698020 1654.000000 1080.000000
0 3231 0.878779 0.176852 0.029625 0.101852 0.709550 1654.000000 1080.000000
0 3232 0.877570 0.175000 0.029625 0.101852 0.735860 1654.000000 1080.000000
0 3233 0.876965 0.174074 0.029625 0.101852 0.740360 1654.000000 1080.000000
0 3234 0.876360 0.173148 0.029625 0.101852 0.746670 1654.000000 1080.000000
0 3235 0.875756 0.171296 0.029625 0.101852 0.766310 1654.000000 1080.000000
0 3236 0.875151 0.170370 0.029625 0.101852 0.771890 1654.000000 1080.000000
0 3237 0.874244 0.169444 0.030230 0.101852 0.783610 1654.000000 1080.000000
0 3238 0.873640 0.168519 0.030230 0.101852 0.791730 1654.000000 1080.000000
0 3239 0.872733 0.166667 0.029625 0.101852 0.812970 1654.000000 1080.000000
0 3240 0.872128 0.165741 0.029625 0.101852 0.820000 1654.000000 1080.000000
0 3241 0.871524 0.164815 0.029625 0.101852 0.831350 1654.000000 1080.000000
0 3242 0.870617 0.163889 0.030230 0.101852 0.839960 1654.000000 1080.000000
0 3243 0.870012 0.162037 0.030230 0.101852 0.860450 1654.000000 1080.000000
0 3244 0.869407 0.161111 0.030230 0.101852 0.868570 1654.000000 1080.000000
0 3245 0.868803 0.160185 0.030230 0.101852 0.886060 1654.000000 1080.000000
0 3246 0.868198 0.159259 0.030230 0.101852 0.895070 1654.000000 1080.000000
0 3247 0.866989 0.158333 0.030230 0.101852 0.906910 1654.000000 1080.000000
0 3248 0.865780 0.157407 0.030230 0.101852 0.918740 1654.000000 1080.000000
0 3249 0.865175 0.156481 0.030230 0.101852 0.928100 1654.000000 1080.000000
0 3250 0.863966 0.155556 0.030230 0.101852 0.952130 1654.000000 1080.000000
0 3251 0.863362 0.154630 0.030230 0.101852 0.960430 1654.000000 1080.000000
0 3252 0.862152 0.153704 0.030230 0.101852 0.965550 1654.000000 1080.000000
0 3253 0.861548 0.152778 0.030230 0.101852 0.967850 1654.000000 1080.000000
0 3254 0.860339 0.151852 0.030230 0.101852 0.972440 1654.000000 1080.000000
0 3255 0.859734 0.151852 0.030230 0.101852 0.976680 1654.000000 1080.000000
0 3256 0.858525 0.150926 0.030230 0.101852 0.980570 1654.000000 1080.000000
0 3257 0.857316 0.150000 0.030230 0.101852 0.984100 1654.000000 1080.000000
0 3258 0.856711 0.149074 0.030230 0.101852 0.985690 1654.000000 1080.000000
0 3259 0.855502 0.148148 0.030230 0.101852 0.988690 1654.000000 1080.000000
0 3260 0.854897 0.147222 0.030230 0.101852 0.992580 1654.000000 1080.000000
0 3261 0.853688 0.146296 0.030230 0.101852 0.995580 1654.000000 1080.000000
0 3262 0.853083 0.145370 0.030230 0.101852 0.997880 1654.000000 1080.000000
0 3263 0.851874 0.144444 0.030230 0.101852 0.999650 1654.000000 1080.000000
0 3264 0.851270 0.144444 0.030230 0.101852 1.000000 1654.000000 1080.000000
0 3265 0.849456 0.142593 0.030230 0.101852 1.000000 1654.000000 1080.000000
0 3266 0.848247 0.141204 0.030230 0.100926 1.000000 1654.000000 1080.000000
0 3267 0.847037 0.140278 0.030230 0.100926 1.000000 1654.000000 1080.000000
0 3268 0.845828 0.138889 0.030230 0.100000 1.000000 1654.000000 1080.000000
0 3269 0.844015 0.137963 0.030230 0.100000 1.000000 1654.000000 1080.000000
0 3270 0.842805 0.136574 0.030230 0.099074 1.000000 1654.000000 1080.000000
0 3271 0.841596 0.134722 0.030230 0.099074 0.901960 1654.000000 1080.000000
0 3272 0.840387 0.133796 0.030230 0.099074 0.901960 1654.000000 1080.000000
0 3273 0.838573 0.132407 0.030230 0.098148 0.882350 1654.000000 1080.000000
0 3274 0.837364 0.131481 0.030230 0.098148 0.882350 1654.000000 1080.000000
0 3275 0.836155 0.130093 0.030230 0.097222 0.882350 1654.000000 1080.000000
0 3276 0.834946 0.128704 0.030230 0.096296 0.882350 1654.000000 1080.000000
0 3277 0.833132 0.127778 0.030230 0.096296 0.843140 1654.000000 1080.000000
0 3278 0.831923 0.125926 0.030230 0.096296 0.843140 1654.000000 1080.000000
0 3279 0.830713 0.125000 0.030230 0.096296 0.843140 1654.000000 1080.000000
0 3280 0.829504 0.123611 0.030230 0.095370 0.843140 1654.000000 1080.000000
0 3281 0.827690 0.122222 0.030230 0.094444 0.823530 1654.000000 1080.000000
0 3282 0.826481 0.121296 0.030230 0.094444 0.823530 1654.000000 1080.000000
0 3283 0.825272 0.119907 0.030230 0.093519 0.823530 1654.000000 1080.000000
0 3284 0.824063 0.118981 0.030230 0.093519 0.823530 1654.000000 1080.000000
0 3285 0.822249 0.118056 0.030230 0.093519 0.784310 1654.000000 1080.000000
0 3286 0.821040 0.118056 0.030230 0.093519 0.771630 1654.000000 1080.000000
0 3287 0.819226 0.117130 0.030230 0.093519 0.726640 1654.000000 1080.000000
0 3288 0.818017 0.117130 0.030230 0.093519 0.700310 1654.000000 1080.000000
0 3289 0.816203 0.116204 0.030230 0.093519 0.666670 1654.000000 1080.000000
0 3290 0.814994 0.116204 0.030230 0.093519 0.650900 1654.000000 1080.000000
0 3291 0.813180 0.115278 0.030230 0.093519 0.611690 1654.000000 1080.000000
0 3292 0.811971 0.115278 0.030230 0.093519 0.595160 1654.000000 1080.000000
0 3293 0.810762 0.114352 0.030230 0.093519 0.567470 1654.000000 1080.000000
0 3294 0.808948 0.114352 0.030230 0.093519 0.529800 1654.000000 1080.000000
0 3295 0.807739 0.113426 0.030230 0.093519 0.515570 1654.000000 1080.000000
0 3296 0.805925 0.113426 0.030230 0.093519 0.471740 1654.000000 1080.000000
0 3297 0.804716 0.112500 0.030230 0.093519 0.442520 1654.000000 1080.000000
0 3298 0.802902 0.112500 0.030230 0.093519 0.402540 1654.000000 1080.000000
0 3299 0.801693 0.111574 0.030230 0.093519 0.387540 1654.000000 1080.000000
0 3300 0.799879 0.111574 0.030230 0.093519 0.346410 1654.000000 1080.000000
0 3301 0.798670 0.110648 0.030230 0.093519 0.311420 1654.000000 1080.000000
0 3302 0.797461 0.110648 0.030230 0.093519 0.300270 1654.000000 1080.000000
0 3303 0.795647 0.109722 0.030230 0.093519 0.269320 1654.000000 1080.000000
0 3304 0.794438 0.109722 0.030230 0.093519 0.258360 1654.000000 1080.000000
0 3305 0.792624 0.109722 0.030230 0.093519 0.228370 1654.000000 1080.000000
0 3306 0.791415 0.109722 0.030230 0.093519 0.218190 1654.000000 1080.000000
0 3307 0.789601 0.108796 0.030230 0.093519 0.188770 1654.000000 1080.000000
0 3308 0.788392 0.108796 0.030230 0.093519 0.164940 1654.000000 1080.000000
0 3309 0.786578 0.108796 0.030230 0.093519 0.150520 1654.000000 1080.000000
0 3310 0.785369 0.108796 0.030230 0.093519 0.150520 1654.000000 1080.000000
0 3311 0.783555 0.107870 0.030230 0.093519 0.156090 1654.000000 1080.000000
0 3312 0.782346 0.107870 0.030230 0.093519 0.161670 1654.000000 1080.000000
0 3313 0.780532 0.107870 0.030230 0.093519 0.161480 1654.000000 1080.000000
0 3314 0.779323 0.107870 0.030230 0.093519 0.161480 1654.000000 1080.000000
0 3315 0.778114 0.107870 0.030230 0.093519 0.166860 1654.000000 1080.000000
