0 3113 0.830109 0.985185 0.029021 0.031481 0.971430 1654.000000 1080.000000
0 3114 0.826784 0.983796 0.029625 0.034259 0.973680 1654.000000 1080.000000
0 3115 0.823761 0.982407 0.030834 0.037037 0.975610 1654.000000 1080.000000
0 3116 0.820435 0.981019 0.031439 0.039815 0.977270 1654.000000 1080.000000
0 3117 0.817412 0.979630 0.032648 0.042593 0.978720 1654.000000 1080.000000
0 3118 0.814087 0.978704 0.033253 0.044444 0.979590 1654.000000 1080.000000
0 3119 0.811064 0.977315 0.034462 0.047222 0.980770 1654.000000 1080.000000
0 3120 0.807739 0.975926 0.035067 0.050000 0.981820 1654.000000 1080.000000
0 3121 0.804716 0.974537 0.036276 0.052778 0.982760 1654.000000 1080.000000
0 3122 0.801391 0.973148 0.036880 0.055556 0.983610 1654.000000 1080.000000
0 3123 0.798670 0.972222 0.037485 0.057407 0.984130 1654.000000 1080.000000
0 3124 0.795647 0.970370 0.037485 0.061111 0.985070 1654.000000 1080.000000
0 3125 0.792624 0.968981 0.037485 0.063889 0.985710 1654.000000 1080.000000
0 3126 0.789601 0.967593 0.037485 0.066667 0.986300 1654.000000 1080.000000
0 3127 0.786880 0.966204 0.038089 0.069444 0.986840 1654.000000 1080.000000
0 3128 0.783857 0.964815 0.038089 0.072222 0.981410 1654.000000 1080.000000
0 3129 0.780834 0.962963 0.038089 0.075926 0.987950 1654.000000 1080.000000
0 3130 0.778114 0.961574 0.038694 0.078704 0.988370 1654.000000 1080.000000
0 3131 0.775091 0.960185 0.038694 0.081481 0.988760 1654.000000 1080.000000
0 3132 0.772068 0.958796 0.038694 0.084259 0.989130 1654.000000 1080.000000
0 3133 0.769649 0.957407 0.038694 0.087037 0.989470 1654.000000 1080.000000
0 3134 0.766626 0.955556 0.038694 0.090741 0.989900 1654.000000 1080.000000
0 3135 0.763603 0.954167 0.038694 0.093519 0.990200 1654.000000 1080.000000
0 3136 0.761185 0.952315 0.038694 0.097222 0.990570 1654.000000 1080.000000
0 3137 0.758162 0.950926 0.038694 0.100000 0.990830 1654.000000 1080.000000
0 3138 0.755139 0.949074 0.038694 0.103704 0.991150 1654.000000 1080.000000
0 3139 0.752721 0.947685 0.038694 0.106481 0.991380 1654.000000 1080.000000
0 3140 0.750302 0.945370 0.038694 0.111111 0.706420 1654.000000 1080.000000
0 3141 0.747884 0.943519 0.038694 0.114815 0.695510 1654.000000 1080.000000
0 3142 0.745466 0.941667 0.038694 0.118519 0.685270 1654.000000 1080.000000
0 3143 0.743047 0.939815 0.038694 0.122222 0.669980 1654.000000 1080.000000
0 3144 0.740629 0.937963 0.038694 0.125926 0.660530 1654.000000 1080.000000
0 3145 0.738210 0.936111 0.038694 0.129630 0.651610 1654.000000 1080.000000
0 3146 0.735792 0.933796 0.038694 0.134259 0.639090 1654.000000 1080.000000
0 3147 0.733374 0.931944 0.038694 0.137963 0.630770 1654.000000 1080.000000
0 3148 0.730955 0.930093 0.038694 0.141667 0.615880 1654.000000 1080.000000
0 3149 0.728537 0.928241 0.038694 0.145370 0.600970 1654.000000 1080.000000
0 3150 0.726119 0.926389 0.038694 0.149074 0.586040 1654.000000 1080.000000
0 3151 0.723700 0.924537 0.038694 0.152778 0.571080 1654.000000 1080.000000
0 3152 0.720677 0.921759 0.038694 0.154630 0.538460 1654.000000 1080.000000
0 3153 0.717654 0.919444 0.038694 0.155556 0.511330 1654.000000 1080.000000
0 3154 0.714933 0.916667 0.039299 0.157407 0.494600 1654.000000 1080.000000
0 3155 0.711911 0.914352 0.039299 0.158333 0.456130 1654.000000 1080.000000
0 3156 0.708888 0.911111 0.039299 0.159259 0.432740 1654.000000 1080.000000
0 3157 0.706167 0.908796 0.039903 0.160185 0.413540 1654.000000 1080.000000
0 3158 0.703144 0.906019 0.039903 0.162037 0.377880 1654.000000 1080.000000
0 3159 0.700726 0.903704 0.039903 0.162963 0.360740 1654.000000 1080.000000
0 3160 0.698912 0.900463 0.039903 0.163889 0.359550 1654.000000 1080.000000
0 3161 0.697703 0.898148 0.039903 0.164815 0.369630 1654.000000 1080.000000
0 3162 0.695889 0.895833 0.039903 0.165741 0.363850 1654.000000 1080.000000
0 3163 0.694680 0.893519 0.039903 0.166667 0.374120 1654.000000 1080.000000
0 3164 0.693470 0.891204 0.039903 0.167593 0.388880 1654.000000 1080.000000
0 3165 0.691657 0.888889 0.039903 0.168519 0.396620 1654.000000 1080.000000
0 3166 0.690447 0.886574 0.039903 0.169444 0.411020 1654.000000 1080.000000
0 3167 0.689238 0.884259 0.039903 0.170370 0.429450 1654.000000 1080.000000
0 3168 0.687424 0.881019 0.039903 0.171296 0.436690 1654.000000 1080.000000
0 3169 0.685611 0.877778 0.039903 0.172222 0.448000 1654.000000 1080.000000
0 3170 0.684099 0.875463 0.039299 0.173148 0.441010 1654.000000 1080.000000
0 3171 0.682285 0.872222 0.039299 0.174074 0.439870 1654.000000 1080.000000
0 3172 0.680774 0.869907 0.038694 0.175000 0.425990 1654.000000 1080.000000
0 3173 0.678960 0.866667 0.038694 0.175926 0.420780 1654.000000 1080.000000
0 3174 0.677751 0.864352 0.038694 0.176852 0.415630 1654.000000 1080.000000
0 3175 0.676239 0.862500 0.039299 0.178704 0.418460 1654.000000 1080.000000
0 3176 0.675030 0.860648 0.039299 0.180556 0.408630 1654.000000 1080.000000
0 3177 0.673821 0.858796 0.039299 0.182407 0.412150 1654.000000 1080.000000
0 3178 0.672612 0.857407 0.039299 0.185185 0.401030 1654.000000 1080.000000
0 3179 0.671403 0.855556 0.039299 0.187037 0.392150 1654.000000 1080.000000
0 3180 0.670193 0.853704 0.039299 0.188889 0.388320 1654.000000 1080.000000
0 3181 0.669287 0.852778 0.039903 0.190741 0.386760 1654.000000 1080.000000
0 3182 0.668077 0.847222 0.039903 0.187037 0.394380 1654.000000 1080.000000
0 3183 0.667170 0.842130 0.039299 0.182407 0.405950 1654.000000 1080.000000
0 3184 0.666264 0.837037 0.038694 0.177778 0.419530 1654.000000 1080.000000
0 3185 0.665659 0.832407 0.038694 0.174074 0.433780 1654.000000 1080.000000
0 3186 0.665054 0.829630 0.038694 0.175926 0.444870 1654.000000 1080.000000
0 3187 0.664450 0.827778 0.038694 0.177778 0.437230 1654.000000 1080.000000
0 3188 0.664450 0.825926 0.038694 0.179630 0.466040 1654.000000 1080.000000
0 3189 0.663845 0.824074 0.038694 0.181481 0.474580 1654.000000 1080.000000
0 3190 0.663241 0.822222 0.038694 0.183333 0.494090 1654.000000 1080.000000
0 3191 0.663241 0.820370 0.038694 0.185185 0.512740 1654.000000 1080.000000
0 3192 0.663241 0.817593 0.038694 0.187037 0.550210 1654.000000 1080.000000
0 3193 0.663241 0.814815 0.038694 0.188889 0.572680 1654.000000 1080.000000
0 3194 0.663241 0.812037 0.038694 0.190741 0.609070 1654.000000 1080.000000
0 3195 0.663241 0.810185 0.038694 0.192593 0.629590 1654.000000 1080.000000
0 3196 0.663241 0.803241 0.041112 0.184259 0.649200 1654.000000 1080.000000
0 3197 0.663845 0.796296 0.043531 0.175926 0.681920 1654.000000 1080.000000
0 3198 0.664450 0.789352 0.045949 0.167593 0.712930 1654.000000 1080.000000
0 3199 0.664450 0.787037 0.045949 0.170370 0.715480 1654.000000 1080.000000
0 3200 0.664450 0.784722 0.045949 0.173148 0.710490 1654.000000 1080.000000
0 3201 0.664450 0.782870 0.045949 0.176852 0.712320 1654.000000 1080.000000
0 3202 0.664450 0.781019 0.045949 0.178704 0.716290 1654.000000 1080.000000
0 3203 0.664752 0.779630 0.046554 0.181481 0.722570 1654.000000 1080.000000
0 3204 0.665054 0.778241 0.047158 0.184259 0.725320 1654.000000 1080.000000
0 3205 0.665659 0.776852 0.047158 0.187037 0.737480 1654.000000 1080.000000
0 3206 0.665054 0.774074 0.047158 0.187037 0.739170 1654.000000 1080.000000
0 3207 0.664450 0.772222 0.047158 0.187037 0.726380 1654.000000 1080.000000
0 3208 0.664450 0.769444 0.047158 0.187037 0.731870 1654.000000 1080.000000
0 3209 0.663845 0.767593 0.047158 0.187037 0.719840 1654.000000 1080.000000
0 3210 0.663241 0.764815 0.047158 0.187037 0.705180 1654.000000 1080.000000
0 3211 0.663241 0.762963 0.047158 0.187037 0.708170 1654.000000 1080.000000
0 3212 0.662636 0.759259 0.047158 0.187037 0.698320 1654.000000 1080.000000
0 3213 0.662636 0.755556 0.047158 0.187037 0.698260 1654.000000 1080.000000
0 3214 0.662636 0.752315 0.047158 0.187963 0.699930 1654.000000 1080.000000
0 3215 0.662334 0.749074 0.046554 0.187037 0.705630 1654.000000 1080.000000
0 3216 0.662334 0.745833 0.046554 0.187963 0.712290 1654.000000 1080.000000
0 3217 0.662334 0.742130 0.046554 0.187963 0.719460 1654.000000 1080.000000
0 3218 0.662334 0.739352 0.046554 0.187963 0.727380 1654.000000 1080.000000
0 3219 0.662334 0.737037 0.046554 0.187037 0.733230 1654.000000 1080.000000
0 3220 0.662938 0.734722 0.046554 0.186111 0.740610 1654.000000 1080.000000
0 3221 0.663241 0.732407 0.045949 0.185185 0.746070 1654.000000 1080.000000
0 3222 0.663543 0.730093 0.046554 0.184259 0.749490 1654.000000 1080.000000
0 3223 0.663845 0.727778 0.045949 0.183333 0.745940 1654.000000 1080.000000
0 3224 0.664450 0.725463 0.045949 0.182407 0.741310 1654.000000 1080.000000
0 3225 0.664752 0.721296 0.046554 0.181481 0.732070 1654.000000 1080.000000
0 3226 0.665357 0.718056 0.046554 0.180556 0.726190 1654.000000 1080.000000
0 3227 0.665961 0.714352 0.046554 0.178704 0.725480 1654.000000 1080.000000
0 3228 0.666264 0.711111 0.047158 0.177778 0.712990 1654.000000 1080.000000
0 3229 0.666868 0.707407 0.047158 0.175926 0.712240 1654.000000 1080.000000
0 3230 0.667473 0.704167 0.047158 0.175000 0.707860 1654.000000 1080.000000
0 3231 0.668077 0.700926 0.047158 0.174074 0.719510 1654.000000 1080.000000
0 3232 0.668077 0.699074 0.047158 0.174074 0.707920 1654.000000 1080.000000
0 3233 0.668077 0.697222 0.047158 0.174074 0.699280 1654.000000 1080.000000
0 3234 0.668077 0.695370 0.047158 0.174074 0.699950 1654.000000 1080.000000
0 3235 0.668077 0.693519 0.047158 0.174074 0.691510 1654.000000 1080.000000
0 3236 0.668077 0.692593 0.047158 0.174074 0.680460 1654.000000 1080.000000
0 3237 0.667473 0.687963 0.045949 0.174074 0.677040 1654.000000 1080.000000
0 3238 0.667473 0.683796 0.044740 0.173148 0.686950 1654.000000 1080.000000
0 3239 0.666868 0.679630 0.043531 0.172222 0.673870 1654.000000 1080.000000
0 3240 0.666868 0.675463 0.042322 0.171296 0.665000 1654.000000 1080.000000
0 3241 0.666868 0.671296 0.041112 0.170370 0.667920 1654.000000 1080.000000
0 3242 0.666868 0.668519 0.041112 0.170370 0.653430 1654.000000 1080.000000
0 3243 0.667473 0.665741 0.041112 0.170370 0.651230 1654.000000 1080.000000
0 3244 0.668077 0.663889 0.041112 0.170370 0.649040 1654.000000 1080.000000
0 3245 0.668682 0.661111 0.041112 0.170370 0.661570 1654.000000 1080.000000
0 3246 0.669287 0.659259 0.041112 0.170370 0.674110 1654.000000 1080.000000
0 3247 0.669287 0.656481 0.041112 0.170370 0.676150 1654.000000 1080.000000
0 3248 0.669891 0.653704 0.041112 0.170370 0.690560 1654.000000 1080.000000
0 3249 0.670496 0.651852 0.041112 0.170370 0.690560 1654.000000 1080.000000
0 3250 0.670798 0.649074 0.041717 0.170370 0.696910 1654.000000 1080.000000
0 3251 0.671100 0.646296 0.041112 0.170370 0.706700 1654.000000 1080.000000
0 3252 0.671705 0.644444 0.041112 0.170370 0.718920 1654.000000 1080.000000
0 3253 0.672007 0.641667 0.041717 0.170370 0.712740 1654.000000 1080.000000
0 3254 0.672612 0.638889 0.041717 0.170370 0.726490 1654.000000 1080.000000
0 3255 0.673216 0.637037 0.041717 0.170370 0.728260 1654.000000 1080.000000
0 3256 0.673216 0.635185 0.041717 0.170370 0.718300 1654.000000 1080.000000
0 3257 0.673216 0.634259 0.041717 0.170370 0.706560 1654.000000 1080.000000
0 3258 0.673821 0.632407 0.041717 0.170370 0.706560 1654.000000 1080.000000
0 3259 0.673821 0.631481 0.041717 0.170370 0.694830 1654.000000 1080.000000
0 3260 0.674426 0.629630 0.041717 0.170370 0.696830 1654.000000 1080.000000
0 3261 0.674426 0.628704 0.041717 0.170370 0.685170 1654.000000 1080.000000
0 3262 0.674426 0.626852 0.041717 0.170370 0.675680 1654.000000 1080.000000
0 3263 0.675030 0.625926 0.041717 0.170370 0.671350 1654.000000 1080.000000
0 3264 0.675030 0.624074 0.041717 0.170370 0.645560 1654.000000 1080.000000
0 3265 0.675635 0.623148 0.041717 0.170370 0.643240 1654.000000 1080.000000
0 3266 0.675635 0.619907 0.041717 0.169444 0.619880 1654.000000 1080.000000
0 3267 0.675937 0.616667 0.042322 0.168519 0.604860 1654.000000 1080.000000
0 3268 0.676239 0.613426 0.041717 0.167593 0.602350 1654.000000 1080.000000
0 3269 0.676542 0.610648 0.042322 0.167593 0.601840 1654.000000 1080.000000
0 3270 0.676844 0.607407 0.041717 0.166667 0.588000 1654.000000 1080.000000
0 3271 0.677146 0.604167 0.042322 0.165741 0.588890 1654.000000 1080.000000
0 3272 0.677751 0.601852 0.042322 0.164815 0.589500 1654.000000 1080.000000
0 3273 0.677751 0.600463 0.042322 0.165741 0.569720 1654.000000 1080.000000
0 3274 0.678356 0.599074 0.042322 0.166667 0.588280 1654.000000 1080.000000
0 3275 0.678658 0.597685 0.041717 0.167593 0.593090 1654.000000 1080.000000
0 3276 0.678960 0.597222 0.042322 0.168519 0.595470 1654.000000 1080.000000
0 3277 0.679262 0.595833 0.041717 0.169444 0.611960 1654.000000 1080.000000
0 3278 0.679867 0.594444 0.041717 0.170370 0.620310 1654.000000 1080.000000
0 3279 0.680472 0.593981 0.041717 0.171296 0.628880 1654.000000 1080.000000
0 3280 0.681076 0.589815 0.041717 0.170370 0.657140 1654.000000 1080.000000
0 3281 0.681681 0.586111 0.041717 0.168519 0.671740 1654.000000 1080.000000
0 3282 0.682890 0.582407 0.041717 0.166667 0.697400 1654.000000 1080.000000
0 3283 0.683495 0.578704 0.041717 0.164815 0.707420 1654.000000 1080.000000
0 3284 0.684704 0.575000 0.041717 0.162963 0.730750 1654.000000 1080.000000
0 3285 0.685308 0.571296 0.041717 0.161111 0.740900 1654.000000 1080.000000
0 3286 0.686518 0.568056 0.041717 0.160185 0.763790 1654.000000 1080.000000
0 3287 0.685913 0.566667 0.041717 0.161111 0.748570 1654.000000 1080.000000
0 3288 0.685308 0.566204 0.041717 0.162037 0.733040 1654.000000 1080.000000
0 3289 0.684704 0.565278 0.041717 0.163889 0.718780 1654.000000 1080.000000
0 3290 0.684099 0.564815 0.041717 0.164815 0.704710 1654.000000 1080.000000
0 3291 0.683495 0.563889 0.041717 0.166667 0.692190 1654.000000 1080.000000
0 3292 0.682890 0.563426 0.041717 0.167593 0.677860 1654.000000 1080.000000
0 3293 0.682890 0.562963 0.041717 0.168519 0.675410 1654.000000 1080.000000
0 3294 0.682890 0.561111 0.041717 0.168519 0.675410 1654.000000 1080.000000
0 3295 0.682890 0.559259 0.041717 0.168519 0.675410 1654.000000 1080.000000
0 3296 0.682890 0.557407 0.041717 0.168519 0.675410 1654.000000 1080.000000
0 3297 0.682890 0.555556 0.041717 0.168519 0.675410 1654.000000 1080.000000
0 3298 0.682890 0.554630 0.041717 0.168519 0.673300 1654.000000 1080.000000
0 3299 0.682890 0.551852 0.041717 0.168519 0.687430 1654.000000 1080.000000
0 3300 0.682890 0.549074 0.041717 0.168519 0.701410 1654.000000 1080.000000
0 3301 0.682890 0.546296 0.041717 0.168519 0.715220 1654.000000 1080.000000
0 3302 0.682285 0.545370 0.041717 0.168519 0.725290 1654.000000 1080.000000
0 3303 0.681681 0.544907 0.041717 0.169444 0.723210 1654.000000 1080.000000
0 3304 0.681378 0.543981 0.041112 0.169444 0.729680 1654.000000 1080.000000
0 3305 0.680774 0.543519 0.041112 0.170370 0.729420 1654.000000 1080.000000
0 3306 0.680169 0.543056 0.041112 0.171296 0.739830 1654.000000 1080.000000
0 3307 0.679867 0.542130 0.040508 0.171296 0.747000 1654.000000 1080.000000
0 3308 0.679262 0.541667 0.040508 0.172222 0.745200 1654.000000 1080.000000
0 3309 0.678960 0.541204 0.039903 0.173148 0.754130 1654.000000 1080.000000
0 3310 0.678960 0.537963 0.039903 0.172222 0.754330 1654.000000 1080.000000
0 3311 0.679565 0.535648 0.039903 0.171296 0.753010 1654.000000 1080.000000
0 3312 0.680169 0.532870 0.039903 0.169444 0.753410 1654.000000 1080.000000
0 3313 0.680169 0.530556 0.039903 0.168519 0.739010 1654.000000 1080.000000
0 3314 0.680774 0.527778 0.039903 0.166667 0.737780 1654.000000 1080.000000
0 3315 0.681378 0.525463 0.039903 0.165741 0.737980 1654.000000 1080.000000
