0 2801 0.448005 0.985185 0.029021 0.031481 0.059475 1654.000000 1080.000000
0 2802 0.449819 0.984259 0.030230 0.033333 0.057234 1654.000000 1080.000000
0 2803 0.451935 0.983796 0.030834 0.034259 0.074899 1654.000000 1080.000000
0 2804 0.454051 0.982870 0.031439 0.036111 0.091981 1654.000000 1080.000000
0 2805 0.456167 0.982407 0.032044 0.037037 0.108400 1654.000000 1080.000000
0 2806 0.458283 0.981481 0.032648 0.038889 0.106550 1654.000000 1080.000000
0 2807 0.460097 0.981019 0.033857 0.039815 0.120020 1654.000000 1080.000000
0 2808 0.462213 0.980556 0.034462 0.040741 0.134870 1654.000000 1080.000000
0 2809 0.464329 0.979630 0.035067 0.042593 0.099531 1654.000000 1080.000000
0 2810 0.466445 0.979167 0.035671 0.043519 0.114240 1654.000000 1080.000000
0 2811 0.468561 0.978241 0.036276 0.045370 0.096393 1654.000000 1080.000000
0 2812 0.470677 0.977778 0.036880 0.046296 0.094877 1654.000000 1080.000000
0 2813 0.472491 0.977315 0.038089 0.047222 0.076623 1654.000000 1080.000000
0 2814 0.474607 0.976389 0.038694 0.049074 0.075499 1654.000000 1080.000000
0 2815 0.476723 0.975926 0.039299 0.050000 0.059504 1654.000000 1080.000000
0 2816 0.478839 0.975000 0.039903 0.051852 0.058654 1654.000000 1080.000000
0 2817 0.480955 0.974537 0.040508 0.052778 0.043357 1654.000000 1080.000000
0 2818 0.483071 0.974074 0.041112 0.053704 0.042741 1654.000000 1080.000000
0 2819 0.485490 0.973148 0.041112 0.055556 0.028510 1654.000000 1080.000000
0 2820 0.488210 0.972685 0.041717 0.056481 0.028111 1654.000000 1080.000000
0 2821 0.490931 0.972222 0.042322 0.057407 0.027722 1654.000000 1080.000000
0 2822 0.493652 0.971759 0.042926 0.058333 0.027344 1654.000000 1080.000000
0 2823 0.496372 0.971296 0.043531 0.059259 0.026976 1654.000000 1080.000000
0 2824 0.499093 0.970833 0.044135 0.060185 0.026618 1654.000000 1080.000000
0 2825 0.501814 0.970370 0.044740 0.061111 0.026269 1654.000000 1080.000000
0 2826 0.504232 0.969907 0.044740 0.062037 0.026275 1654.000000 1080.000000
0 2827 0.506953 0.969444 0.045345 0.062963 0.012967 1654.000000 1080.000000
0 2828 0.509674 0.968981 0.045949 0.063889 0.025603 1654.000000 1080.000000
0 2829 0.512394 0.968519 0.046554 0.064815 0.012640 1654.000000 1080.000000
0 2830 0.515115 0.968056 0.047158 0.065741 0.024965 1654.000000 1080.000000
0 2831 0.517836 0.967593 0.047763 0.066667 0.012329 1654.000000 1080.000000
0 2832 0.520556 0.967130 0.048368 0.067593 0.024358 1654.000000 1080.000000
0 2833 0.522068 0.966204 0.048972 0.069444 0.012035 1654.000000 1080.000000
0 2834 0.524184 0.965741 0.049577 0.070370 0.000000 1654.000000 1080.000000
0 2835 0.525998 0.964815 0.050786 0.072222 0.000000 1654.000000 1080.000000
0 2836 0.527811 0.964352 0.050786 0.073148 0.000000 1654.000000 1080.000000
0 2837 0.529625 0.963426 0.051995 0.075000 0.000000 1654.000000 1080.000000
0 2838 0.531741 0.962963 0.052600 0.075926 0.000000 1654.000000 1080.000000
0 2839 0.533857 0.962037 0.053204 0.077778 0.000000 1654.000000 1080.000000
0 2840 0.535369 0.961574 0.053809 0.078704 0.000000 1654.000000 1080.000000
0 2841 0.537485 0.960648 0.054414 0.080556 0.000000 1654.000000 1080.000000
0 2842 0.539299 0.960185 0.055623 0.081481 0.000000 1654.000000 1080.000000
0 2843 0.541112 0.959259 0.055623 0.083333 0.000000 1654.000000 1080.000000
0 2844 0.542926 0.958796 0.056832 0.084259 0.000000 1654.000000 1080.000000
0 2845 0.545042 0.957870 0.057437 0.086111 0.000000 1654.000000 1080.000000
0 2846 0.547158 0.957407 0.058041 0.087037 0.000000 1654.000000 1080.000000
0 2847 0.548368 0.956019 0.058041 0.089815 0.000000 1654.000000 1080.000000
0 2848 0.550181 0.954630 0.058041 0.092593 0.000000 1654.000000 1080.000000
0 2849 0.551995 0.953704 0.058041 0.094444 0.000000 1654.000000 1080.000000
0 2850 0.553809 0.952315 0.058041 0.097222 0.000000 1654.000000 1080.000000
0 2851 0.555320 0.951389 0.058646 0.099074 0.000000 1654.000000 1080.000000
0 2852 0.557134 0.950000 0.058646 0.101852 0.000000 1654.000000 1080.000000
0 2853 0.558646 0.949074 0.058041 0.103704 0.000000 1654.000000 1080.000000
0 2854 0.560459 0.947685 0.058041 0.106481 0.000000 1654.000000 1080.000000
0 2855 0.561971 0.946759 0.058646 0.108333 0.000000 1654.000000 1080.000000
0 2856 0.563785 0.945370 0.058646 0.111111 0.000000 1654.000000 1080.000000
0 2857 0.565599 0.944444 0.058646 0.112963 0.000000 1654.000000 1080.000000
0 2858 0.567412 0.943056 0.058646 0.115741 0.000000 1654.000000 1080.000000
0 2859 0.569226 0.942130 0.058646 0.117593 0.000000 1654.000000 1080.000000
0 2860 0.571040 0.941667 0.058646 0.118519 0.000000 1654.000000 1080.000000
0 2861 0.572854 0.941204 0.058646 0.119444 0.000000 1654.000000 1080.000000
0 2862 0.574667 0.940741 0.058646 0.120370 0.000000 1654.000000 1080.000000
0 2863 0.576481 0.940278 0.058646 0.121296 0.000000 1654.000000 1080.000000
0 2864 0.578295 0.939815 0.058646 0.122222 0.000000 1654.000000 1080.000000
0 2865 0.580109 0.939352 0.058646 0.123148 0.000000 1654.000000 1080.000000
0 2866 0.582225 0.939352 0.058041 0.123148 0.000000 1654.000000 1080.000000
0 2867 0.584039 0.938889 0.058041 0.124074 0.000000 1654.000000 1080.000000
0 2868 0.585852 0.938426 0.058041 0.125000 0.000000 1654.000000 1080.000000
0 2869 0.587666 0.937963 0.058041 0.125926 0.000000 1654.000000 1080.000000
0 2870 0.589480 0.937500 0.058041 0.126852 0.000000 1654.000000 1080.000000
0 2871 0.591294 0.937037 0.058041 0.127778 0.000000 1654.000000 1080.000000
0 2872 0.593108 0.936574 0.058041 0.128704 0.010236 1654.000000 1080.000000
0 2873 0.595526 0.936574 0.058041 0.128704 0.818850 1654.000000 1080.000000
0 2874 0.596735 0.935648 0.056832 0.130556 0.825720 1654.000000 1080.000000
0 2875 0.598247 0.934722 0.056227 0.132407 0.834590 1654.000000 1080.000000
0 2876 0.599758 0.934259 0.055623 0.133333 0.843600 1654.000000 1080.000000
0 2877 0.601572 0.933333 0.054414 0.135185 0.862230 1654.000000 1080.000000
0 2878 0.603083 0.932407 0.053809 0.137037 0.993290 1654.000000 1080.000000
0 2879 0.604595 0.931944 0.053204 0.137963 0.993330 1654.000000 1080.000000
0 2880 0.606106 0.931019 0.052600 0.139815 0.993420 1654.000000 1080.000000
0 2881 0.607920 0.930093 0.051391 0.141667 0.993510 1654.000000 1080.000000
0 2882 0.609432 0.929630 0.050786 0.142593 0.993550 1654.000000 1080.000000
0 2883 0.610943 0.928704 0.050181 0.144444 0.993630 1654.000000 1080.000000
0 2884 0.612757 0.928241 0.048972 0.145370 0.993670 1654.000000 1080.000000
0 2885 0.613966 0.927315 0.048972 0.147222 0.993750 1654.000000 1080.000000
0 2886 0.615780 0.926852 0.048972 0.148148 0.993790 1654.000000 1080.000000
0 2887 0.616989 0.926389 0.048972 0.149074 0.993830 1654.000000 1080.000000
0 2888 0.618803 0.925463 0.048972 0.150926 0.993900 1654.000000 1080.000000
0 2889 0.620314 0.925000 0.049577 0.151852 0.993940 1654.000000 1080.000000
0 2890 0.621826 0.924537 0.048972 0.152778 0.993980 1654.000000 1080.000000
0 2891 0.623337 0.923611 0.049577 0.154630 0.994050 1654.000000 1080.000000
0 2892 0.625151 0.923148 0.049577 0.155556 0.994080 1654.000000 1080.000000
0 2893 0.626663 0.922685 0.048972 0.156481 0.994120 1654.000000 1080.000000
0 2894 0.628174 0.921759 0.049577 0.158333 0.994190 1654.000000 1080.000000
0 2895 0.629686 0.921296 0.048972 0.159259 0.994220 1654.000000 1080.000000
0 2896 0.631197 0.920833 0.049577 0.160185 0.994250 1654.000000 1080.000000
0 2897 0.633011 0.919907 0.049577 0.162037 0.994320 1654.000000 1080.000000
0 2898 0.634220 0.919444 0.049577 0.162963 0.994350 1654.000000 1080.000000
0 2899 0.636034 0.918981 0.049577 0.163889 0.994380 1654.000000 1080.000000
0 2900 0.637848 0.918519 0.049577 0.164815 0.994410 1654.000000 1080.000000
0 2901 0.639057 0.917593 0.049577 0.166667 0.994480 1654.000000 1080.000000
0 2902 0.640266 0.917130 0.049577 0.167593 0.994510 1654.000000 1080.000000
0 2903 0.641475 0.916667 0.049577 0.168519 0.994540 1654.000000 1080.000000
0 2904 0.642684 0.915741 0.049577 0.170370 0.994590 1654.000000 1080.000000
0 2905 0.644196 0.915278 0.048972 0.171296 0.994620 1654.000000 1080.000000
0 2906 0.645405 0.914815 0.048972 0.172222 0.994650 1654.000000 1080.000000
0 2907 0.646614 0.914352 0.048972 0.173148 0.956540 1654.000000 1080.000000
0 2908 0.647823 0.913426 0.048972 0.175000 0.910400 1654.000000 1080.000000
0 2909 0.649033 0.912963 0.048972 0.175926 0.865150 1654.000000 1080.000000
0 2910 0.650544 0.912500 0.048368 0.176852 0.818870 1654.000000 1080.000000
0 2911 0.651753 0.911574 0.048368 0.178704 0.776440 1654.000000 1080.000000
0 2912 0.652963 0.911111 0.048368 0.179630 0.734160 1654.000000 1080.000000
0 2913 0.654172 0.910648 0.048368 0.180556 0.701810 1654.000000 1080.000000
0 2914 0.655985 0.910185 0.048368 0.181481 0.652750 1654.000000 1080.000000
0 2915 0.656590 0.908333 0.049577 0.181481 0.596290 1654.000000 1080.000000
0 2916 0.657497 0.906481 0.050181 0.181481 0.564540 1654.000000 1080.000000
0 2917 0.658706 0.904630 0.051391 0.181481 0.534940 1654.000000 1080.000000
0 2918 0.659311 0.902778 0.052600 0.181481 0.510840 1654.000000 1080.000000
0 2919 0.660520 0.900926 0.053809 0.181481 0.488160 1654.000000 1080.000000
0 2920 0.661427 0.899074 0.054414 0.181481 0.463600 1654.000000 1080.000000
0 2921 0.662334 0.897222 0.056227 0.181481 0.451830 1654.000000 1080.000000
0 2922 0.663241 0.895370 0.056832 0.181481 0.428370 1654.000000 1080.000000
0 2923 0.664450 0.893519 0.058041 0.181481 0.415560 1654.000000 1080.000000
0 2924 0.665054 0.891667 0.059250 0.181481 0.387530 1654.000000 1080.000000
0 2925 0.665961 0.889815 0.059855 0.181481 0.388320 1654.000000 1080.000000
0 2926 0.667170 0.887963 0.061064 0.181481 0.419080 1654.000000 1080.000000
0 2927 0.667775 0.886111 0.062273 0.181481 0.452660 1654.000000 1080.000000
0 2928 0.668984 0.884259 0.063482 0.181481 0.487980 1654.000000 1080.000000
0 2929 0.669891 0.882407 0.064087 0.181481 0.522560 1654.000000 1080.000000
0 2930 0.670798 0.880556 0.065901 0.181481 0.559110 1654.000000 1080.000000
0 2931 0.671705 0.878704 0.066505 0.181481 0.587370 1654.000000 1080.000000
0 2932 0.672914 0.876852 0.067715 0.181481 0.624640 1654.000000 1080.000000
0 2933 0.674123 0.875926 0.067715 0.181481 0.656080 1654.000000 1080.000000
0 2934 0.675333 0.875926 0.067715 0.181481 0.684650 1654.000000 1080.000000
0 2935 0.676542 0.875463 0.067715 0.180556 0.714110 1654.000000 1080.000000
0 2936 0.678053 0.875463 0.067110 0.180556 0.745760 1654.000000 1080.000000
0 2937 0.679262 0.874537 0.067110 0.180556 0.776060 1654.000000 1080.000000
0 2938 0.680472 0.874537 0.067110 0.180556 0.802750 1654.000000 1080.000000
0 2939 0.681681 0.874074 0.067110 0.179630 0.830360 1654.000000 1080.000000
0 2940 0.683192 0.874074 0.066505 0.179630 0.863530 1654.000000 1080.000000
0 2941 0.684401 0.873148 0.066505 0.179630 0.881910 1654.000000 1080.000000
0 2942 0.685611 0.873148 0.066505 0.179630 0.873600 1654.000000 1080.000000
0 2943 0.686820 0.872685 0.066505 0.178704 0.866260 1654.000000 1080.000000
0 2944 0.688331 0.872685 0.065901 0.178704 0.864100 1654.000000 1080.000000
0 2945 0.689541 0.871759 0.065901 0.178704 0.856330 1654.000000 1080.000000
0 2946 0.690750 0.871759 0.065901 0.178704 0.848450 1654.000000 1080.000000
0 2947 0.692261 0.871296 0.065296 0.177778 0.839280 1654.000000 1080.000000
0 2948 0.693470 0.871296 0.065296 0.177778 0.838190 1654.000000 1080.000000
0 2949 0.694680 0.870833 0.065296 0.176852 0.837350 1654.000000 1080.000000
0 2950 0.695889 0.870370 0.065296 0.177778 0.837100 1654.000000 1080.000000
0 2951 0.697400 0.869907 0.064692 0.176852 0.842980 1654.000000 1080.000000
0 2952 0.698609 0.869907 0.064692 0.176852 0.841920 1654.000000 1080.000000
0 2953 0.699819 0.869444 0.064692 0.175926 0.841090 1654.000000 1080.000000
0 2954 0.701028 0.868981 0.064692 0.176852 0.840860 1654.000000 1080.000000
0 2955 0.702539 0.868519 0.064087 0.175926 0.839600 1654.000000 1080.000000
0 2956 0.703748 0.868519 0.064087 0.175926 0.852230 1654.000000 1080.000000
0 2957 0.704958 0.868056 0.064087 0.175000 0.857940 1654.000000 1080.000000
0 2958 0.706167 0.867593 0.064087 0.175926 0.864850 1654.000000 1080.000000
0 2959 0.707678 0.867130 0.063482 0.175000 0.875670 1654.000000 1080.000000
0 2960 0.708888 0.867130 0.063482 0.175000 0.879790 1654.000000 1080.000000
0 2961 0.710097 0.866667 0.063482 0.174074 0.891780 1654.000000 1080.000000
0 2962 0.711608 0.866667 0.062878 0.174074 0.901130 1654.000000 1080.000000
0 2963 0.713120 0.866667 0.062273 0.174074 0.910710 1654.000000 1080.000000
0 2964 0.715236 0.866667 0.061669 0.174074 0.929880 1654.000000 1080.000000
0 2965 0.717352 0.866667 0.061064 0.174074 0.947560 1654.000000 1080.000000
0 2966 0.719468 0.866667 0.060459 0.174074 0.965060 1654.000000 1080.000000
0 2967 0.721584 0.866667 0.059855 0.174074 0.962750 1654.000000 1080.000000
0 2968 0.723700 0.867130 0.059250 0.173148 0.958630 1654.000000 1080.000000
0 2969 0.725212 0.867130 0.058646 0.173148 0.952560 1654.000000 1080.000000
0 2970 0.727328 0.867130 0.058041 0.173148 0.948290 1654.000000 1080.000000
0 2971 0.729444 0.867593 0.057437 0.174074 0.942960 1654.000000 1080.000000
0 2972 0.731560 0.867593 0.056832 0.174074 0.939790 1654.000000 1080.000000
0 2973 0.733676 0.867593 0.056227 0.174074 0.935270 1654.000000 1080.000000
0 2974 0.735792 0.868056 0.055623 0.173148 0.930280 1654.000000 1080.000000
0 2975 0.737304 0.868056 0.055018 0.173148 0.922290 1654.000000 1080.000000
0 2976 0.739420 0.868056 0.054414 0.173148 0.918630 1654.000000 1080.000000
0 2977 0.741536 0.868056 0.053809 0.173148 0.913480 1654.000000 1080.000000
0 2978 0.743652 0.868056 0.053204 0.173148 0.908200 1654.000000 1080.000000
0 2979 0.745768 0.868056 0.052600 0.173148 0.902800 1654.000000 1080.000000
0 2980 0.747884 0.868981 0.051995 0.173148 0.897290 1654.000000 1080.000000
0 2981 0.749093 0.868056 0.051995 0.173148 0.888420 1654.000000 1080.000000
0 2982 0.750907 0.867130 0.051995 0.173148 0.880780 1654.000000 1080.000000
0 2983 0.752116 0.866204 0.051995 0.173148 0.872890 1654.000000 1080.000000
0 2984 0.753930 0.865278 0.051995 0.173148 0.864760 1654.000000 1080.000000
0 2985 0.755139 0.865278 0.051995 0.173148 0.849600 1654.000000 1080.000000
0 2986 0.756953 0.864352 0.051995 0.173148 0.845930 1654.000000 1080.000000
0 2987 0.758162 0.863426 0.051995 0.173148 0.831740 1654.000000 1080.000000
0 2988 0.759976 0.862500 0.051995 0.173148 0.827830 1654.000000 1080.000000
0 2989 0.761185 0.861574 0.051995 0.173148 0.812910 1654.000000 1080.000000
0 2990 0.762999 0.861574 0.051995 0.173148 0.800990 1654.000000 1080.000000
0 2991 0.764208 0.860648 0.051995 0.173148 0.796710 1654.000000 1080.000000
0 2992 0.766022 0.859722 0.051995 0.173148 0.792430 1654.000000 1080.000000
0 2993 0.767231 0.858796 0.051995 0.173148 0.784300 1654.000000 1080.000000
0 2994 0.769045 0.857870 0.051995 0.173148 0.767670 1654.000000 1080.000000
0 2995 0.770254 0.857870 0.051995 0.173148 0.744310 1654.000000 1080.000000
0 2996 0.772068 0.856944 0.051995 0.173148 0.722920 1654.000000 1080.000000
0 2997 0.773277 0.856019 0.051995 0.173148 0.701150 1654.000000 1080.000000
0 2998 0.775091 0.855093 0.051995 0.173148 0.685440 1654.000000 1080.000000
0 2999 0.776904 0.855093 0.051995 0.173148 0.659820 1654.000000 1080.000000
0 3000 0.778114 0.853241 0.051995 0.173148 0.636400 1654.000000 1080.000000
0 3001 0.779323 0.852315 0.051995 0.173148 0.606510 1654.000000 1080.000000
0 3002 0.780532 0.850926 0.051995 0.174074 0.608830 1654.000000 1080.000000
0 3003 0.782044 0.850000 0.051391 0.175926 0.607210 1654.000000 1080.000000
0 3004 0.783253 0.849074 0.051391 0.175926 0.607330 1654.000000 1080.000000
0 3005 0.784764 0.848148 0.050786 0.177778 0.603290 1654.000000 1080.000000
0 3006 0.786276 0.847222 0.050181 0.177778 0.582410 1654.000000 1080.000000
0 3007 0.787787 0.846296 0.050786 0.179630 0.560720 1654.000000 1080.000000
0 3008 0.789299 0.845370 0.050181 0.179630 0.542860 1654.000000 1080.000000
0 3009 0.790810 0.844444 0.049577 0.181481 0.515810 1654.000000 1080.000000
0 3010 0.792019 0.843519 0.049577 0.181481 0.496360 1654.000000 1080.000000
0 3011 0.793531 0.842593 0.048972 0.183333 0.467580 1654.000000 1080.000000
0 3012 0.795042 0.841667 0.048368 0.183333 0.447480 1654.000000 1080.000000
0 3013 0.796554 0.840741 0.048972 0.185185 0.419670 1654.000000 1080.000000
0 3014 0.798065 0.839815 0.048368 0.185185 0.402990 1654.000000 1080.000000
0 3015 0.799577 0.838889 0.047763 0.187037 0.404680 1654.000000 1080.000000
0 3016 0.800786 0.837963 0.047763 0.187037 0.414590 1654.000000 1080.000000
0 3017 0.802297 0.837037 0.047158 0.188889 0.428100 1654.000000 1080.000000
0 3018 0.804111 0.836574 0.047158 0.189815 0.437380 1654.000000 1080.000000
0 3019 0.804716 0.834722 0.047158 0.189815 0.469340 1654.000000 1080.000000
0 3020 0.805925 0.833796 0.047158 0.189815 0.497360 1654.000000 1080.000000
0 3021 0.807134 0.832870 0.047158 0.189815 0.517570 1654.000000 1080.000000
0 3022 0.808343 0.831944 0.047158 0.189815 0.540060 1654.000000 1080.000000
0 3023 0.808948 0.831019 0.047158 0.189815 0.575950 1654.000000 1080.000000
0 3024 0.810157 0.830093 0.047158 0.189815 0.598130 1654.000000 1080.000000
0 3025 0.811366 0.829167 0.047158 0.189815 0.623330 1654.000000 1080.000000
0 3026 0.812576 0.828241 0.047158 0.189815 0.652940 1654.000000 1080.000000
0 3027 0.813180 0.826389 0.047158 0.189815 0.690060 1654.000000 1080.000000
0 3028 0.814389 0.825463 0.047158 0.189815 0.713650 1654.000000 1080.000000
0 3029 0.815599 0.824537 0.047158 0.189815 0.748310 1654.000000 1080.000000
0 3030 0.816808 0.823611 0.047158 0.189815 0.759250 1654.000000 1080.000000
0 3031 0.817412 0.822685 0.047158 0.189815 0.782290 1654.000000 1080.000000
0 3032 0.818622 0.821759 0.047158 0.189815 0.801650 1654.000000 1080.000000
0 3033 0.819831 0.820833 0.047158 0.189815 0.817750 1654.000000 1080.000000
0 3034 0.821040 0.819907 0.047158 0.189815 0.840360 1654.000000 1080.000000
0 3035 0.821342 0.817130 0.047763 0.189815 0.867960 1654.000000 1080.000000
0 3036 0.821947 0.815278 0.047763 0.189815 0.894300 1654.000000 1080.000000
0 3037 0.822551 0.812963 0.047763 0.188889 0.927200 1654.000000 1080.000000
0 3038 0.823156 0.811111 0.047763 0.188889 0.953900 1654.000000 1080.000000
0 3039 0.823761 0.808796 0.047763 0.187963 0.984560 1654.000000 1080.000000
0 3040 0.824365 0.806944 0.048972 0.187963 0.992470 1654.000000 1080.000000
0 3041 0.824970 0.804630 0.048972 0.187037 1.000000 1654.000000 1080.000000
0 3042 0.825574 0.802778 0.048972 0.187037 1.000000 1654.000000 1080.000000
0 3043 0.826179 0.800000 0.048972 0.187037 1.000000 1654.000000 1080.000000
0 3044 0.826784 0.798148 0.048972 0.187037 1.000000 1654.000000 1080.000000
0 3045 0.827388 0.795833 0.048972 0.186111 1.000000 1654.000000 1080.000000
0 3046 0.827993 0.793981 0.050181 0.186111 1.000000 1654.000000 1080.000000
0 3047 0.828597 0.791667 0.050181 0.185185 1.000000 1654.000000 1080.000000
0 3048 0.829202 0.789815 0.050181 0.185185 1.000000 1654.000000 1080.000000
0 3049 0.829807 0.787500 0.050181 0.184259 1.000000 1654.000000 1080.000000
0 3050 0.830411 0.785648 0.050181 0.184259 1.000000 1654.000000 1080.000000
0 3051 0.831318 0.783796 0.050786 0.184259 1.000000 1654.000000 1080.000000
0 3052 0.831923 0.781944 0.050786 0.184259 1.000000 1654.000000 1080.000000
0 3053 0.832830 0.781019 0.050181 0.184259 1.000000 1654.000000 1080.000000
0 3054 0.834039 0.779167 0.050181 0.184259 1.000000 1654.000000 1080.000000
0 3055 0.834946 0.778241 0.049577 0.184259 1.000000 1654.000000 1080.000000
0 3056 0.835550 0.776389 0.049577 0.184259 1.000000 1654.000000 1080.000000
0 3057 0.836759 0.775463 0.049577 0.184259 1.000000 1654.000000 1080.000000
0 3058 0.837666 0.773611 0.048972 0.184259 1.000000 1654.000000 1080.000000
0 3059 0.838573 0.772685 0.048368 0.184259 0.998210 1654.000000 1080.000000
0 3060 0.839782 0.770833 0.048368 0.184259 0.998150 1654.000000 1080.000000
0 3061 0.840387 0.769907 0.048368 0.184259 0.994630 1654.000000 1080.000000
0 3062 0.841294 0.768056 0.047763 0.184259 0.994560 1654.000000 1080.000000
0 3063 0.842503 0.767130 0.047763 0.184259 0.992750 1654.000000 1080.000000
0 3064 0.843410 0.765278 0.047158 0.184259 0.990820 1654.000000 1080.000000
0 3065 0.844619 0.764352 0.047158 0.184259 0.988610 1654.000000 1080.000000
0 3066 0.844015 0.761574 0.047158 0.184259 0.989750 1654.000000 1080.000000
0 3067 0.844015 0.759259 0.047158 0.183333 0.991730 1654.000000 1080.000000
0 3068 0.844015 0.757407 0.047158 0.183333 0.990840 1654.000000 1080.000000
0 3069 0.844015 0.755093 0.047158 0.182407 0.982550 1654.000000 1080.000000
0 3070 0.843712 0.753241 0.046554 0.182407 0.963030 1654.000000 1080.000000
0 3071 0.843712 0.750926 0.046554 0.181481 0.943380 1654.000000 1080.000000
0 3072 0.843712 0.748148 0.046554 0.181481 0.925610 1654.000000 1080.000000
0 3073 0.843712 0.746296 0.046554 0.181481 0.905770 1654.000000 1080.000000
0 3074 0.843410 0.743981 0.045949 0.180556 0.895570 1654.000000 1080.000000
0 3075 0.843410 0.742130 0.045949 0.180556 0.885240 1654.000000 1080.000000
0 3076 0.843410 0.739815 0.045949 0.179630 0.866330 1654.000000 1080.000000
0 3077 0.843410 0.737963 0.045949 0.179630 0.856810 1654.000000 1080.000000
0 3078 0.843410 0.736111 0.045949 0.179630 0.837230 1654.000000 1080.000000
0 3079 0.843410 0.734259 0.045949 0.179630 0.827710 1654.000000 1080.000000
0 3080 0.844015 0.733333 0.045949 0.179630 0.816450 1654.000000 1080.000000
0 3081 0.844015 0.731481 0.045949 0.179630 0.806990 1654.000000 1080.000000
0 3082 0.844015 0.729630 0.045949 0.179630 0.787410 1654.000000 1080.000000
0 3083 0.844619 0.728704 0.045949 0.179630 0.796200 1654.000000 1080.000000
0 3084 0.844619 0.726852 0.045949 0.179630 0.786010 1654.000000 1080.000000
0 3085 0.844619 0.725000 0.045949 0.179630 0.775820 1654.000000 1080.000000
0 3086 0.845224 0.724074 0.045949 0.179630 0.784620 1654.000000 1080.000000
0 3087 0.845224 0.722222 0.045949 0.179630 0.774360 1654.000000 1080.000000
0 3088 0.845828 0.721296 0.045949 0.179630 0.772890 1654.000000 1080.000000
0 3089 0.844317 0.719444 0.045345 0.179630 0.748990 1654.000000 1080.000000
0 3090 0.843108 0.717593 0.045345 0.179630 0.717610 1654.000000 1080.000000
0 3091 0.841898 0.715741 0.044135 0.179630 0.688500 1654.000000 1080.000000
0 3092 0.840689 0.713889 0.044135 0.179630 0.654050 1654.000000 1080.000000
0 3093 0.839480 0.712037 0.044135 0.179630 0.619200 1654.000000 1080.000000
0 3094 0.838271 0.710648 0.042926 0.178704 0.584120 1654.000000 1080.000000
0 3095 0.837062 0.708796 0.042926 0.178704 0.546110 1654.000000 1080.000000
0 3096 0.835852 0.706944 0.042926 0.178704 0.512100 1654.000000 1080.000000
0 3097 0.834643 0.705556 0.041717 0.179630 0.470920 1654.000000 1080.000000
0 3098 0.833434 0.703704 0.041717 0.179630 0.423960 1654.000000 1080.000000
0 3099 0.832225 0.701852 0.041717 0.179630 0.418900 1654.000000 1080.000000
0 3100 0.831016 0.700463 0.040508 0.178704 0.397210 1654.000000 1080.000000
0 3101 0.829807 0.698611 0.040508 0.178704 0.380990 1654.000000 1080.000000
0 3102 0.828597 0.696759 0.040508 0.178704 0.367340 1654.000000 1080.000000
0 3103 0.827388 0.694907 0.039299 0.178704 0.344420 1654.000000 1080.000000
0 3104 0.826179 0.693056 0.039299 0.178704 0.335050 1654.000000 1080.000000
0 3105 0.825272 0.692130 0.038694 0.178704 0.332120 1654.000000 1080.000000
0 3106 0.824063 0.690278 0.038694 0.178704 0.325770 1654.000000 1080.000000
0 3107 0.822854 0.688426 0.038694 0.178704 0.314430 1654.000000 1080.000000
0 3108 0.822249 0.687037 0.038694 0.179630 0.317000 1654.000000 1080.000000
0 3109 0.821040 0.685648 0.038694 0.178704 0.303250 1654.000000 1080.000000
0 3110 0.820435 0.683796 0.038694 0.178704 0.307530 1654.000000 1080.000000
0 3111 0.819226 0.682407 0.038694 0.179630 0.300200 1654.000000 1080.000000
0 3112 0.818017 0.680556 0.038694 0.179630 0.289470 1654.000000 1080.000000
0 3113 0.817412 0.679167 0.038694 0.178704 0.275810 1654.000000 1080.000000
0 3114 0.816203 0.677778 0.038694 0.179630 0.254520 1654.000000 1080.000000
0 3115 0.815599 0.675926 0.038694 0.179630 0.244580 1654.000000 1080.000000
0 3116 0.814389 0.674074 0.038694 0.179630 0.224690 1654.000000 1080.000000
0 3117 0.813180 0.673148 0.038694 0.179630 0.202210 1654.000000 1080.000000
0 3118 0.812576 0.671296 0.038694 0.179630 0.200080 1654.000000 1080.000000
0 3119 0.811366 0.669444 0.038694 0.179630 0.205920 1654.000000 1080.000000
0 3120 0.810762 0.668519 0.038694 0.179630 0.204340 1654.000000 1080.000000
0 3121 0.809553 0.665741 0.038694 0.179630 0.216410 1654.000000 1080.000000
0 3122 0.808646 0.663426 0.039299 0.178704 0.224700 1654.000000 1080.000000
0 3123 0.807739 0.660648 0.038694 0.178704 0.235130 1654.000000 1080.000000
0 3124 0.806832 0.658796 0.039299 0.178704 0.247420 1654.000000 1080.000000
0 3125 0.805925 0.656481 0.038694 0.177778 0.254920 1654.000000 1080.000000
0 3126 0.805018 0.653704 0.039299 0.177778 0.272960 1654.000000 1080.000000
0 3127 0.803809 0.651852 0.039299 0.177778 0.283010 1654.000000 1080.000000
0 3128 0.803204 0.649537 0.039299 0.176852 0.298930 1654.000000 1080.000000
0 3129 0.801995 0.646759 0.039299 0.176852 0.318890 1654.000000 1080.000000
0 3130 0.801391 0.644444 0.039299 0.175926 0.328100 1654.000000 1080.000000
0 3131 0.800181 0.642593 0.039299 0.175926 0.347930 1654.000000 1080.000000
0 3132 0.799274 0.639815 0.039903 0.175926 0.364230 1654.000000 1080.000000
0 3133 0.798368 0.637500 0.039299 0.175000 0.377670 1654.000000 1080.000000
0 3134 0.797461 0.635648 0.039903 0.175000 0.396700 1654.000000 1080.000000
0 3135 0.796554 0.632870 0.039299 0.175000 0.406220 1654.000000 1080.000000
0 3136 0.795647 0.630556 0.039903 0.174074 0.418150 1654.000000 1080.000000
0 3137 0.795042 0.628704 0.039903 0.174074 0.425810 1654.000000 1080.000000
0 3138 0.794740 0.626389 0.040508 0.173148 0.433430 1654.000000 1080.000000
0 3139 0.794438 0.624537 0.041112 0.173148 0.441490 1654.000000 1080.000000
0 3140 0.794135 0.622685 0.041717 0.171296 0.446540 1654.000000 1080.000000
0 3141 0.794135 0.620833 0.042926 0.171296 0.451910 1654.000000 1080.000000
0 3142 0.793833 0.618981 0.043531 0.171296 0.454850 1654.000000 1080.000000
0 3143 0.793531 0.617130 0.044135 0.169444 0.462840 1654.000000 1080.000000
0 3144 0.793531 0.615278 0.045345 0.169444 0.459950 1654.000000 1080.000000
0 3145 0.793229 0.613426 0.045949 0.167593 0.465530 1654.000000 1080.000000
0 3146 0.792926 0.611574 0.046554 0.167593 0.471260 1654.000000 1080.000000
0 3147 0.792926 0.609722 0.047763 0.167593 0.474180 1654.000000 1080.000000
0 3148 0.792624 0.607870 0.048368 0.165741 0.482720 1654.000000 1080.000000
0 3149 0.792322 0.606019 0.048972 0.165741 0.489090 1654.000000 1080.000000
0 3150 0.792624 0.604630 0.049577 0.164815 0.488860 1654.000000 1080.000000
0 3151 0.793531 0.602778 0.050181 0.164815 0.479380 1654.000000 1080.000000
0 3152 0.794438 0.601852 0.050786 0.164815 0.469730 1654.000000 1080.000000
0 3153 0.795647 0.600000 0.051995 0.164815 0.459450 1654.000000 1080.000000
0 3154 0.796554 0.599074 0.052600 0.164815 0.456070 1654.000000 1080.000000
0 3155 0.797461 0.597222 0.053204 0.164815 0.451570 1654.000000 1080.000000
0 3156 0.798972 0.596296 0.053809 0.164815 0.438860 1654.000000 1080.000000
0 3157 0.798368 0.593519 0.053809 0.164815 0.456180 1654.000000 1080.000000
0 3158 0.798368 0.591667 0.053809 0.164815 0.468160 1654.000000 1080.000000
0 3159 0.798368 0.589352 0.053809 0.165741 0.476300 1654.000000 1080.000000
0 3160 0.798065 0.587037 0.054414 0.164815 0.495000 1654.000000 1080.000000
0 3161 0.798065 0.585185 0.054414 0.164815 0.500400 1654.000000 1080.000000
0 3162 0.797763 0.582870 0.053809 0.165741 0.518890 1654.000000 1080.000000
0 3163 0.797763 0.581019 0.053809 0.165741 0.523520 1654.000000 1080.000000
0 3164 0.797461 0.578704 0.054414 0.164815 0.542390 1654.000000 1080.000000
0 3165 0.797461 0.576389 0.054414 0.165741 0.549690 1654.000000 1080.000000
0 3166 0.797461 0.574537 0.054414 0.165741 0.562210 1654.000000 1080.000000
0 3167 0.797461 0.572685 0.054414 0.165741 0.567770 1654.000000 1080.000000
0 3168 0.796856 0.570370 0.053204 0.164815 0.590110 1654.000000 1080.000000
0 3169 0.796554 0.568056 0.052600 0.163889 0.601700 1654.000000 1080.000000
0 3170 0.796554 0.566204 0.051391 0.163889 0.605440 1654.000000 1080.000000
0 3171 0.796252 0.563889 0.050786 0.162963 0.617810 1654.000000 1080.000000
0 3172 0.795647 0.562500 0.049577 0.162037 0.628420 1654.000000 1080.000000
0 3173 0.795647 0.560185 0.048368 0.161111 0.636610 1654.000000 1080.000000
0 3174 0.795345 0.558333 0.047763 0.161111 0.648640 1654.000000 1080.000000
0 3175 0.795042 0.556019 0.047158 0.160185 0.654080 1654.000000 1080.000000
0 3176 0.795042 0.554630 0.045949 0.159259 0.650030 1654.000000 1080.000000
0 3177 0.794438 0.552778 0.045949 0.159259 0.656630 1654.000000 1080.000000
0 3178 0.794438 0.551852 0.045949 0.159259 0.649280 1654.000000 1080.000000
0 3179 0.794135 0.550926 0.046554 0.159259 0.655180 1654.000000 1080.000000
0 3180 0.793833 0.550000 0.045949 0.159259 0.653550 1654.000000 1080.000000
0 3181 0.793531 0.549074 0.046554 0.159259 0.651990 1654.000000 1080.000000
0 3182 0.793531 0.547222 0.046554 0.159259 0.647700 1654.000000 1080.000000
0 3183 0.792926 0.546296 0.046554 0.159259 0.652290 1654.000000 1080.000000
0 3184 0.792926 0.545370 0.046554 0.159259 0.649920 1654.000000 1080.000000
0 3185 0.792624 0.544444 0.047158 0.159259 0.647760 1654.000000 1080.000000
0 3186 0.792322 0.543519 0.046554 0.159259 0.653620 1654.000000 1080.000000
0 3187 0.792019 0.541667 0.047158 0.159259 0.664010 1654.000000 1080.000000
0 3188 0.792019 0.540741 0.047158 0.159259 0.657060 1654.000000 1080.000000
0 3189 0.791415 0.539815 0.047158 0.159259 0.666570 1654.000000 1080.000000
0 3190 0.791415 0.538889 0.047158 0.159259 0.670520 1654.000000 1080.000000
0 3191 0.791415 0.537963 0.047158 0.159259 0.664370 1654.000000 1080.000000
0 3192 0.790206 0.536111 0.047158 0.159259 0.695030 1654.000000 1080.000000
0 3193 0.788996 0.534259 0.047158 0.159259 0.725690 1654.000000 1080.000000
0 3194 0.788089 0.533333 0.046554 0.159259 0.734400 1654.000000 1080.000000
0 3195 0.786880 0.531481 0.046554 0.159259 0.765530 1654.000000 1080.000000
0 3196 0.785671 0.530556 0.046554 0.159259 0.792800 1654.000000 1080.000000
0 3197 0.784764 0.528704 0.045949 0.159259 0.818330 1654.000000 1080.000000
0 3198 0.783555 0.526852 0.045949 0.159259 0.833120 1654.000000 1080.000000
0 3199 0.782346 0.525926 0.045949 0.159259 0.844610 1654.000000 1080.000000
0 3200 0.781439 0.524074 0.045345 0.159259 0.846060 1654.000000 1080.000000
0 3201 0.780230 0.523148 0.045345 0.159259 0.849860 1654.000000 1080.000000
0 3202 0.779021 0.521296 0.045345 0.159259 0.853970 1654.000000 1080.000000
0 3203 0.778114 0.519444 0.044740 0.159259 0.859420 1654.000000 1080.000000
0 3204 0.776904 0.518519 0.044740 0.159259 0.864050 1654.000000 1080.000000
0 3205 0.775695 0.516667 0.044740 0.159259 0.868980 1654.000000 1080.000000
0 3206 0.774788 0.515741 0.044135 0.159259 0.872520 1654.000000 1080.000000
0 3207 0.774184 0.514815 0.044135 0.159259 0.874080 1654.000000 1080.000000
0 3208 0.773579 0.514352 0.044135 0.160185 0.863310 1654.000000 1080.000000
0 3209 0.772975 0.514352 0.044135 0.160185 0.858340 1654.000000 1080.000000
0 3210 0.772370 0.513889 0.044135 0.161111 0.849650 1654.000000 1080.000000
0 3211 0.771765 0.513889 0.044135 0.161111 0.844560 1654.000000 1080.000000
0 3212 0.771161 0.512963 0.044135 0.161111 0.837220 1654.000000 1080.000000
0 3213 0.770556 0.512500 0.044135 0.162037 0.830310 1654.000000 1080.000000
0 3214 0.769952 0.512500 0.044135 0.162037 0.819950 1654.000000 1080.000000
0 3215 0.769347 0.512037 0.044135 0.162963 0.815620 1654.000000 1080.000000
0 3216 0.768742 0.512037 0.044135 0.162963 0.804860 1654.000000 1080.000000
0 3217 0.768138 0.511111 0.044135 0.162963 0.802110 1654.000000 1080.000000
0 3218 0.767533 0.510648 0.044135 0.163889 0.797750 1654.000000 1080.000000
0 3219 0.766929 0.510648 0.044135 0.163889 0.792290 1654.000000 1080.000000
0 3220 0.766324 0.510185 0.044135 0.164815 0.796540 1654.000000 1080.000000
0 3221 0.766324 0.510185 0.044135 0.164815 0.793900 1654.000000 1080.000000
0 3222 0.764813 0.508333 0.044740 0.164815 0.808270 1654.000000 1080.000000
0 3223 0.763603 0.506481 0.045949 0.164815 0.821230 1654.000000 1080.000000
0 3224 0.762092 0.505556 0.046554 0.164815 0.834550 1654.000000 1080.000000
0 3225 0.760883 0.503704 0.047763 0.164815 0.846090 1654.000000 1080.000000
0 3226 0.759371 0.502315 0.048368 0.165741 0.855560 1654.000000 1080.000000
0 3227 0.758464 0.500926 0.048972 0.164815 0.865440 1654.000000 1080.000000
0 3228 0.756953 0.499537 0.049577 0.165741 0.876840 1654.000000 1080.000000
0 3229 0.755744 0.498148 0.050786 0.164815 0.888200 1654.000000 1080.000000
0 3230 0.754232 0.496296 0.051391 0.164815 0.898790 1654.000000 1080.000000
0 3231 0.753023 0.494907 0.052600 0.165741 0.910920 1654.000000 1080.000000
0 3232 0.751814 0.493519 0.052600 0.164815 0.920010 1654.000000 1080.000000
0 3233 0.750605 0.492130 0.053809 0.165741 0.931790 1654.000000 1080.000000
0 3234 0.749093 0.490278 0.054414 0.165741 0.937730 1654.000000 1080.000000
0 3235 0.747884 0.489352 0.055623 0.165741 0.938350 1654.000000 1080.000000
0 3236 0.746372 0.487500 0.056227 0.165741 0.944090 1654.000000 1080.000000
0 3237 0.745466 0.486574 0.056832 0.165741 0.944040 1654.000000 1080.000000
0 3238 0.744256 0.485185 0.055623 0.164815 0.952960 1654.000000 1080.000000
0 3239 0.743349 0.484259 0.053809 0.164815 0.962200 1654.000000 1080.000000
0 3240 0.742140 0.483333 0.052600 0.162963 0.972070 1654.000000 1080.000000
0 3241 0.741536 0.482407 0.051391 0.162963 0.976880 1654.000000 1080.000000
0 3242 0.740326 0.481481 0.050181 0.161111 0.988030 1654.000000 1080.000000
0 3243 0.739420 0.480556 0.048368 0.161111 1.000000 1654.000000 1080.000000
0 3244 0.738513 0.479167 0.047763 0.160185 1.000000 1654.000000 1080.000000
0 3245 0.737606 0.478704 0.045949 0.159259 1.000000 1654.000000 1080.000000
0 3246 0.736397 0.477315 0.044740 0.158333 1.000000 1654.000000 1080.000000
0 3247 0.735792 0.476852 0.043531 0.157407 1.000000 1654.000000 1080.000000
0 3248 0.735187 0.475926 0.043531 0.157407 1.000000 1654.000000 1080.000000
0 3249 0.734583 0.475000 0.043531 0.157407 1.000000 1654.000000 1080.000000
0 3250 0.734583 0.474074 0.043531 0.157407 1.000000 1654.000000 1080.000000
0 3251 0.733978 0.474074 0.043531 0.157407 1.000000 1654.000000 1080.000000
0 3252 0.733978 0.473148 0.043531 0.157407 1.000000 1654.000000 1080.000000
0 3253 0.733374 0.472222 0.043531 0.157407 1.000000 1654.000000 1080.000000
0 3254 0.733374 0.471296 0.043531 0.157407 1.000000 1654.000000 1080.000000
0 3255 0.732769 0.471296 0.043531 0.157407 1.000000 1654.000000 1080.000000
0 3256 0.732769 0.470370 0.043531 0.157407 1.000000 1654.000000 1080.000000
0 3257 0.732164 0.469444 0.043531 0.157407 1.000000 1654.000000 1080.000000
0 3258 0.732164 0.468519 0.043531 0.157407 1.000000 1654.000000 1080.000000
0 3259 0.731560 0.468519 0.043531 0.157407 1.000000 1654.000000 1080.000000
0 3260 0.731560 0.467593 0.043531 0.157407 1.000000 1654.000000 1080.000000
0 3261 0.730955 0.466667 0.043531 0.157407 1.000000 1654.000000 1080.000000
0 3262 0.730955 0.466667 0.043531 0.157407 1.000000 1654.000000 1080.000000
0 3263 0.730351 0.463889 0.043531 0.157407 1.000000 1654.000000 1080.000000
0 3264 0.730048 0.462037 0.042926 0.157407 1.000000 1654.000000 1080.000000
0 3265 0.730048 0.460185 0.042926 0.157407 1.000000 1654.000000 1080.000000
0 3266 0.729746 0.457870 0.042322 0.156481 1.000000 1654.000000 1080.000000
0 3267 0.729141 0.455556 0.042322 0.157407 1.000000 1654.000000 1080.000000
0 3268 0.729141 0.453704 0.042322 0.157407 1.000000 1654.000000 1080.000000
0 3269 0.728839 0.451852 0.041717 0.157407 1.000000 1654.000000 1080.000000
0 3270 0.728537 0.449537 0.041112 0.156481 1.000000 1654.000000 1080.000000
0 3271 0.728537 0.447685 0.041112 0.156481 1.000000 1654.000000 1080.000000
0 3272 0.727932 0.445370 0.041112 0.157407 1.000000 1654.000000 1080.000000
0 3273 0.727932 0.443519 0.041112 0.157407 1.000000 1654.000000 1080.000000
0 3274 0.727630 0.441204 0.040508 0.156481 1.000000 1654.000000 1080.000000
0 3275 0.727328 0.439352 0.039903 0.156481 1.000000 1654.000000 1080.000000
0 3276 0.727328 0.437500 0.039903 0.156481 1.000000 1654.000000 1080.000000
0 3277 0.726723 0.435185 0.039903 0.157407 1.000000 1654.000000 1080.000000
0 3278 0.726421 0.432870 0.039299 0.156481 1.000000 1654.000000 1080.000000
0 3279 0.726421 0.431019 0.039299 0.156481 1.000000 1654.000000 1080.000000
0 3280 0.726119 0.429167 0.038694 0.156481 1.000000 1654.000000 1080.000000
0 3281 0.726119 0.427315 0.038694 0.156481 0.969230 1654.000000 1080.000000
0 3282 0.725514 0.426389 0.038694 0.156481 0.975930 1654.000000 1080.000000
0 3283 0.724909 0.426389 0.038694 0.156481 0.939820 1654.000000 1080.000000
0 3284 0.724305 0.425463 0.038694 0.156481 0.916380 1654.000000 1080.000000
0 3285 0.723700 0.425463 0.038694 0.156481 0.880540 1654.000000 1080.000000
0 3286 0.723096 0.425463 0.038694 0.156481 0.844710 1654.000000 1080.000000
0 3287 0.722491 0.424537 0.038694 0.156481 0.832760 1654.000000 1080.000000
0 3288 0.721886 0.424537 0.038694 0.156481 0.807420 1654.000000 1080.000000
0 3289 0.721282 0.423611 0.038694 0.156481 0.783350 1654.000000 1080.000000
0 3290 0.720677 0.423611 0.038694 0.156481 0.769590 1654.000000 1080.000000
0 3291 0.720073 0.423611 0.038694 0.156481 0.743440 1654.000000 1080.000000
0 3292 0.719468 0.422685 0.038694 0.156481 0.719000 1654.000000 1080.000000
0 3293 0.718863 0.422685 0.038694 0.156481 0.694570 1654.000000 1080.000000
0 3294 0.718863 0.422685 0.038694 0.156481 0.704620 1654.000000 1080.000000
0 3295 0.718259 0.421759 0.038694 0.156481 0.692310 1654.000000 1080.000000
0 3296 0.717654 0.421759 0.038694 0.156481 0.690050 1654.000000 1080.000000
0 3297 0.717050 0.421759 0.038694 0.156481 0.675290 1654.000000 1080.000000
0 3298 0.716747 0.420833 0.039299 0.156481 0.667910 1654.000000 1080.000000
0 3299 0.716143 0.420833 0.039299 0.156481 0.665510 1654.000000 1080.000000
0 3300 0.715538 0.420833 0.039299 0.156481 0.650620 1654.000000 1080.000000
0 3301 0.715538 0.420833 0.039299 0.156481 0.660700 1654.000000 1080.000000
0 3302 0.714933 0.418981 0.039299 0.156481 0.650620 1654.000000 1080.000000
0 3303 0.714329 0.418056 0.039299 0.156481 0.640730 1654.000000 1080.000000
0 3304 0.713724 0.417130 0.039299 0.156481 0.631020 1654.000000 1080.000000
0 3305 0.713724 0.416204 0.039299 0.156481 0.633690 1654.000000 1080.000000
0 3306 0.713120 0.414352 0.039299 0.156481 0.614970 1654.000000 1080.000000
0 3307 0.712515 0.413426 0.039299 0.156481 0.605880 1654.000000 1080.000000
0 3308 0.712515 0.412500 0.039299 0.156481 0.565240 1654.000000 1080.000000
0 3309 0.711911 0.411574 0.039299 0.156481 0.544920 1654.000000 1080.000000
0 3310 0.711306 0.410648 0.039299 0.156481 0.521930 1654.000000 1080.000000
0 3311 0.710701 0.408796 0.039299 0.156481 0.503300 1654.000000 1080.000000
0 3312 0.710701 0.407870 0.039299 0.156481 0.481460 1654.000000 1080.000000
0 3313 0.710097 0.406944 0.039299 0.156481 0.516310 1654.000000 1080.000000
0 3314 0.709492 0.406019 0.039299 0.156481 0.550800 1654.000000 1080.000000
0 3315 0.709492 0.405093 0.039299 0.156481 0.546880 1654.000000 1080.000000
