0 2535 0.677146 0.976852 0.026602 0.042593 0.622220 1654.000000 1080.000000
0 2536 0.676844 0.975000 0.027207 0.046296 0.608700 1654.000000 1080.000000
0 2537 0.676542 0.973148 0.027811 0.050000 0.574470 1654.000000 1080.000000
0 2538 0.676542 0.971759 0.029021 0.052778 0.571430 1654.000000 1080.000000
0 2539 0.676239 0.970370 0.029625 0.057407 0.560000 1654.000000 1080.000000
0 2540 0.675937 0.968981 0.030230 0.060185 0.549020 1654.000000 1080.000000
0 2541 0.676239 0.967130 0.030834 0.063889 0.557690 1654.000000 1080.000000
0 2542 0.675937 0.965741 0.031439 0.066667 0.547170 1654.000000 1080.000000
0 2543 0.675635 0.964352 0.032044 0.071296 0.518520 1654.000000 1080.000000
0 2544 0.675635 0.962963 0.033253 0.074074 0.535710 1654.000000 1080.000000
0 2545 0.675333 0.961111 0.033857 0.077778 0.526320 1654.000000 1080.000000
0 2546 0.675635 0.960185 0.034462 0.081481 0.528480 1654.000000 1080.000000
0 2547 0.675333 0.958796 0.033857 0.084259 0.520590 1654.000000 1080.000000
0 2548 0.675333 0.957407 0.033857 0.087037 0.538130 1654.000000 1080.000000
0 2549 0.675030 0.956019 0.033253 0.089815 0.530250 1654.000000 1080.000000
0 2550 0.675030 0.954630 0.033253 0.092593 0.530410 1654.000000 1080.000000
0 2551 0.675030 0.953241 0.033253 0.095370 0.530560 1654.000000 1080.000000
0 2552 0.674728 0.951852 0.032648 0.098148 0.522340 1654.000000 1080.000000
0 2553 0.674728 0.950463 0.032648 0.100926 0.540500 1654.000000 1080.000000
0 2554 0.674728 0.949074 0.032648 0.103704 0.540630 1654.000000 1080.000000
0 2555 0.674426 0.947685 0.032044 0.106481 0.495690 1654.000000 1080.000000
0 2556 0.674426 0.946296 0.032044 0.109259 0.495800 1654.000000 1080.000000
0 2557 0.674426 0.944907 0.032044 0.112037 0.495900 1654.000000 1080.000000
0 2558 0.674123 0.943519 0.031439 0.114815 0.973280 1654.000000 1080.000000
0 2559 0.674123 0.942130 0.031439 0.117593 0.973470 1654.000000 1080.000000
0 2560 0.674123 0.940741 0.031439 0.120370 0.973640 1654.000000 1080.000000
0 2561 0.674123 0.939352 0.031439 0.123148 0.973810 1654.000000 1080.000000
0 2562 0.674123 0.937963 0.031439 0.125926 0.973970 1654.000000 1080.000000
0 2563 0.674123 0.936574 0.031439 0.128704 0.992860 1654.000000 1080.000000
0 2564 0.674123 0.935185 0.031439 0.131481 0.974270 1654.000000 1080.000000
0 2565 0.674123 0.933796 0.031439 0.134259 0.974410 1654.000000 1080.000000
0 2566 0.674123 0.932407 0.031439 0.137037 0.974550 1654.000000 1080.000000
0 2567 0.674123 0.930093 0.031439 0.137963 0.396230 1654.000000 1080.000000
0 2568 0.674728 0.928241 0.031439 0.137963 0.377360 1654.000000 1080.000000
0 2569 0.674728 0.926389 0.031439 0.137963 0.358490 1654.000000 1080.000000
0 2570 0.675333 0.924537 0.031439 0.137963 0.377360 1654.000000 1080.000000
0 2571 0.675635 0.922685 0.032044 0.137963 0.370370 1654.000000 1080.000000
0 2572 0.675937 0.920833 0.031439 0.137963 0.396230 1654.000000 1080.000000
0 2573 0.676239 0.918981 0.032044 0.137963 0.388890 1654.000000 1080.000000
0 2574 0.676844 0.917130 0.032044 0.137963 0.388890 1654.000000 1080.000000
0 2575 0.676844 0.915278 0.032044 0.137963 0.407410 1654.000000 1080.000000
0 2576 0.677449 0.913426 0.032044 0.137963 0.407410 1654.000000 1080.000000
0 2577 0.678053 0.911574 0.032044 0.137963 0.407410 1654.000000 1080.000000
0 2578 0.677449 0.908796 0.032044 0.137963 0.425930 1654.000000 1080.000000
0 2579 0.677449 0.906019 0.032044 0.137963 0.425930 1654.000000 1080.000000
0 2580 0.677146 0.904167 0.031439 0.137963 0.433960 1654.000000 1080.000000
0 2581 0.677146 0.901389 0.031439 0.137963 0.433960 1654.000000 1080.000000
0 2582 0.676844 0.899074 0.030834 0.137037 0.423080 1654.000000 1080.000000
0 2583 0.676844 0.896759 0.030834 0.137963 0.403850 1654.000000 1080.000000
0 2584 0.676542 0.894444 0.030230 0.137037 0.392160 1654.000000 1080.000000
0 2585 0.676542 0.891667 0.030230 0.137037 0.372550 1654.000000 1080.000000
0 2586 0.676542 0.889815 0.030230 0.137037 0.392160 1654.000000 1080.000000
0 2587 0.675937 0.887500 0.030230 0.136111 0.372550 1654.000000 1080.000000
0 2588 0.675333 0.885648 0.030230 0.136111 0.352940 1654.000000 1080.000000
0 2589 0.675333 0.883796 0.030230 0.136111 0.352940 1654.000000 1080.000000
0 2590 0.674728 0.881944 0.030230 0.134259 0.313730 1654.000000 1080.000000
0 2591 0.674426 0.880093 0.029625 0.134259 0.300000 1654.000000 1080.000000
0 2592 0.674123 0.878241 0.030230 0.134259 0.294120 1654.000000 1080.000000
0 2593 0.673821 0.876389 0.029625 0.132407 0.280000 1654.000000 1080.000000
0 2594 0.673519 0.874537 0.030230 0.132407 0.254900 1654.000000 1080.000000
0 2595 0.673216 0.872685 0.029625 0.132407 0.240000 1654.000000 1080.000000
0 2596 0.672612 0.870833 0.029625 0.130556 0.220000 1654.000000 1080.000000
0 2597 0.672612 0.868981 0.029625 0.130556 0.220000 1654.000000 1080.000000
0 2598 0.672007 0.867130 0.029625 0.130556 0.180000 1654.000000 1080.000000
0 2599 0.672007 0.865741 0.029625 0.129630 0.180000 1654.000000 1080.000000
0 2600 0.672007 0.864352 0.029625 0.130556 0.180000 1654.000000 1080.000000
0 2601 0.672007 0.862963 0.029625 0.131481 0.160000 1654.000000 1080.000000
0 2602 0.672007 0.862037 0.029625 0.131481 0.180000 1654.000000 1080.000000
0 2603 0.672007 0.860648 0.029625 0.132407 0.180000 1654.000000 1080.000000
0 2604 0.672007 0.859722 0.029625 0.132407 0.200000 1654.000000 1080.000000
0 2605 0.672007 0.858333 0.029625 0.133333 0.200000 1654.000000 1080.000000
0 2606 0.672007 0.857407 0.029625 0.133333 0.200000 1654.000000 1080.000000
0 2607 0.672007 0.856019 0.029625 0.134259 0.220000 1654.000000 1080.000000
0 2608 0.672007 0.855556 0.029625 0.135185 0.220000 1654.000000 1080.000000
0 2609 0.672007 0.852778 0.029625 0.135185 0.220000 1654.000000 1080.000000
0 2610 0.672007 0.850926 0.029625 0.135185 0.240000 1654.000000 1080.000000
0 2611 0.672007 0.849074 0.029625 0.135185 0.240000 1654.000000 1080.000000
0 2612 0.672007 0.847222 0.029625 0.135185 0.240000 1654.000000 1080.000000
0 2613 0.672007 0.844444 0.029625 0.135185 0.240000 1654.000000 1080.000000
0 2614 0.672007 0.842593 0.029625 0.135185 0.240000 1654.000000 1080.000000
0 2615 0.672007 0.840741 0.029625 0.135185 0.240000 1654.000000 1080.000000
0 2616 0.672007 0.838889 0.029625 0.135185 0.240000 1654.000000 1080.000000
0 2617 0.672007 0.836111 0.029625 0.135185 0.240000 1654.000000 1080.000000
0 2618 0.672007 0.834259 0.029625 0.135185 0.240000 1654.000000 1080.000000
0 2619 0.672007 0.832407 0.029625 0.135185 0.240000 1654.000000 1080.000000
0 2620 0.672007 0.830556 0.029625 0.135185 0.240000 1654.000000 1080.000000
0 2621 0.671705 0.827778 0.030230 0.135185 0.235290 1654.000000 1080.000000
0 2622 0.671705 0.825926 0.030230 0.135185 0.235290 1654.000000 1080.000000
0 2623 0.671705 0.823611 0.030230 0.134259 0.235290 1654.000000 1080.000000
0 2624 0.671705 0.821759 0.030230 0.134259 0.235290 1654.000000 1080.000000
0 2625 0.671705 0.819444 0.030230 0.133333 0.235290 1654.000000 1080.000000
0 2626 0.671705 0.817130 0.030230 0.134259 0.235290 1654.000000 1080.000000
0 2627 0.671705 0.814815 0.030230 0.133333 0.235290 1654.000000 1080.000000
0 2628 0.671705 0.812963 0.030230 0.133333 0.235290 1654.000000 1080.000000
0 2629 0.671705 0.810648 0.030230 0.132407 0.215690 1654.000000 1080.000000
0 2630 0.671705 0.808796 0.030230 0.132407 0.215690 1654.000000 1080.000000
0 2631 0.671705 0.806944 0.030230 0.132407 0.215690 1654.000000 1080.000000
0 2632 0.672310 0.805093 0.030230 0.132407 0.235290 1654.000000 1080.000000
0 2633 0.672914 0.803241 0.030230 0.132407 0.254900 1654.000000 1080.000000
0 2634 0.673519 0.801389 0.030230 0.132407 0.274510 1654.000000 1080.000000
0 2635 0.674123 0.800463 0.030230 0.132407 0.274510 1654.000000 1080.000000
0 2636 0.674728 0.798611 0.030230 0.132407 0.294120 1654.000000 1080.000000
0 2637 0.675333 0.796759 0.030230 0.132407 0.313730 1654.000000 1080.000000
0 2638 0.675937 0.794907 0.030230 0.132407 0.333330 1654.000000 1080.000000
0 2639 0.676542 0.793981 0.030230 0.132407 0.333330 1654.000000 1080.000000
0 2640 0.676542 0.793056 0.030230 0.132407 0.333330 1654.000000 1080.000000
0 2641 0.677146 0.792130 0.030230 0.132407 0.352940 1654.000000 1080.000000
0 2642 0.677751 0.791204 0.030230 0.132407 0.352940 1654.000000 1080.000000
0 2643 0.678356 0.790278 0.030230 0.132407 0.313730 1654.000000 1080.000000
0 2644 0.678960 0.789352 0.030230 0.132407 0.313730 1654.000000 1080.000000
0 2645 0.679565 0.788426 0.030230 0.132407 0.294120 1654.000000 1080.000000
0 2646 0.680169 0.787500 0.030230 0.132407 0.254900 1654.000000 1080.000000
0 2647 0.680774 0.786574 0.030230 0.132407 0.254900 1654.000000 1080.000000
0 2648 0.681378 0.785648 0.030230 0.132407 0.235290 1654.000000 1080.000000
0 2649 0.681983 0.785648 0.030230 0.132407 0.211190 1654.000000 1080.000000
0 2650 0.681378 0.784259 0.030230 0.131481 0.190590 1654.000000 1080.000000
0 2651 0.681378 0.782870 0.030230 0.130556 0.189170 1654.000000 1080.000000
0 2652 0.680774 0.781481 0.030230 0.129630 0.168960 1654.000000 1080.000000
0 2653 0.680774 0.780093 0.030230 0.128704 0.168910 1654.000000 1080.000000
0 2654 0.680169 0.778704 0.030230 0.127778 0.167580 1654.000000 1080.000000
0 2655 0.680169 0.777315 0.030230 0.126852 0.147770 1654.000000 1080.000000
0 2656 0.679565 0.775926 0.030230 0.125926 0.146560 1654.000000 1080.000000
0 2657 0.679565 0.774537 0.030230 0.125000 0.128170 1654.000000 1080.000000
0 2658 0.678960 0.773148 0.030230 0.124074 0.145240 1654.000000 1080.000000
0 2659 0.678960 0.772685 0.030230 0.123148 0.142820 1654.000000 1080.000000
0 2660 0.678356 0.771296 0.030230 0.124074 0.140600 1654.000000 1080.000000
0 2661 0.678356 0.770370 0.030230 0.124074 0.155560 1654.000000 1080.000000
0 2662 0.678053 0.768981 0.029625 0.125000 0.175000 1654.000000 1080.000000
0 2663 0.678053 0.768056 0.029625 0.125000 0.172060 1654.000000 1080.000000
0 2664 0.678053 0.767130 0.029625 0.125000 0.186030 1654.000000 1080.000000
0 2665 0.677751 0.765741 0.029021 0.125926 0.203780 1654.000000 1080.000000
0 2666 0.677751 0.764815 0.029021 0.125926 0.200210 1654.000000 1080.000000
0 2667 0.677751 0.764352 0.029021 0.126852 0.213400 1654.000000 1080.000000
0 2668 0.677751 0.762500 0.029021 0.126852 0.211480 1654.000000 1080.000000
0 2669 0.677751 0.761574 0.029021 0.126852 0.223600 1654.000000 1080.000000
0 2670 0.677751 0.759722 0.029021 0.126852 0.223600 1654.000000 1080.000000
0 2671 0.677751 0.758796 0.029021 0.126852 0.219460 1654.000000 1080.000000
0 2672 0.677751 0.756944 0.029021 0.126852 0.219460 1654.000000 1080.000000
0 2673 0.677751 0.756019 0.029021 0.126852 0.215320 1654.000000 1080.000000
0 2674 0.677751 0.754167 0.029021 0.126852 0.215320 1654.000000 1080.000000
0 2675 0.677751 0.753241 0.029021 0.126852 0.226260 1654.000000 1080.000000
0 2676 0.677751 0.751389 0.029021 0.126852 0.209110 1654.000000 1080.000000
0 2677 0.677751 0.750463 0.029021 0.126852 0.207040 1654.000000 1080.000000
0 2678 0.677751 0.748611 0.029021 0.126852 0.219610 1654.000000 1080.000000
0 2679 0.677751 0.746759 0.029021 0.126852 0.204970 1654.000000 1080.000000
0 2680 0.677751 0.744907 0.029021 0.126852 0.202900 1654.000000 1080.000000
0 2681 0.677751 0.743056 0.029021 0.126852 0.202900 1654.000000 1080.000000
0 2682 0.677751 0.742130 0.029021 0.126852 0.200830 1654.000000 1080.000000
0 2683 0.677751 0.740278 0.029021 0.126852 0.186480 1654.000000 1080.000000
0 2684 0.677751 0.738426 0.029021 0.126852 0.157790 1654.000000 1080.000000
0 2685 0.677751 0.736574 0.029021 0.126852 0.143450 1654.000000 1080.000000
0 2686 0.677751 0.734722 0.029021 0.126852 0.143450 1654.000000 1080.000000
0 2687 0.677751 0.733796 0.029021 0.126852 0.113580 1654.000000 1080.000000
0 2688 0.677751 0.731944 0.029021 0.126852 0.099379 1654.000000 1080.000000
0 2689 0.677751 0.731019 0.029021 0.126852 0.084295 1654.000000 1080.000000
0 2690 0.677751 0.730093 0.029021 0.126852 0.069506 1654.000000 1080.000000
0 2691 0.677751 0.728241 0.029021 0.126852 0.055605 1654.000000 1080.000000
0 2692 0.677751 0.727315 0.029021 0.126852 0.041260 1654.000000 1080.000000
0 2693 0.677751 0.726389 0.029021 0.126852 0.027211 1654.000000 1080.000000
0 2694 0.677751 0.724537 0.029021 0.126852 0.000000 1654.000000 1080.000000
0 2695 0.677751 0.723611 0.029021 0.126852 0.000000 1654.000000 1080.000000
0 2696 0.677751 0.722685 0.029021 0.126852 0.000000 1654.000000 1080.000000
0 2697 0.677751 0.721759 0.029021 0.126852 0.000000 1654.000000 1080.000000
0 2698 0.677751 0.719444 0.029021 0.125926 0.000000 1654.000000 1080.000000
0 2699 0.677751 0.717593 0.029021 0.125926 0.000000 1654.000000 1080.000000
0 2700 0.677751 0.715278 0.029021 0.125000 0.000000 1654.000000 1080.000000
0 2701 0.677751 0.713426 0.029021 0.125000 0.000000 1654.000000 1080.000000
0 2702 0.677449 0.711574 0.028416 0.125000 0.000000 1654.000000 1080.000000
0 2703 0.677449 0.710185 0.028416 0.124074 0.000000 1654.000000 1080.000000
0 2704 0.677449 0.709259 0.028416 0.124074 0.000000 1654.000000 1080.000000
0 2705 0.677449 0.707407 0.028416 0.124074 0.000000 1654.000000 1080.000000
0 2706 0.677449 0.706019 0.028416 0.123148 0.000000 1654.000000 1080.000000
0 2707 0.677449 0.705093 0.028416 0.123148 0.012904 1654.000000 1080.000000
0 2708 0.677146 0.703704 0.027811 0.122222 0.039354 1654.000000 1080.000000
0 2709 0.677146 0.701852 0.027811 0.122222 0.039354 1654.000000 1080.000000
0 2710 0.677146 0.700926 0.027811 0.122222 0.038394 1654.000000 1080.000000
0 2711 0.677146 0.699537 0.027811 0.121296 0.063669 1654.000000 1080.000000
0 2712 0.677146 0.698148 0.027811 0.120370 0.063343 1654.000000 1080.000000
0 2713 0.677146 0.696759 0.027811 0.121296 0.075435 1654.000000 1080.000000
0 2714 0.677146 0.695370 0.027811 0.120370 0.061718 1654.000000 1080.000000
0 2715 0.676844 0.693981 0.027207 0.119444 0.062709 1654.000000 1080.000000
0 2716 0.676844 0.693056 0.027207 0.119444 0.049498 1654.000000 1080.000000
0 2717 0.676844 0.691204 0.027207 0.119444 0.049498 1654.000000 1080.000000
0 2718 0.676844 0.689815 0.027207 0.118519 0.036400 1654.000000 1080.000000
0 2719 0.676844 0.688889 0.027207 0.118519 0.035895 1654.000000 1080.000000
0 2720 0.676844 0.687500 0.027207 0.117593 0.023777 1654.000000 1080.000000
0 2721 0.676844 0.685648 0.027207 0.117593 0.023777 1654.000000 1080.000000
0 2722 0.676542 0.684722 0.026602 0.117593 0.011979 1654.000000 1080.000000
0 2723 0.676542 0.683333 0.026602 0.116667 0.000000 1654.000000 1080.000000
0 2724 0.676542 0.681944 0.026602 0.115741 0.000000 1654.000000 1080.000000
0 2725 0.676542 0.680556 0.026602 0.116667 0.000000 1654.000000 1080.000000
0 2726 0.676542 0.679167 0.026602 0.115741 0.000000 1654.000000 1080.000000
0 2727 0.676542 0.677778 0.026602 0.114815 0.000000 1654.000000 1080.000000
0 2728 0.676542 0.676852 0.026602 0.114815 0.000000 1654.000000 1080.000000
0 2729 0.676239 0.675463 0.027207 0.115741 0.000000 1654.000000 1080.000000
0 2730 0.676239 0.674074 0.027207 0.116667 0.000000 1654.000000 1080.000000
0 2731 0.676239 0.673148 0.027207 0.116667 0.000000 1654.000000 1080.000000
0 2732 0.676542 0.671759 0.027811 0.117593 0.000000 1654.000000 1080.000000
0 2733 0.676542 0.670833 0.027811 0.117593 0.000000 1654.000000 1080.000000
0 2734 0.676542 0.669444 0.027811 0.118519 0.000000 1654.000000 1080.000000
0 2735 0.676542 0.668056 0.027811 0.119444 0.000000 1654.000000 1080.000000
0 2736 0.676542 0.667130 0.029021 0.119444 0.000000 1654.000000 1080.000000
0 2737 0.676542 0.665741 0.029021 0.120370 0.000000 1654.000000 1080.000000
0 2738 0.676542 0.664815 0.029021 0.120370 0.000000 1654.000000 1080.000000
0 2739 0.676542 0.663426 0.029021 0.121296 0.000000 1654.000000 1080.000000
0 2740 0.676844 0.662037 0.029625 0.122222 0.000000 1654.000000 1080.000000
0 2741 0.676844 0.661111 0.029625 0.122222 0.000000 1654.000000 1080.000000
0 2742 0.676844 0.659722 0.029625 0.123148 0.000000 1654.000000 1080.000000
0 2743 0.677146 0.658796 0.030230 0.123148 0.000000 1654.000000 1080.000000
0 2744 0.676542 0.657870 0.030230 0.123148 0.000000 1654.000000 1080.000000
0 2745 0.676542 0.657407 0.030230 0.124074 0.000000 1654.000000 1080.000000
0 2746 0.676239 0.656944 0.029625 0.125000 0.000000 1654.000000 1080.000000
0 2747 0.676239 0.656481 0.029625 0.125926 0.000000 1654.000000 1080.000000
0 2748 0.675635 0.655556 0.029625 0.125926 0.000000 1654.000000 1080.000000
0 2749 0.675635 0.655093 0.029625 0.126852 0.000000 1654.000000 1080.000000
0 2750 0.675333 0.654630 0.029021 0.127778 0.000000 1654.000000 1080.000000
0 2751 0.675333 0.654167 0.029021 0.128704 0.000000 1654.000000 1080.000000
0 2752 0.675333 0.653704 0.029021 0.129630 0.000000 1654.000000 1080.000000
0 2753 0.675333 0.652778 0.029021 0.129630 0.000000 1654.000000 1080.000000
0 2754 0.675333 0.651852 0.029021 0.129630 0.000000 1654.000000 1080.000000
0 2755 0.675333 0.650926 0.029021 0.129630 0.000000 1654.000000 1080.000000
0 2756 0.675333 0.650000 0.029021 0.129630 0.000000 1654.000000 1080.000000
0 2757 0.675333 0.649074 0.029021 0.129630 0.000000 1654.000000 1080.000000
0 2758 0.675333 0.648148 0.029021 0.129630 0.000000 1654.000000 1080.000000
0 2759 0.675333 0.647222 0.029021 0.129630 0.000000 1654.000000 1080.000000
0 2760 0.675333 0.646296 0.029021 0.129630 0.000000 1654.000000 1080.000000
0 2761 0.675333 0.645370 0.029021 0.129630 0.000000 1654.000000 1080.000000
0 2762 0.675333 0.644444 0.029021 0.129630 0.000000 1654.000000 1080.000000
0 2763 0.675333 0.643519 0.029021 0.129630 0.000000 1654.000000 1080.000000
0 2764 0.675333 0.642593 0.029021 0.129630 0.000000 1654.000000 1080.000000
0 2765 0.675333 0.641667 0.029021 0.129630 0.000000 1654.000000 1080.000000
0 2766 0.675333 0.640741 0.029021 0.129630 0.000000 1654.000000 1080.000000
0 2767 0.675333 0.639815 0.029021 0.129630 0.000000 1654.000000 1080.000000
0 2768 0.675333 0.639815 0.029021 0.129630 0.000000 1654.000000 1080.000000
0 2769 0.675333 0.637037 0.029021 0.129630 0.000000 1654.000000 1080.000000
0 2770 0.675333 0.635185 0.029021 0.129630 0.000000 1654.000000 1080.000000
0 2771 0.675937 0.633333 0.029021 0.129630 0.000000 1654.000000 1080.000000
0 2772 0.675937 0.631481 0.029021 0.129630 0.000000 1654.000000 1080.000000
0 2773 0.676542 0.629630 0.029021 0.129630 0.000000 1654.000000 1080.000000
0 2774 0.676542 0.626852 0.029021 0.129630 0.000000 1654.000000 1080.000000
0 2775 0.676542 0.625000 0.029021 0.129630 0.000000 1654.000000 1080.000000
0 2776 0.677146 0.623148 0.029021 0.129630 0.000000 1654.000000 1080.000000
0 2777 0.677146 0.621296 0.029021 0.129630 0.000000 1654.000000 1080.000000
0 2778 0.677751 0.619444 0.029021 0.129630 0.000000 1654.000000 1080.000000
0 2779 0.677751 0.618519 0.029021 0.129630 0.000000 1654.000000 1080.000000
0 2780 0.677751 0.617593 0.029021 0.129630 0.000000 1654.000000 1080.000000
0 2781 0.678053 0.616667 0.029625 0.129630 0.000000 1654.000000 1080.000000
0 2782 0.678356 0.615741 0.029021 0.129630 0.000000 1654.000000 1080.000000
0 2783 0.678356 0.614815 0.029021 0.129630 0.000000 1654.000000 1080.000000
0 2784 0.678658 0.613889 0.029625 0.129630 0.000000 1654.000000 1080.000000
0 2785 0.678960 0.612963 0.029021 0.129630 0.000000 1654.000000 1080.000000
0 2786 0.678960 0.612037 0.029021 0.129630 0.000000 1654.000000 1080.000000
0 2787 0.679262 0.611111 0.029625 0.129630 0.000000 1654.000000 1080.000000
0 2788 0.679565 0.611111 0.029021 0.129630 0.000000 1654.000000 1080.000000
0 2789 0.679867 0.610185 0.029625 0.129630 0.000000 1654.000000 1080.000000
0 2790 0.679867 0.609259 0.029625 0.129630 0.000000 1654.000000 1080.000000
0 2791 0.679867 0.608333 0.029625 0.129630 0.000000 1654.000000 1080.000000
0 2792 0.680472 0.607407 0.029625 0.129630 0.000000 1654.000000 1080.000000
0 2793 0.680472 0.606481 0.029625 0.129630 0.000000 1654.000000 1080.000000
0 2794 0.680472 0.605556 0.029625 0.129630 0.000000 1654.000000 1080.000000
0 2795 0.681076 0.604630 0.029625 0.129630 0.000000 1654.000000 1080.000000
0 2796 0.681076 0.603704 0.029625 0.129630 0.000000 1654.000000 1080.000000
0 2797 0.681076 0.602778 0.029625 0.129630 0.000000 1654.000000 1080.000000
0 2798 0.681681 0.602778 0.029625 0.129630 0.000000 1654.000000 1080.000000
0 2799 0.681681 0.601852 0.029625 0.129630 0.000000 1654.000000 1080.000000
0 2800 0.681983 0.600926 0.030230 0.129630 0.000000 1654.000000 1080.000000
0 2801 0.681983 0.600000 0.030230 0.129630 0.000000 1654.000000 1080.000000
0 2802 0.682285 0.599074 0.029625 0.129630 0.000000 1654.000000 1080.000000
0 2803 0.682588 0.598148 0.030230 0.129630 0.000000 1654.000000 1080.000000
0 2804 0.682588 0.597222 0.030230 0.129630 0.000000 1654.000000 1080.000000
0 2805 0.682890 0.596296 0.029625 0.129630 0.000000 1654.000000 1080.000000
0 2806 0.683192 0.595370 0.030230 0.129630 0.000000 1654.000000 1080.000000
0 2807 0.683192 0.594444 0.030230 0.129630 0.000000 1654.000000 1080.000000
0 2808 0.683797 0.594444 0.030230 0.129630 0.000000 1654.000000 1080.000000
0 2809 0.683797 0.593519 0.030230 0.129630 0.000000 1654.000000 1080.000000
0 2810 0.683797 0.593519 0.030230 0.129630 0.000000 1654.000000 1080.000000
0 2811 0.683797 0.593519 0.030230 0.129630 0.000000 1654.000000 1080.000000
0 2812 0.683797 0.593519 0.030230 0.129630 0.000000 1654.000000 1080.000000
0 2813 0.683797 0.593519 0.030230 0.129630 0.000000 1654.000000 1080.000000
0 2814 0.683797 0.593519 0.030230 0.129630 0.000000 1654.000000 1080.000000
0 2815 0.683797 0.593519 0.030230 0.129630 0.000000 1654.000000 1080.000000
0 2816 0.683797 0.593519 0.030230 0.129630 0.000000 1654.000000 1080.000000
0 2817 0.683797 0.592593 0.030230 0.129630 0.000000 1654.000000 1080.000000
0 2818 0.683797 0.592593 0.030230 0.129630 0.000000 1654.000000 1080.000000
0 2819 0.683797 0.592593 0.030230 0.129630 0.000000 1654.000000 1080.000000
0 2820 0.683797 0.592593 0.030230 0.129630 0.000000 1654.000000 1080.000000
0 2821 0.683797 0.592593 0.030230 0.129630 0.000000 1654.000000 1080.000000
0 2822 0.683797 0.592593 0.030230 0.129630 0.019608 1654.000000 1080.000000
0 2823 0.683797 0.592593 0.030230 0.129630 0.039216 1654.000000 1080.000000
0 2824 0.683797 0.592593 0.030230 0.129630 0.039216 1654.000000 1080.000000
0 2825 0.683495 0.591667 0.030834 0.129630 0.057692 1654.000000 1080.000000
0 2826 0.683495 0.590741 0.030834 0.129630 0.096154 1654.000000 1080.000000
0 2827 0.683495 0.590278 0.030834 0.128704 0.134620 1654.000000 1080.000000
0 2828 0.683495 0.589352 0.030834 0.128704 0.153850 1654.000000 1080.000000
0 2829 0.683495 0.588426 0.030834 0.128704 0.192310 1654.000000 1080.000000
0 2830 0.683797 0.587963 0.031439 0.127778 0.226420 1654.000000 1080.000000
0 2831 0.683495 0.587037 0.032044 0.127778 0.240740 1654.000000 1080.000000
0 2832 0.683495 0.586574 0.032044 0.126852 0.259260 1654.000000 1080.000000
0 2833 0.683495 0.585648 0.032044 0.126852 0.296300 1654.000000 1080.000000
0 2834 0.683495 0.584722 0.032044 0.126852 0.333330 1654.000000 1080.000000
0 2835 0.683495 0.584259 0.032044 0.125926 0.351850 1654.000000 1080.000000
0 2836 0.683797 0.583333 0.032648 0.125926 0.381820 1654.000000 1080.000000
0 2837 0.683495 0.582407 0.033253 0.125926 0.410710 1654.000000 1080.000000
0 2838 0.683495 0.581944 0.033253 0.125000 0.425680 1654.000000 1080.000000
0 2839 0.683495 0.581019 0.033253 0.125000 0.457980 1654.000000 1080.000000
0 2840 0.683495 0.580556 0.033253 0.124074 0.457410 1654.000000 1080.000000
0 2841 0.683495 0.579630 0.033253 0.124074 0.471430 1654.000000 1080.000000
0 2842 0.683797 0.578704 0.033857 0.124074 0.515010 1654.000000 1080.000000
0 2843 0.683495 0.578241 0.034462 0.123148 0.518530 1654.000000 1080.000000
0 2844 0.683495 0.577315 0.034462 0.123148 0.535250 1654.000000 1080.000000
0 2845 0.683495 0.576389 0.034462 0.123148 0.531140 1654.000000 1080.000000
0 2846 0.683495 0.575926 0.034462 0.122222 0.547580 1654.000000 1080.000000
0 2847 0.683495 0.575000 0.034462 0.122222 0.559760 1654.000000 1080.000000
0 2848 0.683797 0.574537 0.035067 0.121296 0.566260 1654.000000 1080.000000
0 2849 0.683192 0.572685 0.035067 0.121296 0.561760 1654.000000 1080.000000
0 2850 0.682890 0.571759 0.034462 0.121296 0.566880 1654.000000 1080.000000
0 2851 0.682890 0.570833 0.034462 0.121296 0.578370 1654.000000 1080.000000
0 2852 0.682285 0.569444 0.034462 0.120370 0.561990 1654.000000 1080.000000
0 2853 0.681983 0.568519 0.033857 0.120370 0.567160 1654.000000 1080.000000
0 2854 0.681983 0.567130 0.033857 0.121296 0.578950 1654.000000 1080.000000
0 2855 0.681378 0.566204 0.033857 0.121296 0.885700 1654.000000 1080.000000
0 2856 0.681076 0.564815 0.033253 0.120370 0.884410 1654.000000 1080.000000
0 2857 0.681076 0.563889 0.033253 0.120370 0.876770 1654.000000 1080.000000
0 2858 0.680472 0.562963 0.033253 0.120370 0.866960 1654.000000 1080.000000
0 2859 0.680169 0.561574 0.032648 0.121296 0.859920 1654.000000 1080.000000
0 2860 0.680169 0.560185 0.032648 0.120370 0.857740 1654.000000 1080.000000
0 2861 0.679565 0.559259 0.032648 0.120370 0.848990 1654.000000 1080.000000
0 2862 0.679262 0.558333 0.032044 0.120370 0.839690 1654.000000 1080.000000
0 2863 0.679262 0.557407 0.032044 0.120370 0.832060 1654.000000 1080.000000
0 2864 0.678658 0.554630 0.032044 0.120370 0.789090 1654.000000 1080.000000
0 2865 0.678053 0.552315 0.032044 0.119444 0.798290 1654.000000 1080.000000
0 2866 0.677449 0.550463 0.032044 0.119444 0.812540 1654.000000 1080.000000
0 2867 0.677146 0.548148 0.031439 0.118519 0.817610 1654.000000 1080.000000
0 2868 0.676542 0.545833 0.031439 0.119444 0.816690 1654.000000 1080.000000
0 2869 0.676239 0.543519 0.032044 0.118519 0.806780 1654.000000 1080.000000
0 2870 0.675635 0.541667 0.032044 0.118519 0.821270 1654.000000 1080.000000
0 2871 0.675333 0.539352 0.031439 0.117593 0.826360 1654.000000 1080.000000
0 2872 0.674728 0.536574 0.031439 0.117593 0.526530 1654.000000 1080.000000
0 2873 0.674123 0.534722 0.031439 0.117593 0.542600 1654.000000 1080.000000
0 2874 0.673821 0.532407 0.032044 0.116667 0.538060 1654.000000 1080.000000
0 2875 0.673519 0.530556 0.031439 0.116667 0.564550 1654.000000 1080.000000
0 2876 0.672914 0.527778 0.031439 0.116667 0.586090 1654.000000 1080.000000
0 2877 0.672310 0.525926 0.031439 0.116667 0.589070 1654.000000 1080.000000
0 2878 0.671705 0.523611 0.031439 0.115741 0.575470 1654.000000 1080.000000
0 2879 0.671705 0.521759 0.031439 0.115741 0.596440 1654.000000 1080.000000
0 2880 0.671100 0.519907 0.031439 0.115741 0.595840 1654.000000 1080.000000
0 2881 0.670496 0.518056 0.031439 0.115741 0.594640 1654.000000 1080.000000
0 2882 0.670496 0.516204 0.031439 0.115741 0.616350 1654.000000 1080.000000
0 2883 0.669891 0.514352 0.031439 0.115741 0.616350 1654.000000 1080.000000
0 2884 0.669287 0.512500 0.031439 0.115741 0.603170 1654.000000 1080.000000
0 2885 0.669287 0.510648 0.031439 0.115741 0.619950 1654.000000 1080.000000
0 2886 0.668682 0.508796 0.031439 0.115741 0.625340 1654.000000 1080.000000
0 2887 0.668077 0.506944 0.031439 0.115741 0.625340 1654.000000 1080.000000
0 2888 0.668077 0.505093 0.031439 0.115741 0.630730 1654.000000 1080.000000
0 2889 0.667473 0.503241 0.031439 0.115741 0.630730 1654.000000 1080.000000
0 2890 0.666868 0.501389 0.031439 0.115741 0.600780 1654.000000 1080.000000
0 2891 0.666868 0.500463 0.031439 0.115741 0.595690 1654.000000 1080.000000
0 2892 0.666264 0.498611 0.031439 0.115741 0.600780 1654.000000 1080.000000
0 2893 0.665659 0.496759 0.031439 0.115741 0.600780 1654.000000 1080.000000
0 2894 0.665659 0.494907 0.031439 0.115741 0.605870 1654.000000 1080.000000
0 2895 0.665054 0.493056 0.031439 0.115741 0.610960 1654.000000 1080.000000
0 2896 0.664450 0.491204 0.031439 0.115741 0.597930 1654.000000 1080.000000
0 2897 0.664450 0.489352 0.031439 0.115741 0.602880 1654.000000 1080.000000
0 2898 0.663845 0.487500 0.031439 0.115741 0.607820 1654.000000 1080.000000
0 2899 0.663241 0.485648 0.031439 0.115741 0.612760 1654.000000 1080.000000
0 2900 0.663241 0.483796 0.031439 0.115741 0.617700 1654.000000 1080.000000
0 2901 0.662636 0.481944 0.031439 0.115741 0.641510 1654.000000 1080.000000
0 2902 0.662031 0.480093 0.031439 0.115741 0.641510 1654.000000 1080.000000
0 2903 0.662031 0.479167 0.031439 0.115741 0.641510 1654.000000 1080.000000
0 2904 0.660822 0.477315 0.031439 0.115741 0.641510 1654.000000 1080.000000
0 2905 0.660218 0.475463 0.031439 0.115741 0.622640 1654.000000 1080.000000
0 2906 0.659311 0.473611 0.032044 0.115741 0.629630 1654.000000 1080.000000
0 2907 0.658404 0.472685 0.031439 0.115741 0.641510 1654.000000 1080.000000
0 2908 0.657497 0.470833 0.032044 0.115741 0.629630 1654.000000 1080.000000
0 2909 0.656892 0.468981 0.032044 0.115741 0.629630 1654.000000 1080.000000
0 2910 0.655683 0.468056 0.032044 0.115741 0.629630 1654.000000 1080.000000
0 2911 0.655079 0.466204 0.032044 0.115741 0.648150 1654.000000 1080.000000
0 2912 0.654474 0.464352 0.032044 0.115741 0.648150 1654.000000 1080.000000
0 2913 0.653265 0.463426 0.032044 0.115741 0.648150 1654.000000 1080.000000
0 2914 0.652660 0.461574 0.032044 0.115741 0.629630 1654.000000 1080.000000
0 2915 0.651753 0.459722 0.032648 0.115741 0.618180 1654.000000 1080.000000
0 2916 0.650846 0.458796 0.032044 0.115741 0.611110 1654.000000 1080.000000
0 2917 0.649940 0.456944 0.032648 0.115741 0.600000 1654.000000 1080.000000
0 2918 0.649335 0.455093 0.032648 0.115741 0.600000 1654.000000 1080.000000
0 2919 0.648730 0.454167 0.032648 0.115741 0.600000 1654.000000 1080.000000
0 2920 0.647521 0.451389 0.032648 0.115741 0.581820 1654.000000 1080.000000
0 2921 0.646917 0.449537 0.032648 0.115741 0.581820 1654.000000 1080.000000
0 2922 0.646312 0.446759 0.032648 0.115741 0.581820 1654.000000 1080.000000
0 2923 0.645707 0.444907 0.032648 0.115741 0.563640 1654.000000 1080.000000
0 2924 0.645103 0.443056 0.032648 0.115741 0.581820 1654.000000 1080.000000
0 2925 0.644498 0.440278 0.032648 0.115741 0.600000 1654.000000 1080.000000
0 2926 0.643894 0.438426 0.032648 0.115741 0.600000 1654.000000 1080.000000
0 2927 0.643289 0.436574 0.032648 0.115741 0.618180 1654.000000 1080.000000
0 2928 0.642684 0.433796 0.032648 0.115741 0.618180 1654.000000 1080.000000
0 2929 0.642080 0.431944 0.032648 0.115741 0.636360 1654.000000 1080.000000
0 2930 0.641475 0.429167 0.032648 0.115741 0.636360 1654.000000 1080.000000
0 2931 0.640871 0.427315 0.032648 0.115741 0.654550 1654.000000 1080.000000
0 2932 0.640266 0.425463 0.032648 0.115741 0.654550 1654.000000 1080.000000
0 2933 0.639661 0.422685 0.032648 0.115741 0.672730 1654.000000 1080.000000
0 2934 0.639057 0.420833 0.032648 0.115741 0.690910 1654.000000 1080.000000
0 2935 0.638452 0.418981 0.032648 0.115741 0.690910 1654.000000 1080.000000
0 2936 0.637848 0.416204 0.032648 0.115741 0.709090 1654.000000 1080.000000
0 2937 0.637243 0.414352 0.032648 0.115741 0.709090 1654.000000 1080.000000
0 2938 0.636638 0.412500 0.032648 0.115741 0.709090 1654.000000 1080.000000
0 2939 0.635429 0.410648 0.032648 0.115741 0.690910 1654.000000 1080.000000
0 2940 0.634220 0.408796 0.032648 0.115741 0.709090 1654.000000 1080.000000
0 2941 0.633011 0.406944 0.032648 0.115741 0.690910 1654.000000 1080.000000
0 2942 0.631802 0.405093 0.032648 0.115741 0.690910 1654.000000 1080.000000
0 2943 0.630593 0.403241 0.032648 0.115741 0.672730 1654.000000 1080.000000
0 2944 0.629383 0.401389 0.032648 0.115741 0.672730 1654.000000 1080.000000
0 2945 0.628174 0.399537 0.032648 0.115741 0.672730 1654.000000 1080.000000
0 2946 0.626965 0.398611 0.032648 0.115741 0.664070 1654.000000 1080.000000
0 2947 0.625756 0.396759 0.032648 0.115741 0.641990 1654.000000 1080.000000
0 2948 0.624547 0.394907 0.032648 0.115741 0.635060 1654.000000 1080.000000
0 2949 0.623337 0.393056 0.032648 0.115741 0.629290 1654.000000 1080.000000
0 2950 0.622128 0.391204 0.032648 0.115741 0.626840 1654.000000 1080.000000
0 2951 0.620919 0.389352 0.032648 0.115741 0.607790 1654.000000 1080.000000
0 2952 0.619710 0.387500 0.032648 0.115741 0.603170 1654.000000 1080.000000
0 2953 0.618501 0.385648 0.032648 0.115741 0.598700 1654.000000 1080.000000
0 2954 0.617291 0.384722 0.032648 0.115741 0.592210 1654.000000 1080.000000
0 2955 0.616082 0.382870 0.032648 0.115741 0.574750 1654.000000 1080.000000
0 2956 0.614873 0.381019 0.032648 0.115741 0.572730 1654.000000 1080.000000
0 2957 0.613664 0.379167 0.032648 0.115741 0.570270 1654.000000 1080.000000
0 2958 0.612455 0.377315 0.032648 0.115741 0.570560 1654.000000 1080.000000
0 2959 0.611245 0.375463 0.032648 0.115741 0.556280 1654.000000 1080.000000
0 2960 0.610036 0.373611 0.032648 0.115741 0.558590 1654.000000 1080.000000
0 2961 0.608827 0.371759 0.032648 0.115741 0.562050 1654.000000 1080.000000
0 2962 0.607618 0.370833 0.032648 0.115741 0.562480 1654.000000 1080.000000
0 2963 0.606409 0.368981 0.032648 0.115741 0.548480 1654.000000 1080.000000
0 2964 0.605200 0.367130 0.032648 0.115741 0.554550 1654.000000 1080.000000
0 2965 0.603990 0.365278 0.032648 0.115741 0.558590 1654.000000 1080.000000
0 2966 0.602781 0.363426 0.032648 0.115741 0.564500 1654.000000 1080.000000
0 2967 0.601572 0.361574 0.032648 0.115741 0.552810 1654.000000 1080.000000
0 2968 0.600363 0.359722 0.032648 0.115741 0.559740 1654.000000 1080.000000
0 2969 0.599154 0.357870 0.032648 0.115741 0.561040 1654.000000 1080.000000
0 2970 0.597944 0.356944 0.032648 0.115741 0.559020 1654.000000 1080.000000
0 2971 0.596131 0.354630 0.032648 0.114815 0.523640 1654.000000 1080.000000
0 2972 0.594317 0.352778 0.032648 0.114815 0.523780 1654.000000 1080.000000
0 2973 0.592503 0.350926 0.032648 0.114815 0.507640 1654.000000 1080.000000
0 2974 0.590992 0.349537 0.032044 0.113889 0.518520 1654.000000 1080.000000
0 2975 0.589178 0.347685 0.032044 0.113889 0.500000 1654.000000 1080.000000
0 2976 0.587666 0.345833 0.032648 0.113889 0.509090 1654.000000 1080.000000
0 2977 0.585852 0.343981 0.032648 0.113889 0.490910 1654.000000 1080.000000
0 2978 0.584341 0.342593 0.032044 0.112963 0.500000 1654.000000 1080.000000
0 2979 0.582527 0.340741 0.032044 0.112963 0.481480 1654.000000 1080.000000
0 2980 0.580713 0.338889 0.032044 0.112963 0.481480 1654.000000 1080.000000
0 2981 0.579202 0.337500 0.031439 0.112037 0.471700 1654.000000 1080.000000
0 2982 0.577690 0.335648 0.032044 0.112037 0.481480 1654.000000 1080.000000
0 2983 0.575877 0.333796 0.032044 0.112037 0.462960 1654.000000 1080.000000
0 2984 0.574063 0.331944 0.032044 0.112037 0.444440 1654.000000 1080.000000
0 2985 0.572551 0.330556 0.031439 0.111111 0.452830 1654.000000 1080.000000
0 2986 0.570738 0.328704 0.031439 0.111111 0.452830 1654.000000 1080.000000
0 2987 0.568924 0.326852 0.031439 0.111111 0.452830 1654.000000 1080.000000
0 2988 0.567715 0.325463 0.031439 0.110185 0.471700 1654.000000 1080.000000
0 2989 0.565296 0.323611 0.031439 0.110185 0.433960 1654.000000 1080.000000
0 2990 0.563482 0.322685 0.031439 0.110185 0.433960 1654.000000 1080.000000
0 2991 0.561669 0.321759 0.031439 0.110185 0.433960 1654.000000 1080.000000
0 2992 0.559855 0.319907 0.031439 0.110185 0.433960 1654.000000 1080.000000
0 2993 0.558041 0.318981 0.031439 0.110185 0.433960 1654.000000 1080.000000
0 2994 0.556227 0.318056 0.031439 0.110185 0.415090 1654.000000 1080.000000
0 2995 0.554111 0.316204 0.030834 0.110185 0.403850 1654.000000 1080.000000
0 2996 0.552297 0.315278 0.030834 0.110185 0.397920 1654.000000 1080.000000
0 2997 0.550484 0.314352 0.030834 0.110185 0.392630 1654.000000 1080.000000
0 2998 0.548670 0.312500 0.030834 0.110185 0.370830 1654.000000 1080.000000
0 2999 0.546856 0.311574 0.030834 0.110185 0.367150 1654.000000 1080.000000
0 3000 0.545042 0.310648 0.030834 0.110185 0.364580 1654.000000 1080.000000
0 3001 0.543229 0.309722 0.030834 0.110185 0.343750 1654.000000 1080.000000
0 3002 0.541415 0.307870 0.030834 0.110185 0.347120 1654.000000 1080.000000
0 3003 0.539903 0.306481 0.030230 0.109259 0.360030 1654.000000 1080.000000
0 3004 0.538392 0.305093 0.029625 0.108333 0.373560 1654.000000 1080.000000
0 3005 0.536880 0.303241 0.029021 0.108333 0.387760 1654.000000 1080.000000
0 3006 0.535671 0.301852 0.029021 0.107407 0.408160 1654.000000 1080.000000
0 3007 0.534160 0.300463 0.028416 0.106481 0.402840 1654.000000 1080.000000
0 3008 0.532648 0.298611 0.027811 0.106481 0.384260 1654.000000 1080.000000
0 3009 0.531137 0.297222 0.027207 0.105556 0.351980 1654.000000 1080.000000
0 3010 0.529927 0.295833 0.027207 0.104630 0.334670 1654.000000 1080.000000
0 3011 0.528416 0.293981 0.026602 0.104630 0.318710 1654.000000 1080.000000
0 3012 0.526904 0.292593 0.025998 0.103704 0.288620 1654.000000 1080.000000
0 3013 0.525393 0.291204 0.025393 0.102778 0.258930 1654.000000 1080.000000
0 3014 0.524184 0.289815 0.025393 0.101852 0.260840 1654.000000 1080.000000
0 3015 0.521765 0.287963 0.025393 0.101852 0.209510 1654.000000 1080.000000
0 3016 0.519952 0.287037 0.025393 0.101852 0.213700 1654.000000 1080.000000
0 3017 0.518138 0.286111 0.025393 0.101852 0.217890 1654.000000 1080.000000
0 3018 0.516324 0.285185 0.025393 0.101852 0.222080 1654.000000 1080.000000
0 3019 0.514510 0.284259 0.025393 0.101852 0.226270 1654.000000 1080.000000
0 3020 0.512696 0.283333 0.025393 0.101852 0.214960 1654.000000 1080.000000
0 3021 0.510883 0.282407 0.025393 0.101852 0.218940 1654.000000 1080.000000
0 3022 0.508464 0.281481 0.025393 0.101852 0.211190 1654.000000 1080.000000
0 3023 0.506651 0.280556 0.025393 0.101852 0.214960 1654.000000 1080.000000
0 3024 0.504837 0.279630 0.025393 0.101852 0.218730 1654.000000 1080.000000
0 3025 0.503023 0.278704 0.025393 0.101852 0.222500 1654.000000 1080.000000
0 3026 0.501209 0.277778 0.025393 0.101852 0.226270 1654.000000 1080.000000
0 3027 0.499395 0.276852 0.025393 0.101852 0.230040 1654.000000 1080.000000
0 3028 0.497582 0.275926 0.025393 0.101852 0.242410 1654.000000 1080.000000
0 3029 0.495768 0.274074 0.025393 0.101852 0.240310 1654.000000 1080.000000
0 3030 0.493954 0.272222 0.025393 0.101852 0.245550 1654.000000 1080.000000
0 3031 0.492140 0.270370 0.025393 0.101852 0.251830 1654.000000 1080.000000
0 3032 0.490931 0.268519 0.025393 0.101852 0.258540 1654.000000 1080.000000
0 3033 0.489117 0.267593 0.025393 0.101852 0.261050 1654.000000 1080.000000
0 3034 0.487304 0.265741 0.025393 0.101852 0.252880 1654.000000 1080.000000
0 3035 0.486094 0.263889 0.025393 0.101852 0.260000 1654.000000 1080.000000
0 3036 0.484281 0.262037 0.025393 0.101852 0.267130 1654.000000 1080.000000
0 3037 0.482467 0.260185 0.025393 0.101852 0.274250 1654.000000 1080.000000
0 3038 0.481258 0.259259 0.025393 0.101852 0.294150 1654.000000 1080.000000
0 3039 0.479444 0.258333 0.025393 0.101852 0.297930 1654.000000 1080.000000
0 3040 0.477630 0.257407 0.025393 0.101852 0.301700 1654.000000 1080.000000
0 3041 0.476421 0.257407 0.025393 0.101852 0.318460 1654.000000 1080.000000
0 3042 0.474607 0.256481 0.025393 0.101852 0.322440 1654.000000 1080.000000
0 3043 0.472793 0.256481 0.025393 0.101852 0.271530 1654.000000 1080.000000
0 3044 0.471584 0.255556 0.025393 0.101852 0.240520 1654.000000 1080.000000
0 3045 0.469770 0.255556 0.025393 0.101852 0.191280 1654.000000 1080.000000
0 3046 0.467956 0.254630 0.025393 0.101852 0.123190 1654.000000 1080.000000
0 3047 0.466747 0.254630 0.025393 0.101852 0.087995 1654.000000 1080.000000
0 3048 0.464933 0.253704 0.025393 0.101852 0.017809 1654.000000 1080.000000
0 3049 0.463120 0.253704 0.025393 0.101852 0.000000 1654.000000 1080.000000
0 3050 0.461911 0.252778 0.025393 0.101852 0.000000 1654.000000 1080.000000
0 3051 0.460097 0.252778 0.025393 0.101852 0.014456 1654.000000 1080.000000
0 3052 0.458283 0.251852 0.025393 0.101852 0.013199 1654.000000 1080.000000
0 3053 0.457074 0.251852 0.025393 0.101852 0.012571 1654.000000 1080.000000
0 3054 0.455260 0.250926 0.025393 0.101852 0.007961 1654.000000 1080.000000
0 3055 0.454051 0.250926 0.025393 0.101852 0.007542 1654.000000 1080.000000
0 3056 0.452237 0.250000 0.025393 0.101852 0.006704 1654.000000 1080.000000
0 3057 0.450423 0.249074 0.025393 0.101852 0.005866 1654.000000 1080.000000
0 3058 0.448609 0.248148 0.025393 0.101852 0.000000 1654.000000 1080.000000
0 3059 0.446796 0.248148 0.025393 0.101852 0.000000 1654.000000 1080.000000
0 3060 0.444982 0.247222 0.025393 0.101852 0.000000 1654.000000 1080.000000
0 3061 0.443168 0.246296 0.025393 0.101852 0.000000 1654.000000 1080.000000
0 3062 0.441354 0.245370 0.025393 0.101852 0.007542 1654.000000 1080.000000
0 3063 0.439541 0.245370 0.025393 0.101852 0.011942 1654.000000 1080.000000
0 3064 0.437727 0.244444 0.025393 0.101852 0.065577 1654.000000 1080.000000
0 3065 0.435913 0.243519 0.025393 0.101852 0.106640 1654.000000 1080.000000
0 3066 0.434099 0.242593 0.025393 0.101852 0.180600 1654.000000 1080.000000
0 3067 0.432285 0.242593 0.025393 0.101852 0.231300 1654.000000 1080.000000
0 3068 0.430472 0.241667 0.025393 0.101852 0.281790 1654.000000 1080.000000
0 3069 0.428658 0.240741 0.025393 0.101852 0.327260 1654.000000 1080.000000
0 3070 0.427449 0.240741 0.025393 0.101852 0.356170 1654.000000 1080.000000
0 3071 0.425635 0.239815 0.025393 0.101852 0.358270 1654.000000 1080.000000
0 3072 0.423821 0.238889 0.025393 0.101852 0.338990 1654.000000 1080.000000
0 3073 0.422612 0.238889 0.025393 0.101852 0.334800 1654.000000 1080.000000
0 3074 0.420798 0.237963 0.025393 0.101852 0.332700 1654.000000 1080.000000
0 3075 0.418984 0.237963 0.025393 0.101852 0.316780 1654.000000 1080.000000
0 3076 0.417775 0.237037 0.025393 0.101852 0.338360 1654.000000 1080.000000
0 3077 0.415961 0.236111 0.025393 0.101852 0.324320 1654.000000 1080.000000
0 3078 0.414148 0.236111 0.025393 0.101852 0.309870 1654.000000 1080.000000
0 3079 0.412938 0.235185 0.025393 0.101852 0.331870 1654.000000 1080.000000
0 3080 0.411125 0.235185 0.025393 0.101852 0.313430 1654.000000 1080.000000
0 3081 0.409311 0.234259 0.025393 0.101852 0.316990 1654.000000 1080.000000
0 3082 0.408102 0.234259 0.025393 0.101852 0.320550 1654.000000 1080.000000
0 3083 0.406288 0.233333 0.025393 0.101852 0.305050 1654.000000 1080.000000
0 3084 0.404474 0.232407 0.025393 0.101852 0.308400 1654.000000 1080.000000
0 3085 0.402660 0.231481 0.025393 0.101852 0.295410 1654.000000 1080.000000
0 3086 0.401451 0.231481 0.025393 0.101852 0.315110 1654.000000 1080.000000
0 3087 0.399637 0.230556 0.025393 0.101852 0.298550 1654.000000 1080.000000
0 3088 0.397823 0.229630 0.025393 0.101852 0.281580 1654.000000 1080.000000
0 3089 0.396614 0.229630 0.025393 0.101852 0.281580 1654.000000 1080.000000
0 3090 0.394800 0.228704 0.025393 0.101852 0.264190 1654.000000 1080.000000
0 3091 0.392987 0.227778 0.025393 0.101852 0.246390 1654.000000 1080.000000
0 3092 0.391778 0.227778 0.025393 0.101852 0.246390 1654.000000 1080.000000
0 3093 0.389964 0.226852 0.025393 0.101852 0.230460 1654.000000 1080.000000
0 3094 0.388150 0.225926 0.025393 0.101852 0.211610 1654.000000 1080.000000
0 3095 0.386941 0.225926 0.025393 0.101852 0.211610 1654.000000 1080.000000
0 3096 0.385127 0.225926 0.025393 0.101852 0.190450 1654.000000 1080.000000
0 3097 0.383918 0.225926 0.025393 0.101852 0.190450 1654.000000 1080.000000
0 3098 0.382709 0.225926 0.025393 0.101852 0.190450 1654.000000 1080.000000
0 3099 0.381499 0.225926 0.025393 0.101852 0.190450 1654.000000 1080.000000
0 3100 0.380290 0.225926 0.025393 0.101852 0.190450 1654.000000 1080.000000
0 3101 0.378476 0.225926 0.025393 0.101852 0.169290 1654.000000 1080.000000
0 3102 0.377267 0.225926 0.025393 0.101852 0.170960 1654.000000 1080.000000
0 3103 0.376058 0.225926 0.025393 0.101852 0.192330 1654.000000 1080.000000
0 3104 0.374849 0.225926 0.025393 0.101852 0.192330 1654.000000 1080.000000
0 3105 0.373640 0.225926 0.025393 0.101852 0.192330 1654.000000 1080.000000
0 3106 0.372430 0.225926 0.025393 0.101852 0.192330 1654.000000 1080.000000
0 3107 0.370012 0.225000 0.025393 0.101852 0.151060 1654.000000 1080.000000
0 3108 0.367594 0.224074 0.025393 0.101852 0.108950 1654.000000 1080.000000
0 3109 0.365175 0.224074 0.025393 0.101852 0.065368 1654.000000 1080.000000
0 3110 0.362757 0.223148 0.025393 0.101852 0.021999 1654.000000 1080.000000
0 3111 0.360339 0.223148 0.025393 0.101852 0.000000 1654.000000 1080.000000
0 3112 0.357920 0.222222 0.025393 0.101852 0.000000 1654.000000 1080.000000
0 3113 0.355502 0.222222 0.025393 0.101852 0.000000 1654.000000 1080.000000
0 3114 0.353083 0.221296 0.025393 0.101852 0.000000 1654.000000 1080.000000
0 3115 0.350665 0.221296 0.025393 0.101852 0.000000 1654.000000 1080.000000
0 3116 0.348247 0.220370 0.025393 0.101852 0.000000 1654.000000 1080.000000
0 3117 0.345828 0.219444 0.025393 0.101852 0.000000 1654.000000 1080.000000
0 3118 0.343410 0.219444 0.025393 0.101852 0.000000 1654.000000 1080.000000
0 3119 0.340992 0.218519 0.025393 0.101852 0.000000 1654.000000 1080.000000
0 3120 0.338573 0.218519 0.025393 0.101852 0.000000 1654.000000 1080.000000
0 3121 0.336155 0.217593 0.025393 0.101852 0.000000 1654.000000 1080.000000
0 3122 0.333736 0.217593 0.025393 0.101852 0.000000 1654.000000 1080.000000
0 3123 0.331318 0.216667 0.025393 0.101852 0.000000 1654.000000 1080.000000
0 3124 0.328900 0.216667 0.025393 0.101852 0.000000 1654.000000 1080.000000
0 3125 0.326481 0.216204 0.025393 0.100926 0.046512 1654.000000 1080.000000
0 3126 0.324365 0.215741 0.025998 0.100000 0.068182 1654.000000 1080.000000
0 3127 0.322551 0.215741 0.025998 0.100000 0.090909 1654.000000 1080.000000
0 3128 0.320133 0.215278 0.025998 0.099074 0.113640 1654.000000 1080.000000
0 3129 0.318319 0.215278 0.025998 0.099074 0.136360 1654.000000 1080.000000
0 3130 0.316203 0.214815 0.026602 0.098148 0.155560 1654.000000 1080.000000
0 3131 0.313785 0.214352 0.026602 0.097222 0.200000 1654.000000 1080.000000
0 3132 0.311971 0.214352 0.026602 0.097222 0.177780 1654.000000 1080.000000
0 3133 0.309855 0.213889 0.027207 0.096296 0.195650 1654.000000 1080.000000
0 3134 0.308041 0.214352 0.027207 0.095370 0.195650 1654.000000 1080.000000
0 3135 0.305623 0.213426 0.027207 0.095370 0.217390 1654.000000 1080.000000
0 3136 0.303809 0.212500 0.027207 0.095370 0.217390 1654.000000 1080.000000
0 3137 0.301995 0.212500 0.027207 0.095370 0.217390 1654.000000 1080.000000
0 3138 0.299577 0.211574 0.027207 0.095370 0.239130 1654.000000 1080.000000
0 3139 0.297763 0.211574 0.027207 0.095370 0.239130 1654.000000 1080.000000
0 3140 0.295949 0.210648 0.027207 0.095370 0.239130 1654.000000 1080.000000
0 3141 0.294135 0.210648 0.027207 0.095370 0.214880 1654.000000 1080.000000
0 3142 0.291717 0.209722 0.027207 0.095370 0.182690 1654.000000 1080.000000
0 3143 0.289903 0.209722 0.027207 0.095370 0.165550 1654.000000 1080.000000
0 3144 0.288089 0.208796 0.027207 0.095370 0.150500 1654.000000 1080.000000
0 3145 0.286276 0.208796 0.027207 0.095370 0.146320 1654.000000 1080.000000
0 3146 0.283857 0.208796 0.027207 0.095370 0.156350 1654.000000 1080.000000
0 3147 0.281741 0.208796 0.026602 0.095370 0.141030 1654.000000 1080.000000
0 3148 0.279625 0.209722 0.027207 0.095370 0.147160 1654.000000 1080.000000
0 3149 0.277509 0.209722 0.026602 0.095370 0.132480 1654.000000 1080.000000
0 3150 0.275393 0.210648 0.027207 0.095370 0.135660 1654.000000 1080.000000
0 3151 0.273277 0.210648 0.026602 0.095370 0.133970 1654.000000 1080.000000
0 3152 0.271161 0.211574 0.027207 0.095370 0.126460 1654.000000 1080.000000
0 3153 0.269045 0.211574 0.026602 0.095370 0.124570 1654.000000 1080.000000
0 3154 0.266929 0.212500 0.027207 0.095370 0.125420 1654.000000 1080.000000
0 3155 0.264813 0.212500 0.026602 0.095370 0.112820 1654.000000 1080.000000
0 3156 0.262999 0.213426 0.026602 0.095370 0.130980 1654.000000 1080.000000
0 3157 0.261185 0.213426 0.026602 0.095370 0.193160 1654.000000 1080.000000
0 3158 0.259371 0.213426 0.026602 0.095370 0.222220 1654.000000 1080.000000
0 3159 0.258162 0.213426 0.026602 0.095370 0.200000 1654.000000 1080.000000
0 3160 0.256348 0.214352 0.026602 0.095370 0.200000 1654.000000 1080.000000
0 3161 0.255139 0.214352 0.026602 0.095370 0.155560 1654.000000 1080.000000
0 3162 0.253325 0.214352 0.026602 0.095370 0.155560 1654.000000 1080.000000
0 3163 0.252116 0.215278 0.026602 0.095370 0.133330 1654.000000 1080.000000
0 3164 0.250302 0.215278 0.026602 0.095370 0.111110 1654.000000 1080.000000
0 3165 0.248489 0.215278 0.026602 0.095370 0.088889 1654.000000 1080.000000
0 3166 0.247279 0.215278 0.026602 0.095370 0.044444 1654.000000 1080.000000
0 3167 0.245466 0.216204 0.026602 0.095370 0.022222 1654.000000 1080.000000
0 3168 0.244256 0.216204 0.026602 0.095370 0.000000 1654.000000 1080.000000
0 3169 0.242443 0.216204 0.026602 0.095370 0.000000 1654.000000 1080.000000
0 3170 0.241233 0.217130 0.026602 0.095370 0.000000 1654.000000 1080.000000
0 3171 0.239420 0.217130 0.026602 0.095370 0.000000 1654.000000 1080.000000
0 3172 0.237606 0.218056 0.026602 0.095370 0.000000 1654.000000 1080.000000
0 3173 0.235792 0.218981 0.026602 0.095370 0.000000 1654.000000 1080.000000
0 3174 0.233978 0.218981 0.026602 0.095370 0.000000 1654.000000 1080.000000
0 3175 0.232164 0.219907 0.026602 0.095370 0.000000 1654.000000 1080.000000
0 3176 0.230351 0.220833 0.026602 0.095370 0.000000 1654.000000 1080.000000
0 3177 0.228537 0.221759 0.026602 0.095370 0.000000 1654.000000 1080.000000
0 3178 0.226723 0.221759 0.026602 0.095370 0.000000 1654.000000 1080.000000
0 3179 0.224909 0.222685 0.026602 0.095370 0.000000 1654.000000 1080.000000
0 3180 0.223096 0.223611 0.026602 0.095370 0.000000 1654.000000 1080.000000
0 3181 0.221282 0.224537 0.026602 0.095370 0.000000 1654.000000 1080.000000
0 3182 0.219468 0.224537 0.026602 0.095370 0.000000 1654.000000 1080.000000
0 3183 0.217654 0.225463 0.026602 0.095370 0.000000 1654.000000 1080.000000
0 3184 0.215840 0.226389 0.026602 0.095370 0.000000 1654.000000 1080.000000
0 3185 0.214631 0.227315 0.026602 0.095370 0.000000 1654.000000 1080.000000
0 3186 0.211608 0.226389 0.026602 0.095370 0.000000 1654.000000 1080.000000
0 3187 0.209190 0.226389 0.026602 0.095370 0.000000 1654.000000 1080.000000
0 3188 0.206469 0.226389 0.027207 0.095370 0.000000 1654.000000 1080.000000
0 3189 0.204051 0.226389 0.027207 0.095370 0.000000 1654.000000 1080.000000
0 3190 0.201330 0.225463 0.027811 0.095370 0.000000 1654.000000 1080.000000
0 3191 0.198912 0.225463 0.027811 0.095370 0.000000 1654.000000 1080.000000
0 3192 0.196493 0.225463 0.027811 0.095370 0.000000 1654.000000 1080.000000
0 3193 0.193773 0.225463 0.028416 0.095370 0.000000 1654.000000 1080.000000
0 3194 0.191354 0.225463 0.028416 0.095370 0.000000 1654.000000 1080.000000
0 3195 0.188634 0.224537 0.029021 0.095370 0.020408 1654.000000 1080.000000
0 3196 0.186215 0.224537 0.029021 0.095370 0.040816 1654.000000 1080.000000
0 3197 0.183495 0.224537 0.029625 0.095370 0.060000 1654.000000 1080.000000
0 3198 0.181076 0.224537 0.029625 0.095370 0.061538 1654.000000 1080.000000
0 3199 0.178658 0.224537 0.029625 0.095370 0.004615 1654.000000 1080.000000
0 3200 0.176239 0.224537 0.029625 0.095370 0.004808 1654.000000 1080.000000
0 3201 0.174426 0.224537 0.029625 0.095370 0.003077 1654.000000 1080.000000
0 3202 0.172007 0.225463 0.029625 0.095370 0.001923 1654.000000 1080.000000
0 3203 0.170193 0.225463 0.029625 0.095370 0.000769 1654.000000 1080.000000
0 3204 0.167775 0.225463 0.029625 0.095370 0.000000 1654.000000 1080.000000
0 3205 0.165961 0.226389 0.029625 0.095370 0.000000 1654.000000 1080.000000
0 3206 0.163543 0.226389 0.029625 0.095370 0.000000 1654.000000 1080.000000
0 3207 0.161729 0.227315 0.029625 0.095370 0.000000 1654.000000 1080.000000
0 3208 0.158706 0.226389 0.029625 0.095370 0.000000 1654.000000 1080.000000
0 3209 0.155683 0.226389 0.029625 0.095370 0.000000 1654.000000 1080.000000
0 3210 0.152660 0.225463 0.029625 0.095370 0.000000 1654.000000 1080.000000
0 3211 0.150242 0.225463 0.029625 0.095370 0.000000 1654.000000 1080.000000
0 3212 0.147219 0.225463 0.029625 0.095370 0.000000 1654.000000 1080.000000
0 3213 0.144196 0.224537 0.029625 0.095370 0.000000 1654.000000 1080.000000
0 3214 0.141173 0.224537 0.029625 0.095370 0.000000 1654.000000 1080.000000
0 3215 0.138755 0.224537 0.029625 0.095370 0.000000 1654.000000 1080.000000
0 3216 0.135732 0.223611 0.029625 0.095370 0.131540 1654.000000 1080.000000
0 3217 0.132709 0.223611 0.029625 0.095370 0.208080 1654.000000 1080.000000
0 3218 0.129686 0.222685 0.029625 0.095370 0.184810 1654.000000 1080.000000
0 3219 0.127267 0.222685 0.029625 0.095370 0.170190 1654.000000 1080.000000
0 3220 0.124244 0.222685 0.029625 0.095370 0.178460 1654.000000 1080.000000
0 3221 0.121221 0.221759 0.029625 0.095370 0.200770 1654.000000 1080.000000
0 3222 0.118198 0.221759 0.029625 0.095370 0.223080 1654.000000 1080.000000
0 3223 0.115780 0.221759 0.029625 0.095370 0.219230 1654.000000 1080.000000
0 3224 0.113362 0.221759 0.029625 0.095370 0.226150 1654.000000 1080.000000
0 3225 0.110943 0.221759 0.029625 0.095370 0.222120 1654.000000 1080.000000
0 3226 0.108525 0.222685 0.029625 0.095370 0.228460 1654.000000 1080.000000
0 3227 0.106106 0.222685 0.029625 0.095370 0.224230 1654.000000 1080.000000
0 3228 0.103688 0.222685 0.029625 0.095370 0.230000 1654.000000 1080.000000
0 3229 0.101270 0.223611 0.029625 0.095370 0.235380 1654.000000 1080.000000
0 3230 0.098851 0.223611 0.029625 0.095370 0.236540 1654.000000 1080.000000
0 3231 0.096433 0.223611 0.029625 0.095370 0.238270 1654.000000 1080.000000
0 3232 0.094015 0.224537 0.029625 0.095370 0.245580 1654.000000 1080.000000
0 3233 0.091596 0.224537 0.029625 0.095370 0.241350 1654.000000 1080.000000
0 3234 0.089178 0.224537 0.029625 0.095370 0.248080 1654.000000 1080.000000
0 3235 0.086759 0.225463 0.029625 0.095370 0.238080 1654.000000 1080.000000
0 3236 0.084341 0.225463 0.029625 0.095370 0.238850 1654.000000 1080.000000
0 3237 0.081923 0.225463 0.029625 0.095370 0.228460 1654.000000 1080.000000
0 3238 0.079504 0.226389 0.029625 0.095370 0.212880 1654.000000 1080.000000
0 3239 0.077086 0.226389 0.029625 0.095370 0.202500 1654.000000 1080.000000
0 3240 0.074667 0.227315 0.029625 0.095370 0.193850 1654.000000 1080.000000
0 3241 0.071947 0.227315 0.030230 0.095370 0.185900 1654.000000 1080.000000
0 3242 0.069226 0.228241 0.030834 0.095370 0.171970 1654.000000 1080.000000
0 3243 0.066505 0.229167 0.031439 0.095370 0.231130 1654.000000 1080.000000
0 3244 0.063785 0.229167 0.032044 0.095370 0.295760 1654.000000 1080.000000
0 3245 0.061366 0.230093 0.032044 0.095370 0.357910 1654.000000 1080.000000
0 3246 0.058646 0.231019 0.032648 0.095370 0.419930 1654.000000 1080.000000
0 3247 0.055925 0.231019 0.033253 0.095370 0.498280 1654.000000 1080.000000
0 3248 0.053204 0.231944 0.033857 0.095370 0.564100 1654.000000 1080.000000
0 3249 0.050786 0.232870 0.033857 0.095370 0.634620 1654.000000 1080.000000
0 3250 0.048065 0.232870 0.034462 0.095370 0.655170 1654.000000 1080.000000
0 3251 0.045345 0.233796 0.035067 0.095370 0.677970 1654.000000 1080.000000
0 3252 0.042624 0.234722 0.035671 0.095370 0.683330 1654.000000 1080.000000
0 3253 0.040508 0.235648 0.036276 0.095370 0.688520 1654.000000 1080.000000
0 3254 0.038392 0.235185 0.034462 0.096296 0.689660 1654.000000 1080.000000
0 3255 0.036578 0.235185 0.033253 0.096296 0.696430 1654.000000 1080.000000
0 3256 0.034764 0.235185 0.032044 0.096296 0.703700 1654.000000 1080.000000
0 3257 0.032950 0.235185 0.030834 0.096296 0.692310 1654.000000 1080.000000
0 3258 0.031137 0.235185 0.029625 0.096296 0.700000 1654.000000 1080.000000
0 3259 0.029625 0.235185 0.027811 0.096296 0.702130 1654.000000 1080.000000
0 3260 0.027509 0.236111 0.028416 0.096296 0.687500 1654.000000 1080.000000
0 3261 0.025695 0.237037 0.029625 0.096296 0.680000 1654.000000 1080.000000
0 3262 0.023579 0.238426 0.030230 0.095370 0.686270 1654.000000 1080.000000
0 3263 0.021765 0.239815 0.031439 0.096296 0.660380 1654.000000 1080.000000
0 3264 0.019649 0.240741 0.032044 0.096296 0.666670 1654.000000 1080.000000
0 3265 0.017836 0.242130 0.033253 0.095370 0.660710 1654.000000 1080.000000
0 3266 0.016626 0.243056 0.032044 0.095370 0.629630 1654.000000 1080.000000
0 3267 0.016022 0.244907 0.030834 0.095370 0.596150 1654.000000 1080.000000
0 3268 0.014813 0.244907 0.028416 0.095370 0.583330 1654.000000 1080.000000
0 3269 0.013906 0.245833 0.026602 0.095370 0.533330 1654.000000 1080.000000
0 3270 0.012696 0.246759 0.024184 0.095370 0.487800 1654.000000 1080.000000
0 3271 0.011790 0.247685 0.022370 0.095370 0.421050 1654.000000 1080.000000
0 3272 0.010883 0.248611 0.020556 0.095370 0.342860 1654.000000 1080.000000
0 3273 0.009674 0.249537 0.018138 0.095370 0.290320 1654.000000 1080.000000
0 3274 0.008767 0.250463 0.016324 0.095370 0.178570 1654.000000 1080.000000
0 3275 0.007557 0.251389 0.013906 0.095370 0.041667 1654.000000 1080.000000
0 3276 0.006651 0.252315 0.012092 0.095370 0.000000 1654.000000 1080.000000
0 3277 0.005744 0.253241 0.010278 0.095370 0.000000 1654.000000 1080.000000
0 3278 0.004534 0.254167 0.007860 0.095370 0.000000 1654.000000 1080.000000
0 3279 0.003628 0.255093 0.006046 0.095370 0.000000 1654.000000 1080.000000
0 3280 0.002418 0.256019 0.003628 0.095370 0.000000 1654.000000 1080.000000
