0 2807 0.031741 0.993056 0.030834 0.015741 0.199790 1654.000000 1080.000000
0 2808 0.031137 0.992593 0.030834 0.016667 0.218620 1654.000000 1080.000000
0 2809 0.030834 0.992130 0.031439 0.017593 0.233020 1654.000000 1080.000000
0 2810 0.030532 0.991667 0.032044 0.018519 0.264550 1654.000000 1080.000000
0 2811 0.030230 0.991204 0.032648 0.019444 0.295040 1654.000000 1080.000000
0 2812 0.030230 0.990741 0.032648 0.020370 0.313040 1654.000000 1080.000000
0 2813 0.030834 0.990278 0.032648 0.021296 0.348480 1654.000000 1080.000000
0 2814 0.031741 0.989815 0.032044 0.022222 0.373330 1654.000000 1080.000000
0 2815 0.032346 0.989352 0.032044 0.023148 0.373930 1654.000000 1080.000000
0 2816 0.033253 0.988889 0.031439 0.024074 0.363380 1654.000000 1080.000000
0 2817 0.034160 0.988889 0.030834 0.024074 0.351850 1654.000000 1080.000000
0 2818 0.034160 0.988426 0.030834 0.025000 0.296700 1654.000000 1080.000000
0 2819 0.034764 0.987963 0.030834 0.025926 0.278510 1654.000000 1080.000000
0 2820 0.035067 0.987963 0.031439 0.025926 0.255040 1654.000000 1080.000000
0 2821 0.035671 0.987500 0.031439 0.026852 0.218870 1654.000000 1080.000000
0 2822 0.035973 0.987500 0.032044 0.026852 0.196910 1654.000000 1080.000000
0 2823 0.036578 0.987037 0.032044 0.027778 0.179210 1654.000000 1080.000000
0 2824 0.037183 0.987037 0.032044 0.027778 0.161290 1654.000000 1080.000000
0 2825 0.036578 0.987037 0.032044 0.027778 0.089606 1654.000000 1080.000000
0 2826 0.036276 0.987037 0.031439 0.027778 0.036519 1654.000000 1080.000000
0 2827 0.035973 0.987037 0.030834 0.027778 0.000000 1654.000000 1080.000000
0 2828 0.035973 0.987500 0.030834 0.026852 0.000000 1654.000000 1080.000000
0 2829 0.036578 0.987037 0.030834 0.027778 0.000000 1654.000000 1080.000000
0 2830 0.037485 0.987037 0.031439 0.027778 0.000000 1654.000000 1080.000000
0 2831 0.038392 0.987037 0.032044 0.027778 0.000000 1654.000000 1080.000000
0 2832 0.039299 0.987037 0.032648 0.027778 0.000000 1654.000000 1080.000000
0 2833 0.038694 0.986574 0.032648 0.028704 0.000000 1654.000000 1080.000000
0 2834 0.038392 0.986111 0.032044 0.029630 0.000000 1654.000000 1080.000000
0 2835 0.038392 0.986111 0.032044 0.029630 0.000000 1654.000000 1080.000000
0 2836 0.037787 0.985185 0.032044 0.029630 0.000000 1654.000000 1080.000000
0 2837 0.037485 0.984722 0.032648 0.030556 0.000000 1654.000000 1080.000000
0 2838 0.037183 0.984722 0.033253 0.030556 0.000000 1654.000000 1080.000000
0 2839 0.037183 0.984259 0.033253 0.031481 0.000000 1654.000000 1080.000000
0 2840 0.036880 0.983796 0.033857 0.032407 0.350880 1654.000000 1080.000000
0 2841 0.036276 0.983796 0.033857 0.032407 0.421050 1654.000000 1080.000000
0 2842 0.036276 0.983333 0.033857 0.033333 0.473680 1654.000000 1080.000000
0 2843 0.035973 0.982870 0.034462 0.034259 0.551720 1654.000000 1080.000000
0 2844 0.035671 0.982870 0.035067 0.034259 0.610170 1654.000000 1080.000000
0 2845 0.035671 0.982407 0.035067 0.035185 0.661020 1654.000000 1080.000000
0 2846 0.035369 0.981944 0.035671 0.036111 0.700000 1654.000000 1080.000000
0 2847 0.034764 0.981481 0.035671 0.035185 0.750000 1654.000000 1080.000000
0 2848 0.034462 0.981019 0.036276 0.036111 0.803280 1654.000000 1080.000000
0 2849 0.034462 0.980556 0.036276 0.037037 0.836070 1654.000000 1080.000000
0 2850 0.034160 0.980556 0.036880 0.037037 0.870970 1654.000000 1080.000000
0 2851 0.033857 0.980093 0.037485 0.037963 0.158730 1654.000000 1080.000000
0 2852 0.033555 0.979630 0.036880 0.038889 0.209680 1654.000000 1080.000000
0 2853 0.033253 0.979630 0.037485 0.038889 0.269840 1654.000000 1080.000000
0 2854 0.032950 0.979167 0.038089 0.039815 0.328120 1654.000000 1080.000000
0 2855 0.032950 0.978704 0.038089 0.040741 0.375000 1654.000000 1080.000000
0 2856 0.032648 0.978704 0.038694 0.040741 0.446150 1654.000000 1080.000000
0 2857 0.032346 0.978241 0.039299 0.041667 0.484850 1654.000000 1080.000000
0 2858 0.031741 0.977315 0.039299 0.041667 1.000000 1654.000000 1080.000000
0 2859 0.031741 0.977315 0.039299 0.041667 1.000000 1654.000000 1080.000000
0 2860 0.031439 0.976852 0.039903 0.042593 1.000000 1654.000000 1080.000000
0 2861 0.031137 0.976389 0.040508 0.043519 1.000000 1654.000000 1080.000000
0 2862 0.031137 0.976389 0.040508 0.043519 1.000000 1654.000000 1080.000000
0 2863 0.030532 0.975926 0.040508 0.044444 1.000000 1654.000000 1080.000000
0 2864 0.030230 0.975463 0.041112 0.045370 1.000000 1654.000000 1080.000000
0 2865 0.030230 0.975463 0.041112 0.045370 1.000000 1654.000000 1080.000000
0 2866 0.029927 0.975000 0.041717 0.046296 1.000000 1654.000000 1080.000000
0 2867 0.029625 0.974537 0.042322 0.047222 1.000000 1654.000000 1080.000000
0 2868 0.029625 0.974537 0.042322 0.047222 1.000000 1654.000000 1080.000000
0 2869 0.028718 0.974074 0.042926 0.048148 1.000000 1654.000000 1080.000000
0 2870 0.028114 0.973611 0.044135 0.049074 1.000000 1654.000000 1080.000000
0 2871 0.027811 0.973148 0.044740 0.050000 0.986670 1654.000000 1080.000000
0 2872 0.027207 0.973148 0.045949 0.050000 0.974030 1654.000000 1080.000000
0 2873 0.026904 0.972685 0.046554 0.050926 0.961540 1654.000000 1080.000000
0 2874 0.025998 0.972685 0.047158 0.052778 0.962030 1654.000000 1080.000000
0 2875 0.025695 0.972685 0.047763 0.052778 0.950000 1654.000000 1080.000000
0 2876 0.025091 0.972222 0.048972 0.053704 0.939020 1654.000000 1080.000000
0 2877 0.025091 0.971759 0.048972 0.054630 0.926830 1654.000000 1080.000000
0 2878 0.025091 0.971759 0.048972 0.054630 0.914630 1654.000000 1080.000000
0 2879 0.024788 0.971759 0.048368 0.056481 0.925930 1654.000000 1080.000000
0 2880 0.024788 0.971296 0.048368 0.057407 0.913580 1654.000000 1080.000000
0 2881 0.024788 0.971296 0.048368 0.057407 0.901230 1654.000000 1080.000000
0 2882 0.024788 0.970833 0.048368 0.058333 0.888890 1654.000000 1080.000000
0 2883 0.024788 0.970370 0.048368 0.059259 0.876540 1654.000000 1080.000000
0 2884 0.024788 0.970833 0.048368 0.060185 0.851100 1654.000000 1080.000000
0 2885 0.024184 0.969444 0.047158 0.061111 0.873420 1654.000000 1080.000000
0 2886 0.023579 0.968981 0.045949 0.062037 0.883120 1654.000000 1080.000000
0 2887 0.022975 0.968519 0.044740 0.062963 0.906670 1654.000000 1080.000000
0 2888 0.022672 0.967593 0.044135 0.064815 0.905410 1654.000000 1080.000000
0 2889 0.022068 0.967130 0.042926 0.065741 0.916670 1654.000000 1080.000000
0 2890 0.021463 0.966667 0.041717 0.066667 0.928570 1654.000000 1080.000000
0 2891 0.020859 0.965741 0.040508 0.066667 0.941180 1654.000000 1080.000000
0 2892 0.020556 0.964815 0.039903 0.068519 0.940300 1654.000000 1080.000000
0 2893 0.019952 0.964352 0.038694 0.069444 0.953850 1654.000000 1080.000000
0 2894 0.019347 0.963889 0.037485 0.070370 0.968250 1654.000000 1080.000000
0 2895 0.019045 0.962963 0.036880 0.072222 0.968560 1654.000000 1080.000000
0 2896 0.018440 0.962500 0.035671 0.073148 1.000000 1654.000000 1080.000000
0 2897 0.017836 0.961574 0.034462 0.073148 1.000000 1654.000000 1080.000000
0 2898 0.017231 0.961111 0.033253 0.074074 1.000000 1654.000000 1080.000000
0 2899 0.016929 0.960185 0.032648 0.075926 1.000000 1654.000000 1080.000000
0 2900 0.016324 0.959722 0.031439 0.076852 1.000000 1654.000000 1080.000000
0 2901 0.015719 0.959259 0.030230 0.077778 1.000000 1654.000000 1080.000000
0 2902 0.015417 0.958796 0.029625 0.078704 0.912330 1654.000000 1080.000000
0 2903 0.015115 0.958333 0.029021 0.079630 0.922590 1654.000000 1080.000000
0 2904 0.014813 0.957870 0.028416 0.080556 0.933950 1654.000000 1080.000000
0 2905 0.014510 0.957407 0.027811 0.081481 0.938800 1654.000000 1080.000000
0 2906 0.014208 0.957407 0.027207 0.081481 0.951640 1654.000000 1080.000000
0 2907 0.013906 0.956944 0.026602 0.082407 1.000000 1654.000000 1080.000000
0 2908 0.013906 0.956944 0.026602 0.084259 1.000000 1654.000000 1080.000000
0 2909 0.013603 0.956944 0.025998 0.084259 1.000000 1654.000000 1080.000000
0 2910 0.013301 0.956481 0.025393 0.085185 1.000000 1654.000000 1080.000000
0 2911 0.012999 0.956019 0.024788 0.086111 1.000000 1654.000000 1080.000000
0 2912 0.012696 0.955556 0.024184 0.087037 1.000000 1654.000000 1080.000000
0 2913 0.012394 0.955556 0.023579 0.087037 1.000000 1654.000000 1080.000000
0 2914 0.012394 0.955556 0.023579 0.088889 1.000000 1654.000000 1080.000000
0 2915 0.012092 0.955093 0.022975 0.089815 1.000000 1654.000000 1080.000000
0 2916 0.011790 0.955093 0.022370 0.089815 1.000000 1654.000000 1080.000000
0 2917 0.011487 0.954630 0.021765 0.090741 1.000000 1654.000000 1080.000000
0 2918 0.011185 0.954167 0.021161 0.091667 1.000000 1654.000000 1080.000000
0 2919 0.011185 0.954630 0.021161 0.092593 0.990100 1654.000000 1080.000000
0 2920 0.010278 0.953241 0.019347 0.093519 1.000000 1654.000000 1080.000000
0 2921 0.009674 0.952778 0.018138 0.094444 1.000000 1654.000000 1080.000000
0 2922 0.009069 0.952315 0.016929 0.095370 1.000000 1654.000000 1080.000000
0 2923 0.008162 0.951852 0.015115 0.096296 1.000000 1654.000000 1080.000000
0 2924 0.007557 0.950926 0.013906 0.098148 1.000000 1654.000000 1080.000000
0 2925 0.006953 0.950463 0.012696 0.099074 1.000000 1654.000000 1080.000000
0 2926 0.006046 0.950000 0.010883 0.100000 1.000000 1654.000000 1080.000000
0 2927 0.005441 0.949537 0.009674 0.100926 1.000000 1654.000000 1080.000000
0 2928 0.004837 0.948611 0.008464 0.102778 1.000000 1654.000000 1080.000000
0 2929 0.003930 0.948148 0.006651 0.103704 1.000000 1654.000000 1080.000000
0 2930 0.003325 0.947685 0.005441 0.104630 0.900000 1654.000000 1080.000000
0 2931 0.002721 0.946759 0.004232 0.104630 0.625000 1654.000000 1080.000000
