0 2768 0.013906 0.973148 0.026602 0.055556 0.612020 1654.000000 1080.000000
0 2769 0.013906 0.971296 0.026602 0.059259 0.656410 1654.000000 1080.000000
0 2770 0.013906 0.969444 0.026602 0.062963 0.700810 1654.000000 1080.000000
0 2771 0.013906 0.967593 0.026602 0.066667 0.723290 1654.000000 1080.000000
0 2772 0.013906 0.965741 0.026602 0.070370 0.767680 1654.000000 1080.000000
0 2773 0.014208 0.963889 0.027207 0.074074 0.794420 1654.000000 1080.000000
0 2774 0.014813 0.962500 0.028416 0.076852 0.802830 1654.000000 1080.000000
0 2775 0.015417 0.961111 0.029625 0.079630 0.810570 1654.000000 1080.000000
0 2776 0.016022 0.959722 0.030834 0.082407 0.817740 1654.000000 1080.000000
0 2777 0.016626 0.957870 0.032044 0.086111 0.824470 1654.000000 1080.000000
0 2778 0.017231 0.956481 0.033253 0.088889 0.830630 1654.000000 1080.000000
0 2779 0.017836 0.955093 0.034462 0.091667 0.836380 1654.000000 1080.000000
0 2780 0.018440 0.953704 0.035671 0.094444 0.841750 1654.000000 1080.000000
0 2781 0.019045 0.951852 0.036880 0.098148 0.846850 1654.000000 1080.000000
0 2782 0.019649 0.950463 0.038089 0.100926 0.851560 1654.000000 1080.000000
0 2783 0.020254 0.949074 0.039299 0.103704 0.855990 1654.000000 1080.000000
0 2784 0.020859 0.947685 0.040508 0.106481 0.845590 1654.000000 1080.000000
0 2785 0.021463 0.946759 0.041717 0.108333 0.849880 1654.000000 1080.000000
0 2786 0.022068 0.945833 0.042926 0.110185 0.840160 1654.000000 1080.000000
0 2787 0.022672 0.945370 0.044135 0.111111 0.844320 1654.000000 1080.000000
0 2788 0.023881 0.944444 0.044135 0.112963 0.831030 1654.000000 1080.000000
0 2789 0.025091 0.943519 0.044135 0.114815 0.831140 1654.000000 1080.000000
0 2790 0.026602 0.943056 0.044740 0.115741 0.820110 1654.000000 1080.000000
0 2791 0.028114 0.942130 0.044135 0.117593 0.992190 1654.000000 1080.000000
0 2792 0.029323 0.941204 0.044135 0.119444 0.992310 1654.000000 1080.000000
0 2793 0.030532 0.940741 0.044135 0.120370 0.992370 1654.000000 1080.000000
0 2794 0.031741 0.939815 0.044135 0.122222 0.992480 1654.000000 1080.000000
0 2795 0.033253 0.938889 0.043531 0.124074 0.992590 1654.000000 1080.000000
0 2796 0.034764 0.938426 0.044135 0.125000 0.992650 1654.000000 1080.000000
0 2797 0.035973 0.937500 0.044135 0.126852 0.992750 1654.000000 1080.000000
0 2798 0.037485 0.936574 0.043531 0.128704 0.992860 1654.000000 1080.000000
0 2799 0.038694 0.936111 0.043531 0.129630 0.992910 1654.000000 1080.000000
0 2800 0.039903 0.935185 0.043531 0.131481 0.993010 1654.000000 1080.000000
0 2801 0.041717 0.934722 0.043531 0.132407 0.993060 1654.000000 1080.000000
0 2802 0.043531 0.934259 0.043531 0.133333 0.993100 1654.000000 1080.000000
0 2803 0.045949 0.933796 0.043531 0.134259 0.993150 1654.000000 1080.000000
0 2804 0.048065 0.933333 0.044135 0.135185 0.993200 1654.000000 1080.000000
0 2805 0.050181 0.933333 0.043531 0.135185 0.993200 1654.000000 1080.000000
0 2806 0.052600 0.932870 0.043531 0.136111 0.993240 1654.000000 1080.000000
0 2807 0.054716 0.932407 0.044135 0.137037 0.954740 1654.000000 1080.000000
0 2808 0.057134 0.931944 0.044135 0.137963 0.960900 1654.000000 1080.000000
0 2809 0.058948 0.931944 0.044135 0.137963 0.964230 1654.000000 1080.000000
0 2810 0.061366 0.931481 0.044135 0.138889 0.962320 1654.000000 1080.000000
0 2811 0.063785 0.931019 0.044135 0.139815 0.533610 1654.000000 1080.000000
0 2812 0.065599 0.931019 0.044135 0.139815 0.552100 1654.000000 1080.000000
0 2813 0.068017 0.930556 0.044135 0.140741 0.571190 1654.000000 1080.000000
0 2814 0.070133 0.930093 0.044740 0.141667 0.594030 1654.000000 1080.000000
0 2815 0.072551 0.929630 0.044740 0.142593 0.609380 1654.000000 1080.000000
0 2816 0.074667 0.929630 0.044135 0.142593 0.616220 1654.000000 1080.000000
0 2817 0.076784 0.929167 0.044740 0.143519 0.591030 1654.000000 1080.000000
0 2818 0.079202 0.928704 0.044740 0.144444 0.555330 1654.000000 1080.000000
0 2819 0.081620 0.928704 0.044740 0.144444 0.525270 1654.000000 1080.000000
0 2820 0.082830 0.928241 0.044740 0.145370 0.522870 1654.000000 1080.000000
0 2821 0.084643 0.927778 0.044740 0.146296 0.507760 1654.000000 1080.000000
0 2822 0.086457 0.927315 0.044740 0.145370 0.494600 1654.000000 1080.000000
0 2823 0.088271 0.926852 0.044740 0.146296 0.480170 1654.000000 1080.000000
0 2824 0.090085 0.926389 0.044740 0.145370 0.465990 1654.000000 1080.000000
0 2825 0.091898 0.925926 0.044740 0.146296 0.440000 1654.000000 1080.000000
0 2826 0.093712 0.925463 0.044740 0.145370 0.420420 1654.000000 1080.000000
0 2827 0.095526 0.925000 0.044740 0.146296 0.484950 1654.000000 1080.000000
0 2828 0.096735 0.924537 0.044740 0.145370 0.481010 1654.000000 1080.000000
0 2829 0.098549 0.924074 0.044740 0.146296 0.484280 1654.000000 1080.000000
0 2830 0.100363 0.923611 0.044740 0.145370 0.487340 1654.000000 1080.000000
0 2831 0.102177 0.923148 0.044740 0.146296 0.490570 1654.000000 1080.000000
0 2832 0.103990 0.922685 0.044740 0.145370 0.507170 1654.000000 1080.000000
0 2833 0.105804 0.922222 0.044740 0.146296 0.502140 1654.000000 1080.000000
0 2834 0.107618 0.921759 0.044740 0.145370 0.473500 1654.000000 1080.000000
0 2835 0.109432 0.921296 0.044740 0.146296 0.444360 1654.000000 1080.000000
0 2836 0.111245 0.921296 0.044740 0.146296 0.417360 1654.000000 1080.000000
0 2837 0.113059 0.919907 0.045949 0.147222 0.399920 1654.000000 1080.000000
0 2838 0.115478 0.918981 0.047158 0.149074 0.376930 1654.000000 1080.000000
0 2839 0.117594 0.917593 0.047763 0.150000 0.360660 1654.000000 1080.000000
0 2840 0.120012 0.916667 0.048972 0.151852 0.346930 1654.000000 1080.000000
0 2841 0.122128 0.915278 0.049577 0.152778 0.341200 1654.000000 1080.000000
0 2842 0.124547 0.914352 0.050786 0.154630 0.332140 1654.000000 1080.000000
0 2843 0.126663 0.912963 0.051391 0.155556 0.327510 1654.000000 1080.000000
0 2844 0.129081 0.912037 0.052600 0.157407 0.320970 1654.000000 1080.000000
0 2845 0.131197 0.910648 0.054414 0.158333 0.320210 1654.000000 1080.000000
0 2846 0.133313 0.909722 0.055018 0.160185 0.319340 1654.000000 1080.000000
0 2847 0.135732 0.908333 0.056227 0.161111 0.319330 1654.000000 1080.000000
0 2848 0.137848 0.907407 0.056832 0.162963 0.314240 1654.000000 1080.000000
0 2849 0.140266 0.906019 0.058041 0.163889 0.314550 1654.000000 1080.000000
0 2850 0.142382 0.905093 0.058646 0.165741 0.323640 1654.000000 1080.000000
0 2851 0.144800 0.903704 0.059855 0.166667 0.355750 1654.000000 1080.000000
0 2852 0.147219 0.903241 0.061064 0.167593 0.370830 1654.000000 1080.000000
0 2853 0.149335 0.900926 0.060459 0.166667 0.380340 1654.000000 1080.000000
0 2854 0.152056 0.898611 0.059855 0.165741 0.423670 1654.000000 1080.000000
0 2855 0.154776 0.896296 0.059250 0.164815 0.469100 1654.000000 1080.000000
0 2856 0.157497 0.893981 0.058646 0.163889 0.510030 1654.000000 1080.000000
0 2857 0.160218 0.891667 0.058041 0.162963 0.538880 1654.000000 1080.000000
0 2858 0.162938 0.889352 0.057437 0.162037 0.546820 1654.000000 1080.000000
0 2859 0.165659 0.887037 0.056832 0.161111 0.546590 1654.000000 1080.000000
0 2860 0.168077 0.884722 0.056832 0.160185 0.550030 1654.000000 1080.000000
0 2861 0.170798 0.882407 0.056227 0.159259 0.560390 1654.000000 1080.000000
0 2862 0.173519 0.880093 0.055623 0.158333 0.563640 1654.000000 1080.000000
0 2863 0.176239 0.877778 0.055018 0.157407 0.577930 1654.000000 1080.000000
0 2864 0.178960 0.875463 0.054414 0.156481 0.584030 1654.000000 1080.000000
0 2865 0.181681 0.873148 0.053809 0.155556 0.595200 1654.000000 1080.000000
0 2866 0.184401 0.871296 0.053204 0.153704 0.604250 1654.000000 1080.000000
0 2867 0.185913 0.868519 0.052600 0.153704 0.614660 1654.000000 1080.000000
0 2868 0.187424 0.865741 0.051995 0.153704 0.631290 1654.000000 1080.000000
0 2869 0.189238 0.863889 0.051995 0.153704 0.642030 1654.000000 1080.000000
0 2870 0.190750 0.861111 0.051391 0.153704 0.653040 1654.000000 1080.000000
0 2871 0.192563 0.859259 0.051391 0.153704 0.656870 1654.000000 1080.000000
0 2872 0.194075 0.856481 0.050786 0.153704 0.650720 1654.000000 1080.000000
0 2873 0.195889 0.854630 0.050786 0.153704 0.639870 1654.000000 1080.000000
0 2874 0.197400 0.851852 0.050181 0.153704 0.640930 1654.000000 1080.000000
0 2875 0.199214 0.850000 0.050181 0.153704 0.496790 1654.000000 1080.000000
0 2876 0.200726 0.847222 0.049577 0.153704 0.489430 1654.000000 1080.000000
0 2877 0.202539 0.845370 0.049577 0.153704 0.484810 1654.000000 1080.000000
0 2878 0.204051 0.842593 0.048972 0.153704 0.496860 1654.000000 1080.000000
0 2879 0.206167 0.840741 0.048368 0.153704 0.508760 1654.000000 1080.000000
0 2880 0.207376 0.838889 0.048368 0.153704 0.525910 1654.000000 1080.000000
0 2881 0.209190 0.837037 0.048368 0.153704 0.546310 1654.000000 1080.000000
0 2882 0.211004 0.835648 0.048368 0.152778 0.556000 1654.000000 1080.000000
0 2883 0.212817 0.833796 0.048368 0.152778 0.578160 1654.000000 1080.000000
0 2884 0.214631 0.831944 0.048368 0.152778 0.586790 1654.000000 1080.000000
0 2885 0.216445 0.830556 0.048368 0.151852 0.605760 1654.000000 1080.000000
0 2886 0.218259 0.828704 0.048368 0.151852 0.612120 1654.000000 1080.000000
0 2887 0.220073 0.826852 0.048368 0.151852 0.629180 1654.000000 1080.000000
0 2888 0.221886 0.825463 0.048368 0.150926 0.633090 1654.000000 1080.000000
0 2889 0.223700 0.823611 0.048368 0.150926 0.651010 1654.000000 1080.000000
0 2890 0.225514 0.822685 0.048368 0.150926 0.664560 1654.000000 1080.000000
0 2891 0.226723 0.820833 0.048368 0.152778 0.677000 1654.000000 1080.000000
0 2892 0.228537 0.819444 0.048368 0.153704 0.688400 1654.000000 1080.000000
0 2893 0.230351 0.818056 0.048368 0.154630 0.688710 1654.000000 1080.000000
0 2894 0.232164 0.816667 0.048368 0.155556 0.701290 1654.000000 1080.000000
0 2895 0.233978 0.815278 0.048368 0.156481 0.703700 1654.000000 1080.000000
0 2896 0.235792 0.813426 0.048368 0.158333 0.686840 1654.000000 1080.000000
0 2897 0.237606 0.812037 0.048368 0.159259 0.673950 1654.000000 1080.000000
0 2898 0.239420 0.810648 0.048368 0.160185 0.653470 1654.000000 1080.000000
0 2899 0.241233 0.809259 0.048368 0.161111 0.642190 1654.000000 1080.000000
0 2900 0.243047 0.807870 0.048368 0.162037 0.631870 1654.000000 1080.000000
0 2901 0.244861 0.806481 0.048368 0.162963 0.612960 1654.000000 1080.000000
0 2902 0.245768 0.804167 0.047763 0.162037 0.624720 1654.000000 1080.000000
0 2903 0.246977 0.802315 0.047763 0.162037 0.621380 1654.000000 1080.000000
0 2904 0.248186 0.800463 0.047763 0.162037 0.626560 1654.000000 1080.000000
0 2905 0.249395 0.798148 0.047763 0.161111 0.626290 1654.000000 1080.000000
0 2906 0.250302 0.796296 0.047158 0.161111 0.641450 1654.000000 1080.000000
0 2907 0.251511 0.794444 0.047158 0.161111 0.639710 1654.000000 1080.000000
0 2908 0.252721 0.792130 0.047158 0.160185 0.652700 1654.000000 1080.000000
0 2909 0.253930 0.790278 0.047158 0.160185 0.652550 1654.000000 1080.000000
0 2910 0.254837 0.788426 0.046554 0.160185 0.676830 1654.000000 1080.000000
0 2911 0.256046 0.786111 0.046554 0.159259 0.680380 1654.000000 1080.000000
0 2912 0.257255 0.784259 0.046554 0.159259 0.693270 1654.000000 1080.000000
0 2913 0.258464 0.782407 0.046554 0.159259 0.688970 1654.000000 1080.000000
0 2914 0.259069 0.779630 0.046554 0.159259 0.699420 1654.000000 1080.000000
0 2915 0.260278 0.777778 0.046554 0.159259 0.689940 1654.000000 1080.000000
0 2916 0.261185 0.775463 0.045949 0.158333 0.708320 1654.000000 1080.000000
0 2917 0.262092 0.773611 0.046554 0.158333 0.683590 1654.000000 1080.000000
0 2918 0.263301 0.771759 0.046554 0.158333 0.670170 1654.000000 1080.000000
0 2919 0.264208 0.769444 0.045949 0.157407 0.670310 1654.000000 1080.000000
0 2920 0.265417 0.767593 0.045949 0.157407 0.655430 1654.000000 1080.000000
0 2921 0.266324 0.765278 0.046554 0.158333 0.633200 1654.000000 1080.000000
0 2922 0.267231 0.762963 0.045949 0.157407 0.625200 1654.000000 1080.000000
0 2923 0.268440 0.761111 0.045949 0.157407 0.601730 1654.000000 1080.000000
0 2924 0.269347 0.759259 0.046554 0.157407 0.561780 1654.000000 1080.000000
0 2925 0.270254 0.756944 0.045949 0.156481 0.544230 1654.000000 1080.000000
0 2926 0.271463 0.755093 0.045949 0.156481 0.519630 1654.000000 1080.000000
0 2927 0.272672 0.753241 0.045949 0.156481 0.498700 1654.000000 1080.000000
0 2928 0.273277 0.750463 0.045949 0.156481 0.495260 1654.000000 1080.000000
0 2929 0.273881 0.747685 0.045949 0.156481 0.492280 1654.000000 1080.000000
0 2930 0.274788 0.745833 0.046554 0.156481 0.476920 1654.000000 1080.000000
0 2931 0.275695 0.743056 0.045949 0.156481 0.480210 1654.000000 1080.000000
0 2932 0.276602 0.741204 0.046554 0.156481 0.456940 1654.000000 1080.000000
0 2933 0.277207 0.738426 0.046554 0.156481 0.447060 1654.000000 1080.000000
0 2934 0.278416 0.736574 0.046554 0.156481 0.429710 1654.000000 1080.000000
0 2935 0.279021 0.733796 0.046554 0.156481 0.416670 1654.000000 1080.000000
0 2936 0.279927 0.731944 0.047158 0.156481 0.395980 1654.000000 1080.000000
0 2937 0.280834 0.729167 0.046554 0.156481 0.391630 1654.000000 1080.000000
0 2938 0.281741 0.727315 0.047158 0.156481 0.379600 1654.000000 1080.000000
0 2939 0.282346 0.724537 0.047158 0.156481 0.374830 1654.000000 1080.000000
0 2940 0.283555 0.722685 0.047158 0.156481 0.358670 1654.000000 1080.000000
0 2941 0.283555 0.719907 0.047158 0.156481 0.354730 1654.000000 1080.000000
0 2942 0.284160 0.718056 0.047158 0.156481 0.344450 1654.000000 1080.000000
0 2943 0.284160 0.715278 0.047158 0.156481 0.344900 1654.000000 1080.000000
0 2944 0.284764 0.713426 0.047158 0.156481 0.332910 1654.000000 1080.000000
0 2945 0.284764 0.710648 0.047158 0.156481 0.340660 1654.000000 1080.000000
0 2946 0.285369 0.708796 0.047158 0.156481 0.328370 1654.000000 1080.000000
0 2947 0.285973 0.706481 0.047158 0.157407 0.312380 1654.000000 1080.000000
0 2948 0.285973 0.704167 0.047158 0.156481 0.284440 1654.000000 1080.000000
0 2949 0.286578 0.701852 0.047158 0.157407 0.275820 1654.000000 1080.000000
0 2950 0.286578 0.699537 0.047158 0.156481 0.262320 1654.000000 1080.000000
0 2951 0.287183 0.697222 0.047158 0.157407 0.258420 1654.000000 1080.000000
0 2952 0.287183 0.694907 0.047158 0.156481 0.251820 1654.000000 1080.000000
0 2953 0.287787 0.692593 0.047158 0.157407 0.240140 1654.000000 1080.000000
0 2954 0.288392 0.690741 0.047158 0.157407 0.228440 1654.000000 1080.000000
0 2955 0.287787 0.688889 0.047158 0.157407 0.220300 1654.000000 1080.000000
0 2956 0.287787 0.687037 0.047158 0.157407 0.220740 1654.000000 1080.000000
0 2957 0.287787 0.685185 0.047158 0.157407 0.216600 1654.000000 1080.000000
0 2958 0.287787 0.683333 0.047158 0.157407 0.217040 1654.000000 1080.000000
0 2959 0.287787 0.681481 0.047158 0.157407 0.220960 1654.000000 1080.000000
0 2960 0.287787 0.679630 0.047158 0.157407 0.217930 1654.000000 1080.000000
0 2961 0.287787 0.677778 0.047158 0.157407 0.218370 1654.000000 1080.000000
0 2962 0.287787 0.675926 0.047158 0.157407 0.220590 1654.000000 1080.000000
0 2963 0.287787 0.674074 0.047158 0.157407 0.221700 1654.000000 1080.000000
0 2964 0.287485 0.672222 0.046554 0.157407 0.223270 1654.000000 1080.000000
0 2965 0.287485 0.670370 0.046554 0.157407 0.224620 1654.000000 1080.000000
0 2966 0.287485 0.668519 0.046554 0.157407 0.226870 1654.000000 1080.000000
0 2967 0.287485 0.666667 0.046554 0.157407 0.228220 1654.000000 1080.000000
0 2968 0.287485 0.664815 0.046554 0.157407 0.227770 1654.000000 1080.000000
0 2969 0.287485 0.662963 0.046554 0.157407 0.230170 1654.000000 1080.000000
0 2970 0.287485 0.661111 0.046554 0.157407 0.229190 1654.000000 1080.000000
0 2971 0.287485 0.659259 0.046554 0.157407 0.227400 1654.000000 1080.000000
0 2972 0.287485 0.658333 0.046554 0.157407 0.219000 1654.000000 1080.000000
0 2973 0.286578 0.655556 0.045949 0.157407 0.227840 1654.000000 1080.000000
0 2974 0.285973 0.653704 0.045949 0.157407 0.231640 1654.000000 1080.000000
0 2975 0.285369 0.651852 0.045949 0.157407 0.233920 1654.000000 1080.000000
0 2976 0.284764 0.650000 0.045949 0.157407 0.231870 1654.000000 1080.000000
0 2977 0.283857 0.648148 0.045345 0.157407 0.235300 1654.000000 1080.000000
0 2978 0.283253 0.645833 0.045345 0.156481 0.243810 1654.000000 1080.000000
0 2979 0.282648 0.643981 0.045345 0.156481 0.240400 1654.000000 1080.000000
0 2980 0.282044 0.642130 0.045345 0.156481 0.244430 1654.000000 1080.000000
0 2981 0.281137 0.639815 0.044740 0.157407 0.290760 1654.000000 1080.000000
0 2982 0.280532 0.637963 0.044740 0.157407 0.291230 1654.000000 1080.000000
0 2983 0.279927 0.636111 0.044740 0.157407 0.296840 1654.000000 1080.000000
0 2984 0.279323 0.633796 0.044740 0.156481 0.299920 1654.000000 1080.000000
0 2985 0.278416 0.631944 0.044135 0.156481 0.301590 1654.000000 1080.000000
0 2986 0.277811 0.630093 0.044135 0.156481 0.306200 1654.000000 1080.000000
0 2987 0.277207 0.628241 0.044135 0.156481 0.308350 1654.000000 1080.000000
0 2988 0.276602 0.626389 0.044135 0.156481 0.307790 1654.000000 1080.000000
0 2989 0.276300 0.624537 0.043531 0.156481 0.309910 1654.000000 1080.000000
0 2990 0.275091 0.622685 0.043531 0.156481 0.312170 1654.000000 1080.000000
0 2991 0.273881 0.620833 0.043531 0.156481 0.313620 1654.000000 1080.000000
0 2992 0.273277 0.618981 0.043531 0.156481 0.315790 1654.000000 1080.000000
0 2993 0.272068 0.618056 0.043531 0.156481 0.313940 1654.000000 1080.000000
0 2994 0.271161 0.616204 0.044135 0.156481 0.320110 1654.000000 1080.000000
0 2995 0.270254 0.614352 0.043531 0.156481 0.325220 1654.000000 1080.000000
0 2996 0.269045 0.612500 0.043531 0.156481 0.329570 1654.000000 1080.000000
0 2997 0.268138 0.611574 0.044135 0.156481 0.326790 1654.000000 1080.000000
0 2998 0.267231 0.609722 0.043531 0.156481 0.331990 1654.000000 1080.000000
0 2999 0.266324 0.607870 0.044135 0.156481 0.335930 1654.000000 1080.000000
0 3000 0.265115 0.606019 0.044135 0.156481 0.337840 1654.000000 1080.000000
0 3001 0.264510 0.605093 0.044135 0.156481 0.335450 1654.000000 1080.000000
0 3002 0.263603 0.603241 0.043531 0.156481 0.330780 1654.000000 1080.000000
0 3003 0.262999 0.601389 0.043531 0.156481 0.332150 1654.000000 1080.000000
0 3004 0.262092 0.600000 0.042926 0.157407 0.333740 1654.000000 1080.000000
0 3005 0.261487 0.598148 0.042926 0.157407 0.335120 1654.000000 1080.000000
0 3006 0.260580 0.596296 0.042322 0.157407 0.335470 1654.000000 1080.000000
0 3007 0.259976 0.594907 0.042322 0.158333 0.332620 1654.000000 1080.000000
0 3008 0.259069 0.593056 0.041717 0.158333 0.341860 1654.000000 1080.000000
0 3009 0.258464 0.591667 0.041717 0.159259 0.344260 1654.000000 1080.000000
0 3010 0.257557 0.589815 0.041112 0.159259 0.351510 1654.000000 1080.000000
0 3011 0.256953 0.587963 0.041112 0.159259 0.351930 1654.000000 1080.000000
0 3012 0.256046 0.586574 0.040508 0.160185 0.354800 1654.000000 1080.000000
0 3013 0.255441 0.585185 0.040508 0.159259 0.355660 1654.000000 1080.000000
0 3014 0.254534 0.583333 0.039903 0.159259 0.365540 1654.000000 1080.000000
0 3015 0.253930 0.581944 0.039903 0.160185 0.364730 1654.000000 1080.000000
0 3016 0.253023 0.580093 0.039299 0.160185 0.372520 1654.000000 1080.000000
0 3017 0.252418 0.578704 0.039299 0.161111 0.372640 1654.000000 1080.000000
0 3018 0.251511 0.576852 0.038694 0.161111 0.380750 1654.000000 1080.000000
0 3019 0.250907 0.575000 0.038694 0.161111 0.385490 1654.000000 1080.000000
0 3020 0.250000 0.573611 0.038089 0.162037 0.385740 1654.000000 1080.000000
0 3021 0.249395 0.571759 0.038089 0.162037 0.383970 1654.000000 1080.000000
0 3022 0.248489 0.569907 0.037485 0.162037 0.385910 1654.000000 1080.000000
0 3023 0.247884 0.568519 0.037485 0.162963 0.380680 1654.000000 1080.000000
0 3024 0.246977 0.566667 0.036880 0.162963 0.377980 1654.000000 1080.000000
0 3025 0.246372 0.565741 0.036880 0.162963 0.371700 1654.000000 1080.000000
0 3026 0.246070 0.563426 0.036276 0.162037 0.366800 1654.000000 1080.000000
0 3027 0.246070 0.561574 0.036276 0.162037 0.360470 1654.000000 1080.000000
0 3028 0.246070 0.559722 0.036276 0.162037 0.346030 1654.000000 1080.000000
0 3029 0.246070 0.557870 0.036276 0.162037 0.330480 1654.000000 1080.000000
0 3030 0.246070 0.556019 0.036276 0.162037 0.323860 1654.000000 1080.000000
0 3031 0.246070 0.554167 0.036276 0.162037 0.306450 1654.000000 1080.000000
0 3032 0.246070 0.551852 0.036276 0.161111 0.300230 1654.000000 1080.000000
0 3033 0.246070 0.550000 0.036276 0.161111 0.294610 1654.000000 1080.000000
0 3034 0.246070 0.548148 0.036276 0.161111 0.289840 1654.000000 1080.000000
0 3035 0.246070 0.546296 0.036276 0.161111 0.284400 1654.000000 1080.000000
0 3036 0.246070 0.544444 0.036276 0.161111 0.280190 1654.000000 1080.000000
0 3037 0.246070 0.542593 0.036276 0.161111 0.276350 1654.000000 1080.000000
0 3038 0.246070 0.540278 0.036276 0.160185 0.272850 1654.000000 1080.000000
0 3039 0.246070 0.538426 0.036276 0.160185 0.269550 1654.000000 1080.000000
0 3040 0.246070 0.536574 0.036276 0.160185 0.270400 1654.000000 1080.000000
0 3041 0.246070 0.534722 0.036276 0.160185 0.265500 1654.000000 1080.000000
0 3042 0.246070 0.532870 0.036276 0.160185 0.262950 1654.000000 1080.000000
0 3043 0.246070 0.531019 0.036276 0.160185 0.260790 1654.000000 1080.000000
0 3044 0.247279 0.529167 0.036276 0.160185 0.251740 1654.000000 1080.000000
0 3045 0.248489 0.528241 0.036276 0.160185 0.240250 1654.000000 1080.000000
0 3046 0.250302 0.526389 0.036276 0.160185 0.233180 1654.000000 1080.000000
0 3047 0.251511 0.525463 0.036276 0.160185 0.227530 1654.000000 1080.000000
0 3048 0.252721 0.523611 0.036276 0.160185 0.223950 1654.000000 1080.000000
0 3049 0.254534 0.522685 0.036276 0.160185 0.222250 1654.000000 1080.000000
0 3050 0.255744 0.520833 0.036276 0.160185 0.224330 1654.000000 1080.000000
0 3051 0.256953 0.519907 0.036276 0.160185 0.189660 1654.000000 1080.000000
0 3052 0.258767 0.518056 0.036276 0.160185 0.190500 1654.000000 1080.000000
0 3053 0.259976 0.517130 0.036276 0.160185 0.180610 1654.000000 1080.000000
0 3054 0.261185 0.515278 0.036276 0.160185 0.182400 1654.000000 1080.000000
0 3055 0.262999 0.514352 0.036276 0.160185 0.171850 1654.000000 1080.000000
0 3056 0.264208 0.513426 0.036276 0.160185 0.172040 1654.000000 1080.000000
0 3057 0.265417 0.511574 0.036276 0.160185 0.180420 1654.000000 1080.000000
0 3058 0.267231 0.510648 0.036276 0.160185 0.183250 1654.000000 1080.000000
0 3059 0.268440 0.508796 0.036276 0.160185 0.193050 1654.000000 1080.000000
0 3060 0.269649 0.507870 0.036276 0.160185 0.200400 1654.000000 1080.000000
0 3061 0.271463 0.506019 0.036276 0.160185 0.214150 1654.000000 1080.000000
0 3062 0.272672 0.505093 0.036276 0.160185 0.219710 1654.000000 1080.000000
0 3063 0.273881 0.503241 0.036276 0.160185 0.237050 1654.000000 1080.000000
0 3064 0.275695 0.502315 0.036276 0.160185 0.247600 1654.000000 1080.000000
0 3065 0.276904 0.500463 0.036276 0.160185 0.265030 1654.000000 1080.000000
0 3066 0.278114 0.499537 0.036276 0.160185 0.275390 1654.000000 1080.000000
0 3067 0.279927 0.498611 0.036276 0.160185 0.275770 1654.000000 1080.000000
0 3068 0.281137 0.496759 0.036276 0.160185 0.276900 1654.000000 1080.000000
0 3069 0.282346 0.495833 0.036276 0.160185 0.278780 1654.000000 1080.000000
0 3070 0.283857 0.494907 0.036880 0.160185 0.280680 1654.000000 1080.000000
0 3071 0.285369 0.493981 0.036276 0.160185 0.276710 1654.000000 1080.000000
0 3072 0.286578 0.493056 0.036276 0.160185 0.281040 1654.000000 1080.000000
0 3073 0.288089 0.491204 0.036880 0.160185 0.290510 1654.000000 1080.000000
0 3074 0.289299 0.490278 0.036880 0.160185 0.291710 1654.000000 1080.000000
0 3075 0.290810 0.489352 0.036276 0.160185 0.296970 1654.000000 1080.000000
0 3076 0.292322 0.488426 0.036880 0.160185 0.304040 1654.000000 1080.000000
0 3077 0.293531 0.487500 0.036880 0.160185 0.317020 1654.000000 1080.000000
0 3078 0.294740 0.485648 0.036880 0.160185 0.321840 1654.000000 1080.000000
0 3079 0.296554 0.484722 0.036880 0.160185 0.336390 1654.000000 1080.000000
0 3080 0.297763 0.483796 0.036880 0.160185 0.348540 1654.000000 1080.000000
0 3081 0.298972 0.482870 0.036880 0.160185 0.361050 1654.000000 1080.000000
0 3082 0.300786 0.481944 0.036880 0.160185 0.382280 1654.000000 1080.000000
0 3083 0.301391 0.480093 0.036880 0.160185 0.394510 1654.000000 1080.000000
0 3084 0.301995 0.479167 0.036880 0.160185 0.403600 1654.000000 1080.000000
0 3085 0.303204 0.477315 0.036880 0.160185 0.427510 1654.000000 1080.000000
0 3086 0.303809 0.476389 0.036880 0.160185 0.437710 1654.000000 1080.000000
0 3087 0.304716 0.474537 0.037485 0.160185 0.451920 1654.000000 1080.000000
0 3088 0.305623 0.473611 0.036880 0.160185 0.467560 1654.000000 1080.000000
0 3089 0.306227 0.471759 0.036880 0.160185 0.483870 1654.000000 1080.000000
0 3090 0.307134 0.470833 0.037485 0.160185 0.493710 1654.000000 1080.000000
0 3091 0.308041 0.468981 0.036880 0.160185 0.513900 1654.000000 1080.000000
0 3092 0.308948 0.468056 0.037485 0.160185 0.527370 1654.000000 1080.000000
0 3093 0.309553 0.467130 0.037485 0.160185 0.538500 1654.000000 1080.000000
0 3094 0.310459 0.465278 0.036880 0.160185 0.556920 1654.000000 1080.000000
0 3095 0.311366 0.464352 0.037485 0.160185 0.568780 1654.000000 1080.000000
0 3096 0.311971 0.462500 0.037485 0.160185 0.586020 1654.000000 1080.000000
0 3097 0.313180 0.461574 0.037485 0.160185 0.601260 1654.000000 1080.000000
0 3098 0.313785 0.459722 0.037485 0.160185 0.622610 1654.000000 1080.000000
0 3099 0.314389 0.458796 0.037485 0.160185 0.632180 1654.000000 1080.000000
0 3100 0.315599 0.456944 0.037485 0.160185 0.657360 1654.000000 1080.000000
0 3101 0.316203 0.456019 0.037485 0.160185 0.672780 1654.000000 1080.000000
0 3102 0.317412 0.455093 0.037485 0.160185 0.699230 1654.000000 1080.000000
0 3103 0.317412 0.452315 0.037485 0.158333 0.717520 1654.000000 1080.000000
0 3104 0.318017 0.449537 0.037485 0.156481 0.742760 1654.000000 1080.000000
0 3105 0.318622 0.447222 0.037485 0.153704 0.766470 1654.000000 1080.000000
0 3106 0.318924 0.444444 0.036880 0.151852 0.788370 1654.000000 1080.000000
0 3107 0.319528 0.442130 0.036880 0.149074 0.814720 1654.000000 1080.000000
0 3108 0.320133 0.439352 0.036880 0.147222 0.837300 1654.000000 1080.000000
0 3109 0.320133 0.437500 0.036880 0.145370 0.849940 1654.000000 1080.000000
0 3110 0.320738 0.434722 0.036880 0.143519 0.878720 1654.000000 1080.000000
0 3111 0.321342 0.432407 0.036880 0.140741 0.893740 1654.000000 1080.000000
0 3112 0.321644 0.429630 0.036276 0.138889 0.904570 1654.000000 1080.000000
0 3113 0.322249 0.427315 0.036276 0.136111 0.915490 1654.000000 1080.000000
0 3114 0.322854 0.424537 0.036276 0.134259 0.713230 1654.000000 1080.000000
0 3115 0.323458 0.422685 0.036276 0.132407 0.721310 1654.000000 1080.000000
0 3116 0.323458 0.420833 0.036276 0.132407 0.741350 1654.000000 1080.000000
0 3117 0.323458 0.418981 0.036276 0.132407 0.746810 1654.000000 1080.000000
0 3118 0.324063 0.417593 0.036276 0.133333 0.749580 1654.000000 1080.000000
0 3119 0.324063 0.415741 0.036276 0.133333 0.769360 1654.000000 1080.000000
0 3120 0.324667 0.414352 0.036276 0.134259 0.757020 1654.000000 1080.000000
0 3121 0.324667 0.412500 0.036276 0.134259 0.776560 1654.000000 1080.000000
0 3122 0.325272 0.410648 0.036276 0.134259 0.779920 1654.000000 1080.000000
0 3123 0.325272 0.409259 0.036276 0.135185 0.781530 1654.000000 1080.000000
0 3124 0.325877 0.407870 0.036276 0.134259 0.784300 1654.000000 1080.000000
0 3125 0.325877 0.406481 0.036276 0.135185 0.982600 1654.000000 1080.000000
0 3126 0.326481 0.404630 0.036276 0.135185 0.788560 1654.000000 1080.000000
0 3127 0.326481 0.402778 0.036276 0.135185 0.807630 1654.000000 1080.000000
0 3128 0.327086 0.401389 0.036276 0.136111 0.990250 1654.000000 1080.000000
0 3129 0.327086 0.399537 0.036276 0.136111 0.992690 1654.000000 1080.000000
0 3130 0.327690 0.398148 0.036276 0.137037 0.992740 1654.000000 1080.000000
0 3131 0.327690 0.396296 0.036276 0.137037 0.995160 1654.000000 1080.000000
0 3132 0.328295 0.395370 0.036276 0.137037 0.996700 1654.000000 1080.000000
0 3133 0.328295 0.393519 0.036276 0.137037 0.998900 1654.000000 1080.000000
0 3134 0.328597 0.392130 0.035671 0.137963 0.999000 1654.000000 1080.000000
0 3135 0.328900 0.390741 0.035067 0.137037 1.000000 1654.000000 1080.000000
0 3136 0.329202 0.389352 0.035671 0.137963 1.000000 1654.000000 1080.000000
0 3137 0.329504 0.387963 0.035067 0.137037 1.000000 1654.000000 1080.000000
0 3138 0.329807 0.386574 0.034462 0.137963 1.000000 1654.000000 1080.000000
0 3139 0.330411 0.385185 0.034462 0.137037 1.000000 1654.000000 1080.000000
0 3140 0.330411 0.383796 0.034462 0.137963 1.000000 1654.000000 1080.000000
0 3141 0.330713 0.381944 0.033857 0.137963 1.000000 1654.000000 1080.000000
0 3142 0.331016 0.381019 0.033253 0.137963 1.000000 1654.000000 1080.000000
0 3143 0.331318 0.379167 0.033857 0.137963 1.000000 1654.000000 1080.000000
0 3144 0.331620 0.378241 0.033253 0.137963 1.000000 1654.000000 1080.000000
0 3145 0.331923 0.376389 0.032648 0.137963 1.000000 1654.000000 1080.000000
0 3146 0.332527 0.375463 0.032648 0.137963 1.000000 1654.000000 1080.000000
0 3147 0.332527 0.373148 0.032648 0.137037 1.000000 1654.000000 1080.000000
0 3148 0.332527 0.371296 0.032648 0.137037 1.000000 1654.000000 1080.000000
0 3149 0.332527 0.369444 0.032648 0.137037 1.000000 1654.000000 1080.000000
0 3150 0.333132 0.367593 0.032648 0.135185 1.000000 1654.000000 1080.000000
0 3151 0.333132 0.365741 0.032648 0.135185 1.000000 1654.000000 1080.000000
0 3152 0.333132 0.363889 0.032648 0.135185 1.000000 1654.000000 1080.000000
0 3153 0.333132 0.362037 0.032648 0.135185 1.000000 1654.000000 1080.000000
0 3154 0.333736 0.360185 0.032648 0.133333 0.854550 1654.000000 1080.000000
0 3155 0.333736 0.358333 0.032648 0.133333 0.854550 1654.000000 1080.000000
0 3156 0.333736 0.356481 0.032648 0.133333 0.872730 1654.000000 1080.000000
0 3157 0.334341 0.355093 0.032648 0.132407 0.872730 1654.000000 1080.000000
0 3158 0.334341 0.355093 0.032648 0.132407 0.890910 1654.000000 1080.000000
0 3159 0.334946 0.355093 0.032648 0.132407 0.872730 1654.000000 1080.000000
0 3160 0.335550 0.355093 0.032648 0.132407 0.872730 1654.000000 1080.000000
0 3161 0.336155 0.355093 0.032648 0.132407 0.872730 1654.000000 1080.000000
0 3162 0.336759 0.355093 0.032648 0.132407 0.872730 1654.000000 1080.000000
0 3163 0.337364 0.355093 0.032648 0.132407 0.854550 1654.000000 1080.000000
0 3164 0.337969 0.355093 0.032648 0.132407 0.854550 1654.000000 1080.000000
0 3165 0.337969 0.355093 0.032648 0.132407 0.872730 1654.000000 1080.000000
0 3166 0.338573 0.355093 0.032648 0.132407 0.872730 1654.000000 1080.000000
0 3167 0.339178 0.355093 0.032648 0.132407 1.000000 1654.000000 1080.000000
0 3168 0.339782 0.355093 0.032648 0.132407 1.000000 1654.000000 1080.000000
0 3169 0.340387 0.355093 0.032648 0.132407 1.000000 1654.000000 1080.000000
0 3170 0.340992 0.355093 0.032648 0.132407 1.000000 1654.000000 1080.000000
0 3171 0.341596 0.355093 0.032648 0.132407 1.000000 1654.000000 1080.000000
0 3172 0.341596 0.353241 0.032648 0.132407 1.000000 1654.000000 1080.000000
0 3173 0.342201 0.352315 0.032648 0.132407 1.000000 1654.000000 1080.000000
0 3174 0.342805 0.351389 0.032648 0.132407 1.000000 1654.000000 1080.000000
0 3175 0.343410 0.349537 0.032648 0.132407 1.000000 1654.000000 1080.000000
0 3176 0.343712 0.348611 0.032044 0.132407 1.000000 1654.000000 1080.000000
0 3177 0.344317 0.347685 0.032044 0.132407 1.000000 1654.000000 1080.000000
0 3178 0.344619 0.345833 0.032648 0.132407 1.000000 1654.000000 1080.000000
0 3179 0.345224 0.344907 0.032648 0.132407 1.000000 1654.000000 1080.000000
0 3180 0.345828 0.343981 0.032648 0.132407 1.000000 1654.000000 1080.000000
0 3181 0.346131 0.342130 0.032044 0.132407 0.796300 1654.000000 1080.000000
0 3182 0.346735 0.341204 0.032044 0.132407 0.777780 1654.000000 1080.000000
0 3183 0.347340 0.340278 0.032044 0.132407 0.777780 1654.000000 1080.000000
0 3184 0.347642 0.338426 0.032648 0.132407 0.763640 1654.000000 1080.000000
0 3185 0.347944 0.337500 0.032044 0.132407 0.777780 1654.000000 1080.000000
0 3186 0.348549 0.336574 0.032044 0.132407 0.759260 1654.000000 1080.000000
0 3187 0.349154 0.334722 0.032044 0.132407 0.759260 1654.000000 1080.000000
0 3188 0.349758 0.333796 0.032044 0.132407 0.740740 1654.000000 1080.000000
0 3189 0.350363 0.332870 0.032044 0.132407 0.740740 1654.000000 1080.000000
0 3190 0.350363 0.331481 0.032044 0.133333 0.740740 1654.000000 1080.000000
0 3191 0.350967 0.330556 0.032044 0.133333 0.740740 1654.000000 1080.000000
0 3192 0.351572 0.329630 0.032044 0.133333 0.740740 1654.000000 1080.000000
0 3193 0.352177 0.328704 0.032044 0.133333 0.740740 1654.000000 1080.000000
0 3194 0.352781 0.327778 0.032044 0.133333 1.000000 1654.000000 1080.000000
0 3195 0.353386 0.326852 0.032044 0.133333 1.000000 1654.000000 1080.000000
0 3196 0.353688 0.325926 0.032648 0.135185 1.000000 1654.000000 1080.000000
0 3197 0.354293 0.325000 0.032648 0.135185 1.000000 1654.000000 1080.000000
0 3198 0.354897 0.324074 0.032648 0.135185 1.000000 1654.000000 1080.000000
0 3199 0.355502 0.323148 0.032648 0.135185 1.000000 1654.000000 1080.000000
0 3200 0.355804 0.322222 0.032044 0.135185 1.000000 1654.000000 1080.000000
0 3201 0.356409 0.321296 0.032044 0.135185 1.000000 1654.000000 1080.000000
0 3202 0.357013 0.320370 0.032044 0.135185 1.000000 1654.000000 1080.000000
0 3203 0.357316 0.319444 0.032648 0.137037 1.000000 1654.000000 1080.000000
0 3204 0.357920 0.318519 0.032648 0.137037 1.000000 1654.000000 1080.000000
0 3205 0.358525 0.317593 0.032648 0.137037 1.000000 1654.000000 1080.000000
0 3206 0.359129 0.316667 0.032648 0.137037 1.000000 1654.000000 1080.000000
0 3207 0.359734 0.315741 0.032648 0.137037 0.985230 1654.000000 1080.000000
0 3208 0.360339 0.314815 0.032648 0.137037 0.970710 1654.000000 1080.000000
0 3209 0.360943 0.314352 0.032648 0.137963 0.956360 1654.000000 1080.000000
0 3210 0.360943 0.312037 0.032648 0.137037 0.957170 1654.000000 1080.000000
0 3211 0.361548 0.310185 0.032648 0.137037 0.943870 1654.000000 1080.000000
0 3212 0.361548 0.308333 0.032648 0.135185 0.944590 1654.000000 1080.000000
0 3213 0.362152 0.306481 0.032648 0.135185 0.931970 1654.000000 1080.000000
0 3214 0.362455 0.304630 0.032044 0.133333 0.927330 1654.000000 1080.000000
0 3215 0.362757 0.302778 0.032648 0.133333 0.908970 1654.000000 1080.000000
0 3216 0.363059 0.300463 0.032044 0.132407 0.903290 1654.000000 1080.000000
0 3217 0.363664 0.299074 0.032044 0.131481 0.885780 1654.000000 1080.000000
0 3218 0.363664 0.296759 0.032044 0.130556 0.796820 1654.000000 1080.000000
0 3219 0.364268 0.295370 0.032044 0.129630 0.789990 1654.000000 1080.000000
0 3220 0.364571 0.293056 0.031439 0.128704 0.801080 1654.000000 1080.000000
0 3221 0.364873 0.291204 0.032044 0.128704 0.787040 1654.000000 1080.000000
0 3222 0.365175 0.289352 0.031439 0.126852 0.792040 1654.000000 1080.000000
0 3223 0.365780 0.287500 0.031439 0.126852 0.783700 1654.000000 1080.000000
0 3224 0.365780 0.285648 0.031439 0.125000 0.788980 1654.000000 1080.000000
0 3225 0.366385 0.283796 0.031439 0.125000 0.785240 1654.000000 1080.000000
0 3226 0.366989 0.282407 0.031439 0.124074 0.780150 1654.000000 1080.000000
0 3227 0.366989 0.280556 0.031439 0.124074 0.787700 1654.000000 1080.000000
0 3228 0.367594 0.278704 0.031439 0.124074 0.778480 1654.000000 1080.000000
0 3229 0.368198 0.277778 0.031439 0.124074 0.768970 1654.000000 1080.000000
0 3230 0.368803 0.275926 0.031439 0.124074 0.751780 1654.000000 1080.000000
0 3231 0.369407 0.274074 0.031439 0.124074 0.743820 1654.000000 1080.000000
0 3232 0.370012 0.273148 0.031439 0.124074 0.736410 1654.000000 1080.000000
0 3233 0.370012 0.271296 0.031439 0.124074 0.729560 1654.000000 1080.000000
0 3234 0.370617 0.269444 0.031439 0.124074 0.723270 1654.000000 1080.000000
0 3235 0.371221 0.268519 0.031439 0.124074 0.705800 1654.000000 1080.000000
0 3236 0.371826 0.266667 0.031439 0.124074 0.700210 1654.000000 1080.000000
0 3237 0.372430 0.265741 0.031439 0.124074 0.682880 1654.000000 1080.000000
0 3238 0.373035 0.263889 0.031439 0.124074 0.677990 1654.000000 1080.000000
0 3239 0.373035 0.262037 0.031439 0.124074 0.683020 1654.000000 1080.000000
0 3240 0.373640 0.261111 0.031439 0.124074 0.677290 1654.000000 1080.000000
0 3241 0.374244 0.259259 0.031439 0.124074 0.673790 1654.000000 1080.000000
0 3242 0.374849 0.257407 0.031439 0.124074 0.670860 1654.000000 1080.000000
0 3243 0.375453 0.256481 0.031439 0.124074 0.666250 1654.000000 1080.000000
0 3244 0.376058 0.254630 0.031439 0.124074 0.657860 1654.000000 1080.000000
0 3245 0.376663 0.253704 0.031439 0.124074 0.656740 1654.000000 1080.000000
0 3246 0.377267 0.251852 0.031439 0.124074 0.656180 1654.000000 1080.000000
0 3247 0.377872 0.250926 0.031439 0.124074 0.653250 1654.000000 1080.000000
0 3248 0.378476 0.250000 0.031439 0.124074 0.650590 1654.000000 1080.000000
0 3249 0.379383 0.248148 0.030834 0.124074 0.644730 1654.000000 1080.000000
0 3250 0.379988 0.247222 0.030834 0.124074 0.642740 1654.000000 1080.000000
0 3251 0.380593 0.246296 0.030834 0.124074 0.641030 1654.000000 1080.000000
0 3252 0.381197 0.244907 0.030834 0.123148 0.646100 1654.000000 1080.000000
0 3253 0.382406 0.243519 0.030834 0.124074 0.626920 1654.000000 1080.000000
0 3254 0.383011 0.242593 0.030834 0.124074 0.626350 1654.000000 1080.000000
0 3255 0.383615 0.241204 0.030834 0.123148 0.625140 1654.000000 1080.000000
0 3256 0.384522 0.240278 0.030230 0.123148 0.618090 1654.000000 1080.000000
0 3257 0.385127 0.238889 0.030230 0.124074 0.619610 1654.000000 1080.000000
0 3258 0.385732 0.237500 0.030230 0.123148 0.629210 1654.000000 1080.000000
0 3259 0.386336 0.236574 0.030230 0.123148 0.630670 1654.000000 1080.000000
0 3260 0.387545 0.235185 0.030230 0.124074 0.613650 1654.000000 1080.000000
0 3261 0.388150 0.233796 0.030230 0.123148 0.620130 1654.000000 1080.000000
0 3262 0.388755 0.232870 0.030230 0.123148 0.622620 1654.000000 1080.000000
0 3263 0.389359 0.231944 0.030230 0.123148 0.628040 1654.000000 1080.000000
0 3264 0.390266 0.230093 0.029625 0.123148 0.648360 1654.000000 1080.000000
0 3265 0.390871 0.229167 0.029625 0.123148 0.657310 1654.000000 1080.000000
0 3266 0.391475 0.228241 0.029625 0.123148 0.659250 1654.000000 1080.000000
0 3267 0.392684 0.227315 0.029625 0.123148 0.644780 1654.000000 1080.000000
0 3268 0.393289 0.225463 0.029625 0.123148 0.671640 1654.000000 1080.000000
0 3269 0.393894 0.224074 0.029625 0.124074 0.676000 1654.000000 1080.000000
0 3270 0.394498 0.222685 0.029625 0.123148 0.684930 1654.000000 1080.000000
0 3271 0.395103 0.221296 0.029625 0.124074 0.710520 1654.000000 1080.000000
0 3272 0.395707 0.219907 0.029625 0.123148 0.719700 1654.000000 1080.000000
0 3273 0.396312 0.218519 0.029625 0.124074 0.725930 1654.000000 1080.000000
0 3274 0.396917 0.217130 0.029625 0.123148 0.733730 1654.000000 1080.000000
0 3275 0.397521 0.215741 0.029625 0.124074 0.753330 1654.000000 1080.000000
0 3276 0.398126 0.214352 0.029625 0.123148 0.757310 1654.000000 1080.000000
0 3277 0.398730 0.212963 0.029625 0.124074 0.759260 1654.000000 1080.000000
0 3278 0.399335 0.211574 0.029625 0.123148 0.783580 1654.000000 1080.000000
0 3279 0.399940 0.210185 0.029625 0.124074 0.786370 1654.000000 1080.000000
0 3280 0.400544 0.208333 0.029625 0.124074 0.796440 1654.000000 1080.000000
0 3281 0.401149 0.207407 0.029625 0.124074 0.800000 1654.000000 1080.000000
0 3282 0.401753 0.205556 0.029625 0.124074 0.820000 1654.000000 1080.000000
0 3283 0.402358 0.204630 0.029625 0.124074 0.820000 1654.000000 1080.000000
0 3284 0.402963 0.202778 0.029625 0.124074 0.820000 1654.000000 1080.000000
0 3285 0.403567 0.201852 0.029625 0.124074 0.840000 1654.000000 1080.000000
0 3286 0.404172 0.200000 0.029625 0.124074 0.841190 1654.000000 1080.000000
0 3287 0.404776 0.199074 0.029625 0.124074 0.842370 1654.000000 1080.000000
0 3288 0.405381 0.197222 0.029625 0.124074 0.843560 1654.000000 1080.000000
0 3289 0.405985 0.196296 0.029625 0.124074 0.844740 1654.000000 1080.000000
0 3290 0.406590 0.194444 0.029625 0.124074 0.847110 1654.000000 1080.000000
0 3291 0.407195 0.193519 0.029625 0.124074 0.847110 1654.000000 1080.000000
0 3292 0.407195 0.192593 0.029625 0.124074 0.867260 1654.000000 1080.000000
0 3293 0.407799 0.192593 0.029625 0.124074 0.866220 1654.000000 1080.000000
0 3294 0.408102 0.192593 0.030230 0.124074 0.868850 1654.000000 1080.000000
0 3295 0.408404 0.191667 0.029625 0.124074 0.905190 1654.000000 1080.000000
0 3296 0.409008 0.191667 0.029625 0.124074 0.904440 1654.000000 1080.000000
0 3297 0.409311 0.191667 0.030230 0.124074 0.906320 1654.000000 1080.000000
0 3298 0.409613 0.190741 0.029625 0.124074 0.923560 1654.000000 1080.000000
0 3299 0.409915 0.190741 0.030230 0.124074 0.925050 1654.000000 1080.000000
0 3300 0.410520 0.190741 0.030230 0.124074 0.925050 1654.000000 1080.000000
0 3301 0.411125 0.190741 0.030230 0.124074 0.924470 1654.000000 1080.000000
0 3302 0.412031 0.188889 0.030834 0.124074 0.908830 1654.000000 1080.000000
0 3303 0.413241 0.187037 0.032044 0.124074 0.878050 1654.000000 1080.000000
0 3304 0.414450 0.185648 0.032044 0.123148 0.861800 1654.000000 1080.000000
0 3305 0.415659 0.183796 0.033253 0.123148 0.852480 1654.000000 1080.000000
0 3306 0.417170 0.182870 0.033857 0.123148 0.822860 1654.000000 1080.000000
0 3307 0.417473 0.182870 0.034462 0.123148 0.825910 1654.000000 1080.000000
0 3308 0.418077 0.182870 0.034462 0.123148 0.824500 1654.000000 1080.000000
0 3309 0.418682 0.183796 0.034462 0.123148 0.823080 1654.000000 1080.000000
0 3310 0.419287 0.183796 0.034462 0.123148 0.823080 1654.000000 1080.000000
0 3311 0.419891 0.184722 0.034462 0.123148 0.820250 1654.000000 1080.000000
0 3312 0.420496 0.184722 0.034462 0.123148 0.820250 1654.000000 1080.000000
0 3313 0.421100 0.185648 0.034462 0.123148 0.817420 1654.000000 1080.000000
0 3314 0.421705 0.185648 0.034462 0.123148 0.817420 1654.000000 1080.000000
0 3315 0.422612 0.186574 0.035067 0.123148 0.819120 1654.000000 1080.000000
