0 864 0.002116 0.545370 0.003023 0.157407 0.988300 1654.000000 1080.000000
0 865 0.002721 0.544444 0.004232 0.157407 0.982460 1654.000000 1080.000000
0 866 0.002721 0.543519 0.004232 0.157407 0.976610 1654.000000 1080.000000
0 867 0.003023 0.542593 0.004837 0.157407 0.970760 1654.000000 1080.000000
0 868 0.003023 0.541667 0.004837 0.157407 0.964910 1654.000000 1080.000000
0 869 0.003325 0.540741 0.005441 0.157407 0.959060 1654.000000 1080.000000
0 870 0.003628 0.540741 0.006046 0.157407 0.947370 1654.000000 1080.000000
0 871 0.003628 0.539815 0.006046 0.157407 0.941520 1654.000000 1080.000000
0 872 0.003930 0.538889 0.006651 0.157407 0.935670 1654.000000 1080.000000
0 873 0.003930 0.537963 0.006651 0.157407 0.929820 1654.000000 1080.000000
0 874 0.004232 0.537037 0.007255 0.157407 0.929820 1654.000000 1080.000000
0 875 0.004534 0.537037 0.007860 0.157407 0.918130 1654.000000 1080.000000
0 876 0.004232 0.534259 0.007255 0.157407 0.929820 1654.000000 1080.000000
0 877 0.004232 0.532407 0.007255 0.157407 0.929820 1654.000000 1080.000000
0 878 0.004232 0.529630 0.007255 0.157407 0.941520 1654.000000 1080.000000
0 879 0.004232 0.527778 0.007255 0.157407 0.947370 1654.000000 1080.000000
0 880 0.004534 0.526852 0.007860 0.157407 0.941520 1654.000000 1080.000000
0 881 0.004837 0.525926 0.008464 0.157407 0.941520 1654.000000 1080.000000
0 882 0.005139 0.525000 0.009069 0.157407 0.935670 1654.000000 1080.000000
0 883 0.005441 0.524074 0.009674 0.157407 0.935670 1654.000000 1080.000000
0 884 0.005744 0.524074 0.010278 0.157407 0.929820 1654.000000 1080.000000
0 885 0.006046 0.523148 0.010883 0.157407 0.923980 1654.000000 1080.000000
0 886 0.006348 0.522222 0.011487 0.157407 0.923980 1654.000000 1080.000000
0 887 0.006651 0.521296 0.012092 0.157407 0.918130 1654.000000 1080.000000
0 888 0.006953 0.521296 0.012696 0.157407 0.912280 1654.000000 1080.000000
0 889 0.007557 0.521296 0.013906 0.157407 0.906430 1654.000000 1080.000000
0 890 0.008162 0.522222 0.015115 0.157407 0.888890 1654.000000 1080.000000
0 891 0.008767 0.522222 0.016324 0.157407 0.883040 1654.000000 1080.000000
0 892 0.009371 0.523148 0.017533 0.157407 0.865500 1654.000000 1080.000000
0 893 0.009674 0.520370 0.018138 0.157407 0.877190 1654.000000 1080.000000
0 894 0.009976 0.518519 0.018742 0.157407 0.883040 1654.000000 1080.000000
0 895 0.010278 0.516204 0.019347 0.156481 0.888240 1654.000000 1080.000000
0 896 0.010580 0.513889 0.019952 0.157407 0.894740 1654.000000 1080.000000
0 897 0.010883 0.511574 0.020556 0.156481 0.900000 1654.000000 1080.000000
0 898 0.011185 0.509722 0.021161 0.156481 0.908500 1654.000000 1080.000000
0 899 0.011487 0.506944 0.021765 0.156481 0.919870 1654.000000 1080.000000
0 900 0.011790 0.505093 0.022370 0.156481 0.924150 1654.000000 1080.000000
0 901 0.012394 0.503241 0.023579 0.156481 0.314120 1654.000000 1080.000000
0 902 0.012394 0.501389 0.023579 0.156481 0.318090 1654.000000 1080.000000
0 903 0.012394 0.500463 0.023579 0.156481 0.320150 1654.000000 1080.000000
0 904 0.012394 0.499074 0.023579 0.155556 0.324110 1654.000000 1080.000000
0 905 0.012394 0.498148 0.023579 0.155556 0.326180 1654.000000 1080.000000
0 906 0.012394 0.496759 0.023579 0.154630 0.332140 1654.000000 1080.000000
0 907 0.012394 0.495833 0.023579 0.154630 0.351490 1654.000000 1080.000000
0 908 0.012394 0.494444 0.023579 0.153704 0.355390 1654.000000 1080.000000
0 909 0.012394 0.493519 0.023579 0.153704 0.357190 1654.000000 1080.000000
0 910 0.012394 0.492130 0.023579 0.152778 0.363250 1654.000000 1080.000000
0 911 0.012394 0.491204 0.023579 0.152778 0.365060 1654.000000 1080.000000
0 912 0.012394 0.489815 0.023579 0.151852 0.369090 1654.000000 1080.000000
0 913 0.012394 0.488889 0.023579 0.151852 0.387120 1654.000000 1080.000000
0 914 0.012394 0.487500 0.023579 0.150926 0.393290 1654.000000 1080.000000
0 915 0.012394 0.486574 0.023579 0.150926 0.392530 1654.000000 1080.000000
0 916 0.012394 0.485648 0.023579 0.150926 0.391770 1654.000000 1080.000000
0 917 0.012696 0.483333 0.024184 0.150000 0.394880 1654.000000 1080.000000
0 918 0.013301 0.481481 0.025393 0.150000 0.401200 1654.000000 1080.000000
0 919 0.013906 0.479630 0.026602 0.150000 0.394550 1654.000000 1080.000000
0 920 0.014510 0.478241 0.027811 0.149074 0.387840 1654.000000 1080.000000
0 921 0.015115 0.476389 0.029021 0.149074 0.384100 1654.000000 1080.000000
0 922 0.015719 0.474074 0.030230 0.148148 0.384000 1654.000000 1080.000000
0 923 0.016324 0.472685 0.031439 0.147222 0.380660 1654.000000 1080.000000
0 924 0.016929 0.470833 0.032648 0.147222 0.387950 1654.000000 1080.000000
0 925 0.017231 0.468981 0.033253 0.147222 0.392970 1654.000000 1080.000000
0 926 0.017836 0.467130 0.034462 0.147222 0.394940 1654.000000 1080.000000
0 927 0.018440 0.465741 0.035671 0.146296 0.393820 1654.000000 1080.000000
0 928 0.019045 0.463426 0.036880 0.145370 0.399650 1654.000000 1080.000000
0 929 0.019649 0.461574 0.038089 0.145370 0.408620 1654.000000 1080.000000
0 930 0.020254 0.460185 0.039299 0.144444 0.408800 1654.000000 1080.000000
0 931 0.020859 0.458333 0.040508 0.144444 0.413260 1654.000000 1080.000000
0 932 0.021463 0.456481 0.041717 0.144444 0.418200 1654.000000 1080.000000
0 933 0.022370 0.455093 0.042322 0.143519 0.413780 1654.000000 1080.000000
0 934 0.022975 0.453241 0.042322 0.143519 0.415580 1654.000000 1080.000000
0 935 0.023579 0.452315 0.042322 0.143519 0.414140 1654.000000 1080.000000
0 936 0.024184 0.450463 0.042322 0.143519 0.416400 1654.000000 1080.000000
0 937 0.024788 0.449537 0.042322 0.143519 0.414860 1654.000000 1080.000000
0 938 0.025393 0.447685 0.042322 0.143519 0.417840 1654.000000 1080.000000
0 939 0.026602 0.446759 0.042322 0.143519 0.410080 1654.000000 1080.000000
0 940 0.027207 0.445833 0.042322 0.143519 0.416490 1654.000000 1080.000000
0 941 0.027811 0.443981 0.042322 0.143519 0.419920 1654.000000 1080.000000
0 942 0.028416 0.443056 0.042322 0.143519 0.419010 1654.000000 1080.000000
0 943 0.029021 0.441204 0.042322 0.143519 0.423260 1654.000000 1080.000000
0 944 0.029625 0.440278 0.042322 0.143519 0.421810 1654.000000 1080.000000
0 945 0.030834 0.439352 0.042322 0.143519 0.414320 1654.000000 1080.000000
0 946 0.031439 0.437500 0.042322 0.143519 0.419380 1654.000000 1080.000000
0 947 0.032044 0.436574 0.042322 0.143519 0.417480 1654.000000 1080.000000
0 948 0.032648 0.434722 0.042322 0.143519 0.420550 1654.000000 1080.000000
0 949 0.033253 0.433796 0.042322 0.143519 0.418110 1654.000000 1080.000000
0 950 0.033857 0.431944 0.042322 0.143519 0.421810 1654.000000 1080.000000
0 951 0.035067 0.431019 0.042322 0.143519 0.429040 1654.000000 1080.000000
0 952 0.035671 0.430093 0.042322 0.143519 0.434720 1654.000000 1080.000000
0 953 0.036276 0.428241 0.042322 0.143519 0.447180 1654.000000 1080.000000
0 954 0.036880 0.427315 0.042322 0.143519 0.455310 1654.000000 1080.000000
0 955 0.037485 0.425463 0.042322 0.143519 0.465690 1654.000000 1080.000000
0 956 0.038089 0.424537 0.042322 0.143519 0.471740 1654.000000 1080.000000
0 957 0.039299 0.423611 0.042322 0.143519 0.477430 1654.000000 1080.000000
0 958 0.039299 0.421759 0.042322 0.143519 0.490250 1654.000000 1080.000000
0 959 0.039903 0.420833 0.042322 0.143519 0.496300 1654.000000 1080.000000
0 960 0.039903 0.419907 0.042322 0.143519 0.502710 1654.000000 1080.000000
0 961 0.040508 0.418056 0.042322 0.143519 0.515170 1654.000000 1080.000000
0 962 0.040508 0.417130 0.042322 0.143519 0.521580 1654.000000 1080.000000
0 963 0.041112 0.416204 0.042322 0.143519 0.527630 1654.000000 1080.000000
0 964 0.041112 0.414352 0.042322 0.143519 0.540450 1654.000000 1080.000000
0 965 0.041717 0.413426 0.042322 0.143519 0.546500 1654.000000 1080.000000
0 966 0.042322 0.412500 0.042322 0.143519 0.552550 1654.000000 1080.000000
0 967 0.042322 0.410648 0.042322 0.143519 0.565370 1654.000000 1080.000000
0 968 0.042926 0.409722 0.042322 0.143519 0.571780 1654.000000 1080.000000
0 969 0.042926 0.408796 0.042322 0.143519 0.575300 1654.000000 1080.000000
0 970 0.043531 0.406944 0.042322 0.143519 0.587670 1654.000000 1080.000000
0 971 0.043531 0.406019 0.042322 0.143519 0.594080 1654.000000 1080.000000
0 972 0.044135 0.405093 0.042322 0.143519 0.600040 1654.000000 1080.000000
0 973 0.044740 0.404167 0.042322 0.143519 0.605990 1654.000000 1080.000000
0 974 0.044740 0.402315 0.042322 0.143519 0.618820 1654.000000 1080.000000
0 975 0.044740 0.401389 0.042322 0.143519 0.625230 1654.000000 1080.000000
0 976 0.044740 0.400463 0.042322 0.143519 0.631640 1654.000000 1080.000000
0 977 0.044740 0.399537 0.042322 0.143519 0.638050 1654.000000 1080.000000
0 978 0.044740 0.398611 0.042322 0.143519 0.644460 1654.000000 1080.000000
0 979 0.044740 0.397685 0.042322 0.143519 0.650870 1654.000000 1080.000000
0 980 0.044740 0.395833 0.042322 0.143519 0.663690 1654.000000 1080.000000
0 981 0.044740 0.394907 0.042322 0.143519 0.670100 1654.000000 1080.000000
0 982 0.044740 0.393981 0.042322 0.143519 0.676960 1654.000000 1080.000000
0 983 0.044740 0.393056 0.042322 0.143519 0.673170 1654.000000 1080.000000
0 984 0.044740 0.392130 0.042322 0.143519 0.672260 1654.000000 1080.000000
0 985 0.044740 0.391204 0.042322 0.143519 0.663870 1654.000000 1080.000000
0 986 0.044740 0.390278 0.042322 0.143519 0.662510 1654.000000 1080.000000
0 987 0.044740 0.388426 0.042322 0.143519 0.666850 1654.000000 1080.000000
0 988 0.045345 0.387500 0.042322 0.143519 0.664500 1654.000000 1080.000000
0 989 0.045949 0.385648 0.042322 0.143519 0.676150 1654.000000 1080.000000
0 990 0.046554 0.384722 0.042322 0.143519 0.681380 1654.000000 1080.000000
0 991 0.047158 0.382870 0.042322 0.143519 0.685080 1654.000000 1080.000000
0 992 0.047763 0.381944 0.042322 0.143519 0.697630 1654.000000 1080.000000
0 993 0.048368 0.380093 0.042322 0.143519 0.717500 1654.000000 1080.000000
0 994 0.048972 0.379167 0.042322 0.143519 0.730680 1654.000000 1080.000000
0 995 0.049577 0.377315 0.042322 0.143519 0.750990 1654.000000 1080.000000
0 996 0.049577 0.376389 0.042322 0.143519 0.748560 1654.000000 1080.000000
0 997 0.050181 0.374537 0.042322 0.143519 0.765350 1654.000000 1080.000000
0 998 0.050786 0.373611 0.042322 0.143519 0.779610 1654.000000 1080.000000
0 999 0.051391 0.371759 0.042322 0.143519 0.800290 1654.000000 1080.000000
0 1000 0.051995 0.370833 0.042322 0.143519 0.810940 1654.000000 1080.000000
0 1001 0.052600 0.368981 0.042322 0.143519 0.710640 1654.000000 1080.000000
0 1002 0.053204 0.368056 0.042322 0.143519 0.705220 1654.000000 1080.000000
0 1003 0.053809 0.366204 0.042322 0.143519 0.705310 1654.000000 1080.000000
0 1004 0.054414 0.365278 0.042322 0.143519 0.690860 1654.000000 1080.000000
0 1005 0.055320 0.363426 0.041717 0.143519 0.691390 1654.000000 1080.000000
0 1006 0.056530 0.362500 0.041717 0.143519 0.663000 1654.000000 1080.000000
0 1007 0.057739 0.361574 0.041717 0.143519 0.649630 1654.000000 1080.000000
0 1008 0.058948 0.360648 0.041717 0.143519 0.624540 1654.000000 1080.000000
0 1009 0.060157 0.359722 0.041717 0.143519 0.596700 1654.000000 1080.000000
0 1010 0.061366 0.358796 0.041717 0.143519 0.574540 1654.000000 1080.000000
0 1011 0.062576 0.357870 0.041717 0.143519 0.549820 1654.000000 1080.000000
0 1012 0.063785 0.356944 0.041717 0.143519 0.526010 1654.000000 1080.000000
0 1013 0.064994 0.356019 0.041717 0.143519 0.502750 1654.000000 1080.000000
0 1014 0.066203 0.355093 0.041717 0.143519 0.482330 1654.000000 1080.000000
0 1015 0.067412 0.354167 0.041717 0.143519 0.456140 1654.000000 1080.000000
0 1016 0.068622 0.353241 0.041717 0.143519 0.427290 1654.000000 1080.000000
0 1017 0.069831 0.352315 0.041717 0.143519 0.406410 1654.000000 1080.000000
0 1018 0.071040 0.351389 0.041717 0.143519 0.378390 1654.000000 1080.000000
0 1019 0.072249 0.350463 0.041717 0.143519 0.356870 1654.000000 1080.000000
0 1020 0.073458 0.348611 0.041717 0.143519 0.339840 1654.000000 1080.000000
0 1021 0.074667 0.347685 0.041717 0.143519 0.318860 1654.000000 1080.000000
0 1022 0.076481 0.346759 0.041717 0.143519 0.285990 1654.000000 1080.000000
0 1023 0.077690 0.345833 0.041717 0.143519 0.271430 1654.000000 1080.000000
0 1024 0.079504 0.343981 0.041717 0.143519 0.285710 1654.000000 1080.000000
0 1025 0.080713 0.343056 0.041717 0.143519 0.284620 1654.000000 1080.000000
0 1026 0.082527 0.342130 0.041717 0.143519 0.287550 1654.000000 1080.000000
0 1027 0.083736 0.341204 0.041717 0.143519 0.290290 1654.000000 1080.000000
0 1028 0.085550 0.339352 0.041717 0.143519 0.298720 1654.000000 1080.000000
0 1029 0.086759 0.338426 0.041717 0.143519 0.299360 1654.000000 1080.000000
0 1030 0.088573 0.337500 0.041717 0.143519 0.300000 1654.000000 1080.000000
0 1031 0.089782 0.336574 0.041717 0.143519 0.302750 1654.000000 1080.000000
0 1032 0.091596 0.335648 0.041717 0.143519 0.303110 1654.000000 1080.000000
0 1033 0.092805 0.333796 0.041717 0.143519 0.311450 1654.000000 1080.000000
0 1034 0.094015 0.332407 0.041717 0.142593 0.314650 1654.000000 1080.000000
0 1035 0.095828 0.331019 0.041717 0.143519 0.323440 1654.000000 1080.000000
0 1036 0.097037 0.329630 0.041717 0.142593 0.328660 1654.000000 1080.000000
0 1037 0.098851 0.328704 0.041717 0.142593 0.332720 1654.000000 1080.000000
0 1038 0.100060 0.326852 0.041717 0.142593 0.342760 1654.000000 1080.000000
0 1039 0.101270 0.325926 0.041717 0.142593 0.348200 1654.000000 1080.000000
0 1040 0.103083 0.324537 0.041717 0.141667 0.385340 1654.000000 1080.000000
0 1041 0.104293 0.323148 0.041717 0.142593 0.423410 1654.000000 1080.000000
0 1042 0.106106 0.321759 0.041717 0.141667 0.468270 1654.000000 1080.000000
0 1043 0.107316 0.320370 0.041717 0.142593 0.495300 1654.000000 1080.000000
0 1044 0.109129 0.318981 0.041717 0.141667 0.538400 1654.000000 1080.000000
0 1045 0.110339 0.318056 0.041717 0.141667 0.568650 1654.000000 1080.000000
0 1046 0.111548 0.316204 0.041717 0.141667 0.598050 1654.000000 1080.000000
0 1047 0.113362 0.315278 0.041717 0.141667 0.643970 1654.000000 1080.000000
0 1048 0.114571 0.313889 0.041717 0.140741 0.673760 1654.000000 1080.000000
0 1049 0.116385 0.312500 0.041717 0.141667 0.712710 1654.000000 1080.000000
0 1050 0.117594 0.311111 0.041717 0.140741 0.742020 1654.000000 1080.000000
0 1051 0.119407 0.310185 0.041717 0.140741 0.777310 1654.000000 1080.000000
0 1052 0.120314 0.308796 0.041112 0.139815 0.802350 1654.000000 1080.000000
0 1053 0.121221 0.307870 0.040508 0.139815 0.827400 1654.000000 1080.000000
0 1054 0.122128 0.306944 0.039903 0.139815 0.849760 1654.000000 1080.000000
0 1055 0.123640 0.306019 0.039299 0.139815 0.881880 1654.000000 1080.000000
0 1056 0.124547 0.305093 0.038694 0.139815 0.906070 1654.000000 1080.000000
0 1057 0.125453 0.304167 0.038089 0.139815 0.929890 1654.000000 1080.000000
0 1058 0.126360 0.303241 0.037485 0.139815 0.949040 1654.000000 1080.000000
0 1059 0.127872 0.302315 0.036880 0.139815 0.974530 1654.000000 1080.000000
0 1060 0.128779 0.301389 0.037485 0.139815 0.993940 1654.000000 1080.000000
0 1061 0.130290 0.300463 0.038089 0.139815 1.000000 1654.000000 1080.000000
0 1062 0.131499 0.299537 0.038089 0.139815 1.000000 1654.000000 1080.000000
0 1063 0.132709 0.298611 0.039299 0.139815 1.000000 1654.000000 1080.000000
0 1064 0.134220 0.298611 0.039903 0.139815 1.000000 1654.000000 1080.000000
0 1065 0.135429 0.297685 0.039903 0.139815 1.000000 1654.000000 1080.000000
0 1066 0.136638 0.296759 0.041112 0.139815 1.000000 1654.000000 1080.000000
0 1067 0.137848 0.295833 0.041112 0.139815 1.000000 1654.000000 1080.000000
0 1068 0.139359 0.294907 0.041717 0.139815 1.000000 1654.000000 1080.000000
0 1069 0.140871 0.294907 0.042322 0.139815 1.000000 1654.000000 1080.000000
0 1070 0.141778 0.293981 0.041717 0.139815 1.000000 1654.000000 1080.000000
0 1071 0.142987 0.293056 0.041717 0.139815 1.000000 1654.000000 1080.000000
0 1072 0.144196 0.292130 0.041717 0.139815 1.000000 1654.000000 1080.000000
0 1073 0.145405 0.291204 0.041717 0.139815 1.000000 1654.000000 1080.000000
0 1074 0.146917 0.290278 0.041112 0.139815 1.000000 1654.000000 1080.000000
0 1075 0.148126 0.289352 0.041112 0.139815 1.000000 1654.000000 1080.000000
0 1076 0.149335 0.288889 0.041112 0.140741 1.000000 1654.000000 1080.000000
0 1077 0.150544 0.287963 0.041112 0.140741 1.000000 1654.000000 1080.000000
0 1078 0.152056 0.287500 0.040508 0.139815 1.000000 1654.000000 1080.000000
0 1079 0.153265 0.286574 0.040508 0.139815 1.000000 1654.000000 1080.000000
0 1080 0.154474 0.285648 0.040508 0.139815 1.000000 1654.000000 1080.000000
0 1081 0.155683 0.284722 0.040508 0.139815 1.000000 1654.000000 1080.000000
0 1082 0.156892 0.283796 0.040508 0.139815 1.000000 1654.000000 1080.000000
0 1083 0.158102 0.283333 0.039299 0.140741 1.000000 1654.000000 1080.000000
0 1084 0.159311 0.282407 0.039299 0.140741 1.000000 1654.000000 1080.000000
0 1085 0.160520 0.281481 0.039299 0.140741 1.000000 1654.000000 1080.000000
0 1086 0.161729 0.280556 0.039299 0.140741 1.000000 1654.000000 1080.000000
0 1087 0.163241 0.280093 0.038694 0.139815 1.000000 1654.000000 1080.000000
0 1088 0.164450 0.279167 0.038694 0.139815 1.000000 1654.000000 1080.000000
0 1089 0.165659 0.278241 0.038694 0.139815 1.000000 1654.000000 1080.000000
0 1090 0.166868 0.277778 0.038694 0.140741 1.000000 1654.000000 1080.000000
0 1091 0.168077 0.276852 0.038694 0.140741 1.000000 1654.000000 1080.000000
0 1092 0.169589 0.275926 0.038089 0.140741 1.000000 1654.000000 1080.000000
0 1093 0.170798 0.275000 0.038089 0.140741 1.000000 1654.000000 1080.000000
0 1094 0.172007 0.274074 0.038089 0.140741 0.997340 1654.000000 1080.000000
0 1095 0.173216 0.273148 0.038089 0.140741 0.992030 1654.000000 1080.000000
0 1096 0.174728 0.273148 0.037485 0.140741 0.985990 1654.000000 1080.000000
0 1097 0.175333 0.271759 0.037485 0.139815 0.980260 1654.000000 1080.000000
0 1098 0.176542 0.270833 0.037485 0.139815 0.974620 1654.000000 1080.000000
0 1099 0.177146 0.269444 0.037485 0.138889 0.972670 1654.000000 1080.000000
0 1100 0.178356 0.268519 0.037485 0.138889 0.967200 1654.000000 1080.000000
0 1101 0.179565 0.267130 0.037485 0.137963 0.962960 1654.000000 1080.000000
0 1102 0.180169 0.266204 0.037485 0.137963 0.960320 1654.000000 1080.000000
0 1103 0.181378 0.264815 0.037485 0.137037 0.957390 1654.000000 1080.000000
0 1104 0.182588 0.263889 0.037485 0.137037 0.954720 1654.000000 1080.000000
0 1105 0.183192 0.262500 0.037485 0.136111 0.954420 1654.000000 1080.000000
0 1106 0.184401 0.261574 0.037485 0.136111 0.951740 1654.000000 1080.000000
0 1107 0.185611 0.260185 0.037485 0.135185 0.950760 1654.000000 1080.000000
0 1108 0.186215 0.259259 0.037485 0.135185 0.948710 1654.000000 1080.000000
0 1109 0.187424 0.257870 0.037485 0.134259 0.947810 1654.000000 1080.000000
0 1110 0.188634 0.256944 0.037485 0.134259 0.945210 1654.000000 1080.000000
0 1111 0.189238 0.255556 0.037485 0.133333 0.944830 1654.000000 1080.000000
0 1112 0.190447 0.254630 0.037485 0.133333 0.942200 1654.000000 1080.000000
0 1113 0.191657 0.254167 0.037485 0.132407 0.939150 1654.000000 1080.000000
0 1114 0.192563 0.253241 0.038089 0.132407 0.934900 1654.000000 1080.000000
0 1115 0.194075 0.252315 0.038694 0.132407 0.930560 1654.000000 1080.000000
0 1116 0.194982 0.251389 0.039299 0.132407 0.928980 1654.000000 1080.000000
0 1117 0.196493 0.251389 0.039903 0.132407 0.918840 1654.000000 1080.000000
0 1118 0.197703 0.250463 0.039903 0.132407 0.916040 1654.000000 1080.000000
0 1119 0.198912 0.249537 0.041112 0.132407 0.913040 1654.000000 1080.000000
0 1120 0.200121 0.248611 0.041112 0.132407 0.907000 1654.000000 1080.000000
0 1121 0.201632 0.248611 0.041717 0.132407 0.899310 1654.000000 1080.000000
0 1122 0.202539 0.247685 0.042322 0.132407 0.897890 1654.000000 1080.000000
0 1123 0.204051 0.246759 0.042926 0.132407 0.890050 1654.000000 1080.000000
0 1124 0.205562 0.246759 0.043531 0.132407 0.882040 1654.000000 1080.000000
0 1125 0.206469 0.245833 0.044135 0.132407 0.883630 1654.000000 1080.000000
0 1126 0.207981 0.244907 0.044740 0.132407 0.882310 1654.000000 1080.000000
0 1127 0.208888 0.243981 0.045345 0.132407 0.883860 1654.000000 1080.000000
0 1128 0.210399 0.243981 0.045949 0.132407 0.881670 1654.000000 1080.000000
0 1129 0.211608 0.243056 0.045949 0.132407 0.885370 1654.000000 1080.000000
0 1130 0.212817 0.242130 0.047158 0.132407 0.885550 1654.000000 1080.000000
0 1131 0.214027 0.241204 0.047158 0.132407 0.888270 1654.000000 1080.000000
0 1132 0.215538 0.241204 0.047763 0.132407 0.886980 1654.000000 1080.000000
0 1133 0.216445 0.240278 0.048368 0.132407 0.891030 1654.000000 1080.000000
0 1134 0.217956 0.239352 0.048972 0.132407 0.889740 1654.000000 1080.000000
0 1135 0.219468 0.239352 0.049577 0.132407 0.888470 1654.000000 1080.000000
0 1136 0.220073 0.238426 0.049577 0.132407 0.893660 1654.000000 1080.000000
0 1137 0.220677 0.237963 0.049577 0.133333 0.893640 1654.000000 1080.000000
0 1138 0.221282 0.237037 0.049577 0.133333 0.898960 1654.000000 1080.000000
0 1139 0.221886 0.236574 0.049577 0.134259 0.902290 1654.000000 1080.000000
0 1140 0.222793 0.236111 0.048972 0.135185 0.901440 1654.000000 1080.000000
0 1141 0.223398 0.235185 0.048972 0.135185 0.906920 1654.000000 1080.000000
0 1142 0.224305 0.234722 0.049577 0.136111 0.908660 1654.000000 1080.000000
0 1143 0.224909 0.234259 0.049577 0.137037 0.912020 1654.000000 1080.000000
0 1144 0.225514 0.233333 0.049577 0.137037 0.914770 1654.000000 1080.000000
0 1145 0.226421 0.232870 0.048972 0.137963 0.917070 1654.000000 1080.000000
0 1146 0.227025 0.232407 0.048972 0.138889 0.920850 1654.000000 1080.000000
0 1147 0.227630 0.231481 0.048972 0.138889 0.923680 1654.000000 1080.000000
0 1148 0.228235 0.231019 0.048972 0.139815 0.929800 1654.000000 1080.000000
0 1149 0.229444 0.230556 0.048972 0.140741 0.931130 1654.000000 1080.000000
0 1150 0.230351 0.229630 0.048368 0.140741 0.940690 1654.000000 1080.000000
0 1151 0.231560 0.228704 0.048368 0.140741 0.947870 1654.000000 1080.000000
0 1152 0.232467 0.227778 0.047763 0.140741 0.952780 1654.000000 1080.000000
0 1153 0.233676 0.226852 0.047763 0.140741 0.959560 1654.000000 1080.000000
0 1154 0.234885 0.225926 0.047763 0.140741 0.966010 1654.000000 1080.000000
0 1155 0.235792 0.225926 0.047158 0.140741 0.969970 1654.000000 1080.000000
0 1156 0.237001 0.225000 0.047158 0.140741 0.976170 1654.000000 1080.000000
0 1157 0.238513 0.224074 0.046554 0.140741 0.981820 1654.000000 1080.000000
0 1158 0.239420 0.223148 0.045949 0.140741 0.989810 1654.000000 1080.000000
0 1159 0.240629 0.222222 0.045949 0.140741 0.992360 1654.000000 1080.000000
0 1160 0.241536 0.222222 0.045345 0.140741 1.000000 1654.000000 1080.000000
0 1161 0.242745 0.221296 0.045345 0.140741 1.000000 1654.000000 1080.000000
0 1162 0.243954 0.220370 0.045345 0.140741 1.000000 1654.000000 1080.000000
0 1163 0.244861 0.219444 0.044740 0.140741 1.000000 1654.000000 1080.000000
0 1164 0.246070 0.218519 0.044740 0.140741 1.000000 1654.000000 1080.000000
0 1165 0.247582 0.218519 0.044135 0.140741 1.000000 1654.000000 1080.000000
0 1166 0.247582 0.217593 0.044135 0.140741 1.000000 1654.000000 1080.000000
0 1167 0.247582 0.217130 0.044135 0.139815 1.000000 1654.000000 1080.000000
0 1168 0.247884 0.216204 0.044740 0.139815 1.000000 1654.000000 1080.000000
0 1169 0.248186 0.216204 0.044135 0.139815 1.000000 1654.000000 1080.000000
0 1170 0.248186 0.215741 0.044135 0.138889 1.000000 1654.000000 1080.000000
0 1171 0.248489 0.214815 0.044740 0.138889 1.000000 1654.000000 1080.000000
0 1172 0.248489 0.214352 0.044740 0.137963 1.000000 1654.000000 1080.000000
0 1173 0.248791 0.213889 0.044135 0.138889 1.000000 1654.000000 1080.000000
0 1174 0.249093 0.213426 0.044740 0.137963 1.000000 1654.000000 1080.000000
0 1175 0.249093 0.212963 0.044740 0.137037 0.992660 1654.000000 1080.000000
0 1176 0.249395 0.212500 0.044135 0.137963 0.988380 1654.000000 1080.000000
0 1177 0.249698 0.212037 0.044740 0.137037 0.980760 1654.000000 1080.000000
0 1178 0.249698 0.211111 0.044740 0.137037 0.972440 1654.000000 1080.000000
0 1179 0.249698 0.210648 0.044740 0.136111 0.964320 1654.000000 1080.000000
0 1180 0.250302 0.210648 0.044740 0.136111 0.958560 1654.000000 1080.000000
0 1181 0.250302 0.209722 0.044740 0.136111 0.950270 1654.000000 1080.000000
0 1182 0.250302 0.209259 0.044740 0.135185 0.940320 1654.000000 1080.000000
0 1183 0.250907 0.209259 0.044740 0.135185 0.939050 1654.000000 1080.000000
0 1184 0.250907 0.208333 0.044740 0.135185 0.928890 1654.000000 1080.000000
0 1185 0.251511 0.208333 0.044740 0.135185 0.922900 1654.000000 1080.000000
0 1186 0.252116 0.208333 0.044740 0.135185 0.915100 1654.000000 1080.000000
0 1187 0.252721 0.208333 0.044740 0.135185 0.908660 1654.000000 1080.000000
0 1188 0.253325 0.208333 0.044740 0.135185 0.900230 1654.000000 1080.000000
0 1189 0.253930 0.208333 0.044740 0.135185 0.893330 1654.000000 1080.000000
0 1190 0.254534 0.207407 0.044740 0.135185 0.886260 1654.000000 1080.000000
0 1191 0.255139 0.207407 0.044740 0.135185 0.879000 1654.000000 1080.000000
0 1192 0.255744 0.207407 0.044740 0.135185 0.874830 1654.000000 1080.000000
0 1193 0.255744 0.207407 0.044740 0.135185 0.861680 1654.000000 1080.000000
0 1194 0.256348 0.207407 0.044740 0.135185 0.851430 1654.000000 1080.000000
0 1195 0.256953 0.207407 0.044740 0.135185 0.843270 1654.000000 1080.000000
0 1196 0.257557 0.206481 0.044740 0.135185 0.834920 1654.000000 1080.000000
0 1197 0.258162 0.206481 0.044740 0.135185 0.826390 1654.000000 1080.000000
0 1198 0.258767 0.206481 0.044740 0.135185 0.814970 1654.000000 1080.000000
0 1199 0.259371 0.206481 0.044740 0.135185 0.805990 1654.000000 1080.000000
0 1200 0.259976 0.206481 0.044740 0.135185 0.793920 1654.000000 1080.000000
0 1201 0.260580 0.206481 0.044740 0.135185 0.784490 1654.000000 1080.000000
0 1202 0.260580 0.205556 0.044740 0.135185 0.768250 1654.000000 1080.000000
0 1203 0.260580 0.205556 0.044740 0.135185 0.748300 1654.000000 1080.000000
0 1204 0.261185 0.205556 0.044740 0.135185 0.738050 1654.000000 1080.000000
0 1205 0.261185 0.205556 0.044740 0.135185 0.717010 1654.000000 1080.000000
0 1206 0.261790 0.205556 0.044740 0.135185 0.699050 1654.000000 1080.000000
0 1207 0.261790 0.205556 0.044740 0.135185 0.676730 1654.000000 1080.000000
0 1208 0.262394 0.205556 0.044740 0.135185 0.661220 1654.000000 1080.000000
0 1209 0.262394 0.205556 0.044740 0.135185 0.641900 1654.000000 1080.000000
0 1210 0.262999 0.205556 0.044740 0.135185 0.625580 1654.000000 1080.000000
0 1211 0.262999 0.205556 0.044740 0.135185 0.597550 1654.000000 1080.000000
0 1212 0.262999 0.205556 0.044740 0.135185 0.572150 1654.000000 1080.000000
0 1213 0.262999 0.205556 0.044740 0.135185 0.542860 1654.000000 1080.000000
0 1214 0.262999 0.206481 0.044740 0.135185 0.516010 1654.000000 1080.000000
0 1215 0.262999 0.206481 0.044740 0.135185 0.485440 1654.000000 1080.000000
0 1216 0.262999 0.206481 0.044740 0.135185 0.454330 1654.000000 1080.000000
0 1217 0.262999 0.207407 0.044740 0.135185 0.425310 1654.000000 1080.000000
0 1218 0.262999 0.207407 0.044740 0.135185 0.392930 1654.000000 1080.000000
0 1219 0.262999 0.207407 0.044740 0.135185 0.377780 1654.000000 1080.000000
0 1220 0.262999 0.208333 0.044740 0.135185 0.355190 1654.000000 1080.000000
0 1221 0.262999 0.208333 0.044740 0.135185 0.327980 1654.000000 1080.000000
0 1222 0.262999 0.208333 0.044740 0.135185 0.309660 1654.000000 1080.000000
0 1223 0.262999 0.208333 0.044740 0.135185 0.285260 1654.000000 1080.000000
0 1224 0.262999 0.209259 0.044740 0.135185 0.270660 1654.000000 1080.000000
0 1225 0.262999 0.209259 0.044740 0.135185 0.261320 1654.000000 1080.000000
0 1226 0.262999 0.209259 0.044740 0.135185 0.253880 1654.000000 1080.000000
0 1227 0.262999 0.210185 0.044740 0.135185 0.238100 1654.000000 1080.000000
0 1228 0.262999 0.210185 0.044740 0.135185 0.231750 1654.000000 1080.000000
0 1229 0.262999 0.210185 0.044740 0.135185 0.226120 1654.000000 1080.000000
0 1230 0.262999 0.211111 0.044740 0.135185 0.211070 1654.000000 1080.000000
0 1231 0.262394 0.210185 0.044740 0.135185 0.213060 1654.000000 1080.000000
0 1232 0.262394 0.210185 0.044740 0.135185 0.205170 1654.000000 1080.000000
0 1233 0.262394 0.210185 0.044740 0.135185 0.201810 1654.000000 1080.000000
0 1234 0.261790 0.210185 0.044740 0.135185 0.199090 1654.000000 1080.000000
0 1235 0.261790 0.210185 0.044740 0.135185 0.193740 1654.000000 1080.000000
0 1236 0.261790 0.210185 0.044740 0.135185 0.191930 1654.000000 1080.000000
0 1237 0.261790 0.210185 0.044740 0.135185 0.191660 1654.000000 1080.000000
0 1238 0.261185 0.209259 0.044740 0.135185 0.198190 1654.000000 1080.000000
0 1239 0.261185 0.209259 0.044740 0.135185 0.197280 1654.000000 1080.000000
0 1240 0.261185 0.209259 0.044740 0.135185 0.207440 1654.000000 1080.000000
0 1241 0.260580 0.209259 0.044740 0.135185 0.226210 1654.000000 1080.000000
0 1242 0.260580 0.209259 0.044740 0.135185 0.222490 1654.000000 1080.000000
0 1243 0.260580 0.209259 0.044740 0.135185 0.231200 1654.000000 1080.000000
0 1244 0.260580 0.209259 0.044740 0.135185 0.236280 1654.000000 1080.000000
0 1245 0.259976 0.208333 0.044740 0.135185 0.238640 1654.000000 1080.000000
0 1246 0.259976 0.208333 0.044740 0.135185 0.237010 1654.000000 1080.000000
0 1247 0.259976 0.208333 0.044740 0.135185 0.234920 1654.000000 1080.000000
0 1248 0.259371 0.208333 0.044740 0.135185 0.244080 1654.000000 1080.000000
0 1249 0.259371 0.208333 0.044740 0.135185 0.246800 1654.000000 1080.000000
0 1250 0.259371 0.208333 0.044740 0.135185 0.255330 1654.000000 1080.000000
0 1251 0.259371 0.208333 0.044740 0.135185 0.264400 1654.000000 1080.000000
0 1252 0.258767 0.207407 0.044740 0.135185 0.273200 1654.000000 1080.000000
0 1253 0.258767 0.207407 0.044740 0.135185 0.265490 1654.000000 1080.000000
0 1254 0.258767 0.207407 0.044740 0.135185 0.250160 1654.000000 1080.000000
0 1255 0.258162 0.207407 0.044740 0.135185 0.246710 1654.000000 1080.000000
0 1256 0.258162 0.207407 0.044740 0.135185 0.234560 1654.000000 1080.000000
0 1257 0.258162 0.207407 0.044740 0.135185 0.244170 1654.000000 1080.000000
0 1258 0.258162 0.207407 0.044740 0.135185 0.232290 1654.000000 1080.000000
0 1259 0.258162 0.206481 0.044740 0.135185 0.237190 1654.000000 1080.000000
0 1260 0.258162 0.206481 0.044740 0.135185 0.225760 1654.000000 1080.000000
0 1261 0.258162 0.206481 0.044740 0.135185 0.221590 1654.000000 1080.000000
0 1262 0.258162 0.206481 0.044740 0.135185 0.222860 1654.000000 1080.000000
0 1263 0.258464 0.206481 0.044135 0.135185 0.197280 1654.000000 1080.000000
0 1264 0.258464 0.206019 0.044135 0.136111 0.192480 1654.000000 1080.000000
0 1265 0.258464 0.206019 0.044135 0.136111 0.165540 1654.000000 1080.000000
0 1266 0.258464 0.206019 0.044135 0.136111 0.155590 1654.000000 1080.000000
0 1267 0.258464 0.206019 0.044135 0.136111 0.156410 1654.000000 1080.000000
0 1268 0.258767 0.206019 0.043531 0.136111 0.163090 1654.000000 1080.000000
0 1269 0.258767 0.205093 0.043531 0.136111 0.192430 1654.000000 1080.000000
0 1270 0.258767 0.205093 0.043531 0.136111 0.220290 1654.000000 1080.000000
0 1271 0.258767 0.205093 0.043531 0.136111 0.230290 1654.000000 1080.000000
0 1272 0.258767 0.205093 0.043531 0.136111 0.246300 1654.000000 1080.000000
0 1273 0.259069 0.205093 0.042926 0.136111 0.269330 1654.000000 1080.000000
0 1274 0.259069 0.204630 0.042926 0.137037 0.295490 1654.000000 1080.000000
0 1275 0.259069 0.204630 0.042926 0.137037 0.312360 1654.000000 1080.000000
0 1276 0.259069 0.204630 0.042926 0.137037 0.322800 1654.000000 1080.000000
0 1277 0.259069 0.204630 0.042926 0.137037 0.340230 1654.000000 1080.000000
0 1278 0.259674 0.204630 0.042926 0.137037 0.362040 1654.000000 1080.000000
0 1279 0.259674 0.203704 0.042926 0.137037 0.401190 1654.000000 1080.000000
0 1280 0.259674 0.203704 0.042926 0.137037 0.415920 1654.000000 1080.000000
0 1281 0.259674 0.203704 0.042926 0.137037 0.445840 1654.000000 1080.000000
0 1282 0.259674 0.203704 0.042926 0.137037 0.476320 1654.000000 1080.000000
0 1283 0.259976 0.203704 0.042322 0.137037 0.520650 1654.000000 1080.000000
0 1284 0.259976 0.203241 0.042322 0.137963 0.549770 1654.000000 1080.000000
0 1285 0.259976 0.203241 0.042322 0.137963 0.571080 1654.000000 1080.000000
0 1286 0.259976 0.203241 0.042322 0.137963 0.611270 1654.000000 1080.000000
0 1287 0.259976 0.203241 0.042322 0.137963 0.644410 1654.000000 1080.000000
0 1288 0.260278 0.203241 0.041717 0.137963 0.680000 1654.000000 1080.000000
0 1289 0.260278 0.202315 0.041717 0.137963 0.701330 1654.000000 1080.000000
0 1290 0.260278 0.202315 0.041717 0.137963 0.692000 1654.000000 1080.000000
0 1291 0.260278 0.202315 0.041717 0.137963 0.658190 1654.000000 1080.000000
0 1292 0.260278 0.202315 0.041717 0.137963 0.591050 1654.000000 1080.000000
0 1293 0.260580 0.202315 0.041112 0.137963 0.544830 1654.000000 1080.000000
0 1294 0.260580 0.201852 0.041112 0.138889 0.488630 1654.000000 1080.000000
0 1295 0.260580 0.201852 0.041112 0.138889 0.443610 1654.000000 1080.000000
0 1296 0.260580 0.201852 0.041112 0.138889 0.392070 1654.000000 1080.000000
0 1297 0.260580 0.201852 0.041112 0.138889 0.360980 1654.000000 1080.000000
0 1298 0.261185 0.201852 0.041112 0.138889 0.340240 1654.000000 1080.000000
0 1299 0.261185 0.201389 0.041112 0.139815 0.327140 1654.000000 1080.000000
0 1300 0.261185 0.201389 0.041112 0.139815 0.315880 1654.000000 1080.000000
0 1301 0.261185 0.201389 0.041112 0.139815 0.302730 1654.000000 1080.000000
0 1302 0.261185 0.201389 0.041112 0.139815 0.291670 1654.000000 1080.000000
0 1303 0.261185 0.201389 0.041112 0.139815 0.275840 1654.000000 1080.000000
0 1304 0.261185 0.201389 0.041112 0.139815 0.261730 1654.000000 1080.000000
0 1305 0.261185 0.201389 0.041112 0.139815 0.250570 1654.000000 1080.000000
0 1306 0.261185 0.201389 0.041112 0.139815 0.235130 1654.000000 1080.000000
0 1307 0.261790 0.201389 0.041112 0.139815 0.230840 1654.000000 1080.000000
0 1308 0.261790 0.201389 0.041112 0.139815 0.218820 1654.000000 1080.000000
0 1309 0.261790 0.201389 0.041112 0.139815 0.213390 1654.000000 1080.000000
0 1310 0.261790 0.201389 0.041112 0.139815 0.207950 1654.000000 1080.000000
0 1311 0.261790 0.201389 0.041112 0.139815 0.202520 1654.000000 1080.000000
0 1312 0.261790 0.200926 0.041112 0.140741 0.201760 1654.000000 1080.000000
0 1313 0.261790 0.200926 0.041112 0.140741 0.205270 1654.000000 1080.000000
0 1314 0.261790 0.200926 0.041112 0.140741 0.201000 1654.000000 1080.000000
0 1315 0.261790 0.200926 0.041112 0.140741 0.204790 1654.000000 1080.000000
0 1316 0.262394 0.200926 0.041112 0.140741 0.205650 1654.000000 1080.000000
0 1317 0.262394 0.200926 0.041112 0.140741 0.207450 1654.000000 1080.000000
0 1318 0.262394 0.200926 0.041112 0.140741 0.208390 1654.000000 1080.000000
0 1319 0.262394 0.200926 0.041112 0.140741 0.208770 1654.000000 1080.000000
0 1320 0.262394 0.200926 0.041112 0.140741 0.209910 1654.000000 1080.000000
0 1321 0.262394 0.200926 0.041112 0.140741 0.211520 1654.000000 1080.000000
0 1322 0.262394 0.200926 0.041112 0.140741 0.217680 1654.000000 1080.000000
0 1323 0.262394 0.200926 0.041112 0.140741 0.222320 1654.000000 1080.000000
0 1324 0.262394 0.200926 0.041112 0.140741 0.226960 1654.000000 1080.000000
0 1325 0.262999 0.200926 0.041112 0.140741 0.227530 1654.000000 1080.000000
0 1326 0.262999 0.200926 0.041112 0.140741 0.232260 1654.000000 1080.000000
0 1327 0.262999 0.200926 0.041112 0.140741 0.233590 1654.000000 1080.000000
0 1328 0.262999 0.200926 0.041112 0.140741 0.242210 1654.000000 1080.000000
0 1329 0.262999 0.200926 0.041112 0.140741 0.245900 1654.000000 1080.000000
0 1330 0.262999 0.200926 0.041112 0.140741 0.250830 1654.000000 1080.000000
0 1331 0.263603 0.200926 0.041112 0.140741 0.250730 1654.000000 1080.000000
0 1332 0.263603 0.200926 0.041112 0.140741 0.257460 1654.000000 1080.000000
0 1333 0.263603 0.201852 0.041112 0.140741 0.263430 1654.000000 1080.000000
0 1334 0.263603 0.201852 0.041112 0.140741 0.275360 1654.000000 1080.000000
0 1335 0.263603 0.201852 0.041112 0.140741 0.289950 1654.000000 1080.000000
0 1336 0.263603 0.201852 0.041112 0.140741 0.314010 1654.000000 1080.000000
0 1337 0.264208 0.201852 0.041112 0.140741 0.317140 1654.000000 1080.000000
0 1338 0.264208 0.201852 0.041112 0.140741 0.330210 1654.000000 1080.000000
0 1339 0.264208 0.201852 0.041112 0.140741 0.337310 1654.000000 1080.000000
0 1340 0.264208 0.202778 0.041112 0.140741 0.332860 1654.000000 1080.000000
0 1341 0.264208 0.202778 0.041112 0.140741 0.346220 1654.000000 1080.000000
0 1342 0.264208 0.202778 0.041112 0.140741 0.356070 1654.000000 1080.000000
0 1343 0.264813 0.202778 0.041112 0.140741 0.369710 1654.000000 1080.000000
0 1344 0.264813 0.202778 0.041112 0.140741 0.366960 1654.000000 1080.000000
0 1345 0.264813 0.202778 0.041112 0.140741 0.371130 1654.000000 1080.000000
0 1346 0.264813 0.202778 0.041112 0.140741 0.377660 1654.000000 1080.000000
0 1347 0.264813 0.202778 0.041112 0.140741 0.378140 1654.000000 1080.000000
0 1348 0.264813 0.203704 0.041112 0.140741 0.411760 1654.000000 1080.000000
0 1349 0.265417 0.203704 0.041112 0.140741 0.411760 1654.000000 1080.000000
0 1350 0.265417 0.203704 0.041112 0.140741 0.418300 1654.000000 1080.000000
0 1351 0.265417 0.203704 0.041112 0.140741 0.413940 1654.000000 1080.000000
0 1352 0.265417 0.203704 0.041112 0.140741 0.420290 1654.000000 1080.000000
0 1353 0.265417 0.203704 0.041112 0.140741 0.426640 1654.000000 1080.000000
0 1354 0.265417 0.203704 0.041112 0.140741 0.432980 1654.000000 1080.000000
0 1355 0.266022 0.204630 0.041112 0.140741 0.432790 1654.000000 1080.000000
0 1356 0.265417 0.204630 0.041112 0.140741 0.452020 1654.000000 1080.000000
0 1357 0.265417 0.204630 0.041112 0.140741 0.459790 1654.000000 1080.000000
0 1358 0.265417 0.204630 0.041112 0.140741 0.523160 1654.000000 1080.000000
0 1359 0.265417 0.204630 0.041112 0.140741 0.510750 1654.000000 1080.000000
0 1360 0.265417 0.204630 0.041112 0.140741 0.501280 1654.000000 1080.000000
0 1361 0.265417 0.204630 0.041112 0.140741 0.487540 1654.000000 1080.000000
0 1362 0.265417 0.204630 0.041112 0.140741 0.477120 1654.000000 1080.000000
0 1363 0.264813 0.204630 0.041112 0.140741 0.464050 1654.000000 1080.000000
0 1364 0.264813 0.204630 0.041112 0.140741 0.457520 1654.000000 1080.000000
0 1365 0.264813 0.204630 0.041112 0.140741 0.455340 1654.000000 1080.000000
0 1366 0.264813 0.204630 0.041112 0.140741 0.457520 1654.000000 1080.000000
0 1367 0.264813 0.204630 0.041112 0.140741 0.459690 1654.000000 1080.000000
0 1368 0.264813 0.204630 0.041112 0.140741 0.457520 1654.000000 1080.000000
0 1369 0.264813 0.204630 0.041112 0.140741 0.459690 1654.000000 1080.000000
0 1370 0.264208 0.204630 0.041112 0.140741 0.461780 1654.000000 1080.000000
0 1371 0.264208 0.204630 0.041112 0.140741 0.458650 1654.000000 1080.000000
0 1372 0.264208 0.204630 0.041112 0.140741 0.461020 1654.000000 1080.000000
0 1373 0.264208 0.205556 0.041112 0.140741 0.456850 1654.000000 1080.000000
0 1374 0.264208 0.205556 0.041112 0.140741 0.459220 1654.000000 1080.000000
0 1375 0.264208 0.205556 0.041112 0.140741 0.457140 1654.000000 1080.000000
0 1376 0.264208 0.205556 0.041112 0.140741 0.454960 1654.000000 1080.000000
0 1377 0.263603 0.205556 0.041112 0.140741 0.458370 1654.000000 1080.000000
0 1378 0.263603 0.205556 0.041112 0.140741 0.458460 1654.000000 1080.000000
0 1379 0.263603 0.205556 0.041112 0.140741 0.452780 1654.000000 1080.000000
0 1380 0.263603 0.205556 0.041112 0.140741 0.452870 1654.000000 1080.000000
0 1381 0.263603 0.205556 0.041112 0.140741 0.451740 1654.000000 1080.000000
0 1382 0.263603 0.205556 0.041112 0.140741 0.451830 1654.000000 1080.000000
0 1383 0.263603 0.205556 0.041112 0.140741 0.442830 1654.000000 1080.000000
0 1384 0.262999 0.205556 0.041112 0.140741 0.441890 1654.000000 1080.000000
0 1385 0.262999 0.205556 0.041112 0.140741 0.436300 1654.000000 1080.000000
0 1386 0.262999 0.205556 0.041112 0.140741 0.428340 1654.000000 1080.000000
0 1387 0.262999 0.205556 0.041112 0.140741 0.428440 1654.000000 1080.000000
0 1388 0.262999 0.205556 0.041112 0.140741 0.422750 1654.000000 1080.000000
0 1389 0.262999 0.205556 0.041112 0.140741 0.417450 1654.000000 1080.000000
0 1390 0.262999 0.205556 0.041112 0.140741 0.409490 1654.000000 1080.000000
0 1391 0.262999 0.206481 0.041112 0.140741 0.403240 1654.000000 1080.000000
0 1392 0.262999 0.206481 0.041112 0.140741 0.397370 1654.000000 1080.000000
0 1393 0.262999 0.206481 0.041112 0.140741 0.393200 1654.000000 1080.000000
0 1394 0.262999 0.206481 0.041112 0.140741 0.387990 1654.000000 1080.000000
0 1395 0.262999 0.206481 0.041112 0.140741 0.383730 1654.000000 1080.000000
0 1396 0.262999 0.206481 0.041112 0.140741 0.383060 1654.000000 1080.000000
0 1397 0.262999 0.206481 0.041112 0.140741 0.378330 1654.000000 1080.000000
0 1398 0.262999 0.206481 0.041112 0.140741 0.375300 1654.000000 1080.000000
0 1399 0.262999 0.206481 0.041112 0.140741 0.372260 1654.000000 1080.000000
0 1400 0.262999 0.206481 0.041112 0.140741 0.372740 1654.000000 1080.000000
0 1401 0.262999 0.206481 0.041112 0.140741 0.378230 1654.000000 1080.000000
0 1402 0.262999 0.206481 0.041112 0.140741 0.392540 1654.000000 1080.000000
0 1403 0.262999 0.206481 0.041112 0.140741 0.407220 1654.000000 1080.000000
0 1404 0.262999 0.206481 0.041112 0.140741 0.416220 1654.000000 1080.000000
0 1405 0.262999 0.206481 0.041112 0.140741 0.424270 1654.000000 1080.000000
0 1406 0.262999 0.206481 0.041112 0.140741 0.432130 1654.000000 1080.000000
0 1407 0.262999 0.206481 0.041112 0.140741 0.437620 1654.000000 1080.000000
0 1408 0.262999 0.206481 0.041112 0.140741 0.443970 1654.000000 1080.000000
0 1409 0.262999 0.206481 0.041112 0.140741 0.443020 1654.000000 1080.000000
0 1410 0.262999 0.206481 0.041112 0.140741 0.436390 1654.000000 1080.000000
0 1411 0.262999 0.206481 0.041112 0.140741 0.435730 1654.000000 1080.000000
0 1412 0.262999 0.206481 0.041112 0.140741 0.395470 1654.000000 1080.000000
0 1413 0.262999 0.206481 0.041112 0.140741 0.388750 1654.000000 1080.000000
0 1414 0.262999 0.206481 0.041112 0.140741 0.384670 1654.000000 1080.000000
0 1415 0.262999 0.206481 0.041112 0.140741 0.387520 1654.000000 1080.000000
0 1416 0.262999 0.206481 0.041112 0.140741 0.377470 1654.000000 1080.000000
0 1417 0.262999 0.206481 0.041112 0.140741 0.376620 1654.000000 1080.000000
0 1418 0.262999 0.206481 0.041112 0.140741 0.363170 1654.000000 1080.000000
0 1419 0.262999 0.206481 0.041112 0.140741 0.362600 1654.000000 1080.000000
0 1420 0.262999 0.206481 0.041112 0.140741 0.358810 1654.000000 1080.000000
0 1421 0.262999 0.206481 0.041112 0.140741 0.349820 1654.000000 1080.000000
0 1422 0.262999 0.206481 0.041112 0.140741 0.349250 1654.000000 1080.000000
0 1423 0.262999 0.206481 0.041112 0.140741 0.351620 1654.000000 1080.000000
0 1424 0.262999 0.206481 0.041112 0.140741 0.351330 1654.000000 1080.000000
0 1425 0.262999 0.206481 0.041112 0.140741 0.350760 1654.000000 1080.000000
0 1426 0.262999 0.206481 0.041112 0.140741 0.350190 1654.000000 1080.000000
0 1427 0.262999 0.206481 0.041112 0.140741 0.346970 1654.000000 1080.000000
0 1428 0.262999 0.206481 0.041112 0.140741 0.350100 1654.000000 1080.000000
0 1429 0.262999 0.207407 0.041112 0.140741 0.339590 1654.000000 1080.000000
0 1430 0.262999 0.207407 0.041112 0.140741 0.336550 1654.000000 1080.000000
0 1431 0.262999 0.207407 0.041112 0.140741 0.336270 1654.000000 1080.000000
0 1432 0.262999 0.207407 0.041112 0.140741 0.341760 1654.000000 1080.000000
0 1433 0.262999 0.207407 0.041112 0.140741 0.338730 1654.000000 1080.000000
0 1434 0.262999 0.207407 0.041112 0.140741 0.331820 1654.000000 1080.000000
0 1435 0.262999 0.208333 0.041112 0.140741 0.322350 1654.000000 1080.000000
0 1436 0.262999 0.208333 0.041112 0.140741 0.320260 1654.000000 1080.000000
0 1437 0.262999 0.208333 0.041112 0.140741 0.324810 1654.000000 1080.000000
0 1438 0.262999 0.208333 0.041112 0.140741 0.348960 1654.000000 1080.000000
0 1439 0.262999 0.208333 0.041112 0.140741 0.352090 1654.000000 1080.000000
0 1440 0.262999 0.208333 0.041112 0.140741 0.377290 1654.000000 1080.000000
0 1441 0.262999 0.209259 0.041112 0.140741 0.400300 1654.000000 1080.000000
0 1442 0.262999 0.209259 0.041112 0.140741 0.431850 1654.000000 1080.000000
0 1443 0.262999 0.209259 0.041112 0.140741 0.449370 1654.000000 1080.000000
0 1444 0.262999 0.209259 0.041112 0.140741 0.464340 1654.000000 1080.000000
0 1445 0.262999 0.209259 0.041112 0.140741 0.495310 1654.000000 1080.000000
0 1446 0.262999 0.209259 0.041112 0.140741 0.524300 1654.000000 1080.000000
0 1447 0.262999 0.210185 0.041112 0.140741 0.526480 1654.000000 1080.000000
0 1448 0.262999 0.210185 0.041112 0.140741 0.544190 1654.000000 1080.000000
0 1449 0.262999 0.210185 0.041112 0.140741 0.546180 1654.000000 1080.000000
0 1450 0.262999 0.210185 0.041112 0.140741 0.560670 1654.000000 1080.000000
0 1451 0.262999 0.210185 0.041112 0.140741 0.575160 1654.000000 1080.000000
0 1452 0.262999 0.210185 0.041112 0.140741 0.579710 1654.000000 1080.000000
0 1453 0.262999 0.211111 0.041112 0.140741 0.589850 1654.000000 1080.000000
0 1454 0.262999 0.211111 0.041112 0.140741 0.593450 1654.000000 1080.000000
0 1455 0.262999 0.211111 0.041112 0.140741 0.578380 1654.000000 1080.000000
0 1456 0.262999 0.211111 0.041112 0.140741 0.559720 1654.000000 1080.000000
0 1457 0.262999 0.211111 0.041112 0.140741 0.539450 1654.000000 1080.000000
0 1458 0.262999 0.211111 0.041112 0.140741 0.524010 1654.000000 1080.000000
0 1459 0.262999 0.212037 0.041112 0.140741 0.499860 1654.000000 1080.000000
0 1460 0.262999 0.211111 0.041112 0.140741 0.489820 1654.000000 1080.000000
0 1461 0.262999 0.211111 0.041112 0.140741 0.488870 1654.000000 1080.000000
0 1462 0.262999 0.210185 0.041112 0.140741 0.483090 1654.000000 1080.000000
0 1463 0.262999 0.210185 0.041112 0.140741 0.480530 1654.000000 1080.000000
0 1464 0.263603 0.210185 0.041112 0.140741 0.481580 1654.000000 1080.000000
0 1465 0.263603 0.209259 0.041112 0.140741 0.485550 1654.000000 1080.000000
0 1466 0.263603 0.209259 0.041112 0.140741 0.482620 1654.000000 1080.000000
0 1467 0.263603 0.208333 0.041112 0.140741 0.465850 1654.000000 1080.000000
0 1468 0.264208 0.208333 0.041112 0.140741 0.453630 1654.000000 1080.000000
0 1469 0.264208 0.208333 0.041112 0.140741 0.430990 1654.000000 1080.000000
0 1470 0.264208 0.207407 0.041112 0.140741 0.416690 1654.000000 1080.000000
0 1471 0.264208 0.207407 0.041112 0.140741 0.393960 1654.000000 1080.000000
0 1472 0.264208 0.206481 0.041112 0.140741 0.377760 1654.000000 1080.000000
0 1473 0.264813 0.206481 0.041112 0.140741 0.361370 1654.000000 1080.000000
0 1474 0.264813 0.206481 0.041112 0.140741 0.338260 1654.000000 1080.000000
0 1475 0.264813 0.205556 0.041112 0.140741 0.321680 1654.000000 1080.000000
0 1476 0.264813 0.205556 0.041112 0.140741 0.299610 1654.000000 1080.000000
0 1477 0.265417 0.205556 0.041112 0.140741 0.285780 1654.000000 1080.000000
0 1478 0.265417 0.204630 0.041112 0.140741 0.269020 1654.000000 1080.000000
0 1479 0.265417 0.204630 0.041112 0.140741 0.254240 1654.000000 1080.000000
0 1480 0.265417 0.203704 0.041112 0.140741 0.241360 1654.000000 1080.000000
0 1481 0.265417 0.203704 0.041112 0.140741 0.228190 1654.000000 1080.000000
0 1482 0.266022 0.203704 0.041112 0.140741 0.215500 1654.000000 1080.000000
0 1483 0.266022 0.202778 0.041112 0.140741 0.209150 1654.000000 1080.000000
0 1484 0.266022 0.202778 0.041112 0.140741 0.196080 1654.000000 1080.000000
0 1485 0.266022 0.201852 0.041112 0.140741 0.189830 1654.000000 1080.000000
0 1486 0.266626 0.201852 0.041112 0.140741 0.176940 1654.000000 1080.000000
0 1487 0.266626 0.201852 0.041112 0.140741 0.164540 1654.000000 1080.000000
0 1488 0.266626 0.200926 0.041112 0.140741 0.159140 1654.000000 1080.000000
0 1489 0.266626 0.200926 0.041112 0.140741 0.147580 1654.000000 1080.000000
0 1490 0.266626 0.200000 0.041112 0.140741 0.142460 1654.000000 1080.000000
0 1491 0.267231 0.200000 0.041112 0.140741 0.139620 1654.000000 1080.000000
0 1492 0.267231 0.200000 0.041112 0.140741 0.131000 1654.000000 1080.000000
0 1493 0.267231 0.199074 0.041112 0.140741 0.144930 1654.000000 1080.000000
0 1494 0.267231 0.199074 0.041112 0.140741 0.154870 1654.000000 1080.000000
0 1495 0.267836 0.199074 0.041112 0.140741 0.160370 1654.000000 1080.000000
0 1496 0.268440 0.198148 0.041112 0.140741 0.170500 1654.000000 1080.000000
0 1497 0.269045 0.197222 0.041112 0.140741 0.187650 1654.000000 1080.000000
0 1498 0.269649 0.196296 0.041112 0.140741 0.200530 1654.000000 1080.000000
0 1499 0.270254 0.195370 0.041112 0.140741 0.202900 1654.000000 1080.000000
0 1500 0.270859 0.194444 0.041112 0.140741 0.222700 1654.000000 1080.000000
0 1501 0.271765 0.194444 0.041717 0.140741 0.234730 1654.000000 1080.000000
0 1502 0.271463 0.193519 0.041112 0.138889 0.238310 1654.000000 1080.000000
0 1503 0.271765 0.192593 0.040508 0.137037 0.235100 1654.000000 1080.000000
0 1504 0.272068 0.191667 0.039903 0.135185 0.227230 1654.000000 1080.000000
0 1505 0.272370 0.191204 0.039299 0.132407 0.217910 1654.000000 1080.000000
0 1506 0.272068 0.190278 0.038694 0.130556 0.216680 1654.000000 1080.000000
0 1507 0.272370 0.189352 0.038089 0.128704 0.211940 1654.000000 1080.000000
0 1508 0.272672 0.188889 0.037485 0.125926 0.205540 1654.000000 1080.000000
0 1509 0.272975 0.187963 0.036880 0.124074 0.202630 1654.000000 1080.000000
0 1510 0.272672 0.187037 0.036276 0.122222 0.205720 1654.000000 1080.000000
0 1511 0.272975 0.186574 0.035671 0.119444 0.201280 1654.000000 1080.000000
0 1512 0.273277 0.185648 0.035067 0.117593 0.195840 1654.000000 1080.000000
0 1513 0.273579 0.184722 0.034462 0.115741 0.189380 1654.000000 1080.000000
0 1514 0.273881 0.184259 0.033857 0.112963 0.185570 1654.000000 1080.000000
0 1515 0.273881 0.183333 0.033857 0.112963 0.194550 1654.000000 1080.000000
0 1516 0.273881 0.183333 0.033857 0.112963 0.190420 1654.000000 1080.000000
0 1517 0.274486 0.182407 0.033857 0.112963 0.190840 1654.000000 1080.000000
0 1518 0.274486 0.182407 0.033857 0.112963 0.187560 1654.000000 1080.000000
0 1519 0.274486 0.181481 0.033857 0.112963 0.200540 1654.000000 1080.000000
0 1520 0.275091 0.181481 0.033857 0.112963 0.192410 1654.000000 1080.000000
0 1521 0.275091 0.181481 0.033857 0.112963 0.197260 1654.000000 1080.000000
0 1522 0.275091 0.180556 0.033857 0.112963 0.202110 1654.000000 1080.000000
0 1523 0.275695 0.180556 0.033857 0.112963 0.202110 1654.000000 1080.000000
0 1524 0.275695 0.179630 0.033857 0.112963 0.206960 1654.000000 1080.000000
0 1525 0.275695 0.179630 0.033857 0.112963 0.211810 1654.000000 1080.000000
0 1526 0.276300 0.179630 0.033857 0.112963 0.197690 1654.000000 1080.000000
0 1527 0.276904 0.178704 0.033857 0.112963 0.199830 1654.000000 1080.000000
0 1528 0.277509 0.177778 0.033857 0.112963 0.199830 1654.000000 1080.000000
0 1529 0.278114 0.177778 0.033857 0.112963 0.200680 1654.000000 1080.000000
0 1530 0.278718 0.176852 0.033857 0.112963 0.207530 1654.000000 1080.000000
0 1531 0.279323 0.176852 0.033857 0.112963 0.208390 1654.000000 1080.000000
0 1532 0.280230 0.175926 0.034462 0.112963 0.211660 1654.000000 1080.000000
0 1533 0.280834 0.175926 0.034462 0.112963 0.212500 1654.000000 1080.000000
0 1534 0.281439 0.175000 0.034462 0.112963 0.219230 1654.000000 1080.000000
0 1535 0.282044 0.174074 0.034462 0.112963 0.236750 1654.000000 1080.000000
0 1536 0.282648 0.174074 0.034462 0.112963 0.239420 1654.000000 1080.000000
0 1537 0.283253 0.173148 0.034462 0.112963 0.246150 1654.000000 1080.000000
0 1538 0.284462 0.173148 0.034462 0.112963 0.239980 1654.000000 1080.000000
0 1539 0.285067 0.172222 0.034462 0.112963 0.250630 1654.000000 1080.000000
0 1540 0.285671 0.172222 0.034462 0.112963 0.254840 1654.000000 1080.000000
0 1541 0.286276 0.171296 0.034462 0.112963 0.261560 1654.000000 1080.000000
0 1542 0.286880 0.170370 0.034462 0.112963 0.276980 1654.000000 1080.000000
0 1543 0.287485 0.170370 0.034462 0.112963 0.285670 1654.000000 1080.000000
0 1544 0.288392 0.169444 0.035067 0.112963 0.295440 1654.000000 1080.000000
0 1545 0.288996 0.169444 0.035067 0.112963 0.311290 1654.000000 1080.000000
0 1546 0.289601 0.168519 0.035067 0.112963 0.299990 1654.000000 1080.000000
0 1547 0.290206 0.168519 0.035067 0.112963 0.292680 1654.000000 1080.000000
0 1548 0.290810 0.167593 0.035067 0.112963 0.292680 1654.000000 1080.000000
0 1549 0.292019 0.167593 0.035067 0.112963 0.276150 1654.000000 1080.000000
0 1550 0.291415 0.166667 0.035067 0.112963 0.295160 1654.000000 1080.000000
0 1551 0.290810 0.165741 0.035067 0.112963 0.303710 1654.000000 1080.000000
0 1552 0.290810 0.165741 0.035067 0.112963 0.306190 1654.000000 1080.000000
0 1553 0.290206 0.164815 0.035067 0.112963 0.325070 1654.000000 1080.000000
0 1554 0.290206 0.164815 0.035067 0.112963 0.326990 1654.000000 1080.000000
0 1555 0.289601 0.163889 0.035067 0.112963 0.341460 1654.000000 1080.000000
0 1556 0.289299 0.163889 0.034462 0.112963 0.331650 1654.000000 1080.000000
0 1557 0.288996 0.162963 0.035067 0.112963 0.341740 1654.000000 1080.000000
0 1558 0.288694 0.162963 0.034462 0.112963 0.343150 1654.000000 1080.000000
0 1559 0.288392 0.162037 0.035067 0.112963 0.352900 1654.000000 1080.000000
0 1560 0.288089 0.162037 0.034462 0.112963 0.350570 1654.000000 1080.000000
0 1561 0.287787 0.161111 0.035067 0.112963 0.359650 1654.000000 1080.000000
0 1562 0.287183 0.160185 0.035067 0.112963 0.361860 1654.000000 1080.000000
0 1563 0.286880 0.160185 0.034462 0.112963 0.363890 1654.000000 1080.000000
0 1564 0.286578 0.159259 0.035067 0.112963 0.372740 1654.000000 1080.000000
0 1565 0.286276 0.159259 0.034462 0.112963 0.369780 1654.000000 1080.000000
0 1566 0.285973 0.158333 0.035067 0.112963 0.378120 1654.000000 1080.000000
0 1567 0.285671 0.158333 0.034462 0.112963 0.374260 1654.000000 1080.000000
0 1568 0.285067 0.157407 0.034462 0.112963 0.386880 1654.000000 1080.000000
0 1569 0.285067 0.157407 0.034462 0.112963 0.385060 1654.000000 1080.000000
0 1570 0.284462 0.156481 0.034462 0.112963 0.391370 1654.000000 1080.000000
0 1571 0.284462 0.156481 0.034462 0.112963 0.389400 1654.000000 1080.000000
0 1572 0.283857 0.155556 0.034462 0.112963 0.403140 1654.000000 1080.000000
0 1573 0.283857 0.155556 0.034462 0.112963 0.401040 1654.000000 1080.000000
0 1574 0.283857 0.154630 0.034462 0.112963 0.407060 1654.000000 1080.000000
0 1575 0.284462 0.153704 0.034462 0.112963 0.405940 1654.000000 1080.000000
0 1576 0.285067 0.152778 0.034462 0.112963 0.405940 1654.000000 1080.000000
0 1577 0.285067 0.152778 0.034462 0.112963 0.409590 1654.000000 1080.000000
0 1578 0.285671 0.151852 0.034462 0.112963 0.409590 1654.000000 1080.000000
0 1579 0.286276 0.150926 0.034462 0.112963 0.412110 1654.000000 1080.000000
0 1580 0.286276 0.150926 0.034462 0.112963 0.409730 1654.000000 1080.000000
0 1581 0.286880 0.150000 0.034462 0.112963 0.415480 1654.000000 1080.000000
0 1582 0.287485 0.149074 0.034462 0.112963 0.415340 1654.000000 1080.000000
0 1583 0.288089 0.148148 0.034462 0.112963 0.425150 1654.000000 1080.000000
0 1584 0.288089 0.148148 0.034462 0.112963 0.414910 1654.000000 1080.000000
0 1585 0.288694 0.147222 0.034462 0.112963 0.414910 1654.000000 1080.000000
0 1586 0.289299 0.146296 0.034462 0.112963 0.414910 1654.000000 1080.000000
0 1587 0.289299 0.146296 0.034462 0.112963 0.402440 1654.000000 1080.000000
0 1588 0.289903 0.145370 0.034462 0.112963 0.402440 1654.000000 1080.000000
0 1589 0.290508 0.144444 0.034462 0.112963 0.394450 1654.000000 1080.000000
0 1590 0.291112 0.144444 0.034462 0.112963 0.386320 1654.000000 1080.000000
0 1591 0.290508 0.143519 0.034462 0.112963 0.382110 1654.000000 1080.000000
0 1592 0.290206 0.143519 0.035067 0.112963 0.373980 1654.000000 1080.000000
0 1593 0.289903 0.143519 0.034462 0.112963 0.387720 1654.000000 1080.000000
0 1594 0.289601 0.143519 0.035067 0.112963 0.393690 1654.000000 1080.000000
0 1595 0.289299 0.143519 0.034462 0.112963 0.398230 1654.000000 1080.000000
0 1596 0.288996 0.142593 0.035067 0.112963 0.412430 1654.000000 1080.000000
0 1597 0.288694 0.142593 0.034462 0.112963 0.418280 1654.000000 1080.000000
0 1598 0.288392 0.142593 0.035067 0.112963 0.426070 1654.000000 1080.000000
0 1599 0.288089 0.142593 0.034462 0.112963 0.433420 1654.000000 1080.000000
0 1600 0.287787 0.142593 0.035067 0.112963 0.460520 1654.000000 1080.000000
0 1601 0.287485 0.142593 0.034462 0.112963 0.463550 1654.000000 1080.000000
0 1602 0.287183 0.141667 0.035067 0.112963 0.484910 1654.000000 1080.000000
0 1603 0.286880 0.141667 0.034462 0.112963 0.489770 1654.000000 1080.000000
0 1604 0.286578 0.141667 0.035067 0.112963 0.505580 1654.000000 1080.000000
0 1605 0.285973 0.141667 0.035067 0.112963 0.520740 1654.000000 1080.000000
0 1606 0.285973 0.141667 0.035067 0.112963 0.541820 1654.000000 1080.000000
0 1607 0.285369 0.140741 0.035067 0.112963 0.568000 1654.000000 1080.000000
0 1608 0.285369 0.140741 0.035067 0.112963 0.572280 1654.000000 1080.000000
0 1609 0.284764 0.140741 0.035067 0.112963 0.594870 1654.000000 1080.000000
0 1610 0.284764 0.140741 0.035067 0.112963 0.600390 1654.000000 1080.000000
0 1611 0.284160 0.140741 0.035067 0.112963 0.593080 1654.000000 1080.000000
0 1612 0.284160 0.140741 0.035067 0.112963 0.617200 1654.000000 1080.000000
0 1613 0.283555 0.139815 0.035067 0.112963 0.610720 1654.000000 1080.000000
0 1614 0.283555 0.139815 0.035067 0.112963 0.621330 1654.000000 1080.000000
0 1615 0.282950 0.139815 0.035067 0.112963 0.611960 1654.000000 1080.000000
0 1616 0.282950 0.139815 0.035067 0.112963 0.607960 1654.000000 1080.000000
0 1617 0.282346 0.139815 0.035067 0.112963 0.615680 1654.000000 1080.000000
0 1618 0.282346 0.139815 0.035067 0.112963 0.642550 1654.000000 1080.000000
0 1619 0.282346 0.139352 0.035067 0.113889 0.658560 1654.000000 1080.000000
0 1620 0.282346 0.139352 0.035067 0.113889 0.669080 1654.000000 1080.000000
0 1621 0.282346 0.139815 0.035067 0.114815 0.682710 1654.000000 1080.000000
0 1622 0.282346 0.139815 0.035067 0.114815 0.677830 1654.000000 1080.000000
0 1623 0.282950 0.139815 0.035067 0.114815 0.692750 1654.000000 1080.000000
0 1624 0.282950 0.140278 0.035067 0.115741 0.722360 1654.000000 1080.000000
0 1625 0.282950 0.140278 0.035067 0.115741 0.736350 1654.000000 1080.000000
0 1626 0.282950 0.140278 0.035067 0.115741 0.750740 1654.000000 1080.000000
0 1627 0.282950 0.140741 0.035067 0.116667 0.766450 1654.000000 1080.000000
0 1628 0.283555 0.140741 0.035067 0.116667 0.763780 1654.000000 1080.000000
0 1629 0.283555 0.140741 0.035067 0.116667 0.780730 1654.000000 1080.000000
0 1630 0.283555 0.141204 0.035067 0.117593 0.796610 1654.000000 1080.000000
0 1631 0.283555 0.141204 0.035067 0.117593 0.813560 1654.000000 1080.000000
0 1632 0.283555 0.141204 0.035067 0.117593 0.830510 1654.000000 1080.000000
0 1633 0.284160 0.141667 0.035067 0.118519 0.864410 1654.000000 1080.000000
0 1634 0.284160 0.141667 0.035067 0.118519 0.864410 1654.000000 1080.000000
0 1635 0.284160 0.141667 0.035067 0.118519 0.864410 1654.000000 1080.000000
0 1636 0.284160 0.142130 0.035067 0.119444 1.000000 1654.000000 1080.000000
0 1637 0.284160 0.142130 0.035067 0.119444 1.000000 1654.000000 1080.000000
0 1638 0.284764 0.142593 0.035067 0.120370 1.000000 1654.000000 1080.000000
0 1639 0.284160 0.141204 0.035067 0.121296 1.000000 1654.000000 1080.000000
0 1640 0.283555 0.140278 0.035067 0.121296 1.000000 1654.000000 1080.000000
0 1641 0.283253 0.139352 0.034462 0.121296 1.000000 1654.000000 1080.000000
0 1642 0.282648 0.138426 0.034462 0.121296 1.000000 1654.000000 1080.000000
0 1643 0.282346 0.137500 0.035067 0.121296 1.000000 1654.000000 1080.000000
0 1644 0.282044 0.136574 0.034462 0.121296 1.000000 1654.000000 1080.000000
0 1645 0.281439 0.136111 0.034462 0.122222 1.000000 1654.000000 1080.000000
0 1646 0.280834 0.135185 0.034462 0.122222 1.000000 1654.000000 1080.000000
0 1647 0.280532 0.134259 0.033857 0.122222 1.000000 1654.000000 1080.000000
0 1648 0.280230 0.133333 0.034462 0.122222 1.000000 1654.000000 1080.000000
0 1649 0.279625 0.132407 0.034462 0.122222 1.000000 1654.000000 1080.000000
0 1650 0.279323 0.131481 0.033857 0.122222 1.000000 1654.000000 1080.000000
0 1651 0.278718 0.130556 0.033857 0.122222 1.000000 1654.000000 1080.000000
0 1652 0.278718 0.130093 0.033857 0.123148 1.000000 1654.000000 1080.000000
0 1653 0.278718 0.129167 0.033857 0.123148 1.000000 1654.000000 1080.000000
0 1654 0.278718 0.128241 0.033857 0.123148 1.000000 1654.000000 1080.000000
0 1655 0.278718 0.128241 0.033857 0.123148 1.000000 1654.000000 1080.000000
0 1656 0.278718 0.127315 0.033857 0.123148 1.000000 1654.000000 1080.000000
0 1657 0.278718 0.127315 0.033857 0.123148 1.000000 1654.000000 1080.000000
0 1658 0.278718 0.126389 0.033857 0.123148 1.000000 1654.000000 1080.000000
0 1659 0.278718 0.126389 0.033857 0.123148 1.000000 1654.000000 1080.000000
0 1660 0.278718 0.125463 0.033857 0.123148 1.000000 1654.000000 1080.000000
0 1661 0.278718 0.124537 0.033857 0.123148 1.000000 1654.000000 1080.000000
0 1662 0.278718 0.124537 0.033857 0.123148 1.000000 1654.000000 1080.000000
0 1663 0.278718 0.123611 0.033857 0.123148 1.000000 1654.000000 1080.000000
0 1664 0.278718 0.123611 0.033857 0.123148 1.000000 1654.000000 1080.000000
0 1665 0.278718 0.122685 0.033857 0.123148 1.000000 1654.000000 1080.000000
0 1666 0.278718 0.122685 0.033857 0.123148 1.000000 1654.000000 1080.000000
0 1667 0.278718 0.121759 0.033857 0.123148 1.000000 1654.000000 1080.000000
0 1668 0.278718 0.121759 0.033857 0.123148 1.000000 1654.000000 1080.000000
0 1669 0.278114 0.120833 0.033857 0.123148 1.000000 1654.000000 1080.000000
0 1670 0.278114 0.119907 0.033857 0.123148 1.000000 1654.000000 1080.000000
0 1671 0.278114 0.118981 0.033857 0.123148 1.000000 1654.000000 1080.000000
0 1672 0.278114 0.118981 0.033857 0.123148 1.000000 1654.000000 1080.000000
0 1673 0.278114 0.118056 0.033857 0.123148 0.993450 1654.000000 1080.000000
0 1674 0.278114 0.117130 0.033857 0.123148 0.983630 1654.000000 1080.000000
0 1675 0.278114 0.116204 0.033857 0.123148 0.973820 1654.000000 1080.000000
0 1676 0.278114 0.116204 0.033857 0.123148 0.959150 1654.000000 1080.000000
0 1677 0.277811 0.115278 0.034462 0.123148 0.948530 1654.000000 1080.000000
0 1678 0.277811 0.114352 0.034462 0.123148 0.935670 1654.000000 1080.000000
0 1679 0.277811 0.113426 0.034462 0.123148 0.926020 1654.000000 1080.000000
0 1680 0.277811 0.113426 0.034462 0.123148 0.909680 1654.000000 1080.000000
0 1681 0.277811 0.112500 0.034462 0.123148 0.903500 1654.000000 1080.000000
0 1682 0.277811 0.111574 0.034462 0.123148 0.893850 1654.000000 1080.000000
0 1683 0.277811 0.110648 0.034462 0.123148 0.880980 1654.000000 1080.000000
0 1684 0.277811 0.110648 0.034462 0.123148 0.866190 1654.000000 1080.000000
0 1685 0.277509 0.109722 0.035067 0.123148 0.857700 1654.000000 1080.000000
0 1686 0.277509 0.108796 0.035067 0.123148 0.848220 1654.000000 1080.000000
0 1687 0.277509 0.107870 0.035067 0.123148 0.835570 1654.000000 1080.000000
0 1688 0.277509 0.107870 0.035067 0.123148 0.819120 1654.000000 1080.000000
0 1689 0.277509 0.106944 0.035067 0.123148 0.813430 1654.000000 1080.000000
0 1690 0.277509 0.106019 0.035067 0.123148 0.805970 1654.000000 1080.000000
0 1691 0.277509 0.105093 0.035067 0.123148 0.805970 1654.000000 1080.000000
0 1692 0.277509 0.105093 0.035067 0.123148 0.805340 1654.000000 1080.000000
0 1693 0.277509 0.104167 0.035067 0.123148 0.801670 1654.000000 1080.000000
0 1694 0.277509 0.104167 0.035067 0.123148 0.801920 1654.000000 1080.000000
0 1695 0.278114 0.103241 0.035067 0.123148 0.805590 1654.000000 1080.000000
0 1696 0.278114 0.103241 0.035067 0.123148 0.796100 1654.000000 1080.000000
0 1697 0.278718 0.102315 0.035067 0.123148 0.800030 1654.000000 1080.000000
0 1698 0.278718 0.102315 0.035067 0.123148 0.801670 1654.000000 1080.000000
0 1699 0.279323 0.102315 0.035067 0.123148 0.789270 1654.000000 1080.000000
0 1700 0.279323 0.101389 0.035067 0.123148 0.797880 1654.000000 1080.000000
0 1701 0.279323 0.101389 0.035067 0.123148 0.800780 1654.000000 1080.000000
0 1702 0.279927 0.100463 0.035067 0.123148 0.805210 1654.000000 1080.000000
0 1703 0.279927 0.100463 0.035067 0.123148 0.803440 1654.000000 1080.000000
0 1704 0.280532 0.099537 0.035067 0.123148 0.812800 1654.000000 1080.000000
0 1705 0.280532 0.099537 0.035067 0.123148 0.817350 1654.000000 1080.000000
0 1706 0.281137 0.099537 0.035067 0.123148 0.817860 1654.000000 1080.000000
0 1707 0.281137 0.098611 0.035067 0.123148 0.827980 1654.000000 1080.000000
0 1708 0.281137 0.098611 0.035067 0.123148 0.839240 1654.000000 1080.000000
0 1709 0.281741 0.097685 0.035067 0.123148 0.849610 1654.000000 1080.000000
0 1710 0.281741 0.097685 0.035067 0.123148 0.853150 1654.000000 1080.000000
0 1711 0.282346 0.096759 0.035067 0.123148 0.864030 1654.000000 1080.000000
0 1712 0.282346 0.096759 0.035067 0.123148 0.872000 1654.000000 1080.000000
0 1713 0.282950 0.096759 0.035067 0.123148 0.877810 1654.000000 1080.000000
0 1714 0.282950 0.095833 0.035067 0.123148 0.889450 1654.000000 1080.000000
0 1715 0.282950 0.094907 0.035067 0.123148 0.906910 1654.000000 1080.000000
0 1716 0.282950 0.094907 0.035067 0.123148 0.922720 1654.000000 1080.000000
0 1717 0.282950 0.093981 0.035067 0.123148 0.933220 1654.000000 1080.000000
0 1718 0.282950 0.093981 0.035067 0.123148 0.944220 1654.000000 1080.000000
0 1719 0.282950 0.093056 0.035067 0.123148 0.956620 1654.000000 1080.000000
0 1720 0.283555 0.092130 0.035067 0.123148 0.962810 1654.000000 1080.000000
0 1721 0.283555 0.092130 0.035067 0.123148 0.974700 1654.000000 1080.000000
0 1722 0.283555 0.091204 0.035067 0.123148 0.987350 1654.000000 1080.000000
0 1723 0.283555 0.091204 0.035067 0.123148 1.000000 1654.000000 1080.000000
0 1724 0.283555 0.090278 0.035067 0.123148 1.000000 1654.000000 1080.000000
0 1725 0.283555 0.089352 0.035067 0.123148 1.000000 1654.000000 1080.000000
0 1726 0.283555 0.089352 0.035067 0.123148 1.000000 1654.000000 1080.000000
0 1727 0.284160 0.088426 0.035067 0.123148 1.000000 1654.000000 1080.000000
0 1728 0.284160 0.088426 0.035067 0.123148 1.000000 1654.000000 1080.000000
0 1729 0.284160 0.087500 0.035067 0.123148 1.000000 1654.000000 1080.000000
0 1730 0.284160 0.086574 0.035067 0.123148 1.000000 1654.000000 1080.000000
0 1731 0.284160 0.086574 0.035067 0.123148 1.000000 1654.000000 1080.000000
0 1732 0.284160 0.085648 0.035067 0.123148 1.000000 1654.000000 1080.000000
0 1733 0.284764 0.085648 0.035067 0.123148 1.000000 1654.000000 1080.000000
0 1734 0.284764 0.084722 0.035067 0.123148 1.000000 1654.000000 1080.000000
0 1735 0.284764 0.083796 0.035067 0.123148 1.000000 1654.000000 1080.000000
0 1736 0.284764 0.083333 0.035067 0.122222 0.970430 1654.000000 1080.000000
0 1737 0.284764 0.082870 0.035067 0.123148 0.910450 1654.000000 1080.000000
0 1738 0.284764 0.082407 0.035067 0.122222 0.864660 1654.000000 1080.000000
0 1739 0.284764 0.081481 0.035067 0.122222 0.802850 1654.000000 1080.000000
0 1740 0.284764 0.081019 0.035067 0.121296 0.738060 1654.000000 1080.000000
0 1741 0.284764 0.080556 0.035067 0.122222 0.691600 1654.000000 1080.000000
0 1742 0.284764 0.080093 0.035067 0.121296 0.624040 1654.000000 1080.000000
0 1743 0.284764 0.079167 0.035067 0.121296 0.561380 1654.000000 1080.000000
0 1744 0.284764 0.078704 0.035067 0.122222 0.529760 1654.000000 1080.000000
0 1745 0.284764 0.078241 0.035067 0.121296 0.483050 1654.000000 1080.000000
0 1746 0.284764 0.077315 0.035067 0.121296 0.456210 1654.000000 1080.000000
0 1747 0.284764 0.076852 0.035067 0.120370 0.410010 1654.000000 1080.000000
0 1748 0.284764 0.076389 0.035067 0.121296 0.368260 1654.000000 1080.000000
0 1749 0.284764 0.075926 0.035067 0.120370 0.337950 1654.000000 1080.000000
0 1750 0.284764 0.075000 0.035067 0.120370 0.297710 1654.000000 1080.000000
0 1751 0.284764 0.074537 0.035067 0.119444 0.261540 1654.000000 1080.000000
0 1752 0.284764 0.074074 0.035067 0.120370 0.221370 1654.000000 1080.000000
0 1753 0.284764 0.073148 0.035067 0.120370 0.182560 1654.000000 1080.000000
0 1754 0.284764 0.072685 0.035067 0.119444 0.153060 1654.000000 1080.000000
0 1755 0.284764 0.072222 0.035067 0.120370 0.114500 1654.000000 1080.000000
0 1756 0.284764 0.071759 0.035067 0.119444 0.115380 1654.000000 1080.000000
0 1757 0.284764 0.070833 0.035067 0.119444 0.123080 1654.000000 1080.000000
0 1758 0.284764 0.070370 0.035067 0.118519 0.124030 1654.000000 1080.000000
0 1759 0.284764 0.069907 0.035067 0.119444 0.160370 1654.000000 1080.000000
0 1760 0.284764 0.069444 0.035067 0.118519 0.199190 1654.000000 1080.000000
0 1761 0.284764 0.068519 0.035067 0.118519 0.253190 1654.000000 1080.000000
0 1762 0.284764 0.068519 0.035067 0.118519 0.292870 1654.000000 1080.000000
0 1763 0.284160 0.067593 0.035067 0.118519 0.354360 1654.000000 1080.000000
0 1764 0.283555 0.067593 0.035067 0.118519 0.421500 1654.000000 1080.000000
0 1765 0.283555 0.067130 0.035067 0.119444 0.468060 1654.000000 1080.000000
0 1766 0.282950 0.066667 0.035067 0.118519 0.527000 1654.000000 1080.000000
0 1767 0.282950 0.066667 0.035067 0.118519 0.578900 1654.000000 1080.000000
0 1768 0.282346 0.066204 0.035067 0.119444 0.642370 1654.000000 1080.000000
0 1769 0.282346 0.066204 0.035067 0.119444 0.698310 1654.000000 1080.000000
0 1770 0.281741 0.065278 0.035067 0.119444 0.746020 1654.000000 1080.000000
0 1771 0.281741 0.065278 0.035067 0.119444 0.786050 1654.000000 1080.000000
0 1772 0.281137 0.065278 0.035067 0.119444 0.841980 1654.000000 1080.000000
0 1773 0.281137 0.064815 0.035067 0.120370 0.867120 1654.000000 1080.000000
0 1774 0.280532 0.064352 0.035067 0.119444 0.929730 1654.000000 1080.000000
0 1775 0.280532 0.063889 0.035067 0.120370 0.961830 1654.000000 1080.000000
0 1776 0.279927 0.063889 0.035067 0.120370 0.947470 1654.000000 1080.000000
0 1777 0.279927 0.063889 0.035067 0.120370 0.942040 1654.000000 1080.000000
0 1778 0.279323 0.062963 0.035067 0.120370 0.937120 1654.000000 1080.000000
0 1779 0.279323 0.062963 0.035067 0.120370 0.932720 1654.000000 1080.000000
0 1780 0.278718 0.062500 0.035067 0.121296 0.929380 1654.000000 1080.000000
0 1781 0.278718 0.062500 0.035067 0.121296 0.919880 1654.000000 1080.000000
0 1782 0.278114 0.062037 0.035067 0.120370 0.922630 1654.000000 1080.000000
0 1783 0.278114 0.061574 0.035067 0.121296 0.915250 1654.000000 1080.000000
0 1784 0.277509 0.061574 0.035067 0.121296 0.913710 1654.000000 1080.000000
0 1785 0.277509 0.061574 0.035067 0.121296 0.912690 1654.000000 1080.000000
0 1786 0.276300 0.061111 0.035067 0.120370 0.913830 1654.000000 1080.000000
0 1787 0.275695 0.061111 0.035067 0.120370 0.916420 1654.000000 1080.000000
0 1788 0.275091 0.060648 0.035067 0.119444 0.923210 1654.000000 1080.000000
0 1789 0.274486 0.060648 0.035067 0.119444 0.920600 1654.000000 1080.000000
0 1790 0.273881 0.060648 0.035067 0.119444 0.919040 1654.000000 1080.000000
0 1791 0.273277 0.060185 0.035067 0.118519 0.927470 1654.000000 1080.000000
0 1792 0.272672 0.060185 0.035067 0.118519 0.927740 1654.000000 1080.000000
0 1793 0.272068 0.060185 0.035067 0.118519 0.931680 1654.000000 1080.000000
0 1794 0.271161 0.059722 0.034462 0.117593 0.941810 1654.000000 1080.000000
0 1795 0.270556 0.059722 0.034462 0.117593 0.947200 1654.000000 1080.000000
0 1796 0.269952 0.059259 0.034462 0.116667 0.952760 1654.000000 1080.000000
0 1797 0.269347 0.059259 0.034462 0.116667 0.963350 1654.000000 1080.000000
0 1798 0.268742 0.059259 0.034462 0.116667 0.969590 1654.000000 1080.000000
0 1799 0.268138 0.058796 0.034462 0.115741 0.973590 1654.000000 1080.000000
0 1800 0.267533 0.058796 0.034462 0.115741 0.960180 1654.000000 1080.000000
0 1801 0.266929 0.058796 0.034462 0.115741 0.933630 1654.000000 1080.000000
0 1802 0.266324 0.058333 0.034462 0.114815 0.894070 1654.000000 1080.000000
0 1803 0.265719 0.057870 0.034462 0.113889 0.854700 1654.000000 1080.000000
0 1804 0.265115 0.057870 0.034462 0.113889 0.820770 1654.000000 1080.000000
0 1805 0.264510 0.057407 0.034462 0.112963 0.752030 1654.000000 1080.000000
0 1806 0.263906 0.057407 0.034462 0.112963 0.695960 1654.000000 1080.000000
0 1807 0.263301 0.056944 0.034462 0.112037 0.626630 1654.000000 1080.000000
0 1808 0.262696 0.056944 0.034462 0.112037 0.557240 1654.000000 1080.000000
0 1809 0.262092 0.056481 0.034462 0.111111 0.503560 1654.000000 1080.000000
0 1810 0.261487 0.056481 0.034462 0.111111 0.434600 1654.000000 1080.000000
0 1811 0.260883 0.056019 0.034462 0.110185 0.396840 1654.000000 1080.000000
0 1812 0.260580 0.056019 0.035067 0.110185 0.377260 1654.000000 1080.000000
0 1813 0.259976 0.055556 0.035067 0.109259 0.371170 1654.000000 1080.000000
0 1814 0.259976 0.055556 0.035067 0.109259 0.351090 1654.000000 1080.000000
0 1815 0.259976 0.055556 0.035067 0.109259 0.330150 1654.000000 1080.000000
0 1816 0.259976 0.055556 0.035067 0.109259 0.315050 1654.000000 1080.000000
0 1817 0.259371 0.055556 0.035067 0.109259 0.299960 1654.000000 1080.000000
0 1818 0.259371 0.055556 0.035067 0.109259 0.295110 1654.000000 1080.000000
0 1819 0.259371 0.055556 0.035067 0.109259 0.287420 1654.000000 1080.000000
0 1820 0.259371 0.055556 0.035067 0.109259 0.275890 1654.000000 1080.000000
0 1821 0.258767 0.055556 0.035067 0.109259 0.270620 1654.000000 1080.000000
0 1822 0.258767 0.055556 0.035067 0.109259 0.261790 1654.000000 1080.000000
0 1823 0.258767 0.055556 0.035067 0.109259 0.256090 1654.000000 1080.000000
0 1824 0.258767 0.055556 0.035067 0.109259 0.253530 1654.000000 1080.000000
0 1825 0.258162 0.055556 0.035067 0.109259 0.249680 1654.000000 1080.000000
0 1826 0.258162 0.055556 0.035067 0.109259 0.251670 1654.000000 1080.000000
0 1827 0.258162 0.055556 0.035067 0.109259 0.241990 1654.000000 1080.000000
0 1828 0.258162 0.055556 0.035067 0.109259 0.236860 1654.000000 1080.000000
0 1829 0.257557 0.055556 0.035067 0.109259 0.229740 1654.000000 1080.000000
0 1830 0.257557 0.055556 0.035067 0.109259 0.226320 1654.000000 1080.000000
0 1831 0.257557 0.055556 0.035067 0.109259 0.218200 1654.000000 1080.000000
0 1832 0.257557 0.055556 0.035067 0.109259 0.215210 1654.000000 1080.000000
0 1833 0.256953 0.055556 0.035067 0.109259 0.210370 1654.000000 1080.000000
0 1834 0.256953 0.055556 0.035067 0.109259 0.206950 1654.000000 1080.000000
0 1835 0.256953 0.055556 0.035067 0.109259 0.202540 1654.000000 1080.000000
0 1836 0.256953 0.055556 0.035067 0.109259 0.207380 1654.000000 1080.000000
0 1837 0.256348 0.055556 0.035067 0.109259 0.197840 1654.000000 1080.000000
0 1838 0.256348 0.055556 0.035067 0.109259 0.196700 1654.000000 1080.000000
0 1839 0.256348 0.055556 0.035067 0.109259 0.194990 1654.000000 1080.000000
0 1840 0.256348 0.055556 0.035067 0.109259 0.185590 1654.000000 1080.000000
0 1841 0.255744 0.055556 0.035067 0.109259 0.184870 1654.000000 1080.000000
0 1842 0.255744 0.055556 0.035067 0.109259 0.198970 1654.000000 1080.000000
0 1843 0.255744 0.055556 0.035067 0.109259 0.205530 1654.000000 1080.000000
0 1844 0.255744 0.055556 0.035067 0.109259 0.218770 1654.000000 1080.000000
0 1845 0.255744 0.055556 0.035067 0.109259 0.232870 1654.000000 1080.000000
0 1846 0.255139 0.055093 0.035067 0.108333 0.244330 1654.000000 1080.000000
0 1847 0.255139 0.055093 0.035067 0.108333 0.266590 1654.000000 1080.000000
0 1848 0.254534 0.054630 0.035067 0.107407 0.322320 1654.000000 1080.000000
0 1849 0.254534 0.054630 0.035067 0.107407 0.380410 1654.000000 1080.000000
0 1850 0.253930 0.054630 0.035067 0.107407 0.436040 1654.000000 1080.000000
0 1851 0.253930 0.054167 0.035067 0.106481 0.481590 1654.000000 1080.000000
0 1852 0.253325 0.054167 0.035067 0.106481 0.534770 1654.000000 1080.000000
0 1853 0.253325 0.054167 0.035067 0.106481 0.522060 1654.000000 1080.000000
0 1854 0.252721 0.053704 0.035067 0.105556 0.509650 1654.000000 1080.000000
0 1855 0.252721 0.053241 0.035067 0.104630 0.492270 1654.000000 1080.000000
0 1856 0.252721 0.052778 0.035067 0.103704 0.461530 1654.000000 1080.000000
0 1857 0.252721 0.052315 0.035067 0.102778 0.459590 1654.000000 1080.000000
0 1858 0.252721 0.052315 0.035067 0.102778 0.452780 1654.000000 1080.000000
0 1859 0.252721 0.051852 0.035067 0.101852 0.452280 1654.000000 1080.000000
0 1860 0.252116 0.051389 0.035067 0.100926 0.460400 1654.000000 1080.000000
0 1861 0.252116 0.050926 0.035067 0.100000 0.470070 1654.000000 1080.000000
0 1862 0.252116 0.050463 0.035067 0.099074 0.463280 1654.000000 1080.000000
0 1863 0.252116 0.050463 0.035067 0.099074 0.411800 1654.000000 1080.000000
0 1864 0.252116 0.050000 0.035067 0.098148 0.372560 1654.000000 1080.000000
0 1865 0.252116 0.049537 0.035067 0.097222 0.319960 1654.000000 1080.000000
0 1866 0.251511 0.049074 0.035067 0.096296 0.282650 1654.000000 1080.000000
0 1867 0.251511 0.048611 0.035067 0.095370 0.226370 1654.000000 1080.000000
0 1868 0.251511 0.048611 0.035067 0.095370 0.168840 1654.000000 1080.000000
0 1869 0.251511 0.048148 0.035067 0.094444 0.135760 1654.000000 1080.000000
0 1870 0.251511 0.047685 0.035067 0.093519 0.057993 1654.000000 1080.000000
0 1871 0.251511 0.047222 0.035067 0.092593 0.068300 1654.000000 1080.000000
0 1872 0.251511 0.047222 0.035067 0.092593 0.125360 1654.000000 1080.000000
0 1873 0.250302 0.046759 0.035067 0.091667 0.139660 1654.000000 1080.000000
0 1874 0.249698 0.046296 0.035067 0.090741 0.174630 1654.000000 1080.000000
0 1875 0.248791 0.046296 0.034462 0.090741 0.190180 1654.000000 1080.000000
0 1876 0.247884 0.045833 0.035067 0.089815 0.229680 1654.000000 1080.000000
0 1877 0.247279 0.045370 0.035067 0.088889 0.257910 1654.000000 1080.000000
0 1878 0.246372 0.045370 0.034462 0.088889 0.273550 1654.000000 1080.000000
0 1879 0.245768 0.044907 0.034462 0.087963 0.301720 1654.000000 1080.000000
0 1880 0.244861 0.044444 0.035067 0.087037 0.324170 1654.000000 1080.000000
0 1881 0.243954 0.044444 0.034462 0.087037 0.339750 1654.000000 1080.000000
0 1882 0.243349 0.043981 0.034462 0.086111 0.367200 1654.000000 1080.000000
0 1883 0.242443 0.043519 0.035067 0.085185 0.387830 1654.000000 1080.000000
0 1884 0.241536 0.043519 0.034462 0.085185 0.403230 1654.000000 1080.000000
0 1885 0.240931 0.043056 0.034462 0.084259 0.416040 1654.000000 1080.000000
0 1886 0.240326 0.043056 0.034462 0.084259 0.437780 1654.000000 1080.000000
0 1887 0.239117 0.042593 0.034462 0.083333 0.442590 1654.000000 1080.000000
0 1888 0.238513 0.042130 0.034462 0.082407 0.462450 1654.000000 1080.000000
0 1889 0.237908 0.041667 0.034462 0.081481 0.474620 1654.000000 1080.000000
0 1890 0.237304 0.041667 0.034462 0.081481 0.483340 1654.000000 1080.000000
0 1891 0.236397 0.041204 0.035067 0.080556 0.464180 1654.000000 1080.000000
0 1892 0.235792 0.040741 0.035067 0.079630 0.446910 1654.000000 1080.000000
0 1893 0.234885 0.040278 0.034462 0.078704 0.442660 1654.000000 1080.000000
0 1894 0.234281 0.040278 0.034462 0.078704 0.421410 1654.000000 1080.000000
0 1895 0.233374 0.039815 0.035067 0.077778 0.411570 1654.000000 1080.000000
0 1896 0.232769 0.039352 0.035067 0.076852 0.402540 1654.000000 1080.000000
0 1897 0.232164 0.038889 0.035067 0.075926 0.386360 1654.000000 1080.000000
0 1898 0.231560 0.038889 0.035067 0.075926 0.375940 1654.000000 1080.000000
0 1899 0.230351 0.038426 0.035067 0.075000 0.352210 1654.000000 1080.000000
0 1900 0.229746 0.037963 0.035067 0.074074 0.334170 1654.000000 1080.000000
0 1901 0.229141 0.037500 0.035067 0.073148 0.320970 1654.000000 1080.000000
0 1902 0.228537 0.037037 0.035067 0.072222 0.300150 1654.000000 1080.000000
0 1903 0.227932 0.036574 0.035067 0.071296 0.293350 1654.000000 1080.000000
0 1904 0.227328 0.036574 0.035067 0.071296 0.293790 1654.000000 1080.000000
0 1905 0.226723 0.036111 0.035067 0.070370 0.320710 1654.000000 1080.000000
0 1906 0.226119 0.035648 0.035067 0.069444 0.353930 1654.000000 1080.000000
0 1907 0.225514 0.035185 0.035067 0.068519 0.364970 1654.000000 1080.000000
0 1908 0.224305 0.034722 0.035067 0.067593 0.382960 1654.000000 1080.000000
0 1909 0.223700 0.034259 0.035067 0.066667 0.387970 1654.000000 1080.000000
0 1910 0.223096 0.034259 0.035067 0.066667 0.390290 1654.000000 1080.000000
0 1911 0.222491 0.033796 0.035067 0.065741 0.402540 1654.000000 1080.000000
0 1912 0.221886 0.033333 0.035067 0.064815 0.408930 1654.000000 1080.000000
0 1913 0.221282 0.032870 0.035067 0.063889 0.414530 1654.000000 1080.000000
0 1914 0.220677 0.032407 0.035067 0.062963 0.414390 1654.000000 1080.000000
0 1915 0.220073 0.031944 0.035067 0.062037 0.414260 1654.000000 1080.000000
0 1916 0.219468 0.031944 0.035067 0.062037 0.410770 1654.000000 1080.000000
0 1917 0.218259 0.031481 0.035067 0.061111 0.413360 1654.000000 1080.000000
0 1918 0.217654 0.031019 0.035067 0.060185 0.406010 1654.000000 1080.000000
0 1919 0.217050 0.030556 0.035067 0.059259 0.401830 1654.000000 1080.000000
0 1920 0.215840 0.030093 0.035067 0.058333 0.434590 1654.000000 1080.000000
0 1921 0.215236 0.029630 0.035067 0.057407 0.430990 1654.000000 1080.000000
0 1922 0.214631 0.029167 0.035067 0.056481 0.392560 1654.000000 1080.000000
0 1923 0.213422 0.028704 0.035067 0.055556 0.372600 1654.000000 1080.000000
0 1924 0.212817 0.028241 0.035067 0.054630 0.335030 1654.000000 1080.000000
0 1925 0.212213 0.027778 0.035067 0.053704 0.302500 1654.000000 1080.000000
0 1926 0.211004 0.027315 0.035067 0.052778 0.257740 1654.000000 1080.000000
0 1927 0.210399 0.026852 0.035067 0.051852 0.195660 1654.000000 1080.000000
0 1928 0.209794 0.026852 0.035067 0.051852 0.163840 1654.000000 1080.000000
0 1929 0.208585 0.026852 0.035067 0.051852 0.135300 1654.000000 1080.000000
0 1930 0.207376 0.026852 0.035067 0.051852 0.099911 1654.000000 1080.000000
0 1931 0.206469 0.026852 0.034462 0.051852 0.095886 1654.000000 1080.000000
0 1932 0.205562 0.027315 0.035067 0.052778 0.101690 1654.000000 1080.000000
0 1933 0.204353 0.027315 0.035067 0.052778 0.117180 1654.000000 1080.000000
0 1934 0.203446 0.027315 0.034462 0.052778 0.126040 1654.000000 1080.000000
0 1935 0.202539 0.027315 0.035067 0.052778 0.160720 1654.000000 1080.000000
0 1936 0.201330 0.027778 0.035067 0.053704 0.179830 1654.000000 1080.000000
0 1937 0.200423 0.027778 0.034462 0.053704 0.199300 1654.000000 1080.000000
0 1938 0.199516 0.027778 0.035067 0.053704 0.216600 1654.000000 1080.000000
0 1939 0.198609 0.027778 0.034462 0.053704 0.250730 1654.000000 1080.000000
0 1940 0.197400 0.028241 0.034462 0.054630 0.258620 1654.000000 1080.000000
0 1941 0.196493 0.028241 0.035067 0.054630 0.291530 1654.000000 1080.000000
0 1942 0.195586 0.028241 0.034462 0.054630 0.311490 1654.000000 1080.000000
0 1943 0.194377 0.028241 0.034462 0.054630 0.330750 1654.000000 1080.000000
0 1944 0.193470 0.028704 0.035067 0.055556 0.326480 1654.000000 1080.000000
0 1945 0.192563 0.028704 0.034462 0.055556 0.316280 1654.000000 1080.000000
0 1946 0.191354 0.028704 0.034462 0.055556 0.317410 1654.000000 1080.000000
0 1947 0.190750 0.029167 0.034462 0.056481 0.314240 1654.000000 1080.000000
0 1948 0.189541 0.028704 0.034462 0.055556 0.276430 1654.000000 1080.000000
0 1949 0.188331 0.028241 0.034462 0.054630 0.256320 1654.000000 1080.000000
0 1950 0.187727 0.027778 0.034462 0.053704 0.229400 1654.000000 1080.000000
0 1951 0.186518 0.027315 0.034462 0.052778 0.221170 1654.000000 1080.000000
0 1952 0.185913 0.027315 0.034462 0.052778 0.202730 1654.000000 1080.000000
0 1953 0.184704 0.026852 0.034462 0.051852 0.206290 1654.000000 1080.000000
0 1954 0.183495 0.026389 0.034462 0.050926 0.192120 1654.000000 1080.000000
0 1955 0.182890 0.025926 0.034462 0.050000 0.194360 1654.000000 1080.000000
0 1956 0.181681 0.025463 0.034462 0.049074 0.179440 1654.000000 1080.000000
0 1957 0.181076 0.025463 0.034462 0.049074 0.166030 1654.000000 1080.000000
0 1958 0.179262 0.025463 0.034462 0.049074 0.160920 1654.000000 1080.000000
0 1959 0.178053 0.025463 0.034462 0.049074 0.148470 1654.000000 1080.000000
0 1960 0.176844 0.025463 0.034462 0.049074 0.142400 1654.000000 1080.000000
0 1961 0.175635 0.025463 0.034462 0.049074 0.123880 1654.000000 1080.000000
0 1962 0.174426 0.025463 0.034462 0.049074 0.105360 1654.000000 1080.000000
0 1963 0.173216 0.025463 0.034462 0.049074 0.105360 1654.000000 1080.000000
0 1964 0.171403 0.025463 0.034462 0.049074 0.088123 1654.000000 1080.000000
0 1965 0.170193 0.025463 0.034462 0.049074 0.082375 1654.000000 1080.000000
0 1966 0.168984 0.025463 0.034462 0.049074 0.063857 1654.000000 1080.000000
0 1967 0.167775 0.025463 0.034462 0.049074 0.051086 1654.000000 1080.000000
0 1968 0.166566 0.025463 0.034462 0.049074 0.051086 1654.000000 1080.000000
0 1969 0.165357 0.025463 0.034462 0.049074 0.039272 1654.000000 1080.000000
0 1970 0.163845 0.025463 0.033857 0.049074 0.040936 1654.000000 1080.000000
0 1971 0.162938 0.025463 0.033253 0.049074 0.027778 1654.000000 1080.000000
0 1972 0.162031 0.025463 0.032648 0.049074 0.014141 1654.000000 1080.000000
0 1973 0.161125 0.025463 0.032044 0.049074 0.014403 1654.000000 1080.000000
0 1974 0.159915 0.025463 0.032044 0.049074 0.018519 1654.000000 1080.000000
0 1975 0.159008 0.025463 0.031439 0.049074 0.018868 1654.000000 1080.000000
0 1976 0.158102 0.025463 0.030834 0.049074 0.019231 1654.000000 1080.000000
0 1977 0.157195 0.025463 0.030230 0.049074 0.019608 1654.000000 1080.000000
0 1978 0.155683 0.024537 0.029625 0.047222 0.020000 1654.000000 1080.000000
0 1979 0.154474 0.024074 0.029625 0.046296 0.000000 1654.000000 1080.000000
0 1980 0.153265 0.023148 0.029625 0.044444 0.000000 1654.000000 1080.000000
0 1981 0.152056 0.022685 0.029625 0.043519 0.000000 1654.000000 1080.000000
0 1982 0.150846 0.022222 0.029625 0.042593 0.000000 1654.000000 1080.000000
0 1983 0.149637 0.021296 0.029625 0.040741 0.000000 1654.000000 1080.000000
0 1984 0.148428 0.020833 0.029625 0.039815 0.000000 1654.000000 1080.000000
0 1985 0.147219 0.020370 0.029625 0.038889 0.000000 1654.000000 1080.000000
0 1986 0.146010 0.019444 0.029625 0.037037 0.000000 1654.000000 1080.000000
0 1987 0.144800 0.018981 0.029625 0.036111 0.000000 1654.000000 1080.000000
0 1988 0.143591 0.018519 0.029625 0.035185 0.000000 1654.000000 1080.000000
0 1989 0.142382 0.018056 0.029625 0.034259 0.000000 1654.000000 1080.000000
0 1990 0.141173 0.018056 0.029625 0.034259 0.000000 1654.000000 1080.000000
0 1991 0.140568 0.017593 0.029625 0.033333 0.000000 1654.000000 1080.000000
0 1992 0.139359 0.017593 0.029625 0.033333 0.000000 1654.000000 1080.000000
0 1993 0.138755 0.017593 0.029625 0.033333 0.000000 1654.000000 1080.000000
0 1994 0.137545 0.017130 0.029625 0.032407 0.000000 1654.000000 1080.000000
0 1995 0.136941 0.017130 0.029625 0.032407 0.000000 1654.000000 1080.000000
0 1996 0.135732 0.016667 0.029625 0.031481 0.000000 1654.000000 1080.000000
0 1997 0.135127 0.016667 0.029625 0.031481 0.000000 1654.000000 1080.000000
0 1998 0.133918 0.016667 0.029625 0.031481 0.000000 1654.000000 1080.000000
0 1999 0.132709 0.016204 0.029625 0.030556 0.000000 1654.000000 1080.000000
0 2000 0.132104 0.016204 0.029625 0.030556 0.000000 1654.000000 1080.000000
0 2001 0.130895 0.015741 0.029625 0.029630 0.000000 1654.000000 1080.000000
0 2002 0.130290 0.015741 0.029625 0.029630 0.000000 1654.000000 1080.000000
0 2003 0.129081 0.015741 0.029625 0.029630 0.000000 1654.000000 1080.000000
0 2004 0.128476 0.015278 0.029625 0.028704 0.000000 1654.000000 1080.000000
0 2005 0.127267 0.015278 0.029625 0.028704 0.000000 1654.000000 1080.000000
0 2006 0.126663 0.015278 0.029625 0.028704 0.000000 1654.000000 1080.000000
0 2007 0.124849 0.014815 0.029625 0.027778 0.000000 1654.000000 1080.000000
0 2008 0.123035 0.014815 0.029625 0.027778 0.000000 1654.000000 1080.000000
0 2009 0.121221 0.014352 0.029625 0.026852 0.000000 1654.000000 1080.000000
0 2010 0.119710 0.014352 0.030230 0.026852 0.000000 1654.000000 1080.000000
0 2011 0.117896 0.013889 0.030230 0.025926 0.000000 1654.000000 1080.000000
0 2012 0.116385 0.013889 0.029625 0.025926 0.000000 1654.000000 1080.000000
0 2013 0.114571 0.013426 0.029625 0.025000 0.000000 1654.000000 1080.000000
0 2014 0.113059 0.013426 0.030230 0.025000 0.019608 1654.000000 1080.000000
0 2015 0.111245 0.012963 0.030230 0.024074 0.039216 1654.000000 1080.000000
0 2016 0.109432 0.012963 0.030230 0.024074 0.058824 1654.000000 1080.000000
0 2017 0.108222 0.012963 0.030230 0.024074 0.058824 1654.000000 1080.000000
0 2018 0.107618 0.012500 0.030230 0.023148 0.039216 1654.000000 1080.000000
0 2019 0.107013 0.012500 0.030230 0.023148 0.039216 1654.000000 1080.000000
0 2020 0.106409 0.012500 0.030230 0.023148 0.039216 1654.000000 1080.000000
0 2021 0.105804 0.012500 0.030230 0.023148 0.019608 1654.000000 1080.000000
0 2022 0.105200 0.012500 0.030230 0.023148 0.019608 1654.000000 1080.000000
0 2023 0.104595 0.012500 0.030230 0.023148 0.019608 1654.000000 1080.000000
0 2024 0.103990 0.012500 0.030230 0.023148 0.019608 1654.000000 1080.000000
0 2025 0.103386 0.012500 0.030230 0.023148 0.000000 1654.000000 1080.000000
