0 2024 0.002418 0.366204 0.003628 0.132407 0.057540 1654.000000 1080.000000
0 2025 0.003023 0.365278 0.004837 0.132407 0.089506 1654.000000 1080.000000
0 2026 0.003930 0.364352 0.006651 0.132407 0.097222 1654.000000 1080.000000
0 2027 0.004837 0.363426 0.008464 0.132407 0.112500 1654.000000 1080.000000
0 2028 0.005744 0.362500 0.010278 0.132407 0.125000 1654.000000 1080.000000
0 2029 0.006348 0.361574 0.011487 0.132407 0.126390 1654.000000 1080.000000
0 2030 0.007255 0.360648 0.013301 0.132407 0.128320 1654.000000 1080.000000
0 2031 0.008162 0.359722 0.015115 0.132407 0.133550 1654.000000 1080.000000
0 2032 0.009069 0.358796 0.016929 0.132407 0.126440 1654.000000 1080.000000
0 2033 0.009976 0.358796 0.018742 0.132407 0.124780 1654.000000 1080.000000
0 2034 0.010580 0.357870 0.019952 0.132407 0.125820 1654.000000 1080.000000
0 2035 0.011185 0.356944 0.021161 0.132407 0.127310 1654.000000 1080.000000
0 2036 0.012092 0.356019 0.022975 0.132407 0.123400 1654.000000 1080.000000
0 2037 0.012696 0.355093 0.024184 0.132407 0.128050 1654.000000 1080.000000
0 2038 0.013301 0.354167 0.025393 0.132407 0.123550 1654.000000 1080.000000
0 2039 0.014208 0.353241 0.027207 0.132407 0.112620 1654.000000 1080.000000
0 2040 0.014813 0.352315 0.028416 0.132407 0.111830 1654.000000 1080.000000
0 2041 0.015417 0.351389 0.029625 0.132407 0.107780 1654.000000 1080.000000
0 2042 0.016324 0.350463 0.031439 0.132407 0.100240 1654.000000 1080.000000
0 2043 0.016929 0.349537 0.032648 0.132407 0.096086 1654.000000 1080.000000
0 2044 0.017533 0.348611 0.033857 0.132407 0.092471 1654.000000 1080.000000
0 2045 0.018440 0.347685 0.035671 0.132407 0.088773 1654.000000 1080.000000
0 2046 0.019045 0.345833 0.036880 0.132407 0.089606 1654.000000 1080.000000
0 2047 0.020254 0.343981 0.036880 0.132407 0.092742 1654.000000 1080.000000
0 2048 0.021463 0.343056 0.036880 0.132407 0.088150 1654.000000 1080.000000
0 2049 0.022672 0.341204 0.036880 0.132407 0.093414 1654.000000 1080.000000
0 2050 0.023881 0.339352 0.036880 0.132407 0.098902 1654.000000 1080.000000
0 2051 0.025091 0.338426 0.036880 0.132407 0.098230 1654.000000 1080.000000
0 2052 0.026300 0.336574 0.036880 0.132407 0.103050 1654.000000 1080.000000
0 2053 0.027509 0.334722 0.036880 0.132407 0.100920 1654.000000 1080.000000
0 2054 0.028718 0.333796 0.036880 0.132407 0.093302 1654.000000 1080.000000
0 2055 0.029927 0.332407 0.036880 0.131481 0.089894 1654.000000 1080.000000
0 2056 0.031137 0.331481 0.036880 0.131481 0.079856 1654.000000 1080.000000
0 2057 0.032346 0.330093 0.036880 0.130556 0.074398 1654.000000 1080.000000
0 2058 0.033555 0.329167 0.036880 0.130556 0.072467 1654.000000 1080.000000
0 2059 0.034764 0.327778 0.036880 0.129630 0.075154 1654.000000 1080.000000
0 2060 0.036578 0.326852 0.036880 0.129630 0.076070 1654.000000 1080.000000
0 2061 0.037787 0.325926 0.036880 0.129630 0.079272 1654.000000 1080.000000
0 2062 0.038996 0.324537 0.036880 0.128704 0.079839 1654.000000 1080.000000
0 2063 0.040206 0.323611 0.036880 0.128704 0.083065 1654.000000 1080.000000
0 2064 0.041415 0.322222 0.036880 0.127778 0.077744 1654.000000 1080.000000
0 2065 0.043229 0.321296 0.036880 0.127778 0.072639 1654.000000 1080.000000
0 2066 0.044438 0.320370 0.036880 0.127778 0.068693 1654.000000 1080.000000
0 2067 0.045647 0.318981 0.036880 0.126852 0.063581 1654.000000 1080.000000
0 2068 0.046856 0.318056 0.036880 0.126852 0.063581 1654.000000 1080.000000
0 2069 0.048065 0.316667 0.036880 0.125926 0.061808 1654.000000 1080.000000
0 2070 0.049274 0.315741 0.036880 0.125926 0.060984 1654.000000 1080.000000
0 2071 0.051088 0.314815 0.036880 0.125926 0.059336 1654.000000 1080.000000
0 2072 0.052297 0.313426 0.036880 0.125000 0.057045 1654.000000 1080.000000
0 2073 0.053507 0.312500 0.036880 0.125000 0.057045 1654.000000 1080.000000
0 2074 0.054716 0.311111 0.036880 0.124074 0.069176 1654.000000 1080.000000
0 2075 0.055925 0.310185 0.036880 0.124074 0.113260 1654.000000 1080.000000
0 2076 0.057739 0.309259 0.036880 0.124074 0.122700 1654.000000 1080.000000
0 2077 0.058948 0.307407 0.036880 0.124074 0.155910 1654.000000 1080.000000
0 2078 0.060157 0.306481 0.036880 0.124074 0.165830 1654.000000 1080.000000
0 2079 0.061971 0.305556 0.036880 0.124074 0.194150 1654.000000 1080.000000
0 2080 0.063180 0.304630 0.036880 0.124074 0.206090 1654.000000 1080.000000
0 2081 0.064994 0.303704 0.036880 0.124074 0.234770 1654.000000 1080.000000
0 2082 0.066203 0.302778 0.036880 0.124074 0.247310 1654.000000 1080.000000
0 2083 0.067412 0.301852 0.036880 0.124074 0.293550 1654.000000 1080.000000
0 2084 0.069226 0.300926 0.036880 0.124074 0.305620 1654.000000 1080.000000
0 2085 0.070435 0.300000 0.036880 0.124074 0.352090 1654.000000 1080.000000
0 2086 0.072249 0.299074 0.036880 0.124074 0.366310 1654.000000 1080.000000
0 2087 0.073156 0.298148 0.036276 0.124074 0.386400 1654.000000 1080.000000
0 2088 0.074063 0.297222 0.035671 0.124074 0.409510 1654.000000 1080.000000
0 2089 0.074970 0.296296 0.035067 0.124074 0.432520 1654.000000 1080.000000
0 2090 0.076179 0.295833 0.035067 0.123148 0.448270 1654.000000 1080.000000
0 2091 0.077086 0.294907 0.034462 0.123148 0.437980 1654.000000 1080.000000
0 2092 0.077993 0.294444 0.033857 0.124074 0.428070 1654.000000 1080.000000
0 2093 0.078900 0.293519 0.033253 0.124074 0.434920 1654.000000 1080.000000
0 2094 0.080109 0.293056 0.033253 0.123148 0.416040 1654.000000 1080.000000
0 2095 0.081016 0.292130 0.032648 0.123148 0.405430 1654.000000 1080.000000
0 2096 0.081923 0.291204 0.032044 0.123148 0.411280 1654.000000 1080.000000
0 2097 0.083132 0.291204 0.032044 0.123148 0.409890 1654.000000 1080.000000
0 2098 0.084341 0.290278 0.032044 0.123148 0.390550 1654.000000 1080.000000
0 2099 0.085550 0.289352 0.032044 0.123148 0.390270 1654.000000 1080.000000
0 2100 0.086759 0.288426 0.032044 0.123148 0.407960 1654.000000 1080.000000
0 2101 0.087969 0.288426 0.032044 0.123148 0.407410 1654.000000 1080.000000
0 2102 0.088875 0.287037 0.031439 0.122222 0.415090 1654.000000 1080.000000
0 2103 0.089782 0.286111 0.030834 0.122222 0.442310 1654.000000 1080.000000
0 2104 0.090992 0.285185 0.030834 0.122222 0.442310 1654.000000 1080.000000
0 2105 0.091898 0.283796 0.030230 0.121296 0.470590 1654.000000 1080.000000
0 2106 0.092805 0.282870 0.029625 0.121296 0.460000 1654.000000 1080.000000
0 2107 0.094015 0.281944 0.029625 0.121296 0.480000 1654.000000 1080.000000
0 2108 0.094921 0.280556 0.029021 0.120370 0.489800 1654.000000 1080.000000
0 2109 0.095828 0.279630 0.028416 0.120370 0.500000 1654.000000 1080.000000
0 2110 0.097037 0.278704 0.028416 0.120370 0.500000 1654.000000 1080.000000
0 2111 0.097944 0.277315 0.027811 0.119444 0.489360 1654.000000 1080.000000
0 2112 0.098851 0.276389 0.027207 0.119444 0.500000 1654.000000 1080.000000
0 2113 0.100060 0.275926 0.027207 0.118519 0.500000 1654.000000 1080.000000
0 2114 0.100665 0.275000 0.027207 0.118519 0.521740 1654.000000 1080.000000
0 2115 0.101270 0.274074 0.027207 0.118519 0.543480 1654.000000 1080.000000
0 2116 0.102479 0.273148 0.027207 0.118519 0.521740 1654.000000 1080.000000
0 2117 0.103083 0.272222 0.027207 0.118519 0.543480 1654.000000 1080.000000
0 2118 0.104293 0.271296 0.027207 0.118519 0.543480 1654.000000 1080.000000
0 2119 0.104897 0.270370 0.027207 0.118519 0.565220 1654.000000 1080.000000
0 2120 0.106106 0.270370 0.027207 0.118519 0.565220 1654.000000 1080.000000
0 2121 0.106711 0.269444 0.027207 0.118519 0.565220 1654.000000 1080.000000
0 2122 0.107316 0.268519 0.027207 0.118519 0.543480 1654.000000 1080.000000
0 2123 0.108525 0.267593 0.027207 0.118519 0.521740 1654.000000 1080.000000
0 2124 0.109129 0.266667 0.027207 0.118519 0.500000 1654.000000 1080.000000
0 2125 0.110339 0.265741 0.027207 0.118519 0.478260 1654.000000 1080.000000
0 2126 0.110943 0.264815 0.027207 0.118519 0.456520 1654.000000 1080.000000
0 2127 0.112152 0.264815 0.027207 0.118519 0.456520 1654.000000 1080.000000
0 2128 0.112757 0.263889 0.027207 0.118519 0.434780 1654.000000 1080.000000
0 2129 0.113362 0.262963 0.027207 0.118519 0.413040 1654.000000 1080.000000
0 2130 0.114268 0.262037 0.027811 0.118519 0.371760 1654.000000 1080.000000
0 2131 0.115175 0.261111 0.027207 0.118519 0.334680 1654.000000 1080.000000
0 2132 0.115780 0.260185 0.027207 0.118519 0.288840 1654.000000 1080.000000
0 2133 0.116687 0.259259 0.027811 0.118519 0.408540 1654.000000 1080.000000
0 2134 0.117291 0.258333 0.027811 0.118519 0.393530 1654.000000 1080.000000
0 2135 0.118198 0.257407 0.027207 0.118519 0.354400 1654.000000 1080.000000
0 2136 0.119105 0.256481 0.027811 0.118519 0.323110 1654.000000 1080.000000
0 2137 0.119710 0.255556 0.027811 0.118519 0.296720 1654.000000 1080.000000
0 2138 0.120617 0.254630 0.027207 0.118519 0.253790 1654.000000 1080.000000
0 2139 0.121524 0.253704 0.027811 0.118519 0.223980 1654.000000 1080.000000
0 2140 0.122128 0.252778 0.027811 0.118519 0.204850 1654.000000 1080.000000
0 2141 0.122733 0.251852 0.027811 0.118519 0.201060 1654.000000 1080.000000
0 2142 0.123942 0.250926 0.027811 0.118519 0.192310 1654.000000 1080.000000
0 2143 0.124547 0.250000 0.027811 0.118519 0.188690 1654.000000 1080.000000
0 2144 0.125151 0.249074 0.027811 0.118519 0.185060 1654.000000 1080.000000
0 2145 0.126360 0.248148 0.027811 0.118519 0.176650 1654.000000 1080.000000
0 2146 0.126965 0.247222 0.027811 0.118519 0.173180 1654.000000 1080.000000
0 2147 0.127570 0.246296 0.027811 0.118519 0.177800 1654.000000 1080.000000
0 2148 0.128174 0.246296 0.027811 0.118519 0.170540 1654.000000 1080.000000
0 2149 0.129383 0.245370 0.027811 0.118519 0.162790 1654.000000 1080.000000
0 2150 0.129988 0.244444 0.027811 0.118519 0.159330 1654.000000 1080.000000
0 2151 0.130593 0.244444 0.027811 0.118519 0.152400 1654.000000 1080.000000
0 2152 0.131802 0.243519 0.027811 0.118519 0.141840 1654.000000 1080.000000
0 2153 0.132406 0.242593 0.027811 0.118519 0.148940 1654.000000 1080.000000
0 2154 0.133011 0.242593 0.027811 0.118519 0.142010 1654.000000 1080.000000
0 2155 0.134220 0.241667 0.027811 0.118519 0.138550 1654.000000 1080.000000
0 2156 0.134825 0.240741 0.027811 0.118519 0.135080 1654.000000 1080.000000
0 2157 0.135429 0.240741 0.027811 0.118519 0.133930 1654.000000 1080.000000
0 2158 0.136638 0.239815 0.027811 0.118519 0.122380 1654.000000 1080.000000
0 2159 0.137243 0.238889 0.027811 0.118519 0.122710 1654.000000 1080.000000
0 2160 0.137848 0.238889 0.027811 0.118519 0.112490 1654.000000 1080.000000
0 2161 0.139057 0.237963 0.027811 0.118519 0.109520 1654.000000 1080.000000
0 2162 0.139661 0.237037 0.027811 0.118519 0.106550 1654.000000 1080.000000
0 2163 0.140266 0.237037 0.027811 0.118519 0.101930 1654.000000 1080.000000
0 2164 0.141475 0.236111 0.027811 0.118519 0.095167 1654.000000 1080.000000
0 2165 0.142080 0.236111 0.027811 0.118519 0.094838 1654.000000 1080.000000
0 2166 0.142684 0.235185 0.027811 0.118519 0.091044 1654.000000 1080.000000
0 2167 0.143894 0.234259 0.027811 0.118519 0.091044 1654.000000 1080.000000
0 2168 0.144498 0.234259 0.027811 0.118519 0.087251 1654.000000 1080.000000
0 2169 0.145103 0.233333 0.027811 0.118519 0.091044 1654.000000 1080.000000
0 2170 0.146312 0.232407 0.027811 0.118519 0.083457 1654.000000 1080.000000
0 2171 0.146917 0.232407 0.027811 0.118519 0.083127 1654.000000 1080.000000
0 2172 0.147521 0.231481 0.027811 0.118519 0.079169 1654.000000 1080.000000
0 2173 0.148730 0.230556 0.027811 0.118519 0.079169 1654.000000 1080.000000
0 2174 0.149335 0.230556 0.027811 0.118519 0.075210 1654.000000 1080.000000
0 2175 0.149940 0.229630 0.027811 0.118519 0.074221 1654.000000 1080.000000
0 2176 0.151149 0.228704 0.027811 0.118519 0.071252 1654.000000 1080.000000
0 2177 0.151753 0.228704 0.027811 0.118519 0.070097 1654.000000 1080.000000
0 2178 0.152358 0.227778 0.027811 0.118519 0.065974 1654.000000 1080.000000
0 2179 0.153567 0.226852 0.027811 0.118519 0.065974 1654.000000 1080.000000
0 2180 0.154172 0.226852 0.027811 0.118519 0.061851 1654.000000 1080.000000
0 2181 0.154776 0.225926 0.027811 0.118519 0.085766 1654.000000 1080.000000
0 2182 0.155985 0.225000 0.027811 0.118519 0.108530 1654.000000 1080.000000
0 2183 0.156590 0.225000 0.027811 0.118519 0.156030 1654.000000 1080.000000
0 2184 0.157195 0.224074 0.027811 0.118519 0.176810 1654.000000 1080.000000
0 2185 0.158404 0.224074 0.027811 0.118519 0.207980 1654.000000 1080.000000
0 2186 0.159008 0.223148 0.027811 0.118519 0.245090 1654.000000 1080.000000
0 2187 0.159613 0.223148 0.027811 0.118519 0.278250 1654.000000 1080.000000
0 2188 0.160822 0.222222 0.027811 0.118519 0.301830 1654.000000 1080.000000
0 2189 0.161427 0.222222 0.027811 0.118519 0.336470 1654.000000 1080.000000
0 2190 0.162031 0.221296 0.027811 0.118519 0.362530 1654.000000 1080.000000
0 2191 0.163241 0.221296 0.027811 0.118519 0.369620 1654.000000 1080.000000
0 2192 0.163845 0.220370 0.027811 0.118519 0.383310 1654.000000 1080.000000
0 2193 0.164450 0.220370 0.027811 0.118519 0.378690 1654.000000 1080.000000
0 2194 0.165659 0.219444 0.027811 0.118519 0.378690 1654.000000 1080.000000
0 2195 0.166264 0.219444 0.027811 0.118519 0.377870 1654.000000 1080.000000
0 2196 0.166868 0.218519 0.027811 0.118519 0.373080 1654.000000 1080.000000
0 2197 0.168077 0.218519 0.027811 0.118519 0.363520 1654.000000 1080.000000
0 2198 0.168682 0.217593 0.027811 0.118519 0.353950 1654.000000 1080.000000
0 2199 0.169287 0.217593 0.027811 0.118519 0.356260 1654.000000 1080.000000
0 2200 0.170496 0.216667 0.027811 0.118519 0.351310 1654.000000 1080.000000
0 2201 0.171100 0.216667 0.027811 0.118519 0.341420 1654.000000 1080.000000
0 2202 0.171705 0.215741 0.027811 0.118519 0.352800 1654.000000 1080.000000
0 2203 0.172914 0.215741 0.027811 0.118519 0.336470 1654.000000 1080.000000
0 2204 0.173519 0.214815 0.027811 0.118519 0.347680 1654.000000 1080.000000
0 2205 0.174123 0.214815 0.027811 0.118519 0.358900 1654.000000 1080.000000
0 2206 0.175333 0.213889 0.027811 0.118519 0.347680 1654.000000 1080.000000
0 2207 0.175937 0.213889 0.027811 0.118519 0.353620 1654.000000 1080.000000
0 2208 0.176542 0.212963 0.027811 0.118519 0.370110 1654.000000 1080.000000
0 2209 0.177751 0.212963 0.027811 0.118519 0.364670 1654.000000 1080.000000
0 2210 0.178356 0.212037 0.027811 0.118519 0.375720 1654.000000 1080.000000
0 2211 0.178960 0.212037 0.027811 0.118519 0.386110 1654.000000 1080.000000
0 2212 0.180169 0.211111 0.027811 0.118519 0.385450 1654.000000 1080.000000
0 2213 0.180774 0.211111 0.027811 0.118519 0.389910 1654.000000 1080.000000
0 2214 0.181983 0.211111 0.027811 0.118519 0.388590 1654.000000 1080.000000
0 2215 0.182588 0.210185 0.027811 0.118519 0.391720 1654.000000 1080.000000
0 2216 0.183192 0.210185 0.027811 0.118519 0.395350 1654.000000 1080.000000
0 2217 0.183797 0.209259 0.027811 0.118519 0.399970 1654.000000 1080.000000
0 2218 0.184401 0.209259 0.027811 0.118519 0.393530 1654.000000 1080.000000
0 2219 0.185006 0.209259 0.027811 0.118519 0.389250 1654.000000 1080.000000
0 2220 0.185611 0.208333 0.027811 0.118519 0.398480 1654.000000 1080.000000
0 2221 0.186215 0.208333 0.027811 0.118519 0.395840 1654.000000 1080.000000
0 2222 0.186820 0.207407 0.027811 0.118519 0.404920 1654.000000 1080.000000
0 2223 0.187424 0.207407 0.027811 0.118519 0.403760 1654.000000 1080.000000
0 2224 0.188634 0.207407 0.027811 0.118519 0.391230 1654.000000 1080.000000
0 2225 0.189238 0.206481 0.027811 0.118519 0.399800 1654.000000 1080.000000
0 2226 0.189843 0.206481 0.027811 0.118519 0.396170 1654.000000 1080.000000
0 2227 0.190447 0.205556 0.027811 0.118519 0.400960 1654.000000 1080.000000
0 2228 0.191052 0.205556 0.027811 0.118519 0.393200 1654.000000 1080.000000
0 2229 0.191657 0.205556 0.027811 0.118519 0.381000 1654.000000 1080.000000
0 2230 0.192261 0.204630 0.027811 0.118519 0.381000 1654.000000 1080.000000
0 2231 0.192866 0.204630 0.027811 0.118519 0.372920 1654.000000 1080.000000
0 2232 0.193470 0.203704 0.027811 0.118519 0.368630 1654.000000 1080.000000
0 2233 0.194075 0.203704 0.027811 0.118519 0.360880 1654.000000 1080.000000
0 2234 0.195284 0.203704 0.027811 0.118519 0.352960 1654.000000 1080.000000
0 2235 0.195889 0.202778 0.027811 0.118519 0.348840 1654.000000 1080.000000
0 2236 0.196493 0.202778 0.027811 0.118519 0.341090 1654.000000 1080.000000
0 2237 0.197098 0.201852 0.027811 0.118519 0.341090 1654.000000 1080.000000
0 2238 0.197703 0.201852 0.027811 0.118519 0.327400 1654.000000 1080.000000
0 2239 0.198307 0.201852 0.027811 0.118519 0.319810 1654.000000 1080.000000
0 2240 0.198912 0.200926 0.027811 0.118519 0.319810 1654.000000 1080.000000
0 2241 0.199516 0.200926 0.027811 0.118519 0.306610 1654.000000 1080.000000
0 2242 0.200121 0.200000 0.027811 0.118519 0.301010 1654.000000 1080.000000
0 2243 0.200726 0.200000 0.027811 0.118519 0.287650 1654.000000 1080.000000
0 2244 0.201935 0.200000 0.027811 0.118519 0.280550 1654.000000 1080.000000
0 2245 0.202539 0.199074 0.027811 0.118519 0.275110 1654.000000 1080.000000
0 2246 0.203748 0.199074 0.027811 0.118519 0.262910 1654.000000 1080.000000
0 2247 0.204353 0.198148 0.027811 0.118519 0.257630 1654.000000 1080.000000
0 2248 0.205562 0.198148 0.027811 0.118519 0.251030 1654.000000 1080.000000
0 2249 0.206167 0.198148 0.027811 0.118519 0.238170 1654.000000 1080.000000
0 2250 0.207376 0.197222 0.027811 0.118519 0.234540 1654.000000 1080.000000
0 2251 0.207981 0.197222 0.027811 0.118519 0.226790 1654.000000 1080.000000
0 2252 0.209190 0.196296 0.027811 0.118519 0.231240 1654.000000 1080.000000
0 2253 0.209794 0.196296 0.027811 0.118519 0.226460 1654.000000 1080.000000
0 2254 0.211004 0.196296 0.027811 0.118519 0.225470 1654.000000 1080.000000
0 2255 0.211608 0.195370 0.027811 0.118519 0.228100 1654.000000 1080.000000
0 2256 0.212817 0.195370 0.027811 0.118519 0.226130 1654.000000 1080.000000
0 2257 0.213422 0.194444 0.027811 0.118519 0.228430 1654.000000 1080.000000
0 2258 0.214631 0.194444 0.027811 0.118519 0.224150 1654.000000 1080.000000
0 2259 0.215840 0.194444 0.027811 0.118519 0.237010 1654.000000 1080.000000
0 2260 0.216445 0.193519 0.027811 0.118519 0.249710 1654.000000 1080.000000
0 2261 0.217654 0.193519 0.027811 0.118519 0.246080 1654.000000 1080.000000
0 2262 0.218259 0.192593 0.027811 0.118519 0.257790 1654.000000 1080.000000
0 2263 0.219468 0.192593 0.027811 0.118519 0.258120 1654.000000 1080.000000
0 2264 0.220073 0.192593 0.027811 0.118519 0.262410 1654.000000 1080.000000
0 2265 0.221282 0.191667 0.027811 0.118519 0.270490 1654.000000 1080.000000
0 2266 0.221886 0.191667 0.027811 0.118519 0.276270 1654.000000 1080.000000
0 2267 0.223096 0.190741 0.027811 0.118519 0.277260 1654.000000 1080.000000
0 2268 0.223700 0.190741 0.027811 0.118519 0.268840 1654.000000 1080.000000
0 2269 0.224909 0.190741 0.027811 0.118519 0.247070 1654.000000 1080.000000
0 2270 0.225514 0.189815 0.027811 0.118519 0.245920 1654.000000 1080.000000
0 2271 0.226723 0.189815 0.027811 0.118519 0.223650 1654.000000 1080.000000
0 2272 0.227932 0.189815 0.027811 0.118519 0.202870 1654.000000 1080.000000
0 2273 0.228537 0.188889 0.027811 0.118519 0.202050 1654.000000 1080.000000
0 2274 0.229141 0.188889 0.027811 0.118519 0.198250 1654.000000 1080.000000
0 2275 0.229746 0.188889 0.027811 0.118519 0.188030 1654.000000 1080.000000
0 2276 0.230351 0.188889 0.027811 0.118519 0.181430 1654.000000 1080.000000
0 2277 0.231560 0.187963 0.027811 0.118519 0.168230 1654.000000 1080.000000
0 2278 0.232164 0.187963 0.027811 0.118519 0.187530 1654.000000 1080.000000
0 2279 0.232769 0.187963 0.027811 0.118519 0.179780 1654.000000 1080.000000
0 2280 0.233374 0.187963 0.027811 0.118519 0.189840 1654.000000 1080.000000
0 2281 0.234583 0.187037 0.027811 0.118519 0.179780 1654.000000 1080.000000
0 2282 0.235187 0.187037 0.027811 0.118519 0.172690 1654.000000 1080.000000
0 2283 0.235792 0.187037 0.027811 0.118519 0.164930 1654.000000 1080.000000
0 2284 0.236397 0.187037 0.027811 0.118519 0.183080 1654.000000 1080.000000
0 2285 0.237001 0.186111 0.027811 0.118519 0.191490 1654.000000 1080.000000
0 2286 0.238210 0.186111 0.027811 0.118519 0.165430 1654.000000 1080.000000
0 2287 0.238815 0.186111 0.027811 0.118519 0.158170 1654.000000 1080.000000
0 2288 0.239420 0.186111 0.027811 0.118519 0.150920 1654.000000 1080.000000
0 2289 0.240024 0.185185 0.027811 0.118519 0.150920 1654.000000 1080.000000
0 2290 0.241233 0.185185 0.027811 0.118519 0.124200 1654.000000 1080.000000
0 2291 0.241838 0.185185 0.027811 0.118519 0.116770 1654.000000 1080.000000
0 2292 0.242443 0.185185 0.027811 0.118519 0.109350 1654.000000 1080.000000
0 2293 0.243047 0.184259 0.027811 0.118519 0.136400 1654.000000 1080.000000
0 2294 0.243652 0.184259 0.027811 0.118519 0.109350 1654.000000 1080.000000
0 2295 0.244861 0.184259 0.027811 0.118519 0.081973 1654.000000 1080.000000
0 2296 0.245466 0.184259 0.027811 0.118519 0.074386 1654.000000 1080.000000
0 2297 0.246070 0.183333 0.027811 0.118519 0.081973 1654.000000 1080.000000
0 2298 0.246675 0.183333 0.027811 0.118519 0.074386 1654.000000 1080.000000
0 2299 0.247884 0.183333 0.027811 0.118519 0.046512 1654.000000 1080.000000
0 2300 0.248489 0.183333 0.027811 0.118519 0.046512 1654.000000 1080.000000
0 2301 0.249093 0.182407 0.027811 0.118519 0.046512 1654.000000 1080.000000
0 2302 0.249698 0.182407 0.027811 0.118519 0.038760 1654.000000 1080.000000
0 2303 0.250302 0.182407 0.027811 0.118519 0.031008 1654.000000 1080.000000
0 2304 0.251511 0.182407 0.027811 0.118519 0.031008 1654.000000 1080.000000
0 2305 0.252116 0.181481 0.027811 0.118519 0.031008 1654.000000 1080.000000
0 2306 0.252721 0.181481 0.027811 0.118519 0.023256 1654.000000 1080.000000
0 2307 0.253325 0.181481 0.027811 0.118519 0.023256 1654.000000 1080.000000
0 2308 0.254534 0.181481 0.027811 0.118519 0.015504 1654.000000 1080.000000
0 2309 0.255744 0.180556 0.027811 0.118519 0.012205 1654.000000 1080.000000
0 2310 0.256953 0.179630 0.027811 0.118519 0.019297 1654.000000 1080.000000
0 2311 0.258162 0.179630 0.027811 0.118519 0.006762 1654.000000 1080.000000
0 2312 0.259976 0.178704 0.027811 0.118519 0.007257 1654.000000 1080.000000
0 2313 0.261185 0.178704 0.027811 0.118519 0.000000 1654.000000 1080.000000
0 2314 0.262394 0.177778 0.027811 0.118519 0.000000 1654.000000 1080.000000
0 2315 0.263906 0.177778 0.027207 0.118519 0.000000 1654.000000 1080.000000
0 2316 0.265417 0.176852 0.027811 0.118519 0.000000 1654.000000 1080.000000
0 2317 0.266626 0.176852 0.027811 0.118519 0.000000 1654.000000 1080.000000
0 2318 0.267836 0.175926 0.027811 0.118519 0.000000 1654.000000 1080.000000
0 2319 0.269347 0.175000 0.027207 0.118519 0.000000 1654.000000 1080.000000
0 2320 0.270859 0.175000 0.027811 0.118519 0.024740 1654.000000 1080.000000
0 2321 0.272068 0.174074 0.027811 0.118519 0.045687 1654.000000 1080.000000
0 2322 0.273579 0.174074 0.027207 0.118519 0.099259 1654.000000 1080.000000
0 2323 0.274788 0.173148 0.027207 0.118519 0.150150 1654.000000 1080.000000
0 2324 0.276300 0.173148 0.027811 0.118519 0.187040 1654.000000 1080.000000
0 2325 0.277509 0.172222 0.027811 0.118519 0.230410 1654.000000 1080.000000
0 2326 0.279021 0.172222 0.027207 0.118519 0.254800 1654.000000 1080.000000
0 2327 0.280230 0.171296 0.027207 0.118519 0.299630 1654.000000 1080.000000
0 2328 0.281741 0.171296 0.027811 0.118519 0.332510 1654.000000 1080.000000
0 2329 0.283253 0.170370 0.027207 0.118519 0.385240 1654.000000 1080.000000
0 2330 0.284462 0.169444 0.027207 0.118519 0.406640 1654.000000 1080.000000
0 2331 0.285671 0.169444 0.027207 0.118519 0.449440 1654.000000 1080.000000
0 2332 0.287183 0.168519 0.027811 0.118519 0.506840 1654.000000 1080.000000
0 2333 0.288694 0.168519 0.027207 0.118519 0.533870 1654.000000 1080.000000
0 2334 0.289903 0.167593 0.027207 0.118519 0.576170 1654.000000 1080.000000
0 2335 0.291112 0.167593 0.027207 0.118519 0.595550 1654.000000 1080.000000
0 2336 0.292926 0.166667 0.027207 0.118519 0.662120 1654.000000 1080.000000
0 2337 0.294135 0.166667 0.027207 0.118519 0.686550 1654.000000 1080.000000
0 2338 0.295345 0.165741 0.027207 0.118519 0.732390 1654.000000 1080.000000
0 2339 0.297158 0.165741 0.027207 0.118519 0.782610 1654.000000 1080.000000
0 2340 0.297763 0.164815 0.027207 0.118519 0.826090 1654.000000 1080.000000
0 2341 0.298368 0.163889 0.027207 0.118519 0.847830 1654.000000 1080.000000
0 2342 0.298972 0.162963 0.027207 0.118519 0.891300 1654.000000 1080.000000
0 2343 0.300181 0.162037 0.027207 0.118519 0.934780 1654.000000 1080.000000
0 2344 0.300786 0.161111 0.027207 0.118519 0.978260 1654.000000 1080.000000
0 2345 0.301391 0.160185 0.027207 0.118519 1.000000 1654.000000 1080.000000
0 2346 0.301995 0.159259 0.027207 0.118519 1.000000 1654.000000 1080.000000
0 2347 0.303204 0.158333 0.027207 0.118519 1.000000 1654.000000 1080.000000
0 2348 0.303809 0.157407 0.027207 0.118519 1.000000 1654.000000 1080.000000
0 2349 0.304414 0.156481 0.027207 0.118519 1.000000 1654.000000 1080.000000
0 2350 0.305018 0.155556 0.027207 0.118519 1.000000 1654.000000 1080.000000
0 2351 0.306227 0.154630 0.027207 0.118519 1.000000 1654.000000 1080.000000
0 2352 0.306832 0.153704 0.027207 0.118519 1.000000 1654.000000 1080.000000
0 2353 0.307437 0.152778 0.027207 0.118519 1.000000 1654.000000 1080.000000
0 2354 0.308041 0.151852 0.027207 0.118519 1.000000 1654.000000 1080.000000
0 2355 0.309250 0.150926 0.027207 0.118519 1.000000 1654.000000 1080.000000
0 2356 0.309250 0.150000 0.027207 0.118519 1.000000 1654.000000 1080.000000
0 2357 0.309855 0.149074 0.027207 0.118519 1.000000 1654.000000 1080.000000
0 2358 0.309855 0.149074 0.027207 0.118519 1.000000 1654.000000 1080.000000
0 2359 0.310459 0.148148 0.027207 0.118519 1.000000 1654.000000 1080.000000
0 2360 0.311064 0.148148 0.027207 0.118519 1.000000 1654.000000 1080.000000
0 2361 0.311064 0.147222 0.027207 0.118519 1.000000 1654.000000 1080.000000
0 2362 0.311669 0.146296 0.027207 0.118519 1.000000 1654.000000 1080.000000
0 2363 0.312273 0.146296 0.027207 0.118519 1.000000 1654.000000 1080.000000
0 2364 0.312273 0.145370 0.027207 0.118519 1.000000 1654.000000 1080.000000
0 2365 0.312878 0.145370 0.027207 0.118519 1.000000 1654.000000 1080.000000
0 2366 0.312878 0.144444 0.027207 0.118519 1.000000 1654.000000 1080.000000
0 2367 0.313482 0.144444 0.027207 0.118519 1.000000 1654.000000 1080.000000
0 2368 0.314087 0.143519 0.027207 0.118519 1.000000 1654.000000 1080.000000
0 2369 0.314087 0.142593 0.027207 0.118519 1.000000 1654.000000 1080.000000
0 2370 0.314692 0.142593 0.027207 0.118519 1.000000 1654.000000 1080.000000
0 2371 0.315296 0.141667 0.027207 0.118519 1.000000 1654.000000 1080.000000
0 2372 0.315296 0.141667 0.027207 0.118519 1.000000 1654.000000 1080.000000
0 2373 0.315901 0.140741 0.027207 0.118519 1.000000 1654.000000 1080.000000
0 2374 0.316505 0.140741 0.027207 0.118519 1.000000 1654.000000 1080.000000
0 2375 0.316505 0.139815 0.027207 0.118519 1.000000 1654.000000 1080.000000
0 2376 0.316505 0.139815 0.027207 0.118519 1.000000 1654.000000 1080.000000
0 2377 0.316505 0.138889 0.027207 0.118519 1.000000 1654.000000 1080.000000
0 2378 0.316505 0.138889 0.027207 0.118519 1.000000 1654.000000 1080.000000
0 2379 0.316505 0.138889 0.027207 0.118519 1.000000 1654.000000 1080.000000
0 2380 0.316505 0.137963 0.027207 0.118519 1.000000 1654.000000 1080.000000
0 2381 0.316505 0.137963 0.027207 0.118519 1.000000 1654.000000 1080.000000
0 2382 0.316505 0.137037 0.027207 0.118519 1.000000 1654.000000 1080.000000
0 2383 0.316505 0.137037 0.027207 0.118519 1.000000 1654.000000 1080.000000
0 2384 0.316505 0.137037 0.027207 0.118519 1.000000 1654.000000 1080.000000
0 2385 0.316505 0.136111 0.027207 0.118519 1.000000 1654.000000 1080.000000
0 2386 0.316505 0.136111 0.027207 0.118519 1.000000 1654.000000 1080.000000
0 2387 0.316505 0.136111 0.027207 0.118519 1.000000 1654.000000 1080.000000
0 2388 0.316505 0.135185 0.027207 0.118519 1.000000 1654.000000 1080.000000
0 2389 0.316505 0.135185 0.027207 0.118519 1.000000 1654.000000 1080.000000
0 2390 0.316505 0.134259 0.027207 0.118519 1.000000 1654.000000 1080.000000
0 2391 0.316505 0.134259 0.027207 0.118519 1.000000 1654.000000 1080.000000
0 2392 0.316505 0.134259 0.027207 0.118519 1.000000 1654.000000 1080.000000
0 2393 0.316505 0.133333 0.027207 0.118519 1.000000 1654.000000 1080.000000
0 2394 0.316505 0.133333 0.027207 0.118519 1.000000 1654.000000 1080.000000
0 2395 0.316505 0.133333 0.027207 0.118519 1.000000 1654.000000 1080.000000
0 2396 0.316505 0.132407 0.027207 0.118519 1.000000 1654.000000 1080.000000
0 2397 0.316505 0.132407 0.027207 0.118519 1.000000 1654.000000 1080.000000
0 2398 0.316505 0.131481 0.027207 0.118519 1.000000 1654.000000 1080.000000
0 2399 0.316505 0.131481 0.027207 0.118519 1.000000 1654.000000 1080.000000
0 2400 0.316505 0.130556 0.027207 0.118519 1.000000 1654.000000 1080.000000
0 2401 0.316505 0.130556 0.027207 0.118519 1.000000 1654.000000 1080.000000
0 2402 0.316505 0.129630 0.028416 0.118519 1.000000 1654.000000 1080.000000
0 2403 0.317110 0.128704 0.029625 0.118519 1.000000 1654.000000 1080.000000
0 2404 0.317412 0.128704 0.031439 0.118519 1.000000 1654.000000 1080.000000
0 2405 0.317715 0.127778 0.032044 0.118519 1.000000 1654.000000 1080.000000
0 2406 0.318017 0.127778 0.033857 0.118519 1.000000 1654.000000 1080.000000
0 2407 0.318622 0.126852 0.035067 0.118519 1.000000 1654.000000 1080.000000
0 2408 0.319226 0.126852 0.036276 0.118519 1.000000 1654.000000 1080.000000
0 2409 0.319226 0.125463 0.036276 0.117593 1.000000 1654.000000 1080.000000
0 2410 0.319226 0.124537 0.036276 0.117593 0.721310 1654.000000 1080.000000
0 2411 0.319226 0.123611 0.036276 0.117593 0.344260 1654.000000 1080.000000
0 2412 0.319226 0.122685 0.036276 0.117593 0.344260 1654.000000 1080.000000
0 2413 0.319226 0.121759 0.036276 0.117593 0.325310 1654.000000 1080.000000
0 2414 0.319226 0.120833 0.036276 0.117593 0.325310 1654.000000 1080.000000
0 2415 0.319226 0.119907 0.036276 0.117593 0.322750 1654.000000 1080.000000
0 2416 0.319226 0.118981 0.036276 0.117593 0.306610 1654.000000 1080.000000
0 2417 0.319226 0.118981 0.036276 0.117593 0.304180 1654.000000 1080.000000
0 2418 0.319226 0.118981 0.036276 0.117593 0.283560 1654.000000 1080.000000
0 2419 0.319226 0.118981 0.036276 0.117593 0.296880 1654.000000 1080.000000
0 2420 0.319226 0.118056 0.036276 0.117593 0.296880 1654.000000 1080.000000
0 2421 0.319226 0.118056 0.036276 0.117593 0.294440 1654.000000 1080.000000
0 2422 0.319528 0.118056 0.036880 0.117593 0.285410 1654.000000 1080.000000
0 2423 0.319528 0.118056 0.036880 0.117593 0.284020 1654.000000 1080.000000
0 2424 0.319528 0.117130 0.036880 0.117593 0.285030 1654.000000 1080.000000
0 2425 0.319528 0.117130 0.036880 0.117593 0.282130 1654.000000 1080.000000
0 2426 0.319528 0.117130 0.036880 0.117593 0.277850 1654.000000 1080.000000
0 2427 0.319528 0.117130 0.036880 0.117593 0.274450 1654.000000 1080.000000
0 2428 0.319831 0.117130 0.037485 0.117593 0.266250 1654.000000 1080.000000
0 2429 0.319226 0.117130 0.037485 0.117593 0.261530 1654.000000 1080.000000
0 2430 0.319226 0.117130 0.037485 0.117593 0.256820 1654.000000 1080.000000
0 2431 0.319226 0.117130 0.037485 0.117593 0.252110 1654.000000 1080.000000
0 2432 0.319226 0.117130 0.037485 0.117593 0.247400 1654.000000 1080.000000
0 2433 0.318924 0.117130 0.036880 0.117593 0.246600 1654.000000 1080.000000
0 2434 0.318924 0.117130 0.036880 0.117593 0.241810 1654.000000 1080.000000
0 2435 0.318924 0.117130 0.036880 0.117593 0.237020 1654.000000 1080.000000
0 2436 0.318924 0.117130 0.036880 0.117593 0.244460 1654.000000 1080.000000
0 2437 0.318924 0.117130 0.036880 0.117593 0.254030 1654.000000 1080.000000
0 2438 0.319226 0.117130 0.036276 0.117593 0.252820 1654.000000 1080.000000
0 2439 0.319528 0.117130 0.035671 0.117593 0.254300 1654.000000 1080.000000
0 2440 0.320133 0.117130 0.035671 0.117593 0.272530 1654.000000 1080.000000
0 2441 0.320435 0.117130 0.035067 0.117593 0.274100 1654.000000 1080.000000
0 2442 0.321040 0.117130 0.035067 0.117593 0.271050 1654.000000 1080.000000
0 2443 0.321040 0.117130 0.035067 0.117593 0.276480 1654.000000 1080.000000
0 2444 0.321040 0.117130 0.035067 0.117593 0.273310 1654.000000 1080.000000
0 2445 0.321040 0.117130 0.035067 0.117593 0.266950 1654.000000 1080.000000
0 2446 0.321040 0.117130 0.035067 0.117593 0.274760 1654.000000 1080.000000
0 2447 0.321040 0.117130 0.035067 0.117593 0.289720 1654.000000 1080.000000
0 2448 0.321040 0.117130 0.035067 0.117593 0.299260 1654.000000 1080.000000
0 2449 0.321040 0.117130 0.035067 0.117593 0.315680 1654.000000 1080.000000
0 2450 0.321040 0.117130 0.035067 0.117593 0.332890 1654.000000 1080.000000
0 2451 0.321040 0.117130 0.035067 0.117593 0.350900 1654.000000 1080.000000
0 2452 0.321040 0.117130 0.035067 0.117593 0.369700 1654.000000 1080.000000
0 2453 0.321342 0.117130 0.034462 0.117593 0.396010 1654.000000 1080.000000
0 2454 0.321342 0.117130 0.034462 0.117593 0.416760 1654.000000 1080.000000
0 2455 0.321342 0.117130 0.034462 0.117593 0.431030 1654.000000 1080.000000
0 2456 0.321342 0.117130 0.034462 0.117593 0.431030 1654.000000 1080.000000
0 2457 0.321342 0.117130 0.034462 0.117593 0.431030 1654.000000 1080.000000
0 2458 0.321644 0.118056 0.035067 0.117593 0.423730 1654.000000 1080.000000
0 2459 0.321644 0.118056 0.035067 0.117593 0.423730 1654.000000 1080.000000
0 2460 0.321644 0.118056 0.035067 0.117593 0.423730 1654.000000 1080.000000
0 2461 0.321644 0.118056 0.035067 0.117593 0.423730 1654.000000 1080.000000
0 2462 0.321644 0.118056 0.035067 0.117593 0.406780 1654.000000 1080.000000
0 2463 0.321947 0.118056 0.034462 0.117593 0.396550 1654.000000 1080.000000
0 2464 0.321947 0.118056 0.034462 0.117593 0.379310 1654.000000 1080.000000
0 2465 0.321947 0.118056 0.034462 0.117593 0.362070 1654.000000 1080.000000
0 2466 0.321947 0.118056 0.034462 0.117593 0.362070 1654.000000 1080.000000
0 2467 0.321947 0.118056 0.034462 0.117593 0.344830 1654.000000 1080.000000
0 2468 0.321947 0.118056 0.034462 0.117593 0.327590 1654.000000 1080.000000
0 2469 0.321947 0.118056 0.034462 0.117593 0.327590 1654.000000 1080.000000
0 2470 0.321947 0.118056 0.034462 0.117593 0.310340 1654.000000 1080.000000
0 2471 0.321947 0.118056 0.034462 0.117593 0.310340 1654.000000 1080.000000
0 2472 0.321947 0.118056 0.034462 0.117593 0.293100 1654.000000 1080.000000
0 2473 0.322551 0.118981 0.034462 0.117593 0.603450 1654.000000 1080.000000
0 2474 0.321947 0.118981 0.034462 0.117593 0.620690 1654.000000 1080.000000
0 2475 0.321947 0.118981 0.034462 0.117593 0.620690 1654.000000 1080.000000
0 2476 0.321947 0.118981 0.034462 0.117593 0.620690 1654.000000 1080.000000
0 2477 0.321644 0.119444 0.035067 0.118519 0.627120 1654.000000 1080.000000
0 2478 0.321644 0.119907 0.035067 0.117593 0.627120 1654.000000 1080.000000
0 2479 0.321342 0.119907 0.034462 0.117593 0.637930 1654.000000 1080.000000
0 2480 0.321040 0.120370 0.035067 0.118519 0.631060 1654.000000 1080.000000
0 2481 0.321040 0.120370 0.035067 0.118519 0.625670 1654.000000 1080.000000
0 2482 0.321040 0.120370 0.035067 0.118519 0.619760 1654.000000 1080.000000
0 2483 0.321040 0.121296 0.035067 0.118519 0.620020 1654.000000 1080.000000
0 2484 0.321040 0.121296 0.035067 0.118519 0.609780 1654.000000 1080.000000
0 2485 0.321040 0.121296 0.035067 0.118519 0.604650 1654.000000 1080.000000
0 2486 0.321040 0.121296 0.035067 0.118519 0.594400 1654.000000 1080.000000
0 2487 0.321040 0.121296 0.035067 0.118519 0.584150 1654.000000 1080.000000
0 2488 0.321040 0.121296 0.035067 0.118519 0.579030 1654.000000 1080.000000
0 2489 0.321040 0.121296 0.035067 0.118519 0.568780 1654.000000 1080.000000
0 2490 0.321040 0.121296 0.035067 0.118519 0.558530 1654.000000 1080.000000
0 2491 0.321040 0.121296 0.035067 0.118519 0.553410 1654.000000 1080.000000
0 2492 0.321040 0.121296 0.035067 0.118519 0.543160 1654.000000 1080.000000
0 2493 0.321040 0.121296 0.035067 0.118519 0.538040 1654.000000 1080.000000
0 2494 0.321040 0.121296 0.035067 0.118519 0.527790 1654.000000 1080.000000
0 2495 0.321040 0.121296 0.035067 0.118519 0.517540 1654.000000 1080.000000
0 2496 0.321040 0.121296 0.035067 0.118519 0.507290 1654.000000 1080.000000
0 2497 0.321040 0.121296 0.035067 0.118519 0.523190 1654.000000 1080.000000
0 2498 0.321040 0.121296 0.035067 0.118519 0.513600 1654.000000 1080.000000
0 2499 0.321644 0.121296 0.035067 0.118519 0.496910 1654.000000 1080.000000
0 2500 0.321040 0.121296 0.035067 0.118519 0.519120 1654.000000 1080.000000
0 2501 0.321040 0.121296 0.035067 0.118519 0.526210 1654.000000 1080.000000
0 2502 0.321040 0.121296 0.035067 0.118519 0.529630 1654.000000 1080.000000
0 2503 0.321040 0.121296 0.035067 0.118519 0.542500 1654.000000 1080.000000
0 2504 0.320738 0.122222 0.034462 0.118519 0.557470 1654.000000 1080.000000
0 2505 0.320738 0.122222 0.034462 0.118519 0.566560 1654.000000 1080.000000
0 2506 0.320435 0.122222 0.035067 0.118519 0.583370 1654.000000 1080.000000
0 2507 0.320435 0.122222 0.035067 0.118519 0.599400 1654.000000 1080.000000
0 2508 0.320133 0.123148 0.034462 0.118519 0.619090 1654.000000 1080.000000
0 2509 0.320133 0.123148 0.034462 0.118519 0.630710 1654.000000 1080.000000
0 2510 0.320133 0.123148 0.034462 0.118519 0.632320 1654.000000 1080.000000
0 2511 0.320133 0.123148 0.034462 0.118519 0.651960 1654.000000 1080.000000
0 2512 0.320133 0.124074 0.034462 0.118519 0.665330 1654.000000 1080.000000
0 2513 0.320133 0.123148 0.034462 0.118519 0.672410 1654.000000 1080.000000
0 2514 0.320738 0.123148 0.034462 0.118519 0.655170 1654.000000 1080.000000
0 2515 0.320738 0.122222 0.034462 0.118519 0.655170 1654.000000 1080.000000
0 2516 0.321342 0.122222 0.034462 0.118519 0.637930 1654.000000 1080.000000
0 2517 0.321342 0.121296 0.034462 0.118519 0.637930 1654.000000 1080.000000
0 2518 0.321947 0.121296 0.034462 0.118519 0.616410 1654.000000 1080.000000
0 2519 0.321947 0.120370 0.034462 0.118519 0.615610 1654.000000 1080.000000
0 2520 0.322551 0.120370 0.034462 0.118519 0.595030 1654.000000 1080.000000
0 2521 0.321947 0.119444 0.034462 0.118519 0.607320 1654.000000 1080.000000
0 2522 0.321947 0.119444 0.034462 0.118519 0.584740 1654.000000 1080.000000
0 2523 0.321947 0.119444 0.034462 0.118519 0.579390 1654.000000 1080.000000
0 2524 0.321947 0.119444 0.034462 0.118519 0.568160 1654.000000 1080.000000
0 2525 0.321947 0.119444 0.034462 0.118519 0.561350 1654.000000 1080.000000
0 2526 0.321947 0.119444 0.034462 0.118519 0.556670 1654.000000 1080.000000
0 2527 0.321947 0.119444 0.034462 0.118519 0.547180 1654.000000 1080.000000
0 2528 0.321947 0.119444 0.034462 0.118519 0.535280 1654.000000 1080.000000
0 2529 0.321947 0.119444 0.034462 0.118519 0.525130 1654.000000 1080.000000
0 2530 0.321947 0.119444 0.034462 0.118519 0.512560 1654.000000 1080.000000
0 2531 0.321947 0.119444 0.034462 0.118519 0.503070 1654.000000 1080.000000
0 2532 0.321644 0.118519 0.035067 0.118519 0.499800 1654.000000 1080.000000
0 2533 0.321644 0.118519 0.035067 0.118519 0.487850 1654.000000 1080.000000
0 2534 0.321644 0.118519 0.035067 0.118519 0.463540 1654.000000 1080.000000
0 2535 0.321644 0.118519 0.035067 0.118519 0.451060 1654.000000 1080.000000
0 2536 0.321644 0.118519 0.035067 0.118519 0.440280 1654.000000 1080.000000
0 2537 0.321644 0.118519 0.035067 0.118519 0.430430 1654.000000 1080.000000
0 2538 0.321644 0.118519 0.035067 0.118519 0.422410 1654.000000 1080.000000
0 2539 0.321644 0.118519 0.035067 0.118519 0.414010 1654.000000 1080.000000
0 2540 0.321644 0.118519 0.035067 0.118519 0.401660 1654.000000 1080.000000
0 2541 0.321644 0.118519 0.035067 0.118519 0.395480 1654.000000 1080.000000
0 2542 0.321644 0.118519 0.035067 0.118519 0.390880 1654.000000 1080.000000
0 2543 0.321040 0.117593 0.035067 0.118519 0.397320 1654.000000 1080.000000
0 2544 0.321040 0.117593 0.035067 0.118519 0.392590 1654.000000 1080.000000
0 2545 0.320435 0.117593 0.035067 0.118519 0.398630 1654.000000 1080.000000
0 2546 0.320435 0.117593 0.035067 0.118519 0.388910 1654.000000 1080.000000
0 2547 0.319831 0.117593 0.035067 0.118519 0.394430 1654.000000 1080.000000
0 2548 0.319831 0.117593 0.035067 0.118519 0.389440 1654.000000 1080.000000
0 2549 0.319226 0.117593 0.035067 0.118519 0.394560 1654.000000 1080.000000
0 2550 0.319226 0.117593 0.035067 0.118519 0.384310 1654.000000 1080.000000
0 2551 0.318622 0.117593 0.035067 0.118519 0.388910 1654.000000 1080.000000
0 2552 0.318622 0.117593 0.035067 0.118519 0.391010 1654.000000 1080.000000
0 2553 0.318319 0.117593 0.034462 0.118519 0.407780 1654.000000 1080.000000
0 2554 0.318017 0.117593 0.035067 0.118519 0.428200 1654.000000 1080.000000
0 2555 0.317715 0.117593 0.034462 0.118519 0.454560 1654.000000 1080.000000
0 2556 0.317715 0.117593 0.034462 0.118519 0.466320 1654.000000 1080.000000
0 2557 0.317715 0.117593 0.034462 0.118519 0.478620 1654.000000 1080.000000
0 2558 0.317715 0.116667 0.034462 0.118519 0.491450 1654.000000 1080.000000
0 2559 0.317715 0.115741 0.034462 0.118519 0.503740 1654.000000 1080.000000
0 2560 0.318017 0.114815 0.035067 0.118519 0.503880 1654.000000 1080.000000
0 2561 0.318319 0.114352 0.034462 0.117593 0.505930 1654.000000 1080.000000
0 2562 0.318319 0.113426 0.034462 0.117593 0.517240 1654.000000 1080.000000
0 2563 0.318622 0.112500 0.035067 0.117593 0.510330 1654.000000 1080.000000
0 2564 0.318622 0.111574 0.035067 0.117593 0.520390 1654.000000 1080.000000
0 2565 0.319226 0.111574 0.035067 0.117593 0.513110 1654.000000 1080.000000
0 2566 0.318622 0.110648 0.035067 0.117593 0.537080 1654.000000 1080.000000
0 2567 0.318622 0.109722 0.035067 0.117593 0.546080 1654.000000 1080.000000
0 2568 0.318017 0.108796 0.035067 0.117593 0.571500 1654.000000 1080.000000
0 2569 0.318017 0.107870 0.035067 0.117593 0.579980 1654.000000 1080.000000
0 2570 0.317412 0.106944 0.035067 0.117593 0.594010 1654.000000 1080.000000
0 2571 0.317412 0.106019 0.035067 0.117593 0.591100 1654.000000 1080.000000
0 2572 0.316808 0.105093 0.035067 0.117593 0.605140 1654.000000 1080.000000
0 2573 0.316808 0.104630 0.035067 0.118519 0.606230 1654.000000 1080.000000
0 2574 0.316808 0.104630 0.035067 0.118519 0.597950 1654.000000 1080.000000
0 2575 0.316808 0.104630 0.035067 0.118519 0.592430 1654.000000 1080.000000
0 2576 0.316808 0.104630 0.035067 0.118519 0.591250 1654.000000 1080.000000
0 2577 0.316808 0.104630 0.035067 0.118519 0.598340 1654.000000 1080.000000
0 2578 0.317412 0.104630 0.035067 0.118519 0.575880 1654.000000 1080.000000
0 2579 0.317412 0.104630 0.035067 0.118519 0.575480 1654.000000 1080.000000
0 2580 0.317412 0.104630 0.035067 0.118519 0.567600 1654.000000 1080.000000
0 2581 0.317412 0.104630 0.035067 0.118519 0.568130 1654.000000 1080.000000
0 2582 0.317412 0.104630 0.035067 0.118519 0.563130 1654.000000 1080.000000
0 2583 0.318017 0.104630 0.035067 0.118519 0.541190 1654.000000 1080.000000
0 2584 0.318017 0.104630 0.035067 0.118519 0.553150 1654.000000 1080.000000
0 2585 0.318017 0.104630 0.035067 0.118519 0.548150 1654.000000 1080.000000
0 2586 0.318017 0.104630 0.035067 0.118519 0.550260 1654.000000 1080.000000
0 2587 0.318017 0.104630 0.035067 0.118519 0.552880 1654.000000 1080.000000
0 2588 0.318622 0.104630 0.035067 0.118519 0.539090 1654.000000 1080.000000
0 2589 0.318622 0.104630 0.035067 0.118519 0.544740 1654.000000 1080.000000
0 2590 0.318622 0.104630 0.035067 0.118519 0.556830 1654.000000 1080.000000
0 2591 0.318622 0.104630 0.035067 0.118519 0.570360 1654.000000 1080.000000
0 2592 0.319226 0.105556 0.035067 0.118519 0.558530 1654.000000 1080.000000
0 2593 0.318622 0.105556 0.035067 0.118519 0.589940 1654.000000 1080.000000
0 2594 0.318622 0.105556 0.035067 0.118519 0.596370 1654.000000 1080.000000
0 2595 0.318622 0.105556 0.035067 0.118519 0.604390 1654.000000 1080.000000
0 2596 0.318622 0.105556 0.035067 0.118519 0.611750 1654.000000 1080.000000
0 2597 0.318622 0.105556 0.035067 0.118519 0.629350 1654.000000 1080.000000
0 2598 0.318622 0.105556 0.035067 0.118519 0.645640 1654.000000 1080.000000
0 2599 0.318622 0.105556 0.035067 0.118519 0.647620 1654.000000 1080.000000
0 2600 0.318622 0.105556 0.035067 0.118519 0.667720 1654.000000 1080.000000
0 2601 0.318622 0.105556 0.035067 0.118519 0.667450 1654.000000 1080.000000
0 2602 0.318622 0.105556 0.035067 0.118519 0.677970 1654.000000 1080.000000
0 2603 0.318622 0.105556 0.035067 0.118519 0.677970 1654.000000 1080.000000
0 2604 0.318622 0.105556 0.035067 0.118519 0.677970 1654.000000 1080.000000
0 2605 0.318924 0.106481 0.034462 0.118519 0.672410 1654.000000 1080.000000
0 2606 0.318924 0.106481 0.034462 0.118519 0.672410 1654.000000 1080.000000
0 2607 0.319226 0.106481 0.035067 0.118519 0.661020 1654.000000 1080.000000
0 2608 0.319528 0.107407 0.034462 0.118519 0.655170 1654.000000 1080.000000
0 2609 0.319528 0.107407 0.034462 0.118519 0.655170 1654.000000 1080.000000
0 2610 0.319528 0.107407 0.034462 0.118519 0.655170 1654.000000 1080.000000
0 2611 0.320133 0.108333 0.034462 0.118519 0.637930 1654.000000 1080.000000
0 2612 0.319528 0.107870 0.034462 0.117593 0.655170 1654.000000 1080.000000
0 2613 0.319528 0.107870 0.034462 0.117593 0.655170 1654.000000 1080.000000
0 2614 0.319528 0.107870 0.034462 0.117593 0.655170 1654.000000 1080.000000
0 2615 0.319528 0.107870 0.034462 0.117593 0.655170 1654.000000 1080.000000
0 2616 0.319528 0.107870 0.034462 0.117593 0.655170 1654.000000 1080.000000
0 2617 0.319528 0.107870 0.034462 0.117593 0.655170 1654.000000 1080.000000
0 2618 0.319528 0.107870 0.034462 0.117593 0.651130 1654.000000 1080.000000
0 2619 0.319528 0.107870 0.034462 0.117593 0.647900 1654.000000 1080.000000
0 2620 0.319528 0.107870 0.034462 0.117593 0.644400 1654.000000 1080.000000
0 2621 0.319528 0.107870 0.034462 0.117593 0.639680 1654.000000 1080.000000
0 2622 0.319528 0.107870 0.034462 0.117593 0.634160 1654.000000 1080.000000
0 2623 0.319528 0.107870 0.034462 0.117593 0.627830 1654.000000 1080.000000
0 2624 0.319528 0.107870 0.034462 0.117593 0.620690 1654.000000 1080.000000
0 2625 0.319528 0.108333 0.034462 0.116667 0.617160 1654.000000 1080.000000
0 2626 0.319226 0.108333 0.035067 0.116667 0.614170 1654.000000 1080.000000
0 2627 0.319226 0.108333 0.035067 0.116667 0.608970 1654.000000 1080.000000
0 2628 0.319226 0.108333 0.035067 0.116667 0.603760 1654.000000 1080.000000
0 2629 0.319226 0.108333 0.035067 0.116667 0.598560 1654.000000 1080.000000
0 2630 0.319226 0.108333 0.035067 0.116667 0.593350 1654.000000 1080.000000
0 2631 0.319226 0.108333 0.035067 0.116667 0.593350 1654.000000 1080.000000
0 2632 0.319226 0.108333 0.035067 0.116667 0.582940 1654.000000 1080.000000
0 2633 0.319226 0.108333 0.035067 0.116667 0.562930 1654.000000 1080.000000
0 2634 0.319226 0.108333 0.035067 0.116667 0.552780 1654.000000 1080.000000
0 2635 0.319226 0.108333 0.035067 0.116667 0.547710 1654.000000 1080.000000
0 2636 0.319226 0.108333 0.035067 0.116667 0.542640 1654.000000 1080.000000
0 2637 0.319226 0.108333 0.035067 0.116667 0.534900 1654.000000 1080.000000
0 2638 0.319226 0.108333 0.035067 0.116667 0.531430 1654.000000 1080.000000
0 2639 0.319226 0.108796 0.035067 0.115741 0.527440 1654.000000 1080.000000
0 2640 0.319226 0.108796 0.035067 0.115741 0.519910 1654.000000 1080.000000
0 2641 0.319226 0.108796 0.035067 0.115741 0.516810 1654.000000 1080.000000
0 2642 0.319226 0.109722 0.035067 0.115741 0.509280 1654.000000 1080.000000
0 2643 0.319226 0.109722 0.035067 0.115741 0.502560 1654.000000 1080.000000
0 2644 0.319226 0.109722 0.035067 0.115741 0.499060 1654.000000 1080.000000
0 2645 0.319528 0.110648 0.034462 0.115741 0.485080 1654.000000 1080.000000
0 2646 0.319528 0.110648 0.034462 0.115741 0.478790 1654.000000 1080.000000
0 2647 0.319528 0.110648 0.034462 0.115741 0.487410 1654.000000 1080.000000
0 2648 0.319528 0.111574 0.034462 0.115741 0.497540 1654.000000 1080.000000
0 2649 0.319528 0.111574 0.034462 0.115741 0.500000 1654.000000 1080.000000
0 2650 0.319528 0.111574 0.034462 0.115741 0.506290 1654.000000 1080.000000
0 2651 0.320133 0.112500 0.034462 0.115741 0.492610 1654.000000 1080.000000
0 2652 0.320133 0.111574 0.034462 0.115741 0.500270 1654.000000 1080.000000
0 2653 0.320133 0.111574 0.034462 0.115741 0.508480 1654.000000 1080.000000
0 2654 0.320133 0.111574 0.034462 0.115741 0.522990 1654.000000 1080.000000
0 2655 0.320133 0.111574 0.034462 0.115741 0.532430 1654.000000 1080.000000
0 2656 0.320133 0.110648 0.034462 0.115741 0.542420 1654.000000 1080.000000
0 2657 0.320435 0.110648 0.035067 0.115741 0.543580 1654.000000 1080.000000
0 2658 0.320435 0.110648 0.035067 0.115741 0.554480 1654.000000 1080.000000
0 2659 0.320435 0.110648 0.035067 0.115741 0.565780 1654.000000 1080.000000
0 2660 0.320738 0.110648 0.034462 0.115741 0.558290 1654.000000 1080.000000
0 2661 0.320738 0.109722 0.034462 0.115741 0.560340 1654.000000 1080.000000
0 2662 0.320738 0.109722 0.034462 0.115741 0.561170 1654.000000 1080.000000
0 2663 0.321040 0.109722 0.035067 0.115741 0.550850 1654.000000 1080.000000
0 2664 0.321040 0.109722 0.035067 0.115741 0.556900 1654.000000 1080.000000
0 2665 0.321040 0.108796 0.035067 0.115741 0.425070 1654.000000 1080.000000
0 2666 0.321040 0.108796 0.035067 0.115741 0.414310 1654.000000 1080.000000
0 2667 0.321040 0.108796 0.035067 0.115741 0.405970 1654.000000 1080.000000
0 2668 0.321040 0.108796 0.035067 0.115741 0.393730 1654.000000 1080.000000
0 2669 0.321644 0.108796 0.035067 0.115741 0.401130 1654.000000 1080.000000
0 2670 0.321040 0.107870 0.035067 0.115741 0.393870 1654.000000 1080.000000
0 2671 0.321040 0.107870 0.035067 0.115741 0.383640 1654.000000 1080.000000
0 2672 0.321040 0.106944 0.035067 0.115741 0.376650 1654.000000 1080.000000
0 2673 0.321040 0.106944 0.035067 0.115741 0.368040 1654.000000 1080.000000
0 2674 0.321040 0.106019 0.035067 0.115741 0.371670 1654.000000 1080.000000
0 2675 0.321040 0.106019 0.035067 0.115741 0.356740 1654.000000 1080.000000
0 2676 0.321040 0.105093 0.035067 0.115741 0.346520 1654.000000 1080.000000
0 2677 0.321040 0.105093 0.035067 0.115741 0.331450 1654.000000 1080.000000
0 2678 0.321040 0.104167 0.035067 0.115741 0.319210 1654.000000 1080.000000
0 2679 0.321040 0.104167 0.035067 0.115741 0.312750 1654.000000 1080.000000
0 2680 0.321040 0.103241 0.035067 0.115741 0.297420 1654.000000 1080.000000
0 2681 0.321040 0.103241 0.035067 0.115741 0.291900 1654.000000 1080.000000
0 2682 0.320435 0.102315 0.035067 0.115741 0.297010 1654.000000 1080.000000
0 2683 0.320435 0.102315 0.035067 0.115741 0.288400 1654.000000 1080.000000
0 2684 0.320435 0.101389 0.035067 0.115741 0.297280 1654.000000 1080.000000
0 2685 0.320435 0.101389 0.035067 0.115741 0.296610 1654.000000 1080.000000
0 2686 0.320435 0.100463 0.035067 0.115741 0.291900 1654.000000 1080.000000
0 2687 0.320133 0.100463 0.034462 0.115741 0.292150 1654.000000 1080.000000
0 2688 0.320133 0.099537 0.034462 0.115741 0.292150 1654.000000 1080.000000
0 2689 0.320133 0.099537 0.034462 0.115741 0.287360 1654.000000 1080.000000
0 2690 0.320133 0.098611 0.034462 0.115741 0.287360 1654.000000 1080.000000
0 2691 0.320133 0.098611 0.034462 0.115741 0.279150 1654.000000 1080.000000
0 2692 0.320133 0.098611 0.034462 0.115741 0.274490 1654.000000 1080.000000
0 2693 0.319528 0.098611 0.034462 0.115741 0.269840 1654.000000 1080.000000
0 2694 0.319528 0.098611 0.034462 0.115741 0.274630 1654.000000 1080.000000
0 2695 0.319528 0.098611 0.034462 0.115741 0.289270 1654.000000 1080.000000
0 2696 0.319226 0.098611 0.035067 0.115741 0.283290 1654.000000 1080.000000
0 2697 0.318924 0.099537 0.034462 0.115741 0.297210 1654.000000 1080.000000
0 2698 0.318924 0.099537 0.034462 0.115741 0.318420 1654.000000 1080.000000
0 2699 0.318622 0.099537 0.035067 0.115741 0.331580 1654.000000 1080.000000
0 2700 0.318622 0.099537 0.035067 0.115741 0.351900 1654.000000 1080.000000
0 2701 0.318622 0.100463 0.035067 0.115741 0.361310 1654.000000 1080.000000
0 2702 0.318017 0.100463 0.035067 0.117593 0.012315 1654.000000 1080.000000
0 2703 0.318017 0.100926 0.035067 0.118519 0.538040 1654.000000 1080.000000
0 2704 0.318017 0.101389 0.035067 0.119444 0.533900 1654.000000 1080.000000
0 2705 0.318017 0.101852 0.035067 0.120370 0.518180 1654.000000 1080.000000
0 2706 0.317715 0.102315 0.035671 0.121296 0.511110 1654.000000 1080.000000
0 2707 0.317715 0.102778 0.035671 0.122222 0.501500 1654.000000 1080.000000
0 2708 0.317715 0.103241 0.035671 0.123148 0.640550 1654.000000 1080.000000
0 2709 0.317715 0.103704 0.035671 0.124074 0.629630 1654.000000 1080.000000
0 2710 0.317715 0.103704 0.035671 0.125926 0.621650 1654.000000 1080.000000
0 2711 0.317412 0.104167 0.036276 0.126852 0.605610 1654.000000 1080.000000
0 2712 0.317412 0.104630 0.036276 0.127778 0.595470 1654.000000 1080.000000
0 2713 0.317412 0.105093 0.036276 0.128704 0.587820 1654.000000 1080.000000
0 2714 0.317110 0.105556 0.035671 0.129630 0.577660 1654.000000 1080.000000
0 2715 0.317110 0.106019 0.035671 0.130556 0.568190 1654.000000 1080.000000
0 2716 0.316808 0.106481 0.036276 0.131481 0.558520 1654.000000 1080.000000
0 2717 0.316808 0.106944 0.036276 0.132407 0.547590 1654.000000 1080.000000
0 2718 0.316808 0.106944 0.036276 0.134259 0.543000 1654.000000 1080.000000
0 2719 0.316808 0.107407 0.036276 0.135185 0.528940 1654.000000 1080.000000
0 2720 0.316808 0.107870 0.036276 0.136111 0.516840 1654.000000 1080.000000
0 2721 0.316505 0.108333 0.036880 0.137037 0.507900 1654.000000 1080.000000
0 2722 0.316505 0.108796 0.036880 0.137963 0.492040 1654.000000 1080.000000
0 2723 0.316505 0.109259 0.036880 0.138889 0.483660 1654.000000 1080.000000
0 2724 0.316505 0.109722 0.036880 0.139815 0.474750 1654.000000 1080.000000
0 2725 0.316505 0.110185 0.036880 0.140741 0.468270 1654.000000 1080.000000
0 2726 0.316203 0.109259 0.036276 0.140741 0.464050 1654.000000 1080.000000
0 2727 0.316203 0.109259 0.036276 0.140741 0.457090 1654.000000 1080.000000
0 2728 0.316203 0.108796 0.036276 0.139815 0.449630 1654.000000 1080.000000
0 2729 0.316203 0.108796 0.036276 0.139815 0.442300 1654.000000 1080.000000
0 2730 0.316203 0.108333 0.036276 0.138889 0.433720 1654.000000 1080.000000
0 2731 0.316203 0.108333 0.036276 0.138889 0.422970 1654.000000 1080.000000
0 2732 0.316203 0.107870 0.036276 0.137963 0.410380 1654.000000 1080.000000
0 2733 0.316203 0.107870 0.036276 0.137963 0.401200 1654.000000 1080.000000
0 2734 0.316203 0.107407 0.036276 0.137037 0.391900 1654.000000 1080.000000
0 2735 0.316203 0.107407 0.036276 0.137037 0.384640 1654.000000 1080.000000
0 2736 0.316203 0.106944 0.036276 0.136111 0.375280 1654.000000 1080.000000
0 2737 0.316203 0.106944 0.036276 0.136111 0.365530 1654.000000 1080.000000
0 2738 0.316203 0.106481 0.036276 0.135185 0.353300 1654.000000 1080.000000
0 2739 0.316203 0.106481 0.036276 0.135185 0.343480 1654.000000 1080.000000
0 2740 0.316203 0.106019 0.036276 0.134259 0.341790 1654.000000 1080.000000
0 2741 0.316203 0.106019 0.036276 0.134259 0.333150 1654.000000 1080.000000
0 2742 0.316203 0.105556 0.036276 0.133333 0.324020 1654.000000 1080.000000
0 2743 0.316203 0.105556 0.036276 0.133333 0.332500 1654.000000 1080.000000
0 2744 0.316203 0.105093 0.036276 0.132407 0.348250 1654.000000 1080.000000
0 2745 0.316203 0.105093 0.036276 0.132407 0.368850 1654.000000 1080.000000
0 2746 0.316203 0.104630 0.036276 0.131481 0.380490 1654.000000 1080.000000
0 2747 0.316203 0.104630 0.036276 0.131481 0.397680 1654.000000 1080.000000
0 2748 0.316203 0.104167 0.036276 0.130556 0.411800 1654.000000 1080.000000
0 2749 0.316203 0.104167 0.036276 0.130556 0.420920 1654.000000 1080.000000
0 2750 0.316203 0.103704 0.036276 0.129630 0.432160 1654.000000 1080.000000
0 2751 0.316203 0.103704 0.036276 0.129630 0.445650 1654.000000 1080.000000
0 2752 0.316203 0.103241 0.036276 0.128704 0.457030 1654.000000 1080.000000
0 2753 0.316203 0.103241 0.036276 0.128704 0.466740 1654.000000 1080.000000
0 2754 0.316203 0.102778 0.036276 0.127778 0.487680 1654.000000 1080.000000
0 2755 0.316203 0.102778 0.036276 0.127778 0.494750 1654.000000 1080.000000
0 2756 0.316203 0.102315 0.036276 0.126852 0.506890 1654.000000 1080.000000
0 2757 0.316203 0.102315 0.036276 0.126852 0.517580 1654.000000 1080.000000
0 2758 0.316203 0.101852 0.036276 0.125926 0.529500 1654.000000 1080.000000
0 2759 0.316203 0.101852 0.036276 0.125926 0.537990 1654.000000 1080.000000
0 2760 0.316203 0.101389 0.036276 0.125000 0.550870 1654.000000 1080.000000
0 2761 0.316203 0.101389 0.036276 0.125000 0.572320 1654.000000 1080.000000
0 2762 0.316203 0.100926 0.036276 0.124074 0.583970 1654.000000 1080.000000
0 2763 0.316203 0.100926 0.036276 0.124074 0.592960 1654.000000 1080.000000
0 2764 0.316203 0.100463 0.036276 0.123148 0.606920 1654.000000 1080.000000
0 2765 0.316203 0.100463 0.036276 0.123148 0.619770 1654.000000 1080.000000
0 2766 0.316203 0.100000 0.036276 0.122222 0.633300 1654.000000 1080.000000
0 2767 0.316203 0.100000 0.036276 0.122222 0.646860 1654.000000 1080.000000
0 2768 0.316203 0.099537 0.036276 0.121296 0.668900 1654.000000 1080.000000
0 2769 0.316203 0.099537 0.036276 0.121296 0.683060 1654.000000 1080.000000
0 2770 0.316203 0.099537 0.036276 0.121296 0.697470 1654.000000 1080.000000
0 2771 0.316203 0.098611 0.036276 0.121296 0.708270 1654.000000 1080.000000
0 2772 0.316203 0.098611 0.036276 0.121296 0.715850 1654.000000 1080.000000
0 2773 0.316203 0.098611 0.036276 0.121296 0.723670 1654.000000 1080.000000
0 2774 0.316203 0.098611 0.036276 0.121296 0.731740 1654.000000 1080.000000
0 2775 0.316203 0.098611 0.036276 0.121296 0.751370 1654.000000 1080.000000
0 2776 0.316203 0.098611 0.036276 0.121296 0.759190 1654.000000 1080.000000
0 2777 0.316203 0.098611 0.036276 0.121296 0.769000 1654.000000 1080.000000
0 2778 0.316203 0.098611 0.036276 0.121296 0.774710 1654.000000 1080.000000
0 2779 0.316203 0.098611 0.036276 0.121296 0.783160 1654.000000 1080.000000
0 2780 0.316203 0.098611 0.036276 0.121296 0.787130 1654.000000 1080.000000
0 2781 0.316203 0.098611 0.036276 0.121296 0.781050 1654.000000 1080.000000
0 2782 0.316203 0.098611 0.036276 0.121296 0.788250 1654.000000 1080.000000
0 2783 0.316203 0.098611 0.036276 0.121296 0.790860 1654.000000 1080.000000
0 2784 0.316203 0.098611 0.036276 0.121296 0.794210 1654.000000 1080.000000
0 2785 0.316203 0.098611 0.036276 0.121296 0.802410 1654.000000 1080.000000
0 2786 0.316203 0.097685 0.036276 0.121296 0.810610 1654.000000 1080.000000
0 2787 0.316203 0.097685 0.036276 0.121296 0.803530 1654.000000 1080.000000
0 2788 0.316203 0.097685 0.036276 0.121296 0.790860 1654.000000 1080.000000
0 2789 0.316203 0.097685 0.036276 0.121296 0.776950 1654.000000 1080.000000
0 2790 0.316203 0.097685 0.036276 0.121296 0.776700 1654.000000 1080.000000
0 2791 0.316203 0.097685 0.036276 0.121296 0.781420 1654.000000 1080.000000
0 2792 0.316203 0.097685 0.036276 0.121296 0.786890 1654.000000 1080.000000
0 2793 0.316203 0.097685 0.036276 0.121296 0.799180 1654.000000 1080.000000
0 2794 0.316203 0.097685 0.036276 0.121296 0.795700 1654.000000 1080.000000
0 2795 0.316203 0.097685 0.036276 0.121296 0.798810 1654.000000 1080.000000
0 2796 0.316203 0.097685 0.036276 0.121296 0.797070 1654.000000 1080.000000
0 2797 0.316203 0.097685 0.036276 0.121296 0.806260 1654.000000 1080.000000
0 2798 0.316203 0.097685 0.036276 0.121296 0.806510 1654.000000 1080.000000
0 2799 0.316203 0.097685 0.036276 0.121296 0.812220 1654.000000 1080.000000
0 2800 0.316203 0.097685 0.036276 0.121296 0.814210 1654.000000 1080.000000
0 2801 0.316203 0.096759 0.036276 0.121296 0.830600 1654.000000 1080.000000
0 2802 0.316203 0.096759 0.036276 0.121296 0.837930 1654.000000 1080.000000
0 2803 0.316203 0.096759 0.036276 0.121296 0.842400 1654.000000 1080.000000
0 2804 0.316203 0.096759 0.036276 0.121296 0.850970 1654.000000 1080.000000
0 2805 0.316203 0.096759 0.036276 0.121296 0.863390 1654.000000 1080.000000
0 2806 0.316203 0.096759 0.036276 0.121296 0.873320 1654.000000 1080.000000
0 2807 0.316203 0.096759 0.036276 0.121296 0.881520 1654.000000 1080.000000
0 2808 0.316203 0.096759 0.036276 0.121296 0.892700 1654.000000 1080.000000
0 2809 0.316203 0.096759 0.036276 0.121296 0.911200 1654.000000 1080.000000
0 2810 0.316203 0.096759 0.036276 0.121296 0.922130 1654.000000 1080.000000
0 2811 0.316203 0.096759 0.036276 0.121296 0.935170 1654.000000 1080.000000
0 2812 0.316203 0.096759 0.036276 0.121296 0.947840 1654.000000 1080.000000
0 2813 0.316203 0.096759 0.036276 0.121296 0.969700 1654.000000 1080.000000
0 2814 0.316203 0.096759 0.036276 0.121296 0.984350 1654.000000 1080.000000
0 2815 0.316203 0.096759 0.036276 0.121296 1.000000 1654.000000 1080.000000
0 2816 0.316203 0.096759 0.036276 0.121296 1.000000 1654.000000 1080.000000
0 2817 0.316203 0.096759 0.036276 0.121296 1.000000 1654.000000 1080.000000
0 2818 0.316203 0.096759 0.036276 0.121296 1.000000 1654.000000 1080.000000
0 2819 0.316203 0.096759 0.036276 0.121296 1.000000 1654.000000 1080.000000
0 2820 0.316203 0.096759 0.036276 0.121296 1.000000 1654.000000 1080.000000
0 2821 0.316203 0.096759 0.036276 0.121296 1.000000 1654.000000 1080.000000
0 2822 0.316203 0.096759 0.036276 0.121296 1.000000 1654.000000 1080.000000
0 2823 0.316203 0.096759 0.036276 0.121296 1.000000 1654.000000 1080.000000
0 2824 0.316203 0.096759 0.036276 0.121296 1.000000 1654.000000 1080.000000
0 2825 0.316203 0.096759 0.036276 0.121296 1.000000 1654.000000 1080.000000
0 2826 0.316203 0.096759 0.036276 0.121296 1.000000 1654.000000 1080.000000
0 2827 0.316203 0.096759 0.036276 0.121296 1.000000 1654.000000 1080.000000
0 2828 0.316505 0.096759 0.036880 0.121296 1.000000 1654.000000 1080.000000
0 2829 0.316505 0.096759 0.036880 0.121296 1.000000 1654.000000 1080.000000
0 2830 0.316505 0.096759 0.036880 0.121296 1.000000 1654.000000 1080.000000
0 2831 0.316505 0.096759 0.036880 0.121296 1.000000 1654.000000 1080.000000
0 2832 0.316505 0.096759 0.036880 0.121296 1.000000 1654.000000 1080.000000
0 2833 0.316505 0.096759 0.036880 0.121296 1.000000 1654.000000 1080.000000
0 2834 0.316505 0.096759 0.036880 0.121296 1.000000 1654.000000 1080.000000
0 2835 0.316505 0.097222 0.036880 0.120370 1.000000 1654.000000 1080.000000
0 2836 0.316505 0.097222 0.036880 0.120370 1.000000 1654.000000 1080.000000
0 2837 0.316505 0.097222 0.036880 0.120370 1.000000 1654.000000 1080.000000
0 2838 0.316505 0.097222 0.036880 0.120370 1.000000 1654.000000 1080.000000
0 2839 0.316808 0.097222 0.037485 0.120370 1.000000 1654.000000 1080.000000
0 2840 0.316808 0.097222 0.037485 0.120370 1.000000 1654.000000 1080.000000
0 2841 0.316808 0.097222 0.037485 0.120370 1.000000 1654.000000 1080.000000
0 2842 0.316808 0.097222 0.037485 0.120370 1.000000 1654.000000 1080.000000
0 2843 0.316808 0.097222 0.037485 0.120370 1.000000 1654.000000 1080.000000
0 2844 0.316808 0.097222 0.037485 0.120370 1.000000 1654.000000 1080.000000
0 2845 0.316808 0.097685 0.037485 0.121296 1.000000 1654.000000 1080.000000
0 2846 0.316808 0.097685 0.037485 0.121296 1.000000 1654.000000 1080.000000
0 2847 0.316808 0.097685 0.037485 0.121296 1.000000 1654.000000 1080.000000
0 2848 0.316808 0.097685 0.037485 0.121296 1.000000 1654.000000 1080.000000
0 2849 0.316808 0.097685 0.037485 0.121296 1.000000 1654.000000 1080.000000
0 2850 0.316808 0.097685 0.037485 0.121296 1.000000 1654.000000 1080.000000
0 2851 0.317110 0.097685 0.038089 0.121296 1.000000 1654.000000 1080.000000
0 2852 0.317110 0.097685 0.038089 0.121296 1.000000 1654.000000 1080.000000
0 2853 0.317110 0.097685 0.038089 0.121296 1.000000 1654.000000 1080.000000
0 2854 0.317110 0.098148 0.038089 0.120370 1.000000 1654.000000 1080.000000
0 2855 0.317110 0.098148 0.038089 0.120370 1.000000 1654.000000 1080.000000
0 2856 0.317110 0.098148 0.038089 0.120370 1.000000 1654.000000 1080.000000
0 2857 0.317110 0.098148 0.038089 0.120370 1.000000 1654.000000 1080.000000
0 2858 0.317110 0.098148 0.038089 0.120370 1.000000 1654.000000 1080.000000
0 2859 0.317110 0.098148 0.038089 0.120370 1.000000 1654.000000 1080.000000
0 2860 0.317110 0.098148 0.038089 0.120370 1.000000 1654.000000 1080.000000
0 2861 0.317110 0.098148 0.038089 0.120370 1.000000 1654.000000 1080.000000
0 2862 0.317412 0.098148 0.038694 0.120370 1.000000 1654.000000 1080.000000
0 2863 0.317412 0.098148 0.038694 0.120370 1.000000 1654.000000 1080.000000
0 2864 0.317412 0.098148 0.038694 0.120370 1.000000 1654.000000 1080.000000
0 2865 0.317412 0.098148 0.038694 0.120370 1.000000 1654.000000 1080.000000
0 2866 0.317412 0.098148 0.038694 0.120370 1.000000 1654.000000 1080.000000
0 2867 0.317412 0.098148 0.038694 0.120370 1.000000 1654.000000 1080.000000
0 2868 0.317412 0.098148 0.038694 0.120370 1.000000 1654.000000 1080.000000
0 2869 0.317412 0.098148 0.038694 0.120370 1.000000 1654.000000 1080.000000
0 2870 0.317412 0.098148 0.038694 0.120370 1.000000 1654.000000 1080.000000
0 2871 0.317412 0.098148 0.038694 0.120370 1.000000 1654.000000 1080.000000
0 2872 0.317412 0.098148 0.038694 0.120370 1.000000 1654.000000 1080.000000
0 2873 0.317715 0.099074 0.039299 0.120370 1.000000 1654.000000 1080.000000
0 2874 0.317715 0.099074 0.039299 0.120370 1.000000 1654.000000 1080.000000
0 2875 0.317715 0.099074 0.039299 0.120370 1.000000 1654.000000 1080.000000
0 2876 0.317715 0.100000 0.039299 0.120370 1.000000 1654.000000 1080.000000
0 2877 0.317715 0.100000 0.039299 0.120370 1.000000 1654.000000 1080.000000
0 2878 0.317715 0.100926 0.039299 0.120370 1.000000 1654.000000 1080.000000
0 2879 0.317715 0.100926 0.039299 0.120370 1.000000 1654.000000 1080.000000
0 2880 0.317715 0.100926 0.039299 0.120370 1.000000 1654.000000 1080.000000
0 2881 0.317715 0.101852 0.039299 0.120370 1.000000 1654.000000 1080.000000
0 2882 0.317715 0.101852 0.039299 0.120370 1.000000 1654.000000 1080.000000
0 2883 0.317715 0.102778 0.039299 0.120370 1.000000 1654.000000 1080.000000
0 2884 0.317715 0.102778 0.039299 0.120370 1.000000 1654.000000 1080.000000
0 2885 0.318319 0.103704 0.039299 0.120370 1.000000 1654.000000 1080.000000
0 2886 0.318319 0.103704 0.039299 0.120370 1.000000 1654.000000 1080.000000
0 2887 0.318319 0.103704 0.039299 0.120370 1.000000 1654.000000 1080.000000
0 2888 0.318319 0.104630 0.039299 0.120370 1.000000 1654.000000 1080.000000
0 2889 0.318319 0.104630 0.039299 0.120370 1.000000 1654.000000 1080.000000
0 2890 0.318319 0.105556 0.039299 0.120370 1.000000 1654.000000 1080.000000
0 2891 0.318319 0.105556 0.039299 0.120370 1.000000 1654.000000 1080.000000
0 2892 0.318319 0.106481 0.039299 0.120370 1.000000 1654.000000 1080.000000
0 2893 0.318319 0.106481 0.039299 0.120370 1.000000 1654.000000 1080.000000
0 2894 0.318319 0.106481 0.039299 0.120370 1.000000 1654.000000 1080.000000
0 2895 0.318319 0.107407 0.039299 0.120370 1.000000 1654.000000 1080.000000
0 2896 0.318319 0.107407 0.039299 0.120370 0.997690 1654.000000 1080.000000
0 2897 0.318924 0.108333 0.039299 0.120370 0.989820 1654.000000 1080.000000
0 2898 0.318924 0.108333 0.039299 0.120370 0.981380 1654.000000 1080.000000
0 2899 0.318924 0.109259 0.039299 0.120370 0.968190 1654.000000 1080.000000
0 2900 0.318924 0.109259 0.039299 0.120370 0.957900 1654.000000 1080.000000
0 2901 0.318924 0.109259 0.039299 0.120370 0.943790 1654.000000 1080.000000
0 2902 0.318924 0.110185 0.039299 0.120370 0.926210 1654.000000 1080.000000
0 2903 0.318924 0.110185 0.039299 0.120370 0.913950 1654.000000 1080.000000
0 2904 0.318924 0.111111 0.039299 0.120370 0.893820 1654.000000 1080.000000
0 2905 0.318924 0.111111 0.039299 0.120370 0.875090 1654.000000 1080.000000
0 2906 0.318924 0.112037 0.039299 0.120370 0.851150 1654.000000 1080.000000
0 2907 0.318924 0.112037 0.039299 0.120370 0.838080 1654.000000 1080.000000
0 2908 0.318924 0.112037 0.039299 0.120370 0.815410 1654.000000 1080.000000
0 2909 0.319528 0.112963 0.039299 0.120370 0.791810 1654.000000 1080.000000
0 2910 0.319528 0.112963 0.039299 0.120370 0.766250 1654.000000 1080.000000
0 2911 0.319528 0.113889 0.039299 0.120370 0.740110 1654.000000 1080.000000
0 2912 0.319528 0.113889 0.039299 0.120370 0.710620 1654.000000 1080.000000
0 2913 0.319528 0.114815 0.039299 0.120370 0.672800 1654.000000 1080.000000
0 2914 0.319528 0.114815 0.039299 0.120370 0.641920 1654.000000 1080.000000
0 2915 0.319528 0.114815 0.039299 0.120370 0.616930 1654.000000 1080.000000
0 2916 0.319528 0.115741 0.039299 0.120370 0.576680 1654.000000 1080.000000
0 2917 0.319528 0.115741 0.039299 0.120370 0.551350 1654.000000 1080.000000
0 2918 0.319528 0.116667 0.039299 0.120370 0.519080 1654.000000 1080.000000
0 2919 0.319528 0.116667 0.039299 0.120370 0.511450 1654.000000 1080.000000
0 2920 0.320133 0.117593 0.039299 0.120370 0.496180 1654.000000 1080.000000
0 2921 0.319528 0.116667 0.039299 0.120370 0.496180 1654.000000 1080.000000
0 2922 0.319528 0.116667 0.039299 0.120370 0.511800 1654.000000 1080.000000
0 2923 0.319528 0.116667 0.039299 0.120370 0.535970 1654.000000 1080.000000
0 2924 0.319528 0.115741 0.039299 0.120370 0.559570 1654.000000 1080.000000
0 2925 0.319528 0.115741 0.039299 0.120370 0.577030 1654.000000 1080.000000
0 2926 0.319528 0.115741 0.039299 0.120370 0.595190 1654.000000 1080.000000
0 2927 0.319528 0.114815 0.039299 0.120370 0.619480 1654.000000 1080.000000
0 2928 0.319528 0.114815 0.039299 0.120370 0.638680 1654.000000 1080.000000
0 2929 0.319528 0.114815 0.039299 0.120370 0.658570 1654.000000 1080.000000
0 2930 0.318924 0.113889 0.039299 0.120370 0.700210 1654.000000 1080.000000
0 2931 0.318924 0.113889 0.039299 0.120370 0.709000 1654.000000 1080.000000
0 2932 0.318924 0.113889 0.039299 0.120370 0.731090 1654.000000 1080.000000
0 2933 0.318924 0.112963 0.039299 0.120370 0.745080 1654.000000 1080.000000
0 2934 0.318924 0.112963 0.039299 0.120370 0.768450 1654.000000 1080.000000
0 2935 0.318924 0.112963 0.039299 0.120370 0.780710 1654.000000 1080.000000
0 2936 0.318924 0.112037 0.039299 0.120370 0.808120 1654.000000 1080.000000
0 2937 0.318924 0.112037 0.039299 0.120370 0.822000 1654.000000 1080.000000
0 2938 0.318924 0.112037 0.039299 0.120370 0.848250 1654.000000 1080.000000
0 2939 0.318319 0.111111 0.039299 0.120370 0.875200 1654.000000 1080.000000
0 2940 0.318319 0.111111 0.039299 0.120370 0.902850 1654.000000 1080.000000
0 2941 0.318319 0.111111 0.039299 0.120370 0.920430 1654.000000 1080.000000
0 2942 0.318319 0.110185 0.039299 0.120370 0.950270 1654.000000 1080.000000
0 2943 0.318319 0.110185 0.039299 0.120370 0.979880 1654.000000 1080.000000
0 2944 0.318319 0.110185 0.039299 0.120370 1.000000 1654.000000 1080.000000
0 2945 0.318319 0.109259 0.039299 0.120370 1.000000 1654.000000 1080.000000
0 2946 0.318319 0.109259 0.039299 0.120370 1.000000 1654.000000 1080.000000
0 2947 0.318319 0.109259 0.039299 0.120370 1.000000 1654.000000 1080.000000
0 2948 0.317715 0.108333 0.039299 0.120370 1.000000 1654.000000 1080.000000
0 2949 0.317715 0.108333 0.039299 0.120370 1.000000 1654.000000 1080.000000
0 2950 0.317715 0.108333 0.039299 0.120370 1.000000 1654.000000 1080.000000
0 2951 0.317715 0.107407 0.039299 0.120370 1.000000 1654.000000 1080.000000
0 2952 0.317715 0.107407 0.039299 0.120370 1.000000 1654.000000 1080.000000
0 2953 0.317715 0.107407 0.039299 0.120370 1.000000 1654.000000 1080.000000
0 2954 0.317715 0.106481 0.039299 0.120370 1.000000 1654.000000 1080.000000
0 2955 0.317715 0.106481 0.039299 0.120370 1.000000 1654.000000 1080.000000
0 2956 0.317715 0.106481 0.039299 0.120370 1.000000 1654.000000 1080.000000
0 2957 0.317715 0.106481 0.039299 0.120370 1.000000 1654.000000 1080.000000
0 2958 0.317715 0.105556 0.039299 0.120370 1.000000 1654.000000 1080.000000
0 2959 0.317715 0.105556 0.039299 0.120370 1.000000 1654.000000 1080.000000
0 2960 0.317715 0.105556 0.039299 0.120370 1.000000 1654.000000 1080.000000
0 2961 0.317715 0.105556 0.039299 0.120370 1.000000 1654.000000 1080.000000
0 2962 0.317715 0.104630 0.039299 0.120370 1.000000 1654.000000 1080.000000
0 2963 0.317715 0.104630 0.039299 0.120370 1.000000 1654.000000 1080.000000
0 2964 0.317715 0.104630 0.039299 0.120370 1.000000 1654.000000 1080.000000
0 2965 0.317715 0.104630 0.039299 0.120370 1.000000 1654.000000 1080.000000
0 2966 0.317715 0.104630 0.039299 0.120370 1.000000 1654.000000 1080.000000
0 2967 0.317715 0.103704 0.039299 0.120370 1.000000 1654.000000 1080.000000
0 2968 0.317715 0.103704 0.039299 0.120370 1.000000 1654.000000 1080.000000
0 2969 0.317715 0.103704 0.039299 0.120370 1.000000 1654.000000 1080.000000
0 2970 0.317715 0.103704 0.039299 0.120370 1.000000 1654.000000 1080.000000
0 2971 0.317715 0.103704 0.039299 0.120370 1.000000 1654.000000 1080.000000
0 2972 0.317715 0.102778 0.039299 0.120370 1.000000 1654.000000 1080.000000
0 2973 0.317715 0.102778 0.039299 0.120370 1.000000 1654.000000 1080.000000
0 2974 0.317715 0.102778 0.039299 0.120370 1.000000 1654.000000 1080.000000
0 2975 0.317715 0.102778 0.039299 0.120370 1.000000 1654.000000 1080.000000
0 2976 0.317715 0.102778 0.039299 0.120370 1.000000 1654.000000 1080.000000
0 2977 0.317715 0.101852 0.039299 0.120370 1.000000 1654.000000 1080.000000
0 2978 0.317715 0.101852 0.039299 0.120370 1.000000 1654.000000 1080.000000
0 2979 0.318017 0.101852 0.039903 0.120370 1.000000 1654.000000 1080.000000
0 2980 0.318017 0.101852 0.039903 0.120370 1.000000 1654.000000 1080.000000
0 2981 0.318017 0.101852 0.039903 0.120370 1.000000 1654.000000 1080.000000
0 2982 0.318017 0.100926 0.039903 0.120370 1.000000 1654.000000 1080.000000
0 2983 0.318017 0.100926 0.039903 0.120370 1.000000 1654.000000 1080.000000
0 2984 0.318017 0.100926 0.039903 0.120370 1.000000 1654.000000 1080.000000
0 2985 0.318017 0.100926 0.039903 0.120370 1.000000 1654.000000 1080.000000
0 2986 0.318017 0.100926 0.039903 0.120370 1.000000 1654.000000 1080.000000
0 2987 0.318017 0.100000 0.039903 0.120370 1.000000 1654.000000 1080.000000
0 2988 0.318017 0.100000 0.039903 0.120370 1.000000 1654.000000 1080.000000
0 2989 0.318017 0.100000 0.039903 0.120370 1.000000 1654.000000 1080.000000
0 2990 0.318017 0.100000 0.039903 0.120370 1.000000 1654.000000 1080.000000
0 2991 0.318017 0.100000 0.039903 0.120370 1.000000 1654.000000 1080.000000
0 2992 0.318017 0.099074 0.039903 0.120370 1.000000 1654.000000 1080.000000
0 2993 0.318017 0.099074 0.039903 0.120370 1.000000 1654.000000 1080.000000
0 2994 0.318017 0.099074 0.039903 0.120370 1.000000 1654.000000 1080.000000
0 2995 0.318017 0.099074 0.039903 0.120370 1.000000 1654.000000 1080.000000
0 2996 0.318017 0.099074 0.039903 0.120370 1.000000 1654.000000 1080.000000
0 2997 0.318017 0.098148 0.039903 0.120370 1.000000 1654.000000 1080.000000
0 2998 0.318017 0.098148 0.039903 0.120370 1.000000 1654.000000 1080.000000
0 2999 0.318017 0.098148 0.039903 0.120370 1.000000 1654.000000 1080.000000
0 3000 0.318017 0.098148 0.039903 0.120370 1.000000 1654.000000 1080.000000
0 3001 0.318622 0.098148 0.039903 0.120370 1.000000 1654.000000 1080.000000
0 3002 0.318017 0.097685 0.038694 0.119444 1.000000 1654.000000 1080.000000
0 3003 0.317715 0.097685 0.038089 0.119444 1.000000 1654.000000 1080.000000
0 3004 0.317110 0.097685 0.036880 0.117593 1.000000 1654.000000 1080.000000
0 3005 0.317110 0.097685 0.035671 0.117593 1.000000 1654.000000 1080.000000
0 3006 0.316505 0.098148 0.034462 0.116667 1.000000 1654.000000 1080.000000
0 3007 0.316203 0.097685 0.033857 0.115741 1.000000 1654.000000 1080.000000
0 3008 0.315901 0.097685 0.032044 0.115741 1.000000 1654.000000 1080.000000
0 3009 0.315599 0.097685 0.031439 0.113889 1.000000 1654.000000 1080.000000
0 3010 0.314994 0.097685 0.030230 0.113889 1.000000 1654.000000 1080.000000
0 3011 0.314994 0.098148 0.029021 0.112963 1.000000 1654.000000 1080.000000
0 3012 0.314994 0.098148 0.029021 0.112963 1.000000 1654.000000 1080.000000
0 3013 0.314994 0.098148 0.029021 0.112963 1.000000 1654.000000 1080.000000
0 3014 0.314994 0.098148 0.029021 0.112963 0.986390 1654.000000 1080.000000
0 3015 0.314994 0.098148 0.029021 0.112963 0.973780 1654.000000 1080.000000
0 3016 0.315599 0.098148 0.029021 0.112963 0.962830 1654.000000 1080.000000
0 3017 0.315599 0.098148 0.029021 0.112963 0.950720 1654.000000 1080.000000
0 3018 0.315599 0.098148 0.029021 0.112963 0.943590 1654.000000 1080.000000
0 3019 0.315599 0.098148 0.029021 0.112963 0.928320 1654.000000 1080.000000
0 3020 0.316203 0.098148 0.029021 0.112963 0.915550 1654.000000 1080.000000
0 3021 0.316203 0.098148 0.029021 0.112963 0.902440 1654.000000 1080.000000
0 3022 0.316203 0.098148 0.029021 0.112963 0.892150 1654.000000 1080.000000
0 3023 0.316203 0.098148 0.029021 0.112963 0.878050 1654.000000 1080.000000
0 3024 0.316808 0.098148 0.029021 0.112963 0.861790 1654.000000 1080.000000
0 3025 0.316808 0.098148 0.029021 0.112963 0.853660 1654.000000 1080.000000
0 3026 0.316808 0.098148 0.029021 0.112963 0.837400 1654.000000 1080.000000
0 3027 0.316808 0.098148 0.029021 0.112963 0.821140 1654.000000 1080.000000
0 3028 0.317412 0.098148 0.029021 0.112963 0.813010 1654.000000 1080.000000
0 3029 0.316808 0.097222 0.029021 0.112963 0.804880 1654.000000 1080.000000
0 3030 0.316808 0.097222 0.029021 0.112963 0.797250 1654.000000 1080.000000
0 3031 0.316808 0.097222 0.029021 0.112963 0.798410 1654.000000 1080.000000
0 3032 0.316808 0.097222 0.029021 0.112963 0.797910 1654.000000 1080.000000
0 3033 0.316505 0.097222 0.029625 0.112963 0.798370 1654.000000 1080.000000
0 3034 0.316505 0.097222 0.029625 0.112963 0.802280 1654.000000 1080.000000
0 3035 0.316505 0.096296 0.029625 0.112963 0.812200 1654.000000 1080.000000
0 3036 0.316505 0.096296 0.029625 0.112963 0.811540 1654.000000 1080.000000
0 3037 0.316203 0.096296 0.030230 0.112963 0.818750 1654.000000 1080.000000
0 3038 0.316203 0.096296 0.030230 0.112963 0.822410 1654.000000 1080.000000
0 3039 0.316203 0.096296 0.030230 0.112963 0.822730 1654.000000 1080.000000
0 3040 0.316203 0.096296 0.030230 0.112963 0.831820 1654.000000 1080.000000
0 3041 0.316203 0.096296 0.030230 0.112963 0.830540 1654.000000 1080.000000
0 3042 0.315599 0.096296 0.030230 0.112963 0.838670 1654.000000 1080.000000
0 3043 0.315599 0.096296 0.030230 0.112963 0.835490 1654.000000 1080.000000
0 3044 0.315599 0.097222 0.030230 0.112963 0.823370 1654.000000 1080.000000
0 3045 0.315599 0.097222 0.030230 0.112963 0.830220 1654.000000 1080.000000
0 3046 0.315599 0.097222 0.030230 0.112963 0.825920 1654.000000 1080.000000
0 3047 0.315599 0.098148 0.030230 0.112963 0.813490 1654.000000 1080.000000
0 3048 0.314994 0.098148 0.030230 0.112963 0.820180 1654.000000 1080.000000
0 3049 0.314994 0.099074 0.030230 0.112963 0.815080 1654.000000 1080.000000
0 3050 0.314994 0.099074 0.030230 0.112963 0.807270 1654.000000 1080.000000
0 3051 0.314994 0.099074 0.030230 0.112963 0.793080 1654.000000 1080.000000
0 3052 0.314994 0.100000 0.030230 0.112963 0.770600 1654.000000 1080.000000
0 3053 0.314994 0.100000 0.030230 0.112963 0.756260 1654.000000 1080.000000
0 3054 0.314389 0.100926 0.030230 0.112963 0.739840 1654.000000 1080.000000
0 3055 0.314389 0.100926 0.030230 0.112963 0.731710 1654.000000 1080.000000
0 3056 0.314389 0.100926 0.030230 0.112963 0.734420 1654.000000 1080.000000
0 3057 0.314389 0.101852 0.030230 0.112963 0.736010 1654.000000 1080.000000
0 3058 0.314389 0.101852 0.030230 0.112963 0.753230 1654.000000 1080.000000
0 3059 0.314389 0.102778 0.030230 0.112963 0.751630 1654.000000 1080.000000
0 3060 0.314389 0.102778 0.030230 0.112963 0.763750 1654.000000 1080.000000
0 3061 0.314389 0.103704 0.030230 0.112963 0.771240 1654.000000 1080.000000
0 3062 0.314994 0.103704 0.030230 0.112963 0.784310 1654.000000 1080.000000
0 3063 0.314994 0.104630 0.030230 0.112963 0.782560 1654.000000 1080.000000
0 3064 0.314994 0.104630 0.030230 0.112963 0.791970 1654.000000 1080.000000
0 3065 0.315599 0.105556 0.030230 0.112963 0.797700 1654.000000 1080.000000
0 3066 0.315599 0.105556 0.030230 0.112963 0.808700 1654.000000 1080.000000
0 3067 0.315599 0.106481 0.030230 0.112963 0.816670 1654.000000 1080.000000
0 3068 0.316203 0.106481 0.030230 0.112963 0.829270 1654.000000 1080.000000
0 3069 0.316203 0.107407 0.030230 0.112963 0.836440 1654.000000 1080.000000
0 3070 0.316203 0.107407 0.030230 0.112963 0.859720 1654.000000 1080.000000
0 3071 0.316808 0.108333 0.030230 0.112963 0.863700 1654.000000 1080.000000
0 3072 0.316808 0.108333 0.030230 0.112963 0.879800 1654.000000 1080.000000
0 3073 0.316808 0.108333 0.030230 0.112963 0.905950 1654.000000 1080.000000
0 3074 0.316808 0.109259 0.030230 0.112963 0.922210 1654.000000 1080.000000
0 3075 0.317412 0.109259 0.030230 0.112963 0.940700 1654.000000 1080.000000
0 3076 0.317412 0.109259 0.030230 0.112963 0.959190 1654.000000 1080.000000
0 3077 0.317412 0.110185 0.030230 0.112963 0.989480 1654.000000 1080.000000
0 3078 0.318017 0.110185 0.030230 0.112963 1.000000 1654.000000 1080.000000
0 3079 0.318017 0.111111 0.030230 0.112963 1.000000 1654.000000 1080.000000
0 3080 0.318017 0.111111 0.030230 0.112963 1.000000 1654.000000 1080.000000
0 3081 0.318622 0.111111 0.030230 0.112963 1.000000 1654.000000 1080.000000
0 3082 0.318622 0.112037 0.030230 0.112963 1.000000 1654.000000 1080.000000
0 3083 0.318622 0.112037 0.030230 0.112963 1.000000 1654.000000 1080.000000
0 3084 0.319226 0.112963 0.030230 0.112963 1.000000 1654.000000 1080.000000
0 3085 0.318622 0.112963 0.030230 0.112963 1.000000 1654.000000 1080.000000
0 3086 0.318622 0.112963 0.030230 0.112963 1.000000 1654.000000 1080.000000
0 3087 0.318622 0.112963 0.030230 0.112963 1.000000 1654.000000 1080.000000
0 3088 0.318622 0.112963 0.030230 0.112963 1.000000 1654.000000 1080.000000
0 3089 0.318622 0.112963 0.030230 0.112963 1.000000 1654.000000 1080.000000
0 3090 0.318319 0.112963 0.029625 0.112963 1.000000 1654.000000 1080.000000
0 3091 0.318319 0.112963 0.029625 0.112963 1.000000 1654.000000 1080.000000
0 3092 0.318319 0.112963 0.029625 0.112963 1.000000 1654.000000 1080.000000
0 3093 0.318017 0.112963 0.030230 0.112963 1.000000 1654.000000 1080.000000
0 3094 0.318017 0.112963 0.030230 0.112963 1.000000 1654.000000 1080.000000
0 3095 0.317715 0.112963 0.029625 0.112963 1.000000 1654.000000 1080.000000
0 3096 0.317715 0.112963 0.029625 0.112963 1.000000 1654.000000 1080.000000
0 3097 0.317715 0.112963 0.029625 0.112963 1.000000 1654.000000 1080.000000
0 3098 0.317715 0.112963 0.029625 0.112963 1.000000 1654.000000 1080.000000
0 3099 0.317715 0.112963 0.029625 0.112963 1.000000 1654.000000 1080.000000
0 3100 0.317715 0.112963 0.029625 0.112963 1.000000 1654.000000 1080.000000
0 3101 0.317715 0.112963 0.029625 0.112963 1.000000 1654.000000 1080.000000
0 3102 0.317715 0.112963 0.029625 0.112963 1.000000 1654.000000 1080.000000
0 3103 0.317715 0.112963 0.029625 0.112963 1.000000 1654.000000 1080.000000
0 3104 0.317715 0.112963 0.029625 0.112963 1.000000 1654.000000 1080.000000
0 3105 0.317715 0.112963 0.029625 0.112963 1.000000 1654.000000 1080.000000
0 3106 0.318017 0.112963 0.030230 0.112963 1.000000 1654.000000 1080.000000
0 3107 0.318017 0.112963 0.030230 0.112963 1.000000 1654.000000 1080.000000
0 3108 0.318319 0.112963 0.029625 0.112963 1.000000 1654.000000 1080.000000
0 3109 0.318319 0.112963 0.029625 0.112963 1.000000 1654.000000 1080.000000
0 3110 0.318319 0.112963 0.029625 0.112963 1.000000 1654.000000 1080.000000
0 3111 0.318622 0.112963 0.030230 0.112963 1.000000 1654.000000 1080.000000
0 3112 0.318622 0.112963 0.030230 0.112963 1.000000 1654.000000 1080.000000
0 3113 0.318622 0.112963 0.030230 0.112963 1.000000 1654.000000 1080.000000
0 3114 0.318622 0.112963 0.030230 0.112963 0.993940 1654.000000 1080.000000
0 3115 0.318622 0.112963 0.030230 0.112963 0.984060 1654.000000 1080.000000
0 3116 0.319226 0.112963 0.030230 0.112963 0.971310 1654.000000 1080.000000
0 3117 0.319226 0.112963 0.030230 0.112963 0.959830 1654.000000 1080.000000
0 3118 0.319226 0.112963 0.030230 0.112963 0.949780 1654.000000 1080.000000
0 3119 0.319226 0.112963 0.030230 0.112963 0.936870 1654.000000 1080.000000
0 3120 0.319226 0.112963 0.030230 0.112963 0.929860 1654.000000 1080.000000
0 3121 0.319226 0.112963 0.030230 0.112963 0.919340 1654.000000 1080.000000
0 3122 0.319226 0.112963 0.030230 0.112963 0.908820 1654.000000 1080.000000
0 3123 0.319226 0.112963 0.030230 0.112963 0.901800 1654.000000 1080.000000
0 3124 0.319226 0.112963 0.030230 0.112963 0.891280 1654.000000 1080.000000
0 3125 0.319226 0.112963 0.030230 0.112963 0.882670 1654.000000 1080.000000
0 3126 0.319226 0.112963 0.030230 0.112963 0.871350 1654.000000 1080.000000
0 3127 0.319226 0.112963 0.030230 0.112963 0.863540 1654.000000 1080.000000
0 3128 0.319226 0.112963 0.030230 0.112963 0.852220 1654.000000 1080.000000
0 3129 0.319226 0.112963 0.030230 0.112963 0.844410 1654.000000 1080.000000
0 3130 0.319226 0.112963 0.030230 0.112963 0.834690 1654.000000 1080.000000
0 3131 0.319226 0.112963 0.030230 0.112963 0.829270 1654.000000 1080.000000
0 3132 0.319226 0.112963 0.030230 0.112963 0.813010 1654.000000 1080.000000
0 3133 0.319226 0.112963 0.030230 0.112963 0.804880 1654.000000 1080.000000
0 3134 0.319226 0.112963 0.030230 0.112963 0.804880 1654.000000 1080.000000
0 3135 0.319226 0.112963 0.030230 0.112963 0.796750 1654.000000 1080.000000
0 3136 0.319226 0.112963 0.030230 0.112963 0.796750 1654.000000 1080.000000
0 3137 0.319226 0.112963 0.030230 0.112963 0.788620 1654.000000 1080.000000
0 3138 0.319226 0.112963 0.030230 0.112963 0.793400 1654.000000 1080.000000
0 3139 0.319226 0.112963 0.030230 0.112963 0.806310 1654.000000 1080.000000
0 3140 0.319226 0.112963 0.030230 0.112963 0.812530 1654.000000 1080.000000
0 3141 0.319226 0.112963 0.030230 0.112963 0.825920 1654.000000 1080.000000
0 3142 0.319226 0.112963 0.030230 0.112963 0.838200 1654.000000 1080.000000
0 3143 0.319226 0.112963 0.030230 0.112963 0.852060 1654.000000 1080.000000
0 3144 0.319226 0.112963 0.030230 0.112963 0.870560 1654.000000 1080.000000
0 3145 0.319226 0.112963 0.030230 0.112963 0.884430 1654.000000 1080.000000
0 3146 0.319226 0.112963 0.030230 0.112963 0.898290 1654.000000 1080.000000
0 3147 0.318622 0.112037 0.030230 0.112963 0.915190 1654.000000 1080.000000
0 3148 0.318017 0.112037 0.030230 0.112963 0.921410 1654.000000 1080.000000
0 3149 0.318017 0.112037 0.030230 0.112963 0.939900 1654.000000 1080.000000
0 3150 0.317412 0.112037 0.030230 0.112963 0.949150 1654.000000 1080.000000
0 3151 0.317412 0.112037 0.030230 0.112963 0.951700 1654.000000 1080.000000
0 3152 0.316808 0.112037 0.030230 0.112963 0.942450 1654.000000 1080.000000
0 3153 0.316808 0.112037 0.030230 0.112963 0.932570 1654.000000 1080.000000
0 3154 0.316203 0.111111 0.030230 0.112963 0.930180 1654.000000 1080.000000
0 3155 0.315599 0.111111 0.030230 0.112963 0.918540 1654.000000 1080.000000
0 3156 0.315599 0.111111 0.030230 0.112963 0.880440 1654.000000 1080.000000
0 3157 0.314994 0.111111 0.030230 0.112963 0.852700 1654.000000 1080.000000
0 3158 0.314994 0.111111 0.030230 0.112963 0.811100 1654.000000 1080.000000
0 3159 0.314389 0.111111 0.030230 0.112963 0.780490 1654.000000 1080.000000
0 3160 0.314389 0.111111 0.030230 0.112963 0.738560 1654.000000 1080.000000
0 3161 0.314389 0.110185 0.030230 0.112963 0.695680 1654.000000 1080.000000
0 3162 0.314389 0.110185 0.030230 0.112963 0.647700 1654.000000 1080.000000
0 3163 0.314389 0.109259 0.030230 0.112963 0.602420 1654.000000 1080.000000
0 3164 0.314389 0.109259 0.030230 0.112963 0.551090 1654.000000 1080.000000
0 3165 0.314389 0.109259 0.030230 0.112963 0.503430 1654.000000 1080.000000
0 3166 0.314389 0.108333 0.030230 0.112963 0.454810 1654.000000 1080.000000
0 3167 0.314389 0.108333 0.030230 0.112963 0.398690 1654.000000 1080.000000
0 3168 0.314389 0.107407 0.030230 0.112963 0.347680 1654.000000 1080.000000
0 3169 0.314389 0.107407 0.030230 0.112963 0.295710 1654.000000 1080.000000
0 3170 0.314389 0.107407 0.030230 0.112963 0.242790 1654.000000 1080.000000
0 3171 0.314389 0.106481 0.030230 0.112963 0.227640 1654.000000 1080.000000
0 3172 0.314389 0.106481 0.030230 0.112963 0.219510 1654.000000 1080.000000
0 3173 0.314389 0.105556 0.030230 0.112963 0.219510 1654.000000 1080.000000
0 3174 0.314389 0.105556 0.030230 0.112963 0.219510 1654.000000 1080.000000
0 3175 0.314389 0.105556 0.030230 0.112963 0.211380 1654.000000 1080.000000
0 3176 0.314389 0.104630 0.030230 0.112963 0.211380 1654.000000 1080.000000
0 3177 0.314389 0.104630 0.030230 0.112963 0.203250 1654.000000 1080.000000
0 3178 0.314389 0.104630 0.030230 0.112963 0.195120 1654.000000 1080.000000
0 3179 0.313785 0.103704 0.030230 0.112963 0.203250 1654.000000 1080.000000
0 3180 0.313785 0.103704 0.030230 0.112963 0.195120 1654.000000 1080.000000
0 3181 0.313180 0.103704 0.030230 0.112963 0.186990 1654.000000 1080.000000
0 3182 0.313180 0.103704 0.030230 0.112963 0.227160 1654.000000 1080.000000
0 3183 0.313180 0.103704 0.030230 0.112963 0.252030 1654.000000 1080.000000
0 3184 0.312576 0.102778 0.030230 0.112963 0.275470 1654.000000 1080.000000
0 3185 0.312576 0.102778 0.030230 0.112963 0.317070 1654.000000 1080.000000
0 3186 0.312273 0.102778 0.029625 0.112963 0.330080 1654.000000 1080.000000
0 3187 0.311971 0.102778 0.030230 0.112963 0.370000 1654.000000 1080.000000
0 3188 0.311971 0.102778 0.030230 0.112963 0.397420 1654.000000 1080.000000
0 3189 0.311669 0.102778 0.029625 0.112963 0.413980 1654.000000 1080.000000
0 3190 0.311366 0.101852 0.030230 0.112963 0.459270 1654.000000 1080.000000
0 3191 0.311366 0.101852 0.030230 0.112963 0.488280 1654.000000 1080.000000
0 3192 0.311064 0.101852 0.029625 0.112963 0.522110 1654.000000 1080.000000
0 3193 0.310762 0.101852 0.030230 0.112963 0.540250 1654.000000 1080.000000
0 3194 0.310459 0.101852 0.029625 0.112963 0.553820 1654.000000 1080.000000
0 3195 0.310459 0.101852 0.029625 0.112963 0.597400 1654.000000 1080.000000
0 3196 0.310157 0.100926 0.030230 0.112963 0.621390 1654.000000 1080.000000
0 3197 0.309855 0.100926 0.029625 0.112963 0.652850 1654.000000 1080.000000
0 3198 0.309855 0.100926 0.029625 0.112963 0.678860 1654.000000 1080.000000
0 3199 0.309553 0.100926 0.030230 0.112963 0.697590 1654.000000 1080.000000
0 3200 0.309250 0.100926 0.029625 0.112963 0.718370 1654.000000 1080.000000
0 3201 0.309250 0.100926 0.029625 0.112963 0.751220 1654.000000 1080.000000
0 3202 0.308646 0.100000 0.029625 0.112963 0.757070 1654.000000 1080.000000
0 3203 0.308646 0.100000 0.029625 0.112963 0.788290 1654.000000 1080.000000
0 3204 0.308646 0.100000 0.029625 0.112963 0.806180 1654.000000 1080.000000
0 3205 0.308041 0.100000 0.029625 0.112963 0.828940 1654.000000 1080.000000
0 3206 0.308041 0.100000 0.029625 0.112963 0.847320 1654.000000 1080.000000
0 3207 0.308041 0.100000 0.029625 0.112963 0.890570 1654.000000 1080.000000
0 3208 0.308041 0.099074 0.029625 0.112963 0.916750 1654.000000 1080.000000
0 3209 0.308041 0.098148 0.029625 0.112963 0.957720 1654.000000 1080.000000
0 3210 0.308041 0.098148 0.029625 0.112963 0.962440 1654.000000 1080.000000
0 3211 0.308041 0.097222 0.029625 0.112963 0.969270 1654.000000 1080.000000
0 3212 0.308343 0.097222 0.030230 0.112963 0.968440 1654.000000 1080.000000
0 3213 0.308343 0.096296 0.030230 0.112963 0.974330 1654.000000 1080.000000
0 3214 0.308646 0.096296 0.029625 0.112963 0.980490 1654.000000 1080.000000
0 3215 0.308646 0.095370 0.029625 0.112963 0.984390 1654.000000 1080.000000
0 3216 0.308948 0.095370 0.030230 0.112963 0.988040 1654.000000 1080.000000
0 3217 0.308948 0.094444 0.030230 0.112963 0.995860 1654.000000 1080.000000
0 3218 0.308948 0.094444 0.030230 0.112963 1.000000 1654.000000 1080.000000
0 3219 0.308948 0.093519 0.030230 0.112963 1.000000 1654.000000 1080.000000
0 3220 0.309553 0.093519 0.030230 0.112963 1.000000 1654.000000 1080.000000
0 3221 0.309553 0.092593 0.030230 0.112963 1.000000 1654.000000 1080.000000
0 3222 0.309553 0.092593 0.030230 0.112963 1.000000 1654.000000 1080.000000
0 3223 0.309553 0.091667 0.030230 0.112963 1.000000 1654.000000 1080.000000
0 3224 0.310157 0.091667 0.030230 0.112963 1.000000 1654.000000 1080.000000
0 3225 0.310157 0.090741 0.030230 0.112963 1.000000 1654.000000 1080.000000
0 3226 0.310157 0.090741 0.030230 0.112963 1.000000 1654.000000 1080.000000
0 3227 0.310762 0.089815 0.030230 0.112963 1.000000 1654.000000 1080.000000
0 3228 0.310762 0.089815 0.030230 0.112963 1.000000 1654.000000 1080.000000
0 3229 0.310762 0.088889 0.030230 0.112963 1.000000 1654.000000 1080.000000
0 3230 0.311366 0.088889 0.030230 0.112963 1.000000 1654.000000 1080.000000
0 3231 0.311366 0.087963 0.030230 0.112963 1.000000 1654.000000 1080.000000
0 3232 0.311366 0.087963 0.030230 0.112963 1.000000 1654.000000 1080.000000
0 3233 0.311971 0.087963 0.030230 0.112963 1.000000 1654.000000 1080.000000
0 3234 0.311366 0.087037 0.030230 0.112963 1.000000 1654.000000 1080.000000
0 3235 0.311366 0.087037 0.030230 0.112963 1.000000 1654.000000 1080.000000
0 3236 0.311366 0.087037 0.030230 0.112963 1.000000 1654.000000 1080.000000
0 3237 0.310762 0.086111 0.030230 0.112963 1.000000 1654.000000 1080.000000
0 3238 0.310762 0.086111 0.030230 0.112963 1.000000 1654.000000 1080.000000
0 3239 0.310762 0.086111 0.030230 0.112963 1.000000 1654.000000 1080.000000
0 3240 0.310762 0.086111 0.030230 0.112963 1.000000 1654.000000 1080.000000
0 3241 0.310157 0.085185 0.030230 0.112963 1.000000 1654.000000 1080.000000
0 3242 0.310157 0.085185 0.030230 0.112963 1.000000 1654.000000 1080.000000
0 3243 0.310157 0.085185 0.030230 0.112963 1.000000 1654.000000 1080.000000
0 3244 0.310157 0.085185 0.030230 0.112963 1.000000 1654.000000 1080.000000
0 3245 0.309553 0.084259 0.030230 0.112963 1.000000 1654.000000 1080.000000
0 3246 0.309553 0.084259 0.030230 0.112963 1.000000 1654.000000 1080.000000
0 3247 0.309553 0.084259 0.030230 0.112963 1.000000 1654.000000 1080.000000
0 3248 0.309553 0.084259 0.030230 0.112963 1.000000 1654.000000 1080.000000
0 3249 0.309553 0.083333 0.030230 0.112963 1.000000 1654.000000 1080.000000
0 3250 0.310157 0.083333 0.030230 0.112963 1.000000 1654.000000 1080.000000
0 3251 0.310157 0.083333 0.030230 0.112963 1.000000 1654.000000 1080.000000
0 3252 0.310762 0.082407 0.030230 0.112963 0.666670 1654.000000 1080.000000
0 3253 0.310762 0.082407 0.030230 0.112963 0.666670 1654.000000 1080.000000
0 3254 0.311366 0.082407 0.030230 0.112963 0.686270 1654.000000 1080.000000
0 3255 0.311971 0.082407 0.030230 0.112963 0.705880 1654.000000 1080.000000
0 3256 0.311971 0.082407 0.030230 0.112963 0.705880 1654.000000 1080.000000
0 3257 0.311971 0.082407 0.030230 0.112963 0.705880 1654.000000 1080.000000
0 3258 0.311971 0.083333 0.030230 0.112963 0.705880 1654.000000 1080.000000
0 3259 0.311971 0.083333 0.030230 0.112963 0.686270 1654.000000 1080.000000
0 3260 0.311971 0.084259 0.030230 0.112963 0.686270 1654.000000 1080.000000
0 3261 0.311971 0.084259 0.030230 0.112963 0.666670 1654.000000 1080.000000
0 3262 0.311971 0.085185 0.030230 0.112963 0.661250 1654.000000 1080.000000
0 3263 0.311366 0.085185 0.030230 0.112963 0.617250 1654.000000 1080.000000
0 3264 0.311366 0.085185 0.030230 0.112963 0.607050 1654.000000 1080.000000
0 3265 0.311366 0.085185 0.030230 0.112963 0.578190 1654.000000 1080.000000
0 3266 0.311366 0.086111 0.030230 0.112963 0.563370 1654.000000 1080.000000
0 3267 0.310762 0.086111 0.030230 0.112963 0.517770 1654.000000 1080.000000
0 3268 0.310762 0.086111 0.030230 0.112963 0.508530 1654.000000 1080.000000
0 3269 0.310762 0.087037 0.030230 0.112963 0.482070 1654.000000 1080.000000
0 3270 0.310762 0.087037 0.030230 0.112963 0.473140 1654.000000 1080.000000
0 3271 0.310157 0.087037 0.030230 0.112963 0.431050 1654.000000 1080.000000
0 3272 0.310157 0.087037 0.030230 0.112963 0.422760 1654.000000 1080.000000
0 3273 0.310157 0.087963 0.030230 0.112963 0.394550 1654.000000 1080.000000
0 3274 0.310157 0.087963 0.030230 0.112963 0.386580 1654.000000 1080.000000
0 3275 0.309553 0.087963 0.030230 0.112963 0.360590 1654.000000 1080.000000
0 3276 0.309553 0.088889 0.030230 0.112963 0.368880 1654.000000 1080.000000
0 3277 0.309553 0.088889 0.030230 0.112963 0.368880 1654.000000 1080.000000
0 3278 0.309553 0.088889 0.030230 0.112963 0.364260 1654.000000 1080.000000
0 3279 0.309553 0.089815 0.030230 0.112963 0.360590 1654.000000 1080.000000
0 3280 0.308948 0.089815 0.030230 0.112963 0.337320 1654.000000 1080.000000
0 3281 0.308948 0.089815 0.030230 0.112963 0.337320 1654.000000 1080.000000
0 3282 0.308948 0.089815 0.030230 0.112963 0.337320 1654.000000 1080.000000
0 3283 0.308948 0.089815 0.030230 0.112963 0.337320 1654.000000 1080.000000
0 3284 0.308948 0.089815 0.030230 0.112963 0.329990 1654.000000 1080.000000
0 3285 0.308948 0.089815 0.030230 0.112963 0.322650 1654.000000 1080.000000
0 3286 0.308948 0.089815 0.030230 0.112963 0.324730 1654.000000 1080.000000
0 3287 0.308646 0.089815 0.029625 0.112963 0.316420 1654.000000 1080.000000
0 3288 0.308646 0.089815 0.029625 0.112963 0.336420 1654.000000 1080.000000
0 3289 0.308646 0.089815 0.029625 0.112963 0.340000 1654.000000 1080.000000
0 3290 0.308343 0.089815 0.030230 0.112963 0.334450 1654.000000 1080.000000
0 3291 0.308343 0.089815 0.030230 0.112963 0.355810 1654.000000 1080.000000
0 3292 0.308343 0.089815 0.030230 0.112963 0.360590 1654.000000 1080.000000
0 3293 0.308343 0.089815 0.030230 0.112963 0.363460 1654.000000 1080.000000
0 3294 0.308041 0.089815 0.029625 0.112963 0.362440 1654.000000 1080.000000
0 3295 0.308041 0.089815 0.029625 0.112963 0.388780 1654.000000 1080.000000
0 3296 0.308041 0.089815 0.029625 0.112963 0.393820 1654.000000 1080.000000
0 3297 0.308041 0.089815 0.029625 0.112963 0.399510 1654.000000 1080.000000
0 3298 0.308041 0.089815 0.029625 0.112963 0.427150 1654.000000 1080.000000
0 3299 0.308041 0.089815 0.029625 0.112963 0.435120 1654.000000 1080.000000
0 3300 0.308041 0.089815 0.029625 0.112963 0.432850 1654.000000 1080.000000
0 3301 0.308041 0.090741 0.029625 0.112963 0.451220 1654.000000 1080.000000
0 3302 0.307437 0.091667 0.029625 0.112963 0.440330 1654.000000 1080.000000
0 3303 0.306832 0.092593 0.029625 0.112963 0.429760 1654.000000 1080.000000
0 3304 0.306530 0.093981 0.030230 0.112037 0.410480 1654.000000 1080.000000
0 3305 0.306227 0.094907 0.029625 0.112037 0.388520 1654.000000 1080.000000
0 3306 0.305623 0.095833 0.029625 0.112037 0.407540 1654.000000 1080.000000
0 3307 0.305320 0.097222 0.030230 0.111111 0.418410 1654.000000 1080.000000
0 3308 0.304716 0.098148 0.030230 0.111111 0.417920 1654.000000 1080.000000
0 3309 0.304716 0.099537 0.030230 0.110185 0.436760 1654.000000 1080.000000
0 3310 0.305320 0.100463 0.030230 0.110185 0.444440 1654.000000 1080.000000
0 3311 0.305925 0.101389 0.030230 0.110185 0.466670 1654.000000 1080.000000
0 3312 0.307134 0.102315 0.030230 0.110185 0.509800 1654.000000 1080.000000
0 3313 0.307739 0.103241 0.030230 0.110185 0.529410 1654.000000 1080.000000
0 3314 0.308343 0.104167 0.030230 0.110185 0.000000 1654.000000 1080.000000
0 3315 0.309553 0.105093 0.030230 0.110185 0.000000 1654.000000 1080.000000
