0 1706 0.002116 0.125926 0.003023 0.125926 1.000000 1654.000000 1080.000000
0 1707 0.002721 0.125000 0.004232 0.125926 1.000000 1654.000000 1080.000000
0 1708 0.003325 0.124074 0.005441 0.125926 1.000000 1654.000000 1080.000000
0 1709 0.003628 0.123148 0.006046 0.125926 1.000000 1654.000000 1080.000000
0 1710 0.004232 0.122222 0.007255 0.125926 1.000000 1654.000000 1080.000000
0 1711 0.004837 0.121296 0.008464 0.125926 1.000000 1654.000000 1080.000000
0 1712 0.005441 0.120370 0.009674 0.125926 1.000000 1654.000000 1080.000000
0 1713 0.005744 0.119444 0.010278 0.125926 1.000000 1654.000000 1080.000000
0 1714 0.006348 0.118519 0.011487 0.125926 1.000000 1654.000000 1080.000000
0 1715 0.006953 0.117593 0.012696 0.125926 1.000000 1654.000000 1080.000000
0 1716 0.007255 0.116667 0.013301 0.125926 1.000000 1654.000000 1080.000000
0 1717 0.007860 0.115741 0.014510 0.125926 1.000000 1654.000000 1080.000000
0 1718 0.008464 0.114815 0.015719 0.125926 1.000000 1654.000000 1080.000000
0 1719 0.008767 0.113889 0.016324 0.125926 1.000000 1654.000000 1080.000000
0 1720 0.009371 0.112963 0.017533 0.125926 1.000000 1654.000000 1080.000000
0 1721 0.009976 0.112037 0.018742 0.125926 1.000000 1654.000000 1080.000000
0 1722 0.010580 0.111111 0.019952 0.125926 1.000000 1654.000000 1080.000000
0 1723 0.010883 0.110185 0.020556 0.125926 1.000000 1654.000000 1080.000000
0 1724 0.011487 0.109259 0.021765 0.125926 1.000000 1654.000000 1080.000000
0 1725 0.012092 0.108333 0.022975 0.125926 1.000000 1654.000000 1080.000000
0 1726 0.012394 0.107407 0.023579 0.125926 1.000000 1654.000000 1080.000000
0 1727 0.012999 0.106481 0.024788 0.125926 1.000000 1654.000000 1080.000000
0 1728 0.013603 0.105556 0.025998 0.125926 1.000000 1654.000000 1080.000000
0 1729 0.014208 0.104630 0.027207 0.125926 1.000000 1654.000000 1080.000000
0 1730 0.014510 0.103704 0.027811 0.125926 1.000000 1654.000000 1080.000000
0 1731 0.014813 0.102778 0.028416 0.125926 1.000000 1654.000000 1080.000000
0 1732 0.015115 0.101852 0.029021 0.125926 1.000000 1654.000000 1080.000000
0 1733 0.015417 0.100926 0.029625 0.125926 1.000000 1654.000000 1080.000000
0 1734 0.015719 0.100000 0.030230 0.125926 1.000000 1654.000000 1080.000000
0 1735 0.016022 0.099074 0.030834 0.125926 1.000000 1654.000000 1080.000000
0 1736 0.016324 0.098148 0.031439 0.125926 1.000000 1654.000000 1080.000000
0 1737 0.016626 0.097222 0.032044 0.125926 1.000000 1654.000000 1080.000000
0 1738 0.016929 0.096296 0.032648 0.125926 1.000000 1654.000000 1080.000000
0 1739 0.017231 0.095370 0.033253 0.125926 1.000000 1654.000000 1080.000000
0 1740 0.017533 0.094444 0.033857 0.125926 0.993080 1654.000000 1080.000000
0 1741 0.017836 0.093519 0.034462 0.125926 0.986660 1654.000000 1080.000000
0 1742 0.018138 0.092593 0.035067 0.125926 0.980700 1654.000000 1080.000000
0 1743 0.018440 0.091667 0.035671 0.125926 0.975180 1654.000000 1080.000000
0 1744 0.018742 0.090741 0.036276 0.125926 0.970080 1654.000000 1080.000000
0 1745 0.019045 0.089815 0.036880 0.125926 0.965390 1654.000000 1080.000000
0 1746 0.019347 0.088889 0.037485 0.125926 0.961070 1654.000000 1080.000000
0 1747 0.019649 0.087963 0.038089 0.125926 0.957120 1654.000000 1080.000000
0 1748 0.019952 0.087037 0.038694 0.125926 0.953510 1654.000000 1080.000000
0 1749 0.020254 0.087037 0.039299 0.125926 0.949130 1654.000000 1080.000000
0 1750 0.020859 0.085185 0.039299 0.125926 0.946470 1654.000000 1080.000000
0 1751 0.022068 0.083333 0.039299 0.125926 0.939620 1654.000000 1080.000000
0 1752 0.022672 0.082407 0.039299 0.125926 0.936520 1654.000000 1080.000000
0 1753 0.023881 0.080556 0.039299 0.125926 0.929220 1654.000000 1080.000000
0 1754 0.024486 0.079630 0.039299 0.125926 0.926680 1654.000000 1080.000000
0 1755 0.025695 0.077778 0.039299 0.125926 0.922250 1654.000000 1080.000000
0 1756 0.026300 0.076852 0.039299 0.125926 0.920370 1654.000000 1080.000000
0 1757 0.027509 0.075000 0.039299 0.125926 0.917270 1654.000000 1080.000000
0 1758 0.028114 0.074074 0.039299 0.125926 0.916060 1654.000000 1080.000000
0 1759 0.029323 0.072222 0.039299 0.125926 0.914290 1654.000000 1080.000000
0 1760 0.029927 0.071296 0.039299 0.125926 0.913740 1654.000000 1080.000000
0 1761 0.031137 0.069444 0.039299 0.125926 0.913290 1654.000000 1080.000000
0 1762 0.032346 0.068519 0.039299 0.125926 0.910420 1654.000000 1080.000000
0 1763 0.032950 0.067130 0.039299 0.125000 0.913660 1654.000000 1080.000000
0 1764 0.033555 0.066204 0.039299 0.123148 0.916780 1654.000000 1080.000000
0 1765 0.034160 0.065741 0.039299 0.122222 0.917290 1654.000000 1080.000000
0 1766 0.034764 0.064815 0.039299 0.120370 0.921350 1654.000000 1080.000000
0 1767 0.035369 0.063889 0.039299 0.120370 0.923090 1654.000000 1080.000000
0 1768 0.035973 0.062963 0.039299 0.118519 0.928120 1654.000000 1080.000000
0 1769 0.036578 0.062037 0.039299 0.116667 0.933790 1654.000000 1080.000000
0 1770 0.037183 0.061574 0.039299 0.115741 0.936030 1654.000000 1080.000000
0 1771 0.037787 0.060185 0.039299 0.114815 0.943270 1654.000000 1080.000000
0 1772 0.038392 0.059722 0.039299 0.113889 0.946240 1654.000000 1080.000000
0 1773 0.039601 0.058796 0.039299 0.112037 0.953060 1654.000000 1080.000000
0 1774 0.040206 0.057870 0.039299 0.110185 0.961990 1654.000000 1080.000000
0 1775 0.040810 0.057407 0.039299 0.109259 0.966390 1654.000000 1080.000000
0 1776 0.041415 0.056019 0.039299 0.108333 0.976890 1654.000000 1080.000000
0 1777 0.042019 0.055556 0.039299 0.107407 0.982130 1654.000000 1080.000000
0 1778 0.042624 0.054630 0.039299 0.105556 0.993810 1654.000000 1080.000000
0 1779 0.043229 0.053704 0.039299 0.103704 1.000000 1654.000000 1080.000000
0 1780 0.043833 0.052778 0.039299 0.103704 1.000000 1654.000000 1080.000000
0 1781 0.044438 0.051852 0.039299 0.101852 1.000000 1654.000000 1080.000000
0 1782 0.045042 0.051389 0.039299 0.100926 1.000000 1654.000000 1080.000000
0 1783 0.045647 0.050463 0.039299 0.099074 1.000000 1654.000000 1080.000000
0 1784 0.046856 0.050000 0.039299 0.098148 1.000000 1654.000000 1080.000000
0 1785 0.047461 0.049537 0.039299 0.097222 1.000000 1654.000000 1080.000000
0 1786 0.048065 0.049074 0.039299 0.096296 1.000000 1654.000000 1080.000000
0 1787 0.048670 0.048611 0.039299 0.095370 1.000000 1654.000000 1080.000000
0 1788 0.049274 0.048148 0.039299 0.094444 1.000000 1654.000000 1080.000000
0 1789 0.049879 0.047685 0.039299 0.093519 1.000000 1654.000000 1080.000000
0 1790 0.050484 0.047222 0.039299 0.092593 1.000000 1654.000000 1080.000000
0 1791 0.051088 0.046759 0.039299 0.091667 1.000000 1654.000000 1080.000000
0 1792 0.051693 0.046296 0.039299 0.090741 1.000000 1654.000000 1080.000000
0 1793 0.052297 0.045833 0.039299 0.089815 1.000000 1654.000000 1080.000000
0 1794 0.052902 0.045370 0.039299 0.088889 1.000000 1654.000000 1080.000000
0 1795 0.053507 0.044907 0.039299 0.087963 0.606060 1654.000000 1080.000000
0 1796 0.054111 0.044444 0.039299 0.087037 0.621210 1654.000000 1080.000000
0 1797 0.054716 0.043981 0.039299 0.086111 0.636360 1654.000000 1080.000000
0 1798 0.055320 0.043519 0.039299 0.085185 0.651520 1654.000000 1080.000000
0 1799 0.055925 0.043056 0.039299 0.084259 0.666670 1654.000000 1080.000000
0 1800 0.056530 0.043056 0.039299 0.084259 0.681820 1654.000000 1080.000000
0 1801 0.057437 0.042130 0.039903 0.082407 0.701490 1654.000000 1080.000000
0 1802 0.057437 0.041667 0.039903 0.081481 0.701490 1654.000000 1080.000000
0 1803 0.057739 0.041667 0.039299 0.081481 0.712120 1654.000000 1080.000000
0 1804 0.058343 0.041667 0.039299 0.081481 0.712120 1654.000000 1080.000000
0 1805 0.058343 0.041667 0.039299 0.081481 0.712120 1654.000000 1080.000000
0 1806 0.058948 0.041204 0.039299 0.080556 0.712120 1654.000000 1080.000000
0 1807 0.059250 0.041204 0.038694 0.080556 0.723080 1654.000000 1080.000000
0 1808 0.059855 0.041204 0.038694 0.080556 0.723080 1654.000000 1080.000000
0 1809 0.059855 0.041204 0.038694 0.080556 0.723080 1654.000000 1080.000000
0 1810 0.060459 0.041204 0.038694 0.080556 0.738460 1654.000000 1080.000000
0 1811 0.060762 0.040741 0.038089 0.079630 0.750000 1654.000000 1080.000000
0 1812 0.061064 0.040741 0.037485 0.079630 0.761900 1654.000000 1080.000000
0 1813 0.061366 0.040741 0.038089 0.079630 0.765620 1654.000000 1080.000000
0 1814 0.061669 0.040741 0.037485 0.079630 0.777780 1654.000000 1080.000000
0 1815 0.062273 0.040278 0.037485 0.078704 0.793650 1654.000000 1080.000000
0 1816 0.062576 0.040278 0.036880 0.078704 0.806450 1654.000000 1080.000000
0 1817 0.062878 0.040278 0.037485 0.078704 0.809520 1654.000000 1080.000000
0 1818 0.063180 0.040278 0.036880 0.078704 0.806450 1654.000000 1080.000000
0 1819 0.063785 0.040278 0.036880 0.078704 0.822580 1654.000000 1080.000000
0 1820 0.064087 0.039815 0.036276 0.077778 0.836070 1654.000000 1080.000000
0 1821 0.064087 0.039815 0.036276 0.077778 0.836070 1654.000000 1080.000000
0 1822 0.064692 0.039815 0.036276 0.077778 0.836070 1654.000000 1080.000000
0 1823 0.064994 0.039815 0.035671 0.077778 0.850000 1654.000000 1080.000000
0 1824 0.065599 0.039352 0.035671 0.076852 0.866670 1654.000000 1080.000000
0 1825 0.065599 0.039352 0.035671 0.076852 0.850000 1654.000000 1080.000000
0 1826 0.066203 0.039352 0.035671 0.076852 0.866670 1654.000000 1080.000000
0 1827 0.066505 0.039352 0.035067 0.076852 0.881360 1654.000000 1080.000000
0 1828 0.067110 0.039352 0.035067 0.076852 0.881360 1654.000000 1080.000000
0 1829 0.066505 0.038426 0.035067 0.075000 0.864410 1654.000000 1080.000000
0 1830 0.066203 0.037963 0.034462 0.074074 0.862070 1654.000000 1080.000000
0 1831 0.065599 0.037037 0.034462 0.072222 0.827590 1654.000000 1080.000000
0 1832 0.065296 0.036574 0.033857 0.071296 0.842110 1654.000000 1080.000000
0 1833 0.064692 0.036111 0.033857 0.070370 0.824560 1654.000000 1080.000000
0 1834 0.064389 0.035185 0.033253 0.068519 0.821430 1654.000000 1080.000000
0 1835 0.063785 0.034722 0.033253 0.067593 0.803570 1654.000000 1080.000000
0 1836 0.063482 0.034259 0.032648 0.066667 0.800000 1654.000000 1080.000000
0 1837 0.063180 0.033333 0.032044 0.064815 0.796300 1654.000000 1080.000000
0 1838 0.062576 0.032870 0.032044 0.063889 0.777780 1654.000000 1080.000000
0 1839 0.062273 0.031944 0.031439 0.062037 0.773580 1654.000000 1080.000000
0 1840 0.061669 0.031481 0.031439 0.061111 0.754720 1654.000000 1080.000000
0 1841 0.061366 0.031019 0.030834 0.060185 0.750000 1654.000000 1080.000000
0 1842 0.060762 0.030093 0.030834 0.058333 0.730770 1654.000000 1080.000000
0 1843 0.060459 0.029630 0.030230 0.057407 0.725490 1654.000000 1080.000000
0 1844 0.060459 0.029167 0.030230 0.056481 0.725490 1654.000000 1080.000000
0 1845 0.059250 0.028704 0.030230 0.055556 0.686270 1654.000000 1080.000000
0 1846 0.058041 0.028241 0.030230 0.054630 0.647060 1654.000000 1080.000000
0 1847 0.056832 0.027778 0.030230 0.053704 0.607840 1654.000000 1080.000000
0 1848 0.055623 0.027315 0.030230 0.052778 0.568630 1654.000000 1080.000000
0 1849 0.054414 0.026852 0.030230 0.051852 0.529410 1654.000000 1080.000000
0 1850 0.053204 0.026389 0.030230 0.050926 0.490200 1654.000000 1080.000000
0 1851 0.051995 0.025926 0.030230 0.050000 0.431370 1654.000000 1080.000000
0 1852 0.050786 0.025463 0.030230 0.049074 0.392160 1654.000000 1080.000000
0 1853 0.050181 0.025463 0.030230 0.049074 0.372550 1654.000000 1080.000000
0 1854 0.048972 0.025000 0.030230 0.048148 0.333330 1654.000000 1080.000000
0 1855 0.047763 0.024537 0.030230 0.047222 0.274510 1654.000000 1080.000000
0 1856 0.046554 0.024074 0.030230 0.046296 0.235290 1654.000000 1080.000000
0 1857 0.045345 0.023611 0.030230 0.045370 0.196080 1654.000000 1080.000000
0 1858 0.044135 0.023148 0.030230 0.044444 0.156860 1654.000000 1080.000000
0 1859 0.042926 0.022685 0.030230 0.043519 0.098039 1654.000000 1080.000000
0 1860 0.041717 0.022222 0.030230 0.042593 0.058824 1654.000000 1080.000000
