0 1768 0.613059 0.986574 0.029021 0.028704 0.177930 1654.000000 1080.000000
0 1769 0.609734 0.985648 0.029625 0.030556 0.291180 1654.000000 1080.000000
0 1770 0.607013 0.984722 0.030230 0.032407 0.381260 1654.000000 1080.000000
0 1771 0.604293 0.983796 0.030834 0.034259 0.468120 1654.000000 1080.000000
0 1772 0.601270 0.982870 0.032044 0.036111 0.559720 1654.000000 1080.000000
0 1773 0.598247 0.981944 0.032044 0.037963 0.650790 1654.000000 1080.000000
0 1774 0.595526 0.981019 0.032648 0.039815 0.728510 1654.000000 1080.000000
0 1775 0.592503 0.980093 0.033857 0.041667 0.755150 1654.000000 1080.000000
0 1776 0.589782 0.979167 0.034462 0.043519 0.742820 1654.000000 1080.000000
0 1777 0.587062 0.978241 0.035067 0.045370 0.747460 1654.000000 1080.000000
0 1778 0.583736 0.977778 0.035671 0.046296 0.686270 1654.000000 1080.000000
0 1779 0.581016 0.976852 0.036276 0.048148 0.627280 1654.000000 1080.000000
0 1780 0.578295 0.975926 0.036880 0.050000 0.554250 1654.000000 1080.000000
0 1781 0.575272 0.975000 0.038089 0.051852 0.475880 1654.000000 1080.000000
0 1782 0.572551 0.974074 0.038694 0.053704 0.423470 1654.000000 1080.000000
0 1783 0.569528 0.973148 0.038694 0.055556 0.348050 1654.000000 1080.000000
0 1784 0.566505 0.972222 0.039903 0.057407 0.293770 1654.000000 1080.000000
0 1785 0.563785 0.971296 0.040508 0.059259 0.231670 1654.000000 1080.000000
0 1786 0.561064 0.970370 0.041112 0.061111 0.171320 1654.000000 1080.000000
0 1787 0.558343 0.969907 0.041717 0.062037 0.126680 1654.000000 1080.000000
0 1788 0.555623 0.968981 0.041112 0.063889 0.057143 1654.000000 1080.000000
0 1789 0.553204 0.968519 0.041112 0.064815 0.014289 1654.000000 1080.000000
0 1790 0.550484 0.967593 0.040508 0.066667 0.014504 1654.000000 1080.000000
0 1791 0.548065 0.967130 0.040508 0.067593 0.072536 1654.000000 1080.000000
0 1792 0.545647 0.966204 0.040508 0.069444 0.116100 1654.000000 1080.000000
0 1793 0.542926 0.965741 0.039903 0.070370 0.176780 1654.000000 1080.000000
0 1794 0.540508 0.965278 0.039903 0.071296 0.235740 1654.000000 1080.000000
0 1795 0.538089 0.964352 0.039903 0.073148 0.280040 1654.000000 1080.000000
0 1796 0.535369 0.963889 0.039299 0.074074 0.344180 1654.000000 1080.000000
0 1797 0.532950 0.962963 0.039299 0.075926 0.389190 1654.000000 1080.000000
0 1798 0.530532 0.962500 0.039299 0.076852 0.449130 1654.000000 1080.000000
0 1799 0.527811 0.961574 0.038694 0.078704 0.501790 1654.000000 1080.000000
0 1800 0.525393 0.961111 0.038694 0.079630 0.562690 1654.000000 1080.000000
0 1801 0.522975 0.960648 0.038694 0.080556 0.623600 1654.000000 1080.000000
0 1802 0.519952 0.960185 0.038694 0.081481 0.988760 1654.000000 1080.000000
0 1803 0.517533 0.959722 0.038694 0.082407 0.988890 1654.000000 1080.000000
0 1804 0.514510 0.959722 0.038694 0.082407 0.988890 1654.000000 1080.000000
0 1805 0.512092 0.959259 0.038694 0.083333 0.989010 1654.000000 1080.000000
0 1806 0.509069 0.958796 0.038694 0.084259 0.989130 1654.000000 1080.000000
0 1807 0.506651 0.958796 0.038694 0.084259 0.989130 1654.000000 1080.000000
0 1808 0.503628 0.958333 0.038694 0.085185 0.976670 1654.000000 1080.000000
0 1809 0.500605 0.958333 0.038694 0.085185 0.938960 1654.000000 1080.000000
0 1810 0.498186 0.957870 0.038694 0.086111 0.912770 1654.000000 1080.000000
0 1811 0.495163 0.957870 0.038694 0.086111 0.880850 1654.000000 1080.000000
0 1812 0.492745 0.957407 0.038694 0.087037 0.850530 1654.000000 1080.000000
0 1813 0.489722 0.957407 0.038694 0.087037 0.818950 1654.000000 1080.000000
0 1814 0.487304 0.957407 0.038694 0.087037 0.798700 1654.000000 1080.000000
0 1815 0.484281 0.956944 0.038694 0.087963 0.770350 1654.000000 1080.000000
0 1816 0.481862 0.956481 0.038694 0.088889 0.754960 1654.000000 1080.000000
0 1817 0.479141 0.956019 0.039299 0.089815 0.732370 1654.000000 1080.000000
0 1818 0.476421 0.955556 0.038694 0.090741 0.706140 1654.000000 1080.000000
0 1819 0.473700 0.955093 0.039299 0.091667 0.628640 1654.000000 1080.000000
0 1820 0.471282 0.954630 0.039299 0.092593 0.568560 1654.000000 1080.000000
0 1821 0.468863 0.954630 0.039299 0.092593 0.498800 1654.000000 1080.000000
0 1822 0.466445 0.955093 0.039299 0.091667 0.433330 1654.000000 1080.000000
0 1823 0.464027 0.955556 0.039299 0.090741 0.382000 1654.000000 1080.000000
0 1824 0.461608 0.956019 0.039299 0.089815 0.336430 1654.000000 1080.000000
0 1825 0.459190 0.956481 0.039299 0.088889 0.289910 1654.000000 1080.000000
0 1826 0.456771 0.956944 0.039299 0.087963 0.238640 1654.000000 1080.000000
0 1827 0.454353 0.957407 0.039299 0.087037 0.177990 1654.000000 1080.000000
0 1828 0.452539 0.957870 0.039299 0.086111 0.139910 1654.000000 1080.000000
0 1829 0.450121 0.958333 0.039299 0.085185 0.089443 1654.000000 1080.000000
0 1830 0.447703 0.958796 0.039299 0.084259 0.039526 1654.000000 1080.000000
0 1831 0.445284 0.959259 0.039299 0.083333 0.000000 1654.000000 1080.000000
0 1832 0.442866 0.959722 0.039299 0.082407 0.000000 1654.000000 1080.000000
0 1833 0.440447 0.960185 0.039299 0.081481 0.000000 1654.000000 1080.000000
0 1834 0.438634 0.960648 0.039299 0.080556 0.000000 1654.000000 1080.000000
0 1835 0.435611 0.960648 0.039299 0.080556 0.000000 1654.000000 1080.000000
0 1836 0.432890 0.960648 0.039903 0.080556 0.000000 1654.000000 1080.000000
0 1837 0.430169 0.961111 0.039299 0.079630 0.000000 1654.000000 1080.000000
0 1838 0.427449 0.961111 0.039903 0.079630 0.000000 1654.000000 1080.000000
0 1839 0.424728 0.961574 0.039299 0.078704 0.000000 1654.000000 1080.000000
0 1840 0.422007 0.961574 0.039903 0.078704 0.000000 1654.000000 1080.000000
0 1841 0.418984 0.961574 0.039903 0.078704 0.000000 1654.000000 1080.000000
0 1842 0.416566 0.962037 0.039903 0.077778 0.000000 1654.000000 1080.000000
0 1843 0.413543 0.962037 0.039903 0.077778 0.000000 1654.000000 1080.000000
0 1844 0.411125 0.962500 0.039903 0.076852 0.000000 1654.000000 1080.000000
0 1845 0.408706 0.961574 0.039903 0.076852 0.000000 1654.000000 1080.000000
0 1846 0.406892 0.961574 0.039903 0.076852 0.000000 1654.000000 1080.000000
0 1847 0.404776 0.961574 0.039299 0.076852 0.000000 1654.000000 1080.000000
0 1848 0.402963 0.961574 0.039299 0.076852 0.000000 1654.000000 1080.000000
0 1849 0.400846 0.961574 0.039903 0.076852 0.000000 1654.000000 1080.000000
0 1850 0.398730 0.961574 0.039299 0.076852 0.000000 1654.000000 1080.000000
0 1851 0.396917 0.961574 0.039299 0.076852 0.015152 1654.000000 1080.000000
0 1852 0.395103 0.961574 0.039299 0.076852 0.090909 1654.000000 1080.000000
0 1853 0.393289 0.962037 0.039299 0.075926 0.136360 1654.000000 1080.000000
0 1854 0.391475 0.962963 0.039299 0.074074 0.181820 1654.000000 1080.000000
0 1855 0.389661 0.963889 0.039299 0.072222 0.227270 1654.000000 1080.000000
0 1856 0.387848 0.964815 0.039299 0.070370 0.272730 1654.000000 1080.000000
0 1857 0.386336 0.965741 0.039903 0.068519 0.268660 1654.000000 1080.000000
0 1858 0.384522 0.966667 0.039903 0.066667 0.253730 1654.000000 1080.000000
0 1859 0.382709 0.967593 0.039903 0.064815 0.223880 1654.000000 1080.000000
0 1860 0.380895 0.968519 0.039903 0.062963 0.208960 1654.000000 1080.000000
0 1861 0.379686 0.969907 0.039903 0.062037 0.985290 1654.000000 1080.000000
0 1862 0.377267 0.969444 0.039903 0.061111 0.179100 1654.000000 1080.000000
0 1863 0.375453 0.969444 0.039903 0.061111 0.149250 1654.000000 1080.000000
0 1864 0.373337 0.969444 0.039299 0.061111 0.136360 1654.000000 1080.000000
0 1865 0.371524 0.969444 0.039299 0.061111 0.106060 1654.000000 1080.000000
0 1866 0.369407 0.969444 0.039903 0.061111 0.074627 1654.000000 1080.000000
0 1867 0.367291 0.969444 0.039299 0.061111 0.060606 1654.000000 1080.000000
0 1868 0.365478 0.969444 0.039299 0.061111 0.060606 1654.000000 1080.000000
0 1869 0.363664 0.969444 0.039299 0.061111 0.060606 1654.000000 1080.000000
0 1870 0.361548 0.969444 0.038694 0.061111 0.000000 1654.000000 1080.000000
0 1871 0.359432 0.969444 0.039299 0.061111 0.000000 1654.000000 1080.000000
0 1872 0.357618 0.969444 0.039299 0.061111 0.000000 1654.000000 1080.000000
0 1873 0.355502 0.969444 0.038694 0.061111 0.000000 1654.000000 1080.000000
0 1874 0.353688 0.969444 0.038694 0.061111 0.000000 1654.000000 1080.000000
0 1875 0.351874 0.969907 0.038694 0.060185 0.000000 1654.000000 1080.000000
0 1876 0.350060 0.969907 0.038694 0.060185 0.000000 1654.000000 1080.000000
0 1877 0.348851 0.970370 0.038694 0.059259 0.000000 1654.000000 1080.000000
0 1878 0.347642 0.970833 0.038694 0.058333 0.000000 1654.000000 1080.000000
0 1879 0.346131 0.971296 0.039299 0.057407 0.000000 1654.000000 1080.000000
0 1880 0.344921 0.971759 0.039299 0.056481 0.015152 1654.000000 1080.000000
0 1881 0.343410 0.972222 0.038694 0.055556 0.076923 1654.000000 1080.000000
0 1882 0.342201 0.972685 0.038694 0.054630 0.123080 1654.000000 1080.000000
0 1883 0.340689 0.973148 0.039299 0.053704 0.151520 1654.000000 1080.000000
0 1884 0.339480 0.973611 0.039299 0.052778 0.196970 1654.000000 1080.000000
0 1885 0.338271 0.974074 0.039299 0.051852 0.242420 1654.000000 1080.000000
0 1886 0.337062 0.975000 0.039299 0.051852 0.982460 1654.000000 1080.000000
0 1887 0.335852 0.975000 0.038089 0.050000 0.296880 1654.000000 1080.000000
0 1888 0.334643 0.975926 0.036880 0.048148 0.338710 1654.000000 1080.000000
0 1889 0.333434 0.976389 0.035671 0.047222 0.383330 1654.000000 1080.000000
0 1890 0.332527 0.977315 0.035067 0.045370 0.355930 1654.000000 1080.000000
0 1891 0.331318 0.977778 0.033857 0.042593 0.333330 1654.000000 1080.000000
0 1892 0.330109 0.978241 0.032648 0.041667 0.290910 1654.000000 1080.000000
0 1893 0.328900 0.979167 0.031439 0.039815 0.264150 1654.000000 1080.000000
0 1894 0.328295 0.980093 0.030230 0.037963 0.235290 1654.000000 1080.000000
0 1895 0.325272 0.980556 0.030230 0.037037 0.156860 1654.000000 1080.000000
0 1896 0.322854 0.981019 0.030230 0.036111 0.098039 1654.000000 1080.000000
0 1897 0.319831 0.981481 0.030230 0.035185 0.000000 1654.000000 1080.000000
0 1898 0.317412 0.982870 0.030230 0.034259 0.000000 1654.000000 1080.000000
0 1899 0.314389 0.983333 0.030230 0.033333 0.000000 1654.000000 1080.000000
0 1900 0.311971 0.983796 0.030230 0.032407 0.000000 1654.000000 1080.000000
0 1901 0.309553 0.985185 0.030230 0.031481 0.971430 1654.000000 1080.000000
0 1902 0.306530 0.985185 0.030230 0.031481 0.971430 1654.000000 1080.000000
0 1903 0.303507 0.985648 0.030230 0.030556 0.000000 1654.000000 1080.000000
0 1904 0.300484 0.986111 0.030230 0.029630 0.076055 1654.000000 1080.000000
0 1905 0.297461 0.986574 0.030230 0.028704 0.170960 1654.000000 1080.000000
