0 1675 0.002418 0.391204 0.003628 0.137963 0.286670 1654.000000 1080.000000
0 1676 0.003325 0.389815 0.005441 0.137037 0.288590 1654.000000 1080.000000
0 1677 0.004232 0.388889 0.007255 0.137037 0.281880 1654.000000 1080.000000
0 1678 0.005139 0.387037 0.009069 0.137037 0.281880 1654.000000 1080.000000
0 1679 0.006046 0.386111 0.010883 0.137037 0.275170 1654.000000 1080.000000
0 1680 0.006953 0.385185 0.012696 0.137037 0.275170 1654.000000 1080.000000
0 1681 0.007557 0.383333 0.013906 0.137037 0.275170 1654.000000 1080.000000
0 1682 0.008464 0.382407 0.015719 0.137037 0.268460 1654.000000 1080.000000
0 1683 0.009069 0.381481 0.016929 0.137037 0.268460 1654.000000 1080.000000
0 1684 0.009976 0.380556 0.018742 0.137037 0.261740 1654.000000 1080.000000
0 1685 0.010580 0.379167 0.019952 0.137963 0.260000 1654.000000 1080.000000
0 1686 0.011487 0.377778 0.021765 0.137037 0.261740 1654.000000 1080.000000
0 1687 0.012092 0.376852 0.022975 0.137037 0.255030 1654.000000 1080.000000
0 1688 0.012999 0.375926 0.024788 0.137037 0.248320 1654.000000 1080.000000
0 1689 0.013603 0.374537 0.025998 0.137963 0.253330 1654.000000 1080.000000
0 1690 0.014510 0.373611 0.027811 0.137963 0.246670 1654.000000 1080.000000
0 1691 0.015115 0.372222 0.029021 0.137037 0.241610 1654.000000 1080.000000
0 1692 0.016022 0.371296 0.030834 0.137037 0.241610 1654.000000 1080.000000
0 1693 0.016626 0.369907 0.032044 0.137963 0.240000 1654.000000 1080.000000
0 1694 0.017533 0.368981 0.033857 0.137963 0.233330 1654.000000 1080.000000
0 1695 0.018138 0.368056 0.035067 0.137963 0.226670 1654.000000 1080.000000
0 1696 0.019045 0.367130 0.036880 0.137963 0.220000 1654.000000 1080.000000
0 1697 0.020254 0.365278 0.036880 0.137963 0.220000 1654.000000 1080.000000
0 1698 0.021765 0.364352 0.037485 0.137963 0.213330 1654.000000 1080.000000
0 1699 0.023277 0.363426 0.036880 0.137963 0.206670 1654.000000 1080.000000
0 1700 0.024788 0.361574 0.037485 0.137963 0.213330 1654.000000 1080.000000
0 1701 0.026300 0.360648 0.036880 0.137963 0.206670 1654.000000 1080.000000
0 1702 0.027811 0.359722 0.037485 0.137963 0.200000 1654.000000 1080.000000
0 1703 0.029021 0.357870 0.037485 0.137963 0.200000 1654.000000 1080.000000
0 1704 0.030834 0.356944 0.037485 0.137963 0.193330 1654.000000 1080.000000
0 1705 0.032044 0.356019 0.037485 0.137963 0.186670 1654.000000 1080.000000
0 1706 0.033857 0.354167 0.037485 0.137963 0.186670 1654.000000 1080.000000
0 1707 0.035067 0.353241 0.037485 0.137963 0.180000 1654.000000 1080.000000
0 1708 0.036880 0.352315 0.037485 0.137963 0.180000 1654.000000 1080.000000
0 1709 0.038089 0.350463 0.037485 0.137963 0.180000 1654.000000 1080.000000
0 1710 0.039299 0.349537 0.037485 0.137963 0.180000 1654.000000 1080.000000
0 1711 0.041112 0.348611 0.037485 0.137963 0.173330 1654.000000 1080.000000
0 1712 0.042322 0.347685 0.037485 0.137963 0.173330 1654.000000 1080.000000
0 1713 0.044135 0.346759 0.037485 0.137963 0.166670 1654.000000 1080.000000
0 1714 0.045345 0.345833 0.037485 0.137963 0.166670 1654.000000 1080.000000
0 1715 0.046554 0.344907 0.037485 0.137963 0.160000 1654.000000 1080.000000
0 1716 0.048368 0.343981 0.037485 0.137963 0.160000 1654.000000 1080.000000
0 1717 0.049577 0.342130 0.037485 0.137963 0.160000 1654.000000 1080.000000
0 1718 0.051391 0.341204 0.037485 0.137963 0.160000 1654.000000 1080.000000
0 1719 0.052600 0.340278 0.037485 0.137963 0.153330 1654.000000 1080.000000
0 1720 0.053809 0.339352 0.037485 0.137963 0.166770 1654.000000 1080.000000
0 1721 0.055623 0.338426 0.037485 0.137963 0.146670 1654.000000 1080.000000
0 1722 0.056832 0.337500 0.037485 0.137963 0.160210 1654.000000 1080.000000
0 1723 0.058646 0.336574 0.037485 0.137963 0.153650 1654.000000 1080.000000
0 1724 0.059855 0.335648 0.037485 0.137963 0.167300 1654.000000 1080.000000
0 1725 0.061669 0.334722 0.037485 0.137963 0.160850 1654.000000 1080.000000
0 1726 0.062273 0.332870 0.037485 0.137963 0.194600 1654.000000 1080.000000
0 1727 0.063482 0.331019 0.037485 0.137963 0.214390 1654.000000 1080.000000
0 1728 0.064692 0.329167 0.037485 0.137963 0.233970 1654.000000 1080.000000
0 1729 0.065296 0.328241 0.037485 0.137963 0.260850 1654.000000 1080.000000
0 1730 0.066505 0.326389 0.037485 0.137963 0.274290 1654.000000 1080.000000
0 1731 0.067715 0.324537 0.037485 0.137963 0.293330 1654.000000 1080.000000
0 1732 0.068319 0.323611 0.037485 0.137963 0.320000 1654.000000 1080.000000
0 1733 0.069528 0.321759 0.037485 0.137963 0.338620 1654.000000 1080.000000
0 1734 0.070738 0.319907 0.037485 0.137963 0.357040 1654.000000 1080.000000
0 1735 0.071342 0.318981 0.037485 0.137963 0.378310 1654.000000 1080.000000
0 1736 0.072551 0.317130 0.037485 0.137963 0.396400 1654.000000 1080.000000
0 1737 0.073761 0.315278 0.037485 0.137963 0.414290 1654.000000 1080.000000
0 1738 0.074365 0.314352 0.037485 0.137963 0.440320 1654.000000 1080.000000
0 1739 0.075574 0.312500 0.037485 0.137963 0.457780 1654.000000 1080.000000
0 1740 0.076784 0.310648 0.037485 0.137963 0.470690 1654.000000 1080.000000
0 1741 0.077388 0.309722 0.037485 0.137963 0.492380 1654.000000 1080.000000
0 1742 0.078597 0.307870 0.037485 0.137963 0.522330 1654.000000 1080.000000
0 1743 0.079807 0.306019 0.037485 0.137963 0.535240 1654.000000 1080.000000
0 1744 0.081016 0.305093 0.037485 0.137963 0.561060 1654.000000 1080.000000
0 1745 0.081620 0.302778 0.037485 0.137037 0.587510 1654.000000 1080.000000
0 1746 0.082830 0.301389 0.037485 0.136111 0.613900 1654.000000 1080.000000
0 1747 0.084039 0.299537 0.037485 0.136111 0.626770 1654.000000 1080.000000
0 1748 0.085248 0.298148 0.037485 0.135185 0.637190 1654.000000 1080.000000
0 1749 0.086457 0.296296 0.037485 0.135185 0.665910 1654.000000 1080.000000
0 1750 0.087666 0.294907 0.037485 0.134259 0.676560 1654.000000 1080.000000
0 1751 0.088875 0.293056 0.037485 0.134259 0.704940 1654.000000 1080.000000
0 1752 0.090085 0.291204 0.037485 0.132407 0.716270 1654.000000 1080.000000
0 1753 0.091294 0.289352 0.037485 0.132407 0.744270 1654.000000 1080.000000
0 1754 0.092503 0.287963 0.037485 0.131481 0.742480 1654.000000 1080.000000
0 1755 0.093712 0.286111 0.037485 0.131481 0.757460 1654.000000 1080.000000
0 1756 0.094921 0.284722 0.037485 0.130556 0.770620 1654.000000 1080.000000
0 1757 0.096131 0.282870 0.037485 0.130556 0.783370 1654.000000 1080.000000
0 1758 0.097340 0.281481 0.037485 0.129630 0.796470 1654.000000 1080.000000
0 1759 0.097944 0.279630 0.037485 0.129630 0.823480 1654.000000 1080.000000
0 1760 0.098549 0.277778 0.037485 0.129630 0.848700 1654.000000 1080.000000
0 1761 0.099154 0.276852 0.037485 0.129630 0.861310 1654.000000 1080.000000
0 1762 0.099758 0.275000 0.037485 0.129630 0.887540 1654.000000 1080.000000
0 1763 0.100363 0.274074 0.037485 0.129630 0.911740 1654.000000 1080.000000
0 1764 0.101572 0.272222 0.037485 0.129630 0.925030 1654.000000 1080.000000
0 1765 0.102177 0.271296 0.037485 0.129630 0.950020 1654.000000 1080.000000
0 1766 0.102781 0.269444 0.037485 0.129630 0.975010 1654.000000 1080.000000
0 1767 0.103386 0.268519 0.037485 0.129630 1.000000 1654.000000 1080.000000
0 1768 0.103990 0.266667 0.037485 0.129630 1.000000 1654.000000 1080.000000
0 1769 0.104595 0.264815 0.037485 0.129630 1.000000 1654.000000 1080.000000
0 1770 0.105804 0.263889 0.037485 0.129630 1.000000 1654.000000 1080.000000
0 1771 0.106409 0.262037 0.037485 0.129630 1.000000 1654.000000 1080.000000
0 1772 0.107013 0.261111 0.037485 0.129630 1.000000 1654.000000 1080.000000
0 1773 0.107618 0.259259 0.037485 0.129630 1.000000 1654.000000 1080.000000
0 1774 0.108222 0.258333 0.037485 0.129630 1.000000 1654.000000 1080.000000
0 1775 0.108827 0.256481 0.037485 0.129630 1.000000 1654.000000 1080.000000
0 1776 0.110036 0.255556 0.037485 0.129630 1.000000 1654.000000 1080.000000
0 1777 0.110641 0.253704 0.037485 0.129630 1.000000 1654.000000 1080.000000
0 1778 0.111850 0.252778 0.037485 0.129630 1.000000 1654.000000 1080.000000
0 1779 0.113059 0.251852 0.037485 0.129630 1.000000 1654.000000 1080.000000
0 1780 0.114268 0.250926 0.037485 0.129630 1.000000 1654.000000 1080.000000
0 1781 0.115478 0.250000 0.037485 0.129630 1.000000 1654.000000 1080.000000
0 1782 0.116687 0.249074 0.037485 0.129630 1.000000 1654.000000 1080.000000
0 1783 0.117291 0.247222 0.037485 0.129630 1.000000 1654.000000 1080.000000
0 1784 0.118501 0.246296 0.037485 0.129630 1.000000 1654.000000 1080.000000
0 1785 0.119710 0.245370 0.037485 0.129630 1.000000 1654.000000 1080.000000
0 1786 0.120919 0.244444 0.037485 0.129630 1.000000 1654.000000 1080.000000
0 1787 0.122128 0.243519 0.037485 0.129630 1.000000 1654.000000 1080.000000
0 1788 0.123337 0.242593 0.037485 0.129630 1.000000 1654.000000 1080.000000
0 1789 0.123942 0.240741 0.037485 0.129630 1.000000 1654.000000 1080.000000
0 1790 0.125151 0.239815 0.037485 0.129630 1.000000 1654.000000 1080.000000
0 1791 0.126360 0.238889 0.037485 0.129630 1.000000 1654.000000 1080.000000
0 1792 0.127570 0.237963 0.037485 0.129630 1.000000 1654.000000 1080.000000
0 1793 0.128779 0.237037 0.037485 0.129630 1.000000 1654.000000 1080.000000
0 1794 0.129988 0.236111 0.037485 0.129630 1.000000 1654.000000 1080.000000
0 1795 0.131197 0.235185 0.037485 0.129630 1.000000 1654.000000 1080.000000
0 1796 0.131802 0.233333 0.037485 0.129630 1.000000 1654.000000 1080.000000
0 1797 0.132406 0.232407 0.037485 0.129630 1.000000 1654.000000 1080.000000
0 1798 0.133011 0.231481 0.037485 0.129630 1.000000 1654.000000 1080.000000
0 1799 0.133615 0.229630 0.037485 0.129630 1.000000 1654.000000 1080.000000
0 1800 0.134220 0.228704 0.037485 0.129630 1.000000 1654.000000 1080.000000
0 1801 0.135127 0.227778 0.036880 0.129630 1.000000 1654.000000 1080.000000
0 1802 0.135732 0.226389 0.036880 0.128704 1.000000 1654.000000 1080.000000
0 1803 0.136941 0.225000 0.036880 0.127778 1.000000 1654.000000 1080.000000
0 1804 0.137848 0.224074 0.036276 0.127778 1.000000 1654.000000 1080.000000
0 1805 0.139057 0.222685 0.036276 0.126852 1.000000 1654.000000 1080.000000
0 1806 0.140266 0.221759 0.036276 0.126852 1.000000 1654.000000 1080.000000
0 1807 0.141173 0.220370 0.035671 0.125926 1.000000 1654.000000 1080.000000
0 1808 0.142382 0.218981 0.035671 0.125000 1.000000 1654.000000 1080.000000
0 1809 0.142987 0.218056 0.035671 0.125000 1.000000 1654.000000 1080.000000
0 1810 0.144196 0.216667 0.035671 0.124074 1.000000 1654.000000 1080.000000
0 1811 0.145405 0.215741 0.035671 0.124074 1.000000 1654.000000 1080.000000
0 1812 0.146312 0.214352 0.035067 0.123148 1.000000 1654.000000 1080.000000
0 1813 0.147521 0.212963 0.035067 0.122222 1.000000 1654.000000 1080.000000
0 1814 0.148428 0.212037 0.034462 0.122222 1.000000 1654.000000 1080.000000
0 1815 0.149637 0.210648 0.034462 0.121296 1.000000 1654.000000 1080.000000
0 1816 0.150846 0.210185 0.034462 0.120370 1.000000 1654.000000 1080.000000
0 1817 0.151451 0.209259 0.034462 0.120370 1.000000 1654.000000 1080.000000
0 1818 0.152660 0.208796 0.034462 0.121296 1.000000 1654.000000 1080.000000
0 1819 0.153265 0.208796 0.034462 0.121296 1.000000 1654.000000 1080.000000
0 1820 0.154474 0.208333 0.034462 0.122222 1.000000 1654.000000 1080.000000
0 1821 0.155381 0.208333 0.033857 0.122222 1.000000 1654.000000 1080.000000
0 1822 0.156288 0.207407 0.034462 0.122222 1.000000 1654.000000 1080.000000
0 1823 0.157195 0.206944 0.033857 0.123148 1.000000 1654.000000 1080.000000
0 1824 0.158102 0.206944 0.034462 0.123148 1.000000 1654.000000 1080.000000
0 1825 0.159008 0.206481 0.033857 0.124074 1.000000 1654.000000 1080.000000
0 1826 0.160218 0.206481 0.033857 0.124074 1.000000 1654.000000 1080.000000
0 1827 0.161125 0.205093 0.034462 0.123148 1.000000 1654.000000 1080.000000
0 1828 0.162031 0.204167 0.035067 0.123148 1.000000 1654.000000 1080.000000
0 1829 0.163241 0.203241 0.036276 0.123148 1.000000 1654.000000 1080.000000
0 1830 0.164148 0.202315 0.036880 0.123148 1.000000 1654.000000 1080.000000
0 1831 0.165659 0.201389 0.037485 0.123148 1.000000 1654.000000 1080.000000
0 1832 0.166566 0.200463 0.038089 0.123148 0.985190 1654.000000 1080.000000
0 1833 0.167473 0.199537 0.038694 0.123148 0.971300 1654.000000 1080.000000
0 1834 0.168682 0.198611 0.039903 0.123148 0.945200 1654.000000 1080.000000
0 1835 0.169589 0.197685 0.040508 0.123148 0.919670 1654.000000 1080.000000
0 1836 0.171100 0.196759 0.041112 0.123148 0.882220 1654.000000 1080.000000
0 1837 0.171705 0.194907 0.041112 0.123148 0.884170 1654.000000 1080.000000
0 1838 0.172612 0.193981 0.040508 0.123148 0.870500 1654.000000 1080.000000
0 1839 0.173519 0.193056 0.039903 0.123148 0.869680 1654.000000 1080.000000
0 1840 0.174426 0.192130 0.039299 0.123148 0.855720 1654.000000 1080.000000
0 1841 0.175333 0.191204 0.038694 0.123148 0.841560 1654.000000 1080.000000
0 1842 0.176239 0.189815 0.038089 0.124074 0.841670 1654.000000 1080.000000
0 1843 0.177146 0.188889 0.037485 0.124074 0.827280 1654.000000 1080.000000
0 1844 0.178053 0.187963 0.036880 0.124074 0.827600 1654.000000 1080.000000
0 1845 0.178960 0.187037 0.036276 0.124074 0.812990 1654.000000 1080.000000
0 1846 0.179867 0.186111 0.035671 0.124074 0.811600 1654.000000 1080.000000
0 1847 0.180774 0.185185 0.035067 0.124074 0.796610 1654.000000 1080.000000
0 1848 0.181378 0.184259 0.035067 0.124074 0.798490 1654.000000 1080.000000
0 1849 0.181983 0.184259 0.035067 0.124074 0.785060 1654.000000 1080.000000
0 1850 0.182588 0.183333 0.035067 0.124074 0.789080 1654.000000 1080.000000
0 1851 0.183192 0.183333 0.035067 0.124074 0.775890 1654.000000 1080.000000
0 1852 0.184401 0.182407 0.035067 0.124074 0.764970 1654.000000 1080.000000
0 1853 0.185006 0.182407 0.035067 0.124074 0.751910 1654.000000 1080.000000
0 1854 0.185611 0.181481 0.035067 0.124074 0.754300 1654.000000 1080.000000
0 1855 0.186215 0.181481 0.035067 0.124074 0.741370 1654.000000 1080.000000
0 1856 0.186820 0.180556 0.035067 0.124074 0.746390 1654.000000 1080.000000
0 1857 0.188029 0.180556 0.035067 0.124074 0.705460 1654.000000 1080.000000
0 1858 0.188029 0.177778 0.035067 0.124074 0.714120 1654.000000 1080.000000
0 1859 0.188634 0.175926 0.035067 0.124074 0.707720 1654.000000 1080.000000
0 1860 0.189238 0.173148 0.035067 0.124074 0.704960 1654.000000 1080.000000
0 1861 0.189238 0.171296 0.035067 0.124074 0.711240 1654.000000 1080.000000
0 1862 0.189843 0.168519 0.035067 0.124074 0.709480 1654.000000 1080.000000
0 1863 0.190447 0.166667 0.035067 0.124074 0.705080 1654.000000 1080.000000
0 1864 0.191052 0.165741 0.035067 0.124074 0.697680 1654.000000 1080.000000
0 1865 0.192261 0.164815 0.035067 0.124074 0.679850 1654.000000 1080.000000
0 1866 0.193470 0.163889 0.035067 0.124074 0.662520 1654.000000 1080.000000
0 1867 0.194075 0.162963 0.035067 0.124074 0.656120 1654.000000 1080.000000
0 1868 0.195284 0.162037 0.035067 0.124074 0.624860 1654.000000 1080.000000
0 1869 0.196493 0.161111 0.035067 0.124074 0.598490 1654.000000 1080.000000
0 1870 0.197703 0.161111 0.035067 0.124074 0.577900 1654.000000 1080.000000
0 1871 0.198912 0.159259 0.035067 0.124074 0.558070 1654.000000 1080.000000
0 1872 0.200121 0.158333 0.035067 0.124074 0.543750 1654.000000 1080.000000
0 1873 0.201330 0.157407 0.035067 0.124074 0.520150 1654.000000 1080.000000
0 1874 0.202539 0.156481 0.035067 0.124074 0.500560 1654.000000 1080.000000
0 1875 0.203748 0.155556 0.035067 0.124074 0.477970 1654.000000 1080.000000
0 1876 0.204958 0.154630 0.035067 0.124074 0.465660 1654.000000 1080.000000
0 1877 0.206167 0.153704 0.035067 0.124074 0.444440 1654.000000 1080.000000
0 1878 0.207376 0.151852 0.035067 0.124074 0.459260 1654.000000 1080.000000
0 1879 0.208585 0.150926 0.035067 0.124074 0.475710 1654.000000 1080.000000
0 1880 0.209794 0.150000 0.035067 0.124074 0.500820 1654.000000 1080.000000
0 1881 0.211004 0.149074 0.035067 0.124074 0.534210 1654.000000 1080.000000
0 1882 0.212213 0.148148 0.035067 0.124074 0.558190 1654.000000 1080.000000
0 1883 0.213422 0.147222 0.035067 0.124074 0.581670 1654.000000 1080.000000
0 1884 0.214631 0.146296 0.035067 0.124074 0.604650 1654.000000 1080.000000
0 1885 0.215538 0.144444 0.035671 0.124074 0.630860 1654.000000 1080.000000
0 1886 0.216747 0.143519 0.035671 0.124074 0.660250 1654.000000 1080.000000
0 1887 0.217956 0.142130 0.036880 0.123148 0.686570 1654.000000 1080.000000
0 1888 0.219166 0.141204 0.036880 0.123148 0.706310 1654.000000 1080.000000
0 1889 0.220375 0.139815 0.038089 0.122222 0.729680 1654.000000 1080.000000
0 1890 0.221584 0.138889 0.038089 0.122222 0.747890 1654.000000 1080.000000
0 1891 0.222793 0.137963 0.038089 0.122222 0.772320 1654.000000 1080.000000
0 1892 0.224002 0.136574 0.039299 0.121296 0.791670 1654.000000 1080.000000
0 1893 0.225212 0.135648 0.039299 0.121296 0.807850 1654.000000 1080.000000
0 1894 0.226421 0.134259 0.040508 0.120370 0.824880 1654.000000 1080.000000
0 1895 0.227630 0.133333 0.040508 0.120370 0.839690 1654.000000 1080.000000
0 1896 0.229141 0.132407 0.041112 0.120370 0.856180 1654.000000 1080.000000
0 1897 0.229746 0.131481 0.041112 0.120370 0.861710 1654.000000 1080.000000
0 1898 0.230653 0.130556 0.040508 0.120370 0.870900 1654.000000 1080.000000
0 1899 0.231862 0.130556 0.040508 0.120370 0.882130 1654.000000 1080.000000
0 1900 0.232769 0.129630 0.039903 0.120370 0.891760 1654.000000 1080.000000
0 1901 0.233676 0.128704 0.040508 0.120370 0.898970 1654.000000 1080.000000
0 1902 0.234583 0.128704 0.039903 0.120370 0.908850 1654.000000 1080.000000
0 1903 0.235792 0.127778 0.039903 0.120370 0.920250 1654.000000 1080.000000
0 1904 0.236699 0.126852 0.039299 0.120370 0.931990 1654.000000 1080.000000
0 1905 0.237908 0.126852 0.039299 0.120370 0.942170 1654.000000 1080.000000
0 1906 0.239117 0.125463 0.039299 0.121296 0.954090 1654.000000 1080.000000
0 1907 0.240629 0.124537 0.038694 0.121296 0.971450 1654.000000 1080.000000
0 1908 0.242140 0.124074 0.038089 0.122222 0.988250 1654.000000 1080.000000
0 1909 0.243954 0.123148 0.038089 0.122222 1.000000 1654.000000 1080.000000
0 1910 0.245466 0.122685 0.037485 0.123148 1.000000 1654.000000 1080.000000
0 1911 0.246675 0.121296 0.037485 0.124074 1.000000 1654.000000 1080.000000
0 1912 0.248489 0.120370 0.037485 0.124074 1.000000 1654.000000 1080.000000
0 1913 0.250000 0.119907 0.036880 0.125000 1.000000 1654.000000 1080.000000
0 1914 0.251511 0.118981 0.036276 0.125000 1.000000 1654.000000 1080.000000
0 1915 0.253325 0.118519 0.036276 0.125926 1.000000 1654.000000 1080.000000
0 1916 0.253930 0.116204 0.036276 0.125000 1.000000 1654.000000 1080.000000
0 1917 0.254534 0.114352 0.036276 0.125000 1.000000 1654.000000 1080.000000
0 1918 0.255744 0.112963 0.036276 0.124074 1.000000 1654.000000 1080.000000
0 1919 0.256348 0.111111 0.036276 0.124074 1.000000 1654.000000 1080.000000
0 1920 0.256953 0.109722 0.036276 0.123148 1.000000 1654.000000 1080.000000
0 1921 0.258162 0.107870 0.036276 0.123148 1.000000 1654.000000 1080.000000
0 1922 0.258767 0.106481 0.036276 0.122222 1.000000 1654.000000 1080.000000
0 1923 0.259371 0.104630 0.036276 0.122222 1.000000 1654.000000 1080.000000
0 1924 0.260580 0.103241 0.036276 0.121296 1.000000 1654.000000 1080.000000
0 1925 0.261487 0.101389 0.036880 0.121296 1.000000 1654.000000 1080.000000
0 1926 0.262696 0.100463 0.036880 0.121296 1.000000 1654.000000 1080.000000
0 1927 0.263906 0.099537 0.036880 0.121296 1.000000 1654.000000 1080.000000
0 1928 0.265115 0.098611 0.036880 0.121296 1.000000 1654.000000 1080.000000
0 1929 0.266324 0.097685 0.036880 0.121296 1.000000 1654.000000 1080.000000
0 1930 0.267533 0.096759 0.036880 0.121296 1.000000 1654.000000 1080.000000
0 1931 0.268742 0.095833 0.036880 0.121296 1.000000 1654.000000 1080.000000
0 1932 0.269952 0.094907 0.036880 0.121296 1.000000 1654.000000 1080.000000
0 1933 0.271161 0.093981 0.036880 0.121296 1.000000 1654.000000 1080.000000
0 1934 0.272370 0.093056 0.036880 0.121296 1.000000 1654.000000 1080.000000
0 1935 0.273881 0.092130 0.037485 0.121296 1.000000 1654.000000 1080.000000
0 1936 0.274486 0.091204 0.037485 0.121296 1.000000 1654.000000 1080.000000
0 1937 0.275091 0.090278 0.037485 0.121296 1.000000 1654.000000 1080.000000
0 1938 0.275695 0.089352 0.037485 0.121296 1.000000 1654.000000 1080.000000
0 1939 0.276300 0.088426 0.037485 0.121296 1.000000 1654.000000 1080.000000
0 1940 0.277207 0.087500 0.036880 0.121296 1.000000 1654.000000 1080.000000
0 1941 0.277811 0.086574 0.036880 0.121296 1.000000 1654.000000 1080.000000
0 1942 0.278416 0.085648 0.036880 0.121296 1.000000 1654.000000 1080.000000
0 1943 0.279021 0.084722 0.036880 0.121296 1.000000 1654.000000 1080.000000
0 1944 0.280230 0.084722 0.036880 0.121296 1.000000 1654.000000 1080.000000
0 1945 0.280834 0.082870 0.036880 0.121296 1.000000 1654.000000 1080.000000
0 1946 0.281439 0.081944 0.036880 0.121296 1.000000 1654.000000 1080.000000
0 1947 0.282044 0.081019 0.036880 0.121296 1.000000 1654.000000 1080.000000
0 1948 0.282950 0.080093 0.037485 0.121296 1.000000 1654.000000 1080.000000
0 1949 0.283555 0.079167 0.037485 0.121296 1.000000 1654.000000 1080.000000
0 1950 0.284462 0.078241 0.036880 0.121296 1.000000 1654.000000 1080.000000
0 1951 0.285067 0.077315 0.036880 0.121296 1.000000 1654.000000 1080.000000
0 1952 0.285973 0.076389 0.037485 0.121296 1.000000 1654.000000 1080.000000
0 1953 0.286578 0.075463 0.037485 0.121296 1.000000 1654.000000 1080.000000
0 1954 0.287183 0.074537 0.037485 0.121296 1.000000 1654.000000 1080.000000
0 1955 0.288392 0.073611 0.037485 0.121296 1.000000 1654.000000 1080.000000
0 1956 0.288996 0.072222 0.037485 0.120370 1.000000 1654.000000 1080.000000
0 1957 0.290206 0.071296 0.037485 0.120370 1.000000 1654.000000 1080.000000
0 1958 0.291112 0.069907 0.036880 0.119444 1.000000 1654.000000 1080.000000
0 1959 0.292322 0.068981 0.036880 0.119444 1.000000 1654.000000 1080.000000
0 1960 0.293531 0.068056 0.036880 0.119444 1.000000 1654.000000 1080.000000
0 1961 0.294438 0.066667 0.036276 0.118519 1.000000 1654.000000 1080.000000
0 1962 0.295647 0.065741 0.036276 0.118519 1.000000 1654.000000 1080.000000
0 1963 0.296856 0.064815 0.036276 0.118519 1.000000 1654.000000 1080.000000
0 1964 0.297461 0.063889 0.036276 0.118519 1.000000 1654.000000 1080.000000
0 1965 0.298065 0.062963 0.036276 0.118519 1.000000 1654.000000 1080.000000
0 1966 0.299274 0.062963 0.036276 0.118519 1.000000 1654.000000 1080.000000
0 1967 0.299879 0.062037 0.036276 0.118519 1.000000 1654.000000 1080.000000
0 1968 0.300484 0.062037 0.036276 0.118519 1.000000 1654.000000 1080.000000
0 1969 0.301693 0.061111 0.036276 0.118519 1.000000 1654.000000 1080.000000
0 1970 0.302297 0.061111 0.036276 0.118519 1.000000 1654.000000 1080.000000
0 1971 0.302902 0.060185 0.036276 0.118519 1.000000 1654.000000 1080.000000
0 1972 0.304111 0.060185 0.036276 0.118519 1.000000 1654.000000 1080.000000
0 1973 0.304414 0.059259 0.035671 0.116667 1.000000 1654.000000 1080.000000
0 1974 0.305018 0.058333 0.035671 0.114815 1.000000 1654.000000 1080.000000
0 1975 0.305623 0.057870 0.035671 0.113889 1.000000 1654.000000 1080.000000
0 1976 0.306227 0.056944 0.035671 0.112037 1.000000 1654.000000 1080.000000
0 1977 0.306530 0.056019 0.035067 0.110185 1.000000 1654.000000 1080.000000
0 1978 0.307134 0.055556 0.035067 0.109259 1.000000 1654.000000 1080.000000
0 1979 0.307739 0.054630 0.035067 0.107407 1.000000 1654.000000 1080.000000
0 1980 0.308343 0.053704 0.035067 0.105556 1.000000 1654.000000 1080.000000
0 1981 0.308948 0.053241 0.035067 0.104630 1.000000 1654.000000 1080.000000
0 1982 0.309553 0.052778 0.035067 0.103704 1.000000 1654.000000 1080.000000
0 1983 0.310157 0.052315 0.035067 0.102778 1.000000 1654.000000 1080.000000
0 1984 0.310762 0.051852 0.035067 0.101852 1.000000 1654.000000 1080.000000
0 1985 0.311366 0.051852 0.035067 0.101852 1.000000 1654.000000 1080.000000
0 1986 0.311971 0.051389 0.035067 0.100926 1.000000 1654.000000 1080.000000
0 1987 0.312576 0.050926 0.035067 0.100000 1.000000 1654.000000 1080.000000
0 1988 0.313180 0.050463 0.035067 0.099074 1.000000 1654.000000 1080.000000
0 1989 0.313785 0.050463 0.035067 0.099074 1.000000 1654.000000 1080.000000
0 1990 0.314389 0.050000 0.035067 0.098148 1.000000 1654.000000 1080.000000
0 1991 0.315599 0.049537 0.035067 0.097222 1.000000 1654.000000 1080.000000
0 1992 0.316505 0.049074 0.034462 0.096296 1.000000 1654.000000 1080.000000
0 1993 0.317412 0.048611 0.035067 0.095370 1.000000 1654.000000 1080.000000
0 1994 0.318319 0.048148 0.034462 0.094444 1.000000 1654.000000 1080.000000
0 1995 0.319528 0.047685 0.034462 0.093519 1.000000 1654.000000 1080.000000
0 1996 0.320133 0.047222 0.034462 0.092593 1.000000 1654.000000 1080.000000
0 1997 0.321342 0.046759 0.034462 0.091667 1.000000 1654.000000 1080.000000
0 1998 0.322551 0.046296 0.034462 0.090741 1.000000 1654.000000 1080.000000
0 1999 0.322551 0.045370 0.034462 0.088889 1.000000 1654.000000 1080.000000
0 2000 0.322551 0.044907 0.034462 0.087963 1.000000 1654.000000 1080.000000
0 2001 0.323156 0.043981 0.034462 0.086111 1.000000 1654.000000 1080.000000
0 2002 0.323156 0.043519 0.034462 0.085185 1.000000 1654.000000 1080.000000
0 2003 0.323156 0.043056 0.034462 0.084259 1.000000 1654.000000 1080.000000
0 2004 0.323761 0.042130 0.034462 0.082407 1.000000 1654.000000 1080.000000
0 2005 0.323761 0.041667 0.034462 0.081481 1.000000 1654.000000 1080.000000
0 2006 0.323761 0.041204 0.034462 0.080556 1.000000 1654.000000 1080.000000
0 2007 0.324365 0.040278 0.034462 0.078704 1.000000 1654.000000 1080.000000
0 2008 0.324365 0.039815 0.034462 0.077778 1.000000 1654.000000 1080.000000
0 2009 0.324970 0.039352 0.034462 0.076852 1.000000 1654.000000 1080.000000
0 2010 0.325272 0.038889 0.033857 0.075926 1.000000 1654.000000 1080.000000
0 2011 0.326179 0.038889 0.033253 0.075926 1.000000 1654.000000 1080.000000
0 2012 0.327086 0.038426 0.032648 0.075000 1.000000 1654.000000 1080.000000
0 2013 0.327993 0.038426 0.032044 0.075000 1.000000 1654.000000 1080.000000
0 2014 0.328597 0.037963 0.032044 0.074074 1.000000 1654.000000 1080.000000
0 2015 0.329504 0.037963 0.031439 0.074074 1.000000 1654.000000 1080.000000
0 2016 0.330411 0.037500 0.030834 0.073148 1.000000 1654.000000 1080.000000
0 2017 0.331318 0.037500 0.030230 0.073148 1.000000 1654.000000 1080.000000
0 2018 0.331318 0.036574 0.030230 0.071296 1.000000 1654.000000 1080.000000
0 2019 0.331923 0.036111 0.030230 0.070370 1.000000 1654.000000 1080.000000
0 2020 0.332527 0.035648 0.030230 0.069444 1.000000 1654.000000 1080.000000
0 2021 0.333132 0.034722 0.030230 0.067593 1.000000 1654.000000 1080.000000
0 2022 0.333736 0.034259 0.030230 0.066667 1.000000 1654.000000 1080.000000
0 2023 0.334341 0.033796 0.030230 0.065741 1.000000 1654.000000 1080.000000
0 2024 0.334946 0.032870 0.030230 0.063889 1.000000 1654.000000 1080.000000
0 2025 0.335550 0.032407 0.030230 0.062963 1.000000 1654.000000 1080.000000
0 2026 0.336155 0.031944 0.030230 0.062037 1.000000 1654.000000 1080.000000
0 2027 0.336759 0.031019 0.030230 0.060185 1.000000 1654.000000 1080.000000
0 2028 0.337364 0.030556 0.030230 0.059259 1.000000 1654.000000 1080.000000
0 2029 0.338573 0.029630 0.030230 0.057407 1.000000 1654.000000 1080.000000
0 2030 0.339178 0.029167 0.030230 0.056481 1.000000 1654.000000 1080.000000
0 2031 0.339782 0.028704 0.030230 0.055556 1.000000 1654.000000 1080.000000
0 2032 0.340992 0.027778 0.030230 0.053704 1.000000 1654.000000 1080.000000
0 2033 0.341596 0.027315 0.030230 0.052778 1.000000 1654.000000 1080.000000
0 2034 0.342201 0.026389 0.030230 0.050926 1.000000 1654.000000 1080.000000
0 2035 0.343410 0.025926 0.030230 0.050000 1.000000 1654.000000 1080.000000
0 2036 0.344015 0.025463 0.030230 0.049074 1.000000 1654.000000 1080.000000
0 2037 0.344619 0.024537 0.030230 0.047222 1.000000 1654.000000 1080.000000
0 2038 0.345828 0.024074 0.030230 0.046296 1.000000 1654.000000 1080.000000
0 2039 0.346433 0.023148 0.030230 0.044444 1.000000 1654.000000 1080.000000
0 2040 0.347037 0.022685 0.030230 0.043519 1.000000 1654.000000 1080.000000
0 2041 0.348247 0.022222 0.030230 0.042593 1.000000 1654.000000 1080.000000
0 2042 0.348247 0.021759 0.030230 0.041667 1.000000 1654.000000 1080.000000
0 2043 0.348851 0.021296 0.030230 0.040741 1.000000 1654.000000 1080.000000
0 2044 0.348851 0.020833 0.030230 0.039815 1.000000 1654.000000 1080.000000
0 2045 0.349456 0.020370 0.030230 0.038889 1.000000 1654.000000 1080.000000
0 2046 0.350060 0.019907 0.030230 0.037963 1.000000 1654.000000 1080.000000
0 2047 0.350060 0.019444 0.030230 0.037037 1.000000 1654.000000 1080.000000
0 2048 0.350665 0.018981 0.030230 0.036111 1.000000 1654.000000 1080.000000
0 2049 0.351270 0.018519 0.030230 0.035185 1.000000 1654.000000 1080.000000
0 2050 0.351270 0.018056 0.030230 0.034259 1.000000 1654.000000 1080.000000
0 2051 0.351874 0.017593 0.030230 0.033333 1.000000 1654.000000 1080.000000
0 2052 0.352479 0.017130 0.030230 0.032407 1.000000 1654.000000 1080.000000
0 2053 0.352479 0.016667 0.030230 0.031481 1.000000 1654.000000 1080.000000
0 2054 0.353083 0.016667 0.030230 0.031481 1.000000 1654.000000 1080.000000
0 2055 0.353083 0.016667 0.030230 0.031481 1.000000 1654.000000 1080.000000
0 2056 0.353688 0.016667 0.030230 0.031481 1.000000 1654.000000 1080.000000
0 2057 0.353688 0.016667 0.030230 0.031481 1.000000 1654.000000 1080.000000
0 2058 0.354293 0.016667 0.030230 0.031481 1.000000 1654.000000 1080.000000
0 2059 0.354293 0.016667 0.030230 0.031481 1.000000 1654.000000 1080.000000
