0 1431 0.181983 0.993981 0.027811 0.013889 0.000000 1654.000000 1080.000000
0 1432 0.179262 0.993519 0.027207 0.014815 0.000000 1654.000000 1080.000000
0 1433 0.176844 0.993056 0.027207 0.015741 0.000000 1654.000000 1080.000000
0 1434 0.174426 0.992593 0.027207 0.016667 0.000000 1654.000000 1080.000000
0 1435 0.172007 0.992593 0.027207 0.016667 0.000000 1654.000000 1080.000000
0 1436 0.169287 0.992130 0.026602 0.017593 0.000000 1654.000000 1080.000000
0 1437 0.166868 0.991667 0.026602 0.018519 0.000000 1654.000000 1080.000000
0 1438 0.164450 0.991667 0.026602 0.018519 0.000000 1654.000000 1080.000000
0 1439 0.162031 0.991204 0.026602 0.019444 0.000000 1654.000000 1080.000000
0 1440 0.159311 0.990741 0.025998 0.020370 0.000000 1654.000000 1080.000000
0 1441 0.156892 0.990278 0.025998 0.021296 0.000000 1654.000000 1080.000000
0 1442 0.154474 0.990278 0.025998 0.021296 0.000000 1654.000000 1080.000000
0 1443 0.152056 0.989815 0.025998 0.022222 0.065455 1654.000000 1080.000000
0 1444 0.149335 0.989352 0.025393 0.023148 0.178890 1654.000000 1080.000000
0 1445 0.146917 0.989352 0.025393 0.023148 0.313060 1654.000000 1080.000000
0 1446 0.144498 0.988889 0.025393 0.024074 0.447890 1654.000000 1080.000000
0 1447 0.142080 0.988426 0.025393 0.025000 0.583060 1654.000000 1080.000000
0 1448 0.139661 0.988426 0.025393 0.025000 0.717610 1654.000000 1080.000000
0 1449 0.137848 0.987500 0.026602 0.026852 0.816300 1654.000000 1080.000000
0 1450 0.136034 0.986574 0.027811 0.028704 0.906910 1654.000000 1080.000000
0 1451 0.134220 0.985648 0.029021 0.030556 0.970590 1654.000000 1080.000000
0 1452 0.133011 0.985185 0.030230 0.031481 0.971430 1654.000000 1080.000000
0 1453 0.131197 0.984259 0.031439 0.033333 0.972970 1654.000000 1080.000000
0 1454 0.129383 0.983333 0.032648 0.035185 0.974360 1654.000000 1080.000000
0 1455 0.127570 0.982407 0.033857 0.037037 0.975610 1654.000000 1080.000000
0 1456 0.126360 0.981944 0.035067 0.037963 0.976190 1654.000000 1080.000000
0 1457 0.124547 0.981019 0.036276 0.039815 0.977270 1654.000000 1080.000000
0 1458 0.122733 0.980093 0.037485 0.041667 0.978260 1654.000000 1080.000000
0 1459 0.121524 0.979630 0.038694 0.042593 0.978720 1654.000000 1080.000000
0 1460 0.118501 0.980093 0.038694 0.041667 0.978260 1654.000000 1080.000000
0 1461 0.115780 0.980556 0.039299 0.040741 0.977780 1654.000000 1080.000000
0 1462 0.113059 0.981019 0.038694 0.039815 0.977270 1654.000000 1080.000000
0 1463 0.110339 0.981481 0.039299 0.038889 0.976740 1654.000000 1080.000000
0 1464 0.107316 0.981944 0.039299 0.037963 0.976190 1654.000000 1080.000000
0 1465 0.104897 0.982407 0.039299 0.037037 0.975610 1654.000000 1080.000000
0 1466 0.101874 0.982870 0.039299 0.036111 0.975000 1654.000000 1080.000000
0 1467 0.099154 0.983333 0.039903 0.035185 0.974360 1654.000000 1080.000000
0 1468 0.096433 0.983796 0.039299 0.034259 0.973680 1654.000000 1080.000000
0 1469 0.093712 0.984259 0.039903 0.033333 0.972970 1654.000000 1080.000000
0 1470 0.091294 0.985185 0.039903 0.031481 0.971430 1654.000000 1080.000000
0 1471 0.088875 0.984722 0.039903 0.032407 0.972220 1654.000000 1080.000000
0 1472 0.086457 0.984259 0.039903 0.033333 0.972970 1654.000000 1080.000000
0 1473 0.084039 0.984259 0.039903 0.033333 0.972970 1654.000000 1080.000000
0 1474 0.081923 0.983796 0.039299 0.034259 0.973680 1654.000000 1080.000000
0 1475 0.079504 0.983796 0.039299 0.034259 0.973680 1654.000000 1080.000000
0 1476 0.077086 0.983333 0.039299 0.035185 0.974360 1654.000000 1080.000000
0 1477 0.074970 0.982870 0.038694 0.036111 0.975000 1654.000000 1080.000000
0 1478 0.072551 0.982870 0.038694 0.036111 0.975000 1654.000000 1080.000000
0 1479 0.070133 0.982407 0.038694 0.037037 0.975610 1654.000000 1080.000000
0 1480 0.068319 0.982407 0.038694 0.037037 0.975610 1654.000000 1080.000000
0 1481 0.065901 0.981481 0.038694 0.038889 0.976740 1654.000000 1080.000000
0 1482 0.063785 0.981019 0.039299 0.039815 0.977270 1654.000000 1080.000000
0 1483 0.061669 0.980093 0.039903 0.041667 0.978260 1654.000000 1080.000000
0 1484 0.059553 0.979630 0.040508 0.042593 0.978720 1654.000000 1080.000000
0 1485 0.057437 0.979167 0.041112 0.043519 0.979170 1654.000000 1080.000000
0 1486 0.055320 0.978241 0.041717 0.045370 0.980000 1654.000000 1080.000000
0 1487 0.053204 0.977778 0.042322 0.046296 0.980390 1654.000000 1080.000000
0 1488 0.051088 0.976852 0.042926 0.048148 0.981130 1654.000000 1080.000000
0 1489 0.048972 0.976389 0.043531 0.049074 0.981480 1654.000000 1080.000000
0 1490 0.046856 0.975926 0.044135 0.050000 0.981820 1654.000000 1080.000000
0 1491 0.044740 0.975000 0.044740 0.051852 0.982460 1654.000000 1080.000000
0 1492 0.042624 0.974537 0.045345 0.052778 0.982760 1654.000000 1080.000000
0 1493 0.040508 0.974074 0.045949 0.053704 0.970280 1654.000000 1080.000000
0 1494 0.038089 0.973611 0.045949 0.054630 0.970560 1654.000000 1080.000000
0 1495 0.035671 0.973611 0.045949 0.054630 0.970560 1654.000000 1080.000000
0 1496 0.033555 0.973148 0.046554 0.055556 0.958390 1654.000000 1080.000000
0 1497 0.031439 0.973148 0.045949 0.055556 0.958060 1654.000000 1080.000000
0 1498 0.029021 0.973148 0.045949 0.055556 0.945280 1654.000000 1080.000000
0 1499 0.026904 0.972685 0.046554 0.056481 0.920800 1654.000000 1080.000000
0 1500 0.024486 0.972685 0.046554 0.056481 0.908190 1654.000000 1080.000000
0 1501 0.023277 0.972685 0.045345 0.056481 0.893250 1654.000000 1080.000000
0 1502 0.021765 0.972222 0.042322 0.057407 0.984130 1654.000000 1080.000000
0 1503 0.020556 0.972222 0.039903 0.057407 0.984130 1654.000000 1080.000000
0 1504 0.019045 0.972222 0.036880 0.057407 0.984130 1654.000000 1080.000000
0 1505 0.017836 0.972222 0.034462 0.057407 0.984130 1654.000000 1080.000000
0 1506 0.016324 0.971759 0.031439 0.058333 0.984380 1654.000000 1080.000000
0 1507 0.015115 0.971759 0.029021 0.058333 0.984380 1654.000000 1080.000000
0 1508 0.013603 0.971759 0.025998 0.058333 0.984380 1654.000000 1080.000000
0 1509 0.012394 0.971759 0.023579 0.058333 0.984380 1654.000000 1080.000000
0 1510 0.011185 0.971296 0.021161 0.059259 0.984620 1654.000000 1080.000000
0 1511 0.009976 0.971296 0.018742 0.059259 0.984620 1654.000000 1080.000000
0 1512 0.008767 0.971296 0.016324 0.059259 0.984620 1654.000000 1080.000000
0 1513 0.007557 0.971296 0.013906 0.059259 0.984620 1654.000000 1080.000000
0 1514 0.006348 0.971296 0.011487 0.059259 0.984620 1654.000000 1080.000000
0 1515 0.005139 0.971296 0.009069 0.059259 0.984620 1654.000000 1080.000000
0 1516 0.003930 0.971296 0.006651 0.059259 0.984620 1654.000000 1080.000000
0 1517 0.002721 0.971296 0.004232 0.059259 0.984620 1654.000000 1080.000000
