0 915 0.983676 0.975463 0.031439 0.050926 0.982140 1654.000000 1080.000000
0 916 0.982769 0.973611 0.032044 0.052778 1.000000 1654.000000 1080.000000
0 917 0.981862 0.972685 0.032648 0.054630 1.000000 1654.000000 1080.000000
0 918 0.980955 0.971759 0.033253 0.056481 1.000000 1654.000000 1080.000000
0 919 0.980351 0.970370 0.033253 0.059259 1.000000 1654.000000 1080.000000
0 920 0.979746 0.969444 0.034462 0.061111 1.000000 1654.000000 1080.000000
0 921 0.978839 0.968519 0.035067 0.062963 1.000000 1654.000000 1080.000000
0 922 0.978235 0.967593 0.035067 0.064815 1.000000 1654.000000 1080.000000
0 923 0.977328 0.965741 0.035671 0.066667 1.000000 1654.000000 1080.000000
0 924 0.976723 0.964815 0.036880 0.068519 0.883010 1654.000000 1080.000000
0 925 0.975816 0.963889 0.037485 0.070370 0.051948 1654.000000 1080.000000
0 926 0.975212 0.962500 0.037485 0.073148 0.871830 1654.000000 1080.000000
0 927 0.974305 0.961574 0.038089 0.075000 0.859380 1654.000000 1080.000000
0 928 0.973700 0.960648 0.039299 0.076852 0.849210 1654.000000 1080.000000
0 929 0.973096 0.959722 0.039299 0.078704 0.850950 1654.000000 1080.000000
0 930 0.972189 0.957870 0.039903 0.080556 0.842100 1654.000000 1080.000000
0 931 0.971282 0.956944 0.040508 0.082407 0.833330 1654.000000 1080.000000
0 932 0.970677 0.956019 0.041717 0.084259 0.823910 1654.000000 1080.000000
0 933 0.970073 0.954630 0.041717 0.087037 0.828570 1654.000000 1080.000000
0 934 0.969166 0.953704 0.042322 0.088889 0.817050 1654.000000 1080.000000
0 935 0.968259 0.952778 0.042926 0.090741 0.805560 1654.000000 1080.000000
0 936 0.967956 0.951852 0.043531 0.092593 0.803070 1654.000000 1080.000000
0 937 0.966747 0.950463 0.043531 0.095370 0.793990 1654.000000 1080.000000
0 938 0.965538 0.949074 0.043531 0.098148 0.793880 1654.000000 1080.000000
0 939 0.964933 0.948148 0.043531 0.100000 0.791880 1654.000000 1080.000000
0 940 0.963724 0.946759 0.043531 0.102778 0.782780 1654.000000 1080.000000
0 941 0.962515 0.945370 0.043531 0.105556 0.782730 1654.000000 1080.000000
0 942 0.961911 0.944907 0.043531 0.108333 0.779890 1654.000000 1080.000000
0 943 0.960701 0.943519 0.043531 0.111111 0.770750 1654.000000 1080.000000
0 944 0.959492 0.942130 0.043531 0.113889 0.770770 1654.000000 1080.000000
0 945 0.958888 0.941204 0.043531 0.115741 0.768970 1654.000000 1080.000000
0 946 0.957678 0.939815 0.043531 0.118519 0.759800 1654.000000 1080.000000
0 947 0.956469 0.938426 0.043531 0.121296 0.759860 1654.000000 1080.000000
0 948 0.955865 0.937963 0.043531 0.124074 0.757280 1654.000000 1080.000000
0 949 0.954655 0.936574 0.043531 0.126852 0.748060 1654.000000 1080.000000
0 950 0.953446 0.935185 0.043531 0.129630 0.745560 1654.000000 1080.000000
0 951 0.952842 0.934259 0.043531 0.131481 0.741350 1654.000000 1080.000000
0 952 0.951632 0.932870 0.043531 0.134259 0.732030 1654.000000 1080.000000
0 953 0.951028 0.932407 0.043531 0.137037 0.732650 1654.000000 1080.000000
0 954 0.949819 0.931019 0.043531 0.139815 0.723410 1654.000000 1080.000000
0 955 0.949214 0.929630 0.043531 0.142593 0.721340 1654.000000 1080.000000
0 956 0.948005 0.928704 0.043531 0.144444 0.720010 1654.000000 1080.000000
0 957 0.947400 0.927315 0.043531 0.147222 0.718070 1654.000000 1080.000000
0 958 0.946493 0.926389 0.044135 0.149074 0.708380 1654.000000 1080.000000
0 959 0.945586 0.925000 0.043531 0.151852 0.714990 1654.000000 1080.000000
0 960 0.944680 0.923611 0.044135 0.154630 0.707130 1654.000000 1080.000000
0 961 0.943773 0.922685 0.043531 0.156481 0.702010 1654.000000 1080.000000
0 962 0.942866 0.921296 0.044135 0.159259 0.704260 1654.000000 1080.000000
0 963 0.942261 0.920370 0.044135 0.161111 0.703170 1654.000000 1080.000000
0 964 0.941052 0.918981 0.044135 0.163889 0.691470 1654.000000 1080.000000
0 965 0.940447 0.917593 0.044135 0.166667 0.692100 1654.000000 1080.000000
0 966 0.939238 0.916667 0.044135 0.168519 0.691040 1654.000000 1080.000000
0 967 0.938634 0.915278 0.044135 0.171296 0.691660 1654.000000 1080.000000
0 968 0.938029 0.914352 0.044135 0.173148 0.690630 1654.000000 1080.000000
0 969 0.936820 0.912037 0.044135 0.174074 0.685260 1654.000000 1080.000000
0 970 0.936215 0.910648 0.044135 0.175000 0.684710 1654.000000 1080.000000
0 971 0.935611 0.908796 0.044135 0.175000 0.684710 1654.000000 1080.000000
0 972 0.934401 0.907407 0.044135 0.175926 0.673980 1654.000000 1080.000000
0 973 0.933797 0.905093 0.044135 0.176852 0.675680 1654.000000 1080.000000
0 974 0.933192 0.903704 0.044135 0.177778 0.675120 1654.000000 1080.000000
0 975 0.931983 0.901852 0.044135 0.177778 0.664960 1654.000000 1080.000000
0 976 0.931378 0.900463 0.044135 0.178704 0.664390 1654.000000 1080.000000
0 977 0.930774 0.898148 0.044135 0.179630 0.676230 1654.000000 1080.000000
0 978 0.929565 0.896759 0.044135 0.180556 0.665540 1654.000000 1080.000000
0 979 0.928960 0.894907 0.044135 0.180556 0.665540 1654.000000 1080.000000
0 980 0.928356 0.893519 0.044135 0.181481 0.664970 1654.000000 1080.000000
0 981 0.927751 0.891667 0.044135 0.181481 0.664970 1654.000000 1080.000000
0 982 0.927146 0.890278 0.044135 0.180556 0.663270 1654.000000 1080.000000
0 983 0.926542 0.888889 0.044135 0.181481 0.662710 1654.000000 1080.000000
0 984 0.925937 0.887500 0.044135 0.180556 0.660990 1654.000000 1080.000000
0 985 0.925937 0.885648 0.044135 0.180556 0.671260 1654.000000 1080.000000
0 986 0.925333 0.884722 0.044135 0.180556 0.669060 1654.000000 1080.000000
0 987 0.924728 0.882870 0.044135 0.180556 0.671260 1654.000000 1080.000000
0 988 0.924123 0.881481 0.044135 0.179630 0.679900 1654.000000 1080.000000
0 989 0.924123 0.880093 0.044135 0.180556 0.689740 1654.000000 1080.000000
0 990 0.923519 0.878704 0.044135 0.179630 0.688150 1654.000000 1080.000000
0 991 0.922914 0.876852 0.044135 0.179630 0.688150 1654.000000 1080.000000
0 992 0.922310 0.875926 0.044135 0.179630 0.696530 1654.000000 1080.000000
0 993 0.921705 0.874074 0.044135 0.179630 0.696530 1654.000000 1080.000000
0 994 0.921705 0.872685 0.044135 0.178704 0.705490 1654.000000 1080.000000
0 995 0.921100 0.871296 0.044135 0.179630 0.705060 1654.000000 1080.000000
0 996 0.920496 0.869907 0.044135 0.178704 0.714130 1654.000000 1080.000000
0 997 0.919891 0.868056 0.044135 0.178704 0.714130 1654.000000 1080.000000
0 998 0.919891 0.867130 0.044135 0.178704 0.722900 1654.000000 1080.000000
0 999 0.919287 0.866667 0.044135 0.179630 0.720720 1654.000000 1080.000000
0 1000 0.918984 0.866204 0.044740 0.180556 0.722310 1654.000000 1080.000000
0 1001 0.918380 0.865741 0.044740 0.181481 0.720200 1654.000000 1080.000000
0 1002 0.918380 0.865741 0.044740 0.181481 0.716680 1654.000000 1080.000000
0 1003 0.917775 0.863426 0.044740 0.178704 0.715880 1654.000000 1080.000000
0 1004 0.917775 0.861574 0.044740 0.176852 0.716530 1654.000000 1080.000000
0 1005 0.917775 0.860185 0.044740 0.174074 0.724870 1654.000000 1080.000000
0 1006 0.917170 0.858333 0.044740 0.172222 0.712660 1654.000000 1080.000000
0 1007 0.917170 0.856019 0.044740 0.169444 0.722830 1654.000000 1080.000000
0 1008 0.917170 0.854630 0.044740 0.166667 0.731270 1654.000000 1080.000000
0 1009 0.916566 0.852778 0.044740 0.164815 0.720670 1654.000000 1080.000000
0 1010 0.916566 0.850926 0.044740 0.162963 0.730620 1654.000000 1080.000000
0 1011 0.916566 0.849537 0.044740 0.160185 0.727820 1654.000000 1080.000000
0 1012 0.915961 0.850000 0.044740 0.161111 0.723890 1654.000000 1080.000000
0 1013 0.915961 0.850926 0.044740 0.162963 0.721580 1654.000000 1080.000000
0 1014 0.915961 0.851852 0.044740 0.164815 0.729310 1654.000000 1080.000000
0 1015 0.915961 0.852778 0.044740 0.166667 0.727220 1654.000000 1080.000000
0 1016 0.915961 0.853704 0.044740 0.168519 0.723500 1654.000000 1080.000000
0 1017 0.915357 0.852778 0.044740 0.170370 0.724830 1654.000000 1080.000000
0 1018 0.914752 0.852315 0.044740 0.173148 0.714040 1654.000000 1080.000000
0 1019 0.914148 0.851389 0.044740 0.175000 0.701750 1654.000000 1080.000000
0 1020 0.913543 0.850926 0.044740 0.177778 0.702940 1654.000000 1080.000000
0 1021 0.913543 0.850926 0.044740 0.179630 0.702560 1654.000000 1080.000000
0 1022 0.913543 0.849074 0.044740 0.179630 0.702560 1654.000000 1080.000000
0 1023 0.913543 0.847685 0.044740 0.178704 0.702750 1654.000000 1080.000000
0 1024 0.913543 0.846296 0.044740 0.179630 0.716100 1654.000000 1080.000000
0 1025 0.913543 0.844907 0.044740 0.178704 0.714640 1654.000000 1080.000000
0 1026 0.913543 0.843056 0.044740 0.178704 0.716290 1654.000000 1080.000000
0 1027 0.913543 0.842130 0.044740 0.178704 0.728110 1654.000000 1080.000000
0 1028 0.913543 0.840741 0.044740 0.177778 0.726700 1654.000000 1080.000000
0 1029 0.913543 0.838889 0.044740 0.177778 0.728290 1654.000000 1080.000000
0 1030 0.913543 0.837963 0.044740 0.177778 0.728290 1654.000000 1080.000000
0 1031 0.913543 0.836111 0.044740 0.177778 0.729880 1654.000000 1080.000000
0 1032 0.913543 0.835185 0.044740 0.177778 0.729880 1654.000000 1080.000000
0 1033 0.913543 0.833333 0.044740 0.177778 0.733060 1654.000000 1080.000000
0 1034 0.913543 0.831944 0.044740 0.176852 0.733260 1654.000000 1080.000000
0 1035 0.913543 0.831019 0.044740 0.176852 0.734860 1654.000000 1080.000000
0 1036 0.913543 0.829167 0.044740 0.176852 0.736460 1654.000000 1080.000000
0 1037 0.913543 0.827778 0.044740 0.175926 0.736680 1654.000000 1080.000000
0 1038 0.913543 0.826389 0.044740 0.176852 0.739650 1654.000000 1080.000000
0 1039 0.913543 0.825000 0.044740 0.175926 0.739900 1654.000000 1080.000000
0 1040 0.913845 0.824074 0.044135 0.175926 0.738010 1654.000000 1080.000000
0 1041 0.913845 0.822222 0.044135 0.175926 0.726620 1654.000000 1080.000000
0 1042 0.913845 0.820370 0.044135 0.175926 0.716990 1654.000000 1080.000000
0 1043 0.913845 0.818519 0.044135 0.175926 0.707510 1654.000000 1080.000000
0 1044 0.914148 0.817593 0.044740 0.175926 0.698430 1654.000000 1080.000000
0 1045 0.914148 0.815741 0.044740 0.175926 0.689210 1654.000000 1080.000000
0 1046 0.914450 0.813889 0.044135 0.175926 0.687000 1654.000000 1080.000000
0 1047 0.914450 0.812963 0.044135 0.175926 0.664640 1654.000000 1080.000000
0 1048 0.914752 0.811111 0.044740 0.175926 0.658080 1654.000000 1080.000000
0 1049 0.914752 0.809259 0.044740 0.175926 0.649280 1654.000000 1080.000000
0 1050 0.914752 0.808333 0.044740 0.175926 0.638320 1654.000000 1080.000000
0 1051 0.915054 0.806481 0.044135 0.175926 0.633440 1654.000000 1080.000000
0 1052 0.915357 0.804630 0.044740 0.175926 0.629740 1654.000000 1080.000000
0 1053 0.915357 0.803704 0.044740 0.175926 0.618850 1654.000000 1080.000000
0 1054 0.915357 0.801852 0.044740 0.175926 0.599650 1654.000000 1080.000000
0 1055 0.915357 0.800000 0.044740 0.175926 0.599650 1654.000000 1080.000000
0 1056 0.915961 0.799074 0.044740 0.175926 0.607960 1654.000000 1080.000000
0 1057 0.915961 0.797222 0.044740 0.175926 0.607960 1654.000000 1080.000000
0 1058 0.915961 0.795370 0.044740 0.175926 0.610470 1654.000000 1080.000000
0 1059 0.916264 0.793519 0.044135 0.175926 0.616170 1654.000000 1080.000000
0 1060 0.916566 0.791667 0.044740 0.175926 0.610470 1654.000000 1080.000000
0 1061 0.916566 0.790278 0.044740 0.176852 0.612500 1654.000000 1080.000000
0 1062 0.916868 0.788889 0.044135 0.175926 0.616170 1654.000000 1080.000000
0 1063 0.917170 0.787037 0.044740 0.175926 0.621290 1654.000000 1080.000000
0 1064 0.917170 0.785185 0.044740 0.175926 0.621290 1654.000000 1080.000000
0 1065 0.917473 0.783796 0.044135 0.176852 0.618170 1654.000000 1080.000000
0 1066 0.917473 0.781944 0.044135 0.176852 0.618170 1654.000000 1080.000000
0 1067 0.917775 0.780556 0.044740 0.175926 0.621290 1654.000000 1080.000000
0 1068 0.918077 0.778704 0.044135 0.175926 0.629550 1654.000000 1080.000000
0 1069 0.918077 0.777315 0.044135 0.176852 0.629080 1654.000000 1080.000000
0 1070 0.918380 0.775463 0.044740 0.176852 0.623260 1654.000000 1080.000000
0 1071 0.918682 0.773611 0.044135 0.176852 0.629080 1654.000000 1080.000000
0 1072 0.918682 0.772222 0.044135 0.175926 0.629550 1654.000000 1080.000000
0 1073 0.918682 0.770833 0.044135 0.176852 0.629080 1654.000000 1080.000000
0 1074 0.919287 0.768981 0.044135 0.176852 0.639990 1654.000000 1080.000000
0 1075 0.919287 0.767130 0.044135 0.176852 0.631480 1654.000000 1080.000000
0 1076 0.919287 0.765278 0.044135 0.176852 0.631480 1654.000000 1080.000000
0 1077 0.919891 0.764352 0.044135 0.176852 0.642310 1654.000000 1080.000000
0 1078 0.919891 0.762037 0.044135 0.175926 0.642780 1654.000000 1080.000000
0 1079 0.920496 0.760185 0.044135 0.175926 0.645110 1654.000000 1080.000000
0 1080 0.920496 0.758333 0.044135 0.175926 0.645110 1654.000000 1080.000000
0 1081 0.921100 0.756481 0.044135 0.175926 0.658130 1654.000000 1080.000000
0 1082 0.921100 0.754630 0.044135 0.175926 0.658130 1654.000000 1080.000000
0 1083 0.921705 0.752778 0.044135 0.175926 0.660390 1654.000000 1080.000000
0 1084 0.921705 0.750926 0.044135 0.174074 0.659090 1654.000000 1080.000000
0 1085 0.922310 0.749074 0.044135 0.174074 0.671960 1654.000000 1080.000000
0 1086 0.922310 0.747222 0.044135 0.174074 0.671960 1654.000000 1080.000000
0 1087 0.922914 0.745370 0.044135 0.174074 0.674170 1654.000000 1080.000000
0 1088 0.922914 0.743519 0.044135 0.174074 0.674170 1654.000000 1080.000000
0 1089 0.923519 0.741667 0.044135 0.174074 0.686830 1654.000000 1080.000000
0 1090 0.923519 0.739815 0.044135 0.174074 0.686830 1654.000000 1080.000000
0 1091 0.924123 0.737963 0.044135 0.172222 0.687820 1654.000000 1080.000000
0 1092 0.924123 0.736111 0.044135 0.172222 0.696130 1654.000000 1080.000000
0 1093 0.924728 0.734259 0.044135 0.172222 0.717080 1654.000000 1080.000000
0 1094 0.924728 0.732407 0.044135 0.172222 0.727560 1654.000000 1080.000000
0 1095 0.925333 0.730556 0.044135 0.172222 0.748520 1654.000000 1080.000000
0 1096 0.925333 0.728704 0.044135 0.172222 0.759000 1654.000000 1080.000000
0 1097 0.925937 0.727315 0.044135 0.171296 0.768240 1654.000000 1080.000000
0 1098 0.925333 0.725463 0.044135 0.171296 0.768240 1654.000000 1080.000000
0 1099 0.924728 0.723611 0.044135 0.171296 0.768240 1654.000000 1080.000000
0 1100 0.924728 0.722222 0.044135 0.170370 0.777570 1654.000000 1080.000000
0 1101 0.924123 0.720370 0.044135 0.170370 0.777570 1654.000000 1080.000000
0 1102 0.923821 0.718981 0.043531 0.169444 0.773300 1654.000000 1080.000000
0 1103 0.923519 0.717130 0.044135 0.169444 0.776370 1654.000000 1080.000000
0 1104 0.922914 0.715278 0.044135 0.169444 0.776370 1654.000000 1080.000000
0 1105 0.922612 0.713889 0.043531 0.168519 0.782920 1654.000000 1080.000000
0 1106 0.922310 0.712037 0.044135 0.168519 0.785850 1654.000000 1080.000000
0 1107 0.922007 0.710648 0.043531 0.167593 0.781730 1654.000000 1080.000000
0 1108 0.921403 0.708796 0.043531 0.167593 0.781730 1654.000000 1080.000000
0 1109 0.921100 0.706944 0.044135 0.167593 0.773910 1654.000000 1080.000000
0 1110 0.920798 0.705556 0.043531 0.166667 0.780520 1654.000000 1080.000000
0 1111 0.920193 0.703704 0.043531 0.166667 0.769550 1654.000000 1080.000000
0 1112 0.920193 0.702315 0.043531 0.165741 0.779300 1654.000000 1080.000000
0 1113 0.919589 0.700463 0.043531 0.165741 0.769860 1654.000000 1080.000000
0 1114 0.919589 0.699537 0.043531 0.165741 0.779300 1654.000000 1080.000000
0 1115 0.919589 0.697685 0.043531 0.165741 0.779300 1654.000000 1080.000000
0 1116 0.919891 0.696759 0.044135 0.165741 0.785440 1654.000000 1080.000000
0 1117 0.920193 0.694907 0.043531 0.165741 0.787210 1654.000000 1080.000000
0 1118 0.920496 0.693981 0.044135 0.165741 0.781760 1654.000000 1080.000000
0 1119 0.920496 0.692593 0.044135 0.166667 0.774900 1654.000000 1080.000000
0 1120 0.921100 0.691204 0.044135 0.165741 0.776350 1654.000000 1080.000000
0 1121 0.921100 0.689815 0.044135 0.166667 0.769300 1654.000000 1080.000000
0 1122 0.921403 0.688889 0.044740 0.166667 0.762060 1654.000000 1080.000000
0 1123 0.921705 0.687037 0.044135 0.166667 0.764370 1654.000000 1080.000000
0 1124 0.922007 0.686111 0.044740 0.166667 0.764570 1654.000000 1080.000000
0 1125 0.922007 0.684722 0.044740 0.167593 0.768280 1654.000000 1080.000000
0 1126 0.922612 0.683333 0.044740 0.166667 0.764940 1654.000000 1080.000000
0 1127 0.922612 0.681944 0.044740 0.167593 0.770040 1654.000000 1080.000000
0 1128 0.923216 0.681019 0.044740 0.167593 0.765860 1654.000000 1080.000000
0 1129 0.923216 0.679167 0.044740 0.167593 0.770400 1654.000000 1080.000000
0 1130 0.923216 0.677778 0.044740 0.166667 0.770830 1654.000000 1080.000000
0 1131 0.923216 0.676389 0.044740 0.167593 0.774510 1654.000000 1080.000000
0 1132 0.923216 0.675000 0.044740 0.166667 0.777900 1654.000000 1080.000000
0 1133 0.923216 0.673611 0.044740 0.165741 0.776670 1654.000000 1080.000000
0 1134 0.923216 0.672222 0.044740 0.166667 0.780330 1654.000000 1080.000000
0 1135 0.923216 0.670833 0.044740 0.165741 0.779110 1654.000000 1080.000000
0 1136 0.923216 0.669444 0.044740 0.166667 0.782760 1654.000000 1080.000000
0 1137 0.923216 0.668056 0.044740 0.165741 0.781560 1654.000000 1080.000000
0 1138 0.923216 0.666667 0.044740 0.164815 0.785030 1654.000000 1080.000000
0 1139 0.923216 0.665278 0.044740 0.165741 0.797630 1654.000000 1080.000000
0 1140 0.923216 0.663889 0.044740 0.164815 0.789650 1654.000000 1080.000000
0 1141 0.923216 0.662963 0.044740 0.164815 0.792180 1654.000000 1080.000000
0 1142 0.922612 0.661111 0.044740 0.164815 0.782720 1654.000000 1080.000000
0 1143 0.922612 0.659722 0.044740 0.165741 0.786440 1654.000000 1080.000000
0 1144 0.922007 0.658333 0.044740 0.164815 0.782720 1654.000000 1080.000000
0 1145 0.922007 0.656944 0.044740 0.165741 0.786440 1654.000000 1080.000000
0 1146 0.922007 0.655093 0.044740 0.165741 0.779560 1654.000000 1080.000000
0 1147 0.921403 0.654167 0.044740 0.165741 0.777190 1654.000000 1080.000000
0 1148 0.921403 0.652315 0.044740 0.165741 0.770220 1654.000000 1080.000000
0 1149 0.920798 0.650926 0.044740 0.166667 0.769060 1654.000000 1080.000000
0 1150 0.920798 0.649537 0.044740 0.165741 0.760740 1654.000000 1080.000000
0 1151 0.920798 0.648148 0.044740 0.166667 0.752490 1654.000000 1080.000000
0 1152 0.920193 0.646759 0.044740 0.167593 0.751280 1654.000000 1080.000000
0 1153 0.920193 0.645370 0.044740 0.166667 0.742760 1654.000000 1080.000000
0 1154 0.919589 0.643981 0.044740 0.167593 0.744180 1654.000000 1080.000000
0 1155 0.919589 0.642130 0.044740 0.167593 0.737070 1654.000000 1080.000000
0 1156 0.919589 0.641204 0.044740 0.167593 0.727180 1654.000000 1080.000000
0 1157 0.918984 0.639352 0.044740 0.167593 0.727180 1654.000000 1080.000000
0 1158 0.918984 0.637963 0.044740 0.168519 0.718690 1654.000000 1080.000000
0 1159 0.918380 0.636574 0.044740 0.167593 0.717140 1654.000000 1080.000000
0 1160 0.918380 0.635185 0.044740 0.168519 0.708560 1654.000000 1080.000000
0 1161 0.918380 0.634259 0.044740 0.168519 0.698290 1654.000000 1080.000000
0 1162 0.917170 0.631481 0.044740 0.168519 0.708560 1654.000000 1080.000000
0 1163 0.916264 0.629630 0.045345 0.168519 0.712400 1654.000000 1080.000000
0 1164 0.915357 0.627778 0.045949 0.168519 0.726000 1654.000000 1080.000000
0 1165 0.914450 0.625926 0.046554 0.168519 0.764190 1654.000000 1080.000000
0 1166 0.913845 0.623611 0.046554 0.167593 0.806710 1654.000000 1080.000000
0 1167 0.912938 0.621759 0.047158 0.167593 0.844830 1654.000000 1080.000000
0 1168 0.912031 0.619907 0.047763 0.167593 0.886740 1654.000000 1080.000000
0 1169 0.911125 0.617593 0.048368 0.168519 0.928760 1654.000000 1080.000000
0 1170 0.910218 0.615741 0.048972 0.168519 0.870720 1654.000000 1080.000000
0 1171 0.909613 0.613426 0.048972 0.167593 0.818010 1654.000000 1080.000000
0 1172 0.908706 0.611574 0.049577 0.167593 0.766450 1654.000000 1080.000000
0 1173 0.907799 0.609722 0.050181 0.167593 0.762820 1654.000000 1080.000000
0 1174 0.906892 0.607870 0.050786 0.167593 0.768000 1654.000000 1080.000000
0 1175 0.906288 0.606019 0.050786 0.167593 0.770390 1654.000000 1080.000000
0 1176 0.905381 0.604167 0.050181 0.167593 0.773940 1654.000000 1080.000000
0 1177 0.904776 0.602778 0.050181 0.168519 0.768930 1654.000000 1080.000000
0 1178 0.904172 0.600926 0.050181 0.168519 0.771340 1654.000000 1080.000000
0 1179 0.903567 0.599537 0.050181 0.169444 0.770190 1654.000000 1080.000000
0 1180 0.903265 0.598148 0.049577 0.168519 0.768580 1654.000000 1080.000000
0 1181 0.902358 0.596759 0.048972 0.169444 0.773330 1654.000000 1080.000000
0 1182 0.901753 0.594907 0.048972 0.169444 0.770940 1654.000000 1080.000000
0 1183 0.901149 0.593519 0.048972 0.170370 0.769810 1654.000000 1080.000000
0 1184 0.900544 0.591667 0.048972 0.170370 0.769810 1654.000000 1080.000000
0 1185 0.900242 0.590741 0.048368 0.170370 0.764560 1654.000000 1080.000000
0 1186 0.899335 0.588889 0.047763 0.170370 0.768240 1654.000000 1080.000000
0 1187 0.898730 0.587500 0.047763 0.171296 0.773790 1654.000000 1080.000000
0 1188 0.898126 0.585648 0.047763 0.171296 0.773790 1654.000000 1080.000000
0 1189 0.897521 0.584259 0.047763 0.172222 0.772730 1654.000000 1080.000000
0 1190 0.897219 0.582870 0.047158 0.171296 0.768610 1654.000000 1080.000000
0 1191 0.896312 0.581481 0.046554 0.172222 0.771490 1654.000000 1080.000000
0 1192 0.895707 0.579630 0.046554 0.172222 0.778420 1654.000000 1080.000000
0 1193 0.895103 0.578241 0.046554 0.173148 0.770460 1654.000000 1080.000000
0 1194 0.894498 0.576389 0.046554 0.173148 0.763500 1654.000000 1080.000000
0 1195 0.894196 0.575463 0.045949 0.173148 0.760430 1654.000000 1080.000000
0 1196 0.892080 0.573148 0.046554 0.172222 0.771490 1654.000000 1080.000000
0 1197 0.890568 0.571759 0.047158 0.171296 0.773170 1654.000000 1080.000000
0 1198 0.889057 0.570370 0.047763 0.170370 0.783780 1654.000000 1080.000000
0 1199 0.887545 0.568519 0.048368 0.170370 0.786450 1654.000000 1080.000000
0 1200 0.886034 0.567130 0.048972 0.169444 0.787910 1654.000000 1080.000000
0 1201 0.884522 0.565741 0.049577 0.168519 0.797950 1654.000000 1080.000000
0 1202 0.882406 0.564352 0.048972 0.167593 0.814260 1654.000000 1080.000000
0 1203 0.880593 0.562963 0.048972 0.166667 0.826570 1654.000000 1080.000000
0 1204 0.878779 0.561574 0.048972 0.165741 0.840650 1654.000000 1080.000000
0 1205 0.876965 0.560648 0.048972 0.163889 0.852290 1654.000000 1080.000000
0 1206 0.875151 0.559259 0.048972 0.162963 0.844700 1654.000000 1080.000000
0 1207 0.873337 0.557870 0.048972 0.162037 0.846380 1654.000000 1080.000000
0 1208 0.871524 0.556944 0.048972 0.160185 0.837330 1654.000000 1080.000000
0 1209 0.869710 0.555556 0.048972 0.159259 0.839280 1654.000000 1080.000000
0 1210 0.867896 0.554167 0.048972 0.158333 0.841750 1654.000000 1080.000000
0 1211 0.866385 0.553704 0.048368 0.157407 0.840590 1654.000000 1080.000000
0 1212 0.865780 0.551852 0.048368 0.157407 0.851850 1654.000000 1080.000000
0 1213 0.865175 0.550463 0.048368 0.158333 0.852210 1654.000000 1080.000000
0 1214 0.864571 0.549537 0.048368 0.158333 0.862760 1654.000000 1080.000000
0 1215 0.863966 0.548148 0.048368 0.159259 0.863130 1654.000000 1080.000000
0 1216 0.863362 0.547222 0.048368 0.159259 0.873690 1654.000000 1080.000000
0 1217 0.862757 0.545833 0.048368 0.160185 0.874060 1654.000000 1080.000000
0 1218 0.862152 0.544444 0.048368 0.161111 0.885010 1654.000000 1080.000000
0 1219 0.861548 0.543519 0.048368 0.161111 0.903280 1654.000000 1080.000000
0 1220 0.860943 0.542130 0.048368 0.162037 0.895970 1654.000000 1080.000000
0 1221 0.860339 0.541204 0.048368 0.162037 0.907270 1654.000000 1080.000000
0 1222 0.859734 0.539815 0.048368 0.162963 0.899910 1654.000000 1080.000000
0 1223 0.859129 0.538889 0.048368 0.162963 0.911140 1654.000000 1080.000000
0 1224 0.857316 0.537037 0.048368 0.162963 0.895650 1654.000000 1080.000000
0 1225 0.856106 0.536111 0.048368 0.162963 0.902490 1654.000000 1080.000000
0 1226 0.854293 0.535185 0.048368 0.162963 0.886800 1654.000000 1080.000000
0 1227 0.853083 0.534259 0.048368 0.162963 0.893000 1654.000000 1080.000000
0 1228 0.851874 0.532870 0.048368 0.162037 0.881800 1654.000000 1080.000000
0 1229 0.850060 0.531944 0.048368 0.162037 0.884190 1654.000000 1080.000000
0 1230 0.848851 0.531019 0.048368 0.162037 0.872760 1654.000000 1080.000000
0 1231 0.847037 0.530093 0.048368 0.162037 0.864200 1654.000000 1080.000000
0 1232 0.845828 0.528704 0.048368 0.161111 0.864130 1654.000000 1080.000000
0 1233 0.844619 0.527778 0.048368 0.161111 0.859890 1654.000000 1080.000000
0 1234 0.842805 0.526389 0.048368 0.162037 0.856410 1654.000000 1080.000000
0 1235 0.841596 0.525463 0.048368 0.162037 1.000000 1654.000000 1080.000000
0 1236 0.839782 0.524074 0.048368 0.161111 0.829630 1654.000000 1080.000000
0 1237 0.838573 0.523148 0.048368 0.161111 1.000000 1654.000000 1080.000000
0 1238 0.837364 0.522222 0.048368 0.161111 1.000000 1654.000000 1080.000000
0 1239 0.835550 0.521296 0.048368 0.161111 1.000000 1654.000000 1080.000000
0 1240 0.834341 0.519907 0.048368 0.160185 1.000000 1654.000000 1080.000000
0 1241 0.832527 0.518981 0.048368 0.160185 1.000000 1654.000000 1080.000000
0 1242 0.831318 0.518056 0.048368 0.160185 1.000000 1654.000000 1080.000000
0 1243 0.830109 0.517130 0.048368 0.160185 1.000000 1654.000000 1080.000000
0 1244 0.829202 0.515278 0.047763 0.160185 1.000000 1654.000000 1080.000000
0 1245 0.828295 0.513426 0.047158 0.160185 1.000000 1654.000000 1080.000000
0 1246 0.827993 0.511574 0.046554 0.160185 1.000000 1654.000000 1080.000000
0 1247 0.827086 0.509722 0.045949 0.160185 1.000000 1654.000000 1080.000000
0 1248 0.826481 0.507870 0.045949 0.160185 1.000000 1654.000000 1080.000000
0 1249 0.825877 0.506481 0.044740 0.159259 0.807630 1654.000000 1080.000000
0 1250 0.824970 0.504630 0.044135 0.159259 0.805030 1654.000000 1080.000000
0 1251 0.824365 0.502778 0.044135 0.159259 0.817220 1654.000000 1080.000000
0 1252 0.823761 0.500926 0.042926 0.159259 0.825790 1654.000000 1080.000000
0 1253 0.823156 0.499074 0.042926 0.159259 0.838230 1654.000000 1080.000000
0 1254 0.822249 0.497222 0.042322 0.159259 0.835950 1654.000000 1080.000000
0 1255 0.821947 0.496296 0.041717 0.159259 0.859210 1654.000000 1080.000000
0 1256 0.820738 0.494907 0.041717 0.158333 0.845510 1654.000000 1080.000000
0 1257 0.820133 0.493981 0.041717 0.158333 0.857480 1654.000000 1080.000000
0 1258 0.818924 0.493056 0.041717 0.158333 0.844520 1654.000000 1080.000000
0 1259 0.818319 0.492130 0.041717 0.158333 1.000000 1654.000000 1080.000000
0 1260 0.817412 0.491204 0.041112 0.158333 1.000000 1654.000000 1080.000000
0 1261 0.816505 0.490278 0.041717 0.158333 1.000000 1654.000000 1080.000000
0 1262 0.815599 0.488889 0.041112 0.157407 1.000000 1654.000000 1080.000000
0 1263 0.814692 0.487963 0.041717 0.157407 1.000000 1654.000000 1080.000000
0 1264 0.813785 0.487037 0.041112 0.157407 1.000000 1654.000000 1080.000000
0 1265 0.813180 0.486574 0.041112 0.156481 1.000000 1654.000000 1080.000000
0 1266 0.812273 0.485648 0.041717 0.156481 1.000000 1654.000000 1080.000000
0 1267 0.811366 0.484722 0.041112 0.156481 1.000000 1654.000000 1080.000000
0 1268 0.810459 0.483796 0.041717 0.156481 1.000000 1654.000000 1080.000000
0 1269 0.809553 0.482407 0.041112 0.155556 1.000000 1654.000000 1080.000000
0 1270 0.808948 0.481481 0.041112 0.155556 1.000000 1654.000000 1080.000000
0 1271 0.807739 0.480556 0.041112 0.155556 1.000000 1654.000000 1080.000000
0 1272 0.807134 0.479630 0.041112 0.155556 1.000000 1654.000000 1080.000000
0 1273 0.805925 0.478704 0.041112 0.155556 1.000000 1654.000000 1080.000000
0 1274 0.805320 0.477778 0.041112 0.155556 1.000000 1654.000000 1080.000000
0 1275 0.804716 0.477315 0.041112 0.154630 1.000000 1654.000000 1080.000000
0 1276 0.804111 0.475463 0.041112 0.154630 1.000000 1654.000000 1080.000000
0 1277 0.804111 0.474537 0.041112 0.154630 1.000000 1654.000000 1080.000000
0 1278 0.803507 0.472685 0.041112 0.154630 1.000000 1654.000000 1080.000000
0 1279 0.803507 0.471759 0.041112 0.154630 1.000000 1654.000000 1080.000000
0 1280 0.802902 0.469907 0.041112 0.154630 1.000000 1654.000000 1080.000000
0 1281 0.802902 0.468981 0.041112 0.154630 1.000000 1654.000000 1080.000000
0 1282 0.802600 0.467130 0.041717 0.154630 1.000000 1654.000000 1080.000000
0 1283 0.802297 0.466204 0.041112 0.154630 1.000000 1654.000000 1080.000000
0 1284 0.801995 0.464352 0.041717 0.154630 1.000000 1654.000000 1080.000000
0 1285 0.801693 0.463426 0.041112 0.154630 1.000000 1654.000000 1080.000000
0 1286 0.801391 0.461574 0.041717 0.154630 0.982650 1654.000000 1080.000000
0 1287 0.801391 0.460648 0.041717 0.154630 0.965310 1654.000000 1080.000000
0 1288 0.800786 0.458796 0.041717 0.154630 0.957060 1654.000000 1080.000000
0 1289 0.800786 0.457870 0.041717 0.154630 0.947960 1654.000000 1080.000000
0 1290 0.800181 0.456019 0.041717 0.154630 0.939880 1654.000000 1080.000000
0 1291 0.800181 0.455093 0.041717 0.154630 0.921940 1654.000000 1080.000000
0 1292 0.799879 0.453241 0.042322 0.154630 0.906860 1654.000000 1080.000000
0 1293 0.799577 0.452315 0.041717 0.154630 0.905530 1654.000000 1080.000000
0 1294 0.799274 0.450463 0.042322 0.154630 0.889920 1654.000000 1080.000000
0 1295 0.798972 0.449537 0.041717 0.154630 0.878570 1654.000000 1080.000000
0 1296 0.798670 0.447685 0.042322 0.154630 0.863180 1654.000000 1080.000000
0 1297 0.798670 0.446759 0.042322 0.154630 0.853200 1654.000000 1080.000000
0 1298 0.798065 0.444907 0.042322 0.154630 0.844570 1654.000000 1080.000000
0 1299 0.798065 0.443981 0.042322 0.154630 0.825620 1654.000000 1080.000000
0 1300 0.797461 0.442130 0.042322 0.154630 0.816900 1654.000000 1080.000000
0 1301 0.797461 0.441204 0.042322 0.154630 0.808180 1654.000000 1080.000000
0 1302 0.796856 0.439352 0.042322 0.154630 0.799460 1654.000000 1080.000000
0 1303 0.796856 0.438426 0.042322 0.154630 0.779930 1654.000000 1080.000000
0 1304 0.796252 0.437500 0.042322 0.154630 0.768950 1654.000000 1080.000000
0 1305 0.796252 0.435648 0.042322 0.154630 0.760060 1654.000000 1080.000000
0 1306 0.795647 0.434722 0.042322 0.154630 0.748830 1654.000000 1080.000000
0 1307 0.795647 0.432870 0.042322 0.154630 0.730890 1654.000000 1080.000000
0 1308 0.795042 0.431944 0.042322 0.154630 0.730890 1654.000000 1080.000000
0 1309 0.795042 0.431019 0.042322 0.154630 0.719320 1654.000000 1080.000000
0 1310 0.794438 0.429167 0.042322 0.154630 0.719320 1654.000000 1080.000000
0 1311 0.794438 0.428241 0.042322 0.154630 0.707580 1654.000000 1080.000000
0 1312 0.793833 0.426389 0.042322 0.154630 0.707580 1654.000000 1080.000000
0 1313 0.793833 0.425463 0.042322 0.154630 0.695670 1654.000000 1080.000000
0 1314 0.793833 0.424537 0.042322 0.154630 0.683600 1654.000000 1080.000000
0 1315 0.793833 0.422222 0.042322 0.153704 0.675300 1654.000000 1080.000000
0 1316 0.793833 0.420370 0.042322 0.153704 0.669060 1654.000000 1080.000000
0 1317 0.793833 0.418981 0.042322 0.152778 0.657810 1654.000000 1080.000000
0 1318 0.794438 0.417130 0.042322 0.152778 0.639320 1654.000000 1080.000000
0 1319 0.794438 0.415278 0.042322 0.152778 0.630070 1654.000000 1080.000000
0 1320 0.794438 0.413889 0.042322 0.151852 0.618520 1654.000000 1080.000000
0 1321 0.795042 0.412037 0.042322 0.151852 0.599910 1654.000000 1080.000000
0 1322 0.795042 0.410648 0.042322 0.150926 0.588110 1654.000000 1080.000000
0 1323 0.795042 0.408796 0.042322 0.150926 0.591890 1654.000000 1080.000000
0 1324 0.795042 0.406944 0.042322 0.150926 0.582620 1654.000000 1080.000000
0 1325 0.795647 0.405556 0.042322 0.150000 0.565450 1654.000000 1080.000000
0 1326 0.795647 0.403704 0.042322 0.150000 0.565450 1654.000000 1080.000000
0 1327 0.795647 0.402315 0.042322 0.149074 0.557640 1654.000000 1080.000000
0 1328 0.796252 0.400463 0.042322 0.149074 0.552690 1654.000000 1080.000000
0 1329 0.796252 0.398611 0.042322 0.149074 0.543560 1654.000000 1080.000000
0 1330 0.796252 0.397222 0.042322 0.148148 0.545100 1654.000000 1080.000000
0 1331 0.796252 0.395370 0.042322 0.148148 0.540460 1654.000000 1080.000000
0 1332 0.796856 0.393981 0.042322 0.147222 0.519450 1654.000000 1080.000000
0 1333 0.796856 0.392130 0.042322 0.147222 0.524120 1654.000000 1080.000000
0 1334 0.796856 0.390278 0.042322 0.147222 0.515140 1654.000000 1080.000000
0 1335 0.797461 0.388889 0.042322 0.146296 0.507930 1654.000000 1080.000000
0 1336 0.797461 0.387037 0.042322 0.146296 0.503940 1654.000000 1080.000000
0 1337 0.797461 0.385648 0.042322 0.145370 0.500800 1654.000000 1080.000000
0 1338 0.797461 0.383796 0.042322 0.145370 0.496970 1654.000000 1080.000000
0 1339 0.798065 0.381944 0.042322 0.145370 0.493310 1654.000000 1080.000000
0 1340 0.798065 0.380556 0.042322 0.144444 0.481300 1654.000000 1080.000000
0 1341 0.798065 0.378704 0.042322 0.144444 0.472500 1654.000000 1080.000000
0 1342 0.798670 0.377315 0.042322 0.143519 0.457020 1654.000000 1080.000000
0 1343 0.798065 0.375463 0.042322 0.143519 0.465780 1654.000000 1080.000000
0 1344 0.797461 0.374537 0.042322 0.143519 0.465780 1654.000000 1080.000000
0 1345 0.796856 0.372685 0.042322 0.143519 0.465780 1654.000000 1080.000000
0 1346 0.796554 0.371759 0.041717 0.143519 0.467030 1654.000000 1080.000000
0 1347 0.796252 0.370833 0.042322 0.143519 0.460270 1654.000000 1080.000000
0 1348 0.795647 0.368981 0.042322 0.143519 0.465780 1654.000000 1080.000000
0 1349 0.795042 0.368056 0.042322 0.143519 0.469120 1654.000000 1080.000000
0 1350 0.794740 0.366204 0.041717 0.143519 0.467030 1654.000000 1080.000000
0 1351 0.794135 0.365278 0.041717 0.143519 0.461540 1654.000000 1080.000000
0 1352 0.793833 0.364352 0.042322 0.143519 0.469120 1654.000000 1080.000000
0 1353 0.793229 0.362500 0.042322 0.143519 0.457930 1654.000000 1080.000000
0 1354 0.792926 0.361574 0.041717 0.143519 0.450270 1654.000000 1080.000000
0 1355 0.792322 0.359722 0.041717 0.143519 0.448350 1654.000000 1080.000000
0 1356 0.792019 0.358796 0.042322 0.143519 0.436620 1654.000000 1080.000000
0 1357 0.791415 0.357870 0.042322 0.143519 0.420730 1654.000000 1080.000000
0 1358 0.791112 0.356019 0.041717 0.143519 0.427660 1654.000000 1080.000000
0 1359 0.790508 0.355093 0.041717 0.143519 0.412000 1654.000000 1080.000000
0 1360 0.789903 0.353241 0.041717 0.143519 0.407880 1654.000000 1080.000000
0 1361 0.789601 0.352315 0.042322 0.143519 0.391030 1654.000000 1080.000000
0 1362 0.789299 0.351389 0.041717 0.143519 0.383060 1654.000000 1080.000000
0 1363 0.788694 0.349537 0.041717 0.143519 0.374450 1654.000000 1080.000000
0 1364 0.788089 0.348611 0.041717 0.143519 0.374360 1654.000000 1080.000000
0 1365 0.787485 0.346759 0.041717 0.143519 0.366390 1654.000000 1080.000000
0 1366 0.787485 0.345833 0.041717 0.143519 0.358330 1654.000000 1080.000000
0 1367 0.786880 0.344907 0.041717 0.143519 0.353480 1654.000000 1080.000000
0 1368 0.786276 0.343056 0.041717 0.143519 0.360620 1654.000000 1080.000000
0 1369 0.785671 0.342130 0.041717 0.143519 0.356410 1654.000000 1080.000000
0 1370 0.785671 0.341204 0.041717 0.143519 0.357690 1654.000000 1080.000000
0 1371 0.784462 0.339352 0.041717 0.143519 0.360260 1654.000000 1080.000000
0 1372 0.783857 0.338426 0.041717 0.143519 0.361540 1654.000000 1080.000000
0 1373 0.782648 0.337037 0.041717 0.144444 0.362510 1654.000000 1080.000000
0 1374 0.782044 0.335648 0.041717 0.143519 0.366300 1654.000000 1080.000000
0 1375 0.780834 0.334259 0.041717 0.144444 0.372880 1654.000000 1080.000000
0 1376 0.780230 0.333333 0.041717 0.144444 0.369790 1654.000000 1080.000000
0 1377 0.779021 0.331481 0.041717 0.144444 0.378620 1654.000000 1080.000000
0 1378 0.778416 0.330556 0.041717 0.144444 0.376710 1654.000000 1080.000000
0 1379 0.777207 0.329630 0.041717 0.144444 0.379620 1654.000000 1080.000000
0 1380 0.776602 0.327778 0.041717 0.144444 0.384710 1654.000000 1080.000000
0 1381 0.775393 0.326852 0.041717 0.144444 0.388080 1654.000000 1080.000000
0 1382 0.774788 0.325463 0.041717 0.145370 0.391320 1654.000000 1080.000000
0 1383 0.773579 0.324537 0.041717 0.145370 0.395120 1654.000000 1080.000000
0 1384 0.772975 0.322685 0.041717 0.145370 0.401450 1654.000000 1080.000000
0 1385 0.771765 0.321759 0.041717 0.145370 0.405700 1654.000000 1080.000000
0 1386 0.771161 0.320833 0.041717 0.145370 0.410130 1654.000000 1080.000000
0 1387 0.769952 0.318981 0.041717 0.145370 0.415190 1654.000000 1080.000000
0 1388 0.769347 0.318056 0.041717 0.145370 0.417720 1654.000000 1080.000000
0 1389 0.768138 0.316667 0.041717 0.146296 0.426240 1654.000000 1080.000000
0 1390 0.767533 0.315278 0.041717 0.145370 0.434180 1654.000000 1080.000000
0 1391 0.766324 0.313889 0.041717 0.146296 0.442950 1654.000000 1080.000000
0 1392 0.765719 0.312963 0.041717 0.146296 0.445640 1654.000000 1080.000000
0 1393 0.765115 0.312037 0.041717 0.146296 0.448340 1654.000000 1080.000000
0 1394 0.763906 0.310185 0.041717 0.146296 0.460200 1654.000000 1080.000000
0 1395 0.762696 0.309259 0.041717 0.146296 0.465950 1654.000000 1080.000000
0 1396 0.761487 0.308333 0.041717 0.146296 0.471880 1654.000000 1080.000000
0 1397 0.760278 0.307407 0.041717 0.146296 0.481040 1654.000000 1080.000000
0 1398 0.759069 0.306481 0.041717 0.146296 0.484280 1654.000000 1080.000000
0 1399 0.757860 0.305556 0.041717 0.146296 0.490930 1654.000000 1080.000000
0 1400 0.756651 0.304630 0.041717 0.146296 0.496500 1654.000000 1080.000000
0 1401 0.755441 0.303704 0.041717 0.146296 0.502250 1654.000000 1080.000000
0 1402 0.754232 0.302778 0.041717 0.146296 0.508720 1654.000000 1080.000000
0 1403 0.753023 0.301852 0.041717 0.146296 0.515000 1654.000000 1080.000000
0 1404 0.751814 0.300926 0.041717 0.146296 0.524260 1654.000000 1080.000000
0 1405 0.750605 0.300000 0.041717 0.146296 0.530820 1654.000000 1080.000000
0 1406 0.749395 0.299074 0.041717 0.146296 0.537560 1654.000000 1080.000000
0 1407 0.748186 0.298148 0.041717 0.146296 0.544470 1654.000000 1080.000000
0 1408 0.746977 0.297222 0.041717 0.146296 0.551570 1654.000000 1080.000000
0 1409 0.745768 0.296296 0.041717 0.146296 0.558850 1654.000000 1080.000000
0 1410 0.744559 0.295370 0.041717 0.146296 0.559570 1654.000000 1080.000000
0 1411 0.743349 0.294444 0.041717 0.146296 0.569270 1654.000000 1080.000000
0 1412 0.742140 0.293519 0.041717 0.146296 0.577000 1654.000000 1080.000000
0 1413 0.740931 0.292593 0.041717 0.146296 0.577900 1654.000000 1080.000000
0 1414 0.739722 0.291667 0.041717 0.146296 0.585980 1654.000000 1080.000000
0 1415 0.738513 0.290741 0.041717 0.146296 0.594250 1654.000000 1080.000000
0 1416 0.737304 0.289815 0.041717 0.146296 0.595510 1654.000000 1080.000000
0 1417 0.736094 0.288889 0.041717 0.146296 0.604130 1654.000000 1080.000000
0 1418 0.734583 0.287037 0.042322 0.146296 0.625030 1654.000000 1080.000000
0 1419 0.733071 0.286111 0.042926 0.146296 0.629450 1654.000000 1080.000000
0 1420 0.731560 0.285185 0.043531 0.146296 0.638150 1654.000000 1080.000000
0 1421 0.730048 0.284259 0.044135 0.146296 0.648480 1654.000000 1080.000000
0 1422 0.728839 0.282870 0.044135 0.145370 0.656180 1654.000000 1080.000000
0 1423 0.727328 0.281481 0.044740 0.146296 0.667590 1654.000000 1080.000000
0 1424 0.725816 0.280556 0.045345 0.146296 0.678250 1654.000000 1080.000000
0 1425 0.724305 0.279630 0.045949 0.146296 0.683330 1654.000000 1080.000000
0 1426 0.722793 0.278241 0.046554 0.145370 0.697340 1654.000000 1080.000000
0 1427 0.721584 0.277315 0.046554 0.145370 0.707400 1654.000000 1080.000000
0 1428 0.720073 0.275926 0.047158 0.146296 0.713960 1654.000000 1080.000000
0 1429 0.718561 0.275000 0.047763 0.146296 0.725630 1654.000000 1080.000000
0 1430 0.717050 0.273611 0.048368 0.145370 0.741210 1654.000000 1080.000000
0 1431 0.715538 0.272685 0.048972 0.145370 0.749920 1654.000000 1080.000000
0 1432 0.714329 0.271759 0.048972 0.145370 0.763040 1654.000000 1080.000000
0 1433 0.712817 0.270370 0.049577 0.146296 0.783590 1654.000000 1080.000000
0 1434 0.711306 0.268981 0.050181 0.145370 0.795960 1654.000000 1080.000000
0 1435 0.709794 0.268056 0.050786 0.145370 0.808340 1654.000000 1080.000000
0 1436 0.708283 0.267130 0.051391 0.145370 0.821020 1654.000000 1080.000000
0 1437 0.707074 0.266204 0.051391 0.145370 0.825290 1654.000000 1080.000000
0 1438 0.705865 0.264352 0.050181 0.145370 0.846670 1654.000000 1080.000000
0 1439 0.704958 0.262500 0.049577 0.145370 0.857480 1654.000000 1080.000000
0 1440 0.704051 0.261574 0.048972 0.145370 0.866630 1654.000000 1080.000000
0 1441 0.703144 0.259722 0.048368 0.145370 0.874430 1654.000000 1080.000000
0 1442 0.702539 0.258796 0.047158 0.145370 0.884710 1654.000000 1080.000000
0 1443 0.701632 0.256944 0.046554 0.145370 0.892410 1654.000000 1080.000000
0 1444 0.700726 0.256019 0.045949 0.145370 0.900790 1654.000000 1080.000000
0 1445 0.699819 0.254167 0.045345 0.145370 0.910060 1654.000000 1080.000000
0 1446 0.699214 0.253241 0.044135 0.145370 0.919090 1654.000000 1080.000000
0 1447 0.698307 0.251389 0.043531 0.145370 0.926560 1654.000000 1080.000000
0 1448 0.697400 0.250463 0.042926 0.145370 0.932670 1654.000000 1080.000000
0 1449 0.696493 0.248611 0.042322 0.145370 0.939650 1654.000000 1080.000000
0 1450 0.695889 0.247685 0.041112 0.145370 0.941110 1654.000000 1080.000000
0 1451 0.694680 0.245833 0.041112 0.145370 0.939000 1654.000000 1080.000000
0 1452 0.694075 0.244907 0.041112 0.145370 0.927540 1654.000000 1080.000000
0 1453 0.693470 0.243981 0.041112 0.145370 0.916070 1654.000000 1080.000000
0 1454 0.692866 0.243056 0.041112 0.145370 0.896260 1654.000000 1080.000000
0 1455 0.691959 0.241204 0.041717 0.145370 0.887700 1654.000000 1080.000000
0 1456 0.691354 0.240278 0.041717 0.145370 0.876220 1654.000000 1080.000000
0 1457 0.690447 0.239352 0.041112 0.145370 0.863690 1654.000000 1080.000000
0 1458 0.689843 0.238426 0.041112 0.145370 0.851950 1654.000000 1080.000000
0 1459 0.689238 0.237500 0.041112 0.145370 0.841130 1654.000000 1080.000000
0 1460 0.688331 0.235648 0.041717 0.145370 0.826400 1654.000000 1080.000000
0 1461 0.687727 0.234722 0.041717 0.145370 0.814740 1654.000000 1080.000000
0 1462 0.687122 0.233796 0.041717 0.145370 0.800720 1654.000000 1080.000000
0 1463 0.686215 0.232870 0.041112 0.145370 0.787010 1654.000000 1080.000000
0 1464 0.685308 0.231019 0.041717 0.145370 0.782460 1654.000000 1080.000000
0 1465 0.684704 0.230093 0.041717 0.145370 0.773960 1654.000000 1080.000000
0 1466 0.684099 0.229167 0.041717 0.145370 0.751180 1654.000000 1080.000000
0 1467 0.683495 0.228241 0.041717 0.145370 0.740600 1654.000000 1080.000000
0 1468 0.682890 0.227315 0.041717 0.145370 0.728120 1654.000000 1080.000000
0 1469 0.682285 0.225463 0.041717 0.145370 0.715010 1654.000000 1080.000000
0 1470 0.681681 0.224537 0.041717 0.145370 0.704520 1654.000000 1080.000000
0 1471 0.681076 0.223611 0.041717 0.145370 0.693940 1654.000000 1080.000000
0 1472 0.680472 0.221759 0.041717 0.145370 0.687430 1654.000000 1080.000000
0 1473 0.679867 0.220833 0.041717 0.145370 0.681010 1654.000000 1080.000000
0 1474 0.679262 0.219907 0.041717 0.145370 0.674590 1654.000000 1080.000000
0 1475 0.678658 0.218981 0.041717 0.145370 0.655420 1654.000000 1080.000000
0 1476 0.678053 0.217130 0.041717 0.145370 0.655330 1654.000000 1080.000000
0 1477 0.677751 0.216204 0.042322 0.145370 0.645570 1654.000000 1080.000000
0 1478 0.677146 0.215278 0.042322 0.145370 0.632910 1654.000000 1080.000000
0 1479 0.676542 0.213426 0.042322 0.145370 0.632910 1654.000000 1080.000000
0 1480 0.675937 0.212500 0.042322 0.145370 0.623640 1654.000000 1080.000000
0 1481 0.675333 0.211574 0.042322 0.145370 0.617400 1654.000000 1080.000000
0 1482 0.674728 0.210648 0.042322 0.145370 0.617310 1654.000000 1080.000000
0 1483 0.674123 0.208796 0.042322 0.145370 0.626580 1654.000000 1080.000000
0 1484 0.673519 0.207870 0.042322 0.145370 0.629790 1654.000000 1080.000000
0 1485 0.672914 0.206944 0.042322 0.145370 0.632910 1654.000000 1080.000000
0 1486 0.672914 0.206019 0.042322 0.145370 0.626580 1654.000000 1080.000000
0 1487 0.672310 0.204167 0.042322 0.145370 0.639240 1654.000000 1080.000000
0 1488 0.671705 0.203241 0.042322 0.145370 0.639240 1654.000000 1080.000000
0 1489 0.671100 0.202315 0.042322 0.145370 0.642720 1654.000000 1080.000000
0 1490 0.671100 0.200463 0.042322 0.145370 0.645570 1654.000000 1080.000000
0 1491 0.670496 0.199537 0.042322 0.145370 0.636300 1654.000000 1080.000000
0 1492 0.669891 0.198611 0.042322 0.145370 0.626580 1654.000000 1080.000000
0 1493 0.669287 0.197685 0.042322 0.145370 0.617130 1654.000000 1080.000000
0 1494 0.669287 0.195833 0.042322 0.145370 0.613920 1654.000000 1080.000000
0 1495 0.668682 0.194907 0.042322 0.145370 0.606530 1654.000000 1080.000000
0 1496 0.668077 0.193981 0.042322 0.145370 0.596720 1654.000000 1080.000000
0 1497 0.667473 0.193056 0.042322 0.145370 0.586470 1654.000000 1080.000000
0 1498 0.667473 0.191204 0.042322 0.145370 0.583880 1654.000000 1080.000000
0 1499 0.666868 0.190278 0.042322 0.145370 0.571310 1654.000000 1080.000000
0 1500 0.666264 0.189352 0.042322 0.145370 0.561780 1654.000000 1080.000000
0 1501 0.666264 0.188426 0.042322 0.145370 0.555620 1654.000000 1080.000000
0 1502 0.665357 0.187037 0.041717 0.144444 0.567610 1654.000000 1080.000000
0 1503 0.665054 0.185648 0.041112 0.143519 0.573860 1654.000000 1080.000000
0 1504 0.664450 0.184722 0.041112 0.143519 0.586680 1654.000000 1080.000000
0 1505 0.664148 0.183333 0.040508 0.142593 0.593360 1654.000000 1080.000000
0 1506 0.663543 0.182407 0.040508 0.142593 0.605410 1654.000000 1080.000000
0 1507 0.663241 0.181019 0.039903 0.141667 0.616880 1654.000000 1080.000000
0 1508 0.662938 0.180093 0.039299 0.141667 0.619830 1654.000000 1080.000000
0 1509 0.662031 0.178704 0.038694 0.140741 0.640930 1654.000000 1080.000000
0 1510 0.661729 0.177315 0.038089 0.139815 0.648850 1654.000000 1080.000000
0 1511 0.661125 0.176389 0.038089 0.139815 0.661600 1654.000000 1080.000000
0 1512 0.660822 0.175000 0.037485 0.138889 0.671290 1654.000000 1080.000000
0 1513 0.660218 0.174074 0.037485 0.138889 0.583940 1654.000000 1080.000000
0 1514 0.659915 0.172685 0.036880 0.137963 0.611400 1654.000000 1080.000000
0 1515 0.659613 0.171759 0.036276 0.137963 0.627540 1654.000000 1080.000000
0 1516 0.659008 0.170833 0.036276 0.137963 0.629180 1654.000000 1080.000000
0 1517 0.659008 0.169907 0.036276 0.137963 0.642840 1654.000000 1080.000000
0 1518 0.658404 0.168981 0.036276 0.137963 0.659450 1654.000000 1080.000000
0 1519 0.658404 0.168056 0.036276 0.137963 0.652240 1654.000000 1080.000000
0 1520 0.658404 0.167130 0.036276 0.137963 0.660660 1654.000000 1080.000000
0 1521 0.657799 0.167130 0.036276 0.137963 0.656170 1654.000000 1080.000000
0 1522 0.657799 0.166204 0.036276 0.137963 0.651480 1654.000000 1080.000000
0 1523 0.657799 0.165278 0.036276 0.137963 0.666560 1654.000000 1080.000000
0 1524 0.657195 0.164352 0.036276 0.137963 0.669290 1654.000000 1080.000000
0 1525 0.657195 0.163426 0.036276 0.137963 0.665030 1654.000000 1080.000000
0 1526 0.657195 0.163426 0.036276 0.137963 0.664480 1654.000000 1080.000000
0 1527 0.656590 0.162500 0.036276 0.137963 0.667320 1654.000000 1080.000000
0 1528 0.655985 0.161574 0.036276 0.137963 0.663610 1654.000000 1080.000000
0 1529 0.655381 0.160648 0.036276 0.137963 0.664370 1654.000000 1080.000000
0 1530 0.654776 0.160185 0.036276 0.138889 0.652050 1654.000000 1080.000000
0 1531 0.654172 0.159259 0.036276 0.138889 0.652700 1654.000000 1080.000000
0 1532 0.653567 0.158333 0.036276 0.138889 0.644450 1654.000000 1080.000000
0 1533 0.653567 0.157870 0.036276 0.139815 0.653150 1654.000000 1080.000000
0 1534 0.652963 0.156944 0.036276 0.139815 0.638480 1654.000000 1080.000000
0 1535 0.652358 0.156019 0.036276 0.139815 0.638370 1654.000000 1080.000000
0 1536 0.651753 0.155556 0.036276 0.140741 0.621990 1654.000000 1080.000000
0 1537 0.651149 0.154630 0.036276 0.140741 0.611590 1654.000000 1080.000000
0 1538 0.650544 0.153704 0.036276 0.140741 0.609770 1654.000000 1080.000000
0 1539 0.650544 0.153241 0.036276 0.141667 0.606660 1654.000000 1080.000000
0 1540 0.649940 0.152315 0.036276 0.141667 0.603360 1654.000000 1080.000000
0 1541 0.649335 0.151389 0.036276 0.141667 0.593140 1654.000000 1080.000000
0 1542 0.648730 0.150926 0.036276 0.142593 0.584240 1654.000000 1080.000000
0 1543 0.648126 0.150000 0.036276 0.142593 0.574190 1654.000000 1080.000000
0 1544 0.647521 0.149074 0.036276 0.142593 0.562670 1654.000000 1080.000000
0 1545 0.647521 0.149074 0.036276 0.142593 0.661770 1654.000000 1080.000000
0 1546 0.647521 0.148148 0.036276 0.142593 0.657960 1654.000000 1080.000000
0 1547 0.647521 0.147222 0.036276 0.142593 0.648330 1654.000000 1080.000000
0 1548 0.648126 0.146296 0.036276 0.142593 0.640930 1654.000000 1080.000000
0 1549 0.648126 0.145370 0.036276 0.142593 0.637020 1654.000000 1080.000000
0 1550 0.648730 0.144907 0.036276 0.143519 0.623060 1654.000000 1080.000000
0 1551 0.648730 0.143981 0.036276 0.143519 0.619380 1654.000000 1080.000000
0 1552 0.649335 0.143056 0.036276 0.143519 0.607290 1654.000000 1080.000000
0 1553 0.649335 0.142130 0.036276 0.143519 0.605300 1654.000000 1080.000000
0 1554 0.649940 0.142130 0.036276 0.143519 0.588900 1654.000000 1080.000000
0 1555 0.649335 0.141204 0.036276 0.143519 0.588900 1654.000000 1080.000000
0 1556 0.648730 0.140278 0.036276 0.143519 0.585960 1654.000000 1080.000000
0 1557 0.648730 0.139352 0.036276 0.143519 0.580600 1654.000000 1080.000000
0 1558 0.648126 0.138426 0.036276 0.143519 0.580600 1654.000000 1080.000000
0 1559 0.647823 0.138426 0.036880 0.143519 0.574230 1654.000000 1080.000000
0 1560 0.647521 0.137500 0.036276 0.143519 0.571350 1654.000000 1080.000000
0 1561 0.646917 0.136574 0.036276 0.143519 0.568520 1654.000000 1080.000000
0 1562 0.646614 0.135648 0.036880 0.143519 0.571340 1654.000000 1080.000000
0 1563 0.646312 0.134722 0.036276 0.143519 0.568520 1654.000000 1080.000000
0 1564 0.646010 0.134722 0.036880 0.143519 0.562030 1654.000000 1080.000000
0 1565 0.645405 0.133796 0.036880 0.143519 0.562030 1654.000000 1080.000000
0 1566 0.645103 0.132870 0.036276 0.143519 0.561370 1654.000000 1080.000000
0 1567 0.644800 0.131944 0.036880 0.143519 0.559140 1654.000000 1080.000000
0 1568 0.644196 0.131019 0.036880 0.143519 0.564000 1654.000000 1080.000000
0 1569 0.644196 0.131019 0.036880 0.143519 0.549830 1654.000000 1080.000000
0 1570 0.643591 0.130093 0.036880 0.143519 0.554590 1654.000000 1080.000000
0 1571 0.643289 0.129167 0.037485 0.143519 0.552400 1654.000000 1080.000000
0 1572 0.642987 0.128241 0.036880 0.143519 0.551590 1654.000000 1080.000000
0 1573 0.642382 0.127315 0.036880 0.143519 0.551590 1654.000000 1080.000000
0 1574 0.642080 0.127315 0.037485 0.143519 0.547620 1654.000000 1080.000000
0 1575 0.641778 0.126389 0.036880 0.143519 0.542180 1654.000000 1080.000000
0 1576 0.641475 0.125463 0.037485 0.143519 0.544570 1654.000000 1080.000000
0 1577 0.640871 0.124537 0.037485 0.143519 0.544570 1654.000000 1080.000000
0 1578 0.640568 0.123611 0.036880 0.143519 0.543630 1654.000000 1080.000000
0 1579 0.640266 0.123611 0.037485 0.143519 0.535100 1654.000000 1080.000000
0 1580 0.639661 0.122685 0.037485 0.143519 0.535100 1654.000000 1080.000000
0 1581 0.639661 0.121759 0.037485 0.143519 0.527780 1654.000000 1080.000000
0 1582 0.639057 0.120833 0.037485 0.143519 0.532050 1654.000000 1080.000000
0 1583 0.639057 0.120833 0.037485 0.143519 0.521370 1654.000000 1080.000000
0 1584 0.639057 0.118981 0.037485 0.143519 0.520660 1654.000000 1080.000000
0 1585 0.639057 0.118056 0.037485 0.143519 0.524220 1654.000000 1080.000000
0 1586 0.639057 0.116667 0.037485 0.142593 0.523500 1654.000000 1080.000000
0 1587 0.639057 0.115278 0.037485 0.143519 0.519840 1654.000000 1080.000000
0 1588 0.639661 0.114352 0.037485 0.143519 0.511900 1654.000000 1080.000000
0 1589 0.639661 0.112963 0.037485 0.142593 0.510600 1654.000000 1080.000000
0 1590 0.639661 0.111574 0.037485 0.143519 0.505800 1654.000000 1080.000000
0 1591 0.639661 0.110648 0.037485 0.143519 0.497560 1654.000000 1080.000000
0 1592 0.639661 0.109259 0.037485 0.142593 0.499440 1654.000000 1080.000000
0 1593 0.640266 0.108333 0.037485 0.142593 0.485510 1654.000000 1080.000000
0 1594 0.640266 0.106944 0.037485 0.143519 0.480870 1654.000000 1080.000000
0 1595 0.640266 0.105556 0.037485 0.142593 0.475780 1654.000000 1080.000000
0 1596 0.640266 0.104630 0.037485 0.142593 0.471480 1654.000000 1080.000000
0 1597 0.640266 0.103241 0.037485 0.143519 0.466730 1654.000000 1080.000000
0 1598 0.640871 0.101852 0.037485 0.142593 0.455500 1654.000000 1080.000000
0 1599 0.640871 0.100926 0.037485 0.142593 0.449050 1654.000000 1080.000000
0 1600 0.640871 0.099537 0.037485 0.143519 0.441290 1654.000000 1080.000000
0 1601 0.640871 0.098148 0.037485 0.142593 0.431750 1654.000000 1080.000000
0 1602 0.640871 0.097222 0.037485 0.142593 0.422630 1654.000000 1080.000000
0 1603 0.641475 0.096296 0.037485 0.142593 0.409420 1654.000000 1080.000000
0 1604 0.641475 0.094444 0.037485 0.142593 0.406250 1654.000000 1080.000000
0 1605 0.641475 0.093519 0.037485 0.142593 0.336000 1654.000000 1080.000000
0 1606 0.641475 0.092593 0.037485 0.142593 0.326980 1654.000000 1080.000000
0 1607 0.641475 0.091667 0.037485 0.142593 0.306500 1654.000000 1080.000000
0 1608 0.642080 0.090741 0.037485 0.142593 0.294110 1654.000000 1080.000000
0 1609 0.642080 0.089815 0.037485 0.142593 0.296470 1654.000000 1080.000000
0 1610 0.642080 0.088889 0.037485 0.142593 0.290020 1654.000000 1080.000000
0 1611 0.642080 0.087963 0.037485 0.142593 0.283150 1654.000000 1080.000000
0 1612 0.642684 0.087037 0.037485 0.142593 0.269330 1654.000000 1080.000000
0 1613 0.642684 0.086111 0.037485 0.142593 0.267080 1654.000000 1080.000000
0 1614 0.642684 0.085185 0.037485 0.142593 0.265750 1654.000000 1080.000000
0 1615 0.642684 0.084259 0.037485 0.142593 0.263290 1654.000000 1080.000000
0 1616 0.643289 0.083333 0.037485 0.142593 0.259090 1654.000000 1080.000000
0 1617 0.643289 0.082407 0.037485 0.142593 0.255300 1654.000000 1080.000000
0 1618 0.643289 0.081481 0.037485 0.142593 0.253460 1654.000000 1080.000000
0 1619 0.643289 0.080556 0.037485 0.142593 0.253870 1654.000000 1080.000000
0 1620 0.643894 0.079630 0.037485 0.142593 0.249160 1654.000000 1080.000000
0 1621 0.643894 0.078704 0.037485 0.142593 0.250690 1654.000000 1080.000000
0 1622 0.643894 0.077778 0.037485 0.142593 0.250690 1654.000000 1080.000000
0 1623 0.643894 0.076852 0.037485 0.142593 0.248850 1654.000000 1080.000000
0 1624 0.644498 0.075926 0.037485 0.142593 0.251610 1654.000000 1080.000000
0 1625 0.644498 0.075000 0.037485 0.142593 0.254170 1654.000000 1080.000000
0 1626 0.644498 0.074537 0.037485 0.141667 0.254070 1654.000000 1080.000000
0 1627 0.644498 0.074537 0.037485 0.141667 0.252320 1654.000000 1080.000000
0 1628 0.644498 0.073611 0.037485 0.141667 0.254590 1654.000000 1080.000000
0 1629 0.644498 0.073611 0.037485 0.141667 0.256650 1654.000000 1080.000000
0 1630 0.644498 0.073148 0.037485 0.140741 0.254800 1654.000000 1080.000000
0 1631 0.644498 0.072685 0.037485 0.141667 0.261490 1654.000000 1080.000000
0 1632 0.644498 0.072222 0.037485 0.140741 0.264860 1654.000000 1080.000000
0 1633 0.644498 0.072222 0.037485 0.140741 0.261540 1654.000000 1080.000000
0 1634 0.644498 0.071296 0.037485 0.140741 0.268390 1654.000000 1080.000000
0 1635 0.644498 0.071296 0.037485 0.140741 0.272120 1654.000000 1080.000000
0 1636 0.644498 0.070833 0.037485 0.139815 0.276000 1654.000000 1080.000000
0 1637 0.644498 0.070833 0.037485 0.139815 0.278090 1654.000000 1080.000000
0 1638 0.644498 0.070370 0.037485 0.138889 0.282140 1654.000000 1080.000000
0 1639 0.644498 0.069907 0.037485 0.137963 0.287300 1654.000000 1080.000000
0 1640 0.644498 0.069444 0.037485 0.137037 0.293600 1654.000000 1080.000000
0 1641 0.644498 0.068981 0.037485 0.136111 0.299550 1654.000000 1080.000000
0 1642 0.644800 0.068519 0.036880 0.135185 0.309190 1654.000000 1080.000000
0 1643 0.644800 0.068056 0.036880 0.134259 0.314410 1654.000000 1080.000000
0 1644 0.644800 0.067593 0.036880 0.133333 0.319240 1654.000000 1080.000000
0 1645 0.644800 0.067130 0.036880 0.132407 0.323700 1654.000000 1080.000000
0 1646 0.644800 0.066667 0.036880 0.131481 0.331380 1654.000000 1080.000000
0 1647 0.645103 0.066667 0.036276 0.131481 0.334400 1654.000000 1080.000000
0 1648 0.645103 0.065741 0.036276 0.129630 0.340310 1654.000000 1080.000000
0 1649 0.645405 0.065278 0.036880 0.128704 0.344350 1654.000000 1080.000000
0 1650 0.645707 0.064352 0.036276 0.126852 0.353410 1654.000000 1080.000000
0 1651 0.646010 0.063889 0.036880 0.125926 0.356130 1654.000000 1080.000000
0 1652 0.646312 0.063426 0.036276 0.125000 0.359330 1654.000000 1080.000000
0 1653 0.646614 0.062500 0.036880 0.123148 0.363510 1654.000000 1080.000000
0 1654 0.646917 0.062037 0.036276 0.122222 0.365710 1654.000000 1080.000000
0 1655 0.647219 0.061111 0.036880 0.120370 0.373060 1654.000000 1080.000000
0 1656 0.647521 0.060648 0.036276 0.119444 0.377050 1654.000000 1080.000000
0 1657 0.647823 0.060185 0.036880 0.118519 0.384850 1654.000000 1080.000000
0 1658 0.648126 0.059259 0.036276 0.116667 0.386730 1654.000000 1080.000000
0 1659 0.648428 0.058796 0.036880 0.115741 0.386070 1654.000000 1080.000000
0 1660 0.649033 0.058333 0.036880 0.114815 0.385550 1654.000000 1080.000000
0 1661 0.649033 0.057407 0.036880 0.112963 0.383690 1654.000000 1080.000000
0 1662 0.649033 0.056944 0.036880 0.112037 0.378640 1654.000000 1080.000000
0 1663 0.649033 0.056019 0.036880 0.110185 0.376610 1654.000000 1080.000000
0 1664 0.649033 0.055556 0.036880 0.109259 0.375980 1654.000000 1080.000000
0 1665 0.649033 0.054630 0.036880 0.107407 0.373860 1654.000000 1080.000000
0 1666 0.649033 0.054167 0.036880 0.106481 0.368460 1654.000000 1080.000000
0 1667 0.649033 0.053241 0.036880 0.104630 0.366160 1654.000000 1080.000000
0 1668 0.649033 0.052778 0.036880 0.103704 0.360550 1654.000000 1080.000000
0 1669 0.649033 0.051852 0.036880 0.101852 0.358040 1654.000000 1080.000000
