0 571 0.790206 0.979630 0.041112 0.042593 0.978720 1654.000000 1080.000000
0 572 0.788996 0.978241 0.041112 0.045370 0.980000 1654.000000 1080.000000
0 573 0.787787 0.976852 0.041112 0.048148 0.981130 1654.000000 1080.000000
0 574 0.787183 0.975463 0.041112 0.050926 0.982140 1654.000000 1080.000000
0 575 0.785973 0.974074 0.041112 0.053704 0.983050 1654.000000 1080.000000
0 576 0.785369 0.972685 0.041112 0.056481 0.983870 1654.000000 1080.000000
0 577 0.784160 0.971296 0.041112 0.059259 0.984620 1654.000000 1080.000000
0 578 0.783555 0.969907 0.041112 0.062037 0.985290 1654.000000 1080.000000
0 579 0.782346 0.968519 0.041112 0.064815 0.985920 1654.000000 1080.000000
0 580 0.781741 0.967130 0.041112 0.067593 0.986490 1654.000000 1080.000000
0 581 0.780532 0.965741 0.041112 0.070370 0.987010 1654.000000 1080.000000
0 582 0.779927 0.964352 0.041112 0.073148 0.858150 1654.000000 1080.000000
0 583 0.778718 0.962963 0.041112 0.075926 0.846520 1654.000000 1080.000000
0 584 0.778114 0.961574 0.041112 0.078704 0.846810 1654.000000 1080.000000
0 585 0.777509 0.959722 0.041112 0.082407 0.848790 1654.000000 1080.000000
0 586 0.776904 0.958333 0.041112 0.085185 0.837150 1654.000000 1080.000000
0 587 0.776300 0.956481 0.041112 0.088889 0.839090 1654.000000 1080.000000
0 588 0.775695 0.955093 0.041112 0.091667 0.839280 1654.000000 1080.000000
0 589 0.775091 0.953241 0.041112 0.095370 0.841000 1654.000000 1080.000000
0 590 0.774486 0.951852 0.041112 0.098148 0.829470 1654.000000 1080.000000
0 591 0.773881 0.950463 0.041112 0.100926 0.829640 1654.000000 1080.000000
0 592 0.773277 0.948611 0.041112 0.104630 0.831300 1654.000000 1080.000000
0 593 0.772672 0.947222 0.041112 0.107407 0.822000 1654.000000 1080.000000
0 594 0.772068 0.945370 0.041112 0.111111 0.804890 1654.000000 1080.000000
0 595 0.771463 0.943981 0.041112 0.113889 0.776880 1654.000000 1080.000000
0 596 0.770859 0.942593 0.041112 0.116667 0.758190 1654.000000 1080.000000
0 597 0.769952 0.939815 0.041717 0.118519 0.733440 1654.000000 1080.000000
0 598 0.769347 0.937500 0.041717 0.119444 0.708130 1654.000000 1080.000000
0 599 0.768742 0.934722 0.041717 0.119444 0.693630 1654.000000 1080.000000
0 600 0.768138 0.932407 0.041717 0.120370 0.669140 1654.000000 1080.000000
0 601 0.767533 0.930093 0.041717 0.121296 0.645020 1654.000000 1080.000000
0 602 0.766929 0.927315 0.041717 0.123148 0.628360 1654.000000 1080.000000
0 603 0.766324 0.925000 0.041717 0.124074 0.613540 1654.000000 1080.000000
0 604 0.766022 0.923148 0.042322 0.125926 0.588670 1654.000000 1080.000000
0 605 0.765417 0.920833 0.042322 0.126852 0.555420 1654.000000 1080.000000
0 606 0.764813 0.918981 0.042322 0.128704 0.485110 1654.000000 1080.000000
0 607 0.764510 0.916667 0.042926 0.129630 0.463460 1654.000000 1080.000000
0 608 0.763906 0.914815 0.042926 0.131481 0.429000 1654.000000 1080.000000
0 609 0.763301 0.912500 0.042926 0.132407 0.419750 1654.000000 1080.000000
0 610 0.762999 0.910648 0.043531 0.134259 0.391720 1654.000000 1080.000000
0 611 0.762394 0.908333 0.043531 0.135185 0.361760 1654.000000 1080.000000
0 612 0.762394 0.906481 0.043531 0.137037 0.346600 1654.000000 1080.000000
0 613 0.761790 0.903704 0.043531 0.137037 0.341730 1654.000000 1080.000000
0 614 0.761185 0.900926 0.043531 0.137037 0.341730 1654.000000 1080.000000
0 615 0.760580 0.899074 0.043531 0.137037 0.341730 1654.000000 1080.000000
0 616 0.759976 0.896296 0.043531 0.137037 0.353040 1654.000000 1080.000000
0 617 0.759371 0.893519 0.043531 0.137037 0.364530 1654.000000 1080.000000
0 618 0.758767 0.891667 0.043531 0.137037 0.364530 1654.000000 1080.000000
0 619 0.758162 0.888889 0.043531 0.137037 0.376210 1654.000000 1080.000000
0 620 0.757557 0.886111 0.043531 0.137037 0.388070 1654.000000 1080.000000
0 621 0.756953 0.884259 0.043531 0.137037 0.393860 1654.000000 1080.000000
0 622 0.756348 0.881481 0.043531 0.137037 0.400110 1654.000000 1080.000000
0 623 0.755744 0.878704 0.043531 0.137037 0.412340 1654.000000 1080.000000
0 624 0.755139 0.876852 0.043531 0.137037 0.424750 1654.000000 1080.000000
0 625 0.754534 0.874074 0.043531 0.137037 0.437340 1654.000000 1080.000000
0 626 0.753930 0.871296 0.043531 0.137037 0.443870 1654.000000 1080.000000
0 627 0.753325 0.869444 0.043531 0.137037 0.452700 1654.000000 1080.000000
0 628 0.752721 0.866667 0.043531 0.137037 0.469520 1654.000000 1080.000000
0 629 0.752721 0.864815 0.043531 0.137037 0.470810 1654.000000 1080.000000
0 630 0.751511 0.862037 0.043531 0.137037 0.482670 1654.000000 1080.000000
0 631 0.750907 0.859259 0.043531 0.137037 0.492050 1654.000000 1080.000000
0 632 0.750302 0.857407 0.043531 0.137037 0.500870 1654.000000 1080.000000
0 633 0.749698 0.854630 0.043531 0.137037 0.503540 1654.000000 1080.000000
0 634 0.748791 0.851852 0.044135 0.137037 0.508620 1654.000000 1080.000000
0 635 0.748186 0.850000 0.044135 0.137037 0.506440 1654.000000 1080.000000
0 636 0.747582 0.847222 0.044135 0.137037 0.512430 1654.000000 1080.000000
0 637 0.746977 0.844444 0.044135 0.137037 0.517230 1654.000000 1080.000000
0 638 0.746070 0.842593 0.044740 0.137037 0.516600 1654.000000 1080.000000
0 639 0.745466 0.839815 0.044740 0.137037 0.522150 1654.000000 1080.000000
0 640 0.744861 0.837037 0.044740 0.137037 0.530380 1654.000000 1080.000000
0 641 0.744256 0.835185 0.044740 0.137037 0.526710 1654.000000 1080.000000
0 642 0.743652 0.832407 0.044740 0.137037 0.532890 1654.000000 1080.000000
0 643 0.743047 0.829630 0.044740 0.137037 0.542820 1654.000000 1080.000000
0 644 0.742443 0.826852 0.044740 0.137037 0.549530 1654.000000 1080.000000
0 645 0.741838 0.824074 0.044740 0.137037 0.561340 1654.000000 1080.000000
0 646 0.741233 0.821296 0.044740 0.137037 0.564740 1654.000000 1080.000000
0 647 0.740629 0.818519 0.044740 0.137037 0.576550 1654.000000 1080.000000
0 648 0.740629 0.816204 0.044740 0.137963 0.580440 1654.000000 1080.000000
0 649 0.740024 0.813426 0.044740 0.137963 0.590670 1654.000000 1080.000000
0 650 0.739420 0.810648 0.044740 0.137963 0.600800 1654.000000 1080.000000
0 651 0.738815 0.807870 0.044740 0.137963 0.608000 1654.000000 1080.000000
0 652 0.738210 0.805093 0.044740 0.137963 0.616800 1654.000000 1080.000000
0 653 0.737606 0.802315 0.044740 0.137963 0.629070 1654.000000 1080.000000
0 654 0.737001 0.799537 0.044740 0.137963 0.635560 1654.000000 1080.000000
0 655 0.737001 0.797685 0.044740 0.137963 0.635560 1654.000000 1080.000000
0 656 0.736397 0.795833 0.044740 0.137963 0.637330 1654.000000 1080.000000
0 657 0.735792 0.793981 0.044740 0.137963 0.635470 1654.000000 1080.000000
0 658 0.735187 0.792130 0.044740 0.137963 0.637070 1654.000000 1080.000000
0 659 0.735187 0.791204 0.044740 0.137963 0.632440 1654.000000 1080.000000
0 660 0.734583 0.789352 0.044740 0.137963 0.627640 1654.000000 1080.000000
0 661 0.733978 0.787500 0.044740 0.137963 0.629070 1654.000000 1080.000000
0 662 0.733978 0.786574 0.044740 0.137963 0.624000 1654.000000 1080.000000
0 663 0.733374 0.784722 0.044740 0.137963 0.625330 1654.000000 1080.000000
0 664 0.732769 0.782870 0.044740 0.137963 0.626670 1654.000000 1080.000000
0 665 0.732769 0.781944 0.044740 0.137963 0.611730 1654.000000 1080.000000
0 666 0.731560 0.780093 0.044740 0.137963 0.620000 1654.000000 1080.000000
0 667 0.730955 0.778241 0.044740 0.137963 0.626670 1654.000000 1080.000000
0 668 0.730351 0.777315 0.044740 0.137963 0.611730 1654.000000 1080.000000
0 669 0.729746 0.775463 0.044740 0.137963 0.597510 1654.000000 1080.000000
0 670 0.728839 0.774537 0.044135 0.137963 0.593150 1654.000000 1080.000000
0 671 0.728235 0.772685 0.044135 0.137963 0.581980 1654.000000 1080.000000
0 672 0.727630 0.771759 0.044135 0.137963 0.558380 1654.000000 1080.000000
0 673 0.727025 0.769907 0.044135 0.137963 0.544770 1654.000000 1080.000000
0 674 0.726421 0.768981 0.044135 0.137963 0.532430 1654.000000 1080.000000
0 675 0.724607 0.767130 0.044135 0.137963 0.532070 1654.000000 1080.000000
0 676 0.723398 0.765278 0.044135 0.137963 0.520630 1654.000000 1080.000000
0 677 0.722189 0.764352 0.044135 0.137963 0.512970 1654.000000 1080.000000
0 678 0.720375 0.762500 0.044135 0.137963 0.511800 1654.000000 1080.000000
0 679 0.719166 0.761574 0.044135 0.137963 0.499100 1654.000000 1080.000000
0 680 0.717956 0.759722 0.044135 0.137963 0.486400 1654.000000 1080.000000
0 681 0.716143 0.757870 0.044135 0.137963 0.474860 1654.000000 1080.000000
0 682 0.714933 0.756944 0.044135 0.137963 0.463330 1654.000000 1080.000000
0 683 0.713724 0.755093 0.044135 0.137963 0.458020 1654.000000 1080.000000
0 684 0.711911 0.754167 0.044135 0.137963 0.437480 1654.000000 1080.000000
0 685 0.710701 0.752315 0.044135 0.137963 0.433420 1654.000000 1080.000000
0 686 0.709492 0.751389 0.044135 0.137963 0.428290 1654.000000 1080.000000
0 687 0.707981 0.749537 0.043531 0.137963 0.425300 1654.000000 1080.000000
0 688 0.706771 0.748611 0.043531 0.137963 0.420090 1654.000000 1080.000000
0 689 0.705562 0.747685 0.043531 0.137963 0.417260 1654.000000 1080.000000
0 690 0.704353 0.745833 0.043531 0.137963 0.427120 1654.000000 1080.000000
0 691 0.703144 0.744907 0.043531 0.137963 0.422370 1654.000000 1080.000000
0 692 0.701935 0.743981 0.043531 0.137963 0.420090 1654.000000 1080.000000
0 693 0.700726 0.742130 0.043531 0.137963 0.422370 1654.000000 1080.000000
0 694 0.699516 0.741204 0.043531 0.137963 0.412050 1654.000000 1080.000000
0 695 0.698307 0.740278 0.043531 0.137963 0.415070 1654.000000 1080.000000
0 696 0.697098 0.738426 0.042322 0.137963 0.413620 1654.000000 1080.000000
0 697 0.695889 0.737500 0.042322 0.137963 0.406570 1654.000000 1080.000000
0 698 0.694680 0.736574 0.042322 0.137963 0.401310 1654.000000 1080.000000
0 699 0.693470 0.734722 0.042322 0.137963 0.394840 1654.000000 1080.000000
0 700 0.692261 0.733796 0.042322 0.137963 0.387610 1654.000000 1080.000000
0 701 0.691052 0.732870 0.042322 0.137963 0.383100 1654.000000 1080.000000
0 702 0.689843 0.731019 0.042322 0.137963 0.382160 1654.000000 1080.000000
0 703 0.688634 0.730093 0.042322 0.137963 0.374930 1654.000000 1080.000000
0 704 0.687424 0.729167 0.042322 0.137963 0.373990 1654.000000 1080.000000
0 705 0.686518 0.728241 0.041717 0.137963 0.371430 1654.000000 1080.000000
0 706 0.685913 0.727315 0.041717 0.137963 0.368190 1654.000000 1080.000000
0 707 0.685308 0.727315 0.041717 0.137963 0.363430 1654.000000 1080.000000
0 708 0.684704 0.726389 0.041717 0.137963 0.360480 1654.000000 1080.000000
0 709 0.684401 0.726389 0.042322 0.137963 0.356810 1654.000000 1080.000000
0 710 0.683797 0.725463 0.042322 0.137963 0.350610 1654.000000 1080.000000
0 711 0.683192 0.725463 0.042322 0.137963 0.334270 1654.000000 1080.000000
0 712 0.682588 0.724537 0.042322 0.137963 0.339340 1654.000000 1080.000000
0 713 0.682588 0.724537 0.042322 0.137963 0.332680 1654.000000 1080.000000
0 714 0.681983 0.723611 0.042322 0.137963 0.327420 1654.000000 1080.000000
0 715 0.681983 0.722685 0.042322 0.137963 0.332580 1654.000000 1080.000000
0 716 0.681378 0.722685 0.042322 0.137963 0.321410 1654.000000 1080.000000
0 717 0.681378 0.721759 0.042322 0.137963 0.321410 1654.000000 1080.000000
0 718 0.680774 0.721759 0.042322 0.137963 0.318120 1654.000000 1080.000000
0 719 0.680774 0.720833 0.042322 0.137963 0.318120 1654.000000 1080.000000
0 720 0.680169 0.720833 0.042322 0.137963 0.311550 1654.000000 1080.000000
0 721 0.680169 0.719907 0.042322 0.137963 0.316430 1654.000000 1080.000000
0 722 0.679565 0.719907 0.042322 0.137963 0.308080 1654.000000 1080.000000
0 723 0.679565 0.718981 0.042322 0.137963 0.305730 1654.000000 1080.000000
0 724 0.678960 0.718981 0.042322 0.137963 0.303940 1654.000000 1080.000000
0 725 0.678960 0.718056 0.042322 0.137963 0.302160 1654.000000 1080.000000
0 726 0.678356 0.717130 0.042322 0.137963 0.300470 1654.000000 1080.000000
0 727 0.678356 0.717130 0.042322 0.137963 0.298120 1654.000000 1080.000000
0 728 0.677751 0.716204 0.042322 0.137963 0.296430 1654.000000 1080.000000
0 729 0.677751 0.716204 0.042322 0.137963 0.294370 1654.000000 1080.000000
0 730 0.677146 0.715278 0.042322 0.137963 0.289300 1654.000000 1080.000000
0 731 0.677146 0.715278 0.042322 0.137963 0.282630 1654.000000 1080.000000
0 732 0.676542 0.714352 0.042322 0.137963 0.285450 1654.000000 1080.000000
0 733 0.676542 0.714352 0.042322 0.137963 0.279060 1654.000000 1080.000000
0 734 0.675937 0.713426 0.042322 0.137963 0.281880 1654.000000 1080.000000
0 735 0.675937 0.713426 0.042322 0.137963 0.273800 1654.000000 1080.000000
0 736 0.675333 0.712500 0.042322 0.137963 0.276530 1654.000000 1080.000000
0 737 0.675333 0.712500 0.042322 0.137963 0.268730 1654.000000 1080.000000
0 738 0.674728 0.711574 0.042322 0.137963 0.265630 1654.000000 1080.000000
0 739 0.674123 0.710648 0.042322 0.137963 0.268260 1654.000000 1080.000000
0 740 0.673519 0.710648 0.042322 0.137963 0.262070 1654.000000 1080.000000
0 741 0.672914 0.709722 0.042322 0.137963 0.264510 1654.000000 1080.000000
0 742 0.672310 0.708796 0.042322 0.137963 0.262630 1654.000000 1080.000000
0 743 0.671705 0.708796 0.042322 0.137963 0.258870 1654.000000 1080.000000
0 744 0.671100 0.707870 0.042322 0.137963 0.262820 1654.000000 1080.000000
0 745 0.670496 0.706944 0.042322 0.137963 0.266760 1654.000000 1080.000000
0 746 0.669891 0.706944 0.042322 0.137963 0.264040 1654.000000 1080.000000
0 747 0.669287 0.706019 0.042322 0.137963 0.267980 1654.000000 1080.000000
0 748 0.668682 0.705093 0.042322 0.137963 0.271920 1654.000000 1080.000000
0 749 0.668077 0.705093 0.042322 0.137963 0.270050 1654.000000 1080.000000
0 750 0.667473 0.704167 0.042322 0.137963 0.276620 1654.000000 1080.000000
0 751 0.666868 0.704167 0.042322 0.137963 0.274650 1654.000000 1080.000000
0 752 0.666264 0.703241 0.042322 0.137963 0.278400 1654.000000 1080.000000
0 753 0.665659 0.702315 0.042322 0.137963 0.282720 1654.000000 1080.000000
0 754 0.665054 0.702315 0.042322 0.137963 0.280000 1654.000000 1080.000000
0 755 0.664450 0.701389 0.042322 0.137963 0.284130 1654.000000 1080.000000
0 756 0.663845 0.700463 0.042322 0.137963 0.283660 1654.000000 1080.000000
0 757 0.663241 0.700463 0.042322 0.137963 0.277650 1654.000000 1080.000000
0 758 0.662636 0.699537 0.042322 0.137963 0.278870 1654.000000 1080.000000
0 759 0.662031 0.698611 0.042322 0.137963 0.279440 1654.000000 1080.000000
0 760 0.661427 0.698611 0.042322 0.137963 0.273620 1654.000000 1080.000000
0 761 0.660822 0.697685 0.042322 0.137963 0.275210 1654.000000 1080.000000
0 762 0.660218 0.696759 0.042322 0.137963 0.275020 1654.000000 1080.000000
0 763 0.659613 0.696759 0.042322 0.137963 0.265730 1654.000000 1080.000000
0 764 0.659008 0.695833 0.042322 0.137963 0.263760 1654.000000 1080.000000
0 765 0.658404 0.695833 0.042322 0.137963 0.253330 1654.000000 1080.000000
0 766 0.657799 0.694907 0.042322 0.137963 0.251270 1654.000000 1080.000000
0 767 0.657195 0.693981 0.042322 0.137963 0.249200 1654.000000 1080.000000
0 768 0.656590 0.693056 0.042322 0.137963 0.246570 1654.000000 1080.000000
0 769 0.655985 0.692130 0.042322 0.137963 0.243100 1654.000000 1080.000000
0 770 0.655381 0.691204 0.042322 0.137963 0.244510 1654.000000 1080.000000
0 771 0.654776 0.691204 0.042322 0.137963 0.235310 1654.000000 1080.000000
0 772 0.654172 0.690278 0.042322 0.137963 0.231640 1654.000000 1080.000000
0 773 0.653567 0.689352 0.042322 0.137963 0.229110 1654.000000 1080.000000
0 774 0.652963 0.688426 0.042322 0.137963 0.226950 1654.000000 1080.000000
0 775 0.652358 0.687500 0.042322 0.137963 0.223000 1654.000000 1080.000000
0 776 0.651753 0.687500 0.042322 0.137963 0.213800 1654.000000 1080.000000
0 777 0.651149 0.686574 0.042322 0.137963 0.211550 1654.000000 1080.000000
0 778 0.650544 0.685648 0.042322 0.137963 0.211640 1654.000000 1080.000000
0 779 0.649940 0.684722 0.042322 0.137963 0.209200 1654.000000 1080.000000
0 780 0.649335 0.683796 0.042322 0.137963 0.206760 1654.000000 1080.000000
0 781 0.648730 0.683796 0.042322 0.137963 0.197840 1654.000000 1080.000000
0 782 0.648126 0.682870 0.042322 0.137963 0.193330 1654.000000 1080.000000
0 783 0.647521 0.681944 0.042322 0.137963 0.188830 1654.000000 1080.000000
0 784 0.646917 0.681019 0.042322 0.137963 0.186380 1654.000000 1080.000000
0 785 0.646312 0.680093 0.042322 0.137963 0.185630 1654.000000 1080.000000
0 786 0.646312 0.680093 0.042322 0.137963 0.183940 1654.000000 1080.000000
0 787 0.645103 0.678241 0.042322 0.137963 0.190610 1654.000000 1080.000000
0 788 0.643894 0.676389 0.042322 0.137963 0.197280 1654.000000 1080.000000
0 789 0.642684 0.674537 0.042322 0.137963 0.205630 1654.000000 1080.000000
0 790 0.642080 0.672685 0.042322 0.137963 0.217000 1654.000000 1080.000000
0 791 0.640871 0.670833 0.042322 0.137963 0.225820 1654.000000 1080.000000
0 792 0.639661 0.669907 0.042322 0.137963 0.232860 1654.000000 1080.000000
0 793 0.638452 0.668056 0.042322 0.137963 0.249950 1654.000000 1080.000000
0 794 0.637848 0.666204 0.042322 0.137963 0.267890 1654.000000 1080.000000
0 795 0.636638 0.664352 0.042322 0.137963 0.289770 1654.000000 1080.000000
0 796 0.635429 0.662500 0.042322 0.137963 0.304690 1654.000000 1080.000000
0 797 0.634220 0.660648 0.042322 0.137963 0.325350 1654.000000 1080.000000
0 798 0.633615 0.659722 0.042322 0.137963 0.327040 1654.000000 1080.000000
0 799 0.632406 0.657870 0.042322 0.137963 0.319440 1654.000000 1080.000000
0 800 0.631197 0.656019 0.042322 0.137963 0.312020 1654.000000 1080.000000
0 801 0.629988 0.654167 0.042322 0.137963 0.311830 1654.000000 1080.000000
0 802 0.629383 0.652315 0.042322 0.137963 0.307320 1654.000000 1080.000000
0 803 0.628174 0.650463 0.042322 0.137963 0.145920 1654.000000 1080.000000
0 804 0.626965 0.649537 0.042322 0.137963 0.152860 1654.000000 1080.000000
0 805 0.625756 0.647685 0.042322 0.137963 0.167700 1654.000000 1080.000000
0 806 0.625151 0.645833 0.042322 0.137963 0.175770 1654.000000 1080.000000
0 807 0.623942 0.643981 0.042322 0.137963 0.187790 1654.000000 1080.000000
0 808 0.622733 0.642130 0.042322 0.137963 0.205730 1654.000000 1080.000000
0 809 0.622128 0.641204 0.042322 0.137963 0.211080 1654.000000 1080.000000
0 810 0.621524 0.639352 0.042322 0.137963 0.227890 1654.000000 1080.000000
0 811 0.620919 0.638426 0.042322 0.137963 0.232680 1654.000000 1080.000000
0 812 0.620314 0.637500 0.042322 0.137963 0.238500 1654.000000 1080.000000
0 813 0.619710 0.635648 0.042322 0.137963 0.252580 1654.000000 1080.000000
0 814 0.619105 0.634722 0.042322 0.137963 0.258500 1654.000000 1080.000000
0 815 0.618501 0.633796 0.042322 0.137963 0.265820 1654.000000 1080.000000
0 816 0.617896 0.631944 0.042322 0.137963 0.277460 1654.000000 1080.000000
0 817 0.617291 0.631019 0.042322 0.137963 0.283660 1654.000000 1080.000000
0 818 0.616687 0.630093 0.042322 0.137963 0.286570 1654.000000 1080.000000
0 819 0.616082 0.628241 0.042322 0.137963 0.296530 1654.000000 1080.000000
0 820 0.615478 0.627315 0.042322 0.137963 0.307230 1654.000000 1080.000000
0 821 0.614873 0.626389 0.042322 0.137963 0.309480 1654.000000 1080.000000
0 822 0.614268 0.624537 0.042322 0.137963 0.322630 1654.000000 1080.000000
0 823 0.613664 0.623611 0.042322 0.137963 0.321970 1654.000000 1080.000000
0 824 0.613059 0.622685 0.042322 0.137963 0.328170 1654.000000 1080.000000
0 825 0.612455 0.620833 0.042322 0.137963 0.335020 1654.000000 1080.000000
0 826 0.611850 0.619907 0.042322 0.137963 0.340000 1654.000000 1080.000000
0 827 0.611245 0.618981 0.042322 0.137963 0.337560 1654.000000 1080.000000
0 828 0.610641 0.617130 0.042322 0.137963 0.344130 1654.000000 1080.000000
0 829 0.610036 0.616204 0.042322 0.137963 0.345450 1654.000000 1080.000000
0 830 0.609432 0.615278 0.042322 0.137963 0.342070 1654.000000 1080.000000
0 831 0.608827 0.613426 0.042322 0.137963 0.352110 1654.000000 1080.000000
0 832 0.608222 0.612500 0.042322 0.137963 0.348640 1654.000000 1080.000000
0 833 0.607618 0.611574 0.042322 0.137963 0.348540 1654.000000 1080.000000
0 834 0.607013 0.609722 0.042322 0.137963 0.353710 1654.000000 1080.000000
0 835 0.606409 0.608796 0.042322 0.137963 0.352860 1654.000000 1080.000000
0 836 0.605804 0.607870 0.042322 0.137963 0.348450 1654.000000 1080.000000
0 837 0.604595 0.606019 0.042322 0.137963 0.356060 1654.000000 1080.000000
0 838 0.603386 0.604630 0.042322 0.137037 0.352300 1654.000000 1080.000000
0 839 0.602479 0.603241 0.042926 0.137963 0.352220 1654.000000 1080.000000
0 840 0.601270 0.601852 0.042926 0.137037 0.351790 1654.000000 1080.000000
0 841 0.600363 0.600463 0.043531 0.137963 0.352150 1654.000000 1080.000000
0 842 0.599456 0.599074 0.042926 0.137037 0.347320 1654.000000 1080.000000
0 843 0.598549 0.597685 0.043531 0.137963 0.349770 1654.000000 1080.000000
0 844 0.597340 0.596296 0.043531 0.137037 0.341820 1654.000000 1080.000000
0 845 0.596131 0.594444 0.043531 0.137037 0.339060 1654.000000 1080.000000
0 846 0.595224 0.593519 0.044135 0.137037 0.334660 1654.000000 1080.000000
0 847 0.594317 0.591667 0.043531 0.137037 0.330790 1654.000000 1080.000000
0 848 0.593410 0.590741 0.044135 0.137037 0.326140 1654.000000 1080.000000
0 849 0.592201 0.588889 0.044135 0.137037 0.320520 1654.000000 1080.000000
0 850 0.591294 0.587963 0.044740 0.137037 0.309530 1654.000000 1080.000000
0 851 0.590085 0.586111 0.044740 0.137037 0.308720 1654.000000 1080.000000
0 852 0.589480 0.585185 0.044740 0.137037 0.302010 1654.000000 1080.000000
0 853 0.589480 0.584259 0.044740 0.137037 0.302010 1654.000000 1080.000000
0 854 0.589480 0.583333 0.044740 0.137037 0.295300 1654.000000 1080.000000
0 855 0.589480 0.582407 0.044740 0.137037 0.288590 1654.000000 1080.000000
0 856 0.589480 0.581481 0.044740 0.137037 0.288590 1654.000000 1080.000000
0 857 0.589480 0.580556 0.044740 0.137037 0.281880 1654.000000 1080.000000
0 858 0.589480 0.579630 0.044740 0.137037 0.281880 1654.000000 1080.000000
0 859 0.589480 0.578704 0.044740 0.137037 0.275170 1654.000000 1080.000000
0 860 0.589480 0.577778 0.044740 0.137037 0.294500 1654.000000 1080.000000
0 861 0.589480 0.576852 0.044740 0.137037 0.313830 1654.000000 1080.000000
0 862 0.589480 0.575926 0.044740 0.137037 0.333150 1654.000000 1080.000000
0 863 0.589480 0.575000 0.044740 0.137037 0.342820 1654.000000 1080.000000
0 864 0.589480 0.574074 0.044740 0.137037 0.353380 1654.000000 1080.000000
0 865 0.589480 0.573148 0.044740 0.137037 0.358210 1654.000000 1080.000000
0 866 0.589480 0.572685 0.044740 0.137963 0.376000 1654.000000 1080.000000
0 867 0.588573 0.570833 0.044135 0.137963 0.384590 1654.000000 1080.000000
0 868 0.587969 0.569907 0.044135 0.137963 0.405050 1654.000000 1080.000000
0 869 0.587364 0.568981 0.044135 0.137963 0.415860 1654.000000 1080.000000
0 870 0.586759 0.568056 0.044135 0.137963 0.436220 1654.000000 1080.000000
0 871 0.585852 0.567130 0.043531 0.137963 0.439000 1654.000000 1080.000000
0 872 0.585248 0.565278 0.043531 0.137963 0.454700 1654.000000 1080.000000
0 873 0.584643 0.564352 0.043531 0.137963 0.454790 1654.000000 1080.000000
0 874 0.584341 0.563426 0.042926 0.137963 0.457780 1654.000000 1080.000000
0 875 0.583736 0.562500 0.042926 0.137963 0.461020 1654.000000 1080.000000
0 876 0.582830 0.561574 0.042322 0.137963 0.464230 1654.000000 1080.000000
0 877 0.582225 0.560648 0.042322 0.137963 0.463100 1654.000000 1080.000000
0 878 0.581620 0.558796 0.042322 0.137963 0.469010 1654.000000 1080.000000
0 879 0.581016 0.557870 0.042322 0.137963 0.469580 1654.000000 1080.000000
0 880 0.580109 0.556944 0.041717 0.137963 0.472570 1654.000000 1080.000000
0 881 0.579504 0.556019 0.041717 0.137963 0.462480 1654.000000 1080.000000
0 882 0.579202 0.555093 0.041112 0.137963 0.444830 1654.000000 1080.000000
0 883 0.578597 0.554167 0.041112 0.137963 0.432170 1654.000000 1080.000000
0 884 0.577993 0.552315 0.041112 0.137963 0.429570 1654.000000 1080.000000
0 885 0.577086 0.551389 0.040508 0.137963 0.420590 1654.000000 1080.000000
0 886 0.576481 0.550463 0.040508 0.137963 0.411760 1654.000000 1080.000000
0 887 0.575877 0.549537 0.040508 0.137963 0.403530 1654.000000 1080.000000
0 888 0.575272 0.548611 0.040508 0.137963 0.392940 1654.000000 1080.000000
0 889 0.574970 0.547685 0.039903 0.137963 0.395420 1654.000000 1080.000000
0 890 0.574365 0.546296 0.039903 0.138889 0.394480 1654.000000 1080.000000
0 891 0.573761 0.545370 0.039903 0.138889 0.401600 1654.000000 1080.000000
0 892 0.573156 0.544907 0.039903 0.139815 0.401320 1654.000000 1080.000000
0 893 0.572551 0.543981 0.039903 0.139815 0.388160 1654.000000 1080.000000
0 894 0.571947 0.543056 0.039903 0.139815 0.376180 1654.000000 1080.000000
0 895 0.571342 0.542593 0.039903 0.140741 0.361430 1654.000000 1080.000000
0 896 0.570738 0.541667 0.039903 0.140741 0.355580 1654.000000 1080.000000
0 897 0.570133 0.540741 0.039903 0.140741 0.341920 1654.000000 1080.000000
0 898 0.569528 0.540278 0.039903 0.141667 0.326610 1654.000000 1080.000000
0 899 0.568924 0.539352 0.039903 0.141667 0.313140 1654.000000 1080.000000
0 900 0.568319 0.538426 0.039903 0.141667 0.299280 1654.000000 1080.000000
0 901 0.568319 0.537963 0.039903 0.142593 0.283870 1654.000000 1080.000000
0 902 0.568319 0.536111 0.039903 0.142593 0.283870 1654.000000 1080.000000
0 903 0.568319 0.535185 0.039903 0.142593 0.283870 1654.000000 1080.000000
0 904 0.568319 0.533796 0.039903 0.143519 0.288460 1654.000000 1080.000000
0 905 0.568319 0.532870 0.039903 0.143519 0.288460 1654.000000 1080.000000
0 906 0.568319 0.531481 0.039903 0.142593 0.283870 1654.000000 1080.000000
0 907 0.568319 0.530093 0.039903 0.143519 0.288460 1654.000000 1080.000000
0 908 0.568319 0.529167 0.039903 0.143519 0.288460 1654.000000 1080.000000
0 909 0.568319 0.527778 0.039903 0.144444 0.292990 1654.000000 1080.000000
0 910 0.568319 0.526389 0.039903 0.143519 0.315920 1654.000000 1080.000000
0 911 0.568319 0.525463 0.039903 0.143519 0.320320 1654.000000 1080.000000
0 912 0.568319 0.524074 0.039903 0.144444 0.345760 1654.000000 1080.000000
0 913 0.568319 0.523148 0.039903 0.144444 0.356310 1654.000000 1080.000000
0 914 0.568319 0.521759 0.039903 0.143519 0.379070 1654.000000 1080.000000
0 915 0.568319 0.520370 0.039903 0.144444 0.403940 1654.000000 1080.000000
0 916 0.568319 0.519444 0.039903 0.144444 0.409070 1654.000000 1080.000000
0 917 0.568319 0.518056 0.039903 0.145370 0.433780 1654.000000 1080.000000
0 918 0.568319 0.516667 0.039903 0.144444 0.445760 1654.000000 1080.000000
0 919 0.568319 0.515741 0.039903 0.144444 0.466680 1654.000000 1080.000000
0 920 0.568319 0.514352 0.039903 0.145370 0.490840 1654.000000 1080.000000
0 921 0.568319 0.513426 0.039903 0.145370 0.496690 1654.000000 1080.000000
0 922 0.568319 0.512500 0.039903 0.145370 0.507180 1654.000000 1080.000000
0 923 0.567715 0.509722 0.039903 0.145370 0.532400 1654.000000 1080.000000
0 924 0.567715 0.507870 0.039903 0.145370 0.546950 1654.000000 1080.000000
0 925 0.567715 0.505093 0.039903 0.145370 0.561310 1654.000000 1080.000000
0 926 0.567412 0.503241 0.040508 0.145370 0.581720 1654.000000 1080.000000
0 927 0.567412 0.500926 0.040508 0.146296 0.598040 1654.000000 1080.000000
0 928 0.567110 0.498611 0.039903 0.145370 0.613170 1654.000000 1080.000000
0 929 0.567110 0.496759 0.039903 0.145370 0.626680 1654.000000 1080.000000
0 930 0.566808 0.493981 0.040508 0.145370 0.645290 1654.000000 1080.000000
0 931 0.566808 0.492130 0.040508 0.145370 0.658230 1654.000000 1080.000000
0 932 0.566808 0.489815 0.040508 0.146296 0.669810 1654.000000 1080.000000
0 933 0.566203 0.487500 0.040508 0.145370 0.692850 1654.000000 1080.000000
0 934 0.566203 0.485185 0.040508 0.146296 0.706990 1654.000000 1080.000000
0 935 0.566203 0.483333 0.040508 0.146296 0.716150 1654.000000 1080.000000
0 936 0.566203 0.481019 0.040508 0.145370 0.729150 1654.000000 1080.000000
0 937 0.565901 0.478704 0.041112 0.146296 0.743600 1654.000000 1080.000000
0 938 0.565599 0.476389 0.040508 0.145370 0.761260 1654.000000 1080.000000
0 939 0.565599 0.474074 0.040508 0.146296 0.782650 1654.000000 1080.000000
0 940 0.565296 0.472222 0.041112 0.146296 0.785800 1654.000000 1080.000000
0 941 0.565296 0.469444 0.041112 0.146296 0.798740 1654.000000 1080.000000
0 942 0.565296 0.467593 0.041112 0.146296 0.807130 1654.000000 1080.000000
0 943 0.565296 0.465741 0.041112 0.146296 0.809220 1654.000000 1080.000000
0 944 0.564389 0.463889 0.040508 0.146296 0.833520 1654.000000 1080.000000
0 945 0.563785 0.462037 0.040508 0.146296 0.850170 1654.000000 1080.000000
0 946 0.563180 0.460185 0.040508 0.146296 0.860060 1654.000000 1080.000000
0 947 0.562576 0.458333 0.040508 0.146296 0.877910 1654.000000 1080.000000
0 948 0.561971 0.456481 0.040508 0.146296 0.894190 1654.000000 1080.000000
0 949 0.561366 0.454630 0.040508 0.146296 0.903440 1654.000000 1080.000000
0 950 0.560762 0.452778 0.040508 0.146296 0.920460 1654.000000 1080.000000
0 951 0.560157 0.450926 0.040508 0.146296 0.936370 1654.000000 1080.000000
0 952 0.559553 0.449074 0.040508 0.146296 0.944970 1654.000000 1080.000000
0 953 0.558948 0.447222 0.040508 0.146296 0.961150 1654.000000 1080.000000
0 954 0.558343 0.445370 0.040508 0.146296 0.976690 1654.000000 1080.000000
0 955 0.557739 0.443519 0.040508 0.146296 0.984650 1654.000000 1080.000000
0 956 0.557134 0.441667 0.040508 0.146296 1.000000 1654.000000 1080.000000
0 957 0.556530 0.439815 0.040508 0.146296 1.000000 1654.000000 1080.000000
0 958 0.555925 0.437963 0.040508 0.146296 1.000000 1654.000000 1080.000000
0 959 0.555320 0.436111 0.040508 0.146296 1.000000 1654.000000 1080.000000
0 960 0.554716 0.434259 0.040508 0.146296 1.000000 1654.000000 1080.000000
0 961 0.554111 0.432407 0.040508 0.146296 1.000000 1654.000000 1080.000000
0 962 0.553507 0.430556 0.040508 0.146296 1.000000 1654.000000 1080.000000
0 963 0.552902 0.428704 0.040508 0.146296 1.000000 1654.000000 1080.000000
0 964 0.552297 0.426852 0.040508 0.146296 1.000000 1654.000000 1080.000000
0 965 0.551693 0.425000 0.040508 0.146296 1.000000 1654.000000 1080.000000
0 966 0.551088 0.423148 0.040508 0.146296 1.000000 1654.000000 1080.000000
0 967 0.550786 0.421759 0.039903 0.145370 1.000000 1654.000000 1080.000000
0 968 0.549577 0.419907 0.039903 0.145370 1.000000 1654.000000 1080.000000
0 969 0.548368 0.418056 0.039903 0.145370 1.000000 1654.000000 1080.000000
0 970 0.547158 0.416204 0.039903 0.145370 1.000000 1654.000000 1080.000000
0 971 0.546252 0.414815 0.039299 0.144444 1.000000 1654.000000 1080.000000
0 972 0.545042 0.412963 0.039299 0.144444 1.000000 1654.000000 1080.000000
0 973 0.543833 0.411111 0.039299 0.144444 1.000000 1654.000000 1080.000000
0 974 0.542926 0.409722 0.038694 0.143519 1.000000 1654.000000 1080.000000
0 975 0.541717 0.407870 0.038694 0.143519 1.000000 1654.000000 1080.000000
0 976 0.540508 0.406019 0.038694 0.143519 1.000000 1654.000000 1080.000000
0 977 0.539903 0.405093 0.038694 0.143519 1.000000 1654.000000 1080.000000
0 978 0.539299 0.402778 0.038694 0.142593 1.000000 1654.000000 1080.000000
0 979 0.538694 0.401389 0.038694 0.141667 1.000000 1654.000000 1080.000000
0 980 0.538694 0.399537 0.038694 0.139815 1.000000 1654.000000 1080.000000
0 981 0.538089 0.397685 0.038694 0.139815 1.000000 1654.000000 1080.000000
0 982 0.537485 0.395833 0.038694 0.137963 1.000000 1654.000000 1080.000000
0 983 0.537485 0.394444 0.038694 0.137037 1.000000 1654.000000 1080.000000
0 984 0.536880 0.392130 0.038694 0.136111 1.000000 1654.000000 1080.000000
0 985 0.536276 0.390741 0.038694 0.135185 1.000000 1654.000000 1080.000000
0 986 0.536276 0.388889 0.038694 0.133333 1.000000 1654.000000 1080.000000
0 987 0.535671 0.387037 0.038694 0.133333 1.000000 1654.000000 1080.000000
0 988 0.535067 0.385185 0.038694 0.131481 1.000000 1654.000000 1080.000000
0 989 0.535067 0.383796 0.038694 0.130556 1.000000 1654.000000 1080.000000
0 990 0.534462 0.381481 0.038694 0.129630 1.000000 1654.000000 1080.000000
0 991 0.533857 0.380093 0.038694 0.128704 1.000000 1654.000000 1080.000000
0 992 0.533857 0.378241 0.038694 0.126852 1.000000 1654.000000 1080.000000
0 993 0.533253 0.376389 0.038694 0.126852 1.000000 1654.000000 1080.000000
0 994 0.532648 0.374537 0.038694 0.125000 1.000000 1654.000000 1080.000000
0 995 0.532648 0.373148 0.038694 0.124074 1.000000 1654.000000 1080.000000
0 996 0.532044 0.371759 0.038694 0.125000 1.000000 1654.000000 1080.000000
0 997 0.531439 0.370833 0.038694 0.125000 1.000000 1654.000000 1080.000000
0 998 0.530834 0.369907 0.038694 0.125000 1.000000 1654.000000 1080.000000
0 999 0.530834 0.368981 0.038694 0.125000 1.000000 1654.000000 1080.000000
0 1000 0.530230 0.367593 0.038694 0.125926 1.000000 1654.000000 1080.000000
0 1001 0.529625 0.366667 0.038694 0.125926 1.000000 1654.000000 1080.000000
0 1002 0.529625 0.365741 0.038694 0.125926 1.000000 1654.000000 1080.000000
0 1003 0.529021 0.364815 0.038694 0.125926 1.000000 1654.000000 1080.000000
0 1004 0.528416 0.363426 0.038694 0.126852 1.000000 1654.000000 1080.000000
0 1005 0.527811 0.362500 0.038694 0.126852 1.000000 1654.000000 1080.000000
0 1006 0.527811 0.361574 0.038694 0.126852 1.000000 1654.000000 1080.000000
0 1007 0.527207 0.360648 0.038694 0.126852 1.000000 1654.000000 1080.000000
0 1008 0.526602 0.359259 0.038694 0.127778 1.000000 1654.000000 1080.000000
0 1009 0.526602 0.358333 0.038694 0.127778 1.000000 1654.000000 1080.000000
0 1010 0.525998 0.357407 0.038694 0.127778 1.000000 1654.000000 1080.000000
0 1011 0.525393 0.356481 0.038694 0.127778 1.000000 1654.000000 1080.000000
0 1012 0.525393 0.356019 0.038694 0.128704 1.000000 1654.000000 1080.000000
0 1013 0.524788 0.355093 0.038694 0.128704 1.000000 1654.000000 1080.000000
0 1014 0.524788 0.355093 0.038694 0.128704 1.000000 1654.000000 1080.000000
0 1015 0.524184 0.354167 0.038694 0.128704 1.000000 1654.000000 1080.000000
0 1016 0.524184 0.354167 0.038694 0.128704 1.000000 1654.000000 1080.000000
0 1017 0.523579 0.353241 0.038694 0.128704 1.000000 1654.000000 1080.000000
0 1018 0.523579 0.353241 0.038694 0.128704 1.000000 1654.000000 1080.000000
0 1019 0.522975 0.352315 0.038694 0.128704 1.000000 1654.000000 1080.000000
0 1020 0.522975 0.352315 0.038694 0.128704 1.000000 1654.000000 1080.000000
0 1021 0.522975 0.351389 0.038694 0.128704 1.000000 1654.000000 1080.000000
0 1022 0.522370 0.351389 0.038694 0.128704 1.000000 1654.000000 1080.000000
0 1023 0.522370 0.350463 0.038694 0.128704 1.000000 1654.000000 1080.000000
0 1024 0.521765 0.350463 0.038694 0.128704 1.000000 1654.000000 1080.000000
0 1025 0.521765 0.349537 0.038694 0.128704 1.000000 1654.000000 1080.000000
0 1026 0.521161 0.349537 0.038694 0.128704 1.000000 1654.000000 1080.000000
0 1027 0.521161 0.348611 0.038694 0.128704 1.000000 1654.000000 1080.000000
0 1028 0.520556 0.348611 0.038694 0.128704 1.000000 1654.000000 1080.000000
0 1029 0.520556 0.347685 0.038694 0.128704 1.000000 1654.000000 1080.000000
0 1030 0.520556 0.347685 0.038694 0.128704 1.000000 1654.000000 1080.000000
0 1031 0.519649 0.345833 0.038089 0.128704 1.000000 1654.000000 1080.000000
0 1032 0.519045 0.344907 0.038089 0.128704 1.000000 1654.000000 1080.000000
0 1033 0.518440 0.343981 0.038089 0.128704 1.000000 1654.000000 1080.000000
0 1034 0.518138 0.343056 0.037485 0.128704 1.000000 1654.000000 1080.000000
0 1035 0.517533 0.342130 0.037485 0.128704 1.000000 1654.000000 1080.000000
0 1036 0.516929 0.340741 0.037485 0.129630 1.000000 1654.000000 1080.000000
0 1037 0.516626 0.339815 0.036880 0.129630 1.000000 1654.000000 1080.000000
0 1038 0.516022 0.338889 0.036880 0.129630 1.000000 1654.000000 1080.000000
0 1039 0.515417 0.337963 0.036880 0.129630 1.000000 1654.000000 1080.000000
0 1040 0.515115 0.337037 0.036276 0.129630 1.000000 1654.000000 1080.000000
0 1041 0.514510 0.336111 0.036276 0.129630 1.000000 1654.000000 1080.000000
0 1042 0.513906 0.334722 0.036276 0.130556 1.000000 1654.000000 1080.000000
0 1043 0.513301 0.333796 0.036276 0.130556 1.000000 1654.000000 1080.000000
0 1044 0.512999 0.332870 0.035671 0.130556 1.000000 1654.000000 1080.000000
0 1045 0.512394 0.331944 0.035671 0.130556 1.000000 1654.000000 1080.000000
0 1046 0.511790 0.331019 0.035671 0.130556 1.000000 1654.000000 1080.000000
0 1047 0.511487 0.330093 0.035067 0.130556 1.000000 1654.000000 1080.000000
0 1048 0.510883 0.328704 0.035067 0.131481 1.000000 1654.000000 1080.000000
0 1049 0.510278 0.327778 0.035067 0.131481 1.000000 1654.000000 1080.000000
0 1050 0.509976 0.326852 0.034462 0.131481 1.000000 1654.000000 1080.000000
0 1051 0.509371 0.325926 0.034462 0.131481 1.000000 1654.000000 1080.000000
0 1052 0.508767 0.325000 0.034462 0.131481 1.000000 1654.000000 1080.000000
0 1053 0.508464 0.324074 0.033857 0.131481 1.000000 1654.000000 1080.000000
0 1054 0.507255 0.322222 0.033857 0.131481 0.986500 1654.000000 1080.000000
0 1055 0.506651 0.321296 0.033857 0.131481 0.978410 1654.000000 1080.000000
0 1056 0.505441 0.319907 0.033857 0.130556 0.968870 1654.000000 1080.000000
0 1057 0.504837 0.318519 0.033857 0.131481 0.963190 1654.000000 1080.000000
0 1058 0.503628 0.317593 0.033857 0.131481 0.953380 1654.000000 1080.000000
0 1059 0.503023 0.316204 0.033857 0.130556 0.948360 1654.000000 1080.000000
0 1060 0.502116 0.315278 0.034462 0.130556 0.940020 1654.000000 1080.000000
0 1061 0.501209 0.313889 0.033857 0.131481 0.930070 1654.000000 1080.000000
0 1062 0.500302 0.312500 0.034462 0.130556 0.925690 1654.000000 1080.000000
0 1063 0.499395 0.311574 0.033857 0.130556 0.922290 1654.000000 1080.000000
0 1064 0.498489 0.310648 0.034462 0.130556 0.915370 1654.000000 1080.000000
0 1065 0.497582 0.308796 0.033857 0.130556 0.913020 1654.000000 1080.000000
0 1066 0.496675 0.307870 0.034462 0.130556 0.906750 1654.000000 1080.000000
0 1067 0.496070 0.306944 0.034462 0.130556 0.900920 1654.000000 1080.000000
0 1068 0.494861 0.305093 0.034462 0.130556 0.904810 1654.000000 1080.000000
0 1069 0.494256 0.304167 0.034462 0.130556 0.902380 1654.000000 1080.000000
0 1070 0.493047 0.303241 0.034462 0.130556 0.898010 1654.000000 1080.000000
0 1071 0.492443 0.301852 0.034462 0.129630 0.901930 1654.000000 1080.000000
0 1072 0.491233 0.300463 0.034462 0.130556 0.899710 1654.000000 1080.000000
0 1073 0.490629 0.299537 0.034462 0.130556 0.892300 1654.000000 1080.000000
0 1074 0.489722 0.298148 0.035067 0.129630 0.884600 1654.000000 1080.000000
0 1075 0.488815 0.297222 0.034462 0.129630 0.875150 1654.000000 1080.000000
0 1076 0.487908 0.295833 0.035067 0.130556 0.865480 1654.000000 1080.000000
0 1077 0.487001 0.294444 0.034462 0.129630 0.862440 1654.000000 1080.000000
0 1078 0.486094 0.293519 0.035067 0.129630 0.851420 1654.000000 1080.000000
0 1079 0.485490 0.292593 0.035067 0.129630 0.840850 1654.000000 1080.000000
0 1080 0.484281 0.291667 0.035067 0.129630 0.830390 1654.000000 1080.000000
0 1081 0.483676 0.290741 0.035067 0.129630 0.815840 1654.000000 1080.000000
0 1082 0.483071 0.289815 0.035067 0.129630 0.802620 1654.000000 1080.000000
0 1083 0.481862 0.288889 0.035067 0.129630 0.787350 1654.000000 1080.000000
0 1084 0.481258 0.287963 0.035067 0.129630 0.774010 1654.000000 1080.000000
0 1085 0.480653 0.287037 0.035067 0.129630 0.765840 1654.000000 1080.000000
0 1086 0.479444 0.286111 0.035067 0.129630 0.752610 1654.000000 1080.000000
0 1087 0.478839 0.285185 0.035067 0.129630 0.746840 1654.000000 1080.000000
0 1088 0.478235 0.284259 0.035067 0.129630 0.742640 1654.000000 1080.000000
0 1089 0.477025 0.283333 0.035067 0.129630 0.732780 1654.000000 1080.000000
0 1090 0.476421 0.282407 0.035067 0.129630 0.728930 1654.000000 1080.000000
0 1091 0.475816 0.281481 0.035067 0.129630 0.724850 1654.000000 1080.000000
0 1092 0.474607 0.280556 0.035067 0.129630 0.718360 1654.000000 1080.000000
0 1093 0.474002 0.279630 0.035067 0.129630 0.712590 1654.000000 1080.000000
0 1094 0.473398 0.278704 0.035067 0.129630 0.702610 1654.000000 1080.000000
0 1095 0.472189 0.277778 0.035067 0.129630 0.696840 1654.000000 1080.000000
0 1096 0.471584 0.276852 0.035067 0.129630 0.693950 1654.000000 1080.000000
0 1097 0.470979 0.275926 0.035067 0.129630 0.688180 1654.000000 1080.000000
0 1098 0.469770 0.275000 0.035067 0.129630 0.682410 1654.000000 1080.000000
0 1099 0.469166 0.274074 0.035067 0.129630 0.679530 1654.000000 1080.000000
0 1100 0.468561 0.274074 0.035067 0.129630 0.669550 1654.000000 1080.000000
0 1101 0.467956 0.272222 0.035067 0.129630 0.673760 1654.000000 1080.000000
0 1102 0.467352 0.270370 0.035067 0.129630 0.680850 1654.000000 1080.000000
0 1103 0.467352 0.269444 0.035067 0.129630 0.686260 1654.000000 1080.000000
0 1104 0.466747 0.267593 0.035067 0.129630 0.703810 1654.000000 1080.000000
0 1105 0.466747 0.265741 0.035067 0.129630 0.715710 1654.000000 1080.000000
0 1106 0.466143 0.264815 0.035067 0.129630 0.726050 1654.000000 1080.000000
0 1107 0.466143 0.262963 0.035067 0.129630 0.737470 1654.000000 1080.000000
0 1108 0.465538 0.262037 0.035067 0.129630 0.747570 1654.000000 1080.000000
0 1109 0.465538 0.260185 0.035067 0.129630 0.758500 1654.000000 1080.000000
0 1110 0.464933 0.258333 0.035067 0.129630 0.774010 1654.000000 1080.000000
0 1111 0.464933 0.257407 0.035067 0.129630 0.778820 1654.000000 1080.000000
0 1112 0.464329 0.255556 0.035067 0.129630 0.798410 1654.000000 1080.000000
0 1113 0.464329 0.254630 0.035067 0.129630 0.798410 1654.000000 1080.000000
0 1114 0.463724 0.252778 0.035067 0.129630 0.812720 1654.000000 1080.000000
0 1115 0.463724 0.251852 0.035067 0.129630 0.817650 1654.000000 1080.000000
0 1116 0.463120 0.250926 0.035067 0.129630 0.826540 1654.000000 1080.000000
0 1117 0.463120 0.249074 0.035067 0.129630 0.831230 1654.000000 1080.000000
0 1118 0.462515 0.248148 0.035067 0.129630 0.844330 1654.000000 1080.000000
0 1119 0.462515 0.247222 0.035067 0.129630 0.844330 1654.000000 1080.000000
0 1120 0.461911 0.245370 0.035067 0.129630 0.861160 1654.000000 1080.000000
0 1121 0.461911 0.244444 0.035067 0.129630 0.852870 1654.000000 1080.000000
0 1122 0.461911 0.243519 0.035067 0.129630 0.852870 1654.000000 1080.000000
0 1123 0.461306 0.241667 0.035067 0.129630 0.848060 1654.000000 1080.000000
0 1124 0.461306 0.240741 0.035067 0.129630 0.848180 1654.000000 1080.000000
0 1125 0.460701 0.239815 0.035067 0.129630 0.852270 1654.000000 1080.000000
0 1126 0.460701 0.237963 0.035067 0.129630 0.852510 1654.000000 1080.000000
0 1127 0.460097 0.237037 0.035067 0.129630 0.848300 1654.000000 1080.000000
0 1128 0.460097 0.236111 0.035067 0.129630 0.848540 1654.000000 1080.000000
0 1129 0.459492 0.234259 0.035067 0.129630 0.840970 1654.000000 1080.000000
0 1130 0.459492 0.233333 0.035067 0.129630 0.837360 1654.000000 1080.000000
0 1131 0.459492 0.232407 0.035067 0.129630 0.837720 1654.000000 1080.000000
0 1132 0.459492 0.230556 0.035067 0.129630 0.841570 1654.000000 1080.000000
0 1133 0.459492 0.229630 0.035067 0.129630 0.837600 1654.000000 1080.000000
0 1134 0.459492 0.227778 0.035067 0.129630 0.842290 1654.000000 1080.000000
0 1135 0.459492 0.226852 0.035067 0.129630 0.846740 1654.000000 1080.000000
0 1136 0.459794 0.225000 0.034462 0.129630 0.860230 1654.000000 1080.000000
0 1137 0.459794 0.224074 0.034462 0.129630 0.864640 1654.000000 1080.000000
0 1138 0.459794 0.222222 0.034462 0.129630 0.877720 1654.000000 1080.000000
0 1139 0.459794 0.221296 0.034462 0.129630 0.864640 1654.000000 1080.000000
0 1140 0.460399 0.220370 0.034462 0.129630 0.858520 1654.000000 1080.000000
0 1141 0.460097 0.218519 0.033857 0.129630 0.855920 1654.000000 1080.000000
0 1142 0.460097 0.217593 0.033857 0.129630 0.865370 1654.000000 1080.000000
0 1143 0.460097 0.216667 0.033857 0.129630 0.865990 1654.000000 1080.000000
0 1144 0.460097 0.215741 0.033857 0.129630 0.869850 1654.000000 1080.000000
0 1145 0.460097 0.214352 0.033857 0.128704 0.877190 1654.000000 1080.000000
0 1146 0.460097 0.213426 0.033857 0.128704 0.880950 1654.000000 1080.000000
0 1147 0.460399 0.212500 0.033253 0.128704 0.891840 1654.000000 1080.000000
0 1148 0.460399 0.211111 0.033253 0.129630 0.893110 1654.000000 1080.000000
0 1149 0.460399 0.210185 0.033253 0.129630 0.896660 1654.000000 1080.000000
0 1150 0.460399 0.208796 0.033253 0.128704 0.900380 1654.000000 1080.000000
0 1151 0.460399 0.207870 0.033253 0.128704 0.903830 1654.000000 1080.000000
0 1152 0.460399 0.206944 0.033253 0.128704 0.907270 1654.000000 1080.000000
0 1153 0.460399 0.206019 0.033253 0.128704 0.907780 1654.000000 1080.000000
0 1154 0.460701 0.205093 0.032648 0.128704 0.914290 1654.000000 1080.000000
0 1155 0.460701 0.203241 0.032648 0.128704 0.920650 1654.000000 1080.000000
0 1156 0.460701 0.202315 0.032648 0.128704 0.918050 1654.000000 1080.000000
0 1157 0.460701 0.201389 0.032648 0.128704 0.921430 1654.000000 1080.000000
0 1158 0.460701 0.200463 0.032648 0.128704 0.918960 1654.000000 1080.000000
0 1159 0.460701 0.198611 0.032648 0.128704 0.925580 1654.000000 1080.000000
0 1160 0.460701 0.197685 0.032648 0.128704 0.923250 1654.000000 1080.000000
0 1161 0.460701 0.196759 0.032648 0.128704 0.926750 1654.000000 1080.000000
0 1162 0.460701 0.195833 0.032648 0.128704 0.930260 1654.000000 1080.000000
0 1163 0.460701 0.193981 0.032648 0.128704 0.927920 1654.000000 1080.000000
0 1164 0.460701 0.193056 0.032648 0.128704 0.925190 1654.000000 1080.000000
0 1165 0.460701 0.192130 0.032648 0.128704 0.922470 1654.000000 1080.000000
0 1166 0.460701 0.191204 0.032648 0.128704 0.919740 1654.000000 1080.000000
0 1167 0.460701 0.189352 0.032648 0.128704 0.917400 1654.000000 1080.000000
0 1168 0.460701 0.188426 0.032648 0.128704 0.917790 1654.000000 1080.000000
0 1169 0.460701 0.187500 0.032648 0.128704 0.913510 1654.000000 1080.000000
0 1170 0.460701 0.186574 0.032648 0.128704 0.909740 1654.000000 1080.000000
0 1171 0.460701 0.185648 0.032648 0.128704 0.907530 1654.000000 1080.000000
0 1172 0.460701 0.183796 0.032648 0.128704 0.916750 1654.000000 1080.000000
0 1173 0.460701 0.182870 0.032648 0.128704 0.920910 1654.000000 1080.000000
0 1174 0.460701 0.181944 0.032648 0.128704 0.928700 1654.000000 1080.000000
0 1175 0.461306 0.181019 0.032648 0.128704 0.931430 1654.000000 1080.000000
0 1176 0.461306 0.180093 0.032648 0.128704 0.934420 1654.000000 1080.000000
0 1177 0.461306 0.178704 0.032648 0.129630 0.943260 1654.000000 1080.000000
0 1178 0.461306 0.177778 0.032648 0.129630 0.947000 1654.000000 1080.000000
0 1179 0.461911 0.176852 0.032648 0.129630 0.948420 1654.000000 1080.000000
0 1180 0.461911 0.175463 0.032648 0.128704 0.959870 1654.000000 1080.000000
0 1181 0.461911 0.174537 0.032648 0.128704 0.962600 1654.000000 1080.000000
0 1182 0.461911 0.173148 0.032648 0.129630 0.966090 1654.000000 1080.000000
0 1183 0.462515 0.172222 0.032648 0.129630 0.968410 1654.000000 1080.000000
0 1184 0.462515 0.171296 0.032648 0.129630 0.971120 1654.000000 1080.000000
0 1185 0.462515 0.170370 0.032648 0.129630 0.974080 1654.000000 1080.000000
0 1186 0.462515 0.169444 0.032648 0.129630 0.978590 1654.000000 1080.000000
0 1187 0.463120 0.168519 0.032648 0.129630 0.976790 1654.000000 1080.000000
0 1188 0.463724 0.166204 0.032648 0.128704 0.978960 1654.000000 1080.000000
0 1189 0.464329 0.164815 0.032648 0.127778 0.979990 1654.000000 1080.000000
0 1190 0.464933 0.162963 0.032648 0.127778 0.981160 1654.000000 1080.000000
0 1191 0.465840 0.161574 0.032044 0.126852 0.981880 1654.000000 1080.000000
0 1192 0.466747 0.160185 0.032648 0.125926 0.979560 1654.000000 1080.000000
0 1193 0.467352 0.158333 0.032648 0.125926 0.981020 1654.000000 1080.000000
0 1194 0.468259 0.156944 0.032044 0.125000 0.982030 1654.000000 1080.000000
0 1195 0.468863 0.155556 0.032044 0.124074 0.983400 1654.000000 1080.000000
0 1196 0.469468 0.153704 0.032044 0.124074 0.984910 1654.000000 1080.000000
0 1197 0.470375 0.152315 0.032648 0.123148 0.986970 1654.000000 1080.000000
0 1198 0.471282 0.150926 0.032044 0.122222 0.985520 1654.000000 1080.000000
0 1199 0.471886 0.149074 0.032044 0.122222 0.986350 1654.000000 1080.000000
0 1200 0.472491 0.147685 0.032044 0.121296 0.975170 1654.000000 1080.000000
0 1201 0.473700 0.146296 0.032044 0.120370 0.957590 1654.000000 1080.000000
0 1202 0.474002 0.145370 0.032648 0.120370 0.941290 1654.000000 1080.000000
0 1203 0.474607 0.144444 0.032648 0.120370 0.927830 1654.000000 1080.000000
0 1204 0.475212 0.143519 0.032648 0.120370 0.895770 1654.000000 1080.000000
0 1205 0.475816 0.142593 0.032648 0.120370 0.866760 1654.000000 1080.000000
0 1206 0.476421 0.142130 0.032648 0.121296 0.833610 1654.000000 1080.000000
0 1207 0.477025 0.141204 0.032648 0.121296 0.805100 1654.000000 1080.000000
0 1208 0.477630 0.140278 0.032648 0.121296 0.777690 1654.000000 1080.000000
0 1209 0.478235 0.139352 0.032648 0.121296 0.753720 1654.000000 1080.000000
0 1210 0.478839 0.138426 0.032648 0.121296 0.734160 1654.000000 1080.000000
0 1211 0.479746 0.137963 0.033253 0.122222 0.719660 1654.000000 1080.000000
0 1212 0.479746 0.137037 0.033253 0.122222 0.721800 1654.000000 1080.000000
0 1213 0.479746 0.136111 0.033253 0.122222 0.729320 1654.000000 1080.000000
0 1214 0.480351 0.135185 0.033253 0.122222 0.748930 1654.000000 1080.000000
0 1215 0.480351 0.135185 0.033253 0.122222 0.767990 1654.000000 1080.000000
0 1216 0.480955 0.134259 0.033253 0.122222 0.796990 1654.000000 1080.000000
0 1217 0.480955 0.133333 0.033253 0.122222 0.825320 1654.000000 1080.000000
0 1218 0.481560 0.133333 0.033253 0.122222 0.844520 1654.000000 1080.000000
0 1219 0.481560 0.132407 0.033253 0.122222 0.870300 1654.000000 1080.000000
0 1220 0.482164 0.131481 0.033253 0.122222 0.896890 1654.000000 1080.000000
0 1221 0.482164 0.131481 0.033253 0.122222 0.915410 1654.000000 1080.000000
0 1222 0.482769 0.130556 0.033253 0.122222 0.934750 1654.000000 1080.000000
0 1223 0.482769 0.129630 0.033253 0.122222 0.952470 1654.000000 1080.000000
0 1224 0.483374 0.128704 0.033253 0.122222 0.970190 1654.000000 1080.000000
0 1225 0.483374 0.128704 0.033253 0.122222 0.983080 1654.000000 1080.000000
0 1226 0.483978 0.127778 0.033253 0.122222 0.988720 1654.000000 1080.000000
0 1227 0.483978 0.126852 0.033253 0.122222 0.989530 1654.000000 1080.000000
0 1228 0.484583 0.126852 0.033253 0.122222 0.989530 1654.000000 1080.000000
0 1229 0.484583 0.125926 0.033253 0.122222 0.989530 1654.000000 1080.000000
0 1230 0.485187 0.125000 0.033253 0.122222 0.989530 1654.000000 1080.000000
0 1231 0.485187 0.125000 0.033253 0.122222 0.988720 1654.000000 1080.000000
0 1232 0.485792 0.124074 0.033253 0.122222 0.987780 1654.000000 1080.000000
0 1233 0.485792 0.123148 0.033253 0.122222 0.988720 1654.000000 1080.000000
0 1234 0.486397 0.123148 0.033253 0.122222 0.987110 1654.000000 1080.000000
0 1235 0.485792 0.121296 0.033253 0.122222 0.989660 1654.000000 1080.000000
0 1236 0.485792 0.120370 0.033253 0.122222 0.990600 1654.000000 1080.000000
0 1237 0.485792 0.119444 0.033253 0.122222 0.992750 1654.000000 1080.000000
0 1238 0.485792 0.118519 0.033253 0.122222 0.993560 1654.000000 1080.000000
0 1239 0.485792 0.117593 0.033253 0.122222 0.993560 1654.000000 1080.000000
0 1240 0.485792 0.115741 0.033253 0.122222 0.995300 1654.000000 1080.000000
0 1241 0.485792 0.114815 0.033253 0.122222 0.995970 1654.000000 1080.000000
0 1242 0.485187 0.113889 0.033253 0.122222 0.996640 1654.000000 1080.000000
0 1243 0.485187 0.112963 0.033253 0.122222 0.997310 1654.000000 1080.000000
0 1244 0.485187 0.112037 0.033253 0.122222 0.997990 1654.000000 1080.000000
0 1245 0.485187 0.111111 0.033253 0.122222 0.998930 1654.000000 1080.000000
0 1246 0.485187 0.109259 0.033253 0.122222 0.998930 1654.000000 1080.000000
0 1247 0.485187 0.108333 0.033253 0.122222 0.998930 1654.000000 1080.000000
0 1248 0.485187 0.107407 0.033253 0.122222 0.998930 1654.000000 1080.000000
0 1249 0.484583 0.106481 0.033253 0.122222 1.000000 1654.000000 1080.000000
0 1250 0.484583 0.105556 0.033253 0.122222 1.000000 1654.000000 1080.000000
0 1251 0.484583 0.103704 0.033253 0.122222 1.000000 1654.000000 1080.000000
0 1252 0.484583 0.102778 0.033253 0.122222 1.000000 1654.000000 1080.000000
0 1253 0.484583 0.101852 0.033253 0.122222 1.000000 1654.000000 1080.000000
0 1254 0.484583 0.100926 0.033253 0.122222 1.000000 1654.000000 1080.000000
0 1255 0.484583 0.100000 0.033253 0.122222 1.000000 1654.000000 1080.000000
0 1256 0.484583 0.099074 0.033253 0.122222 1.000000 1654.000000 1080.000000
0 1257 0.483978 0.098148 0.033253 0.122222 1.000000 1654.000000 1080.000000
0 1258 0.483978 0.097222 0.033253 0.122222 1.000000 1654.000000 1080.000000
0 1259 0.483978 0.096296 0.033253 0.122222 1.000000 1654.000000 1080.000000
0 1260 0.483978 0.096296 0.033253 0.122222 1.000000 1654.000000 1080.000000
0 1261 0.483978 0.095370 0.033253 0.122222 1.000000 1654.000000 1080.000000
0 1262 0.483374 0.094444 0.033253 0.122222 1.000000 1654.000000 1080.000000
0 1263 0.483374 0.093519 0.033253 0.122222 1.000000 1654.000000 1080.000000
0 1264 0.483374 0.093519 0.033253 0.122222 1.000000 1654.000000 1080.000000
0 1265 0.483374 0.092593 0.033253 0.122222 1.000000 1654.000000 1080.000000
0 1266 0.483374 0.091667 0.033253 0.122222 1.000000 1654.000000 1080.000000
0 1267 0.482769 0.090741 0.033253 0.122222 1.000000 1654.000000 1080.000000
0 1268 0.482769 0.090741 0.033253 0.122222 1.000000 1654.000000 1080.000000
0 1269 0.482769 0.089815 0.033253 0.122222 1.000000 1654.000000 1080.000000
0 1270 0.482769 0.088889 0.033253 0.122222 1.000000 1654.000000 1080.000000
0 1271 0.482769 0.087963 0.033253 0.122222 1.000000 1654.000000 1080.000000
0 1272 0.482769 0.087963 0.033253 0.122222 1.000000 1654.000000 1080.000000
0 1273 0.482164 0.087037 0.033253 0.122222 1.000000 1654.000000 1080.000000
0 1274 0.481560 0.086111 0.033253 0.122222 1.000000 1654.000000 1080.000000
0 1275 0.480955 0.085185 0.033253 0.122222 1.000000 1654.000000 1080.000000
0 1276 0.480955 0.084259 0.033253 0.122222 1.000000 1654.000000 1080.000000
0 1277 0.480351 0.083333 0.033253 0.122222 1.000000 1654.000000 1080.000000
0 1278 0.479746 0.082407 0.033253 0.122222 1.000000 1654.000000 1080.000000
0 1279 0.479141 0.081481 0.033253 0.122222 1.000000 1654.000000 1080.000000
0 1280 0.479141 0.080556 0.033253 0.122222 1.000000 1654.000000 1080.000000
0 1281 0.478537 0.079630 0.033253 0.122222 1.000000 1654.000000 1080.000000
0 1282 0.477932 0.078704 0.033253 0.122222 1.000000 1654.000000 1080.000000
0 1283 0.477932 0.077778 0.033253 0.122222 1.000000 1654.000000 1080.000000
0 1284 0.477328 0.076852 0.033253 0.122222 1.000000 1654.000000 1080.000000
0 1285 0.476723 0.075926 0.033253 0.122222 1.000000 1654.000000 1080.000000
0 1286 0.476119 0.075000 0.033253 0.122222 1.000000 1654.000000 1080.000000
0 1287 0.476119 0.074074 0.033253 0.122222 1.000000 1654.000000 1080.000000
0 1288 0.475514 0.073148 0.033253 0.122222 1.000000 1654.000000 1080.000000
0 1289 0.474909 0.072222 0.033253 0.122222 1.000000 1654.000000 1080.000000
0 1290 0.474909 0.071296 0.033253 0.122222 1.000000 1654.000000 1080.000000
0 1291 0.474305 0.069907 0.033253 0.121296 1.000000 1654.000000 1080.000000
0 1292 0.474305 0.068981 0.033253 0.121296 1.000000 1654.000000 1080.000000
0 1293 0.474305 0.068519 0.033253 0.120370 1.000000 1654.000000 1080.000000
0 1294 0.474305 0.067593 0.033253 0.120370 1.000000 1654.000000 1080.000000
0 1295 0.474305 0.066667 0.033253 0.120370 1.000000 1654.000000 1080.000000
0 1296 0.473700 0.066204 0.033253 0.119444 1.000000 1654.000000 1080.000000
0 1297 0.473700 0.065278 0.033253 0.119444 1.000000 1654.000000 1080.000000
0 1298 0.473700 0.064815 0.033253 0.118519 1.000000 1654.000000 1080.000000
0 1299 0.473700 0.063426 0.033253 0.117593 1.000000 1654.000000 1080.000000
0 1300 0.473700 0.062500 0.033253 0.117593 1.000000 1654.000000 1080.000000
0 1301 0.473096 0.062037 0.033253 0.116667 1.000000 1654.000000 1080.000000
0 1302 0.473096 0.061111 0.033253 0.116667 1.000000 1654.000000 1080.000000
0 1303 0.473096 0.060185 0.033253 0.116667 1.000000 1654.000000 1080.000000
0 1304 0.473096 0.059722 0.033253 0.115741 1.000000 1654.000000 1080.000000
0 1305 0.473096 0.058796 0.033253 0.115741 1.000000 1654.000000 1080.000000
0 1306 0.473096 0.058333 0.033253 0.114815 1.000000 1654.000000 1080.000000
0 1307 0.472491 0.057870 0.033253 0.113889 1.000000 1654.000000 1080.000000
0 1308 0.471886 0.057407 0.033253 0.112963 0.940770 1654.000000 1080.000000
0 1309 0.471886 0.056944 0.033253 0.112037 0.926810 1654.000000 1080.000000
0 1310 0.471282 0.056481 0.033253 0.111111 0.913220 1654.000000 1080.000000
0 1311 0.470677 0.056481 0.033253 0.111111 0.885480 1654.000000 1080.000000
0 1312 0.470677 0.056019 0.033253 0.110185 0.886900 1654.000000 1080.000000
0 1313 0.470073 0.055556 0.033253 0.109259 0.860440 1654.000000 1080.000000
0 1314 0.470073 0.055093 0.033253 0.108333 0.862290 1654.000000 1080.000000
0 1315 0.469468 0.055093 0.033253 0.108333 0.836560 1654.000000 1080.000000
0 1316 0.468863 0.054630 0.033253 0.107407 0.838830 1654.000000 1080.000000
0 1317 0.468863 0.054167 0.033253 0.106481 0.854370 1654.000000 1080.000000
0 1318 0.468259 0.053704 0.033253 0.105556 0.843480 1654.000000 1080.000000
0 1319 0.468259 0.053704 0.033253 0.105556 0.856520 1654.000000 1080.000000
0 1320 0.467654 0.052778 0.033253 0.103704 0.846400 1654.000000 1080.000000
0 1321 0.467352 0.052315 0.032648 0.102778 0.844160 1654.000000 1080.000000
0 1322 0.467352 0.051852 0.032648 0.101852 0.859460 1654.000000 1080.000000
0 1323 0.466747 0.051389 0.032648 0.100926 0.847270 1654.000000 1080.000000
0 1324 0.466747 0.050926 0.032648 0.100000 0.849870 1654.000000 1080.000000
0 1325 0.466445 0.050463 0.032044 0.099074 0.862310 1654.000000 1080.000000
0 1326 0.466143 0.050000 0.032648 0.098148 0.853190 1654.000000 1080.000000
0 1327 0.465840 0.049537 0.032044 0.097222 0.853250 1654.000000 1080.000000
0 1328 0.465840 0.049074 0.032044 0.096296 0.866140 1654.000000 1080.000000
0 1329 0.465236 0.048611 0.032044 0.095370 0.856840 1654.000000 1080.000000
0 1330 0.465236 0.048148 0.032044 0.094444 0.859760 1654.000000 1080.000000
0 1331 0.464933 0.047685 0.031439 0.093519 0.857940 1654.000000 1080.000000
0 1332 0.464631 0.047222 0.032044 0.092593 0.852220 1654.000000 1080.000000
0 1333 0.464329 0.046759 0.031439 0.091667 0.841510 1654.000000 1080.000000
0 1334 0.464329 0.046296 0.031439 0.090741 0.845240 1654.000000 1080.000000
0 1335 0.463724 0.045833 0.031439 0.089815 0.838270 1654.000000 1080.000000
0 1336 0.463120 0.045833 0.031439 0.089815 0.819980 1654.000000 1080.000000
0 1337 0.462817 0.045370 0.032044 0.088889 0.817870 1654.000000 1080.000000
0 1338 0.462515 0.045370 0.031439 0.088889 0.797510 1654.000000 1080.000000
0 1339 0.461911 0.045370 0.031439 0.088889 0.782340 1654.000000 1080.000000
0 1340 0.461608 0.044907 0.032044 0.087963 0.803240 1654.000000 1080.000000
0 1341 0.461004 0.044907 0.032044 0.087963 0.815970 1654.000000 1080.000000
0 1342 0.460701 0.044444 0.031439 0.087037 0.843300 1654.000000 1080.000000
0 1343 0.460399 0.044444 0.032044 0.087037 0.854970 1654.000000 1080.000000
0 1344 0.459794 0.044444 0.032044 0.087037 0.866670 1654.000000 1080.000000
0 1345 0.459190 0.043981 0.032044 0.086111 0.887310 1654.000000 1080.000000
0 1346 0.459190 0.043981 0.032044 0.086111 0.871160 1654.000000 1080.000000
0 1347 0.458585 0.043519 0.032044 0.085185 0.859020 1654.000000 1080.000000
0 1348 0.457981 0.043519 0.032044 0.085185 0.835720 1654.000000 1080.000000
0 1349 0.457981 0.043519 0.032044 0.085185 0.807850 1654.000000 1080.000000
0 1350 0.457376 0.043056 0.032044 0.084259 0.780600 1654.000000 1080.000000
0 1351 0.457376 0.042593 0.032044 0.083333 0.738710 1654.000000 1080.000000
0 1352 0.457376 0.042593 0.032044 0.083333 0.705540 1654.000000 1080.000000
0 1353 0.456771 0.042130 0.032044 0.082407 0.692800 1654.000000 1080.000000
0 1354 0.456771 0.042130 0.032044 0.082407 0.657610 1654.000000 1080.000000
0 1355 0.456771 0.041667 0.032044 0.081481 0.621310 1654.000000 1080.000000
0 1356 0.456167 0.041667 0.032044 0.081481 0.598630 1654.000000 1080.000000
0 1357 0.456167 0.041204 0.032044 0.080556 0.575760 1654.000000 1080.000000
0 1358 0.456167 0.041204 0.032044 0.080556 0.551560 1654.000000 1080.000000
0 1359 0.455865 0.040741 0.031439 0.079630 0.533720 1654.000000 1080.000000
0 1360 0.455562 0.040741 0.032044 0.079630 0.475520 1654.000000 1080.000000
0 1361 0.455562 0.040278 0.032044 0.078704 0.447670 1654.000000 1080.000000
0 1362 0.455260 0.040278 0.031439 0.078704 0.414660 1654.000000 1080.000000
0 1363 0.454958 0.039815 0.032044 0.077778 0.401310 1654.000000 1080.000000
0 1364 0.454958 0.039815 0.032044 0.077778 0.366670 1654.000000 1080.000000
0 1365 0.454958 0.039352 0.032044 0.076852 0.341270 1654.000000 1080.000000
0 1366 0.454655 0.038889 0.031439 0.075926 0.319850 1654.000000 1080.000000
0 1367 0.454353 0.038889 0.032044 0.075926 0.257920 1654.000000 1080.000000
0 1368 0.454353 0.038426 0.032044 0.075000 0.196700 1654.000000 1080.000000
0 1369 0.454051 0.038426 0.031439 0.075000 0.126090 1654.000000 1080.000000
0 1370 0.453748 0.037963 0.032044 0.074074 0.098765 1654.000000 1080.000000
0 1371 0.453748 0.037963 0.032044 0.074074 0.074074 1654.000000 1080.000000
0 1372 0.453446 0.037500 0.031439 0.073148 0.050000 1654.000000 1080.000000
0 1373 0.453446 0.037500 0.031439 0.073148 0.025000 1654.000000 1080.000000
0 1374 0.453144 0.037037 0.032044 0.072222 0.067511 1654.000000 1080.000000
0 1375 0.452842 0.037037 0.031439 0.072222 0.105800 1654.000000 1080.000000
0 1376 0.452842 0.036574 0.031439 0.071296 0.161830 1654.000000 1080.000000
0 1377 0.452539 0.036574 0.032044 0.071296 0.213910 1654.000000 1080.000000
0 1378 0.452237 0.036111 0.031439 0.070370 0.252880 1654.000000 1080.000000
0 1379 0.452237 0.036111 0.031439 0.070370 0.274200 1654.000000 1080.000000
0 1380 0.452237 0.035648 0.031439 0.069444 0.306850 1654.000000 1080.000000
0 1381 0.451935 0.035185 0.032044 0.068519 0.337040 1654.000000 1080.000000
0 1382 0.451632 0.035185 0.031439 0.068519 0.359250 1654.000000 1080.000000
0 1383 0.451632 0.034722 0.031439 0.067593 0.395970 1654.000000 1080.000000
0 1384 0.451330 0.034722 0.032044 0.067593 0.404650 1654.000000 1080.000000
0 1385 0.451028 0.034259 0.031439 0.066667 0.437320 1654.000000 1080.000000
0 1386 0.451028 0.034259 0.031439 0.066667 0.472730 1654.000000 1080.000000
0 1387 0.451028 0.033796 0.031439 0.065741 0.515200 1654.000000 1080.000000
0 1388 0.450423 0.033796 0.031439 0.065741 0.525680 1654.000000 1080.000000
0 1389 0.450423 0.033333 0.031439 0.064815 0.538400 1654.000000 1080.000000
0 1390 0.450423 0.033333 0.031439 0.064815 0.598190 1654.000000 1080.000000
0 1391 0.449819 0.032870 0.031439 0.063889 0.638810 1654.000000 1080.000000
0 1392 0.449819 0.032870 0.031439 0.063889 0.700000 1654.000000 1080.000000
0 1393 0.449819 0.032407 0.031439 0.062963 0.769480 1654.000000 1080.000000
0 1394 0.449819 0.032407 0.031439 0.062963 0.821990 1654.000000 1080.000000
0 1395 0.449214 0.032407 0.031439 0.062963 0.819520 1654.000000 1080.000000
0 1396 0.449214 0.032407 0.031439 0.062963 0.823350 1654.000000 1080.000000
0 1397 0.449214 0.032407 0.031439 0.062963 0.827730 1654.000000 1080.000000
0 1398 0.449214 0.032407 0.031439 0.062963 0.827730 1654.000000 1080.000000
0 1399 0.449214 0.032407 0.031439 0.062963 0.832650 1654.000000 1080.000000
0 1400 0.449214 0.032407 0.031439 0.062963 0.838120 1654.000000 1080.000000
0 1401 0.449214 0.032407 0.031439 0.062963 0.844130 1654.000000 1080.000000
0 1402 0.449214 0.032407 0.031439 0.062963 0.840030 1654.000000 1080.000000
0 1403 0.449214 0.032407 0.031439 0.062963 0.846870 1654.000000 1080.000000
0 1404 0.449214 0.032407 0.031439 0.062963 0.854250 1654.000000 1080.000000
0 1405 0.449214 0.032407 0.031439 0.062963 0.862180 1654.000000 1080.000000
0 1406 0.449214 0.032407 0.031439 0.062963 0.870660 1654.000000 1080.000000
0 1407 0.449214 0.032407 0.031439 0.062963 0.879680 1654.000000 1080.000000
0 1408 0.449214 0.032407 0.031439 0.062963 0.876950 1654.000000 1080.000000
0 1409 0.449214 0.032407 0.031439 0.062963 0.884330 1654.000000 1080.000000
0 1410 0.449214 0.032407 0.031439 0.062963 0.895000 1654.000000 1080.000000
0 1411 0.448912 0.032407 0.032044 0.062963 0.906070 1654.000000 1080.000000
0 1412 0.448912 0.032407 0.032044 0.062963 0.917870 1654.000000 1080.000000
0 1413 0.448912 0.032407 0.032044 0.062963 0.930220 1654.000000 1080.000000
0 1414 0.448912 0.032407 0.032044 0.062963 0.928880 1654.000000 1080.000000
0 1415 0.448912 0.032407 0.032044 0.062963 0.942030 1654.000000 1080.000000
0 1416 0.448912 0.032407 0.032044 0.062963 0.956520 1654.000000 1080.000000
0 1417 0.448912 0.032407 0.032044 0.062963 0.971010 1654.000000 1080.000000
0 1418 0.448912 0.032407 0.032044 0.062963 0.985510 1654.000000 1080.000000
0 1419 0.448912 0.032870 0.032044 0.063889 0.985710 1654.000000 1080.000000
0 1420 0.448609 0.032870 0.031439 0.063889 0.985710 1654.000000 1080.000000
0 1421 0.448609 0.032870 0.031439 0.063889 1.000000 1654.000000 1080.000000
0 1422 0.448609 0.032870 0.031439 0.063889 1.000000 1654.000000 1080.000000
0 1423 0.448609 0.032870 0.031439 0.063889 1.000000 1654.000000 1080.000000
0 1424 0.448609 0.032870 0.031439 0.063889 1.000000 1654.000000 1080.000000
0 1425 0.448609 0.032870 0.031439 0.063889 1.000000 1654.000000 1080.000000
0 1426 0.448609 0.032870 0.031439 0.063889 1.000000 1654.000000 1080.000000
0 1427 0.448609 0.032870 0.031439 0.063889 1.000000 1654.000000 1080.000000
0 1428 0.448307 0.032870 0.032044 0.063889 1.000000 1654.000000 1080.000000
0 1429 0.448307 0.032870 0.032044 0.063889 1.000000 1654.000000 1080.000000
0 1430 0.448307 0.032870 0.032044 0.063889 1.000000 1654.000000 1080.000000
0 1431 0.448307 0.032870 0.032044 0.063889 1.000000 1654.000000 1080.000000
0 1432 0.448307 0.032870 0.032044 0.063889 1.000000 1654.000000 1080.000000
0 1433 0.448307 0.032870 0.032044 0.063889 1.000000 1654.000000 1080.000000
0 1434 0.448307 0.032870 0.032044 0.063889 1.000000 1654.000000 1080.000000
0 1435 0.448307 0.032870 0.032044 0.063889 0.998680 1654.000000 1080.000000
0 1436 0.448307 0.032870 0.032044 0.063889 0.995240 1654.000000 1080.000000
0 1437 0.448307 0.032870 0.032044 0.063889 0.990740 1654.000000 1080.000000
0 1438 0.448307 0.032870 0.032044 0.063889 0.983330 1654.000000 1080.000000
0 1439 0.448307 0.032870 0.032044 0.063889 0.976190 1654.000000 1080.000000
0 1440 0.448307 0.032870 0.032044 0.063889 0.967990 1654.000000 1080.000000
0 1441 0.448307 0.032870 0.032044 0.063889 0.958730 1654.000000 1080.000000
0 1442 0.448307 0.032870 0.032044 0.063889 0.948410 1654.000000 1080.000000
0 1443 0.448307 0.032870 0.032044 0.063889 0.932540 1654.000000 1080.000000
0 1444 0.448307 0.033333 0.032044 0.064815 0.915750 1654.000000 1080.000000
0 1445 0.448307 0.032870 0.032044 0.063889 0.905560 1654.000000 1080.000000
0 1446 0.448307 0.032870 0.032044 0.063889 0.890480 1654.000000 1080.000000
0 1447 0.448307 0.032870 0.032044 0.063889 0.867720 1654.000000 1080.000000
0 1448 0.448307 0.032407 0.032044 0.062963 0.855070 1654.000000 1080.000000
0 1449 0.448307 0.032407 0.032044 0.062963 0.836550 1654.000000 1080.000000
0 1450 0.448307 0.032407 0.032044 0.062963 0.816960 1654.000000 1080.000000
0 1451 0.448307 0.031944 0.032044 0.062037 0.802290 1654.000000 1080.000000
0 1452 0.448307 0.031944 0.032044 0.062037 0.771240 1654.000000 1080.000000
0 1453 0.448307 0.031944 0.032044 0.062037 0.748090 1654.000000 1080.000000
0 1454 0.448307 0.031481 0.032044 0.061111 0.730510 1654.000000 1080.000000
0 1455 0.448307 0.031481 0.032044 0.061111 0.705360 1654.000000 1080.000000
0 1456 0.448307 0.031481 0.032044 0.061111 0.679100 1654.000000 1080.000000
0 1457 0.448307 0.031481 0.032044 0.061111 0.659480 1654.000000 1080.000000
0 1458 0.448307 0.031944 0.032044 0.062037 0.624180 1654.000000 1080.000000
0 1459 0.448307 0.032407 0.032044 0.062963 0.600640 1654.000000 1080.000000
0 1460 0.448307 0.032870 0.032044 0.063889 0.563490 1654.000000 1080.000000
0 1461 0.448307 0.033333 0.032044 0.064815 0.525300 1654.000000 1080.000000
0 1462 0.448307 0.033333 0.032044 0.064815 0.507040 1654.000000 1080.000000
0 1463 0.448307 0.033333 0.032044 0.064815 0.492960 1654.000000 1080.000000
0 1464 0.448307 0.033333 0.032044 0.064815 0.478870 1654.000000 1080.000000
0 1465 0.448307 0.033333 0.032044 0.064815 0.478870 1654.000000 1080.000000
0 1466 0.448307 0.033333 0.032044 0.064815 0.464790 1654.000000 1080.000000
0 1467 0.448307 0.033333 0.032044 0.064815 0.470530 1654.000000 1080.000000
0 1468 0.448307 0.033333 0.032044 0.064815 0.489310 1654.000000 1080.000000
0 1469 0.448307 0.033333 0.032044 0.064815 0.496090 1654.000000 1080.000000
0 1470 0.448307 0.033796 0.032044 0.065741 0.494860 1654.000000 1080.000000
0 1471 0.448307 0.033796 0.032044 0.065741 0.511830 1654.000000 1080.000000
0 1472 0.448307 0.033796 0.032044 0.065741 0.516980 1654.000000 1080.000000
0 1473 0.448307 0.033796 0.032044 0.065741 0.522120 1654.000000 1080.000000
0 1474 0.448307 0.033796 0.032044 0.065741 0.537040 1654.000000 1080.000000
0 1475 0.448307 0.033796 0.032044 0.065741 0.541670 1654.000000 1080.000000
0 1476 0.448307 0.033796 0.032044 0.065741 0.546300 1654.000000 1080.000000
0 1477 0.448307 0.033796 0.032044 0.065741 0.574070 1654.000000 1080.000000
0 1478 0.448307 0.033796 0.032044 0.065741 0.578700 1654.000000 1080.000000
0 1479 0.448307 0.034259 0.032044 0.066667 0.591070 1654.000000 1080.000000
0 1480 0.448307 0.034259 0.032044 0.066667 0.595130 1654.000000 1080.000000
0 1481 0.448307 0.034259 0.032044 0.066667 0.599190 1654.000000 1080.000000
0 1482 0.448307 0.034259 0.032044 0.066667 0.616950 1654.000000 1080.000000
0 1483 0.448307 0.034259 0.032044 0.066667 0.620500 1654.000000 1080.000000
0 1484 0.448307 0.034259 0.032044 0.066667 0.646370 1654.000000 1080.000000
0 1485 0.448307 0.034259 0.032044 0.066667 0.636230 1654.000000 1080.000000
0 1486 0.448307 0.034259 0.032044 0.066667 0.639780 1654.000000 1080.000000
0 1487 0.448307 0.034259 0.032044 0.066667 0.643330 1654.000000 1080.000000
0 1488 0.448307 0.034722 0.032044 0.067593 0.626130 1654.000000 1080.000000
0 1489 0.448307 0.034722 0.032044 0.067593 0.629130 1654.000000 1080.000000
0 1490 0.448307 0.034722 0.032044 0.067593 0.632130 1654.000000 1080.000000
0 1491 0.448307 0.034722 0.032044 0.067593 0.621620 1654.000000 1080.000000
0 1492 0.448307 0.034722 0.032044 0.067593 0.608110 1654.000000 1080.000000
0 1493 0.448307 0.034722 0.032044 0.067593 0.594590 1654.000000 1080.000000
0 1494 0.448307 0.034722 0.032044 0.067593 0.581080 1654.000000 1080.000000
0 1495 0.448307 0.034722 0.032044 0.067593 0.554050 1654.000000 1080.000000
0 1496 0.448307 0.034722 0.032044 0.067593 0.540540 1654.000000 1080.000000
0 1497 0.448307 0.035185 0.032044 0.068519 0.537780 1654.000000 1080.000000
0 1498 0.448307 0.035648 0.032044 0.069444 0.524850 1654.000000 1080.000000
0 1499 0.448307 0.036111 0.032044 0.070370 0.526700 1654.000000 1080.000000
0 1500 0.448307 0.036574 0.032044 0.071296 0.530390 1654.000000 1080.000000
0 1501 0.448307 0.037500 0.032044 0.073148 0.531480 1654.000000 1080.000000
0 1502 0.448005 0.037500 0.031439 0.073148 0.534430 1654.000000 1080.000000
0 1503 0.448005 0.037500 0.031439 0.073148 0.547170 1654.000000 1080.000000
0 1504 0.448005 0.037963 0.031439 0.074074 0.557420 1654.000000 1080.000000
0 1505 0.448005 0.037963 0.031439 0.074074 0.572330 1654.000000 1080.000000
0 1506 0.448005 0.037963 0.031439 0.074074 0.584210 1654.000000 1080.000000
0 1507 0.448005 0.038426 0.031439 0.075000 0.597560 1654.000000 1080.000000
0 1508 0.448005 0.038426 0.031439 0.075000 0.614820 1654.000000 1080.000000
0 1509 0.448005 0.038889 0.031439 0.075926 0.630830 1654.000000 1080.000000
0 1510 0.448005 0.038889 0.031439 0.075926 0.643560 1654.000000 1080.000000
0 1511 0.448005 0.038889 0.031439 0.075926 0.663110 1654.000000 1080.000000
0 1512 0.448005 0.039352 0.031439 0.076852 0.681940 1654.000000 1080.000000
0 1513 0.448005 0.039352 0.031439 0.076852 0.703500 1654.000000 1080.000000
0 1514 0.448005 0.039815 0.031439 0.077778 0.715650 1654.000000 1080.000000
0 1515 0.447703 0.039815 0.030834 0.077778 0.747510 1654.000000 1080.000000
0 1516 0.447703 0.039815 0.030834 0.077778 0.771950 1654.000000 1080.000000
0 1517 0.447703 0.040278 0.030834 0.078704 0.796510 1654.000000 1080.000000
0 1518 0.447703 0.040278 0.030834 0.078704 0.825580 1654.000000 1080.000000
0 1519 0.447703 0.040741 0.030834 0.079630 0.837090 1654.000000 1080.000000
0 1520 0.447703 0.040741 0.030834 0.079630 0.864720 1654.000000 1080.000000
0 1521 0.447703 0.040741 0.030834 0.079630 0.893240 1654.000000 1080.000000
0 1522 0.448005 0.041204 0.030230 0.080556 0.920900 1654.000000 1080.000000
0 1523 0.448005 0.041204 0.030230 0.080556 0.936720 1654.000000 1080.000000
0 1524 0.448005 0.041204 0.030230 0.080556 0.967910 1654.000000 1080.000000
0 1525 0.448005 0.041667 0.030230 0.081481 1.000000 1654.000000 1080.000000
0 1526 0.448005 0.041667 0.030230 0.081481 1.000000 1654.000000 1080.000000
0 1527 0.448005 0.042130 0.030230 0.082407 1.000000 1654.000000 1080.000000
0 1528 0.448005 0.042130 0.030230 0.082407 1.000000 1654.000000 1080.000000
0 1529 0.447703 0.042130 0.029625 0.082407 1.000000 1654.000000 1080.000000
0 1530 0.447703 0.042593 0.029625 0.083333 1.000000 1654.000000 1080.000000
0 1531 0.447703 0.042593 0.029625 0.083333 1.000000 1654.000000 1080.000000
0 1532 0.447703 0.043056 0.029625 0.084259 1.000000 1654.000000 1080.000000
0 1533 0.447703 0.043056 0.029625 0.084259 1.000000 1654.000000 1080.000000
0 1534 0.447703 0.043056 0.029625 0.084259 1.000000 1654.000000 1080.000000
0 1535 0.447703 0.043519 0.029625 0.085185 1.000000 1654.000000 1080.000000
0 1536 0.447703 0.043519 0.029625 0.085185 1.000000 1654.000000 1080.000000
0 1537 0.447703 0.043981 0.029625 0.086111 1.000000 1654.000000 1080.000000
0 1538 0.447703 0.043981 0.029625 0.086111 1.000000 1654.000000 1080.000000
0 1539 0.447703 0.043981 0.029625 0.086111 1.000000 1654.000000 1080.000000
0 1540 0.447703 0.044444 0.029625 0.087037 1.000000 1654.000000 1080.000000
0 1541 0.447703 0.044444 0.029625 0.087037 1.000000 1654.000000 1080.000000
0 1542 0.448005 0.044907 0.029021 0.087963 1.000000 1654.000000 1080.000000
0 1543 0.448005 0.044444 0.029021 0.087037 1.000000 1654.000000 1080.000000
0 1544 0.448005 0.044444 0.029021 0.087037 1.000000 1654.000000 1080.000000
0 1545 0.448005 0.044444 0.029021 0.087037 1.000000 1654.000000 1080.000000
0 1546 0.448005 0.044444 0.029021 0.087037 1.000000 1654.000000 1080.000000
0 1547 0.448005 0.044444 0.029021 0.087037 1.000000 1654.000000 1080.000000
0 1548 0.448005 0.043981 0.029021 0.086111 1.000000 1654.000000 1080.000000
0 1549 0.448005 0.043981 0.029021 0.086111 1.000000 1654.000000 1080.000000
0 1550 0.448005 0.043981 0.029021 0.086111 1.000000 1654.000000 1080.000000
0 1551 0.448005 0.043981 0.029021 0.086111 1.000000 1654.000000 1080.000000
0 1552 0.448005 0.043981 0.029021 0.086111 1.000000 1654.000000 1080.000000
0 1553 0.448005 0.043981 0.029021 0.086111 1.000000 1654.000000 1080.000000
0 1554 0.448005 0.043519 0.029021 0.085185 1.000000 1654.000000 1080.000000
0 1555 0.448005 0.043519 0.029021 0.085185 1.000000 1654.000000 1080.000000
0 1556 0.448005 0.043519 0.029021 0.085185 1.000000 1654.000000 1080.000000
0 1557 0.448005 0.043519 0.029021 0.085185 1.000000 1654.000000 1080.000000
0 1558 0.448005 0.043519 0.029021 0.085185 1.000000 1654.000000 1080.000000
0 1559 0.448005 0.043519 0.029021 0.085185 1.000000 1654.000000 1080.000000
0 1560 0.448005 0.043056 0.029021 0.084259 1.000000 1654.000000 1080.000000
0 1561 0.448005 0.043056 0.029021 0.084259 1.000000 1654.000000 1080.000000
0 1562 0.448005 0.043056 0.029021 0.084259 1.000000 1654.000000 1080.000000
0 1563 0.448005 0.043056 0.029021 0.084259 1.000000 1654.000000 1080.000000
0 1564 0.448005 0.043056 0.029021 0.084259 1.000000 1654.000000 1080.000000
0 1565 0.448005 0.042593 0.029021 0.083333 1.000000 1654.000000 1080.000000
0 1566 0.448005 0.042593 0.029021 0.083333 0.989010 1654.000000 1080.000000
0 1567 0.448005 0.042593 0.029021 0.083333 0.978020 1654.000000 1080.000000
0 1568 0.448005 0.042593 0.029021 0.083333 0.950210 1654.000000 1080.000000
0 1569 0.448005 0.042593 0.029021 0.083333 0.878670 1654.000000 1080.000000
0 1570 0.448005 0.042593 0.029021 0.083333 0.819470 1654.000000 1080.000000
0 1571 0.448005 0.042130 0.029021 0.082407 0.784350 1654.000000 1080.000000
0 1572 0.448005 0.042130 0.029021 0.082407 0.723580 1654.000000 1080.000000
0 1573 0.448005 0.042130 0.029021 0.082407 0.666210 1654.000000 1080.000000
0 1574 0.448005 0.042130 0.029021 0.082407 0.606120 1654.000000 1080.000000
0 1575 0.448005 0.042130 0.029021 0.082407 0.546030 1654.000000 1080.000000
0 1576 0.448005 0.042130 0.029021 0.082407 0.491380 1654.000000 1080.000000
0 1577 0.448005 0.041667 0.029021 0.081481 0.469390 1654.000000 1080.000000
0 1578 0.448005 0.041667 0.029021 0.081481 0.431780 1654.000000 1080.000000
0 1579 0.448005 0.041667 0.029021 0.081481 0.388440 1654.000000 1080.000000
0 1580 0.448005 0.041667 0.029021 0.081481 0.368030 1654.000000 1080.000000
0 1581 0.448005 0.041667 0.029021 0.081481 0.332490 1654.000000 1080.000000
0 1582 0.448005 0.041204 0.029021 0.080556 0.289890 1654.000000 1080.000000
0 1583 0.448005 0.041204 0.029021 0.080556 0.255800 1654.000000 1080.000000
0 1584 0.448005 0.041204 0.029021 0.080556 0.229130 1654.000000 1080.000000
0 1585 0.448005 0.041204 0.029021 0.080556 0.196200 1654.000000 1080.000000
0 1586 0.448005 0.041204 0.029021 0.080556 0.164190 1654.000000 1080.000000
0 1587 0.448005 0.041204 0.029021 0.080556 0.123140 1654.000000 1080.000000
0 1588 0.448005 0.040741 0.029021 0.079630 0.108370 1654.000000 1080.000000
0 1589 0.448005 0.040741 0.029021 0.079630 0.067323 1654.000000 1080.000000
0 1590 0.448005 0.040741 0.029021 0.079630 0.037532 1654.000000 1080.000000
0 1591 0.448005 0.040741 0.029021 0.079630 0.022989 1654.000000 1080.000000
0 1592 0.448005 0.040741 0.029021 0.079630 0.011494 1654.000000 1080.000000
0 1593 0.448005 0.040741 0.029021 0.079630 0.011494 1654.000000 1080.000000
0 1594 0.448005 0.040278 0.029021 0.078704 0.011628 1654.000000 1080.000000
0 1595 0.448005 0.040278 0.029021 0.078704 0.011628 1654.000000 1080.000000
0 1596 0.448005 0.040278 0.029021 0.078704 0.011628 1654.000000 1080.000000
0 1597 0.448005 0.040278 0.029021 0.078704 0.011628 1654.000000 1080.000000
0 1598 0.448005 0.040278 0.029021 0.078704 0.037731 1654.000000 1080.000000
0 1599 0.448005 0.040278 0.029021 0.078704 0.062886 1654.000000 1080.000000
0 1600 0.447703 0.039815 0.029625 0.077778 0.108940 1654.000000 1080.000000
0 1601 0.447703 0.039815 0.029625 0.077778 0.131760 1654.000000 1080.000000
0 1602 0.447703 0.039815 0.029625 0.077778 0.161410 1654.000000 1080.000000
0 1603 0.447703 0.039815 0.029625 0.077778 0.177880 1654.000000 1080.000000
0 1604 0.447703 0.039815 0.029625 0.077778 0.193180 1654.000000 1080.000000
0 1605 0.447703 0.039352 0.029625 0.076852 0.219290 1654.000000 1080.000000
0 1606 0.447703 0.039352 0.029625 0.076852 0.233330 1654.000000 1080.000000
0 1607 0.447703 0.039352 0.029625 0.076852 0.251430 1654.000000 1080.000000
0 1608 0.447703 0.039352 0.029625 0.076852 0.274290 1654.000000 1080.000000
0 1609 0.447703 0.039352 0.029625 0.076852 0.290950 1654.000000 1080.000000
0 1610 0.447703 0.039352 0.029625 0.076852 0.306670 1654.000000 1080.000000
0 1611 0.447703 0.038889 0.029625 0.075926 0.332530 1654.000000 1080.000000
0 1612 0.447703 0.038889 0.029625 0.075926 0.346990 1654.000000 1080.000000
0 1613 0.447703 0.038889 0.029625 0.075926 0.360480 1654.000000 1080.000000
0 1614 0.447703 0.038889 0.029625 0.075926 0.392290 1654.000000 1080.000000
0 1615 0.447703 0.038889 0.029625 0.075926 0.393730 1654.000000 1080.000000
0 1616 0.447703 0.038889 0.029625 0.075926 0.394700 1654.000000 1080.000000
0 1617 0.447400 0.038426 0.030230 0.075000 0.411760 1654.000000 1080.000000
0 1618 0.447400 0.038426 0.030230 0.075000 0.411760 1654.000000 1080.000000
0 1619 0.447400 0.038426 0.030230 0.075000 0.411290 1654.000000 1080.000000
0 1620 0.447400 0.038426 0.030230 0.075000 0.430420 1654.000000 1080.000000
0 1621 0.447400 0.038426 0.030230 0.075000 0.428980 1654.000000 1080.000000
0 1622 0.447400 0.038426 0.030230 0.075000 0.427070 1654.000000 1080.000000
0 1623 0.447400 0.037963 0.030230 0.074074 0.441540 1654.000000 1080.000000
0 1624 0.447400 0.037963 0.030230 0.074074 0.438880 1654.000000 1080.000000
0 1625 0.447400 0.037963 0.030230 0.074074 0.435730 1654.000000 1080.000000
0 1626 0.447400 0.037963 0.030230 0.074074 0.432100 1654.000000 1080.000000
0 1627 0.447400 0.037963 0.030230 0.074074 0.419750 1654.000000 1080.000000
0 1628 0.447400 0.037963 0.030230 0.074074 0.407410 1654.000000 1080.000000
0 1629 0.447400 0.037500 0.030230 0.073148 0.400000 1654.000000 1080.000000
0 1630 0.447400 0.037500 0.030230 0.073148 0.387500 1654.000000 1080.000000
0 1631 0.447400 0.037500 0.030230 0.073148 0.375000 1654.000000 1080.000000
0 1632 0.447400 0.037500 0.030230 0.073148 0.362500 1654.000000 1080.000000
0 1633 0.447400 0.037500 0.030230 0.073148 0.350000 1654.000000 1080.000000
0 1634 0.447400 0.037500 0.030230 0.073148 0.337500 1654.000000 1080.000000
0 1635 0.447400 0.037037 0.030230 0.072222 0.329110 1654.000000 1080.000000
0 1636 0.447400 0.037037 0.030230 0.072222 0.316460 1654.000000 1080.000000
0 1637 0.448005 0.037037 0.030230 0.072222 0.303800 1654.000000 1080.000000
0 1638 0.448005 0.037037 0.030230 0.072222 0.305040 1654.000000 1080.000000
0 1639 0.448005 0.037037 0.030230 0.072222 0.292630 1654.000000 1080.000000
0 1640 0.448609 0.037037 0.030230 0.072222 0.309010 1654.000000 1080.000000
0 1641 0.448609 0.036574 0.030230 0.071296 0.300150 1654.000000 1080.000000
0 1642 0.448609 0.036574 0.030230 0.071296 0.288080 1654.000000 1080.000000
0 1643 0.449214 0.036574 0.030230 0.071296 0.306180 1654.000000 1080.000000
0 1644 0.449214 0.036574 0.030230 0.071296 0.294620 1654.000000 1080.000000
0 1645 0.449214 0.036574 0.030230 0.071296 0.298640 1654.000000 1080.000000
0 1646 0.449819 0.036574 0.030230 0.071296 0.303170 1654.000000 1080.000000
0 1647 0.449819 0.036111 0.030230 0.070370 0.310160 1654.000000 1080.000000
0 1648 0.449819 0.036111 0.030230 0.070370 0.299210 1654.000000 1080.000000
0 1649 0.450423 0.036111 0.030230 0.070370 0.304810 1654.000000 1080.000000
0 1650 0.450423 0.036111 0.030230 0.070370 0.310920 1654.000000 1080.000000
0 1651 0.450423 0.036111 0.030230 0.070370 0.300480 1654.000000 1080.000000
0 1652 0.451028 0.036111 0.030230 0.070370 0.324680 1654.000000 1080.000000
0 1653 0.451028 0.035648 0.030230 0.069444 0.315790 1654.000000 1080.000000
0 1654 0.451330 0.035648 0.030834 0.069444 0.336540 1654.000000 1080.000000
0 1655 0.451632 0.035648 0.030230 0.069444 0.328170 1654.000000 1080.000000
0 1656 0.451632 0.035648 0.030230 0.069444 0.315020 1654.000000 1080.000000
0 1657 0.451935 0.035648 0.030834 0.069444 0.331980 1654.000000 1080.000000
0 1658 0.452237 0.035648 0.030230 0.069444 0.320180 1654.000000 1080.000000
0 1659 0.452237 0.035185 0.030230 0.068519 0.328890 1654.000000 1080.000000
0 1660 0.452539 0.035185 0.030834 0.068519 0.327180 1654.000000 1080.000000
0 1661 0.452842 0.035185 0.030230 0.068519 0.320000 1654.000000 1080.000000
0 1662 0.452842 0.035185 0.030230 0.068519 0.327840 1654.000000 1080.000000
0 1663 0.453144 0.035185 0.030834 0.068519 0.333330 1654.000000 1080.000000
0 1664 0.453446 0.035185 0.030230 0.068519 0.320520 1654.000000 1080.000000
0 1665 0.453446 0.034722 0.030230 0.067593 0.272390 1654.000000 1080.000000
0 1666 0.453748 0.034722 0.030834 0.067593 0.239860 1654.000000 1080.000000
0 1667 0.454051 0.034722 0.030230 0.067593 0.198990 1654.000000 1080.000000
0 1668 0.454051 0.034722 0.030230 0.067593 0.153680 1654.000000 1080.000000
0 1669 0.454353 0.034722 0.030834 0.067593 0.124220 1654.000000 1080.000000
0 1670 0.454655 0.034722 0.030230 0.067593 0.080021 1654.000000 1080.000000
0 1671 0.454958 0.034259 0.030834 0.066667 0.037408 1654.000000 1080.000000
0 1672 0.454958 0.034259 0.030834 0.066667 0.012645 1654.000000 1080.000000
0 1673 0.455260 0.034259 0.030230 0.066667 0.006715 1654.000000 1080.000000
0 1674 0.455562 0.034259 0.030834 0.066667 0.000000 1654.000000 1080.000000
0 1675 0.455562 0.034259 0.030834 0.066667 0.000000 1654.000000 1080.000000
0 1676 0.455865 0.034259 0.030230 0.066667 0.000000 1654.000000 1080.000000
0 1677 0.456167 0.033796 0.030834 0.065741 0.000000 1654.000000 1080.000000
0 1678 0.456167 0.033796 0.030834 0.065741 0.099893 1654.000000 1080.000000
0 1679 0.456469 0.033796 0.030230 0.065741 0.107840 1654.000000 1080.000000
0 1680 0.456771 0.033796 0.030834 0.065741 0.119660 1654.000000 1080.000000
0 1681 0.456771 0.033796 0.030834 0.065741 0.124200 1654.000000 1080.000000
0 1682 0.457074 0.033796 0.030230 0.065741 0.130720 1654.000000 1080.000000
0 1683 0.457376 0.033333 0.030834 0.064815 0.141390 1654.000000 1080.000000
0 1684 0.457376 0.033333 0.030834 0.064815 0.151680 1654.000000 1080.000000
0 1685 0.457678 0.033333 0.030230 0.064815 0.156590 1654.000000 1080.000000
0 1686 0.457981 0.033333 0.030834 0.064815 0.172540 1654.000000 1080.000000
0 1687 0.457981 0.033333 0.030834 0.064815 0.184720 1654.000000 1080.000000
0 1688 0.458585 0.033333 0.030834 0.064815 0.180660 1654.000000 1080.000000
0 1689 0.458585 0.032870 0.030834 0.063889 0.193410 1654.000000 1080.000000
0 1690 0.459190 0.032870 0.030834 0.063889 0.193410 1654.000000 1080.000000
0 1691 0.459492 0.032870 0.030230 0.063889 0.198880 1654.000000 1080.000000
0 1692 0.459794 0.032407 0.030834 0.062963 0.204850 1654.000000 1080.000000
0 1693 0.460399 0.032407 0.030834 0.062963 0.205130 1654.000000 1080.000000
0 1694 0.460701 0.032407 0.030230 0.062963 0.208010 1654.000000 1080.000000
0 1695 0.461004 0.031944 0.030834 0.062037 0.204190 1654.000000 1080.000000
0 1696 0.461306 0.031944 0.030230 0.062037 0.199830 1654.000000 1080.000000
0 1697 0.461911 0.031944 0.030230 0.062037 0.196370 1654.000000 1080.000000
0 1698 0.462213 0.031481 0.030834 0.061111 0.203790 1654.000000 1080.000000
0 1699 0.462515 0.031481 0.030230 0.061111 0.211300 1654.000000 1080.000000
0 1700 0.463120 0.031481 0.030230 0.061111 0.225340 1654.000000 1080.000000
0 1701 0.463120 0.031019 0.030230 0.060185 0.246580 1654.000000 1080.000000
0 1702 0.463724 0.031019 0.030230 0.060185 0.228760 1654.000000 1080.000000
0 1703 0.464329 0.031019 0.030230 0.060185 0.230540 1654.000000 1080.000000
0 1704 0.464329 0.031019 0.030230 0.060185 0.250740 1654.000000 1080.000000
0 1705 0.464329 0.031019 0.030230 0.060185 0.244500 1654.000000 1080.000000
0 1706 0.464329 0.031019 0.030230 0.060185 0.267970 1654.000000 1080.000000
0 1707 0.464329 0.031019 0.030230 0.060185 0.276890 1654.000000 1080.000000
0 1708 0.464329 0.031019 0.030230 0.060185 0.327390 1654.000000 1080.000000
0 1709 0.464329 0.031019 0.030230 0.060185 0.358290 1654.000000 1080.000000
0 1710 0.464631 0.031481 0.029625 0.061111 0.368060 1654.000000 1080.000000
0 1711 0.464631 0.031481 0.029625 0.061111 0.365970 1654.000000 1080.000000
0 1712 0.464631 0.031481 0.029625 0.061111 0.358810 1654.000000 1080.000000
0 1713 0.464631 0.031481 0.029625 0.061111 0.322390 1654.000000 1080.000000
0 1714 0.464631 0.031481 0.029625 0.061111 0.269850 1654.000000 1080.000000
0 1715 0.464631 0.031481 0.029625 0.061111 0.212840 1654.000000 1080.000000
0 1716 0.465236 0.031944 0.029625 0.062037 0.162060 1654.000000 1080.000000
0 1717 0.465236 0.031944 0.029625 0.062037 0.161180 1654.000000 1080.000000
0 1718 0.465236 0.031944 0.029625 0.062037 0.142650 1654.000000 1080.000000
0 1719 0.465236 0.031944 0.029625 0.062037 0.124710 1654.000000 1080.000000
0 1720 0.465840 0.031944 0.029625 0.062037 0.124710 1654.000000 1080.000000
0 1721 0.465840 0.031944 0.029625 0.062037 0.105290 1654.000000 1080.000000
0 1722 0.465840 0.031944 0.029625 0.062037 0.103820 1654.000000 1080.000000
0 1723 0.466143 0.032407 0.030230 0.062963 0.091787 1654.000000 1080.000000
0 1724 0.466445 0.032407 0.029625 0.062963 0.085217 1654.000000 1080.000000
0 1725 0.466445 0.032407 0.029625 0.062963 0.068406 1654.000000 1080.000000
0 1726 0.466747 0.032407 0.030230 0.062963 0.056550 1654.000000 1080.000000
0 1727 0.466747 0.032407 0.030230 0.062963 0.055982 1654.000000 1080.000000
0 1728 0.467050 0.032407 0.029625 0.062963 0.039420 1654.000000 1080.000000
0 1729 0.467352 0.032870 0.030230 0.063889 0.038375 1654.000000 1080.000000
0 1730 0.467352 0.032870 0.030230 0.063889 0.021008 1654.000000 1080.000000
0 1731 0.467352 0.032870 0.030230 0.063889 0.014006 1654.000000 1080.000000
0 1732 0.467956 0.032870 0.030230 0.063889 0.029132 1654.000000 1080.000000
0 1733 0.467956 0.032870 0.030230 0.063889 0.036415 1654.000000 1080.000000
0 1734 0.467956 0.032870 0.030230 0.063889 0.048739 1654.000000 1080.000000
0 1735 0.468561 0.033333 0.030230 0.064815 0.099972 1654.000000 1080.000000
0 1736 0.468561 0.032870 0.030230 0.063889 0.113170 1654.000000 1080.000000
0 1737 0.468561 0.032870 0.030230 0.063889 0.144820 1654.000000 1080.000000
0 1738 0.469166 0.032870 0.030230 0.063889 0.176470 1654.000000 1080.000000
0 1739 0.469166 0.032870 0.030230 0.063889 0.196080 1654.000000 1080.000000
0 1740 0.469770 0.032870 0.030230 0.063889 0.215690 1654.000000 1080.000000
0 1741 0.469770 0.032870 0.030230 0.063889 0.235290 1654.000000 1080.000000
0 1742 0.470073 0.032870 0.030834 0.063889 0.250000 1654.000000 1080.000000
0 1743 0.470375 0.032407 0.030230 0.062963 0.274510 1654.000000 1080.000000
0 1744 0.470375 0.032407 0.030230 0.062963 0.274510 1654.000000 1080.000000
0 1745 0.470979 0.032407 0.030230 0.062963 0.313730 1654.000000 1080.000000
0 1746 0.470979 0.032407 0.030230 0.062963 0.313730 1654.000000 1080.000000
0 1747 0.471282 0.032407 0.030834 0.062963 0.326920 1654.000000 1080.000000
0 1748 0.471584 0.032407 0.030230 0.062963 0.333330 1654.000000 1080.000000
0 1749 0.471886 0.032407 0.030834 0.062963 0.346150 1654.000000 1080.000000
0 1750 0.472189 0.032407 0.030230 0.062963 0.372550 1654.000000 1080.000000
0 1751 0.472189 0.031944 0.030230 0.062037 0.376870 1654.000000 1080.000000
0 1752 0.472793 0.031944 0.030230 0.062037 0.335350 1654.000000 1080.000000
0 1753 0.472793 0.031944 0.030230 0.062037 0.289500 1654.000000 1080.000000
0 1754 0.473096 0.031944 0.030834 0.062037 0.243210 1654.000000 1080.000000
0 1755 0.473398 0.031944 0.030230 0.062037 0.182240 1654.000000 1080.000000
0 1756 0.473700 0.031944 0.030834 0.062037 0.175340 1654.000000 1080.000000
0 1757 0.474002 0.031944 0.030230 0.062037 0.151670 1654.000000 1080.000000
0 1758 0.474305 0.031944 0.030834 0.062037 0.145360 1654.000000 1080.000000
0 1759 0.474305 0.031481 0.030834 0.061111 0.111940 1654.000000 1080.000000
0 1760 0.474607 0.031481 0.030230 0.061111 0.121740 1654.000000 1080.000000
0 1761 0.474909 0.031481 0.030834 0.061111 0.126870 1654.000000 1080.000000
0 1762 0.475212 0.031481 0.030230 0.061111 0.136960 1654.000000 1080.000000
0 1763 0.475514 0.031481 0.030834 0.061111 0.130880 1654.000000 1080.000000
0 1764 0.475514 0.031481 0.030834 0.061111 0.137770 1654.000000 1080.000000
0 1765 0.476119 0.031481 0.030834 0.061111 0.144660 1654.000000 1080.000000
0 1766 0.476119 0.031019 0.030834 0.060185 0.150350 1654.000000 1080.000000
0 1767 0.476421 0.031019 0.030230 0.060185 0.147060 1654.000000 1080.000000
0 1768 0.476723 0.031019 0.030834 0.060185 0.150640 1654.000000 1080.000000
0 1769 0.477025 0.031019 0.030230 0.060185 0.189540 1654.000000 1080.000000
0 1770 0.477328 0.031019 0.030834 0.060185 0.240380 1654.000000 1080.000000
0 1771 0.477328 0.031019 0.030834 0.060185 0.323720 1654.000000 1080.000000
0 1772 0.477932 0.031019 0.030834 0.060185 0.417830 1654.000000 1080.000000
0 1773 0.477932 0.031019 0.030834 0.060185 0.486010 1654.000000 1080.000000
0 1774 0.478235 0.030556 0.030230 0.059259 0.538460 1654.000000 1080.000000
0 1775 0.478537 0.030556 0.030834 0.059259 0.582840 1654.000000 1080.000000
0 1776 0.478537 0.030556 0.030834 0.059259 0.610060 1654.000000 1080.000000
0 1777 0.479141 0.030556 0.030834 0.059259 0.654440 1654.000000 1080.000000
0 1778 0.479141 0.030556 0.030834 0.059259 0.668930 1654.000000 1080.000000
0 1779 0.479746 0.030556 0.030834 0.059259 0.697930 1654.000000 1080.000000
0 1780 0.479746 0.030556 0.030834 0.059259 0.693790 1654.000000 1080.000000
0 1781 0.480351 0.030556 0.030834 0.059259 0.673370 1654.000000 1080.000000
0 1782 0.480048 0.030093 0.030230 0.058333 0.647060 1654.000000 1080.000000
0 1783 0.480048 0.030093 0.030230 0.058333 0.624690 1654.000000 1080.000000
0 1784 0.480048 0.030093 0.029021 0.058333 0.593750 1654.000000 1080.000000
0 1785 0.480048 0.030093 0.029021 0.058333 0.586730 1654.000000 1080.000000
0 1786 0.479746 0.030093 0.028416 0.058333 0.589840 1654.000000 1080.000000
0 1787 0.480048 0.030093 0.027811 0.058333 0.585440 1654.000000 1080.000000
0 1788 0.479746 0.029630 0.027207 0.057407 0.575570 1654.000000 1080.000000
0 1789 0.479746 0.029630 0.027207 0.057407 0.558320 1654.000000 1080.000000
0 1790 0.479746 0.029630 0.025998 0.057407 0.547620 1654.000000 1080.000000
0 1791 0.479746 0.029630 0.025998 0.057407 0.532830 1654.000000 1080.000000
0 1792 0.479444 0.029630 0.025393 0.057407 0.534880 1654.000000 1080.000000
0 1793 0.479746 0.029630 0.024788 0.057407 0.511720 1654.000000 1080.000000
0 1794 0.478839 0.029167 0.025393 0.056481 0.558140 1654.000000 1080.000000
0 1795 0.478235 0.029167 0.026602 0.056481 0.569890 1654.000000 1080.000000
0 1796 0.477630 0.029167 0.027811 0.056481 0.560740 1654.000000 1080.000000
0 1797 0.477025 0.029167 0.029021 0.056481 0.542460 1654.000000 1080.000000
0 1798 0.476421 0.029167 0.030230 0.056481 0.498100 1654.000000 1080.000000
0 1799 0.476723 0.028704 0.029625 0.055556 0.496390 1654.000000 1080.000000
0 1800 0.477025 0.028241 0.029021 0.054630 0.506800 1654.000000 1080.000000
0 1801 0.477328 0.028241 0.028416 0.054630 0.520490 1654.000000 1080.000000
0 1802 0.477630 0.027778 0.027811 0.053704 0.503790 1654.000000 1080.000000
0 1803 0.477932 0.027778 0.027207 0.053704 0.510320 1654.000000 1080.000000
0 1804 0.478235 0.027315 0.026602 0.052778 0.518770 1654.000000 1080.000000
0 1805 0.478537 0.027315 0.025998 0.052778 0.525860 1654.000000 1080.000000
0 1806 0.478839 0.026852 0.025393 0.051852 0.518560 1654.000000 1080.000000
0 1807 0.479141 0.026852 0.024788 0.051852 0.509610 1654.000000 1080.000000
0 1808 0.479444 0.026389 0.024184 0.050926 0.515680 1654.000000 1080.000000
0 1809 0.480048 0.026389 0.022975 0.050926 0.518320 1654.000000 1080.000000
0 1810 0.480048 0.025926 0.022975 0.050000 0.503500 1654.000000 1080.000000
0 1811 0.480048 0.025926 0.022975 0.050000 0.473190 1654.000000 1080.000000
0 1812 0.480048 0.025926 0.022975 0.050000 0.454080 1654.000000 1080.000000
0 1813 0.480351 0.025926 0.023579 0.050000 0.424550 1654.000000 1080.000000
0 1814 0.480351 0.025926 0.023579 0.050000 0.400910 1654.000000 1080.000000
0 1815 0.480351 0.025926 0.023579 0.050000 0.375450 1654.000000 1080.000000
0 1816 0.480955 0.025463 0.023579 0.049074 0.353240 1654.000000 1080.000000
0 1817 0.480955 0.025463 0.023579 0.049074 0.329170 1654.000000 1080.000000
0 1818 0.480955 0.025463 0.023579 0.049074 0.317130 1654.000000 1080.000000
0 1819 0.481258 0.025463 0.024184 0.049074 0.302620 1654.000000 1080.000000
0 1820 0.481258 0.025463 0.024184 0.049074 0.288170 1654.000000 1080.000000
0 1821 0.481258 0.025463 0.024184 0.049074 0.284100 1654.000000 1080.000000
