0 791 0.995163 0.359259 0.009674 0.114815 0.499290 1654.000000 1080.000000
0 792 0.994861 0.359259 0.010278 0.114815 0.486670 1654.000000 1080.000000
0 793 0.994861 0.359259 0.010278 0.114815 0.445330 1654.000000 1080.000000
0 794 0.994861 0.359259 0.010278 0.114815 0.473330 1654.000000 1080.000000
0 795 0.994861 0.359259 0.010278 0.114815 0.508440 1654.000000 1080.000000
0 796 0.994559 0.359259 0.010883 0.114815 0.528420 1654.000000 1080.000000
0 797 0.994559 0.359259 0.010883 0.114815 0.528420 1654.000000 1080.000000
0 798 0.994559 0.359259 0.010883 0.114815 0.562110 1654.000000 1080.000000
0 799 0.994559 0.359259 0.010883 0.114815 0.590740 1654.000000 1080.000000
0 800 0.994559 0.359722 0.010883 0.115741 0.623220 1654.000000 1080.000000
0 801 0.994256 0.359722 0.011487 0.115741 0.609520 1654.000000 1080.000000
0 802 0.994256 0.359722 0.011487 0.115741 0.637700 1654.000000 1080.000000
0 803 0.994256 0.359722 0.011487 0.115741 0.633330 1654.000000 1080.000000
0 804 0.994256 0.359722 0.011487 0.115741 0.633330 1654.000000 1080.000000
0 805 0.994256 0.359722 0.011487 0.115741 0.628970 1654.000000 1080.000000
0 806 0.993954 0.360185 0.012092 0.114815 0.639620 1654.000000 1080.000000
0 807 0.993954 0.360185 0.012092 0.114815 0.601520 1654.000000 1080.000000
0 808 0.993954 0.360185 0.012092 0.114815 0.603430 1654.000000 1080.000000
0 809 0.993954 0.360648 0.012092 0.115741 0.603550 1654.000000 1080.000000
0 810 0.993652 0.360648 0.012696 0.115741 0.610390 1654.000000 1080.000000
0 811 0.993652 0.360648 0.012696 0.115741 0.617600 1654.000000 1080.000000
0 812 0.993652 0.360648 0.012696 0.115741 0.626260 1654.000000 1080.000000
0 813 0.993652 0.360648 0.012696 0.115741 0.613640 1654.000000 1080.000000
0 814 0.993652 0.360648 0.012696 0.115741 0.610390 1654.000000 1080.000000
0 815 0.993349 0.360648 0.013301 0.115741 0.612840 1654.000000 1080.000000
0 816 0.993349 0.360648 0.013301 0.115741 0.612840 1654.000000 1080.000000
0 817 0.993349 0.360648 0.013301 0.115741 0.610080 1654.000000 1080.000000
0 818 0.993349 0.361111 0.013301 0.116667 0.638480 1654.000000 1080.000000
0 819 0.993349 0.361111 0.013301 0.116667 0.671350 1654.000000 1080.000000
0 820 0.993047 0.361111 0.013906 0.116667 0.649930 1654.000000 1080.000000
0 821 0.993047 0.361574 0.013906 0.115741 0.643520 1654.000000 1080.000000
0 822 0.993047 0.361574 0.013906 0.115741 0.524470 1654.000000 1080.000000
0 823 0.993047 0.361574 0.013906 0.115741 0.559850 1654.000000 1080.000000
0 824 0.993047 0.361574 0.013906 0.115741 0.574070 1654.000000 1080.000000
0 825 0.992745 0.361574 0.014510 0.115741 0.566980 1654.000000 1080.000000
0 826 0.992745 0.361574 0.014510 0.115741 0.582540 1654.000000 1080.000000
0 827 0.992745 0.362037 0.014510 0.116667 0.589920 1654.000000 1080.000000
0 828 0.992745 0.362037 0.014510 0.116667 0.609130 1654.000000 1080.000000
0 829 0.992443 0.362037 0.015115 0.116667 0.599640 1654.000000 1080.000000
0 830 0.992443 0.362037 0.015115 0.116667 0.618410 1654.000000 1080.000000
0 831 0.992443 0.362037 0.015115 0.116667 0.614780 1654.000000 1080.000000
0 832 0.992443 0.362037 0.015115 0.116667 0.611140 1654.000000 1080.000000
0 833 0.992443 0.362037 0.015115 0.116667 0.607510 1654.000000 1080.000000
0 834 0.992140 0.362037 0.015719 0.116667 0.590550 1654.000000 1080.000000
0 835 0.992140 0.362037 0.015719 0.116667 0.650340 1654.000000 1080.000000
0 836 0.992140 0.362963 0.015719 0.116667 0.676290 1654.000000 1080.000000
0 837 0.992140 0.362963 0.015719 0.116667 0.706040 1654.000000 1080.000000
0 838 0.992140 0.362963 0.015719 0.116667 0.738700 1654.000000 1080.000000
0 839 0.991838 0.362963 0.016324 0.116667 0.745780 1654.000000 1080.000000
0 840 0.991838 0.362963 0.016324 0.116667 0.291900 1654.000000 1080.000000
0 841 0.991838 0.362963 0.016324 0.116667 0.318340 1654.000000 1080.000000
0 842 0.991838 0.362963 0.016324 0.116667 0.332400 1654.000000 1080.000000
0 843 0.991838 0.362963 0.016324 0.116667 0.339430 1654.000000 1080.000000
0 844 0.991536 0.362963 0.016929 0.116667 0.337770 1654.000000 1080.000000
0 845 0.991536 0.363426 0.016929 0.117593 0.343750 1654.000000 1080.000000
0 846 0.991536 0.363426 0.016929 0.117593 0.344560 1654.000000 1080.000000
0 847 0.991536 0.363426 0.016929 0.117593 0.352640 1654.000000 1080.000000
0 848 0.991233 0.363426 0.017533 0.117593 0.374220 1654.000000 1080.000000
0 849 0.991233 0.363426 0.017533 0.117593 0.374220 1654.000000 1080.000000
0 850 0.991233 0.363426 0.017533 0.117593 0.374220 1654.000000 1080.000000
0 851 0.991233 0.363889 0.017533 0.116667 0.369290 1654.000000 1080.000000
0 852 0.991233 0.363889 0.017533 0.116667 0.362200 1654.000000 1080.000000
0 853 0.990931 0.363889 0.018138 0.116667 0.343660 1654.000000 1080.000000
0 854 0.990931 0.364352 0.018138 0.117593 0.341730 1654.000000 1080.000000
0 855 0.990931 0.364352 0.018138 0.117593 0.364670 1654.000000 1080.000000
0 856 0.990931 0.364352 0.018138 0.117593 0.364670 1654.000000 1080.000000
0 857 0.990931 0.364352 0.018138 0.117593 0.349800 1654.000000 1080.000000
0 858 0.990629 0.364352 0.018742 0.117593 0.339840 1654.000000 1080.000000
0 859 0.990629 0.364352 0.018742 0.117593 0.339840 1654.000000 1080.000000
0 860 0.990629 0.364352 0.018742 0.117593 0.337890 1654.000000 1080.000000
0 861 0.990629 0.364352 0.018742 0.117593 0.327880 1654.000000 1080.000000
0 862 0.990629 0.364352 0.018742 0.117593 0.327150 1654.000000 1080.000000
0 863 0.990326 0.364815 0.019347 0.118519 0.308900 1654.000000 1080.000000
0 864 0.990326 0.364815 0.019347 0.118519 0.308200 1654.000000 1080.000000
0 865 0.990326 0.364815 0.019347 0.118519 0.297630 1654.000000 1080.000000
0 866 0.990326 0.365278 0.019347 0.117593 0.272020 1654.000000 1080.000000
0 867 0.990024 0.365278 0.019952 0.117593 0.261260 1654.000000 1080.000000
0 868 0.990024 0.365278 0.019952 0.117593 0.261030 1654.000000 1080.000000
0 869 0.990024 0.365278 0.019952 0.117593 0.233230 1654.000000 1080.000000
0 870 0.990024 0.365278 0.019952 0.117593 0.233230 1654.000000 1080.000000
0 871 0.990024 0.365278 0.019952 0.117593 0.233230 1654.000000 1080.000000
0 872 0.989722 0.365741 0.020556 0.118519 0.220160 1654.000000 1080.000000
0 873 0.989722 0.365741 0.020556 0.118519 0.191580 1654.000000 1080.000000
0 874 0.989722 0.365741 0.020556 0.118519 0.198670 1654.000000 1080.000000
0 875 0.989722 0.365741 0.020556 0.118519 0.198670 1654.000000 1080.000000
0 876 0.989722 0.365741 0.020556 0.118519 0.184270 1654.000000 1080.000000
0 877 0.989420 0.365741 0.021161 0.118519 0.200040 1654.000000 1080.000000
0 878 0.989420 0.365741 0.021161 0.118519 0.206930 1654.000000 1080.000000
0 879 0.989420 0.365741 0.021161 0.118519 0.206930 1654.000000 1080.000000
0 880 0.989420 0.365741 0.021161 0.118519 0.206930 1654.000000 1080.000000
0 881 0.989420 0.366667 0.021161 0.118519 0.208010 1654.000000 1080.000000
0 882 0.989117 0.365741 0.021765 0.118519 0.208050 1654.000000 1080.000000
0 883 0.989117 0.364815 0.021765 0.118519 0.220620 1654.000000 1080.000000
0 884 0.988815 0.364352 0.022370 0.119444 0.219030 1654.000000 1080.000000
0 885 0.988815 0.363889 0.022370 0.118519 0.227460 1654.000000 1080.000000
0 886 0.988513 0.363426 0.022975 0.119444 0.225840 1654.000000 1080.000000
0 887 0.988513 0.362500 0.022975 0.119444 0.231560 1654.000000 1080.000000
0 888 0.988210 0.362037 0.023579 0.118519 0.234300 1654.000000 1080.000000
0 889 0.988210 0.361574 0.023579 0.119444 0.238460 1654.000000 1080.000000
0 890 0.987908 0.360648 0.024184 0.119444 0.245400 1654.000000 1080.000000
0 891 0.987908 0.360648 0.024184 0.119444 0.245400 1654.000000 1080.000000
0 892 0.987606 0.359722 0.024788 0.119444 0.252380 1654.000000 1080.000000
0 893 0.987606 0.358796 0.024788 0.119444 0.259890 1654.000000 1080.000000
0 894 0.987304 0.358333 0.025393 0.120370 0.259720 1654.000000 1080.000000
0 895 0.987304 0.357870 0.025393 0.119444 0.266910 1654.000000 1080.000000
0 896 0.987001 0.357407 0.025998 0.120370 0.266660 1654.000000 1080.000000
0 897 0.987001 0.356481 0.025998 0.120370 0.281050 1654.000000 1080.000000
0 898 0.986699 0.356019 0.026602 0.119444 0.275560 1654.000000 1080.000000
0 899 0.986699 0.355556 0.026602 0.120370 0.288040 1654.000000 1080.000000
0 900 0.986397 0.354630 0.027207 0.120370 0.289740 1654.000000 1080.000000
0 901 0.986397 0.354630 0.027207 0.120370 0.289740 1654.000000 1080.000000
0 902 0.986094 0.353704 0.027811 0.120370 0.312170 1654.000000 1080.000000
0 903 0.985792 0.353704 0.028416 0.120370 0.314890 1654.000000 1080.000000
0 904 0.985490 0.353241 0.029021 0.121296 0.328390 1654.000000 1080.000000
0 905 0.985490 0.353241 0.029021 0.121296 0.337660 1654.000000 1080.000000
0 906 0.985187 0.353241 0.029625 0.121296 0.335150 1654.000000 1080.000000
0 907 0.984885 0.352315 0.030230 0.121296 0.355910 1654.000000 1080.000000
0 908 0.984583 0.352315 0.030834 0.121296 0.354020 1654.000000 1080.000000
0 909 0.984583 0.352315 0.030834 0.121296 0.373980 1654.000000 1080.000000
0 910 0.984281 0.351852 0.031439 0.122222 0.377070 1654.000000 1080.000000
0 911 0.983978 0.351852 0.032044 0.122222 0.379840 1654.000000 1080.000000
0 912 0.983676 0.351389 0.032648 0.121296 0.388150 1654.000000 1080.000000
0 913 0.983676 0.350926 0.032648 0.122222 0.403010 1654.000000 1080.000000
0 914 0.983374 0.350926 0.033253 0.122222 0.412060 1654.000000 1080.000000
0 915 0.983071 0.350926 0.033857 0.122222 0.416300 1654.000000 1080.000000
0 916 0.982769 0.350463 0.034462 0.123148 0.418300 1654.000000 1080.000000
0 917 0.982769 0.350000 0.034462 0.122222 0.425590 1654.000000 1080.000000
0 918 0.982467 0.350000 0.035067 0.122222 0.416590 1654.000000 1080.000000
0 919 0.982164 0.349537 0.035671 0.123148 0.409580 1654.000000 1080.000000
0 920 0.981862 0.349537 0.036276 0.123148 0.401270 1654.000000 1080.000000
0 921 0.981862 0.349537 0.036276 0.123148 0.400780 1654.000000 1080.000000
0 922 0.981258 0.348148 0.036276 0.124074 0.401210 1654.000000 1080.000000
0 923 0.981258 0.347222 0.036276 0.124074 0.400120 1654.000000 1080.000000
0 924 0.981258 0.346296 0.036276 0.124074 0.406190 1654.000000 1080.000000
0 925 0.980955 0.345370 0.035671 0.124074 0.398150 1654.000000 1080.000000
0 926 0.980955 0.344444 0.035671 0.124074 0.401480 1654.000000 1080.000000
0 927 0.980955 0.343519 0.035671 0.124074 0.410990 1654.000000 1080.000000
0 928 0.980653 0.342593 0.035067 0.124074 0.417330 1654.000000 1080.000000
0 929 0.980653 0.341667 0.035067 0.124074 0.427120 1654.000000 1080.000000
0 930 0.980653 0.340278 0.035067 0.125000 0.437940 1654.000000 1080.000000
0 931 0.980351 0.339352 0.034462 0.125000 0.441180 1654.000000 1080.000000
0 932 0.980351 0.338426 0.034462 0.125000 0.451190 1654.000000 1080.000000
0 933 0.980351 0.337500 0.034462 0.125000 0.460700 1654.000000 1080.000000
0 934 0.980048 0.336574 0.033857 0.125000 0.453820 1654.000000 1080.000000
0 935 0.980048 0.335648 0.033857 0.125000 0.466590 1654.000000 1080.000000
0 936 0.980048 0.334722 0.033857 0.125000 0.476140 1654.000000 1080.000000
0 937 0.979746 0.333796 0.033253 0.125000 0.478600 1654.000000 1080.000000
0 938 0.979746 0.332407 0.033253 0.125926 0.483060 1654.000000 1080.000000
0 939 0.979746 0.331481 0.033253 0.125926 0.492440 1654.000000 1080.000000
0 940 0.979444 0.330556 0.032648 0.125926 0.494490 1654.000000 1080.000000
0 941 0.979444 0.329630 0.032648 0.125926 0.497810 1654.000000 1080.000000
0 942 0.979444 0.328704 0.032648 0.125926 0.507630 1654.000000 1080.000000
0 943 0.979141 0.327778 0.032044 0.125926 0.506220 1654.000000 1080.000000
0 944 0.979141 0.326852 0.032044 0.125926 0.509730 1654.000000 1080.000000
0 945 0.979141 0.325926 0.032044 0.125926 0.522300 1654.000000 1080.000000
0 946 0.978537 0.325000 0.032044 0.125926 0.512030 1654.000000 1080.000000
0 947 0.978537 0.324074 0.032044 0.125926 0.515540 1654.000000 1080.000000
0 948 0.978537 0.323148 0.032044 0.125926 0.524600 1654.000000 1080.000000
0 949 0.978537 0.322222 0.032044 0.125926 0.531360 1654.000000 1080.000000
0 950 0.978537 0.321296 0.032044 0.125926 0.534330 1654.000000 1080.000000
0 951 0.977932 0.320833 0.032044 0.126852 0.527380 1654.000000 1080.000000
0 952 0.977932 0.320370 0.032044 0.125926 0.521490 1654.000000 1080.000000
0 953 0.977932 0.319444 0.032044 0.125926 0.521490 1654.000000 1080.000000
0 954 0.977932 0.318519 0.032044 0.125926 0.512840 1654.000000 1080.000000
0 955 0.977932 0.317593 0.032044 0.125926 0.505140 1654.000000 1080.000000
0 956 0.977932 0.316667 0.032044 0.125926 0.505140 1654.000000 1080.000000
0 957 0.977328 0.316204 0.032044 0.126852 0.476780 1654.000000 1080.000000
0 958 0.977328 0.315278 0.032044 0.126852 0.466180 1654.000000 1080.000000
0 959 0.977328 0.314815 0.032044 0.125926 0.461610 1654.000000 1080.000000
0 960 0.977328 0.313889 0.032044 0.125926 0.455930 1654.000000 1080.000000
0 961 0.977328 0.312963 0.032044 0.125926 0.449990 1654.000000 1080.000000
0 962 0.977328 0.312037 0.032044 0.125926 0.446070 1654.000000 1080.000000
0 963 0.976723 0.311574 0.032044 0.126852 0.421100 1654.000000 1080.000000
0 964 0.976723 0.310648 0.032044 0.126852 0.411840 1654.000000 1080.000000
0 965 0.976723 0.309722 0.032044 0.126852 0.406740 1654.000000 1080.000000
0 966 0.976723 0.309259 0.032044 0.125926 0.389430 1654.000000 1080.000000
0 967 0.976723 0.308333 0.032044 0.125926 0.387270 1654.000000 1080.000000
0 968 0.976723 0.307407 0.032044 0.125926 0.374560 1654.000000 1080.000000
0 969 0.976119 0.306944 0.032044 0.126852 0.364730 1654.000000 1080.000000
0 970 0.976119 0.306019 0.032044 0.126852 0.201290 1654.000000 1080.000000
0 971 0.976119 0.305093 0.032044 0.126852 0.205720 1654.000000 1080.000000
0 972 0.976119 0.304630 0.032044 0.125926 0.212220 1654.000000 1080.000000
0 973 0.976119 0.303704 0.032044 0.125926 0.235200 1654.000000 1080.000000
0 974 0.976119 0.302778 0.032044 0.125926 0.255200 1654.000000 1080.000000
0 975 0.975514 0.302315 0.032044 0.126852 0.267040 1654.000000 1080.000000
0 976 0.975514 0.301389 0.032044 0.126852 0.287040 1654.000000 1080.000000
0 977 0.975514 0.300463 0.032044 0.126852 0.307300 1654.000000 1080.000000
0 978 0.975514 0.299537 0.032044 0.126852 0.329440 1654.000000 1080.000000
0 979 0.975514 0.299074 0.032044 0.125926 0.320090 1654.000000 1080.000000
0 980 0.975514 0.298148 0.032044 0.125926 0.316030 1654.000000 1080.000000
0 981 0.974909 0.297685 0.032044 0.126852 0.306090 1654.000000 1080.000000
0 982 0.974909 0.296759 0.032044 0.126852 0.307970 1654.000000 1080.000000
0 983 0.974909 0.295833 0.032044 0.126852 0.304750 1654.000000 1080.000000
0 984 0.974909 0.294907 0.032044 0.126852 0.300320 1654.000000 1080.000000
0 985 0.974909 0.293981 0.032044 0.126852 0.286370 1654.000000 1080.000000
0 986 0.974909 0.293519 0.032044 0.125926 0.271290 1654.000000 1080.000000
0 987 0.974305 0.293056 0.032044 0.126852 0.269320 1654.000000 1080.000000
0 988 0.974305 0.292130 0.032044 0.126852 0.267040 1654.000000 1080.000000
0 989 0.974305 0.291204 0.032044 0.126852 0.271340 1654.000000 1080.000000
0 990 0.974305 0.290278 0.032044 0.126852 0.264630 1654.000000 1080.000000
0 991 0.974305 0.289352 0.032044 0.126852 0.271740 1654.000000 1080.000000
0 992 0.974305 0.289352 0.032044 0.126852 0.275360 1654.000000 1080.000000
0 993 0.973700 0.288426 0.032044 0.126852 0.262480 1654.000000 1080.000000
0 994 0.973700 0.288426 0.032044 0.126852 0.262480 1654.000000 1080.000000
0 995 0.973700 0.287500 0.032044 0.126852 0.267040 1654.000000 1080.000000
0 996 0.973096 0.287500 0.032044 0.126852 0.253220 1654.000000 1080.000000
0 997 0.973096 0.286574 0.032044 0.126852 0.257250 1654.000000 1080.000000
0 998 0.973096 0.286574 0.032044 0.126852 0.247990 1654.000000 1080.000000
0 999 0.972491 0.285648 0.032044 0.126852 0.244630 1654.000000 1080.000000
0 1000 0.972491 0.285648 0.032044 0.126852 0.234840 1654.000000 1080.000000
0 1001 0.972491 0.284722 0.032044 0.126852 0.232560 1654.000000 1080.000000
0 1002 0.972189 0.284722 0.032648 0.126852 0.229120 1654.000000 1080.000000
0 1003 0.971886 0.283796 0.032044 0.126852 0.227860 1654.000000 1080.000000
0 1004 0.971886 0.283796 0.032044 0.126852 0.219000 1654.000000 1080.000000
0 1005 0.971584 0.282870 0.032648 0.126852 0.219630 1654.000000 1080.000000
0 1006 0.971282 0.282870 0.032044 0.126852 0.208130 1654.000000 1080.000000
0 1007 0.971282 0.281944 0.032044 0.126852 0.210280 1654.000000 1080.000000
0 1008 0.970979 0.281944 0.032648 0.126852 0.201840 1654.000000 1080.000000
0 1009 0.970677 0.281019 0.032044 0.126852 0.202900 1654.000000 1080.000000
0 1010 0.970677 0.281019 0.032044 0.126852 0.201020 1654.000000 1080.000000
0 1011 0.970375 0.280093 0.032648 0.126852 0.200000 1654.000000 1080.000000
0 1012 0.970375 0.280093 0.032648 0.126852 0.296970 1654.000000 1080.000000
0 1013 0.970073 0.279167 0.032044 0.126852 0.204510 1654.000000 1080.000000
0 1014 0.970073 0.279167 0.032044 0.126852 0.296160 1654.000000 1080.000000
0 1015 0.969770 0.278241 0.032648 0.126852 0.202370 1654.000000 1080.000000
0 1016 0.969468 0.278241 0.032044 0.126852 0.304210 1654.000000 1080.000000
0 1017 0.969468 0.277315 0.032044 0.126852 0.312270 1654.000000 1080.000000
0 1018 0.969166 0.277315 0.032648 0.126852 0.314890 1654.000000 1080.000000
0 1019 0.969166 0.276389 0.032648 0.126852 0.322790 1654.000000 1080.000000
0 1020 0.968863 0.276389 0.032044 0.126852 0.326090 1654.000000 1080.000000
0 1021 0.968561 0.275463 0.032648 0.126852 0.332150 1654.000000 1080.000000
0 1022 0.968561 0.275463 0.032648 0.126852 0.336890 1654.000000 1080.000000
0 1023 0.968259 0.274537 0.032044 0.126852 0.347690 1654.000000 1080.000000
0 1024 0.967956 0.274537 0.032648 0.126852 0.346110 1654.000000 1080.000000
0 1025 0.967956 0.273611 0.032648 0.126852 0.357050 1654.000000 1080.000000
0 1026 0.967654 0.273611 0.032044 0.126852 0.357760 1654.000000 1080.000000
0 1027 0.967352 0.272685 0.032648 0.126852 0.371010 1654.000000 1080.000000
0 1028 0.967352 0.272685 0.032648 0.126852 0.358630 1654.000000 1080.000000
0 1029 0.967352 0.271759 0.032648 0.126852 0.361400 1654.000000 1080.000000
0 1030 0.966747 0.271759 0.032648 0.126852 0.352570 1654.000000 1080.000000
0 1031 0.966747 0.270833 0.032648 0.126852 0.355340 1654.000000 1080.000000
0 1032 0.966747 0.270833 0.032648 0.126852 0.350860 1654.000000 1080.000000
0 1033 0.966143 0.269907 0.032648 0.126852 0.353750 1654.000000 1080.000000
0 1034 0.966143 0.269907 0.032648 0.126852 0.336630 1654.000000 1080.000000
0 1035 0.966143 0.268981 0.032648 0.126852 0.325960 1654.000000 1080.000000
0 1036 0.966143 0.268981 0.032648 0.126852 0.309620 1654.000000 1080.000000
0 1037 0.965538 0.268056 0.032648 0.126852 0.298550 1654.000000 1080.000000
0 1038 0.965538 0.267130 0.032648 0.126852 0.298420 1654.000000 1080.000000
0 1039 0.964933 0.266204 0.032648 0.126852 0.288270 1654.000000 1080.000000
0 1040 0.964933 0.265278 0.032648 0.126852 0.285240 1654.000000 1080.000000
0 1041 0.964631 0.264352 0.032044 0.126852 0.286100 1654.000000 1080.000000
0 1042 0.964329 0.263426 0.032648 0.126852 0.287480 1654.000000 1080.000000
0 1043 0.964329 0.262500 0.032648 0.126852 0.289990 1654.000000 1080.000000
0 1044 0.964027 0.261574 0.032044 0.126852 0.290390 1654.000000 1080.000000
0 1045 0.963724 0.260648 0.032648 0.126852 0.286820 1654.000000 1080.000000
0 1046 0.963422 0.259722 0.032044 0.126852 0.285830 1654.000000 1080.000000
0 1047 0.963120 0.258796 0.032648 0.126852 0.285240 1654.000000 1080.000000
0 1048 0.963120 0.257870 0.032648 0.126852 0.286820 1654.000000 1080.000000
0 1049 0.962817 0.256944 0.032044 0.126852 0.285830 1654.000000 1080.000000
0 1050 0.962515 0.256019 0.032648 0.126852 0.285240 1654.000000 1080.000000
0 1051 0.962213 0.255093 0.032044 0.126852 0.284220 1654.000000 1080.000000
0 1052 0.962213 0.254167 0.032044 0.126852 0.178480 1654.000000 1080.000000
0 1053 0.961911 0.253241 0.032648 0.126852 0.179840 1654.000000 1080.000000
0 1054 0.961608 0.252315 0.032044 0.126852 0.174320 1654.000000 1080.000000
0 1055 0.961306 0.251389 0.032648 0.126852 0.180500 1654.000000 1080.000000
0 1056 0.961004 0.250463 0.032044 0.126852 0.177670 1654.000000 1080.000000
0 1057 0.961004 0.249537 0.032044 0.126852 0.177670 1654.000000 1080.000000
0 1058 0.960701 0.248611 0.032648 0.126852 0.179050 1654.000000 1080.000000
0 1059 0.960399 0.247685 0.032044 0.126852 0.181290 1654.000000 1080.000000
0 1060 0.960399 0.246759 0.032044 0.126852 0.186800 1654.000000 1080.000000
0 1061 0.959794 0.245833 0.032044 0.126852 0.182900 1654.000000 1080.000000
0 1062 0.959794 0.244907 0.032044 0.126852 0.188670 1654.000000 1080.000000
0 1063 0.959794 0.243981 0.032044 0.126852 0.194040 1654.000000 1080.000000
0 1064 0.959190 0.242130 0.032044 0.126852 0.197670 1654.000000 1080.000000
0 1065 0.959190 0.241204 0.032044 0.126852 0.201150 1654.000000 1080.000000
0 1066 0.958888 0.240278 0.031439 0.126852 0.200030 1654.000000 1080.000000
0 1067 0.958888 0.238889 0.031439 0.125926 0.203420 1654.000000 1080.000000
0 1068 0.958585 0.237500 0.030834 0.126852 0.212930 1654.000000 1080.000000
0 1069 0.958585 0.236574 0.030834 0.126852 0.212790 1654.000000 1080.000000
0 1070 0.958283 0.235185 0.031439 0.125926 0.207130 1654.000000 1080.000000
0 1071 0.957981 0.234259 0.030834 0.125926 0.204380 1654.000000 1080.000000
0 1072 0.957981 0.232870 0.030834 0.126852 0.210140 1654.000000 1080.000000
0 1073 0.957678 0.231481 0.030230 0.125926 0.208820 1654.000000 1080.000000
0 1074 0.957678 0.230556 0.030230 0.125926 0.208820 1654.000000 1080.000000
0 1075 0.957678 0.229630 0.030230 0.125926 0.212390 1654.000000 1080.000000
0 1076 0.957074 0.227778 0.030230 0.125926 0.213830 1654.000000 1080.000000
0 1077 0.957074 0.226852 0.030230 0.125926 0.213830 1654.000000 1080.000000
0 1078 0.957074 0.225926 0.030230 0.125926 0.219690 1654.000000 1080.000000
0 1079 0.957074 0.225000 0.030230 0.125926 0.219690 1654.000000 1080.000000
0 1080 0.957074 0.224074 0.030230 0.125926 0.223270 1654.000000 1080.000000
0 1081 0.957074 0.223148 0.030230 0.125926 0.223270 1654.000000 1080.000000
0 1082 0.957074 0.222222 0.030230 0.125926 0.226990 1654.000000 1080.000000
0 1083 0.957074 0.221296 0.030230 0.125926 0.226990 1654.000000 1080.000000
0 1084 0.957074 0.219444 0.030230 0.125926 0.234290 1654.000000 1080.000000
0 1085 0.957074 0.218519 0.030230 0.125926 0.237870 1654.000000 1080.000000
0 1086 0.957074 0.217593 0.030230 0.125926 0.237870 1654.000000 1080.000000
0 1087 0.957074 0.216667 0.030230 0.125926 0.237870 1654.000000 1080.000000
0 1088 0.957074 0.215741 0.030230 0.125926 0.237870 1654.000000 1080.000000
0 1089 0.957074 0.214815 0.030230 0.125926 0.237870 1654.000000 1080.000000
0 1090 0.957074 0.213889 0.030230 0.125926 0.237870 1654.000000 1080.000000
0 1091 0.957074 0.212963 0.030230 0.125926 0.237870 1654.000000 1080.000000
0 1092 0.957074 0.212037 0.030230 0.125926 0.241450 1654.000000 1080.000000
0 1093 0.957074 0.210185 0.030230 0.125926 0.254900 1654.000000 1080.000000
0 1094 0.957074 0.209259 0.030230 0.125926 0.254900 1654.000000 1080.000000
0 1095 0.957074 0.208333 0.030230 0.125926 0.254900 1654.000000 1080.000000
0 1096 0.957074 0.207407 0.030230 0.125926 0.254900 1654.000000 1080.000000
0 1097 0.957074 0.206481 0.030230 0.125926 0.254900 1654.000000 1080.000000
0 1098 0.957074 0.205556 0.030230 0.125926 0.258620 1654.000000 1080.000000
0 1099 0.957074 0.204630 0.030230 0.125926 0.258620 1654.000000 1080.000000
0 1100 0.957074 0.203704 0.030230 0.125926 0.258620 1654.000000 1080.000000
0 1101 0.957074 0.201852 0.030230 0.125926 0.265920 1654.000000 1080.000000
0 1102 0.957074 0.200926 0.030230 0.125926 0.269500 1654.000000 1080.000000
0 1103 0.957074 0.200000 0.030230 0.125926 0.269500 1654.000000 1080.000000
0 1104 0.957074 0.199074 0.030230 0.125926 0.273220 1654.000000 1080.000000
0 1105 0.957074 0.198148 0.030230 0.125926 0.273220 1654.000000 1080.000000
0 1106 0.957074 0.197222 0.030230 0.125926 0.273220 1654.000000 1080.000000
0 1107 0.957074 0.196296 0.030230 0.125926 0.273220 1654.000000 1080.000000
0 1108 0.957074 0.195370 0.030230 0.125926 0.279520 1654.000000 1080.000000
0 1109 0.957074 0.194444 0.030230 0.125926 0.279520 1654.000000 1080.000000
0 1110 0.957074 0.192593 0.030230 0.125926 0.290680 1654.000000 1080.000000
0 1111 0.957074 0.191667 0.030230 0.125926 0.290680 1654.000000 1080.000000
0 1112 0.957074 0.190741 0.030230 0.125926 0.290680 1654.000000 1080.000000
0 1113 0.957074 0.189815 0.030230 0.125926 0.290680 1654.000000 1080.000000
0 1114 0.957074 0.188889 0.030230 0.125926 0.290680 1654.000000 1080.000000
0 1115 0.957074 0.187963 0.030230 0.125926 0.290680 1654.000000 1080.000000
0 1116 0.957074 0.187037 0.030230 0.125926 0.294550 1654.000000 1080.000000
0 1117 0.957074 0.186111 0.030230 0.125926 0.294550 1654.000000 1080.000000
0 1118 0.957074 0.185185 0.030230 0.125926 0.294550 1654.000000 1080.000000
0 1119 0.957074 0.184259 0.030230 0.125926 0.294550 1654.000000 1080.000000
0 1120 0.957074 0.183333 0.030230 0.125926 0.294550 1654.000000 1080.000000
0 1121 0.957074 0.183333 0.030230 0.125926 0.291110 1654.000000 1080.000000
0 1122 0.957074 0.182407 0.030230 0.125926 0.294550 1654.000000 1080.000000
0 1123 0.957074 0.181944 0.030230 0.126852 0.296250 1654.000000 1080.000000
0 1124 0.957074 0.181481 0.030230 0.125926 0.288110 1654.000000 1080.000000
0 1125 0.957074 0.181019 0.030230 0.126852 0.286450 1654.000000 1080.000000
0 1126 0.957074 0.180556 0.030230 0.125926 0.277800 1654.000000 1080.000000
0 1127 0.957074 0.179630 0.030230 0.125926 0.278090 1654.000000 1080.000000
0 1128 0.957074 0.179167 0.030230 0.126852 0.279340 1654.000000 1080.000000
0 1129 0.957074 0.178704 0.030230 0.125926 0.274220 1654.000000 1080.000000
0 1130 0.957074 0.178241 0.030230 0.126852 0.265130 1654.000000 1080.000000
0 1131 0.957074 0.177778 0.030230 0.125926 0.201090 1654.000000 1080.000000
0 1132 0.957074 0.177315 0.030230 0.126852 0.206310 1654.000000 1080.000000
0 1133 0.957074 0.176389 0.030230 0.126852 0.215830 1654.000000 1080.000000
0 1134 0.957074 0.175926 0.030230 0.125926 0.216400 1654.000000 1080.000000
0 1135 0.957074 0.175463 0.030230 0.126852 0.216250 1654.000000 1080.000000
0 1136 0.957074 0.175000 0.030230 0.125926 0.224420 1654.000000 1080.000000
0 1137 0.957074 0.174537 0.030230 0.126852 0.216110 1654.000000 1080.000000
0 1138 0.957074 0.173611 0.030230 0.126852 0.216110 1654.000000 1080.000000
0 1139 0.957074 0.173611 0.030230 0.126852 0.207450 1654.000000 1080.000000
0 1140 0.957074 0.172685 0.030230 0.126852 0.200910 1654.000000 1080.000000
0 1141 0.957074 0.172222 0.030230 0.125926 0.194070 1654.000000 1080.000000
0 1142 0.957074 0.171759 0.030230 0.126852 0.187840 1654.000000 1080.000000
0 1143 0.957074 0.170833 0.030230 0.126852 0.193520 1654.000000 1080.000000
0 1144 0.957074 0.170833 0.030230 0.126852 0.179880 1654.000000 1080.000000
0 1145 0.957074 0.169907 0.030230 0.126852 0.173490 1654.000000 1080.000000
0 1146 0.957678 0.169907 0.030230 0.126852 0.173490 1654.000000 1080.000000
0 1147 0.957678 0.168981 0.030230 0.126852 0.167090 1654.000000 1080.000000
0 1148 0.958283 0.168056 0.030230 0.126852 0.179450 1654.000000 1080.000000
0 1149 0.958283 0.168056 0.030230 0.126852 0.165960 1654.000000 1080.000000
0 1150 0.958888 0.167130 0.030230 0.126852 0.173200 1654.000000 1080.000000
0 1151 0.958888 0.167130 0.030230 0.126852 0.159700 1654.000000 1080.000000
0 1152 0.959492 0.166204 0.030230 0.126852 0.165960 1654.000000 1080.000000
0 1153 0.960097 0.166204 0.030230 0.126852 0.158710 1654.000000 1080.000000
0 1154 0.960097 0.165278 0.030230 0.126852 0.153450 1654.000000 1080.000000
0 1155 0.960701 0.164352 0.030230 0.126852 0.153450 1654.000000 1080.000000
0 1156 0.960701 0.164352 0.030230 0.126852 0.146490 1654.000000 1080.000000
0 1157 0.961306 0.163426 0.030230 0.126852 0.146490 1654.000000 1080.000000
0 1158 0.961306 0.163426 0.030230 0.126852 0.133700 1654.000000 1080.000000
0 1159 0.961911 0.162500 0.030230 0.126852 0.154020 1654.000000 1080.000000
0 1160 0.962515 0.162500 0.030230 0.126852 0.153590 1654.000000 1080.000000
0 1161 0.962515 0.161574 0.030230 0.126852 0.147490 1654.000000 1080.000000
0 1162 0.963120 0.160648 0.030230 0.126852 0.147490 1654.000000 1080.000000
0 1163 0.963120 0.160648 0.030230 0.126852 0.121480 1654.000000 1080.000000
0 1164 0.963724 0.159722 0.030230 0.126852 0.121480 1654.000000 1080.000000
0 1165 0.963724 0.159722 0.030230 0.126852 0.101450 1654.000000 1080.000000
0 1166 0.964329 0.158796 0.030230 0.126852 0.108700 1654.000000 1080.000000
0 1167 0.964933 0.158796 0.030230 0.126852 0.101450 1654.000000 1080.000000
0 1168 0.964933 0.157870 0.030230 0.126852 0.101450 1654.000000 1080.000000
0 1169 0.965538 0.156944 0.030230 0.126852 0.101450 1654.000000 1080.000000
0 1170 0.965538 0.156944 0.030230 0.126852 0.101450 1654.000000 1080.000000
0 1171 0.966143 0.156019 0.030230 0.126852 0.101450 1654.000000 1080.000000
0 1172 0.966143 0.156019 0.030230 0.126852 0.094203 1654.000000 1080.000000
0 1173 0.966747 0.155093 0.030230 0.126852 0.101450 1654.000000 1080.000000
0 1174 0.967352 0.155093 0.030230 0.126852 0.094203 1654.000000 1080.000000
0 1175 0.967352 0.154167 0.030230 0.126852 0.094203 1654.000000 1080.000000
0 1176 0.967956 0.153241 0.030230 0.126852 0.101450 1654.000000 1080.000000
0 1177 0.967956 0.153241 0.030230 0.126852 0.094203 1654.000000 1080.000000
0 1178 0.968561 0.152315 0.030230 0.126852 0.094203 1654.000000 1080.000000
0 1179 0.968561 0.152315 0.030230 0.126852 0.094203 1654.000000 1080.000000
0 1180 0.969166 0.151389 0.030230 0.126852 0.094203 1654.000000 1080.000000
0 1181 0.969770 0.151389 0.030230 0.126852 0.086957 1654.000000 1080.000000
0 1182 0.969770 0.150463 0.030230 0.126852 0.094203 1654.000000 1080.000000
0 1183 0.970375 0.150463 0.030230 0.126852 0.086957 1654.000000 1080.000000
0 1184 0.970375 0.149537 0.030230 0.126852 0.086957 1654.000000 1080.000000
0 1185 0.970979 0.149537 0.030230 0.126852 0.086957 1654.000000 1080.000000
0 1186 0.970979 0.149537 0.030230 0.126852 0.079710 1654.000000 1080.000000
0 1187 0.971584 0.148611 0.030230 0.126852 0.086957 1654.000000 1080.000000
0 1188 0.971584 0.148611 0.030230 0.126852 0.079710 1654.000000 1080.000000
0 1189 0.972189 0.148611 0.030230 0.126852 0.072464 1654.000000 1080.000000
0 1190 0.972189 0.147685 0.030230 0.126852 0.079710 1654.000000 1080.000000
0 1191 0.972793 0.147685 0.030230 0.126852 0.083546 1654.000000 1080.000000
0 1192 0.973398 0.147685 0.030230 0.126852 0.076300 1654.000000 1080.000000
0 1193 0.973398 0.146759 0.030230 0.126852 0.083404 1654.000000 1080.000000
0 1194 0.974002 0.146759 0.030230 0.126852 0.087099 1654.000000 1080.000000
0 1195 0.974002 0.146759 0.030230 0.126852 0.068912 1654.000000 1080.000000
0 1196 0.974607 0.145833 0.030230 0.126852 0.086814 1654.000000 1080.000000
0 1197 0.974607 0.145833 0.030230 0.126852 0.079568 1654.000000 1080.000000
0 1198 0.975212 0.145833 0.030230 0.126852 0.072322 1654.000000 1080.000000
0 1199 0.975212 0.144907 0.030230 0.126852 0.079284 1654.000000 1080.000000
0 1200 0.975816 0.144907 0.030230 0.126852 0.082694 1654.000000 1080.000000
0 1201 0.976421 0.144907 0.030230 0.126852 0.082268 1654.000000 1080.000000
0 1202 0.976421 0.144444 0.030230 0.125926 0.086160 1654.000000 1080.000000
0 1203 0.976421 0.144444 0.030230 0.125926 0.086160 1654.000000 1080.000000
0 1204 0.976723 0.144444 0.030834 0.125926 0.113420 1654.000000 1080.000000
0 1205 0.976723 0.144444 0.030834 0.125926 0.113420 1654.000000 1080.000000
0 1206 0.977025 0.144444 0.030230 0.125926 0.115930 1654.000000 1080.000000
0 1207 0.977328 0.144907 0.030834 0.125000 0.126560 1654.000000 1080.000000
0 1208 0.977328 0.144444 0.030834 0.124074 0.137610 1654.000000 1080.000000
0 1209 0.977328 0.144444 0.030834 0.124074 0.136470 1654.000000 1080.000000
0 1210 0.977630 0.144444 0.031439 0.124074 0.148570 1654.000000 1080.000000
0 1211 0.977932 0.144444 0.030834 0.124074 0.149430 1654.000000 1080.000000
0 1212 0.977932 0.144907 0.030834 0.123148 0.153270 1654.000000 1080.000000
0 1213 0.978235 0.144907 0.031439 0.123148 0.169250 1654.000000 1080.000000
0 1214 0.978235 0.144444 0.031439 0.122222 0.160160 1654.000000 1080.000000
0 1215 0.978235 0.144444 0.031439 0.122222 0.170100 1654.000000 1080.000000
0 1216 0.978839 0.144444 0.031439 0.122222 0.186690 1654.000000 1080.000000
0 1217 0.978839 0.144444 0.031439 0.122222 0.196480 1654.000000 1080.000000
0 1218 0.978839 0.144907 0.031439 0.121296 0.181680 1654.000000 1080.000000
0 1219 0.979141 0.144907 0.032044 0.121296 0.199210 1654.000000 1080.000000
0 1220 0.979444 0.144907 0.031439 0.121296 0.202830 1654.000000 1080.000000
0 1221 0.979444 0.144444 0.031439 0.120370 0.211580 1654.000000 1080.000000
0 1222 0.979746 0.144444 0.032044 0.120370 0.226180 1654.000000 1080.000000
0 1223 0.979746 0.144907 0.032044 0.119444 0.214100 1654.000000 1080.000000
0 1224 0.979746 0.144907 0.032044 0.119444 0.213960 1654.000000 1080.000000
0 1225 0.980351 0.144907 0.032044 0.119444 0.389030 1654.000000 1080.000000
0 1226 0.980351 0.144907 0.032044 0.119444 0.378920 1654.000000 1080.000000
0 1227 0.980351 0.144444 0.032044 0.118519 0.222650 1654.000000 1080.000000
0 1228 0.980653 0.144444 0.032648 0.118519 0.380970 1654.000000 1080.000000
0 1229 0.980653 0.144907 0.032648 0.117593 0.368610 1654.000000 1080.000000
0 1230 0.980955 0.144907 0.032044 0.117593 0.376590 1654.000000 1080.000000
0 1231 0.981258 0.144907 0.032648 0.117593 0.376140 1654.000000 1080.000000
0 1232 0.981258 0.144907 0.032648 0.117593 0.371590 1654.000000 1080.000000
0 1233 0.981258 0.144444 0.032648 0.116667 0.371370 1654.000000 1080.000000
0 1234 0.981560 0.144907 0.033253 0.115741 0.377550 1654.000000 1080.000000
0 1235 0.981862 0.144907 0.032648 0.115741 0.369120 1654.000000 1080.000000
0 1236 0.981862 0.144907 0.032648 0.115741 0.366230 1654.000000 1080.000000
0 1237 0.982164 0.144907 0.033253 0.115741 0.373300 1654.000000 1080.000000
0 1238 0.982164 0.144907 0.033253 0.115741 0.373020 1654.000000 1080.000000
0 1239 0.982769 0.145370 0.033253 0.114815 0.379000 1654.000000 1080.000000
0 1240 0.982164 0.144907 0.033253 0.115741 0.356150 1654.000000 1080.000000
0 1241 0.982164 0.144907 0.033253 0.115741 0.356150 1654.000000 1080.000000
0 1242 0.982164 0.144907 0.033253 0.115741 0.348640 1654.000000 1080.000000
0 1243 0.982164 0.144907 0.033253 0.115741 0.348640 1654.000000 1080.000000
0 1244 0.981560 0.144444 0.033253 0.116667 0.339850 1654.000000 1080.000000
0 1245 0.981560 0.144444 0.033253 0.116667 0.322550 1654.000000 1080.000000
0 1246 0.981560 0.144444 0.033253 0.116667 0.322550 1654.000000 1080.000000
0 1247 0.981560 0.144444 0.033253 0.116667 0.317910 1654.000000 1080.000000
0 1248 0.981560 0.144444 0.033253 0.116667 0.314820 1654.000000 1080.000000
0 1249 0.980955 0.143981 0.033253 0.117593 0.303430 1654.000000 1080.000000
0 1250 0.980955 0.143981 0.033253 0.117593 0.298830 1654.000000 1080.000000
0 1251 0.980955 0.143981 0.033253 0.117593 0.295760 1654.000000 1080.000000
0 1252 0.980955 0.143981 0.033253 0.117593 0.291020 1654.000000 1080.000000
0 1253 0.980351 0.143519 0.033253 0.118519 0.289590 1654.000000 1080.000000
0 1254 0.980351 0.143519 0.033253 0.118519 0.289170 1654.000000 1080.000000
0 1255 0.980351 0.143519 0.033253 0.118519 0.284470 1654.000000 1080.000000
0 1256 0.980351 0.143519 0.033253 0.118519 0.284470 1654.000000 1080.000000
0 1257 0.980351 0.143519 0.033253 0.118519 0.276720 1654.000000 1080.000000
0 1258 0.979746 0.143056 0.033253 0.119444 0.275550 1654.000000 1080.000000
0 1259 0.979746 0.143056 0.033253 0.119444 0.275550 1654.000000 1080.000000
0 1260 0.979746 0.143056 0.033253 0.119444 0.275410 1654.000000 1080.000000
0 1261 0.979746 0.143056 0.033253 0.119444 0.269370 1654.000000 1080.000000
0 1262 0.979141 0.142593 0.033253 0.120370 0.265680 1654.000000 1080.000000
0 1263 0.979141 0.142593 0.033253 0.120370 0.258450 1654.000000 1080.000000
0 1264 0.979141 0.142593 0.033253 0.120370 0.253000 1654.000000 1080.000000
0 1265 0.979141 0.142593 0.033253 0.120370 0.250270 1654.000000 1080.000000
0 1266 0.979141 0.142593 0.033253 0.120370 0.249450 1654.000000 1080.000000
0 1267 0.978537 0.142130 0.033253 0.121296 0.241210 1654.000000 1080.000000
0 1268 0.978537 0.142130 0.033253 0.121296 0.242290 1654.000000 1080.000000
0 1269 0.978537 0.142130 0.033253 0.121296 0.327790 1654.000000 1080.000000
0 1270 0.978537 0.142130 0.033253 0.121296 0.320890 1654.000000 1080.000000
0 1271 0.977932 0.141667 0.033253 0.122222 0.293100 1654.000000 1080.000000
0 1272 0.977932 0.141667 0.033253 0.122222 0.285180 1654.000000 1080.000000
0 1273 0.977932 0.141667 0.033253 0.122222 0.278460 1654.000000 1080.000000
0 1274 0.977932 0.141667 0.033253 0.122222 0.266380 1654.000000 1080.000000
0 1275 0.977932 0.141667 0.033253 0.122222 0.268390 1654.000000 1080.000000
0 1276 0.977328 0.140741 0.033253 0.122222 0.268660 1654.000000 1080.000000
0 1277 0.977328 0.140741 0.033253 0.122222 0.268660 1654.000000 1080.000000
0 1278 0.977328 0.140741 0.033253 0.122222 0.263560 1654.000000 1080.000000
0 1279 0.977328 0.140741 0.033253 0.122222 0.263560 1654.000000 1080.000000
0 1280 0.977328 0.140278 0.033253 0.123148 0.271060 1654.000000 1080.000000
0 1281 0.977328 0.139815 0.033253 0.122222 0.270680 1654.000000 1080.000000
0 1282 0.977328 0.139815 0.033253 0.122222 0.265840 1654.000000 1080.000000
0 1283 0.977328 0.139815 0.033253 0.122222 0.263430 1654.000000 1080.000000
0 1284 0.977328 0.139352 0.033253 0.123148 0.268660 1654.000000 1080.000000
0 1285 0.977328 0.139352 0.033253 0.123148 0.263330 1654.000000 1080.000000
0 1286 0.977328 0.138889 0.033253 0.122222 0.265310 1654.000000 1080.000000
0 1287 0.977328 0.138889 0.033253 0.122222 0.265310 1654.000000 1080.000000
0 1288 0.977328 0.138426 0.033253 0.123148 0.268390 1654.000000 1080.000000
0 1289 0.976723 0.138426 0.033253 0.123148 0.261730 1654.000000 1080.000000
0 1290 0.976723 0.138426 0.033253 0.123148 0.260930 1654.000000 1080.000000
0 1291 0.976723 0.137963 0.033253 0.122222 0.262890 1654.000000 1080.000000
0 1292 0.976723 0.137500 0.033253 0.123148 0.265990 1654.000000 1080.000000
0 1293 0.976723 0.137500 0.033253 0.123148 0.261060 1654.000000 1080.000000
0 1294 0.976723 0.137500 0.033253 0.123148 0.321030 1654.000000 1080.000000
0 1295 0.976723 0.137500 0.033253 0.123148 0.322760 1654.000000 1080.000000
0 1296 0.976723 0.136574 0.033253 0.123148 0.322760 1654.000000 1080.000000
0 1297 0.976723 0.136574 0.033253 0.123148 0.320360 1654.000000 1080.000000
0 1298 0.976723 0.136574 0.033253 0.123148 0.317960 1654.000000 1080.000000
0 1299 0.976723 0.136574 0.033253 0.123148 0.315570 1654.000000 1080.000000
0 1300 0.976723 0.136111 0.033253 0.124074 0.313230 1654.000000 1080.000000
0 1301 0.976723 0.135648 0.033253 0.123148 0.315570 1654.000000 1080.000000
0 1302 0.976723 0.135648 0.033253 0.123148 0.313170 1654.000000 1080.000000
0 1303 0.976119 0.135648 0.033253 0.123148 0.303040 1654.000000 1080.000000
0 1304 0.976119 0.135185 0.033253 0.124074 0.300790 1654.000000 1080.000000
0 1305 0.976119 0.135185 0.033253 0.124074 0.298540 1654.000000 1080.000000
0 1306 0.976119 0.134722 0.033253 0.123148 0.417910 1654.000000 1080.000000
0 1307 0.976119 0.134722 0.033253 0.123148 0.417910 1654.000000 1080.000000
0 1308 0.976119 0.134259 0.033253 0.124074 0.417060 1654.000000 1080.000000
0 1309 0.976119 0.134259 0.033253 0.124074 0.417060 1654.000000 1080.000000
0 1310 0.976119 0.134259 0.033253 0.124074 0.411900 1654.000000 1080.000000
0 1311 0.976119 0.133796 0.033253 0.123148 0.412710 1654.000000 1080.000000
0 1312 0.976119 0.133333 0.033253 0.124074 0.411900 1654.000000 1080.000000
0 1313 0.976119 0.133333 0.033253 0.124074 0.411900 1654.000000 1080.000000
0 1314 0.976119 0.133333 0.033253 0.124074 0.406750 1654.000000 1080.000000
0 1315 0.976119 0.133333 0.033253 0.124074 0.406750 1654.000000 1080.000000
0 1316 0.976119 0.133333 0.033253 0.124074 0.401590 1654.000000 1080.000000
0 1317 0.976119 0.132870 0.033253 0.125000 0.405990 1654.000000 1080.000000
0 1318 0.976119 0.132870 0.033253 0.125000 0.405990 1654.000000 1080.000000
0 1319 0.976119 0.132870 0.033253 0.125000 0.405990 1654.000000 1080.000000
0 1320 0.976119 0.132870 0.033253 0.125000 0.405990 1654.000000 1080.000000
0 1321 0.976119 0.132870 0.033253 0.125000 0.405990 1654.000000 1080.000000
0 1322 0.976119 0.132870 0.033253 0.125000 0.405990 1654.000000 1080.000000
0 1323 0.976119 0.132870 0.033253 0.125000 0.405990 1654.000000 1080.000000
0 1324 0.976119 0.132407 0.033253 0.125926 0.410320 1654.000000 1080.000000
0 1325 0.976119 0.132407 0.033253 0.125926 0.410320 1654.000000 1080.000000
0 1326 0.976119 0.132407 0.033253 0.125926 0.410320 1654.000000 1080.000000
0 1327 0.976119 0.132407 0.033253 0.125926 0.410320 1654.000000 1080.000000
0 1328 0.976119 0.132407 0.033253 0.125926 0.410320 1654.000000 1080.000000
0 1329 0.976119 0.132407 0.033253 0.125926 0.410320 1654.000000 1080.000000
0 1330 0.976119 0.132407 0.033253 0.125926 0.410320 1654.000000 1080.000000
0 1331 0.976119 0.132407 0.033253 0.127778 0.428830 1654.000000 1080.000000
0 1332 0.976119 0.132407 0.033253 0.127778 0.443860 1654.000000 1080.000000
0 1333 0.976119 0.132407 0.033253 0.127778 0.458890 1654.000000 1080.000000
0 1334 0.976119 0.132407 0.033253 0.127778 0.473920 1654.000000 1080.000000
0 1335 0.976119 0.132407 0.033253 0.127778 0.488950 1654.000000 1080.000000
0 1336 0.976119 0.132407 0.033253 0.127778 0.503980 1654.000000 1080.000000
0 1337 0.976119 0.132407 0.033253 0.127778 0.519010 1654.000000 1080.000000
0 1338 0.976119 0.131944 0.033253 0.128704 0.537370 1654.000000 1080.000000
0 1339 0.976119 0.131944 0.033253 0.128704 0.552300 1654.000000 1080.000000
0 1340 0.976119 0.131944 0.033253 0.128704 0.567220 1654.000000 1080.000000
0 1341 0.976119 0.131944 0.033253 0.128704 0.582140 1654.000000 1080.000000
0 1342 0.976119 0.131944 0.033253 0.128704 0.597070 1654.000000 1080.000000
0 1343 0.976119 0.131944 0.033253 0.128704 0.611990 1654.000000 1080.000000
0 1344 0.976119 0.131944 0.033253 0.128704 0.626910 1654.000000 1080.000000
0 1345 0.976119 0.132407 0.033253 0.129630 0.641340 1654.000000 1080.000000
0 1346 0.975514 0.131944 0.033253 0.130556 0.643860 1654.000000 1080.000000
0 1347 0.974909 0.131944 0.033253 0.130556 0.655810 1654.000000 1080.000000
0 1348 0.974909 0.131944 0.033253 0.130556 0.670770 1654.000000 1080.000000
0 1349 0.974305 0.131481 0.033253 0.131481 0.673080 1654.000000 1080.000000
0 1350 0.974305 0.131481 0.033253 0.131481 0.687940 1654.000000 1080.000000
0 1351 0.973700 0.131481 0.033253 0.131481 0.700300 1654.000000 1080.000000
0 1352 0.973700 0.131019 0.033253 0.132407 0.717260 1654.000000 1080.000000
0 1353 0.973096 0.131019 0.033253 0.132407 0.717260 1654.000000 1080.000000
0 1354 0.973096 0.131019 0.033253 0.132407 0.732140 1654.000000 1080.000000
0 1355 0.972491 0.131019 0.033253 0.134259 0.733610 1654.000000 1080.000000
0 1356 0.971886 0.131019 0.033253 0.134259 0.746330 1654.000000 1080.000000
0 1357 0.971886 0.131019 0.033253 0.134259 0.761250 1654.000000 1080.000000
0 1358 0.971282 0.130556 0.033253 0.135185 0.762880 1654.000000 1080.000000
0 1359 0.971282 0.130556 0.033253 0.135185 0.777700 1654.000000 1080.000000
0 1360 0.970677 0.130556 0.033253 0.135185 0.777700 1654.000000 1080.000000
0 1361 0.970677 0.130093 0.033253 0.136111 0.807070 1654.000000 1080.000000
0 1362 0.970073 0.130093 0.033253 0.136111 0.807070 1654.000000 1080.000000
0 1363 0.970073 0.130093 0.033253 0.136111 0.835420 1654.000000 1080.000000
0 1364 0.969468 0.130556 0.033253 0.137037 0.835210 1654.000000 1080.000000
0 1365 0.968863 0.130093 0.033253 0.137963 0.850000 1654.000000 1080.000000
0 1366 0.968863 0.130093 0.033253 0.137963 0.865000 1654.000000 1080.000000
0 1367 0.968259 0.130093 0.033253 0.137963 0.879050 1654.000000 1080.000000
0 1368 0.968259 0.129630 0.033253 0.138889 0.894870 1654.000000 1080.000000
0 1369 0.967654 0.129630 0.033253 0.138889 0.909180 1654.000000 1080.000000
0 1370 0.967654 0.129630 0.033253 0.138889 0.924310 1654.000000 1080.000000
0 1371 0.967050 0.129167 0.033253 0.139815 0.939380 1654.000000 1080.000000
0 1372 0.967050 0.129167 0.033253 0.139815 0.954530 1654.000000 1080.000000
0 1373 0.966445 0.129167 0.033253 0.139815 0.984730 1654.000000 1080.000000
0 1374 0.965840 0.129167 0.033253 0.141667 1.000000 1654.000000 1080.000000
0 1375 0.965840 0.129167 0.033253 0.141667 1.000000 1654.000000 1080.000000
0 1376 0.965236 0.129167 0.033253 0.141667 1.000000 1654.000000 1080.000000
0 1377 0.965236 0.128704 0.033253 0.142593 1.000000 1654.000000 1080.000000
0 1378 0.964631 0.128704 0.033253 0.142593 1.000000 1654.000000 1080.000000
0 1379 0.964631 0.128704 0.033253 0.142593 1.000000 1654.000000 1080.000000
0 1380 0.964027 0.128241 0.033253 0.143519 1.000000 1654.000000 1080.000000
0 1381 0.964027 0.128241 0.033253 0.143519 1.000000 1654.000000 1080.000000
0 1382 0.963422 0.128241 0.033253 0.143519 1.000000 1654.000000 1080.000000
0 1383 0.963422 0.128704 0.033253 0.144444 1.000000 1654.000000 1080.000000
0 1384 0.962213 0.127778 0.033253 0.144444 1.000000 1654.000000 1080.000000
0 1385 0.961004 0.127778 0.033253 0.144444 1.000000 1654.000000 1080.000000
0 1386 0.959794 0.127778 0.033253 0.144444 1.000000 1654.000000 1080.000000
0 1387 0.959190 0.127778 0.033253 0.144444 1.000000 1654.000000 1080.000000
0 1388 0.957981 0.126852 0.033253 0.144444 1.000000 1654.000000 1080.000000
0 1389 0.956771 0.126852 0.033253 0.144444 1.000000 1654.000000 1080.000000
0 1390 0.956167 0.126852 0.033253 0.144444 1.000000 1654.000000 1080.000000
0 1391 0.954958 0.126852 0.033253 0.144444 1.000000 1654.000000 1080.000000
0 1392 0.953748 0.126852 0.033253 0.144444 1.000000 1654.000000 1080.000000
0 1393 0.953144 0.125926 0.033253 0.144444 1.000000 1654.000000 1080.000000
0 1394 0.951935 0.125926 0.033253 0.144444 1.000000 1654.000000 1080.000000
0 1395 0.950726 0.125926 0.033253 0.144444 1.000000 1654.000000 1080.000000
0 1396 0.950121 0.125926 0.033253 0.144444 1.000000 1654.000000 1080.000000
0 1397 0.948912 0.125926 0.033253 0.144444 1.000000 1654.000000 1080.000000
0 1398 0.947703 0.125000 0.033253 0.144444 1.000000 1654.000000 1080.000000
0 1399 0.947098 0.125000 0.033253 0.144444 1.000000 1654.000000 1080.000000
0 1400 0.945889 0.125000 0.033253 0.144444 1.000000 1654.000000 1080.000000
0 1401 0.944680 0.125000 0.033253 0.144444 1.000000 1654.000000 1080.000000
0 1402 0.944075 0.125000 0.033253 0.144444 1.000000 1654.000000 1080.000000
0 1403 0.942866 0.124074 0.033253 0.144444 1.000000 1654.000000 1080.000000
0 1404 0.942261 0.124074 0.033253 0.144444 1.000000 1654.000000 1080.000000
0 1405 0.941052 0.124074 0.033253 0.144444 1.000000 1654.000000 1080.000000
0 1406 0.940447 0.124074 0.033253 0.144444 1.000000 1654.000000 1080.000000
0 1407 0.939238 0.124074 0.033253 0.144444 1.000000 1654.000000 1080.000000
0 1408 0.938634 0.124074 0.033253 0.144444 1.000000 1654.000000 1080.000000
0 1409 0.937424 0.124074 0.033253 0.144444 1.000000 1654.000000 1080.000000
0 1410 0.936820 0.124074 0.033253 0.144444 1.000000 1654.000000 1080.000000
0 1411 0.935611 0.124074 0.033253 0.144444 0.987260 1654.000000 1080.000000
0 1412 0.935006 0.124074 0.033253 0.144444 0.974520 1654.000000 1080.000000
0 1413 0.934401 0.124074 0.033253 0.144444 0.961780 1654.000000 1080.000000
0 1414 0.933192 0.123148 0.033253 0.144444 0.955410 1654.000000 1080.000000
0 1415 0.932588 0.123148 0.033253 0.144444 0.942680 1654.000000 1080.000000
0 1416 0.931378 0.123148 0.033253 0.144444 0.932440 1654.000000 1080.000000
0 1417 0.930774 0.123148 0.033253 0.144444 0.927660 1654.000000 1080.000000
0 1418 0.929565 0.123148 0.033253 0.144444 0.918790 1654.000000 1080.000000
0 1419 0.928960 0.123148 0.033253 0.144444 0.909010 1654.000000 1080.000000
0 1420 0.927751 0.123148 0.033253 0.144444 0.901730 1654.000000 1080.000000
0 1421 0.927146 0.123148 0.033253 0.144444 0.893080 1654.000000 1080.000000
0 1422 0.925937 0.123148 0.033253 0.144444 0.887400 1654.000000 1080.000000
0 1423 0.925333 0.123148 0.033253 0.144444 0.884900 1654.000000 1080.000000
0 1424 0.924728 0.123148 0.033253 0.144444 0.877730 1654.000000 1080.000000
0 1425 0.922914 0.122685 0.033253 0.143519 0.888390 1654.000000 1080.000000
0 1426 0.921100 0.123148 0.033253 0.142593 0.892170 1654.000000 1080.000000
0 1427 0.919891 0.123148 0.033253 0.140741 0.896010 1654.000000 1080.000000
0 1428 0.918077 0.123148 0.033253 0.140741 0.901960 1654.000000 1080.000000
0 1429 0.916264 0.123611 0.033253 0.139815 0.911420 1654.000000 1080.000000
0 1430 0.915054 0.123611 0.033253 0.137963 0.920600 1654.000000 1080.000000
0 1431 0.913241 0.123611 0.033253 0.137963 0.926190 1654.000000 1080.000000
0 1432 0.911427 0.123611 0.033253 0.136111 0.940150 1654.000000 1080.000000
0 1433 0.910218 0.124074 0.033253 0.135185 0.945580 1654.000000 1080.000000
0 1434 0.908404 0.124074 0.033253 0.135185 0.958700 1654.000000 1080.000000
0 1435 0.906590 0.124074 0.033253 0.133333 0.970690 1654.000000 1080.000000
0 1436 0.905381 0.124537 0.033253 0.132407 0.982640 1654.000000 1080.000000
0 1437 0.903567 0.124074 0.033253 0.131481 1.000000 1654.000000 1080.000000
0 1438 0.901753 0.124537 0.033253 0.130556 1.000000 1654.000000 1080.000000
0 1439 0.900544 0.125000 0.033253 0.129630 1.000000 1654.000000 1080.000000
0 1440 0.898730 0.125000 0.033253 0.129630 1.000000 1654.000000 1080.000000
0 1441 0.896917 0.125926 0.033253 0.129630 1.000000 1654.000000 1080.000000
0 1442 0.895707 0.126852 0.033253 0.129630 1.000000 1654.000000 1080.000000
0 1443 0.893894 0.127778 0.033253 0.129630 1.000000 1654.000000 1080.000000
0 1444 0.892080 0.128704 0.033253 0.129630 1.000000 1654.000000 1080.000000
0 1445 0.890871 0.129630 0.033253 0.129630 1.000000 1654.000000 1080.000000
0 1446 0.889057 0.130556 0.033253 0.129630 1.000000 1654.000000 1080.000000
0 1447 0.887243 0.131481 0.033253 0.129630 1.000000 1654.000000 1080.000000
0 1448 0.886034 0.132407 0.033253 0.129630 1.000000 1654.000000 1080.000000
0 1449 0.884220 0.133333 0.033253 0.129630 1.000000 1654.000000 1080.000000
0 1450 0.882406 0.134259 0.033253 0.129630 1.000000 1654.000000 1080.000000
0 1451 0.881197 0.135185 0.033253 0.129630 1.000000 1654.000000 1080.000000
0 1452 0.879383 0.136111 0.033253 0.129630 1.000000 1654.000000 1080.000000
0 1453 0.877570 0.137037 0.033253 0.129630 1.000000 1654.000000 1080.000000
0 1454 0.876360 0.137963 0.033253 0.129630 1.000000 1654.000000 1080.000000
0 1455 0.875151 0.137963 0.033253 0.129630 1.000000 1654.000000 1080.000000
0 1456 0.874547 0.137963 0.033253 0.129630 1.000000 1654.000000 1080.000000
0 1457 0.873942 0.138426 0.033253 0.130556 1.000000 1654.000000 1080.000000
0 1458 0.872733 0.138889 0.033253 0.129630 1.000000 1654.000000 1080.000000
0 1459 0.872128 0.139352 0.033253 0.130556 1.000000 1654.000000 1080.000000
0 1460 0.871524 0.139352 0.033253 0.130556 1.000000 1654.000000 1080.000000
0 1461 0.870919 0.139815 0.033253 0.131481 1.000000 1654.000000 1080.000000
0 1462 0.869710 0.140278 0.033253 0.130556 1.000000 1654.000000 1080.000000
0 1463 0.869105 0.140278 0.033253 0.130556 1.000000 1654.000000 1080.000000
0 1464 0.868501 0.140741 0.033253 0.131481 1.000000 1654.000000 1080.000000
0 1465 0.867896 0.140741 0.033253 0.131481 1.000000 1654.000000 1080.000000
0 1466 0.866687 0.141667 0.033253 0.131481 1.000000 1654.000000 1080.000000
0 1467 0.866082 0.141667 0.033253 0.131481 1.000000 1654.000000 1080.000000
0 1468 0.865478 0.142130 0.033253 0.132407 1.000000 1654.000000 1080.000000
0 1469 0.864873 0.142130 0.033253 0.132407 1.000000 1654.000000 1080.000000
0 1470 0.863664 0.142593 0.033253 0.131481 1.000000 1654.000000 1080.000000
0 1471 0.863059 0.143056 0.033253 0.132407 1.000000 1654.000000 1080.000000
0 1472 0.862455 0.143056 0.033253 0.132407 1.000000 1654.000000 1080.000000
0 1473 0.861850 0.143519 0.033253 0.133333 1.000000 1654.000000 1080.000000
0 1474 0.860641 0.143981 0.033253 0.132407 1.000000 1654.000000 1080.000000
0 1475 0.860036 0.144444 0.033253 0.133333 1.000000 1654.000000 1080.000000
0 1476 0.859432 0.144444 0.033253 0.133333 1.000000 1654.000000 1080.000000
0 1477 0.858827 0.145370 0.033253 0.133333 1.000000 1654.000000 1080.000000
0 1478 0.858222 0.145370 0.033253 0.133333 1.000000 1654.000000 1080.000000
0 1479 0.857618 0.146296 0.033253 0.133333 1.000000 1654.000000 1080.000000
0 1480 0.857013 0.146296 0.033253 0.133333 1.000000 1654.000000 1080.000000
0 1481 0.857013 0.147222 0.033253 0.133333 1.000000 1654.000000 1080.000000
0 1482 0.856409 0.148148 0.033253 0.133333 1.000000 1654.000000 1080.000000
0 1483 0.855804 0.148148 0.033253 0.133333 1.000000 1654.000000 1080.000000
0 1484 0.855200 0.149074 0.033253 0.133333 1.000000 1654.000000 1080.000000
0 1485 0.855200 0.150000 0.033253 0.133333 1.000000 1654.000000 1080.000000
0 1486 0.854595 0.150000 0.033253 0.133333 1.000000 1654.000000 1080.000000
0 1487 0.853990 0.150926 0.033253 0.133333 1.000000 1654.000000 1080.000000
0 1488 0.853386 0.150926 0.033253 0.133333 1.000000 1654.000000 1080.000000
0 1489 0.853386 0.151852 0.033253 0.133333 1.000000 1654.000000 1080.000000
0 1490 0.852781 0.152778 0.033253 0.133333 1.000000 1654.000000 1080.000000
0 1491 0.852177 0.152778 0.033253 0.133333 1.000000 1654.000000 1080.000000
0 1492 0.851572 0.153704 0.033253 0.133333 1.000000 1654.000000 1080.000000
0 1493 0.851572 0.154630 0.033253 0.133333 1.000000 1654.000000 1080.000000
0 1494 0.850967 0.154630 0.033253 0.133333 1.000000 1654.000000 1080.000000
0 1495 0.850363 0.155556 0.033253 0.133333 1.000000 1654.000000 1080.000000
0 1496 0.850363 0.156481 0.033253 0.133333 1.000000 1654.000000 1080.000000
0 1497 0.848247 0.156481 0.033857 0.133333 1.000000 1654.000000 1080.000000
0 1498 0.846131 0.156944 0.034462 0.132407 1.000000 1654.000000 1080.000000
0 1499 0.844317 0.157407 0.035671 0.133333 1.000000 1654.000000 1080.000000
0 1500 0.842201 0.157870 0.036276 0.132407 1.000000 1654.000000 1080.000000
0 1501 0.840387 0.158796 0.037485 0.132407 1.000000 1654.000000 1080.000000
0 1502 0.838573 0.158796 0.037485 0.132407 1.000000 1654.000000 1080.000000
0 1503 0.837062 0.159259 0.036880 0.131481 1.000000 1654.000000 1080.000000
0 1504 0.835248 0.159259 0.036880 0.131481 1.000000 1654.000000 1080.000000
0 1505 0.834039 0.159722 0.036880 0.130556 1.000000 1654.000000 1080.000000
0 1506 0.832225 0.160185 0.036880 0.131481 1.000000 1654.000000 1080.000000
0 1507 0.830713 0.160648 0.036276 0.130556 1.000000 1654.000000 1080.000000
0 1508 0.829202 0.160648 0.036880 0.130556 1.000000 1654.000000 1080.000000
0 1509 0.827690 0.161111 0.036276 0.129630 1.000000 1654.000000 1080.000000
0 1510 0.826179 0.162037 0.035671 0.129630 1.000000 1654.000000 1080.000000
0 1511 0.824667 0.162037 0.036276 0.129630 0.996740 1654.000000 1080.000000
0 1512 0.823156 0.162500 0.035671 0.128704 0.992620 1654.000000 1080.000000
0 1513 0.821342 0.162500 0.035671 0.128704 0.987500 1654.000000 1080.000000
0 1514 0.819831 0.163426 0.035067 0.128704 0.977600 1654.000000 1080.000000
0 1515 0.818319 0.163426 0.035671 0.128704 0.970710 1654.000000 1080.000000
0 1516 0.816808 0.163889 0.035067 0.127778 0.962440 1654.000000 1080.000000
0 1517 0.815296 0.164352 0.034462 0.126852 0.953020 1654.000000 1080.000000
0 1518 0.813785 0.164352 0.035067 0.126852 0.943630 1654.000000 1080.000000
0 1519 0.812273 0.165278 0.034462 0.126852 0.925790 1654.000000 1080.000000
0 1520 0.810459 0.165278 0.034462 0.126852 0.914540 1654.000000 1080.000000
0 1521 0.809250 0.165741 0.034462 0.125926 0.905110 1654.000000 1080.000000
0 1522 0.807437 0.165741 0.034462 0.125926 0.897810 1654.000000 1080.000000
0 1523 0.805925 0.166667 0.033857 0.125926 0.885260 1654.000000 1080.000000
0 1524 0.804414 0.167130 0.033253 0.125000 0.883930 1654.000000 1080.000000
0 1525 0.802902 0.167130 0.033857 0.125000 0.894740 1654.000000 1080.000000
0 1526 0.801391 0.167593 0.033253 0.124074 0.895240 1654.000000 1080.000000
0 1527 0.799577 0.168056 0.033253 0.125000 0.894960 1654.000000 1080.000000
0 1528 0.798368 0.168519 0.033253 0.124074 0.897220 1654.000000 1080.000000
0 1529 0.796554 0.168519 0.033253 0.124074 0.906880 1654.000000 1080.000000
0 1530 0.795042 0.168981 0.032648 0.123148 0.912620 1654.000000 1080.000000
0 1531 0.793833 0.169907 0.032648 0.123148 0.915200 1654.000000 1080.000000
0 1532 0.791415 0.168981 0.032648 0.123148 0.935550 1654.000000 1080.000000
0 1533 0.788996 0.168981 0.032648 0.123148 0.952510 1654.000000 1080.000000
0 1534 0.787183 0.168981 0.032648 0.123148 0.964720 1654.000000 1080.000000
0 1535 0.784764 0.168981 0.032648 0.123148 0.985350 1654.000000 1080.000000
0 1536 0.782950 0.168981 0.032648 0.123148 1.000000 1654.000000 1080.000000
0 1537 0.780532 0.168981 0.032648 0.123148 0.997290 1654.000000 1080.000000
0 1538 0.778416 0.168056 0.032044 0.123148 0.991710 1654.000000 1080.000000
0 1539 0.776300 0.168056 0.032648 0.123148 0.985070 1654.000000 1080.000000
0 1540 0.773881 0.168056 0.032648 0.123148 0.976120 1654.000000 1080.000000
0 1541 0.772068 0.168056 0.032648 0.123148 0.967440 1654.000000 1080.000000
0 1542 0.769649 0.168056 0.032648 0.123148 0.959290 1654.000000 1080.000000
0 1543 0.767533 0.168056 0.032044 0.123148 0.947900 1654.000000 1080.000000
0 1544 0.765417 0.167130 0.032648 0.123148 0.940030 1654.000000 1080.000000
0 1545 0.763301 0.167130 0.032044 0.123148 0.931730 1654.000000 1080.000000
0 1546 0.761185 0.167130 0.032648 0.123148 0.910450 1654.000000 1080.000000
0 1547 0.759069 0.167130 0.032044 0.123148 0.891650 1654.000000 1080.000000
0 1548 0.756651 0.167130 0.032044 0.123148 0.873130 1654.000000 1080.000000
0 1549 0.754534 0.167130 0.032648 0.123148 0.865670 1654.000000 1080.000000
0 1550 0.752418 0.166204 0.032044 0.123148 0.865670 1654.000000 1080.000000
0 1551 0.750302 0.166204 0.032648 0.123148 0.858210 1654.000000 1080.000000
0 1552 0.748186 0.166204 0.032044 0.123148 0.850750 1654.000000 1080.000000
0 1553 0.745768 0.166204 0.032044 0.123148 0.827530 1654.000000 1080.000000
0 1554 0.743954 0.166204 0.032044 0.123148 0.817030 1654.000000 1080.000000
0 1555 0.741536 0.166204 0.032044 0.123148 0.776810 1654.000000 1080.000000
0 1556 0.739722 0.166204 0.032044 0.123148 0.760090 1654.000000 1080.000000
0 1557 0.737304 0.165278 0.032044 0.123148 0.721390 1654.000000 1080.000000
0 1558 0.735490 0.165278 0.032044 0.123148 0.689750 1654.000000 1080.000000
0 1559 0.733676 0.164352 0.032044 0.123148 0.664730 1654.000000 1080.000000
0 1560 0.731258 0.164352 0.032044 0.123148 0.624380 1654.000000 1080.000000
0 1561 0.729444 0.163426 0.032044 0.123148 0.601440 1654.000000 1080.000000
0 1562 0.727630 0.163426 0.032044 0.123148 0.574900 1654.000000 1080.000000
0 1563 0.725212 0.162500 0.032044 0.123148 0.535660 1654.000000 1080.000000
0 1564 0.723398 0.162500 0.032044 0.123148 0.492120 1654.000000 1080.000000
0 1565 0.721584 0.161574 0.032044 0.123148 0.453840 1654.000000 1080.000000
0 1566 0.719166 0.161574 0.032044 0.123148 0.396350 1654.000000 1080.000000
0 1567 0.717352 0.160648 0.032044 0.123148 0.359450 1654.000000 1080.000000
0 1568 0.715538 0.160648 0.032044 0.123148 0.316750 1654.000000 1080.000000
0 1569 0.713120 0.159722 0.032044 0.123148 0.267000 1654.000000 1080.000000
0 1570 0.711306 0.159722 0.032044 0.123148 0.246270 1654.000000 1080.000000
0 1571 0.709492 0.158796 0.032044 0.123148 0.246270 1654.000000 1080.000000
0 1572 0.707074 0.158796 0.032044 0.123148 0.257880 1654.000000 1080.000000
0 1573 0.705260 0.157870 0.032044 0.123148 0.276120 1654.000000 1080.000000
0 1574 0.703446 0.157870 0.032044 0.123148 0.286070 1654.000000 1080.000000
0 1575 0.701028 0.156944 0.032044 0.123148 0.306110 1654.000000 1080.000000
0 1576 0.699214 0.156944 0.032044 0.123148 0.314260 1654.000000 1080.000000
0 1577 0.697400 0.156019 0.032044 0.123148 0.329050 1654.000000 1080.000000
0 1578 0.694982 0.156019 0.032044 0.123148 0.338580 1654.000000 1080.000000
0 1579 0.693168 0.155093 0.032044 0.123148 0.351580 1654.000000 1080.000000
0 1580 0.691354 0.155093 0.032044 0.123148 0.345220 1654.000000 1080.000000
0 1581 0.688936 0.154167 0.032044 0.123148 0.337060 1654.000000 1080.000000
0 1582 0.687122 0.154167 0.032044 0.123148 0.332780 1654.000000 1080.000000
0 1583 0.685308 0.153241 0.032044 0.123148 0.321860 1654.000000 1080.000000
0 1584 0.682890 0.153241 0.032044 0.123148 0.308730 1654.000000 1080.000000
0 1585 0.681076 0.152315 0.032044 0.123148 0.302240 1654.000000 1080.000000
0 1586 0.679262 0.152315 0.032044 0.123148 0.290910 1654.000000 1080.000000
0 1587 0.676844 0.151389 0.032044 0.123148 0.282610 1654.000000 1080.000000
0 1588 0.675030 0.150463 0.032044 0.123148 0.268240 1654.000000 1080.000000
0 1589 0.673216 0.149537 0.032044 0.123148 0.257460 1654.000000 1080.000000
0 1590 0.671403 0.149537 0.032044 0.123148 0.233830 1654.000000 1080.000000
0 1591 0.669287 0.148611 0.031439 0.123148 0.219800 1654.000000 1080.000000
0 1592 0.667473 0.147685 0.031439 0.123148 0.208250 1654.000000 1080.000000
0 1593 0.665659 0.147222 0.031439 0.124074 0.196090 1654.000000 1080.000000
0 1594 0.663543 0.146759 0.032044 0.123148 0.176060 1654.000000 1080.000000
0 1595 0.661427 0.145833 0.031439 0.123148 0.156580 1654.000000 1080.000000
0 1596 0.659613 0.144907 0.031439 0.123148 0.146160 1654.000000 1080.000000
0 1597 0.657799 0.144444 0.031439 0.124074 0.129560 1654.000000 1080.000000
0 1598 0.655985 0.143981 0.031439 0.123148 0.112640 1654.000000 1080.000000
0 1599 0.653869 0.143056 0.030834 0.123148 0.104480 1654.000000 1080.000000
0 1600 0.652056 0.142593 0.030834 0.124074 0.103700 1654.000000 1080.000000
0 1601 0.649940 0.141667 0.031439 0.124074 0.103700 1654.000000 1080.000000
0 1602 0.648126 0.141204 0.031439 0.123148 0.097015 1654.000000 1080.000000
0 1603 0.646010 0.140278 0.030834 0.123148 0.097015 1654.000000 1080.000000
0 1604 0.644196 0.139815 0.030834 0.124074 0.096296 1654.000000 1080.000000
0 1605 0.642382 0.138889 0.030834 0.124074 0.106550 1654.000000 1080.000000
0 1606 0.640568 0.138426 0.030834 0.123148 0.122130 1654.000000 1080.000000
0 1607 0.638755 0.137963 0.030834 0.124074 0.131200 1654.000000 1080.000000
0 1608 0.636336 0.137037 0.030834 0.124074 0.146150 1654.000000 1080.000000
0 1609 0.634522 0.136574 0.030834 0.123148 0.148110 1654.000000 1080.000000
0 1610 0.632709 0.135648 0.030834 0.123148 0.158010 1654.000000 1080.000000
0 1611 0.630895 0.135185 0.030834 0.124074 0.163390 1654.000000 1080.000000
0 1612 0.628779 0.134259 0.030230 0.124074 0.168480 1654.000000 1080.000000
0 1613 0.626965 0.133796 0.030230 0.123148 0.176180 1654.000000 1080.000000
0 1614 0.625151 0.133333 0.030230 0.124074 0.184020 1654.000000 1080.000000
0 1615 0.623035 0.132407 0.030834 0.124074 0.191450 1654.000000 1080.000000
0 1616 0.620919 0.131481 0.030230 0.124074 0.204210 1654.000000 1080.000000
0 1617 0.619105 0.131019 0.030230 0.123148 0.207050 1654.000000 1080.000000
0 1618 0.617291 0.130556 0.030230 0.124074 0.208710 1654.000000 1080.000000
0 1619 0.615478 0.129630 0.030230 0.124074 0.216990 1654.000000 1080.000000
0 1620 0.613362 0.128704 0.029625 0.124074 0.228150 1654.000000 1080.000000
0 1621 0.611548 0.128704 0.029625 0.124074 0.231260 1654.000000 1080.000000
0 1622 0.609432 0.127778 0.030230 0.124074 0.244880 1654.000000 1080.000000
0 1623 0.607618 0.126852 0.030230 0.124074 0.241100 1654.000000 1080.000000
0 1624 0.605502 0.125926 0.029625 0.124074 0.240300 1654.000000 1080.000000
0 1625 0.603688 0.125926 0.029625 0.124074 0.229330 1654.000000 1080.000000
0 1626 0.601874 0.125000 0.029625 0.124074 0.231260 1654.000000 1080.000000
0 1627 0.600060 0.124074 0.029625 0.124074 0.229630 1654.000000 1080.000000
0 1628 0.598247 0.124074 0.029625 0.124074 0.229630 1654.000000 1080.000000
0 1629 0.595828 0.123148 0.029625 0.124074 0.241330 1654.000000 1080.000000
0 1630 0.593410 0.123148 0.029625 0.124074 0.246810 1654.000000 1080.000000
0 1631 0.591596 0.122222 0.029625 0.124074 0.259700 1654.000000 1080.000000
0 1632 0.589178 0.122222 0.029625 0.124074 0.269190 1654.000000 1080.000000
0 1633 0.587364 0.121296 0.029625 0.124074 0.292150 1654.000000 1080.000000
0 1634 0.584946 0.121296 0.029625 0.124074 0.313330 1654.000000 1080.000000
0 1635 0.583132 0.120370 0.029625 0.124074 0.333630 1654.000000 1080.000000
0 1636 0.580713 0.120370 0.029625 0.124074 0.352890 1654.000000 1080.000000
0 1637 0.578900 0.120370 0.029625 0.124074 0.368000 1654.000000 1080.000000
0 1638 0.576481 0.119444 0.029625 0.124074 0.388000 1654.000000 1080.000000
0 1639 0.574667 0.119444 0.029625 0.124074 0.403560 1654.000000 1080.000000
0 1640 0.572249 0.118519 0.029625 0.124074 0.423410 1654.000000 1080.000000
0 1641 0.570435 0.118519 0.029625 0.124074 0.436440 1654.000000 1080.000000
0 1642 0.568017 0.117593 0.029625 0.124074 0.457330 1654.000000 1080.000000
0 1643 0.566203 0.117593 0.029625 0.124074 0.457930 1654.000000 1080.000000
0 1644 0.563785 0.116667 0.029625 0.124074 0.489780 1654.000000 1080.000000
0 1645 0.561971 0.116667 0.029625 0.124074 0.493780 1654.000000 1080.000000
0 1646 0.559553 0.116667 0.029625 0.124074 0.494670 1654.000000 1080.000000
0 1647 0.557134 0.115741 0.029625 0.124074 0.506220 1654.000000 1080.000000
0 1648 0.555320 0.115741 0.029625 0.124074 0.493330 1654.000000 1080.000000
0 1649 0.552902 0.114815 0.029625 0.124074 0.443700 1654.000000 1080.000000
0 1650 0.551088 0.114815 0.029625 0.124074 0.424150 1654.000000 1080.000000
0 1651 0.548670 0.113889 0.029625 0.124074 0.404890 1654.000000 1080.000000
0 1652 0.546856 0.113889 0.029625 0.124074 0.380740 1654.000000 1080.000000
0 1653 0.544438 0.112963 0.029625 0.124074 0.358520 1654.000000 1080.000000
0 1654 0.542624 0.112963 0.029625 0.124074 0.340740 1654.000000 1080.000000
0 1655 0.540206 0.112963 0.029625 0.124074 0.310520 1654.000000 1080.000000
0 1656 0.538392 0.112037 0.029625 0.124074 0.296440 1654.000000 1080.000000
0 1657 0.535973 0.112037 0.029625 0.124074 0.271110 1654.000000 1080.000000
0 1658 0.534160 0.111111 0.029625 0.124074 0.255410 1654.000000 1080.000000
0 1659 0.531741 0.111111 0.029625 0.124074 0.229630 1654.000000 1080.000000
0 1660 0.529927 0.110185 0.029625 0.124074 0.212300 1654.000000 1080.000000
0 1661 0.527509 0.110185 0.029625 0.124074 0.186370 1654.000000 1080.000000
0 1662 0.525695 0.110185 0.029625 0.124074 0.166960 1654.000000 1080.000000
0 1663 0.523881 0.109259 0.029625 0.124074 0.162960 1654.000000 1080.000000
0 1664 0.522068 0.108333 0.029625 0.124074 0.162960 1654.000000 1080.000000
0 1665 0.520254 0.108333 0.029625 0.124074 0.155560 1654.000000 1080.000000
0 1666 0.518440 0.107407 0.029625 0.124074 0.155560 1654.000000 1080.000000
0 1667 0.516626 0.106481 0.029625 0.124074 0.158810 1654.000000 1080.000000
0 1668 0.514813 0.106481 0.029625 0.124074 0.162960 1654.000000 1080.000000
0 1669 0.512999 0.105556 0.029625 0.124074 0.168590 1654.000000 1080.000000
0 1670 0.511487 0.104630 0.030230 0.124074 0.173130 1654.000000 1080.000000
0 1671 0.509674 0.104630 0.030230 0.124074 0.170520 1654.000000 1080.000000
0 1672 0.507860 0.103704 0.030230 0.124074 0.175310 1654.000000 1080.000000
0 1673 0.506046 0.102778 0.030230 0.124074 0.180100 1654.000000 1080.000000
0 1674 0.504534 0.102778 0.029625 0.124074 0.176590 1654.000000 1080.000000
0 1675 0.502721 0.101852 0.029625 0.124074 0.185190 1654.000000 1080.000000
0 1676 0.500907 0.100926 0.029625 0.124074 0.188150 1654.000000 1080.000000
0 1677 0.499093 0.100926 0.029625 0.124074 0.216590 1654.000000 1080.000000
0 1678 0.497582 0.100000 0.030230 0.124074 0.265650 1654.000000 1080.000000
0 1679 0.495768 0.099074 0.030230 0.124074 0.316190 1654.000000 1080.000000
0 1680 0.493954 0.099074 0.030230 0.124074 0.376470 1654.000000 1080.000000
0 1681 0.492140 0.098148 0.030230 0.124074 0.427450 1654.000000 1080.000000
0 1682 0.490326 0.097222 0.030230 0.124074 0.482350 1654.000000 1080.000000
0 1683 0.488513 0.097222 0.030230 0.124074 0.529410 1654.000000 1080.000000
0 1684 0.486699 0.096296 0.030230 0.124074 0.580390 1654.000000 1080.000000
0 1685 0.485490 0.096296 0.030230 0.124074 0.623530 1654.000000 1080.000000
0 1686 0.484281 0.096296 0.030230 0.124074 0.651710 1654.000000 1080.000000
0 1687 0.483071 0.097222 0.030230 0.124074 0.677560 1654.000000 1080.000000
0 1688 0.481862 0.097222 0.030230 0.124074 0.667970 1654.000000 1080.000000
0 1689 0.480653 0.098148 0.030230 0.124074 0.656640 1654.000000 1080.000000
0 1690 0.479444 0.098148 0.030230 0.124074 0.662310 1654.000000 1080.000000
0 1691 0.478235 0.099074 0.030230 0.124074 0.647490 1654.000000 1080.000000
0 1692 0.477025 0.100000 0.030230 0.124074 0.829190 1654.000000 1080.000000
0 1693 0.475816 0.100000 0.030230 0.124074 0.859690 1654.000000 1080.000000
0 1694 0.474607 0.100926 0.030230 0.124074 0.882640 1654.000000 1080.000000
0 1695 0.474002 0.100926 0.030230 0.124074 0.913440 1654.000000 1080.000000
0 1696 0.472793 0.101852 0.030230 0.124074 0.954680 1654.000000 1080.000000
0 1697 0.471584 0.101852 0.030230 0.124074 0.955270 1654.000000 1080.000000
0 1698 0.470375 0.102778 0.030230 0.124074 0.950620 1654.000000 1080.000000
0 1699 0.469166 0.103704 0.030230 0.124074 0.950330 1654.000000 1080.000000
0 1700 0.467956 0.103704 0.030230 0.124074 0.948150 1654.000000 1080.000000
0 1701 0.466747 0.104630 0.030230 0.124074 0.949890 1654.000000 1080.000000
0 1702 0.465538 0.104630 0.030230 0.124074 0.952800 1654.000000 1080.000000
0 1703 0.464329 0.105556 0.030230 0.124074 0.956860 1654.000000 1080.000000
0 1704 0.463724 0.106481 0.030230 0.124074 0.956430 1654.000000 1080.000000
0 1705 0.462515 0.106481 0.030230 0.124074 0.963980 1654.000000 1080.000000
0 1706 0.461306 0.106481 0.030230 0.124074 0.966450 1654.000000 1080.000000
0 1707 0.460097 0.106481 0.030230 0.124074 0.939870 1654.000000 1080.000000
0 1708 0.458888 0.106481 0.030230 0.124074 0.912850 1654.000000 1080.000000
0 1709 0.457678 0.107407 0.030230 0.124074 0.885550 1654.000000 1080.000000
0 1710 0.456469 0.107407 0.030230 0.124074 0.853590 1654.000000 1080.000000
0 1711 0.455260 0.107407 0.030230 0.124074 1.000000 1654.000000 1080.000000
0 1712 0.454051 0.107407 0.030230 0.124074 1.000000 1654.000000 1080.000000
0 1713 0.452842 0.107407 0.030230 0.124074 1.000000 1654.000000 1080.000000
0 1714 0.451632 0.108333 0.030230 0.124074 1.000000 1654.000000 1080.000000
0 1715 0.449819 0.108333 0.030230 0.124074 1.000000 1654.000000 1080.000000
0 1716 0.448005 0.108333 0.030230 0.124074 1.000000 1654.000000 1080.000000
0 1717 0.446191 0.108333 0.030230 0.124074 1.000000 1654.000000 1080.000000
0 1718 0.444377 0.108333 0.030230 0.124074 1.000000 1654.000000 1080.000000
0 1719 0.442563 0.108333 0.030230 0.124074 1.000000 1654.000000 1080.000000
0 1720 0.440750 0.108333 0.030230 0.124074 1.000000 1654.000000 1080.000000
0 1721 0.438936 0.109259 0.030230 0.124074 1.000000 1654.000000 1080.000000
0 1722 0.437122 0.109259 0.030230 0.124074 0.987800 1654.000000 1080.000000
0 1723 0.435308 0.109259 0.030230 0.124074 0.938270 1654.000000 1080.000000
0 1724 0.433495 0.109259 0.030230 0.124074 0.873640 1654.000000 1080.000000
0 1725 0.431681 0.109259 0.030230 0.124074 0.808280 1654.000000 1080.000000
0 1726 0.429867 0.109259 0.030230 0.124074 0.754390 1654.000000 1080.000000
0 1727 0.428053 0.110185 0.030230 0.124074 0.679300 1654.000000 1080.000000
0 1728 0.426239 0.110185 0.030230 0.124074 0.608280 1654.000000 1080.000000
0 1729 0.424426 0.110185 0.030230 0.124074 0.549460 1654.000000 1080.000000
0 1730 0.422612 0.110185 0.030230 0.124074 0.475670 1654.000000 1080.000000
0 1731 0.420798 0.110185 0.030230 0.124074 0.394190 1654.000000 1080.000000
0 1732 0.418984 0.110185 0.030230 0.124074 0.331010 1654.000000 1080.000000
0 1733 0.417170 0.111111 0.030230 0.124074 0.259260 1654.000000 1080.000000
0 1734 0.415357 0.111111 0.030230 0.124074 0.295860 1654.000000 1080.000000
0 1735 0.413543 0.111111 0.030230 0.124074 0.356720 1654.000000 1080.000000
0 1736 0.411729 0.111111 0.030230 0.124074 0.426000 1654.000000 1080.000000
0 1737 0.409915 0.111111 0.030230 0.124074 0.451710 1654.000000 1080.000000
0 1738 0.408102 0.111111 0.030230 0.124074 0.488890 1654.000000 1080.000000
0 1739 0.406288 0.112037 0.030230 0.124074 0.510090 1654.000000 1080.000000
0 1740 0.403869 0.111111 0.030230 0.124074 0.548440 1654.000000 1080.000000
0 1741 0.402056 0.110185 0.030230 0.124074 0.586780 1654.000000 1080.000000
0 1742 0.400242 0.109259 0.030230 0.124074 0.618010 1654.000000 1080.000000
0 1743 0.398428 0.108796 0.030230 0.123148 0.648080 1654.000000 1080.000000
0 1744 0.396614 0.108333 0.030230 0.124074 0.594050 1654.000000 1080.000000
0 1745 0.394498 0.107407 0.030834 0.124074 0.548720 1654.000000 1080.000000
0 1746 0.392684 0.106481 0.030834 0.124074 0.511110 1654.000000 1080.000000
0 1747 0.390871 0.106019 0.030834 0.123148 0.489670 1654.000000 1080.000000
0 1748 0.389057 0.105556 0.030834 0.124074 0.465530 1654.000000 1080.000000
0 1749 0.387243 0.104630 0.030834 0.124074 0.437610 1654.000000 1080.000000
0 1750 0.385429 0.104167 0.030834 0.123148 0.416190 1654.000000 1080.000000
0 1751 0.383313 0.103241 0.031439 0.123148 0.393830 1654.000000 1080.000000
0 1752 0.381499 0.102778 0.031439 0.124074 0.367990 1654.000000 1080.000000
0 1753 0.379686 0.101852 0.031439 0.124074 0.348710 1654.000000 1080.000000
0 1754 0.377872 0.101389 0.031439 0.123148 0.323290 1654.000000 1080.000000
0 1755 0.376058 0.100463 0.031439 0.123148 0.304700 1654.000000 1080.000000
0 1756 0.373640 0.100000 0.031439 0.124074 0.296300 1654.000000 1080.000000
0 1757 0.371826 0.099074 0.031439 0.124074 0.375960 1654.000000 1080.000000
0 1758 0.370012 0.098611 0.031439 0.123148 0.451560 1654.000000 1080.000000
0 1759 0.368198 0.097685 0.031439 0.123148 0.536750 1654.000000 1080.000000
0 1760 0.366385 0.097222 0.031439 0.124074 0.614950 1654.000000 1080.000000
0 1761 0.364571 0.096759 0.031439 0.123148 0.692340 1654.000000 1080.000000
0 1762 0.362455 0.095833 0.032044 0.123148 0.776810 1654.000000 1080.000000
0 1763 0.360641 0.094907 0.032044 0.123148 0.855580 1654.000000 1080.000000
0 1764 0.358827 0.094444 0.032044 0.124074 0.934160 1654.000000 1080.000000
0 1765 0.357013 0.093981 0.032044 0.123148 1.000000 1654.000000 1080.000000
0 1766 0.355200 0.093056 0.032044 0.123148 1.000000 1654.000000 1080.000000
0 1767 0.353083 0.092130 0.032648 0.123148 1.000000 1654.000000 1080.000000
0 1768 0.351270 0.091667 0.032648 0.124074 1.000000 1654.000000 1080.000000
0 1769 0.349456 0.091204 0.032648 0.123148 1.000000 1654.000000 1080.000000
0 1770 0.347642 0.090278 0.032648 0.123148 1.000000 1654.000000 1080.000000
0 1771 0.345828 0.089352 0.032648 0.123148 1.000000 1654.000000 1080.000000
0 1772 0.344015 0.089352 0.032648 0.123148 1.000000 1654.000000 1080.000000
0 1773 0.342201 0.089352 0.032648 0.123148 0.992130 1654.000000 1080.000000
0 1774 0.340992 0.089352 0.032648 0.123148 0.979650 1654.000000 1080.000000
0 1775 0.339178 0.089352 0.032648 0.123148 0.960380 1654.000000 1080.000000
0 1776 0.337969 0.089352 0.032648 0.123148 0.944100 1654.000000 1080.000000
0 1777 0.336155 0.089352 0.032648 0.123148 0.918180 1654.000000 1080.000000
0 1778 0.334946 0.089352 0.032648 0.123148 0.901630 1654.000000 1080.000000
0 1779 0.333132 0.089352 0.032648 0.123148 0.878430 1654.000000 1080.000000
0 1780 0.331923 0.090278 0.032648 0.123148 0.849930 1654.000000 1080.000000
0 1781 0.330109 0.090278 0.032648 0.123148 0.824420 1654.000000 1080.000000
0 1782 0.328900 0.090278 0.032648 0.123148 0.804210 1654.000000 1080.000000
0 1783 0.327086 0.090278 0.032648 0.123148 0.776930 1654.000000 1080.000000
0 1784 0.325877 0.090278 0.032648 0.123148 0.747490 1654.000000 1080.000000
0 1785 0.324063 0.090278 0.032648 0.123148 0.712210 1654.000000 1080.000000
0 1786 0.322854 0.090278 0.032648 0.123148 0.687250 1654.000000 1080.000000
0 1787 0.321040 0.091204 0.032648 0.123148 0.647900 1654.000000 1080.000000
0 1788 0.319831 0.091204 0.032648 0.123148 0.636090 1654.000000 1080.000000
0 1789 0.318017 0.091204 0.032648 0.123148 0.621170 1654.000000 1080.000000
0 1790 0.316808 0.091204 0.032648 0.123148 0.606510 1654.000000 1080.000000
0 1791 0.314994 0.091204 0.032648 0.123148 0.593620 1654.000000 1080.000000
0 1792 0.313785 0.091204 0.032648 0.123148 0.576120 1654.000000 1080.000000
0 1793 0.311971 0.091204 0.032648 0.123148 0.562690 1654.000000 1080.000000
0 1794 0.310762 0.092130 0.032648 0.123148 0.537720 1654.000000 1080.000000
0 1795 0.308948 0.091204 0.032648 0.123148 0.531210 1654.000000 1080.000000
0 1796 0.307134 0.091204 0.032648 0.123148 0.508820 1654.000000 1080.000000
0 1797 0.305320 0.090278 0.032648 0.123148 0.501760 1654.000000 1080.000000
0 1798 0.303507 0.090278 0.032648 0.123148 0.485070 1654.000000 1080.000000
0 1799 0.301693 0.089352 0.032648 0.123148 0.485070 1654.000000 1080.000000
0 1800 0.299879 0.089352 0.032648 0.123148 0.477610 1654.000000 1080.000000
0 1801 0.298065 0.089352 0.032648 0.123148 0.508680 1654.000000 1080.000000
0 1802 0.295949 0.089352 0.033253 0.123148 0.539450 1654.000000 1080.000000
0 1803 0.293833 0.089352 0.033857 0.123148 0.585230 1654.000000 1080.000000
0 1804 0.292019 0.089352 0.033857 0.123148 0.617700 1654.000000 1080.000000
0 1805 0.289903 0.089352 0.034462 0.123148 0.661860 1654.000000 1080.000000
0 1806 0.288089 0.089352 0.034462 0.123148 0.695320 1654.000000 1080.000000
0 1807 0.285973 0.089815 0.035067 0.124074 0.736350 1654.000000 1080.000000
0 1808 0.283857 0.089815 0.035671 0.124074 0.774810 1654.000000 1080.000000
0 1809 0.282044 0.089815 0.035671 0.124074 0.812350 1654.000000 1080.000000
0 1810 0.279927 0.089815 0.036276 0.124074 0.850390 1654.000000 1080.000000
0 1811 0.278114 0.089815 0.036276 0.124074 0.864720 1654.000000 1080.000000
0 1812 0.275998 0.089815 0.036880 0.124074 0.823300 1654.000000 1080.000000
0 1813 0.274184 0.090741 0.036880 0.124074 0.800000 1654.000000 1080.000000
0 1814 0.272068 0.090741 0.036276 0.124074 0.764420 1654.000000 1080.000000
0 1815 0.270254 0.090741 0.036276 0.124074 0.693750 1654.000000 1080.000000
0 1816 0.268742 0.090741 0.035671 0.124074 0.628770 1654.000000 1080.000000
0 1817 0.266929 0.090741 0.035671 0.124074 0.555680 1654.000000 1080.000000
0 1818 0.264813 0.091667 0.035067 0.124074 0.456500 1654.000000 1080.000000
0 1819 0.263301 0.091667 0.034462 0.124074 0.379310 1654.000000 1080.000000
0 1820 0.261487 0.091667 0.034462 0.124074 0.296550 1654.000000 1080.000000
0 1821 0.259976 0.091667 0.033857 0.124074 0.239770 1654.000000 1080.000000
0 1822 0.257860 0.092593 0.033253 0.124074 0.224740 1654.000000 1080.000000
0 1823 0.256046 0.092593 0.033253 0.124074 0.218780 1654.000000 1080.000000
0 1824 0.254534 0.092593 0.032648 0.124074 0.215080 1654.000000 1080.000000
0 1825 0.252721 0.092593 0.032648 0.124074 0.209430 1654.000000 1080.000000
0 1826 0.251209 0.093519 0.032044 0.124074 0.195880 1654.000000 1080.000000
0 1827 0.248489 0.092593 0.032648 0.124074 0.229090 1654.000000 1080.000000
0 1828 0.246372 0.092593 0.033253 0.124074 0.328570 1654.000000 1080.000000
0 1829 0.244256 0.091667 0.033857 0.124074 0.429890 1654.000000 1080.000000
0 1830 0.241838 0.091667 0.035067 0.124074 0.534210 1654.000000 1080.000000
0 1831 0.239722 0.090741 0.035671 0.124074 0.607410 1654.000000 1080.000000
0 1832 0.237606 0.090741 0.036276 0.124074 0.688890 1654.000000 1080.000000
0 1833 0.234885 0.089815 0.036880 0.124074 0.766190 1654.000000 1080.000000
0 1834 0.232769 0.089815 0.037485 0.124074 0.841980 1654.000000 1080.000000
0 1835 0.230653 0.088889 0.038089 0.124074 0.905670 1654.000000 1080.000000
0 1836 0.228235 0.088889 0.039299 0.124074 0.976320 1654.000000 1080.000000
0 1837 0.226119 0.087963 0.039903 0.124074 0.988500 1654.000000 1080.000000
0 1838 0.224002 0.087963 0.040508 0.124074 0.986930 1654.000000 1080.000000
0 1839 0.221886 0.087963 0.041112 0.124074 0.984970 1654.000000 1080.000000
0 1840 0.220073 0.087963 0.042322 0.124074 0.983720 1654.000000 1080.000000
0 1841 0.218561 0.088889 0.044135 0.124074 0.978480 1654.000000 1080.000000
0 1842 0.217050 0.088889 0.045949 0.124074 0.970850 1654.000000 1080.000000
0 1843 0.215538 0.089815 0.047763 0.124074 0.936300 1654.000000 1080.000000
0 1844 0.214027 0.089815 0.049577 0.124074 0.907450 1654.000000 1080.000000
0 1845 0.212515 0.090741 0.051391 0.124074 0.874590 1654.000000 1080.000000
0 1846 0.210399 0.089815 0.050786 0.124074 0.848630 1654.000000 1080.000000
0 1847 0.208283 0.088889 0.050181 0.124074 0.823720 1654.000000 1080.000000
0 1848 0.206469 0.088426 0.050181 0.123148 0.796910 1654.000000 1080.000000
0 1849 0.204655 0.087963 0.048972 0.124074 0.771270 1654.000000 1080.000000
0 1850 0.202539 0.087037 0.048368 0.124074 0.742660 1654.000000 1080.000000
0 1851 0.200726 0.086574 0.048368 0.123148 0.717520 1654.000000 1080.000000
0 1852 0.198609 0.085648 0.047763 0.123148 0.686750 1654.000000 1080.000000
0 1853 0.197098 0.085648 0.047158 0.123148 0.657470 1654.000000 1080.000000
0 1854 0.195889 0.085648 0.045949 0.123148 0.622020 1654.000000 1080.000000
0 1855 0.194982 0.085648 0.045345 0.123148 0.597010 1654.000000 1080.000000
0 1856 0.194377 0.085648 0.044135 0.123148 0.578460 1654.000000 1080.000000
0 1857 0.193470 0.085648 0.043531 0.123148 0.551320 1654.000000 1080.000000
0 1858 0.192563 0.085648 0.042926 0.123148 0.517720 1654.000000 1080.000000
0 1859 0.191959 0.085648 0.041717 0.123148 0.494880 1654.000000 1080.000000
0 1860 0.191052 0.085648 0.041112 0.123148 0.469500 1654.000000 1080.000000
0 1861 0.190447 0.085648 0.039903 0.123148 0.440300 1654.000000 1080.000000
0 1862 0.188634 0.083796 0.039903 0.123148 0.434840 1654.000000 1080.000000
0 1863 0.186820 0.082870 0.039903 0.123148 0.438960 1654.000000 1080.000000
0 1864 0.185006 0.081944 0.039903 0.123148 0.453440 1654.000000 1080.000000
0 1865 0.183192 0.081019 0.039903 0.123148 0.460240 1654.000000 1080.000000
0 1866 0.181378 0.080093 0.039903 0.123148 0.472040 1654.000000 1080.000000
0 1867 0.179565 0.079167 0.039903 0.123148 0.479840 1654.000000 1080.000000
0 1868 0.177751 0.078241 0.039903 0.123148 0.494880 1654.000000 1080.000000
0 1869 0.175937 0.077315 0.039903 0.123148 0.496440 1654.000000 1080.000000
0 1870 0.174123 0.076389 0.039903 0.123148 0.508470 1654.000000 1080.000000
0 1871 0.172612 0.075463 0.039299 0.123148 0.519670 1654.000000 1080.000000
0 1872 0.170798 0.074537 0.039299 0.123148 0.531890 1654.000000 1080.000000
0 1873 0.169589 0.073611 0.039299 0.123148 0.539800 1654.000000 1080.000000
0 1874 0.167775 0.072685 0.039299 0.123148 0.571800 1654.000000 1080.000000
0 1875 0.166566 0.071759 0.039299 0.123148 0.600630 1654.000000 1080.000000
0 1876 0.165357 0.071296 0.039299 0.124074 0.619300 1654.000000 1080.000000
0 1877 0.163241 0.070370 0.038694 0.124074 0.649690 1654.000000 1080.000000
0 1878 0.161729 0.069444 0.038089 0.124074 0.658560 1654.000000 1080.000000
0 1879 0.160218 0.068519 0.037485 0.124074 0.675490 1654.000000 1080.000000
0 1880 0.158706 0.068056 0.036880 0.123148 0.696680 1654.000000 1080.000000
0 1881 0.157195 0.067130 0.036276 0.123148 0.708960 1654.000000 1080.000000
0 1882 0.155683 0.066667 0.035671 0.124074 0.732100 1654.000000 1080.000000
0 1883 0.154172 0.065741 0.035067 0.124074 0.754800 1654.000000 1080.000000
0 1884 0.152660 0.065278 0.034462 0.123148 0.769430 1654.000000 1080.000000
0 1885 0.151149 0.064352 0.033857 0.123148 0.798900 1654.000000 1080.000000
0 1886 0.149637 0.063426 0.033253 0.123148 0.826760 1654.000000 1080.000000
0 1887 0.148126 0.063426 0.032648 0.123148 0.856720 1654.000000 1080.000000
0 1888 0.146312 0.062037 0.032648 0.122222 0.891730 1654.000000 1080.000000
0 1889 0.144498 0.061574 0.032648 0.121296 0.926170 1654.000000 1080.000000
0 1890 0.142684 0.060648 0.032648 0.119444 0.972310 1654.000000 1080.000000
0 1891 0.140871 0.060185 0.032648 0.118519 1.000000 1654.000000 1080.000000
0 1892 0.139661 0.059259 0.032648 0.116667 1.000000 1654.000000 1080.000000
0 1893 0.137848 0.058796 0.032648 0.115741 1.000000 1654.000000 1080.000000
0 1894 0.136034 0.057870 0.032648 0.113889 1.000000 1654.000000 1080.000000
0 1895 0.134220 0.057407 0.032648 0.112963 1.000000 1654.000000 1080.000000
0 1896 0.132406 0.056481 0.032648 0.111111 0.745450 1654.000000 1080.000000
0 1897 0.131197 0.056019 0.032648 0.110185 0.727270 1654.000000 1080.000000
0 1898 0.129686 0.055556 0.033253 0.109259 1.000000 1654.000000 1080.000000
0 1899 0.128174 0.055093 0.033857 0.108333 1.000000 1654.000000 1080.000000
0 1900 0.126965 0.054630 0.033857 0.107407 1.000000 1654.000000 1080.000000
0 1901 0.125453 0.054167 0.034462 0.106481 1.000000 1654.000000 1080.000000
0 1902 0.123942 0.053704 0.035067 0.105556 1.000000 1654.000000 1080.000000
0 1903 0.122733 0.053241 0.035067 0.104630 1.000000 1654.000000 1080.000000
0 1904 0.121221 0.052778 0.035671 0.103704 1.000000 1654.000000 1080.000000
0 1905 0.119710 0.052315 0.036276 0.102778 1.000000 1654.000000 1080.000000
0 1906 0.118501 0.051852 0.036276 0.101852 1.000000 1654.000000 1080.000000
0 1907 0.116989 0.051389 0.036880 0.100926 1.000000 1654.000000 1080.000000
0 1908 0.115478 0.050926 0.037485 0.100000 1.000000 1654.000000 1080.000000
0 1909 0.114268 0.050463 0.037485 0.099074 1.000000 1654.000000 1080.000000
0 1910 0.112455 0.050000 0.037485 0.098148 1.000000 1654.000000 1080.000000
0 1911 0.111245 0.049537 0.037485 0.097222 1.000000 1654.000000 1080.000000
0 1912 0.110036 0.049074 0.037485 0.096296 1.000000 1654.000000 1080.000000
0 1913 0.108525 0.049074 0.036880 0.096296 1.000000 1654.000000 1080.000000
0 1914 0.107316 0.048611 0.036880 0.095370 1.000000 1654.000000 1080.000000
0 1915 0.106106 0.048148 0.036880 0.094444 1.000000 1654.000000 1080.000000
0 1916 0.104595 0.048148 0.036276 0.094444 1.000000 1654.000000 1080.000000
0 1917 0.103386 0.047685 0.036276 0.093519 1.000000 1654.000000 1080.000000
0 1918 0.102177 0.047222 0.036276 0.092593 1.000000 1654.000000 1080.000000
0 1919 0.100967 0.047222 0.036276 0.092593 1.000000 1654.000000 1080.000000
0 1920 0.099758 0.046296 0.036276 0.090741 1.000000 1654.000000 1080.000000
0 1921 0.098549 0.045370 0.036276 0.088889 1.000000 1654.000000 1080.000000
0 1922 0.097340 0.044444 0.036276 0.087037 1.000000 1654.000000 1080.000000
0 1923 0.096433 0.043519 0.036880 0.085185 1.000000 1654.000000 1080.000000
0 1924 0.095224 0.043056 0.036880 0.084259 1.000000 1654.000000 1080.000000
0 1925 0.094015 0.042130 0.036880 0.082407 1.000000 1654.000000 1080.000000
0 1926 0.093108 0.041204 0.037485 0.080556 1.000000 1654.000000 1080.000000
0 1927 0.091898 0.040278 0.037485 0.078704 1.000000 1654.000000 1080.000000
0 1928 0.090689 0.039352 0.037485 0.076852 1.000000 1654.000000 1080.000000
0 1929 0.090085 0.038889 0.037485 0.075926 1.000000 1654.000000 1080.000000
0 1930 0.088573 0.038426 0.036880 0.075000 1.000000 1654.000000 1080.000000
0 1931 0.087364 0.037963 0.035671 0.074074 1.000000 1654.000000 1080.000000
0 1932 0.085852 0.037500 0.035067 0.073148 1.000000 1654.000000 1080.000000
0 1933 0.084643 0.037037 0.033857 0.072222 1.000000 1654.000000 1080.000000
0 1934 0.083434 0.036574 0.033857 0.071296 1.000000 1654.000000 1080.000000
0 1935 0.082225 0.036111 0.032648 0.070370 1.000000 1654.000000 1080.000000
0 1936 0.080713 0.035648 0.032044 0.069444 1.000000 1654.000000 1080.000000
0 1937 0.079504 0.035185 0.030834 0.068519 1.000000 1654.000000 1080.000000
0 1938 0.077993 0.034722 0.030230 0.067593 1.000000 1654.000000 1080.000000
0 1939 0.077086 0.034722 0.029625 0.067593 1.000000 1654.000000 1080.000000
0 1940 0.076481 0.034259 0.029625 0.066667 1.000000 1654.000000 1080.000000
0 1941 0.075877 0.034259 0.029625 0.066667 1.000000 1654.000000 1080.000000
0 1942 0.075574 0.033796 0.030230 0.065741 1.000000 1654.000000 1080.000000
0 1943 0.074970 0.033796 0.030230 0.065741 1.000000 1654.000000 1080.000000
0 1944 0.074365 0.033333 0.030230 0.064815 1.000000 1654.000000 1080.000000
0 1945 0.074365 0.033333 0.030230 0.064815 1.000000 1654.000000 1080.000000
0 1946 0.073156 0.032407 0.030230 0.062963 0.980390 1654.000000 1080.000000
0 1947 0.071947 0.031481 0.030230 0.061111 0.941180 1654.000000 1080.000000
0 1948 0.070738 0.031019 0.030230 0.060185 0.901960 1654.000000 1080.000000
0 1949 0.069528 0.030093 0.030230 0.058333 0.843140 1654.000000 1080.000000
0 1950 0.068924 0.029167 0.030230 0.056481 0.823530 1654.000000 1080.000000
0 1951 0.067715 0.028704 0.030230 0.055556 0.784310 1654.000000 1080.000000
0 1952 0.066505 0.027778 0.030230 0.053704 0.745100 1654.000000 1080.000000
0 1953 0.065296 0.026852 0.030230 0.051852 0.705880 1654.000000 1080.000000
0 1954 0.064692 0.026389 0.030230 0.050926 0.686270 1654.000000 1080.000000
0 1955 0.064087 0.025463 0.030230 0.049074 0.666670 1654.000000 1080.000000
0 1956 0.063482 0.025000 0.030230 0.048148 0.647060 1654.000000 1080.000000
0 1957 0.062878 0.024074 0.030230 0.046296 0.627450 1654.000000 1080.000000
0 1958 0.062273 0.023611 0.030230 0.045370 0.607840 1654.000000 1080.000000
0 1959 0.061669 0.023148 0.030230 0.044444 0.588240 1654.000000 1080.000000
0 1960 0.061064 0.022222 0.030230 0.042593 0.568630 1654.000000 1080.000000
0 1961 0.060459 0.021759 0.030230 0.041667 0.549020 1654.000000 1080.000000
0 1962 0.060459 0.021296 0.030230 0.040741 0.549020 1654.000000 1080.000000
0 1963 0.058041 0.020370 0.030230 0.038889 0.470590 1654.000000 1080.000000
0 1964 0.056227 0.019907 0.030230 0.037963 0.156860 1654.000000 1080.000000
0 1965 0.054111 0.019444 0.029625 0.037037 0.120000 1654.000000 1080.000000
0 1966 0.051995 0.018981 0.030230 0.036111 0.058824 1654.000000 1080.000000
0 1967 0.049879 0.018519 0.029625 0.035185 0.020000 1654.000000 1080.000000
0 1968 0.048065 0.018056 0.029625 0.034259 0.000000 1654.000000 1080.000000
0 1969 0.045647 0.017593 0.029625 0.033333 0.000000 1654.000000 1080.000000
0 1970 0.043833 0.017130 0.029625 0.032407 0.000000 1654.000000 1080.000000
