0 611 0.062576 0.982407 0.041717 0.035185 1.000000 1654.000000 1080.000000
0 612 0.062273 0.981019 0.043531 0.037963 1.000000 1654.000000 1080.000000
0 613 0.061971 0.979630 0.045345 0.040741 1.000000 1654.000000 1080.000000
0 614 0.061971 0.978704 0.046554 0.044444 0.979590 1654.000000 1080.000000
0 615 0.061669 0.977315 0.048368 0.047222 0.980770 1654.000000 1080.000000
0 616 0.061366 0.975926 0.050181 0.050000 0.981820 1654.000000 1080.000000
0 617 0.061669 0.974537 0.051995 0.052778 0.982760 1654.000000 1080.000000
0 618 0.061064 0.973148 0.051995 0.055556 0.983610 1654.000000 1080.000000
0 619 0.060762 0.971759 0.052600 0.058333 0.984380 1654.000000 1080.000000
0 620 0.060459 0.970370 0.053204 0.061111 0.985070 1654.000000 1080.000000
0 621 0.060459 0.968981 0.053204 0.063889 0.985710 1654.000000 1080.000000
0 622 0.060157 0.967593 0.053809 0.066667 0.986300 1654.000000 1080.000000
0 623 0.059855 0.966667 0.054414 0.068519 0.986670 1654.000000 1080.000000
0 624 0.059553 0.965278 0.055018 0.071296 0.987180 1654.000000 1080.000000
0 625 0.059553 0.963889 0.055018 0.074074 0.987650 1654.000000 1080.000000
0 626 0.059250 0.962500 0.055623 0.076852 0.988100 1654.000000 1080.000000
0 627 0.058948 0.961111 0.056227 0.079630 0.988510 1654.000000 1080.000000
0 628 0.058948 0.960185 0.056227 0.081481 0.988760 1654.000000 1080.000000
0 629 0.058646 0.958796 0.056832 0.084259 0.989130 1654.000000 1080.000000
0 630 0.058646 0.957407 0.056832 0.087037 0.989470 1654.000000 1080.000000
0 631 0.058646 0.956019 0.056832 0.089815 0.989800 1654.000000 1080.000000
0 632 0.058646 0.955093 0.056832 0.091667 0.990000 1654.000000 1080.000000
0 633 0.058646 0.953704 0.056832 0.094444 0.990290 1654.000000 1080.000000
0 634 0.058646 0.952315 0.056832 0.097222 0.990570 1654.000000 1080.000000
0 635 0.058646 0.950926 0.056832 0.100000 0.990830 1654.000000 1080.000000
0 636 0.058646 0.950000 0.056832 0.101852 0.990990 1654.000000 1080.000000
0 637 0.058646 0.948611 0.056832 0.104630 0.991230 1654.000000 1080.000000
0 638 0.058646 0.947222 0.056832 0.107407 0.991450 1654.000000 1080.000000
0 639 0.058646 0.945833 0.056832 0.110185 0.991670 1654.000000 1080.000000
0 640 0.058646 0.944907 0.056832 0.112037 0.991800 1654.000000 1080.000000
0 641 0.058646 0.943056 0.056832 0.113889 1.000000 1654.000000 1080.000000
0 642 0.058646 0.941667 0.056832 0.116667 1.000000 1654.000000 1080.000000
0 643 0.058646 0.940278 0.056832 0.119444 1.000000 1654.000000 1080.000000
0 644 0.058646 0.938889 0.056832 0.122222 1.000000 1654.000000 1080.000000
0 645 0.058646 0.937500 0.056832 0.125000 1.000000 1654.000000 1080.000000
0 646 0.058948 0.936111 0.056227 0.127778 1.000000 1654.000000 1080.000000
0 647 0.058948 0.934722 0.056227 0.130556 1.000000 1654.000000 1080.000000
0 648 0.058948 0.933333 0.056227 0.133333 1.000000 1654.000000 1080.000000
0 649 0.058948 0.931944 0.056227 0.136111 1.000000 1654.000000 1080.000000
0 650 0.058948 0.930556 0.056227 0.138889 1.000000 1654.000000 1080.000000
0 651 0.059250 0.929167 0.055623 0.141667 1.000000 1654.000000 1080.000000
0 652 0.059250 0.927778 0.055623 0.144444 1.000000 1654.000000 1080.000000
0 653 0.059250 0.926389 0.055623 0.147222 1.000000 1654.000000 1080.000000
0 654 0.059250 0.925000 0.055623 0.150000 1.000000 1654.000000 1080.000000
0 655 0.059250 0.923611 0.055623 0.152778 1.000000 1654.000000 1080.000000
0 656 0.059855 0.922685 0.055623 0.154630 1.000000 1654.000000 1080.000000
0 657 0.059553 0.921759 0.056227 0.156481 1.000000 1654.000000 1080.000000
0 658 0.059855 0.920833 0.056832 0.158333 1.000000 1654.000000 1080.000000
0 659 0.059855 0.920370 0.058041 0.159259 1.000000 1654.000000 1080.000000
0 660 0.060157 0.919444 0.058646 0.161111 1.000000 1654.000000 1080.000000
0 661 0.060459 0.918981 0.059250 0.162037 1.000000 1654.000000 1080.000000
0 662 0.060157 0.918056 0.059855 0.163889 1.000000 1654.000000 1080.000000
0 663 0.060459 0.917130 0.060459 0.165741 0.982180 1654.000000 1080.000000
0 664 0.060459 0.916667 0.061669 0.166667 0.968140 1654.000000 1080.000000
0 665 0.060762 0.915741 0.062273 0.168519 0.955440 1654.000000 1080.000000
0 666 0.061064 0.915741 0.062878 0.170370 0.934570 1654.000000 1080.000000
0 667 0.060459 0.913426 0.062878 0.171296 0.934720 1654.000000 1080.000000
0 668 0.060459 0.911574 0.062878 0.171296 0.928730 1654.000000 1080.000000
0 669 0.060459 0.909722 0.062878 0.171296 0.923960 1654.000000 1080.000000
0 670 0.059855 0.907407 0.062878 0.172222 0.922990 1654.000000 1080.000000
0 671 0.059855 0.905556 0.062878 0.172222 0.920550 1654.000000 1080.000000
0 672 0.059855 0.903704 0.062878 0.172222 0.919330 1654.000000 1080.000000
0 673 0.059250 0.901852 0.062878 0.174074 0.919480 1654.000000 1080.000000
0 674 0.059250 0.900000 0.062878 0.174074 0.920330 1654.000000 1080.000000
0 675 0.059250 0.898148 0.062878 0.174074 0.922400 1654.000000 1080.000000
0 676 0.058646 0.895833 0.062878 0.175000 0.906270 1654.000000 1080.000000
0 677 0.058646 0.893981 0.062878 0.175000 0.910530 1654.000000 1080.000000
0 678 0.058646 0.892130 0.062878 0.175000 0.936840 1654.000000 1080.000000
0 679 0.058646 0.890741 0.062878 0.175926 0.943460 1654.000000 1080.000000
0 680 0.058041 0.887963 0.062878 0.175926 0.956020 1654.000000 1080.000000
0 681 0.057437 0.885648 0.062878 0.175000 0.968420 1654.000000 1080.000000
0 682 0.057437 0.883333 0.062878 0.175926 0.978010 1654.000000 1080.000000
0 683 0.056832 0.881019 0.062878 0.175000 0.990530 1654.000000 1080.000000
0 684 0.056832 0.879167 0.062878 0.175000 1.000000 1654.000000 1080.000000
0 685 0.056227 0.876389 0.062878 0.175000 1.000000 1654.000000 1080.000000
0 686 0.056227 0.874074 0.062878 0.174074 1.000000 1654.000000 1080.000000
0 687 0.055623 0.871759 0.062878 0.175000 1.000000 1654.000000 1080.000000
0 688 0.055623 0.869444 0.062878 0.174074 1.000000 1654.000000 1080.000000
0 689 0.055018 0.867593 0.062878 0.174074 1.000000 1654.000000 1080.000000
0 690 0.055018 0.864815 0.062878 0.174074 1.000000 1654.000000 1080.000000
0 691 0.054414 0.862500 0.062878 0.173148 1.000000 1654.000000 1080.000000
0 692 0.054414 0.860185 0.062878 0.174074 1.000000 1654.000000 1080.000000
0 693 0.053809 0.857870 0.062878 0.173148 1.000000 1654.000000 1080.000000
0 694 0.053809 0.856019 0.062878 0.173148 1.000000 1654.000000 1080.000000
0 695 0.053809 0.853241 0.062878 0.173148 1.000000 1654.000000 1080.000000
0 696 0.053809 0.850463 0.062878 0.173148 1.000000 1654.000000 1080.000000
0 697 0.053809 0.847685 0.062878 0.173148 0.906790 1654.000000 1080.000000
0 698 0.053809 0.845833 0.062878 0.173148 0.954660 1654.000000 1080.000000
0 699 0.053809 0.843056 0.062878 0.173148 1.000000 1654.000000 1080.000000
0 700 0.053809 0.840278 0.062878 0.173148 1.000000 1654.000000 1080.000000
0 701 0.053809 0.837500 0.062878 0.173148 1.000000 1654.000000 1080.000000
0 702 0.053809 0.835648 0.062878 0.173148 1.000000 1654.000000 1080.000000
0 703 0.053809 0.832870 0.062878 0.173148 1.000000 1654.000000 1080.000000
0 704 0.053809 0.830093 0.062878 0.173148 1.000000 1654.000000 1080.000000
0 705 0.053809 0.828241 0.062878 0.173148 1.000000 1654.000000 1080.000000
0 706 0.053809 0.825463 0.062878 0.173148 1.000000 1654.000000 1080.000000
0 707 0.054111 0.823148 0.063482 0.172222 1.000000 1654.000000 1080.000000
0 708 0.054111 0.820833 0.063482 0.171296 1.000000 1654.000000 1080.000000
0 709 0.054716 0.818519 0.063482 0.170370 1.000000 1654.000000 1080.000000
0 710 0.054716 0.816667 0.063482 0.170370 1.000000 1654.000000 1080.000000
0 711 0.055018 0.814352 0.064087 0.169444 1.000000 1654.000000 1080.000000
0 712 0.055623 0.812037 0.064087 0.168519 1.000000 1654.000000 1080.000000
0 713 0.055623 0.809259 0.064087 0.168519 1.000000 1654.000000 1080.000000
0 714 0.055925 0.806944 0.064692 0.167593 0.697800 1654.000000 1080.000000
0 715 0.055925 0.805093 0.064692 0.167593 1.000000 1654.000000 1080.000000
0 716 0.056530 0.802778 0.064692 0.166667 0.696130 1654.000000 1080.000000
0 717 0.056530 0.800463 0.064692 0.165741 0.694440 1654.000000 1080.000000
0 718 0.056832 0.798148 0.065296 0.164815 0.689000 1654.000000 1080.000000
0 719 0.057437 0.796296 0.065296 0.164815 0.695560 1654.000000 1080.000000
0 720 0.057739 0.792593 0.064692 0.164815 0.696460 1654.000000 1080.000000
0 721 0.058646 0.789815 0.064087 0.164815 0.703960 1654.000000 1080.000000
0 722 0.059553 0.787037 0.063482 0.164815 0.718250 1654.000000 1080.000000
0 723 0.060157 0.784259 0.063482 0.164815 0.726780 1654.000000 1080.000000
0 724 0.060762 0.781481 0.062273 0.164815 0.738930 1654.000000 1080.000000
0 725 0.061669 0.778704 0.061669 0.164815 0.755490 1654.000000 1080.000000
0 726 0.062273 0.775463 0.061669 0.165741 0.765530 1654.000000 1080.000000
0 727 0.063180 0.772685 0.061064 0.165741 0.780770 1654.000000 1080.000000
0 728 0.063785 0.769907 0.059855 0.165741 0.795560 1654.000000 1080.000000
0 729 0.064389 0.767130 0.059855 0.165741 0.804440 1654.000000 1080.000000
0 730 0.065296 0.764352 0.059250 0.165741 0.820430 1654.000000 1080.000000
0 731 0.066203 0.761574 0.058646 0.165741 0.837760 1654.000000 1080.000000
0 732 0.066505 0.758796 0.059250 0.165741 0.839390 1654.000000 1080.000000
0 733 0.066808 0.756019 0.059855 0.165741 0.841000 1654.000000 1080.000000
0 734 0.067412 0.754167 0.059855 0.165741 0.849830 1654.000000 1080.000000
0 735 0.067715 0.751389 0.060459 0.165741 0.851320 1654.000000 1080.000000
0 736 0.068319 0.749074 0.060459 0.164815 0.859280 1654.000000 1080.000000
0 737 0.068924 0.746759 0.061669 0.165741 0.862780 1654.000000 1080.000000
0 738 0.069226 0.743981 0.062273 0.165741 0.864100 1654.000000 1080.000000
0 739 0.069831 0.741667 0.062273 0.164815 0.871880 1654.000000 1080.000000
0 740 0.070133 0.739352 0.062878 0.165741 0.865400 1654.000000 1080.000000
0 741 0.070738 0.737037 0.062878 0.164815 0.873100 1654.000000 1080.000000
0 742 0.071040 0.734259 0.063482 0.164815 0.866770 1654.000000 1080.000000
0 743 0.071947 0.732407 0.064087 0.164815 0.875480 1654.000000 1080.000000
0 744 0.071947 0.729630 0.064087 0.164815 0.867170 1654.000000 1080.000000
0 745 0.072249 0.727315 0.063482 0.163889 0.874390 1654.000000 1080.000000
0 746 0.072551 0.725000 0.062878 0.164815 0.873100 1654.000000 1080.000000
0 747 0.072854 0.722685 0.063482 0.163889 0.874390 1654.000000 1080.000000
0 748 0.073156 0.719907 0.062878 0.163889 0.873190 1654.000000 1080.000000
0 749 0.073458 0.718056 0.062273 0.163889 0.879750 1654.000000 1080.000000
0 750 0.073761 0.715278 0.062878 0.163889 0.873190 1654.000000 1080.000000
0 751 0.074063 0.713426 0.062273 0.163889 0.879750 1654.000000 1080.000000
0 752 0.074365 0.710648 0.061669 0.163889 0.879350 1654.000000 1080.000000
0 753 0.074667 0.708333 0.062273 0.162963 0.879830 1654.000000 1080.000000
0 754 0.074970 0.706019 0.061669 0.163889 0.887970 1654.000000 1080.000000
0 755 0.075272 0.703704 0.061064 0.162963 0.886950 1654.000000 1080.000000
0 756 0.075574 0.700926 0.061669 0.162963 0.888050 1654.000000 1080.000000
0 757 0.075877 0.699074 0.061064 0.162963 0.886950 1654.000000 1080.000000
0 758 0.076179 0.696296 0.060459 0.162963 0.895280 1654.000000 1080.000000
0 759 0.076784 0.694444 0.060459 0.162963 0.903400 1654.000000 1080.000000
0 760 0.076784 0.691204 0.060459 0.162037 0.895360 1654.000000 1080.000000
0 761 0.077388 0.688889 0.060459 0.161111 0.904160 1654.000000 1080.000000
0 762 0.077993 0.686574 0.060459 0.160185 0.904230 1654.000000 1080.000000
0 763 0.077993 0.684259 0.060459 0.159259 0.903680 1654.000000 1080.000000
0 764 0.078597 0.681481 0.060459 0.159259 0.913010 1654.000000 1080.000000
0 765 0.079202 0.679167 0.060459 0.158333 0.913080 1654.000000 1080.000000
0 766 0.079202 0.676852 0.060459 0.157407 0.912570 1654.000000 1080.000000
0 767 0.079807 0.674537 0.060459 0.156481 0.912640 1654.000000 1080.000000
0 768 0.080411 0.671759 0.060459 0.156481 0.921900 1654.000000 1080.000000
0 769 0.080411 0.669444 0.060459 0.155556 0.913290 1654.000000 1080.000000
0 770 0.081016 0.667130 0.060459 0.154630 0.921500 1654.000000 1080.000000
0 771 0.081620 0.664815 0.060459 0.153704 0.921560 1654.000000 1080.000000
0 772 0.081620 0.662500 0.060459 0.154630 0.913370 1654.000000 1080.000000
0 773 0.082225 0.660648 0.060459 0.154630 0.921500 1654.000000 1080.000000
0 774 0.082225 0.658333 0.060459 0.155556 0.913290 1654.000000 1080.000000
0 775 0.082830 0.656481 0.060459 0.155556 0.913290 1654.000000 1080.000000
0 776 0.082830 0.654630 0.060459 0.155556 0.904620 1654.000000 1080.000000
0 777 0.083434 0.652315 0.060459 0.156481 0.913220 1654.000000 1080.000000
0 778 0.083434 0.650463 0.060459 0.156481 0.904540 1654.000000 1080.000000
0 779 0.084039 0.648611 0.060459 0.156481 0.904540 1654.000000 1080.000000
0 780 0.084039 0.646296 0.060459 0.157407 0.904460 1654.000000 1080.000000
0 781 0.084643 0.644444 0.060459 0.157407 0.904460 1654.000000 1080.000000
0 782 0.084643 0.642130 0.060459 0.158333 0.896380 1654.000000 1080.000000
0 783 0.085248 0.640278 0.060459 0.158333 0.896380 1654.000000 1080.000000
0 784 0.085248 0.638426 0.060459 0.158333 0.895690 1654.000000 1080.000000
0 785 0.085852 0.636111 0.060459 0.159259 0.896300 1654.000000 1080.000000
0 786 0.085852 0.634259 0.060459 0.159259 0.887660 1654.000000 1080.000000
0 787 0.086457 0.632407 0.060459 0.159259 0.887660 1654.000000 1080.000000
0 788 0.086457 0.629630 0.060459 0.159259 0.887660 1654.000000 1080.000000
0 789 0.086759 0.627778 0.059855 0.159259 0.886530 1654.000000 1080.000000
0 790 0.086759 0.625926 0.059855 0.159259 0.876990 1654.000000 1080.000000
0 791 0.087364 0.624074 0.059855 0.159259 0.876990 1654.000000 1080.000000
0 792 0.087364 0.622222 0.059855 0.159259 0.867340 1654.000000 1080.000000
0 793 0.087666 0.620370 0.059250 0.159259 0.874930 1654.000000 1080.000000
0 794 0.087666 0.618519 0.059250 0.159259 0.865130 1654.000000 1080.000000
0 795 0.088271 0.616667 0.059250 0.159259 0.865130 1654.000000 1080.000000
0 796 0.088271 0.614815 0.059250 0.159259 0.855200 1654.000000 1080.000000
0 797 0.088573 0.612963 0.058646 0.159259 0.853720 1654.000000 1080.000000
0 798 0.088573 0.611111 0.058646 0.159259 0.852780 1654.000000 1080.000000
0 799 0.089178 0.609259 0.058646 0.159259 0.852780 1654.000000 1080.000000
0 800 0.089178 0.607407 0.058646 0.159259 1.000000 1654.000000 1080.000000
0 801 0.089480 0.605556 0.058041 0.159259 1.000000 1654.000000 1080.000000
0 802 0.089480 0.603704 0.058041 0.159259 1.000000 1654.000000 1080.000000
0 803 0.090085 0.601852 0.058041 0.159259 1.000000 1654.000000 1080.000000
0 804 0.090085 0.599537 0.058041 0.158333 1.000000 1654.000000 1080.000000
0 805 0.090689 0.597222 0.058041 0.157407 1.000000 1654.000000 1080.000000
0 806 0.091294 0.595370 0.058041 0.157407 0.822450 1654.000000 1080.000000
0 807 0.091898 0.593056 0.058041 0.156481 0.822560 1654.000000 1080.000000
0 808 0.092503 0.591204 0.058041 0.156481 0.823710 1654.000000 1080.000000
0 809 0.093108 0.588889 0.058041 0.155556 0.814550 1654.000000 1080.000000
0 810 0.093712 0.587037 0.058041 0.155556 0.815780 1654.000000 1080.000000
0 811 0.093712 0.584722 0.058041 0.154630 0.806700 1654.000000 1080.000000
0 812 0.094317 0.582407 0.058041 0.153704 0.806840 1654.000000 1080.000000
0 813 0.094921 0.580556 0.058041 0.153704 0.808140 1654.000000 1080.000000
0 814 0.095526 0.578241 0.058041 0.152778 0.808280 1654.000000 1080.000000
0 815 0.096131 0.576389 0.058041 0.152778 0.800520 1654.000000 1080.000000
0 816 0.096735 0.574074 0.058041 0.151852 0.800690 1654.000000 1080.000000
0 817 0.097340 0.572685 0.058041 0.150926 0.800850 1654.000000 1080.000000
0 818 0.097944 0.570833 0.058041 0.150926 0.800850 1654.000000 1080.000000
0 819 0.098549 0.569444 0.058041 0.150000 0.799630 1654.000000 1080.000000
0 820 0.099154 0.568519 0.058041 0.150000 0.799630 1654.000000 1080.000000
0 821 0.099758 0.566667 0.058041 0.150000 0.790530 1654.000000 1080.000000
0 822 0.100363 0.565278 0.058041 0.149074 0.790700 1654.000000 1080.000000
0 823 0.100967 0.564352 0.058041 0.149074 0.789230 1654.000000 1080.000000
0 824 0.101572 0.562500 0.058041 0.149074 0.790700 1654.000000 1080.000000
0 825 0.102177 0.561574 0.058041 0.149074 0.789230 1654.000000 1080.000000
0 826 0.102781 0.560185 0.058041 0.148148 0.780240 1654.000000 1080.000000
0 827 0.103386 0.558333 0.058041 0.148148 0.780240 1654.000000 1080.000000
0 828 0.103990 0.557407 0.058041 0.148148 0.780240 1654.000000 1080.000000
0 829 0.104595 0.556019 0.058041 0.147222 0.771260 1654.000000 1080.000000
0 830 0.105200 0.554167 0.058041 0.147222 0.772870 1654.000000 1080.000000
0 831 0.105804 0.553241 0.058041 0.147222 0.763790 1654.000000 1080.000000
0 832 0.106409 0.551852 0.058041 0.146296 0.763990 1654.000000 1080.000000
0 833 0.107013 0.550926 0.058041 0.146296 0.762300 1654.000000 1080.000000
0 834 0.107618 0.549074 0.058041 0.146296 0.754910 1654.000000 1080.000000
0 835 0.108222 0.547222 0.058041 0.146296 0.756660 1654.000000 1080.000000
0 836 0.109432 0.545370 0.058041 0.146296 0.665630 1654.000000 1080.000000
0 837 0.110036 0.543519 0.058041 0.146296 0.657070 1654.000000 1080.000000
0 838 0.111245 0.542593 0.058041 0.146296 0.636450 1654.000000 1080.000000
0 839 0.111850 0.540741 0.058041 0.146296 0.626990 1654.000000 1080.000000
0 840 0.112455 0.538889 0.058041 0.146296 0.621220 1654.000000 1080.000000
0 841 0.113664 0.537037 0.058041 0.146296 0.595020 1654.000000 1080.000000
0 842 0.114268 0.536111 0.058041 0.146296 0.586270 1654.000000 1080.000000
0 843 0.115478 0.534259 0.058041 0.146296 0.561170 1654.000000 1080.000000
0 844 0.116082 0.532407 0.058041 0.146296 0.556050 1654.000000 1080.000000
0 845 0.116687 0.530556 0.058041 0.146296 0.544120 1654.000000 1080.000000
0 846 0.117896 0.529630 0.058041 0.146296 0.517600 1654.000000 1080.000000
0 847 0.118501 0.527778 0.058041 0.146296 0.505090 1654.000000 1080.000000
0 848 0.119710 0.525926 0.058041 0.146296 0.492320 1654.000000 1080.000000
0 849 0.120314 0.524074 0.058041 0.146296 0.471700 1654.000000 1080.000000
0 850 0.121524 0.523148 0.058041 0.146296 0.458080 1654.000000 1080.000000
0 851 0.121524 0.521296 0.058041 0.146296 0.439020 1654.000000 1080.000000
0 852 0.121826 0.520370 0.057437 0.146296 0.427020 1654.000000 1080.000000
0 853 0.122128 0.519444 0.056832 0.146296 0.414760 1654.000000 1080.000000
0 854 0.122733 0.518519 0.056832 0.146296 0.391190 1654.000000 1080.000000
0 855 0.123035 0.517130 0.056227 0.145370 0.381900 1654.000000 1080.000000
0 856 0.123035 0.515741 0.056227 0.146296 0.371200 1654.000000 1080.000000
0 857 0.123640 0.514815 0.056227 0.146296 0.348250 1654.000000 1080.000000
0 858 0.123942 0.513889 0.055623 0.146296 0.335230 1654.000000 1080.000000
0 859 0.124244 0.512500 0.055018 0.145370 0.325670 1654.000000 1080.000000
0 860 0.124849 0.511574 0.055018 0.145370 0.302970 1654.000000 1080.000000
0 861 0.124849 0.510185 0.055018 0.146296 0.295600 1654.000000 1080.000000
0 862 0.125151 0.509259 0.054414 0.146296 0.287790 1654.000000 1080.000000
0 863 0.125756 0.507870 0.054414 0.145370 0.270270 1654.000000 1080.000000
0 864 0.126058 0.506944 0.053809 0.145370 0.259350 1654.000000 1080.000000
0 865 0.126360 0.506019 0.053204 0.145370 0.256010 1654.000000 1080.000000
0 866 0.126663 0.504630 0.053809 0.146296 0.264850 1654.000000 1080.000000
0 867 0.126965 0.503241 0.053204 0.145370 0.270160 1654.000000 1080.000000
0 868 0.127267 0.502315 0.052600 0.145370 0.273300 1654.000000 1080.000000
0 869 0.127872 0.501389 0.052600 0.145370 0.276900 1654.000000 1080.000000
0 870 0.128174 0.500463 0.051995 0.145370 0.279140 1654.000000 1080.000000
0 871 0.128174 0.498611 0.051995 0.145370 0.284230 1654.000000 1080.000000
0 872 0.128779 0.497685 0.051995 0.145370 0.286770 1654.000000 1080.000000
0 873 0.129081 0.496759 0.051391 0.145370 0.287610 1654.000000 1080.000000
0 874 0.129383 0.495833 0.050786 0.145370 0.247650 1654.000000 1080.000000
0 875 0.129988 0.494907 0.050786 0.145370 0.251750 1654.000000 1080.000000
0 876 0.129988 0.493056 0.050786 0.145370 0.255550 1654.000000 1080.000000
0 877 0.130593 0.492130 0.050786 0.145370 0.256220 1654.000000 1080.000000
0 878 0.131197 0.491204 0.050786 0.145370 0.260310 1654.000000 1080.000000
0 879 0.131802 0.490278 0.050786 0.145370 0.265820 1654.000000 1080.000000
0 880 0.131802 0.489352 0.050786 0.145370 0.206850 1654.000000 1080.000000
0 881 0.132406 0.487963 0.050786 0.146296 0.209470 1654.000000 1080.000000
0 882 0.133011 0.486574 0.050786 0.145370 0.208940 1654.000000 1080.000000
0 883 0.133615 0.485648 0.050786 0.145370 0.210650 1654.000000 1080.000000
0 884 0.133615 0.484722 0.050786 0.145370 0.206250 1654.000000 1080.000000
0 885 0.134220 0.483796 0.050786 0.145370 0.203800 1654.000000 1080.000000
0 886 0.134825 0.482407 0.050786 0.146296 0.206880 1654.000000 1080.000000
0 887 0.135429 0.481481 0.050786 0.146296 0.207770 1654.000000 1080.000000
0 888 0.136034 0.480556 0.050786 0.146296 0.205250 1654.000000 1080.000000
0 889 0.136034 0.479167 0.050786 0.145370 0.204840 1654.000000 1080.000000
0 890 0.136638 0.478241 0.050786 0.145370 0.201410 1654.000000 1080.000000
0 891 0.137243 0.476852 0.050786 0.146296 0.205920 1654.000000 1080.000000
0 892 0.137848 0.475926 0.050786 0.146296 0.202150 1654.000000 1080.000000
0 893 0.137848 0.475000 0.050786 0.146296 0.205700 1654.000000 1080.000000
0 894 0.138452 0.474074 0.050786 0.146296 0.206070 1654.000000 1080.000000
0 895 0.139057 0.472685 0.050786 0.145370 0.207890 1654.000000 1080.000000
0 896 0.139661 0.471296 0.050786 0.146296 0.213240 1654.000000 1080.000000
0 897 0.139661 0.470370 0.050786 0.146296 0.214870 1654.000000 1080.000000
0 898 0.140266 0.469444 0.050786 0.146296 0.215240 1654.000000 1080.000000
0 899 0.140871 0.468519 0.050786 0.146296 0.215320 1654.000000 1080.000000
0 900 0.141475 0.467593 0.050786 0.146296 0.215540 1654.000000 1080.000000
0 901 0.142080 0.466667 0.050786 0.146296 0.217910 1654.000000 1080.000000
0 902 0.141778 0.465278 0.050181 0.145370 0.220840 1654.000000 1080.000000
0 903 0.142080 0.463889 0.049577 0.144444 0.207810 1654.000000 1080.000000
0 904 0.142382 0.462500 0.048972 0.143519 0.210600 1654.000000 1080.000000
0 905 0.142684 0.461111 0.048368 0.142593 0.213460 1654.000000 1080.000000
0 906 0.142684 0.460185 0.048368 0.140741 0.211890 1654.000000 1080.000000
0 907 0.142987 0.459259 0.047763 0.140741 0.213480 1654.000000 1080.000000
0 908 0.143289 0.457870 0.047158 0.139815 0.216520 1654.000000 1080.000000
0 909 0.143591 0.456481 0.046554 0.138889 0.223980 1654.000000 1080.000000
0 910 0.143894 0.455556 0.045949 0.137037 0.221040 1654.000000 1080.000000
0 911 0.143894 0.454167 0.045949 0.136111 0.224900 1654.000000 1080.000000
0 912 0.144196 0.452778 0.045345 0.135185 0.228250 1654.000000 1080.000000
0 913 0.144498 0.451852 0.044740 0.135185 0.230110 1654.000000 1080.000000
0 914 0.144800 0.450463 0.044135 0.134259 0.232880 1654.000000 1080.000000
0 915 0.144800 0.449537 0.044135 0.132407 0.231790 1654.000000 1080.000000
0 916 0.145103 0.448148 0.043531 0.131481 0.239870 1654.000000 1080.000000
0 917 0.145405 0.446759 0.042926 0.130556 0.239440 1654.000000 1080.000000
0 918 0.145707 0.445370 0.042322 0.129630 0.243430 1654.000000 1080.000000
0 919 0.146010 0.444907 0.041717 0.128704 0.235000 1654.000000 1080.000000
0 920 0.146614 0.443056 0.041717 0.128704 0.242760 1654.000000 1080.000000
0 921 0.147219 0.441204 0.041717 0.128704 0.244900 1654.000000 1080.000000
0 922 0.148126 0.439352 0.042322 0.128704 0.249900 1654.000000 1080.000000
0 923 0.148730 0.437500 0.042322 0.128704 0.249500 1654.000000 1080.000000
0 924 0.149637 0.435648 0.042926 0.128704 0.255560 1654.000000 1080.000000
0 925 0.150242 0.433796 0.042926 0.128704 0.257940 1654.000000 1080.000000
0 926 0.151149 0.431944 0.043531 0.128704 0.264870 1654.000000 1080.000000
0 927 0.151753 0.430093 0.043531 0.128704 0.270740 1654.000000 1080.000000
0 928 0.152660 0.428241 0.044135 0.128704 0.273460 1654.000000 1080.000000
0 929 0.153567 0.426389 0.043531 0.128704 0.281700 1654.000000 1080.000000
0 930 0.154172 0.424537 0.043531 0.128704 0.286010 1654.000000 1080.000000
0 931 0.155079 0.422685 0.044135 0.128704 0.294690 1654.000000 1080.000000
0 932 0.155683 0.420833 0.044135 0.128704 0.299810 1654.000000 1080.000000
0 933 0.156590 0.418981 0.044740 0.128704 0.309240 1654.000000 1080.000000
0 934 0.157195 0.417130 0.044740 0.128704 0.315140 1654.000000 1080.000000
0 935 0.158102 0.415278 0.045345 0.128704 0.325280 1654.000000 1080.000000
0 936 0.158706 0.413426 0.045345 0.128704 0.328570 1654.000000 1080.000000
0 937 0.159613 0.411574 0.045949 0.128704 0.337110 1654.000000 1080.000000
0 938 0.160218 0.409722 0.045949 0.128704 0.345450 1654.000000 1080.000000
0 939 0.161427 0.408796 0.045949 0.128704 0.341280 1654.000000 1080.000000
0 940 0.162031 0.406944 0.045949 0.128704 0.344060 1654.000000 1080.000000
0 941 0.162636 0.406019 0.045949 0.128704 0.339700 1654.000000 1080.000000
0 942 0.163241 0.405093 0.045949 0.128704 0.341090 1654.000000 1080.000000
0 943 0.164450 0.403241 0.045949 0.128704 0.343880 1654.000000 1080.000000
0 944 0.165054 0.402315 0.045949 0.128704 0.339520 1654.000000 1080.000000
0 945 0.165659 0.401389 0.045949 0.128704 0.333770 1654.000000 1080.000000
0 946 0.166264 0.400463 0.045949 0.128704 0.335160 1654.000000 1080.000000
0 947 0.167473 0.398611 0.045949 0.128704 0.339520 1654.000000 1080.000000
0 948 0.168077 0.397685 0.045949 0.128704 0.332190 1654.000000 1080.000000
0 949 0.168682 0.396759 0.045949 0.128704 0.327830 1654.000000 1080.000000
0 950 0.169891 0.395833 0.045949 0.128704 0.331170 1654.000000 1080.000000
0 951 0.170496 0.393981 0.045949 0.128704 0.334140 1654.000000 1080.000000
0 952 0.171100 0.393056 0.045949 0.128704 0.328480 1654.000000 1080.000000
0 953 0.171705 0.392130 0.045949 0.128704 0.321890 1654.000000 1080.000000
0 954 0.172914 0.390278 0.045949 0.128704 0.332930 1654.000000 1080.000000
0 955 0.173519 0.389352 0.045949 0.128704 0.328760 1654.000000 1080.000000
0 956 0.174123 0.388426 0.045949 0.128704 0.324770 1654.000000 1080.000000
0 957 0.174728 0.387500 0.045949 0.128704 0.322260 1654.000000 1080.000000
0 958 0.175937 0.385648 0.045949 0.128704 0.334230 1654.000000 1080.000000
0 959 0.176542 0.384722 0.045949 0.128704 0.331730 1654.000000 1080.000000
0 960 0.177146 0.383796 0.045949 0.128704 0.328290 1654.000000 1080.000000
0 961 0.178356 0.382870 0.045949 0.128704 0.330430 1654.000000 1080.000000
0 962 0.178960 0.381481 0.045949 0.129630 0.334810 1654.000000 1080.000000
0 963 0.179565 0.380556 0.045949 0.129630 0.336100 1654.000000 1080.000000
0 964 0.180169 0.379167 0.045949 0.130556 0.337940 1654.000000 1080.000000
0 965 0.180774 0.378241 0.045949 0.130556 0.344060 1654.000000 1080.000000
0 966 0.181378 0.377315 0.045949 0.130556 0.341960 1654.000000 1080.000000
0 967 0.182285 0.375926 0.046554 0.131481 0.349020 1654.000000 1080.000000
0 968 0.182890 0.375000 0.046554 0.131481 0.357990 1654.000000 1080.000000
0 969 0.183495 0.374074 0.046554 0.131481 0.356280 1654.000000 1080.000000
0 970 0.184099 0.372685 0.046554 0.132407 0.362540 1654.000000 1080.000000
0 971 0.184704 0.371759 0.046554 0.132407 0.365300 1654.000000 1080.000000
0 972 0.185611 0.370370 0.047158 0.133333 0.372760 1654.000000 1080.000000
0 973 0.186215 0.369444 0.047158 0.133333 0.381060 1654.000000 1080.000000
0 974 0.186820 0.368519 0.047158 0.133333 0.376170 1654.000000 1080.000000
0 975 0.187424 0.367130 0.047158 0.134259 0.377580 1654.000000 1080.000000
0 976 0.188029 0.366204 0.047158 0.134259 0.386250 1654.000000 1080.000000
0 977 0.189238 0.365741 0.047158 0.135185 0.387760 1654.000000 1080.000000
0 978 0.189541 0.364815 0.046554 0.137037 0.386680 1654.000000 1080.000000
0 979 0.189843 0.364352 0.045949 0.137963 0.381650 1654.000000 1080.000000
0 980 0.190145 0.363889 0.045345 0.138889 0.376260 1654.000000 1080.000000
0 981 0.190447 0.363426 0.044740 0.139815 0.370700 1654.000000 1080.000000
0 982 0.190750 0.362963 0.044135 0.140741 0.360270 1654.000000 1080.000000
0 983 0.191052 0.362500 0.043531 0.141667 0.354300 1654.000000 1080.000000
0 984 0.191354 0.362037 0.042926 0.142593 0.355910 1654.000000 1080.000000
0 985 0.191657 0.361574 0.042322 0.143519 0.344980 1654.000000 1080.000000
0 986 0.191657 0.359722 0.042322 0.143519 0.344980 1654.000000 1080.000000
0 987 0.192261 0.357870 0.042322 0.143519 0.353020 1654.000000 1080.000000
0 988 0.192261 0.356019 0.042322 0.143519 0.352740 1654.000000 1080.000000
0 989 0.192866 0.354167 0.042322 0.143519 0.364300 1654.000000 1080.000000
0 990 0.192866 0.353241 0.042322 0.143519 0.358880 1654.000000 1080.000000
0 991 0.193470 0.351389 0.042322 0.143519 0.366830 1654.000000 1080.000000
0 992 0.193470 0.349537 0.042322 0.143519 0.360960 1654.000000 1080.000000
0 993 0.194075 0.347685 0.042322 0.143519 0.368820 1654.000000 1080.000000
0 994 0.194075 0.345833 0.042322 0.143519 0.376670 1654.000000 1080.000000
0 995 0.194680 0.344907 0.042322 0.143519 0.373150 1654.000000 1080.000000
0 996 0.195284 0.343981 0.042322 0.143519 0.376040 1654.000000 1080.000000
0 997 0.195889 0.343056 0.042322 0.143519 0.377480 1654.000000 1080.000000
0 998 0.196493 0.342130 0.042322 0.143519 0.379290 1654.000000 1080.000000
0 999 0.197098 0.341204 0.042322 0.143519 0.385970 1654.000000 1080.000000
0 1000 0.197703 0.340278 0.042322 0.143519 0.397800 1654.000000 1080.000000
0 1001 0.198307 0.339352 0.042322 0.143519 0.409800 1654.000000 1080.000000
0 1002 0.198912 0.338426 0.042322 0.143519 0.412780 1654.000000 1080.000000
0 1003 0.200121 0.338426 0.042322 0.143519 0.392740 1654.000000 1080.000000
0 1004 0.200726 0.337500 0.042322 0.143519 0.396080 1654.000000 1080.000000
0 1005 0.201330 0.336574 0.042322 0.143519 0.399600 1654.000000 1080.000000
0 1006 0.201935 0.335648 0.042322 0.143519 0.403300 1654.000000 1080.000000
0 1007 0.202539 0.334722 0.042322 0.143519 0.407190 1654.000000 1080.000000
0 1008 0.203144 0.333796 0.042322 0.143519 0.400510 1654.000000 1080.000000
0 1009 0.203748 0.332870 0.042322 0.143519 0.406550 1654.000000 1080.000000
0 1010 0.204353 0.331944 0.042322 0.143519 0.410890 1654.000000 1080.000000
0 1011 0.205562 0.331944 0.042322 0.143519 0.412510 1654.000000 1080.000000
0 1012 0.206167 0.331019 0.042322 0.143519 0.417120 1654.000000 1080.000000
0 1013 0.206771 0.330093 0.042322 0.143519 0.410980 1654.000000 1080.000000
0 1014 0.207376 0.329167 0.042322 0.143519 0.414950 1654.000000 1080.000000
0 1015 0.207981 0.328241 0.042322 0.143519 0.420640 1654.000000 1080.000000
0 1016 0.208585 0.327315 0.042322 0.143519 0.425060 1654.000000 1080.000000
0 1017 0.209190 0.326389 0.042322 0.143519 0.431380 1654.000000 1080.000000
0 1018 0.210399 0.326389 0.042322 0.143519 0.423080 1654.000000 1080.000000
0 1019 0.211004 0.325463 0.042322 0.143519 0.434990 1654.000000 1080.000000
0 1020 0.211608 0.324537 0.042322 0.143519 0.429040 1654.000000 1080.000000
0 1021 0.212213 0.323611 0.042322 0.143519 0.425330 1654.000000 1080.000000
0 1022 0.212817 0.322685 0.042322 0.143519 0.419830 1654.000000 1080.000000
0 1023 0.213422 0.321759 0.042322 0.143519 0.425060 1654.000000 1080.000000
0 1024 0.214027 0.320833 0.042322 0.143519 0.420010 1654.000000 1080.000000
0 1025 0.214631 0.319907 0.042322 0.143519 0.417570 1654.000000 1080.000000
0 1026 0.215840 0.319907 0.042322 0.143519 0.411790 1654.000000 1080.000000
0 1027 0.216445 0.318981 0.042322 0.143519 0.418740 1654.000000 1080.000000
0 1028 0.217050 0.318056 0.042322 0.143519 0.414590 1654.000000 1080.000000
0 1029 0.217654 0.317130 0.042322 0.143519 0.413510 1654.000000 1080.000000
0 1030 0.218259 0.316204 0.042322 0.143519 0.419280 1654.000000 1080.000000
0 1031 0.218863 0.315278 0.042322 0.143519 0.412780 1654.000000 1080.000000
0 1032 0.219468 0.314352 0.042322 0.143519 0.418200 1654.000000 1080.000000
0 1033 0.220677 0.314352 0.042322 0.143519 0.414410 1654.000000 1080.000000
0 1034 0.221282 0.312500 0.042322 0.143519 0.417390 1654.000000 1080.000000
0 1035 0.221886 0.311574 0.042322 0.143519 0.411160 1654.000000 1080.000000
0 1036 0.223096 0.310648 0.042322 0.143519 0.429400 1654.000000 1080.000000
0 1037 0.223700 0.309722 0.042322 0.143519 0.426870 1654.000000 1080.000000
0 1038 0.224909 0.308796 0.042322 0.143519 0.430390 1654.000000 1080.000000
0 1039 0.225514 0.307870 0.042322 0.143519 0.424430 1654.000000 1080.000000
0 1040 0.226723 0.306944 0.042322 0.143519 0.428400 1654.000000 1080.000000
0 1041 0.227328 0.306019 0.042322 0.143519 0.442040 1654.000000 1080.000000
0 1042 0.228537 0.305093 0.042322 0.143519 0.446640 1654.000000 1080.000000
0 1043 0.229141 0.304167 0.042322 0.143519 0.450880 1654.000000 1080.000000
0 1044 0.230351 0.303241 0.042322 0.143519 0.457200 1654.000000 1080.000000
0 1045 0.230955 0.301389 0.042322 0.143519 0.472370 1654.000000 1080.000000
0 1046 0.231560 0.300463 0.042322 0.143519 0.476800 1654.000000 1080.000000
0 1047 0.232769 0.299537 0.042322 0.143519 0.487900 1654.000000 1080.000000
0 1048 0.233374 0.298611 0.042322 0.143519 0.487900 1654.000000 1080.000000
0 1049 0.234583 0.297685 0.042322 0.143519 0.499190 1654.000000 1080.000000
0 1050 0.235187 0.296759 0.042322 0.143519 0.707480 1654.000000 1080.000000
0 1051 0.236397 0.295833 0.042322 0.143519 0.701070 1654.000000 1080.000000
0 1052 0.237001 0.294907 0.042322 0.143519 0.699800 1654.000000 1080.000000
0 1053 0.238210 0.293981 0.042322 0.143519 0.695740 1654.000000 1080.000000
0 1054 0.238815 0.293056 0.042322 0.143519 0.696820 1654.000000 1080.000000
0 1055 0.240024 0.292130 0.042322 0.143519 0.693390 1654.000000 1080.000000
0 1056 0.240629 0.290278 0.042322 0.143519 0.702510 1654.000000 1080.000000
0 1057 0.241233 0.288889 0.042322 0.142593 0.702590 1654.000000 1080.000000
0 1058 0.241838 0.287500 0.042322 0.141667 0.716570 1654.000000 1080.000000
0 1059 0.242443 0.285648 0.042322 0.141667 0.730020 1654.000000 1080.000000
0 1060 0.243047 0.284259 0.042322 0.140741 0.740770 1654.000000 1080.000000
0 1061 0.243652 0.283333 0.042322 0.140741 0.741600 1654.000000 1080.000000
0 1062 0.244256 0.281944 0.042322 0.139815 0.752690 1654.000000 1080.000000
0 1063 0.245163 0.280093 0.041717 0.139815 0.765410 1654.000000 1080.000000
0 1064 0.245768 0.278704 0.041717 0.138889 0.779470 1654.000000 1080.000000
0 1065 0.246372 0.277315 0.041717 0.137963 0.787430 1654.000000 1080.000000
0 1066 0.247279 0.276389 0.042322 0.137963 0.799530 1654.000000 1080.000000
0 1067 0.247884 0.274537 0.042322 0.137963 0.814080 1654.000000 1080.000000
0 1068 0.248489 0.273148 0.042322 0.137037 0.827110 1654.000000 1080.000000
0 1069 0.249093 0.271759 0.042322 0.136111 0.839930 1654.000000 1080.000000
0 1070 0.250000 0.269907 0.041717 0.136111 0.848650 1654.000000 1080.000000
0 1071 0.250605 0.268519 0.041717 0.135185 0.861030 1654.000000 1080.000000
0 1072 0.251209 0.267593 0.041717 0.135185 0.868800 1654.000000 1080.000000
0 1073 0.251814 0.266204 0.041717 0.134259 0.880720 1654.000000 1080.000000
0 1074 0.252418 0.264352 0.041717 0.134259 0.888060 1654.000000 1080.000000
0 1075 0.253023 0.262963 0.041717 0.133333 0.899510 1654.000000 1080.000000
0 1076 0.253628 0.261574 0.041717 0.132407 0.910710 1654.000000 1080.000000
0 1077 0.254837 0.260648 0.041717 0.132407 0.919050 1654.000000 1080.000000
0 1078 0.254837 0.258796 0.041717 0.132407 0.792860 1654.000000 1080.000000
0 1079 0.255441 0.257870 0.041717 0.132407 0.796330 1654.000000 1080.000000
0 1080 0.255441 0.256944 0.041717 0.132407 0.932640 1654.000000 1080.000000
0 1081 0.256046 0.256019 0.041717 0.132407 0.938290 1654.000000 1080.000000
0 1082 0.256348 0.255093 0.041112 0.132407 0.943140 1654.000000 1080.000000
0 1083 0.256651 0.254167 0.041717 0.132407 0.943650 1654.000000 1080.000000
0 1084 0.257255 0.253241 0.041717 0.132407 0.948410 1654.000000 1080.000000
0 1085 0.257557 0.251389 0.041112 0.132407 0.794380 1654.000000 1080.000000
0 1086 0.257860 0.250463 0.041717 0.132407 0.799500 1654.000000 1080.000000
0 1087 0.258162 0.249537 0.041112 0.132407 0.798510 1654.000000 1080.000000
0 1088 0.258767 0.248611 0.041112 0.132407 0.802030 1654.000000 1080.000000
0 1089 0.259069 0.247685 0.041717 0.132407 0.795540 1654.000000 1080.000000
0 1090 0.259371 0.246759 0.041112 0.132407 0.806560 1654.000000 1080.000000
0 1091 0.259674 0.245833 0.041717 0.132407 0.797120 1654.000000 1080.000000
0 1092 0.259976 0.243981 0.041112 0.132407 0.801030 1654.000000 1080.000000
0 1093 0.260580 0.243056 0.041112 0.132407 0.803640 1654.000000 1080.000000
0 1094 0.260883 0.242130 0.041717 0.132407 0.807240 1654.000000 1080.000000
0 1095 0.261185 0.241204 0.041112 0.132407 0.806760 1654.000000 1080.000000
0 1096 0.261790 0.240278 0.041112 0.132407 0.806760 1654.000000 1080.000000
0 1097 0.261790 0.239352 0.041112 0.132407 0.793880 1654.000000 1080.000000
0 1098 0.262394 0.238426 0.041112 0.132407 0.793880 1654.000000 1080.000000
0 1099 0.262999 0.237500 0.041112 0.132407 0.805250 1654.000000 1080.000000
0 1100 0.263603 0.236111 0.041112 0.131481 0.805410 1654.000000 1080.000000
0 1101 0.264208 0.235185 0.041112 0.131481 0.805410 1654.000000 1080.000000
0 1102 0.264813 0.234259 0.041112 0.131481 0.805410 1654.000000 1080.000000
0 1103 0.265417 0.232870 0.041112 0.130556 0.817110 1654.000000 1080.000000
0 1104 0.266022 0.232407 0.041112 0.129630 0.815810 1654.000000 1080.000000
0 1105 0.267231 0.231481 0.041112 0.129630 0.828960 1654.000000 1080.000000
0 1106 0.267836 0.230093 0.041112 0.128704 0.829090 1654.000000 1080.000000
0 1107 0.268440 0.229167 0.041112 0.128704 0.840990 1654.000000 1080.000000
0 1108 0.269045 0.228241 0.041112 0.128704 0.840990 1654.000000 1080.000000
0 1109 0.269649 0.227778 0.041112 0.127778 0.839850 1654.000000 1080.000000
0 1110 0.270254 0.226389 0.041112 0.126852 0.839950 1654.000000 1080.000000
0 1111 0.271463 0.225463 0.041112 0.126852 0.853290 1654.000000 1080.000000
0 1112 0.272068 0.224537 0.041112 0.126852 0.853290 1654.000000 1080.000000
0 1113 0.272672 0.223148 0.041112 0.125926 0.853380 1654.000000 1080.000000
0 1114 0.273277 0.222685 0.041112 0.125000 0.838870 1654.000000 1080.000000
0 1115 0.273881 0.221759 0.041112 0.125000 0.838870 1654.000000 1080.000000
0 1116 0.274486 0.220833 0.041112 0.125000 0.825450 1654.000000 1080.000000
0 1117 0.275695 0.219444 0.041112 0.124074 0.838970 1654.000000 1080.000000
0 1118 0.276300 0.218519 0.041112 0.124074 0.825550 1654.000000 1080.000000
0 1119 0.276904 0.218056 0.041112 0.123148 0.825650 1654.000000 1080.000000
0 1120 0.277509 0.216667 0.041112 0.122222 0.812360 1654.000000 1080.000000
0 1121 0.278114 0.215741 0.041112 0.122222 0.812360 1654.000000 1080.000000
0 1122 0.278718 0.214815 0.041112 0.122222 0.798950 1654.000000 1080.000000
0 1123 0.279927 0.214352 0.041112 0.121296 0.810940 1654.000000 1080.000000
0 1124 0.280532 0.213426 0.041112 0.121296 0.797430 1654.000000 1080.000000
0 1125 0.281439 0.213426 0.041717 0.121296 0.798700 1654.000000 1080.000000
0 1126 0.282346 0.212500 0.041112 0.121296 0.795780 1654.000000 1080.000000
0 1127 0.283253 0.212500 0.041717 0.121296 0.798700 1654.000000 1080.000000
0 1128 0.284160 0.211574 0.041112 0.121296 0.795780 1654.000000 1080.000000
0 1129 0.285067 0.211574 0.041717 0.121296 0.797080 1654.000000 1080.000000
0 1130 0.285671 0.210648 0.041717 0.121296 0.783550 1654.000000 1080.000000
0 1131 0.286880 0.210648 0.041717 0.121296 0.795450 1654.000000 1080.000000
0 1132 0.287485 0.209722 0.041717 0.121296 0.795450 1654.000000 1080.000000
0 1133 0.288694 0.209722 0.041717 0.121296 0.793830 1654.000000 1080.000000
0 1134 0.289299 0.208796 0.041717 0.121296 0.793830 1654.000000 1080.000000
0 1135 0.290206 0.208796 0.042322 0.121296 0.783180 1654.000000 1080.000000
0 1136 0.291112 0.207870 0.041717 0.121296 0.793830 1654.000000 1080.000000
0 1137 0.292019 0.207870 0.042322 0.121296 0.781480 1654.000000 1080.000000
0 1138 0.293229 0.207870 0.042322 0.121296 0.793530 1654.000000 1080.000000
0 1139 0.293833 0.206481 0.042322 0.122222 0.781430 1654.000000 1080.000000
0 1140 0.294438 0.205556 0.042322 0.122222 0.781430 1654.000000 1080.000000
0 1141 0.295042 0.205093 0.042322 0.123148 0.767710 1654.000000 1080.000000
0 1142 0.295647 0.204167 0.042322 0.123148 0.767710 1654.000000 1080.000000
0 1143 0.296252 0.203241 0.042322 0.125000 0.757660 1654.000000 1080.000000
0 1144 0.296856 0.202315 0.042322 0.125000 0.757660 1654.000000 1080.000000
0 1145 0.297763 0.201852 0.041717 0.125926 0.754120 1654.000000 1080.000000
0 1146 0.298368 0.200926 0.041717 0.125926 0.754120 1654.000000 1080.000000
0 1147 0.298972 0.200000 0.041717 0.127778 0.742240 1654.000000 1080.000000
0 1148 0.299577 0.199074 0.041717 0.127778 0.742240 1654.000000 1080.000000
0 1149 0.300181 0.198611 0.041717 0.128704 1.000000 1654.000000 1080.000000
0 1150 0.300786 0.197685 0.041717 0.128704 1.000000 1654.000000 1080.000000
0 1151 0.301693 0.197222 0.041112 0.129630 1.000000 1654.000000 1080.000000
0 1152 0.301995 0.195833 0.041717 0.128704 1.000000 1654.000000 1080.000000
0 1153 0.302600 0.194907 0.041717 0.128704 1.000000 1654.000000 1080.000000
0 1154 0.303204 0.193981 0.041717 0.128704 1.000000 1654.000000 1080.000000
0 1155 0.303809 0.192593 0.041717 0.127778 0.701540 1654.000000 1080.000000
0 1156 0.304414 0.191667 0.041717 0.127778 1.000000 1654.000000 1080.000000
0 1157 0.305018 0.190741 0.041717 0.127778 1.000000 1654.000000 1080.000000
0 1158 0.305623 0.189815 0.041717 0.125926 0.683420 1654.000000 1080.000000
0 1159 0.306227 0.188889 0.041717 0.125926 0.683420 1654.000000 1080.000000
0 1160 0.306832 0.187963 0.041717 0.125926 1.000000 1654.000000 1080.000000
0 1161 0.307134 0.186574 0.042322 0.125000 0.674400 1654.000000 1080.000000
0 1162 0.307739 0.185648 0.042322 0.125000 0.660830 1654.000000 1080.000000
0 1163 0.308343 0.184722 0.042322 0.125000 0.660830 1654.000000 1080.000000
0 1164 0.308948 0.183796 0.042322 0.123148 0.658400 1654.000000 1080.000000
0 1165 0.309553 0.182870 0.042322 0.123148 0.642000 1654.000000 1080.000000
0 1166 0.310157 0.181944 0.042322 0.123148 0.642000 1654.000000 1080.000000
0 1167 0.310762 0.180556 0.042322 0.122222 0.642060 1654.000000 1080.000000
0 1168 0.311366 0.179630 0.042322 0.122222 0.628300 1654.000000 1080.000000
0 1169 0.311971 0.178704 0.042322 0.122222 0.628300 1654.000000 1080.000000
0 1170 0.312576 0.178241 0.042322 0.121296 0.625480 1654.000000 1080.000000
0 1171 0.312576 0.176389 0.042322 0.121296 0.614600 1654.000000 1080.000000
0 1172 0.313180 0.175463 0.042322 0.121296 0.597740 1654.000000 1080.000000
0 1173 0.313785 0.173611 0.042322 0.121296 0.600830 1654.000000 1080.000000
0 1174 0.314389 0.172685 0.042322 0.121296 0.600830 1654.000000 1080.000000
0 1175 0.314994 0.171759 0.042322 0.121296 0.587070 1654.000000 1080.000000
0 1176 0.315599 0.169907 0.042322 0.121296 0.590270 1654.000000 1080.000000
0 1177 0.315599 0.168981 0.042322 0.121296 0.576610 1654.000000 1080.000000
0 1178 0.316203 0.168056 0.042322 0.121296 0.576610 1654.000000 1080.000000
0 1179 0.316808 0.166204 0.042322 0.121296 0.562950 1654.000000 1080.000000
0 1180 0.317412 0.165278 0.042322 0.121296 0.562950 1654.000000 1080.000000
0 1181 0.318017 0.163426 0.042322 0.121296 0.566370 1654.000000 1080.000000
0 1182 0.318622 0.162500 0.042322 0.121296 0.552820 1654.000000 1080.000000
0 1183 0.318622 0.161574 0.042322 0.121296 0.539270 1654.000000 1080.000000
0 1184 0.319226 0.159722 0.042322 0.121296 0.542890 1654.000000 1080.000000
0 1185 0.319831 0.158796 0.042322 0.121296 0.529450 1654.000000 1080.000000
0 1186 0.320435 0.157870 0.042322 0.121296 0.539270 1654.000000 1080.000000
0 1187 0.321040 0.156019 0.042322 0.121296 0.542890 1654.000000 1080.000000
0 1188 0.321644 0.155093 0.042322 0.121296 0.556340 1654.000000 1080.000000
0 1189 0.321644 0.153241 0.042322 0.121296 0.546520 1654.000000 1080.000000
0 1190 0.322249 0.152315 0.042322 0.121296 0.559860 1654.000000 1080.000000
0 1191 0.322854 0.151389 0.042322 0.121296 0.559860 1654.000000 1080.000000
0 1192 0.323458 0.149537 0.042322 0.121296 0.576610 1654.000000 1080.000000
0 1193 0.324063 0.148611 0.042322 0.121296 0.576610 1654.000000 1080.000000
0 1194 0.324667 0.147685 0.042322 0.121296 0.573200 1654.000000 1080.000000
0 1195 0.324970 0.145833 0.041717 0.121296 0.583980 1654.000000 1080.000000
0 1196 0.325272 0.144907 0.041112 0.121296 0.577950 1654.000000 1080.000000
0 1197 0.325574 0.143056 0.040508 0.121296 0.588900 1654.000000 1080.000000
0 1198 0.326179 0.142130 0.040508 0.121296 0.588900 1654.000000 1080.000000
0 1199 0.326481 0.140278 0.039903 0.121296 0.599950 1654.000000 1080.000000
0 1200 0.326784 0.139352 0.039299 0.121296 0.593890 1654.000000 1080.000000
0 1201 0.327690 0.138426 0.038694 0.121296 0.601860 1654.000000 1080.000000
0 1202 0.327388 0.137500 0.038089 0.121296 0.592330 1654.000000 1080.000000
0 1203 0.327690 0.136574 0.037485 0.121296 0.582490 1654.000000 1080.000000
0 1204 0.327993 0.135648 0.036880 0.121296 0.575760 1654.000000 1080.000000
0 1205 0.327993 0.135185 0.036880 0.122222 0.556880 1654.000000 1080.000000
0 1206 0.328295 0.134259 0.036276 0.122222 0.546040 1654.000000 1080.000000
0 1207 0.328597 0.133796 0.035671 0.121296 0.534970 1654.000000 1080.000000
0 1208 0.328900 0.132870 0.035067 0.121296 0.523370 1654.000000 1080.000000
0 1209 0.328900 0.132407 0.035067 0.122222 0.506820 1654.000000 1080.000000
0 1210 0.329202 0.131481 0.034462 0.122222 0.515040 1654.000000 1080.000000
0 1211 0.329504 0.130556 0.033857 0.122222 0.506530 1654.000000 1080.000000
0 1212 0.329807 0.130556 0.033253 0.122222 1.000000 1654.000000 1080.000000
0 1213 0.331318 0.128241 0.035067 0.123148 0.546670 1654.000000 1080.000000
0 1214 0.332830 0.126389 0.036880 0.125000 0.574950 1654.000000 1080.000000
0 1215 0.334341 0.124537 0.038694 0.126852 0.614720 1654.000000 1080.000000
0 1216 0.335852 0.122685 0.040508 0.128704 0.639810 1654.000000 1080.000000
0 1217 0.337666 0.121296 0.042926 0.129630 0.662230 1654.000000 1080.000000
0 1218 0.337969 0.120833 0.042322 0.128704 0.667810 1654.000000 1080.000000
0 1219 0.338573 0.120370 0.042322 0.127778 0.665420 1654.000000 1080.000000
0 1220 0.339178 0.119907 0.042322 0.126852 0.665650 1654.000000 1080.000000
0 1221 0.339782 0.119444 0.042322 0.125926 0.676160 1654.000000 1080.000000
0 1222 0.340387 0.119444 0.042322 0.125926 1.000000 1654.000000 1080.000000
0 1223 0.340992 0.118981 0.042322 0.125000 1.000000 1654.000000 1080.000000
0 1224 0.341898 0.118519 0.041717 0.124074 1.000000 1654.000000 1080.000000
0 1225 0.342503 0.118056 0.041717 0.123148 1.000000 1654.000000 1080.000000
0 1226 0.343108 0.118056 0.041717 0.123148 1.000000 1654.000000 1080.000000
0 1227 0.343712 0.117593 0.041717 0.122222 1.000000 1654.000000 1080.000000
0 1228 0.344317 0.117130 0.041717 0.121296 1.000000 1654.000000 1080.000000
0 1229 0.344921 0.116667 0.041717 0.120370 1.000000 1654.000000 1080.000000
0 1230 0.345828 0.116667 0.041112 0.120370 1.000000 1654.000000 1080.000000
0 1231 0.346433 0.114815 0.041112 0.120370 1.000000 1654.000000 1080.000000
0 1232 0.347037 0.112963 0.041112 0.120370 0.998560 1654.000000 1080.000000
0 1233 0.348247 0.111111 0.041112 0.120370 0.751410 1654.000000 1080.000000
0 1234 0.348247 0.109259 0.041112 0.120370 0.742670 1654.000000 1080.000000
0 1235 0.348549 0.108333 0.041717 0.120370 0.745800 1654.000000 1080.000000
0 1236 0.348549 0.107407 0.041717 0.120370 0.733040 1654.000000 1080.000000
0 1237 0.348851 0.106481 0.042322 0.120370 0.725190 1654.000000 1080.000000
0 1238 0.348851 0.105556 0.042322 0.120370 0.723580 1654.000000 1080.000000
0 1239 0.349154 0.104630 0.042926 0.120370 0.714800 1654.000000 1080.000000
0 1240 0.349758 0.102778 0.042926 0.120370 0.731130 1654.000000 1080.000000
0 1241 0.349758 0.101852 0.042926 0.120370 0.719250 1654.000000 1080.000000
0 1242 0.350060 0.100926 0.043531 0.120370 0.723940 1654.000000 1080.000000
0 1243 0.350060 0.100000 0.043531 0.120370 0.708980 1654.000000 1080.000000
0 1244 0.350363 0.099074 0.044135 0.120370 0.712920 1654.000000 1080.000000
0 1245 0.350363 0.098148 0.044135 0.120370 0.700430 1654.000000 1080.000000
0 1246 0.350967 0.096296 0.044135 0.120370 0.715290 1654.000000 1080.000000
0 1247 0.351270 0.095370 0.044740 0.120370 0.706870 1654.000000 1080.000000
0 1248 0.351270 0.094444 0.044740 0.120370 0.706870 1654.000000 1080.000000
0 1249 0.351572 0.093519 0.045345 0.120370 0.696160 1654.000000 1080.000000
0 1250 0.351572 0.092593 0.045345 0.120370 0.696160 1654.000000 1080.000000
0 1251 0.351874 0.091667 0.045949 0.120370 0.688110 1654.000000 1080.000000
0 1252 0.352479 0.090741 0.045949 0.120370 0.700110 1654.000000 1080.000000
0 1253 0.352479 0.088889 0.045949 0.120370 0.690690 1654.000000 1080.000000
0 1254 0.353083 0.087963 0.045949 0.120370 0.700110 1654.000000 1080.000000
0 1255 0.353688 0.086574 0.045949 0.119444 0.700300 1654.000000 1080.000000
0 1256 0.353688 0.085185 0.045949 0.120370 0.702590 1654.000000 1080.000000
0 1257 0.354293 0.083796 0.045949 0.119444 0.702800 1654.000000 1080.000000
0 1258 0.354897 0.082870 0.045949 0.119444 0.714690 1654.000000 1080.000000
0 1259 0.354897 0.081019 0.045949 0.119444 0.705290 1654.000000 1080.000000
0 1260 0.355502 0.080093 0.045949 0.119444 0.714690 1654.000000 1080.000000
0 1261 0.356106 0.078704 0.045949 0.118519 0.726770 1654.000000 1080.000000
0 1262 0.356106 0.077315 0.045949 0.119444 0.714690 1654.000000 1080.000000
0 1263 0.356711 0.075926 0.045949 0.118519 0.726770 1654.000000 1080.000000
0 1264 0.357316 0.075000 0.045949 0.118519 0.726770 1654.000000 1080.000000
0 1265 0.357316 0.073148 0.045949 0.118519 0.726770 1654.000000 1080.000000
0 1266 0.357920 0.072222 0.045949 0.118519 0.738650 1654.000000 1080.000000
0 1267 0.358525 0.070833 0.045949 0.117593 0.738840 1654.000000 1080.000000
0 1268 0.358525 0.069444 0.045949 0.118519 0.738650 1654.000000 1080.000000
0 1269 0.359129 0.068056 0.045949 0.117593 0.738840 1654.000000 1080.000000
0 1270 0.359734 0.067130 0.045949 0.117593 0.748580 1654.000000 1080.000000
0 1271 0.359734 0.065278 0.045949 0.117593 0.738840 1654.000000 1080.000000
0 1272 0.360339 0.064352 0.045949 0.117593 0.750710 1654.000000 1080.000000
0 1273 0.360943 0.062963 0.045949 0.116667 0.760710 1654.000000 1080.000000
0 1274 0.360943 0.061574 0.045949 0.117593 0.750710 1654.000000 1080.000000
0 1275 0.361548 0.060185 0.045949 0.116667 0.762760 1654.000000 1080.000000
0 1276 0.362152 0.059259 0.045949 0.116667 0.760710 1654.000000 1080.000000
0 1277 0.362152 0.058796 0.045949 0.115741 0.758810 1654.000000 1080.000000
0 1278 0.362757 0.058333 0.045949 0.114815 0.756880 1654.000000 1080.000000
0 1279 0.363362 0.057870 0.045949 0.113889 0.767180 1654.000000 1080.000000
0 1280 0.363966 0.057870 0.045949 0.113889 0.767180 1654.000000 1080.000000
0 1281 0.364571 0.057407 0.045949 0.112963 0.767290 1654.000000 1080.000000
0 1282 0.365175 0.056944 0.045949 0.112037 0.765380 1654.000000 1080.000000
0 1283 0.365780 0.056481 0.045949 0.111111 0.765480 1654.000000 1080.000000
0 1284 0.366385 0.056481 0.045949 0.111111 0.777830 1654.000000 1080.000000
0 1285 0.366385 0.056019 0.045949 0.110185 0.765580 1654.000000 1080.000000
0 1286 0.366989 0.055556 0.045949 0.109259 0.763610 1654.000000 1080.000000
0 1287 0.367594 0.055093 0.045949 0.108333 0.763700 1654.000000 1080.000000
0 1288 0.368198 0.055093 0.045949 0.108333 0.763700 1654.000000 1080.000000
0 1289 0.368803 0.054630 0.045949 0.107407 0.761680 1654.000000 1080.000000
0 1290 0.369407 0.054167 0.045949 0.106481 0.774290 1654.000000 1080.000000
0 1291 0.370012 0.053704 0.045949 0.105556 0.774360 1654.000000 1080.000000
0 1292 0.370617 0.053704 0.045949 0.105556 0.774360 1654.000000 1080.000000
0 1293 0.370617 0.053241 0.045949 0.104630 0.642860 1654.000000 1080.000000
0 1294 0.371221 0.052778 0.045949 0.103704 0.629930 1654.000000 1080.000000
0 1295 0.371826 0.052315 0.045949 0.102778 0.617000 1654.000000 1080.000000
0 1296 0.372430 0.052315 0.045949 0.102778 0.616650 1654.000000 1080.000000
0 1297 0.373035 0.051852 0.045949 0.101852 0.601610 1654.000000 1080.000000
0 1298 0.373640 0.051389 0.045949 0.100926 0.588670 1654.000000 1080.000000
0 1299 0.374244 0.050926 0.045949 0.100000 0.575720 1654.000000 1080.000000
0 1300 0.374849 0.050926 0.045949 0.100000 0.560590 1654.000000 1080.000000
0 1301 0.374849 0.050000 0.045949 0.098148 0.547760 1654.000000 1080.000000
0 1302 0.375151 0.049537 0.045345 0.097222 0.554870 1654.000000 1080.000000
0 1303 0.375453 0.049074 0.044740 0.096296 0.548950 1654.000000 1080.000000
0 1304 0.375453 0.048611 0.044740 0.095370 0.533330 1654.000000 1080.000000
0 1305 0.375756 0.048148 0.044135 0.094444 0.527030 1654.000000 1080.000000
0 1306 0.376058 0.047222 0.043531 0.092593 0.520550 1654.000000 1080.000000
0 1307 0.376360 0.046759 0.042926 0.091667 0.513890 1654.000000 1080.000000
0 1308 0.376360 0.046296 0.042926 0.090741 0.513890 1654.000000 1080.000000
0 1309 0.376663 0.045833 0.042322 0.089815 0.507040 1654.000000 1080.000000
0 1310 0.376965 0.045370 0.041717 0.088889 0.500000 1654.000000 1080.000000
0 1311 0.376965 0.044907 0.041717 0.087963 0.500000 1654.000000 1080.000000
0 1312 0.377267 0.043981 0.041112 0.086111 0.492750 1654.000000 1080.000000
0 1313 0.377570 0.043519 0.040508 0.085185 0.485290 1654.000000 1080.000000
0 1314 0.377872 0.043056 0.039903 0.084259 0.761190 1654.000000 1080.000000
0 1315 0.377872 0.042593 0.039903 0.083333 0.763820 1654.000000 1080.000000
0 1316 0.378174 0.042130 0.039299 0.082407 0.760270 1654.000000 1080.000000
0 1317 0.378476 0.041667 0.038694 0.081481 0.759380 1654.000000 1080.000000
0 1318 0.378779 0.040741 0.038089 0.079630 0.755750 1654.000000 1080.000000
0 1319 0.378779 0.040278 0.038089 0.078704 0.771080 1654.000000 1080.000000
0 1320 0.379081 0.039815 0.037485 0.077778 0.770310 1654.000000 1080.000000
0 1321 0.379383 0.039352 0.036880 0.076852 0.766710 1654.000000 1080.000000
0 1322 0.379383 0.038889 0.036880 0.075926 0.769720 1654.000000 1080.000000
0 1323 0.379686 0.038426 0.036276 0.075000 0.766090 1654.000000 1080.000000
0 1324 0.379988 0.037500 0.035671 0.073148 0.765620 1654.000000 1080.000000
0 1325 0.380290 0.037037 0.035067 0.072222 0.777730 1654.000000 1080.000000
0 1326 0.380290 0.036574 0.035067 0.071296 0.777920 1654.000000 1080.000000
0 1327 0.380593 0.036111 0.034462 0.070370 0.777430 1654.000000 1080.000000
0 1328 0.380895 0.035648 0.033857 0.069444 0.773780 1654.000000 1080.000000
0 1329 0.381197 0.035185 0.033253 0.068519 0.773330 1654.000000 1080.000000
0 1330 0.381802 0.034259 0.033253 0.066667 0.757830 1654.000000 1080.000000
0 1331 0.382406 0.033796 0.033253 0.065741 0.761900 1654.000000 1080.000000
0 1332 0.383011 0.032870 0.033253 0.063889 0.746940 1654.000000 1080.000000
0 1333 0.383615 0.032407 0.033253 0.062963 0.731630 1654.000000 1080.000000
0 1334 0.384220 0.031481 0.033253 0.061111 0.737210 1654.000000 1080.000000
0 1335 0.384825 0.031019 0.033253 0.060185 0.722400 1654.000000 1080.000000
0 1336 0.385429 0.030093 0.033253 0.058333 0.728790 1654.000000 1080.000000
0 1337 0.386034 0.029630 0.033253 0.057407 0.714570 1654.000000 1080.000000
0 1338 0.386638 0.029167 0.033253 0.056481 0.715440 1654.000000 1080.000000
0 1339 0.387243 0.028241 0.033253 0.054630 0.708330 1654.000000 1080.000000
0 1340 0.387848 0.027778 0.033253 0.053704 0.709440 1654.000000 1080.000000
0 1341 0.388452 0.026852 0.033253 0.051852 0.382520 1654.000000 1080.000000
0 1342 0.389057 0.026389 0.033253 0.050926 0.369900 1654.000000 1080.000000
0 1343 0.389661 0.025463 0.033253 0.049074 0.390870 1654.000000 1080.000000
0 1344 0.390266 0.025000 0.033253 0.048148 0.386460 1654.000000 1080.000000
0 1345 0.390871 0.024074 0.033253 0.046296 0.408260 1654.000000 1080.000000
0 1346 0.391475 0.023611 0.033253 0.045370 0.405710 1654.000000 1080.000000
0 1347 0.392684 0.023148 0.033253 0.044444 0.431120 1654.000000 1080.000000
0 1348 0.392684 0.022685 0.033253 0.043519 0.425220 1654.000000 1080.000000
0 1349 0.393289 0.022222 0.033253 0.042593 0.446050 1654.000000 1080.000000
0 1350 0.393289 0.021759 0.033253 0.041667 0.431290 1654.000000 1080.000000
0 1351 0.393894 0.021759 0.033253 0.041667 0.447200 1654.000000 1080.000000
0 1352 0.394498 0.021296 0.033253 0.040741 0.468650 1654.000000 1080.000000
0 1353 0.394498 0.020833 0.033253 0.039815 0.465100 1654.000000 1080.000000
0 1354 0.395103 0.020833 0.033253 0.039815 0.482950 1654.000000 1080.000000
0 1355 0.395707 0.020370 0.033253 0.038889 0.476330 1654.000000 1080.000000
0 1356 0.395707 0.019907 0.033253 0.037963 0.502550 1654.000000 1080.000000
0 1357 0.396312 0.019444 0.033253 0.037037 0.497390 1654.000000 1080.000000
0 1358 0.396917 0.019444 0.033253 0.037037 0.527000 1654.000000 1080.000000
0 1359 0.396917 0.018981 0.033253 0.036111 0.514730 1654.000000 1080.000000
0 1360 0.397521 0.018519 0.033253 0.035185 0.550820 1654.000000 1080.000000
0 1361 0.398126 0.018519 0.033253 0.035185 0.756410 1654.000000 1080.000000
0 1362 0.398126 0.018056 0.033253 0.034259 0.784300 1654.000000 1080.000000
0 1363 0.398730 0.017593 0.033253 0.033333 0.797300 1654.000000 1080.000000
0 1364 0.399335 0.017593 0.033253 0.033333 0.810810 1654.000000 1080.000000
0 1365 0.399335 0.017130 0.033253 0.032407 0.839290 1654.000000 1080.000000
0 1366 0.399940 0.016667 0.033253 0.031481 0.857140 1654.000000 1080.000000
0 1367 0.400544 0.016204 0.033253 0.030556 0.882350 1654.000000 1080.000000
0 1368 0.401149 0.015741 0.033253 0.029630 0.909090 1654.000000 1080.000000
0 1369 0.401753 0.015278 0.033253 0.028704 0.935270 1654.000000 1080.000000
0 1370 0.402358 0.014815 0.033253 0.027778 0.966590 1654.000000 1080.000000
0 1371 0.402358 0.014352 0.033253 0.026852 1.000000 1654.000000 1080.000000
0 1372 0.402963 0.013889 0.033253 0.025926 1.000000 1654.000000 1080.000000
0 1373 0.403567 0.013426 0.033253 0.025000 1.000000 1654.000000 1080.000000
0 1374 0.404172 0.012963 0.033253 0.024074 1.000000 1654.000000 1080.000000
0 1375 0.404776 0.012500 0.033253 0.023148 1.000000 1654.000000 1080.000000
0 1376 0.405381 0.012037 0.033253 0.022222 1.000000 1654.000000 1080.000000
0 1377 0.405381 0.011574 0.033253 0.021296 1.000000 1654.000000 1080.000000
0 1378 0.405985 0.011111 0.033253 0.020370 1.000000 1654.000000 1080.000000
0 1379 0.406590 0.010648 0.033253 0.019444 1.000000 1654.000000 1080.000000
0 1380 0.407195 0.010185 0.033253 0.018519 0.964290 1654.000000 1080.000000
0 1381 0.407799 0.009722 0.033253 0.017593 0.892860 1654.000000 1080.000000
0 1382 0.408404 0.009259 0.033253 0.016667 0.821430 1654.000000 1080.000000
