0 1217 0.985187 0.337037 0.028416 0.150000 0.238620 1654.000000 1080.000000
0 1218 0.984885 0.335185 0.029021 0.150000 0.258800 1654.000000 1080.000000
0 1219 0.984885 0.333333 0.029021 0.150000 0.263430 1654.000000 1080.000000
0 1220 0.984583 0.332407 0.029625 0.150000 0.278160 1654.000000 1080.000000
0 1221 0.984583 0.330556 0.029625 0.150000 0.282700 1654.000000 1080.000000
0 1222 0.984583 0.329630 0.029625 0.150000 1.000000 1654.000000 1080.000000
0 1223 0.984281 0.327778 0.030230 0.150000 1.000000 1654.000000 1080.000000
0 1224 0.984281 0.326852 0.030230 0.150000 1.000000 1654.000000 1080.000000
0 1225 0.983978 0.325000 0.030834 0.150000 1.000000 1654.000000 1080.000000
0 1226 0.983978 0.323148 0.030834 0.150000 1.000000 1654.000000 1080.000000
0 1227 0.983978 0.322222 0.030834 0.150000 1.000000 1654.000000 1080.000000
0 1228 0.983676 0.320370 0.031439 0.150000 1.000000 1654.000000 1080.000000
0 1229 0.983676 0.319444 0.031439 0.150000 1.000000 1654.000000 1080.000000
0 1230 0.983676 0.317593 0.031439 0.150000 1.000000 1654.000000 1080.000000
0 1231 0.983374 0.316667 0.032044 0.150000 1.000000 1654.000000 1080.000000
0 1232 0.983374 0.314815 0.032044 0.150000 1.000000 1654.000000 1080.000000
0 1233 0.983071 0.312963 0.032648 0.150000 1.000000 1654.000000 1080.000000
0 1234 0.983071 0.312037 0.032648 0.150000 1.000000 1654.000000 1080.000000
0 1235 0.983071 0.310185 0.032648 0.150000 1.000000 1654.000000 1080.000000
0 1236 0.982769 0.309259 0.033253 0.150000 1.000000 1654.000000 1080.000000
0 1237 0.982769 0.307407 0.033253 0.150000 1.000000 1654.000000 1080.000000
0 1238 0.982769 0.306481 0.033253 0.150000 1.000000 1654.000000 1080.000000
0 1239 0.982467 0.304630 0.033857 0.150000 1.000000 1654.000000 1080.000000
0 1240 0.982467 0.302778 0.033857 0.150000 1.000000 1654.000000 1080.000000
0 1241 0.982164 0.301852 0.034462 0.150000 1.000000 1654.000000 1080.000000
0 1242 0.982164 0.300000 0.034462 0.150000 1.000000 1654.000000 1080.000000
0 1243 0.982164 0.299074 0.034462 0.150000 1.000000 1654.000000 1080.000000
0 1244 0.981862 0.297222 0.035067 0.150000 1.000000 1654.000000 1080.000000
0 1245 0.981862 0.296296 0.035067 0.150000 1.000000 1654.000000 1080.000000
0 1246 0.981560 0.294444 0.035671 0.150000 1.000000 1654.000000 1080.000000
0 1247 0.981560 0.292593 0.035671 0.150000 1.000000 1654.000000 1080.000000
0 1248 0.981560 0.291667 0.035671 0.150000 1.000000 1654.000000 1080.000000
0 1249 0.981258 0.289815 0.036276 0.150000 1.000000 1654.000000 1080.000000
0 1250 0.981258 0.288889 0.036276 0.150000 1.000000 1654.000000 1080.000000
0 1251 0.981258 0.287037 0.036276 0.150000 1.000000 1654.000000 1080.000000
0 1252 0.980955 0.286111 0.036880 0.150000 1.000000 1654.000000 1080.000000
0 1253 0.980955 0.284259 0.036880 0.150000 1.000000 1654.000000 1080.000000
0 1254 0.980653 0.282407 0.037485 0.150000 1.000000 1654.000000 1080.000000
0 1255 0.980653 0.281481 0.037485 0.150000 1.000000 1654.000000 1080.000000
0 1256 0.980653 0.279630 0.037485 0.150000 1.000000 1654.000000 1080.000000
0 1257 0.980351 0.278704 0.038089 0.150000 1.000000 1654.000000 1080.000000
0 1258 0.980351 0.276852 0.038089 0.150000 1.000000 1654.000000 1080.000000
0 1259 0.980351 0.275926 0.038089 0.150000 1.000000 1654.000000 1080.000000
0 1260 0.980351 0.274074 0.038089 0.150000 1.000000 1654.000000 1080.000000
0 1261 0.980653 0.273148 0.037485 0.150000 1.000000 1654.000000 1080.000000
0 1262 0.980653 0.271296 0.037485 0.150000 1.000000 1654.000000 1080.000000
0 1263 0.980955 0.270370 0.036880 0.150000 1.000000 1654.000000 1080.000000
0 1264 0.980955 0.268519 0.036880 0.150000 1.000000 1654.000000 1080.000000
0 1265 0.981258 0.267593 0.036276 0.150000 1.000000 1654.000000 1080.000000
0 1266 0.981258 0.265741 0.036276 0.150000 1.000000 1654.000000 1080.000000
0 1267 0.981560 0.264815 0.035671 0.150000 1.000000 1654.000000 1080.000000
0 1268 0.981560 0.262963 0.035671 0.150000 1.000000 1654.000000 1080.000000
0 1269 0.981862 0.262037 0.035067 0.150000 1.000000 1654.000000 1080.000000
0 1270 0.981862 0.260185 0.035067 0.150000 1.000000 1654.000000 1080.000000
0 1271 0.982164 0.259259 0.034462 0.150000 1.000000 1654.000000 1080.000000
0 1272 0.982164 0.257407 0.034462 0.150000 1.000000 1654.000000 1080.000000
0 1273 0.982467 0.256481 0.033857 0.150000 1.000000 1654.000000 1080.000000
0 1274 0.982769 0.255556 0.033253 0.150000 1.000000 1654.000000 1080.000000
0 1275 0.982769 0.253704 0.033253 0.150000 1.000000 1654.000000 1080.000000
0 1276 0.983071 0.252778 0.032648 0.150000 1.000000 1654.000000 1080.000000
0 1277 0.983071 0.250926 0.032648 0.150000 1.000000 1654.000000 1080.000000
0 1278 0.983374 0.250000 0.032044 0.150000 1.000000 1654.000000 1080.000000
0 1279 0.983374 0.248148 0.032044 0.150000 1.000000 1654.000000 1080.000000
0 1280 0.983676 0.247222 0.031439 0.150000 1.000000 1654.000000 1080.000000
0 1281 0.983676 0.245370 0.031439 0.150000 1.000000 1654.000000 1080.000000
0 1282 0.983978 0.244444 0.030834 0.150000 1.000000 1654.000000 1080.000000
0 1283 0.983978 0.242593 0.030834 0.150000 1.000000 1654.000000 1080.000000
0 1284 0.984281 0.241667 0.030230 0.150000 1.000000 1654.000000 1080.000000
0 1285 0.984281 0.239815 0.030230 0.150000 1.000000 1654.000000 1080.000000
0 1286 0.984583 0.238889 0.029625 0.150000 1.000000 1654.000000 1080.000000
0 1287 0.984583 0.237037 0.029625 0.150000 1.000000 1654.000000 1080.000000
0 1288 0.984885 0.236111 0.029021 0.150000 1.000000 1654.000000 1080.000000
0 1289 0.985187 0.235185 0.028416 0.150000 1.000000 1654.000000 1080.000000
0 1290 0.985187 0.233796 0.028416 0.149074 1.000000 1654.000000 1080.000000
0 1291 0.985490 0.232870 0.027811 0.149074 1.000000 1654.000000 1080.000000
0 1292 0.985792 0.231944 0.027207 0.149074 1.000000 1654.000000 1080.000000
0 1293 0.986094 0.230556 0.026602 0.148148 1.000000 1654.000000 1080.000000
0 1294 0.986094 0.229630 0.026602 0.148148 1.000000 1654.000000 1080.000000
0 1295 0.986397 0.229167 0.025998 0.147222 1.000000 1654.000000 1080.000000
0 1296 0.986699 0.227778 0.025393 0.146296 1.000000 1654.000000 1080.000000
0 1297 0.987001 0.226852 0.024788 0.146296 1.000000 1654.000000 1080.000000
0 1298 0.987001 0.225926 0.024788 0.146296 1.000000 1654.000000 1080.000000
0 1299 0.987304 0.225000 0.024184 0.146296 1.000000 1654.000000 1080.000000
0 1300 0.987606 0.223611 0.023579 0.145370 1.000000 1654.000000 1080.000000
0 1301 0.987908 0.223148 0.022975 0.144444 1.000000 1654.000000 1080.000000
0 1302 0.987908 0.222222 0.022975 0.144444 1.000000 1654.000000 1080.000000
0 1303 0.988210 0.220833 0.022370 0.143519 1.000000 1654.000000 1080.000000
0 1304 0.988513 0.219907 0.021765 0.143519 1.000000 1654.000000 1080.000000
0 1305 0.988815 0.218981 0.021161 0.143519 1.000000 1654.000000 1080.000000
