0 1190 0.002116 0.103704 0.003023 0.135185 0.224490 1654.000000 1080.000000
0 1191 0.002418 0.102778 0.003628 0.135185 0.224490 1654.000000 1080.000000
0 1192 0.002721 0.101852 0.004232 0.135185 0.231290 1654.000000 1080.000000
0 1193 0.003325 0.101852 0.005441 0.135185 0.217690 1654.000000 1080.000000
0 1194 0.003628 0.100000 0.006046 0.135185 0.217690 1654.000000 1080.000000
0 1195 0.003930 0.099074 0.006651 0.135185 0.217690 1654.000000 1080.000000
0 1196 0.004232 0.097222 0.007255 0.135185 0.217690 1654.000000 1080.000000
0 1197 0.004837 0.096296 0.008464 0.135185 0.217690 1654.000000 1080.000000
0 1198 0.005139 0.094444 0.009069 0.135185 0.217690 1654.000000 1080.000000
0 1199 0.005441 0.093519 0.009674 0.135185 0.217690 1654.000000 1080.000000
0 1200 0.005744 0.091667 0.010278 0.135185 0.217690 1654.000000 1080.000000
0 1201 0.006348 0.090741 0.011487 0.135185 0.217690 1654.000000 1080.000000
0 1202 0.006651 0.088889 0.012092 0.133333 0.213790 1654.000000 1080.000000
0 1203 0.006953 0.087037 0.012696 0.131481 0.209790 1654.000000 1080.000000
0 1204 0.007557 0.085648 0.013906 0.130556 0.204230 1654.000000 1080.000000
0 1205 0.007860 0.083796 0.014510 0.128704 0.076857 1654.000000 1080.000000
0 1206 0.008162 0.081944 0.015115 0.126852 0.081104 1654.000000 1080.000000
0 1207 0.008767 0.080556 0.016324 0.125926 0.071168 1654.000000 1080.000000
0 1208 0.009069 0.078704 0.016929 0.124074 0.074585 1654.000000 1080.000000
0 1209 0.009674 0.077778 0.018138 0.122222 0.065244 1654.000000 1080.000000
0 1210 0.009976 0.075926 0.018742 0.120370 0.067987 1654.000000 1080.000000
0 1211 0.010278 0.074074 0.019347 0.118519 0.070237 1654.000000 1080.000000
0 1212 0.010883 0.072685 0.020556 0.117593 0.060268 1654.000000 1080.000000
0 1213 0.011185 0.070833 0.021161 0.115741 0.064374 1654.000000 1080.000000
0 1214 0.011487 0.068981 0.021765 0.113889 0.061683 1654.000000 1080.000000
0 1215 0.012092 0.067593 0.022975 0.112963 0.061288 1654.000000 1080.000000
0 1216 0.012394 0.065741 0.023579 0.111111 0.062190 1654.000000 1080.000000
0 1217 0.012999 0.064815 0.024788 0.109259 0.052621 1654.000000 1080.000000
0 1218 0.013301 0.063889 0.025393 0.109259 0.049052 1654.000000 1080.000000
0 1219 0.013906 0.062963 0.026602 0.109259 0.044818 1654.000000 1080.000000
0 1220 0.014208 0.062037 0.027207 0.109259 0.041651 1654.000000 1080.000000
0 1221 0.014813 0.061111 0.028416 0.109259 0.059874 1654.000000 1080.000000
0 1222 0.015115 0.060185 0.029021 0.109259 0.068256 1654.000000 1080.000000
0 1223 0.016022 0.059722 0.029625 0.108333 0.055424 1654.000000 1080.000000
0 1224 0.016929 0.058796 0.030230 0.108333 0.051346 1654.000000 1080.000000
0 1225 0.017836 0.057870 0.029625 0.108333 0.045424 1654.000000 1080.000000
0 1226 0.018742 0.056944 0.030230 0.108333 0.054835 1654.000000 1080.000000
0 1227 0.019649 0.056019 0.029625 0.108333 0.052881 1654.000000 1080.000000
0 1228 0.020556 0.055093 0.030230 0.108333 0.062978 1654.000000 1080.000000
0 1229 0.021765 0.054630 0.030230 0.107407 0.073069 1654.000000 1080.000000
0 1230 0.022370 0.054167 0.030230 0.106481 0.077079 1654.000000 1080.000000
0 1231 0.022975 0.053704 0.030230 0.105556 0.089514 1654.000000 1080.000000
0 1232 0.023579 0.053704 0.030230 0.105556 0.088491 1654.000000 1080.000000
0 1233 0.024184 0.053241 0.030230 0.104630 0.089267 1654.000000 1080.000000
0 1234 0.024788 0.053241 0.030230 0.104630 0.101480 1654.000000 1080.000000
0 1235 0.025393 0.052778 0.030230 0.103704 0.101160 1654.000000 1080.000000
0 1236 0.026602 0.052778 0.030230 0.103704 0.087975 1654.000000 1080.000000
0 1237 0.027207 0.052315 0.030230 0.102778 0.087710 1654.000000 1080.000000
0 1238 0.027811 0.052315 0.030230 0.102778 0.100840 1654.000000 1080.000000
0 1239 0.028416 0.051852 0.030230 0.101852 0.100510 1654.000000 1080.000000
0 1240 0.029021 0.051852 0.030230 0.101852 0.100510 1654.000000 1080.000000
0 1241 0.029625 0.051389 0.030230 0.100926 0.100180 1654.000000 1080.000000
0 1242 0.030834 0.051389 0.030230 0.100926 0.100180 1654.000000 1080.000000
0 1243 0.031439 0.050926 0.030230 0.100000 0.090664 1654.000000 1080.000000
0 1244 0.032648 0.050463 0.030230 0.099074 0.077342 1654.000000 1080.000000
0 1245 0.033857 0.050463 0.030230 0.099074 0.063544 1654.000000 1080.000000
0 1246 0.035067 0.050000 0.030230 0.098148 0.050577 1654.000000 1080.000000
0 1247 0.036276 0.050000 0.030230 0.098148 0.049844 1654.000000 1080.000000
0 1248 0.037183 0.049537 0.029625 0.097222 0.037925 1654.000000 1080.000000
0 1249 0.038392 0.049074 0.029625 0.096296 0.025143 1654.000000 1080.000000
0 1250 0.039601 0.049074 0.029625 0.096296 0.012381 1654.000000 1080.000000
0 1251 0.040810 0.048611 0.029625 0.095370 0.012115 1654.000000 1080.000000
0 1252 0.042019 0.048611 0.029625 0.095370 0.000000 1654.000000 1080.000000
0 1253 0.042624 0.048148 0.029625 0.094444 0.000000 1654.000000 1080.000000
0 1254 0.043833 0.048148 0.029625 0.094444 0.000000 1654.000000 1080.000000
0 1255 0.044438 0.048148 0.029625 0.094444 0.000000 1654.000000 1080.000000
0 1256 0.045647 0.048148 0.029625 0.094444 0.000000 1654.000000 1080.000000
0 1257 0.046554 0.048148 0.030230 0.094444 0.000000 1654.000000 1080.000000
0 1258 0.047461 0.048148 0.029625 0.094444 0.000000 1654.000000 1080.000000
0 1259 0.048670 0.048148 0.029625 0.094444 0.000000 1654.000000 1080.000000
0 1260 0.049577 0.047685 0.030230 0.093519 0.000000 1654.000000 1080.000000
0 1261 0.050484 0.047685 0.029625 0.093519 0.000000 1654.000000 1080.000000
0 1262 0.051391 0.047685 0.030230 0.093519 0.000000 1654.000000 1080.000000
0 1263 0.052600 0.047685 0.030230 0.093519 0.000000 1654.000000 1080.000000
0 1264 0.053204 0.047685 0.030230 0.093519 0.000000 1654.000000 1080.000000
0 1265 0.054414 0.047685 0.030230 0.093519 0.000000 1654.000000 1080.000000
0 1266 0.055623 0.047685 0.030230 0.093519 0.000000 1654.000000 1080.000000
0 1267 0.055623 0.046759 0.030230 0.091667 0.000000 1654.000000 1080.000000
0 1268 0.055623 0.045833 0.030230 0.089815 0.000000 1654.000000 1080.000000
0 1269 0.055623 0.044907 0.030230 0.087963 0.000000 1654.000000 1080.000000
0 1270 0.055623 0.044444 0.030230 0.087037 0.000000 1654.000000 1080.000000
0 1271 0.055623 0.043519 0.030230 0.085185 0.000000 1654.000000 1080.000000
0 1272 0.055623 0.042593 0.030230 0.083333 0.000000 1654.000000 1080.000000
0 1273 0.055925 0.042130 0.029625 0.082407 0.008667 1654.000000 1080.000000
0 1274 0.055925 0.041204 0.029625 0.080556 0.017273 1654.000000 1080.000000
0 1275 0.055925 0.040278 0.029625 0.078704 0.025116 1654.000000 1080.000000
0 1276 0.055925 0.039815 0.029625 0.077778 0.032941 1654.000000 1080.000000
0 1277 0.055925 0.038889 0.029625 0.075926 0.040964 1654.000000 1080.000000
0 1278 0.055925 0.037963 0.029625 0.074074 0.047407 1654.000000 1080.000000
0 1279 0.056530 0.037500 0.029625 0.073148 0.015500 1654.000000 1080.000000
0 1280 0.057134 0.036574 0.029625 0.071296 0.023077 1654.000000 1080.000000
0 1281 0.057739 0.036111 0.029625 0.070370 0.036364 1654.000000 1080.000000
0 1282 0.058948 0.035185 0.029625 0.068519 0.036000 1654.000000 1080.000000
0 1283 0.059553 0.034722 0.029625 0.067593 0.035135 1654.000000 1080.000000
0 1284 0.060157 0.033796 0.029625 0.065741 0.033333 1654.000000 1080.000000
0 1285 0.061366 0.033333 0.029625 0.064815 0.025915 1654.000000 1080.000000
0 1286 0.062273 0.032407 0.030230 0.062963 0.018755 1654.000000 1080.000000
0 1287 0.063482 0.031944 0.030230 0.062037 0.011534 1654.000000 1080.000000
0 1288 0.064692 0.031481 0.030230 0.061111 0.005560 1654.000000 1080.000000
0 1289 0.065901 0.030556 0.030230 0.059259 0.000000 1654.000000 1080.000000
0 1290 0.067110 0.030093 0.030230 0.058333 0.000000 1654.000000 1080.000000
0 1291 0.068319 0.029630 0.030230 0.057407 0.000000 1654.000000 1080.000000
0 1292 0.069528 0.029167 0.030230 0.056481 0.000000 1654.000000 1080.000000
0 1293 0.070738 0.028241 0.030230 0.054630 0.000000 1654.000000 1080.000000
0 1294 0.071947 0.027778 0.030230 0.053704 0.000000 1654.000000 1080.000000
0 1295 0.073156 0.027315 0.030230 0.052778 0.000000 1654.000000 1080.000000
0 1296 0.074365 0.026852 0.030230 0.051852 0.000000 1654.000000 1080.000000
0 1297 0.074667 0.025926 0.029625 0.050000 0.000000 1654.000000 1080.000000
0 1298 0.075574 0.025000 0.029021 0.048148 0.000000 1654.000000 1080.000000
0 1299 0.076179 0.024074 0.027811 0.046296 0.000000 1654.000000 1080.000000
0 1300 0.076784 0.023611 0.027811 0.045370 0.000000 1654.000000 1080.000000
0 1301 0.077388 0.022685 0.026602 0.043519 0.000000 1654.000000 1080.000000
0 1302 0.078295 0.021759 0.025998 0.041667 0.000000 1654.000000 1080.000000
0 1303 0.078900 0.020833 0.024788 0.039815 0.000000 1654.000000 1080.000000
0 1304 0.079504 0.020370 0.024788 0.038889 0.000000 1654.000000 1080.000000
0 1305 0.080109 0.019444 0.023579 0.037037 0.000000 1654.000000 1080.000000
0 1306 0.081016 0.018519 0.022975 0.035185 0.000000 1654.000000 1080.000000
0 1307 0.081923 0.018056 0.022370 0.034259 0.000000 1654.000000 1080.000000
0 1308 0.082225 0.017593 0.022975 0.033333 0.000000 1654.000000 1080.000000
0 1309 0.082527 0.017130 0.023579 0.032407 0.000000 1654.000000 1080.000000
0 1310 0.083132 0.017130 0.024788 0.032407 0.000000 1654.000000 1080.000000
0 1311 0.083434 0.016667 0.025393 0.031481 0.000000 1654.000000 1080.000000
0 1312 0.083736 0.016204 0.025998 0.030556 0.000000 1654.000000 1080.000000
0 1313 0.084341 0.016204 0.027207 0.030556 0.000000 1654.000000 1080.000000
0 1314 0.084643 0.015741 0.027811 0.029630 0.000000 1654.000000 1080.000000
